File Path	chrom://nnfcb-l0495/ChromeleonLocal/20180320_AA_Lars Nielsen samples Vienna_lbpet.seq/813.smp/Emission_2.channel/Emission_2.chm
Channel	Emission_2

Injection Information:
Data Vault	ChromeleonLocal
Injection	20180320_Lars Nielsen samples Vienna_dx20_BB2
Injection Number	27
Position	BB2
Comment	
Processing Method	20171024_Calculated with IS_lbpet
Instrument Method	20161104_AA_GeminiC18_FinalVer7
Type	Unknown
Status	Finished
Injection Date	21-03-2018
Injection Time	02:14:20
Injection Volume (µl)	56.500
Dilution Factor	1.0000
Weight	1.0000

Raw Data Information:
Time Min. (min)	0.007783
Time Max. (min)	30.005500
Data Points	2849
Detector	FLD
Exporting Data System	Chromeleon 7.1.2.1478
Operator	
Signal Quantity	
Signal Unit	counts
Signal Min.	-28,425.000000
Signal Max.	257,193,003.000000
Channel	Emission_2
Driver Name	FLD3000.dll
Channel Type	Evaluation
Min. Step (s)	0.010
Max. Step (s)	0.823
Average Step (s)	0.632

Signal Parameter Information:
Signal Info	266 nm /305 nm

Raw Data:
Time (min)	Step (s)	Value (counts)
0.007783	0.000	0.000000
0.021500	0.823	0.000000
0.032167	0.640	0.000000
0.042833	0.640	1,202.000000
0.053500	0.640	1,330.000000
0.064167	0.640	-279.000000
0.074833	0.640	-1,006.000000
0.085500	0.640	-918.000000
0.096167	0.640	-3,223.000000
0.106833	0.640	-7,130.000000
0.117500	0.640	-10,002.000000
0.128167	0.640	-11,283.000000
0.138833	0.640	-9,326.000000
0.149500	0.640	-3,935.000000
0.160167	0.640	446.000000
0.170833	0.640	1,171.000000
0.181500	0.640	425.000000
0.192167	0.640	349.000000
0.202833	0.640	672.000000
0.213500	0.640	432.000000
0.224167	0.640	-80.000000
0.234833	0.640	221.000000
0.245500	0.640	775.000000
0.256167	0.640	525.000000
0.266833	0.640	556.000000
0.277500	0.640	512.000000
0.288167	0.640	-2,011.000000
0.298833	0.640	-6,267.000000
0.309500	0.640	-9,838.000000
0.320167	0.640	-11,763.000000
0.330833	0.640	-12,344.000000
0.341500	0.640	-12,641.000000
0.352167	0.640	-11,414.000000
0.362833	0.640	-6,575.000000
0.373500	0.640	-1,402.000000
0.384167	0.640	-1,334.000000
0.394833	0.640	-6,441.000000
0.405500	0.640	-11,515.000000
0.416167	0.640	-11,879.000000
0.426833	0.640	-8,308.000000
0.437500	0.640	-5,637.000000
0.448167	0.640	-7,436.000000
0.458833	0.640	-12,460.000000
0.469500	0.640	-15,979.000000
0.480167	0.640	-13,528.000000
0.490833	0.640	-6,678.000000
0.501500	0.640	-3,367.000000
0.512167	0.640	-4,749.000000
0.522833	0.640	-4,713.000000
0.533500	0.640	-4,232.000000
0.544167	0.640	-7,044.000000
0.554833	0.640	-9,775.000000
0.565500	0.640	-9,428.000000
0.576167	0.640	-9,052.000000
0.586833	0.640	-11,066.000000
0.597500	0.640	-13,581.000000
0.608167	0.640	-13,096.000000
0.618833	0.640	-8,462.000000
0.629500	0.640	-3,668.000000
0.640167	0.640	-3,099.000000
0.650833	0.640	-5,919.000000
0.661500	0.640	-8,549.000000
0.672167	0.640	-8,249.000000
0.682833	0.640	-5,323.000000
0.693500	0.640	-3,406.000000
0.704167	0.640	-4,666.000000
0.714833	0.640	-7,446.000000
0.725500	0.640	-9,761.000000
0.736167	0.640	-12,486.000000
0.746833	0.640	-16,413.000000
0.757500	0.640	-17,453.000000
0.768167	0.640	-12,612.000000
0.778833	0.640	-7,748.000000
0.789500	0.640	-9,151.000000
0.800167	0.640	-11,980.000000
0.810833	0.640	-9,897.000000
0.821500	0.640	-6,833.000000
0.832167	0.640	-6,807.000000
0.842833	0.640	-6,928.000000
0.853500	0.640	-4,441.000000
0.864167	0.640	-1,377.000000
0.874833	0.640	-1,386.000000
0.885500	0.640	-3,840.000000
0.896167	0.640	-5,957.000000
0.906833	0.640	-6,099.000000
0.917500	0.640	-4,001.000000
0.928167	0.640	-3,109.000000
0.938833	0.640	-6,675.000000
0.949500	0.640	-12,458.000000
0.960167	0.640	-16,299.000000
0.970833	0.640	-16,359.000000
0.981500	0.640	-12,955.000000
0.992167	0.640	-9,966.000000
1.002833	0.640	-11,559.000000
1.013500	0.640	-13,406.000000
1.024167	0.640	-9,934.000000
1.034833	0.640	-6,103.000000
1.045500	0.640	-7,348.000000
1.056167	0.640	-10,294.000000
1.066833	0.640	-10,225.000000
1.077500	0.640	-7,028.000000
1.088167	0.640	-4,420.000000
1.098833	0.640	-5,961.000000
1.109500	0.640	-11,177.000000
1.120167	0.640	-14,536.000000
1.130833	0.640	-11,176.000000
1.141500	0.640	-5,927.000000
1.152167	0.640	-5,509.000000
1.162833	0.640	-7,287.000000
1.173500	0.640	-6,743.000000
1.184167	0.640	-4,388.000000
1.194833	0.640	-2,281.000000
1.205500	0.640	-1,163.000000
1.216167	0.640	-1,056.000000
1.226833	0.640	-1,784.000000
1.237500	0.640	-4,086.000000
1.248217	0.643	-9,039.000000
1.258833	0.637	-12,999.000000
1.269500	0.640	-10,469.000000
1.280167	0.640	-3,468.000000
1.290833	0.640	457.000000
1.301500	0.640	-757.000000
1.312167	0.640	-2,674.000000
1.322833	0.640	-4,845.000000
1.333500	0.640	-10,038.000000
1.344167	0.640	-14,679.000000
1.354833	0.640	-13,064.000000
1.365500	0.640	-6,350.000000
1.376167	0.640	-1,749.000000
1.386833	0.640	-4,542.000000
1.397500	0.640	-10,400.000000
1.408167	0.640	-9,874.000000
1.418833	0.640	-3,355.000000
1.429500	0.640	-2,577.000000
1.440167	0.640	-10,409.000000
1.450833	0.640	-14,957.000000
1.461500	0.640	-10,607.000000
1.472167	0.640	-4,813.000000
1.482833	0.640	-3,180.000000
1.493500	0.640	-3,742.000000
1.504167	0.640	-3,893.000000
1.514833	0.640	-3,460.000000
1.525500	0.640	-3,055.000000
1.536167	0.640	-3,424.000000
1.546833	0.640	-4,021.000000
1.557500	0.640	-3,747.000000
1.568167	0.640	-3,497.000000
1.578833	0.640	-5,732.000000
1.589500	0.640	-10,109.000000
1.600167	0.640	-11,330.000000
1.610833	0.640	-7,707.000000
1.621500	0.640	-5,162.000000
1.632167	0.640	-7,032.000000
1.642833	0.640	-9,422.000000
1.653500	0.640	-8,190.000000
1.664167	0.640	-5,130.000000
1.674833	0.640	-4,834.000000
1.685500	0.640	-6,977.000000
1.696167	0.640	-8,869.000000
1.706833	0.640	-12,045.000000
1.717500	0.640	-16,485.000000
1.728167	0.640	-16,945.000000
1.738833	0.640	-12,873.000000
1.749500	0.640	-9,605.000000
1.760167	0.640	-7,959.000000
1.770833	0.640	-5,886.000000
1.781500	0.640	-3,642.000000
1.792167	0.640	-1,147.000000
1.802833	0.640	-450.000000
1.813500	0.640	-3,478.000000
1.824167	0.640	-5,320.000000
1.834833	0.640	-2,478.000000
1.845500	0.640	1,651.000000
1.856167	0.640	4,165.000000
1.866833	0.640	2,958.000000
1.877500	0.640	-2,802.000000
1.888167	0.640	-6,660.000000
1.898833	0.640	-4,147.000000
1.909500	0.640	-2,141.000000
1.920167	0.640	-3,903.000000
1.930833	0.640	-2,906.000000
1.941500	0.640	193.000000
1.952167	0.640	-836.000000
1.962833	0.640	-3,819.000000
1.973500	0.640	-5,890.000000
1.984167	0.640	-7,525.000000
1.994833	0.640	-4,263.000000
2.005500	0.640	3,936.000000
2.016167	0.640	8,687.000000
2.026833	0.640	7,802.000000
2.037500	0.640	4,411.000000
2.048167	0.640	109.000000
2.058833	0.640	-1,456.000000
2.069500	0.640	2,302.000000
2.080167	0.640	6,589.000000
2.090833	0.640	5,526.000000
2.101500	0.640	858.000000
2.112167	0.640	-2,129.000000
2.122833	0.640	-1,778.000000
2.133500	0.640	665.000000
2.144167	0.640	3,771.000000
2.154833	0.640	6,294.000000
2.165500	0.640	6,566.000000
2.176167	0.640	3,315.000000
2.186833	0.640	-1,161.000000
2.197500	0.640	-2,569.000000
2.208167	0.640	-1,144.000000
2.218833	0.640	-1,537.000000
2.229500	0.640	-4,666.000000
2.240167	0.640	-5,352.000000
2.250833	0.640	-1,435.000000
2.261500	0.640	4,543.000000
2.272167	0.640	12,941.000000
2.282833	0.640	23,163.000000
2.293500	0.640	27,506.000000
2.304167	0.640	21,656.000000
2.314833	0.640	13,826.000000
2.325500	0.640	11,224.000000
2.336167	0.640	10,096.000000
2.346833	0.640	8,010.000000
2.357500	0.640	6,896.000000
2.368167	0.640	4,135.000000
2.378833	0.640	-2,211.000000
2.389500	0.640	-6,393.000000
2.400167	0.640	-3,527.000000
2.410833	0.640	924.000000
2.421500	0.640	-678.000000
2.432167	0.640	-4,646.000000
2.442833	0.640	-3,855.000000
2.453500	0.640	-1,574.000000
2.464167	0.640	-1,577.000000
2.474833	0.640	36.000000
2.485500	0.640	2,564.000000
2.496167	0.640	1,895.000000
2.506833	0.640	1,566.000000
2.517500	0.640	5,379.000000
2.528167	0.640	9,539.000000
2.538833	0.640	9,923.000000
2.549550	0.643	8,283.000000
2.560167	0.637	8,156.000000
2.570833	0.640	8,752.000000
2.581500	0.640	5,718.000000
2.592167	0.640	-582.000000
2.602833	0.640	-4,030.000000
2.613500	0.640	-3,153.000000
2.624167	0.640	-2,309.000000
2.634833	0.640	-3,993.000000
2.645500	0.640	-6,715.000000
2.656167	0.640	-7,186.000000
2.666833	0.640	-4,516.000000
2.677500	0.640	-1,627.000000
2.688167	0.640	-586.000000
2.698833	0.640	-1,412.000000
2.709500	0.640	-5,483.000000
2.720167	0.640	-12,485.000000
2.730833	0.640	-15,363.000000
2.741500	0.640	-8,195.000000
2.752167	0.640	2,032.000000
2.762833	0.640	3,334.000000
2.773500	0.640	-3,841.000000
2.784167	0.640	-9,644.000000
2.794833	0.640	-9,754.000000
2.805500	0.640	-7,062.000000
2.816167	0.640	-4,995.000000
2.826833	0.640	-3,771.000000
2.837500	0.640	-1,767.000000
2.848167	0.640	-872.000000
2.858833	0.640	-2,872.000000
2.869500	0.640	-3,502.000000
2.880167	0.640	-2,367.000000
2.890833	0.640	-5,134.000000
2.901500	0.640	-9,847.000000
2.912167	0.640	-9,943.000000
2.922833	0.640	-6,287.000000
2.933500	0.640	-3,912.000000
2.944167	0.640	-3,779.000000
2.954833	0.640	-2,475.000000
2.965500	0.640	1,684.000000
2.976167	0.640	5,522.000000
2.986833	0.640	5,161.000000
2.997500	0.640	1,024.000000
3.008167	0.640	-2,408.000000
3.018833	0.640	-2,804.000000
3.029500	0.640	-2,851.000000
3.040167	0.640	-4,219.000000
3.050833	0.640	-4,069.000000
3.061500	0.640	-203.000000
3.072167	0.640	5,221.000000
3.082833	0.640	9,213.000000
3.093500	0.640	10,420.000000
3.104167	0.640	7,726.000000
3.114833	0.640	1,883.000000
3.125500	0.640	-3,073.000000
3.136167	0.640	-3,810.000000
3.146833	0.640	-1,202.000000
3.157500	0.640	1,642.000000
3.168167	0.640	2,935.000000
3.178833	0.640	2,399.000000
3.189500	0.640	1,319.000000
3.200167	0.640	2,892.000000
3.210833	0.640	6,282.000000
3.221500	0.640	5,093.000000
3.232167	0.640	-1,524.000000
3.242833	0.640	-5,892.000000
3.253500	0.640	-4,496.000000
3.264167	0.640	-2,844.000000
3.274833	0.640	-3,894.000000
3.285500	0.640	-4,369.000000
3.296167	0.640	-4,644.000000
3.306833	0.640	-7,872.000000
3.317500	0.640	-12,129.000000
3.328167	0.640	-13,495.000000
3.338833	0.640	-11,769.000000
3.349500	0.640	-9,494.000000
3.360167	0.640	-7,719.000000
3.370833	0.640	-6,252.000000
3.381500	0.640	-5,722.000000
3.392167	0.640	-4,421.000000
3.402833	0.640	-601.000000
3.413500	0.640	2,429.000000
3.424167	0.640	1,474.000000
3.434833	0.640	-1,806.000000
3.445500	0.640	-4,563.000000
3.456167	0.640	-6,301.000000
3.466833	0.640	-6,611.000000
3.477500	0.640	-3,805.000000
3.488167	0.640	277.000000
3.498833	0.640	1,568.000000
3.509500	0.640	228.000000
3.520167	0.640	-2,594.000000
3.530833	0.640	-6,037.000000
3.541500	0.640	-7,407.000000
3.552167	0.640	-7,282.000000
3.562833	0.640	-7,813.000000
3.573500	0.640	-7,203.000000
3.584167	0.640	-4,021.000000
3.594833	0.640	530.000000
3.605500	0.640	4,970.000000
3.616167	0.640	5,496.000000
3.626833	0.640	323.000000
3.637500	0.640	-5,089.000000
3.648167	0.640	-7,524.000000
3.658833	0.640	-9,656.000000
3.669500	0.640	-10,820.000000
3.680167	0.640	-7,273.000000
3.690833	0.640	-1,647.000000
3.701500	0.640	-864.000000
3.712167	0.640	-5,079.000000
3.722833	0.640	-10,039.000000
3.733500	0.640	-13,391.000000
3.744167	0.640	-12,023.000000
3.754833	0.640	-5,930.000000
3.765500	0.640	-363.000000
3.776167	0.640	2,216.000000
3.786833	0.640	2,294.000000
3.797500	0.640	-328.000000
3.808167	0.640	-3,511.000000
3.818833	0.640	-4,054.000000
3.829500	0.640	-4,978.000000
3.840167	0.640	-10,461.000000
3.850833	0.640	-14,531.000000
3.861500	0.640	-11,059.000000
3.872167	0.640	-6,208.000000
3.882833	0.640	-7,235.000000
3.893500	0.640	-11,535.000000
3.904167	0.640	-12,344.000000
3.914833	0.640	-8,279.000000
3.925500	0.640	-4,881.000000
3.936167	0.640	-5,602.000000
3.946833	0.640	-6,729.000000
3.957500	0.640	-5,146.000000
3.968167	0.640	-2,682.000000
3.978833	0.640	-2,589.000000
3.989500	0.640	-6,466.000000
4.000167	0.640	-10,958.000000
4.010833	0.640	-10,928.000000
4.021500	0.640	-6,753.000000
4.032167	0.640	-3,499.000000
4.042833	0.640	-5,583.000000
4.053500	0.640	-10,982.000000
4.064167	0.640	-13,675.000000
4.074833	0.640	-12,832.000000
4.085500	0.640	-11,103.000000
4.096167	0.640	-10,883.000000
4.106833	0.640	-14,041.000000
4.117500	0.640	-16,961.000000
4.128167	0.640	-14,994.000000
4.138833	0.640	-10,983.000000
4.149500	0.640	-8,561.000000
4.160167	0.640	-6,913.000000
4.170833	0.640	-4,698.000000
4.181500	0.640	-1,716.000000
4.192167	0.640	-493.000000
4.202833	0.640	-2,312.000000
4.213500	0.640	-2,819.000000
4.224167	0.640	1,014.000000
4.234833	0.640	4,425.000000
4.245500	0.640	-140.000000
4.256167	0.640	-9,914.000000
4.266833	0.640	-14,050.000000
4.277500	0.640	-11,209.000000
4.288167	0.640	-8,850.000000
4.298833	0.640	-10,518.000000
4.309500	0.640	-13,413.000000
4.320167	0.640	-13,189.000000
4.330833	0.640	-10,005.000000
4.341500	0.640	-8,189.000000
4.352167	0.640	-8,516.000000
4.362833	0.640	-6,619.000000
4.373500	0.640	-1,846.000000
4.384167	0.640	-605.000000
4.394833	0.640	-5,382.000000
4.405500	0.640	-8,829.000000
4.416167	0.640	-6,286.000000
4.426833	0.640	-3,936.000000
4.437500	0.640	-6,567.000000
4.448167	0.640	-9,626.000000
4.458833	0.640	-8,649.000000
4.469500	0.640	-4,757.000000
4.480167	0.640	-1,100.000000
4.490833	0.640	-116.000000
4.501500	0.640	-1,083.000000
4.512167	0.640	-756.000000
4.522833	0.640	130.000000
4.533500	0.640	-2,997.000000
4.544167	0.640	-8,807.000000
4.554833	0.640	-11,127.000000
4.565500	0.640	-9,167.000000
4.576167	0.640	-6,573.000000
4.586833	0.640	-5,526.000000
4.597500	0.640	-6,870.000000
4.608167	0.640	-9,432.000000
4.618833	0.640	-9,989.000000
4.629500	0.640	-8,859.000000
4.640167	0.640	-9,204.000000
4.650833	0.640	-10,258.000000
4.661500	0.640	-9,110.000000
4.672167	0.640	-6,583.000000
4.682833	0.640	-5,799.000000
4.693500	0.640	-7,045.000000
4.704167	0.640	-8,396.000000
4.714833	0.640	-8,789.000000
4.725500	0.640	-7,714.000000
4.736167	0.640	-5,612.000000
4.746833	0.640	-3,685.000000
4.757500	0.640	-2,959.000000
4.768167	0.640	-3,403.000000
4.778833	0.640	-3,604.000000
4.789500	0.640	-4,802.000000
4.800167	0.640	-9,267.000000
4.810833	0.640	-14,343.000000
4.821500	0.640	-15,486.000000
4.832167	0.640	-12,584.000000
4.842833	0.640	-9,290.000000
4.853500	0.640	-7,811.000000
4.864167	0.640	-8,485.000000
4.874833	0.640	-11,284.000000
4.885500	0.640	-14,903.000000
4.896167	0.640	-16,899.000000
4.906833	0.640	-14,913.000000
4.917500	0.640	-11,034.000000
4.928167	0.640	-10,417.000000
4.938833	0.640	-11,067.000000
4.949500	0.640	-6,973.000000
4.960167	0.640	3,991.000000
4.970833	0.640	27,945.000000
4.981500	0.640	73,517.000000
4.992167	0.640	131,926.000000
5.002833	0.640	174,643.000000
5.013500	0.640	183,317.000000
5.024167	0.640	170,138.000000
5.034833	0.640	155,865.000000
5.045500	0.640	146,049.000000
5.056167	0.640	134,659.000000
5.066833	0.640	114,539.000000
5.077500	0.640	87,542.000000
5.088167	0.640	64,027.000000
5.098833	0.640	47,915.000000
5.109500	0.640	35,721.000000
5.120167	0.640	26,964.000000
5.130833	0.640	21,459.000000
5.141500	0.640	16,305.000000
5.152167	0.640	10,557.000000
5.162833	0.640	5,843.000000
5.173500	0.640	3,588.000000
5.184167	0.640	2,583.000000
5.194833	0.640	1,467.000000
5.205500	0.640	1,174.000000
5.216167	0.640	98.000000
5.226833	0.640	-3,679.000000
5.237500	0.640	-5,784.000000
5.248167	0.640	-2,903.000000
5.258833	0.640	31.000000
5.269500	0.640	-2,432.000000
5.280167	0.640	-8,733.000000
5.290833	0.640	-14,479.000000
5.301500	0.640	-16,219.000000
5.312167	0.640	-11,797.000000
5.322833	0.640	-6,785.000000
5.333500	0.640	-10,000.000000
5.344167	0.640	-17,156.000000
5.354833	0.640	-17,065.000000
5.365500	0.640	-11,308.000000
5.376167	0.640	-8,754.000000
5.386833	0.640	-8,319.000000
5.397500	0.640	-4,337.000000
5.408167	0.640	-524.000000
5.418833	0.640	-4,328.000000
5.429500	0.640	-11,775.000000
5.440167	0.640	-11,972.000000
5.450833	0.640	-5,397.000000
5.461500	0.640	-1,929.000000
5.472167	0.640	-3,992.000000
5.482833	0.640	-4,796.000000
5.493500	0.640	-1,919.000000
5.504167	0.640	-3,532.000000
5.514833	0.640	-14,859.000000
5.525500	0.640	-26,998.000000
5.536167	0.640	-28,425.000000
5.546833	0.640	-18,612.000000
5.557500	0.640	-6,574.000000
5.568167	0.640	-1,810.000000
5.578833	0.640	-5,526.000000
5.589500	0.640	-10,473.000000
5.600167	0.640	-9,693.000000
5.610833	0.640	-5,582.000000
5.621500	0.640	-6,677.000000
5.632167	0.640	-11,962.000000
5.642833	0.640	-12,051.000000
5.653500	0.640	-6,932.000000
5.664167	0.640	-4,722.000000
5.674833	0.640	-7,382.000000
5.685500	0.640	-11,307.000000
5.696167	0.640	-14,723.000000
5.706833	0.640	-15,770.000000
5.717500	0.640	-14,178.000000
5.728167	0.640	-14,315.000000
5.738833	0.640	-15,342.000000
5.749500	0.640	-11,620.000000
5.760167	0.640	-5,084.000000
5.770833	0.640	-2,591.000000
5.781500	0.640	-6,116.000000
5.792167	0.640	-11,041.000000
5.802833	0.640	-12,820.000000
5.813500	0.640	-12,247.000000
5.824167	0.640	-11,308.000000
5.834833	0.640	-10,537.000000
5.845500	0.640	-10,464.000000
5.856167	0.640	-12,903.000000
5.866833	0.640	-18,838.000000
5.877500	0.640	-23,030.000000
5.888167	0.640	-20,819.000000
5.898833	0.640	-15,561.000000
5.909500	0.640	-10,487.000000
5.920167	0.640	-7,390.000000
5.930833	0.640	-9,352.000000
5.941500	0.640	-12,923.000000
5.952167	0.640	-11,505.000000
5.962833	0.640	-6,736.000000
5.973500	0.640	-4,999.000000
5.984167	0.640	-7,850.000000
5.994833	0.640	-10,586.000000
6.005500	0.640	-9,260.000000
6.016167	0.640	-7,062.000000
6.026833	0.640	-8,456.000000
6.037500	0.640	-9,760.000000
6.048167	0.640	-6,859.000000
6.058833	0.640	-4,664.000000
6.069500	0.640	-6,630.000000
6.080167	0.640	-9,427.000000
6.090833	0.640	-12,214.000000
6.101500	0.640	-16,117.000000
6.112167	0.640	-19,469.000000
6.122833	0.640	-21,047.000000
6.133500	0.640	-20,013.000000
6.144167	0.640	-14,638.000000
6.154833	0.640	-7,007.000000
6.165500	0.640	-3,002.000000
6.176167	0.640	-4,951.000000
6.186833	0.640	-8,885.000000
6.197500	0.640	-11,383.000000
6.208167	0.640	-13,404.000000
6.218833	0.640	-14,912.000000
6.229500	0.640	-14,543.000000
6.240167	0.640	-13,418.000000
6.250833	0.640	-11,651.000000
6.261500	0.640	-8,942.000000
6.272167	0.640	-8,401.000000
6.282833	0.640	-9,524.000000
6.293500	0.640	-8,276.000000
6.304167	0.640	-5,161.000000
6.314833	0.640	-2,247.000000
6.325500	0.640	-1,329.000000
6.336167	0.640	-3,991.000000
6.346833	0.640	-8,782.000000
6.357500	0.640	-14,171.000000
6.368167	0.640	-18,569.000000
6.378833	0.640	-18,880.000000
6.389500	0.640	-16,003.000000
6.400167	0.640	-14,608.000000
6.410833	0.640	-15,832.000000
6.421500	0.640	-17,559.000000
6.432167	0.640	-19,052.000000
6.442833	0.640	-19,829.000000
6.453500	0.640	-18,331.000000
6.464167	0.640	-14,425.000000
6.474833	0.640	-10,885.000000
6.485500	0.640	-10,015.000000
6.496167	0.640	-9,337.000000
6.506833	0.640	-6,005.000000
6.517500	0.640	-2,729.000000
6.528167	0.640	-3,273.000000
6.538833	0.640	-5,287.000000
6.549500	0.640	-4,025.000000
6.560167	0.640	-3,498.000000
6.570833	0.640	-9,297.000000
6.581500	0.640	-13,180.000000
6.592167	0.640	-8,251.000000
6.602833	0.640	-4,467.000000
6.613500	0.640	-8,551.000000
6.624167	0.640	-13,369.000000
6.634833	0.640	-14,462.000000
6.645500	0.640	-13,331.000000
6.656167	0.640	-11,163.000000
6.666833	0.640	-11,124.000000
6.677500	0.640	-12,751.000000
6.688167	0.640	-8,668.000000
6.698833	0.640	-99.000000
6.709500	0.640	2,240.000000
6.720167	0.640	-2,346.000000
6.730833	0.640	-5,607.000000
6.741500	0.640	-5,330.000000
6.752167	0.640	-5,754.000000
6.762833	0.640	-9,597.000000
6.773500	0.640	-13,105.000000
6.784167	0.640	-12,146.000000
6.794833	0.640	-9,007.000000
6.805500	0.640	-6,693.000000
6.816167	0.640	-6,848.000000
6.826833	0.640	-9,034.000000
6.837500	0.640	-9,184.000000
6.848167	0.640	-8,699.000000
6.858833	0.640	-11,541.000000
6.869500	0.640	-13,828.000000
6.880167	0.640	-12,658.000000
6.890833	0.640	-11,759.000000
6.901500	0.640	-13,028.000000
6.912167	0.640	-14,243.000000
6.922833	0.640	-12,773.000000
6.933500	0.640	-7,230.000000
6.944167	0.640	1,053.000000
6.954833	0.640	6,185.000000
6.965500	0.640	3,167.000000
6.976167	0.640	-4,185.000000
6.986833	0.640	-9,531.000000
6.997500	0.640	-12,029.000000
7.008167	0.640	-11,512.000000
7.018833	0.640	-6,767.000000
7.029500	0.640	-287.000000
7.040167	0.640	2,418.000000
7.050833	0.640	-889.000000
7.061500	0.640	-5,791.000000
7.072167	0.640	-7,698.000000
7.082833	0.640	-7,377.000000
7.093500	0.640	-6,889.000000
7.104167	0.640	-7,228.000000
7.114833	0.640	-8,586.000000
7.125500	0.640	-9,432.000000
7.136167	0.640	-8,911.000000
7.146833	0.640	-9,093.000000
7.157500	0.640	-12,603.000000
7.168167	0.640	-17,700.000000
7.178833	0.640	-20,214.000000
7.189500	0.640	-20,802.000000
7.200167	0.640	-21,194.000000
7.210833	0.640	-19,285.000000
7.221500	0.640	-14,535.000000
7.232167	0.640	-9,040.000000
7.242833	0.640	-4,383.000000
7.253500	0.640	-3,058.000000
7.264167	0.640	-7,205.000000
7.274833	0.640	-12,674.000000
7.285500	0.640	-13,465.000000
7.296167	0.640	-12,439.000000
7.306833	0.640	-15,550.000000
7.317500	0.640	-20,273.000000
7.328167	0.640	-19,792.000000
7.338833	0.640	-13,108.000000
7.349500	0.640	-6,810.000000
7.360167	0.640	-6,748.000000
7.370833	0.640	-9,368.000000
7.381500	0.640	-8,452.000000
7.392167	0.640	-5,971.000000
7.402833	0.640	-7,072.000000
7.413500	0.640	-11,392.000000
7.424167	0.640	-15,512.000000
7.434833	0.640	-18,492.000000
7.445500	0.640	-20,198.000000
7.456167	0.640	-18,389.000000
7.466833	0.640	-14,246.000000
7.477500	0.640	-12,563.000000
7.488167	0.640	-11,191.000000
7.498833	0.640	-6,681.000000
7.509500	0.640	-5,360.000000
7.520167	0.640	-9,881.000000
7.530833	0.640	-11,619.000000
7.541500	0.640	-7,580.000000
7.552167	0.640	-5,438.000000
7.562833	0.640	-9,375.000000
7.573500	0.640	-13,378.000000
7.584167	0.640	-11,852.000000
7.594833	0.640	-10,718.000000
7.605500	0.640	-15,975.000000
7.616167	0.640	-21,446.000000
7.626833	0.640	-21,173.000000
7.637500	0.640	-17,759.000000
7.648167	0.640	-14,922.000000
7.658833	0.640	-13,062.000000
7.669500	0.640	-11,568.000000
7.680167	0.640	-11,774.000000
7.690833	0.640	-13,986.000000
7.701500	0.640	-15,407.000000
7.712167	0.640	-14,795.000000
7.722833	0.640	-13,065.000000
7.733500	0.640	-10,355.000000
7.744167	0.640	-8,885.000000
7.754833	0.640	-11,601.000000
7.765500	0.640	-15,783.000000
7.776167	0.640	-18,815.000000
7.786833	0.640	-21,550.000000
7.797500	0.640	-20,672.000000
7.808167	0.640	-13,012.000000
7.818833	0.640	-5,018.000000
7.829500	0.640	-5,383.000000
7.840167	0.640	-11,216.000000
7.850833	0.640	-13,703.000000
7.861500	0.640	-12,474.000000
7.872167	0.640	-11,805.000000
7.882833	0.640	-12,427.000000
7.893500	0.640	-12,799.000000
7.904167	0.640	-10,797.000000
7.914833	0.640	-6,089.000000
7.925500	0.640	-2,481.000000
7.936167	0.640	-3,587.000000
7.946833	0.640	-7,049.000000
7.957500	0.640	-7,955.000000
7.968167	0.640	-6,323.000000
7.978833	0.640	-6,300.000000
7.989500	0.640	-10,150.000000
8.000167	0.640	-15,040.000000
8.010833	0.640	-16,240.000000
8.021500	0.640	-13,270.000000
8.032167	0.640	-9,999.000000
8.042833	0.640	-11,099.000000
8.053500	0.640	-16,804.000000
8.064167	0.640	-20,611.000000
8.074833	0.640	-19,157.000000
8.085500	0.640	-16,053.000000
8.096167	0.640	-13,666.000000
8.106833	0.640	-12,778.000000
8.117500	0.640	-13,734.000000
8.128167	0.640	-14,005.000000
8.138833	0.640	-12,424.000000
8.149500	0.640	-11,339.000000
8.160167	0.640	-10,798.000000
8.170833	0.640	-9,033.000000
8.181500	0.640	-8,265.000000
8.192167	0.640	-10,023.000000
8.202833	0.640	-10,685.000000
8.213500	0.640	-9,707.000000
8.224167	0.640	-10,824.000000
8.234833	0.640	-12,150.000000
8.245500	0.640	-9,225.000000
8.256167	0.640	-6,127.000000
8.266833	0.640	-8,814.000000
8.277500	0.640	-14,233.000000
8.288167	0.640	-17,543.000000
8.298833	0.640	-18,890.000000
8.309500	0.640	-18,942.000000
8.320167	0.640	-16,759.000000
8.330833	0.640	-12,153.000000
8.341500	0.640	-8,551.000000
8.352167	0.640	-9,498.000000
8.362833	0.640	-11,847.000000
8.373500	0.640	-11,670.000000
8.384167	0.640	-11,123.000000
8.394833	0.640	-11,886.000000
8.405500	0.640	-12,309.000000
8.416167	0.640	-12,069.000000
8.426833	0.640	-11,545.000000
8.437500	0.640	-11,294.000000
8.448167	0.640	-12,441.000000
8.458833	0.640	-12,761.000000
8.469500	0.640	-10,020.000000
8.480167	0.640	-7,435.000000
8.490833	0.640	-8,955.000000
8.501500	0.640	-14,581.000000
8.512167	0.640	-19,344.000000
8.522833	0.640	-17,777.000000
8.533500	0.640	-13,107.000000
8.544167	0.640	-12,444.000000
8.554833	0.640	-14,692.000000
8.565500	0.640	-15,666.000000
8.576167	0.640	-16,300.000000
8.586833	0.640	-17,170.000000
8.597500	0.640	-16,328.000000
8.608167	0.640	-15,121.000000
8.618833	0.640	-15,747.000000
8.629500	0.640	-15,578.000000
8.640167	0.640	-12,273.000000
8.650833	0.640	-8,562.000000
8.661500	0.640	-6,861.000000
8.672167	0.640	-4,898.000000
8.682833	0.640	-1,217.000000
8.693500	0.640	1,298.000000
8.704167	0.640	853.000000
8.714833	0.640	-2,136.000000
8.725500	0.640	-7,300.000000
8.736167	0.640	-13,063.000000
8.746833	0.640	-15,976.000000
8.757500	0.640	-14,084.000000
8.768167	0.640	-12,450.000000
8.778833	0.640	-16,475.000000
8.789500	0.640	-20,122.000000
8.800167	0.640	-17,544.000000
8.810833	0.640	-15,958.000000
8.821500	0.640	-20,310.000000
8.832167	0.640	-23,110.000000
8.842833	0.640	-19,083.000000
8.853500	0.640	-14,052.000000
8.864167	0.640	-13,202.000000
8.874833	0.640	-13,727.000000
8.885500	0.640	-13,550.000000
8.896167	0.640	-13,251.000000
8.906833	0.640	-12,833.000000
8.917500	0.640	-13,061.000000
8.928167	0.640	-12,781.000000
8.938833	0.640	-11,178.000000
8.949500	0.640	-10,992.000000
8.960167	0.640	-13,167.000000
8.970833	0.640	-15,784.000000
8.981500	0.640	-16,249.000000
8.992167	0.640	-14,107.000000
9.002833	0.640	-13,583.000000
9.013500	0.640	-17,251.000000
9.024167	0.640	-21,725.000000
9.034833	0.640	-22,933.000000
9.045500	0.640	-18,983.000000
9.056167	0.640	-11,948.000000
9.066833	0.640	-9,246.000000
9.077500	0.640	-13,561.000000
9.088167	0.640	-17,532.000000
9.098833	0.640	-17,252.000000
9.109500	0.640	-17,127.000000
9.120167	0.640	-18,245.000000
9.130833	0.640	-16,721.000000
9.141500	0.640	-12,484.000000
9.152167	0.640	-9,245.000000
9.162833	0.640	-7,929.000000
9.173500	0.640	-7,129.000000
9.184167	0.640	-7,889.000000
9.194833	0.640	-11,641.000000
9.205500	0.640	-16,011.000000
9.216167	0.640	-17,827.000000
9.226833	0.640	-16,367.000000
9.237500	0.640	-12,879.000000
9.248167	0.640	-8,711.000000
9.258833	0.640	-3,462.000000
9.269500	0.640	358.000000
9.280167	0.640	-2,470.000000
9.290833	0.640	-7,332.000000
9.301500	0.640	-5,242.000000
9.312167	0.640	-2,548.000000
9.322833	0.640	-9,184.000000
9.333500	0.640	-16,649.000000
9.344167	0.640	-13,516.000000
9.354833	0.640	-6,723.000000
9.365500	0.640	-5,930.000000
9.376167	0.640	-6,344.000000
9.386833	0.640	-3,171.000000
9.397500	0.640	-936.000000
9.408167	0.640	-2,336.000000
9.418833	0.640	-3,768.000000
9.429500	0.640	-1,856.000000
9.440167	0.640	2,419.000000
9.450833	0.640	6,900.000000
9.461500	0.640	10,418.000000
9.472167	0.640	12,525.000000
9.482833	0.640	12,516.000000
9.493500	0.640	7,901.000000
9.504167	0.640	-99.000000
9.514833	0.640	-3,751.000000
9.525500	0.640	364.000000
9.536167	0.640	4,994.000000
9.546833	0.640	4,875.000000
9.557500	0.640	5,238.000000
9.568167	0.640	9,130.000000
9.578833	0.640	12,069.000000
9.589500	0.640	11,669.000000
9.600167	0.640	9,045.000000
9.610833	0.640	5,542.000000
9.621500	0.640	2,963.000000
9.632167	0.640	4,352.000000
9.642833	0.640	10,554.000000
9.653500	0.640	15,102.000000
9.664167	0.640	13,490.000000
9.674833	0.640	11,751.000000
9.685500	0.640	13,233.000000
9.696167	0.640	13,553.000000
9.706833	0.640	12,623.000000
9.717500	0.640	12,754.000000
9.728167	0.640	12,932.000000
9.738833	0.640	14,523.000000
9.749500	0.640	19,798.000000
9.760167	0.640	24,763.000000
9.770833	0.640	23,473.000000
9.781500	0.640	18,668.000000
9.792167	0.640	17,902.000000
9.802833	0.640	20,007.000000
9.813500	0.640	18,132.000000
9.824167	0.640	12,632.000000
9.834833	0.640	11,428.000000
9.845500	0.640	18,145.000000
9.856167	0.640	26,019.000000
9.866833	0.640	28,184.000000
9.877500	0.640	27,002.000000
9.888167	0.640	27,756.000000
9.898833	0.640	28,712.000000
9.909500	0.640	25,185.000000
9.920167	0.640	21,113.000000
9.930833	0.640	23,454.000000
9.941500	0.640	27,739.000000
9.952167	0.640	26,454.000000
9.962833	0.640	23,922.000000
9.973500	0.640	25,379.000000
9.984167	0.640	26,648.000000
9.994833	0.640	25,112.000000
10.005500	0.640	24,567.000000
10.016167	0.640	27,625.000000
10.026833	0.640	33,125.000000
10.037500	0.640	39,260.000000
10.048167	0.640	42,791.000000
10.058833	0.640	40,399.000000
10.069500	0.640	36,882.000000
10.080167	0.640	39,645.000000
10.090833	0.640	45,683.000000
10.101500	0.640	47,852.000000
10.112167	0.640	44,984.000000
10.122833	0.640	41,286.000000
10.133500	0.640	41,877.000000
10.144167	0.640	44,943.000000
10.154833	0.640	44,171.000000
10.165500	0.640	40,700.000000
10.176167	0.640	38,713.000000
10.186833	0.640	36,282.000000
10.197500	0.640	33,852.000000
10.208167	0.640	37,387.000000
10.218833	0.640	46,576.000000
10.229500	0.640	53,450.000000
10.240167	0.640	54,444.000000
10.250833	0.640	53,956.000000
10.261500	0.640	53,177.000000
10.272167	0.640	49,931.000000
10.282833	0.640	48,825.000000
10.293500	0.640	52,860.000000
10.304167	0.640	56,970.000000
10.314833	0.640	59,369.000000
10.325500	0.640	61,986.000000
10.336167	0.640	63,144.000000
10.346833	0.640	61,212.000000
10.357500	0.640	57,863.000000
10.368167	0.640	55,685.000000
10.378833	0.640	56,110.000000
10.389500	0.640	58,270.000000
10.400167	0.640	61,715.000000
10.410833	0.640	66,782.000000
10.421500	0.640	70,888.000000
10.432167	0.640	72,165.000000
10.442833	0.640	72,485.000000
10.453500	0.640	72,845.000000
10.464167	0.640	72,076.000000
10.474833	0.640	69,830.000000
10.485500	0.640	68,529.000000
10.496167	0.640	70,262.000000
10.506833	0.640	73,044.000000
10.517500	0.640	75,376.000000
10.528167	0.640	78,121.000000
10.538833	0.640	81,052.000000
10.549500	0.640	84,062.000000
10.560167	0.640	86,427.000000
10.570833	0.640	86,252.000000
10.581500	0.640	85,018.000000
10.592167	0.640	86,535.000000
10.602833	0.640	90,724.000000
10.613500	0.640	94,343.000000
10.624167	0.640	96,563.000000
10.634833	0.640	97,066.000000
10.645500	0.640	94,697.000000
10.656167	0.640	93,490.000000
10.666833	0.640	98,368.000000
10.677500	0.640	104,460.000000
10.688167	0.640	104,492.000000
10.698833	0.640	101,395.000000
10.709500	0.640	101,577.000000
10.720167	0.640	105,385.000000
10.730833	0.640	110,197.000000
10.741500	0.640	112,358.000000
10.752167	0.640	107,576.000000
10.762833	0.640	99,020.000000
10.773500	0.640	97,449.000000
10.784167	0.640	105,691.000000
10.794833	0.640	115,796.000000
10.805500	0.640	123,322.000000
10.816167	0.640	127,936.000000
10.826833	0.640	126,191.000000
10.837500	0.640	118,690.000000
10.848167	0.640	114,512.000000
10.858833	0.640	118,424.000000
10.869500	0.640	124,171.000000
10.880167	0.640	126,752.000000
10.890833	0.640	127,265.000000
10.901500	0.640	126,587.000000
10.912167	0.640	127,080.000000
10.922833	0.640	130,519.000000
10.933500	0.640	133,670.000000
10.944167	0.640	136,105.000000
10.954833	0.640	141,702.000000
10.965500	0.640	147,996.000000
10.976167	0.640	148,663.000000
10.986833	0.640	144,990.000000
10.997500	0.640	142,894.000000
11.008167	0.640	145,519.000000
11.018833	0.640	152,280.000000
11.029500	0.640	158,669.000000
11.040167	0.640	160,633.000000
11.050833	0.640	159,825.000000
11.061500	0.640	160,695.000000
11.072167	0.640	164,706.000000
11.082833	0.640	167,583.000000
11.093500	0.640	164,867.000000
11.104167	0.640	161,001.000000
11.114833	0.640	162,868.000000
11.125500	0.640	168,156.000000
11.136167	0.640	171,384.000000
11.146833	0.640	173,885.000000
11.157500	0.640	179,281.000000
11.168167	0.640	184,274.000000
11.178833	0.640	184,256.000000
11.189500	0.640	182,214.000000
11.200167	0.640	181,210.000000
11.210833	0.640	180,836.000000
11.221500	0.640	182,922.000000
11.232167	0.640	187,592.000000
11.242833	0.640	190,640.000000
11.253500	0.640	190,222.000000
11.264167	0.640	190,209.000000
11.274833	0.640	195,043.000000
11.285500	0.640	202,972.000000
11.296167	0.640	208,863.000000
11.306833	0.640	212,844.000000
11.317500	0.640	217,621.000000
11.328167	0.640	220,663.000000
11.338833	0.640	218,925.000000
11.349500	0.640	214,112.000000
11.360167	0.640	210,158.000000
11.370833	0.640	210,457.000000
11.381500	0.640	214,207.000000
11.392167	0.640	219,188.000000
11.402833	0.640	225,774.000000
11.413500	0.640	232,332.000000
11.424167	0.640	235,487.000000
11.434833	0.640	235,490.000000
11.445500	0.640	234,679.000000
11.456167	0.640	235,103.000000
11.466833	0.640	239,005.000000
11.477500	0.640	244,218.000000
11.488167	0.640	245,668.000000
11.498833	0.640	244,622.000000
11.509500	0.640	245,642.000000
11.520167	0.640	249,200.000000
11.530833	0.640	252,037.000000
11.541500	0.640	251,843.000000
11.552167	0.640	251,903.000000
11.562833	0.640	256,494.000000
11.573500	0.640	264,277.000000
11.584167	0.640	270,190.000000
11.594833	0.640	270,787.000000
11.605500	0.640	269,061.000000
11.616167	0.640	269,773.000000
11.626883	0.643	271,622.000000
11.637500	0.637	274,372.000000
11.648167	0.640	282,014.000000
11.658833	0.640	291,161.000000
11.669500	0.640	294,000.000000
11.680167	0.640	292,211.000000
11.690833	0.640	292,482.000000
11.701500	0.640	295,800.000000
11.712167	0.640	298,741.000000
11.722833	0.640	298,823.000000
11.733500	0.640	297,848.000000
11.744167	0.640	298,625.000000
11.754833	0.640	300,952.000000
11.765500	0.640	305,179.000000
11.776167	0.640	310,782.000000
11.786833	0.640	312,295.000000
11.797500	0.640	307,740.000000
11.808167	0.640	305,111.000000
11.818833	0.640	310,996.000000
11.829500	0.640	320,095.000000
11.840167	0.640	323,428.000000
11.850833	0.640	320,409.000000
11.861500	0.640	317,717.000000
11.872167	0.640	320,239.000000
11.882833	0.640	326,360.000000
11.893500	0.640	330,941.000000
11.904167	0.640	331,602.000000
11.914833	0.640	329,873.000000
11.925500	0.640	327,540.000000
11.936167	0.640	327,490.000000
11.946833	0.640	332,546.000000
11.957500	0.640	340,886.000000
11.968167	0.640	349,036.000000
11.978833	0.640	354,845.000000
11.989500	0.640	357,876.000000
12.000167	0.640	359,851.000000
12.010833	0.640	361,218.000000
12.021500	0.640	362,913.000000
12.032167	0.640	367,987.000000
12.042833	0.640	375,211.000000
12.053500	0.640	379,636.000000
12.064167	0.640	378,670.000000
12.074833	0.640	374,844.000000
12.085500	0.640	374,531.000000
12.096167	0.640	378,914.000000
12.106833	0.640	381,743.000000
12.117500	0.640	382,049.000000
12.128167	0.640	384,922.000000
12.138833	0.640	389,719.000000
12.149500	0.640	392,698.000000
12.160167	0.640	393,176.000000
12.170833	0.640	392,130.000000
12.181500	0.640	391,828.000000
12.192167	0.640	393,797.000000
12.202883	0.643	398,344.000000
12.213500	0.637	404,395.000000
12.224167	0.640	408,380.000000
12.234833	0.640	409,765.000000
12.245500	0.640	413,439.000000
12.256167	0.640	422,089.000000
12.266833	0.640	430,046.000000
12.277500	0.640	430,189.000000
12.288167	0.640	425,044.000000
12.298833	0.640	422,248.000000
12.309500	0.640	423,919.000000
12.320167	0.640	425,575.000000
12.330833	0.640	422,501.000000
12.341500	0.640	418,602.000000
12.352167	0.640	420,191.000000
12.362833	0.640	423,689.000000
12.373500	0.640	425,913.000000
12.384167	0.640	430,613.000000
12.394833	0.640	437,021.000000
12.405500	0.640	441,161.000000
12.416167	0.640	442,108.000000
12.426833	0.640	441,787.000000
12.437500	0.640	444,825.000000
12.448167	0.640	451,772.000000
12.458833	0.640	457,378.000000
12.469500	0.640	458,690.000000
12.480167	0.640	456,756.000000
12.490833	0.640	453,142.000000
12.501500	0.640	449,624.000000
12.512167	0.640	449,909.000000
12.522833	0.640	455,222.000000
12.533500	0.640	460,879.000000
12.544167	0.640	462,839.000000
12.554833	0.640	460,612.000000
12.565500	0.640	457,392.000000
12.576167	0.640	459,231.000000
12.586833	0.640	465,796.000000
12.597500	0.640	469,375.000000
12.608167	0.640	466,525.000000
12.618833	0.640	463,007.000000
12.629500	0.640	465,333.000000
12.640167	0.640	470,686.000000
12.650833	0.640	471,794.000000
12.661500	0.640	469,895.000000
12.672167	0.640	471,726.000000
12.682833	0.640	476,033.000000
12.693500	0.640	477,024.000000
12.704167	0.640	476,198.000000
12.714833	0.640	477,921.000000
12.725500	0.640	480,754.000000
12.736167	0.640	480,504.000000
12.746833	0.640	478,093.000000
12.757500	0.640	478,581.000000
12.768167	0.640	480,634.000000
12.778833	0.640	477,800.000000
12.789500	0.640	472,744.000000
12.800167	0.640	474,209.000000
12.810833	0.640	480,760.000000
12.821500	0.640	484,434.000000
12.832167	0.640	483,587.000000
12.842833	0.640	481,304.000000
12.853500	0.640	480,446.000000
12.864167	0.640	482,746.000000
12.874833	0.640	487,447.000000
12.885500	0.640	490,331.000000
12.896167	0.640	488,331.000000
12.906833	0.640	485,739.000000
12.917500	0.640	486,526.000000
12.928167	0.640	486,773.000000
12.938833	0.640	485,012.000000
12.949500	0.640	484,739.000000
12.960167	0.640	485,294.000000
12.970833	0.640	485,586.000000
12.981500	0.640	487,016.000000
12.992167	0.640	487,431.000000
13.002833	0.640	485,660.000000
13.013500	0.640	486,130.000000
13.024167	0.640	491,080.000000
13.034833	0.640	497,137.000000
13.045500	0.640	499,890.000000
13.056167	0.640	497,798.000000
13.066833	0.640	492,903.000000
13.077500	0.640	488,088.000000
13.088167	0.640	485,056.000000
13.098833	0.640	483,979.000000
13.109500	0.640	483,001.000000
13.120167	0.640	481,284.000000
13.130833	0.640	482,308.000000
13.141500	0.640	487,498.000000
13.152167	0.640	490,809.000000
13.162833	0.640	487,229.000000
13.173500	0.640	479,774.000000
13.184167	0.640	474,570.000000
13.194833	0.640	474,910.000000
13.205500	0.640	478,443.000000
13.216167	0.640	479,254.000000
13.226833	0.640	476,325.000000
13.237500	0.640	473,496.000000
13.248167	0.640	470,688.000000
13.258833	0.640	466,162.000000
13.269500	0.640	462,115.000000
13.280167	0.640	460,350.000000
13.290833	0.640	460,543.000000
13.301500	0.640	462,667.000000
13.312167	0.640	465,774.000000
13.322833	0.640	467,631.000000
13.333500	0.640	466,809.000000
13.344167	0.640	464,486.000000
13.354833	0.640	463,543.000000
13.365500	0.640	465,282.000000
13.376167	0.640	467,869.000000
13.386833	0.640	468,797.000000
13.397500	0.640	467,652.000000
13.408167	0.640	463,993.000000
13.418833	0.640	458,108.000000
13.429500	0.640	454,214.000000
13.440167	0.640	453,594.000000
13.450833	0.640	452,873.000000
13.461500	0.640	453,068.000000
13.472167	0.640	455,831.000000
13.482833	0.640	457,786.000000
13.493500	0.640	455,891.000000
13.504167	0.640	449,502.000000
13.514833	0.640	443,602.000000
13.525500	0.640	446,059.000000
13.536167	0.640	453,588.000000
13.546833	0.640	456,933.000000
13.557500	0.640	457,395.000000
13.568167	0.640	461,159.000000
13.578833	0.640	466,634.000000
13.589500	0.640	468,583.000000
13.600167	0.640	468,862.000000
13.610833	0.640	475,948.000000
13.621500	0.640	492,416.000000
13.632167	0.640	513,998.000000
13.642833	0.640	541,191.000000
13.653500	0.640	575,360.000000
13.664167	0.640	614,470.000000
13.674833	0.640	662,537.000000
13.685500	0.640	726,165.000000
13.696167	0.640	802,849.000000
13.706833	0.640	885,313.000000
13.717500	0.640	969,839.000000
13.728167	0.640	1,053,127.000000
13.738833	0.640	1,131,262.000000
13.749500	0.640	1,199,905.000000
13.760167	0.640	1,246,548.000000
13.770833	0.640	1,258,327.000000
13.781500	0.640	1,238,747.000000
13.792167	0.640	1,195,158.000000
13.802833	0.640	1,123,456.000000
13.813500	0.640	1,023,334.000000
13.824167	0.640	911,630.000000
13.834833	0.640	808,294.000000
13.845500	0.640	717,244.000000
13.856167	0.640	634,853.000000
13.866833	0.640	567,555.000000
13.877500	0.640	519,935.000000
13.888167	0.640	483,640.000000
13.898833	0.640	455,253.000000
13.909500	0.640	438,944.000000
13.920167	0.640	428,384.000000
13.930833	0.640	415,257.000000
13.941500	0.640	403,608.000000
13.952167	0.640	398,022.000000
13.962833	0.640	396,186.000000
13.973500	0.640	394,459.000000
13.984167	0.640	390,763.000000
13.994833	0.640	386,792.000000
14.005500	0.640	386,086.000000
14.016167	0.640	387,099.000000
14.026833	0.640	384,244.000000
14.037500	0.640	377,631.000000
14.048167	0.640	373,575.000000
14.058833	0.640	374,350.000000
14.069500	0.640	376,733.000000
14.080167	0.640	377,561.000000
14.090833	0.640	374,573.000000
14.101500	0.640	369,273.000000
14.112167	0.640	368,027.000000
14.122833	0.640	372,951.000000
14.133500	0.640	376,926.000000
14.144167	0.640	373,621.000000
14.154833	0.640	366,649.000000
14.165500	0.640	361,059.000000
14.176167	0.640	354,664.000000
14.186833	0.640	347,456.000000
14.197500	0.640	346,400.000000
14.208167	0.640	351,826.000000
14.218833	0.640	354,940.000000
14.229500	0.640	352,744.000000
14.240167	0.640	349,486.000000
14.250833	0.640	347,825.000000
14.261500	0.640	347,415.000000
14.272167	0.640	346,376.000000
14.282833	0.640	343,335.000000
14.293500	0.640	339,040.000000
14.304167	0.640	336,067.000000
14.314833	0.640	335,792.000000
14.325500	0.640	335,243.000000
14.336167	0.640	331,779.000000
14.346833	0.640	327,958.000000
14.357500	0.640	326,442.000000
14.368167	0.640	325,837.000000
14.378833	0.640	323,736.000000
14.389500	0.640	318,665.000000
14.400167	0.640	312,160.000000
14.410833	0.640	309,177.000000
14.421500	0.640	310,148.000000
14.432167	0.640	309,385.000000
14.442833	0.640	305,858.000000
14.453500	0.640	304,366.000000
14.464167	0.640	304,984.000000
14.474833	0.640	304,168.000000
14.485500	0.640	301,342.000000
14.496167	0.640	295,844.000000
14.506833	0.640	288,966.000000
14.517500	0.640	286,959.000000
14.528167	0.640	290,956.000000
14.538833	0.640	292,984.000000
14.549500	0.640	288,744.000000
14.560167	0.640	284,066.000000
14.570833	0.640	283,079.000000
14.581500	0.640	281,003.000000
14.592167	0.640	274,779.000000
14.602833	0.640	268,646.000000
14.613500	0.640	266,032.000000
14.624167	0.640	266,028.000000
14.634833	0.640	265,814.000000
14.645500	0.640	264,340.000000
14.656167	0.640	264,150.000000
14.666833	0.640	264,675.000000
14.677500	0.640	260,974.000000
14.688167	0.640	253,782.000000
14.698833	0.640	248,981.000000
14.709500	0.640	246,986.000000
14.720167	0.640	245,073.000000
14.730833	0.640	243,728.000000
14.741500	0.640	242,358.000000
14.752167	0.640	240,361.000000
14.762833	0.640	238,366.000000
14.773500	0.640	232,512.000000
14.784167	0.640	222,309.000000
14.794833	0.640	215,186.000000
14.805500	0.640	213,249.000000
14.816167	0.640	213,108.000000
14.826833	0.640	214,402.000000
14.837500	0.640	214,762.000000
14.848167	0.640	209,839.000000
14.858833	0.640	203,512.000000
14.869500	0.640	201,749.000000
14.880167	0.640	200,400.000000
14.890833	0.640	194,873.000000
14.901500	0.640	189,656.000000
14.912167	0.640	188,100.000000
14.922833	0.640	186,628.000000
14.933500	0.640	182,889.000000
14.944167	0.640	178,055.000000
14.954833	0.640	171,469.000000
14.965500	0.640	164,468.000000
14.976167	0.640	162,547.000000
14.986833	0.640	165,930.000000
14.997500	0.640	169,400.000000
15.008167	0.640	169,156.000000
15.018833	0.640	164,706.000000
15.029500	0.640	159,170.000000
15.040167	0.640	154,915.000000
15.050833	0.640	151,421.000000
15.061500	0.640	147,789.000000
15.072167	0.640	142,419.000000
15.082833	0.640	136,365.000000
15.093500	0.640	135,183.000000
15.104167	0.640	139,699.000000
15.114833	0.640	141,669.000000
15.125500	0.640	134,331.000000
15.136167	0.640	122,711.000000
15.146833	0.640	118,267.000000
15.157500	0.640	122,902.000000
15.168167	0.640	126,654.000000
15.178833	0.640	122,830.000000
15.189500	0.640	115,319.000000
15.200167	0.640	110,414.000000
15.210833	0.640	108,405.000000
15.221500	0.640	105,742.000000
15.232167	0.640	101,858.000000
15.242833	0.640	99,369.000000
15.253500	0.640	98,657.000000
15.264167	0.640	95,723.000000
15.274833	0.640	90,126.000000
15.285500	0.640	88,218.000000
15.296167	0.640	90,715.000000
15.306833	0.640	90,559.000000
15.317500	0.640	85,419.000000
15.328167	0.640	80,020.000000
15.338833	0.640	78,799.000000
15.349500	0.640	82,391.000000
15.360167	0.640	87,720.000000
15.370833	0.640	90,572.000000
15.381500	0.640	91,284.000000
15.392167	0.640	92,186.000000
15.402833	0.640	93,097.000000
15.413500	0.640	95,311.000000
15.424167	0.640	98,787.000000
15.434833	0.640	99,755.000000
15.445500	0.640	97,944.000000
15.456167	0.640	94,609.000000
15.466833	0.640	88,091.000000
15.477500	0.640	79,800.000000
15.488167	0.640	72,998.000000
15.498833	0.640	66,027.000000
15.509550	0.643	58,496.000000
15.520167	0.637	55,098.000000
15.530833	0.640	56,124.000000
15.541500	0.640	56,159.000000
15.552167	0.640	51,590.000000
15.562833	0.640	42,356.000000
15.573500	0.640	32,237.000000
15.584167	0.640	26,787.000000
15.594833	0.640	26,651.000000
15.605500	0.640	30,243.000000
15.616167	0.640	40,998.000000
15.626833	0.640	60,056.000000
15.637500	0.640	80,927.000000
15.648167	0.640	99,956.000000
15.658833	0.640	118,731.000000
15.669500	0.640	137,889.000000
15.680167	0.640	159,279.000000
15.690833	0.640	185,553.000000
15.701500	0.640	213,675.000000
15.712167	0.640	234,710.000000
15.722833	0.640	239,814.000000
15.733500	0.640	228,671.000000
15.744167	0.640	209,242.000000
15.754833	0.640	185,610.000000
15.765500	0.640	157,097.000000
15.776167	0.640	126,628.000000
15.786833	0.640	98,663.000000
15.797500	0.640	76,176.000000
15.808167	0.640	59,803.000000
15.818833	0.640	45,857.000000
15.829500	0.640	32,325.000000
15.840167	0.640	22,443.000000
15.850833	0.640	17,808.000000
15.861500	0.640	15,722.000000
15.872167	0.640	13,435.000000
15.882833	0.640	11,925.000000
15.893500	0.640	13,777.000000
15.904167	0.640	15,851.000000
15.914833	0.640	13,446.000000
15.925500	0.640	9,884.000000
15.936167	0.640	9,755.000000
15.946833	0.640	11,996.000000
15.957500	0.640	13,315.000000
15.968167	0.640	10,382.000000
15.978833	0.640	4,642.000000
15.989500	0.640	2,463.000000
16.000167	0.640	5,963.000000
16.010833	0.640	11,503.000000
16.021500	0.640	14,713.000000
16.032167	0.640	14,537.000000
16.042833	0.640	14,890.000000
16.053500	0.640	18,664.000000
16.064167	0.640	22,048.000000
16.074833	0.640	19,771.000000
16.085500	0.640	12,703.000000
16.096167	0.640	7,507.000000
16.106833	0.640	9,097.000000
16.117500	0.640	14,722.000000
16.128167	0.640	17,588.000000
16.138833	0.640	13,639.000000
16.149500	0.640	5,645.000000
16.160167	0.640	1,918.000000
16.170833	0.640	6,315.000000
16.181500	0.640	11,831.000000
16.192167	0.640	9,961.000000
16.202833	0.640	4,628.000000
16.213500	0.640	6,260.000000
16.224167	0.640	13,097.000000
16.234833	0.640	15,009.000000
16.245500	0.640	11,113.000000
16.256167	0.640	7,540.000000
16.266833	0.640	6,007.000000
16.277500	0.640	5,581.000000
16.288167	0.640	7,281.000000
16.298833	0.640	11,346.000000
16.309500	0.640	15,375.000000
16.320167	0.640	16,880.000000
16.330833	0.640	15,825.000000
16.341500	0.640	13,293.000000
16.352167	0.640	10,501.000000
16.362833	0.640	9,959.000000
16.373500	0.640	12,270.000000
16.384167	0.640	15,427.000000
16.394833	0.640	18,345.000000
16.405500	0.640	18,104.000000
16.416167	0.640	12,098.000000
16.426833	0.640	6,788.000000
16.437500	0.640	8,903.000000
16.448167	0.640	12,231.000000
16.458833	0.640	8,719.000000
16.469500	0.640	2,439.000000
16.480167	0.640	3,140.000000
16.490833	0.640	12,338.000000
16.501500	0.640	19,222.000000
16.512167	0.640	15,192.000000
16.522833	0.640	7,239.000000
16.533500	0.640	4,671.000000
16.544167	0.640	5,844.000000
16.554833	0.640	7,864.000000
16.565500	0.640	11,748.000000
16.576167	0.640	15,836.000000
16.586833	0.640	16,354.000000
16.597500	0.640	12,867.000000
16.608167	0.640	10,374.000000
16.618833	0.640	13,838.000000
16.629500	0.640	19,514.000000
16.640167	0.640	18,806.000000
16.650833	0.640	10,756.000000
16.661500	0.640	3,377.000000
16.672167	0.640	2,415.000000
16.682833	0.640	6,743.000000
16.693500	0.640	13,920.000000
16.704167	0.640	20,468.000000
16.714833	0.640	22,146.000000
16.725500	0.640	18,828.000000
16.736167	0.640	14,106.000000
16.746833	0.640	11,818.000000
16.757500	0.640	12,657.000000
16.768167	0.640	13,244.000000
16.778833	0.640	11,634.000000
16.789500	0.640	10,607.000000
16.800167	0.640	11,830.000000
16.810833	0.640	12,030.000000
16.821500	0.640	9,411.000000
16.832167	0.640	9,125.000000
16.842833	0.640	13,876.000000
16.853500	0.640	15,223.000000
16.864167	0.640	8,555.000000
16.874833	0.640	3,121.000000
16.885500	0.640	4,507.000000
16.896167	0.640	6,717.000000
16.906833	0.640	6,541.000000
16.917500	0.640	8,230.000000
16.928167	0.640	12,839.000000
16.938833	0.640	14,620.000000
16.949500	0.640	11,132.000000
16.960167	0.640	7,466.000000
16.970833	0.640	6,751.000000
16.981500	0.640	6,940.000000
16.992167	0.640	6,219.000000
17.002833	0.640	5,616.000000
17.013500	0.640	7,281.000000
17.024167	0.640	9,084.000000
17.034833	0.640	7,122.000000
17.045500	0.640	4,909.000000
17.056167	0.640	8,206.000000
17.066833	0.640	14,239.000000
17.077500	0.640	18,206.000000
17.088167	0.640	19,626.000000
17.098833	0.640	16,794.000000
17.109500	0.640	9,626.000000
17.120167	0.640	4,294.000000
17.130833	0.640	6,190.000000
17.141500	0.640	12,853.000000
17.152167	0.640	17,951.000000
17.162833	0.640	20,141.000000
17.173500	0.640	22,879.000000
17.184167	0.640	27,849.000000
17.194833	0.640	31,529.000000
17.205500	0.640	30,463.000000
17.216167	0.640	28,304.000000
17.226833	0.640	29,258.000000
17.237500	0.640	31,251.000000
17.248167	0.640	32,419.000000
17.258833	0.640	33,457.000000
17.269500	0.640	33,995.000000
17.280167	0.640	35,665.000000
17.290833	0.640	40,383.000000
17.301500	0.640	44,681.000000
17.312167	0.640	46,530.000000
17.322833	0.640	48,625.000000
17.333500	0.640	49,667.000000
17.344167	0.640	46,402.000000
17.354833	0.640	40,881.000000
17.365500	0.640	35,215.000000
17.376167	0.640	30,580.000000
17.386833	0.640	32,648.000000
17.397500	0.640	42,749.000000
17.408167	0.640	50,329.000000
17.418833	0.640	47,464.000000
17.429500	0.640	39,575.000000
17.440167	0.640	33,697.000000
17.450833	0.640	31,585.000000
17.461500	0.640	34,189.000000
17.472167	0.640	39,894.000000
17.482833	0.640	45,269.000000
17.493500	0.640	50,452.000000
17.504167	0.640	54,495.000000
17.514833	0.640	52,594.000000
17.525500	0.640	47,596.000000
17.536167	0.640	47,285.000000
17.546833	0.640	49,194.000000
17.557500	0.640	48,033.000000
17.568167	0.640	45,692.000000
17.578833	0.640	44,076.000000
17.589500	0.640	41,389.000000
17.600167	0.640	37,245.000000
17.610833	0.640	35,140.000000
17.621500	0.640	36,699.000000
17.632167	0.640	39,002.000000
17.642833	0.640	40,146.000000
17.653500	0.640	41,145.000000
17.664167	0.640	42,349.000000
17.674833	0.640	43,028.000000
17.685500	0.640	44,887.000000
17.696167	0.640	48,886.000000
17.706833	0.640	51,230.000000
17.717500	0.640	49,844.000000
17.728167	0.640	47,893.000000
17.738833	0.640	47,612.000000
17.749500	0.640	48,014.000000
17.760167	0.640	49,544.000000
17.770833	0.640	52,786.000000
17.781500	0.640	54,152.000000
17.792167	0.640	52,235.000000
17.802833	0.640	51,434.000000
17.813500	0.640	53,110.000000
17.824167	0.640	53,231.000000
17.834833	0.640	50,275.000000
17.845500	0.640	48,403.000000
17.856167	0.640	50,295.000000
17.866833	0.640	51,005.000000
17.877500	0.640	45,398.000000
17.888167	0.640	37,339.000000
17.898833	0.640	34,856.000000
17.909500	0.640	38,030.000000
17.920167	0.640	39,280.000000
17.930833	0.640	37,092.000000
17.941500	0.640	36,426.000000
17.952167	0.640	36,953.000000
17.962833	0.640	36,015.000000
17.973500	0.640	36,247.000000
17.984167	0.640	40,288.000000
17.994833	0.640	45,810.000000
18.005500	0.640	49,029.000000
18.016167	0.640	46,827.000000
18.026833	0.640	39,758.000000
18.037500	0.640	35,857.000000
18.048167	0.640	39,926.000000
18.058833	0.640	44,820.000000
18.069500	0.640	44,023.000000
18.080167	0.640	40,100.000000
18.090833	0.640	37,129.000000
18.101500	0.640	34,724.000000
18.112167	0.640	29,645.000000
18.122833	0.640	21,404.000000
18.133500	0.640	14,872.000000
18.144167	0.640	15,947.000000
18.154833	0.640	24,632.000000
18.165500	0.640	32,719.000000
18.176167	0.640	33,081.000000
18.186833	0.640	29,339.000000
18.197500	0.640	29,284.000000
18.208167	0.640	32,821.000000
18.218833	0.640	34,902.000000
18.229500	0.640	36,586.000000
18.240167	0.640	42,086.000000
18.250833	0.640	50,629.000000
18.261500	0.640	62,338.000000
18.272167	0.640	82,159.000000
18.282833	0.640	111,394.000000
18.293500	0.640	145,136.000000
18.304167	0.640	179,997.000000
18.314833	0.640	220,247.000000
18.325500	0.640	271,494.000000
18.336167	0.640	326,892.000000
18.346833	0.640	370,563.000000
18.357500	0.640	395,333.000000
18.368167	0.640	404,471.000000
18.378833	0.640	397,499.000000
18.389500	0.640	367,565.000000
18.400167	0.640	316,491.000000
18.410833	0.640	259,535.000000
18.421500	0.640	209,401.000000
18.432167	0.640	168,008.000000
18.442833	0.640	133,943.000000
18.453500	0.640	107,096.000000
18.464167	0.640	88,403.000000
18.474833	0.640	77,118.000000
18.485500	0.640	67,648.000000
18.496167	0.640	56,007.000000
18.506833	0.640	46,934.000000
18.517500	0.640	45,008.000000
18.528167	0.640	45,747.000000
18.538833	0.640	43,733.000000
18.549500	0.640	39,907.000000
18.560167	0.640	37,219.000000
18.570833	0.640	36,370.000000
18.581500	0.640	36,327.000000
18.592167	0.640	36,136.000000
18.602833	0.640	35,675.000000
18.613500	0.640	34,987.000000
18.624167	0.640	33,696.000000
18.634833	0.640	33,317.000000
18.645500	0.640	35,343.000000
18.656167	0.640	36,212.000000
18.666833	0.640	34,876.000000
18.677500	0.640	35,011.000000
18.688167	0.640	33,708.000000
18.698833	0.640	29,266.000000
18.709500	0.640	29,059.000000
18.720167	0.640	33,023.000000
18.730833	0.640	33,323.000000
18.741500	0.640	30,714.000000
18.752167	0.640	29,869.000000
18.762833	0.640	29,247.000000
18.773500	0.640	26,666.000000
18.784167	0.640	24,793.000000
18.794833	0.640	26,240.000000
18.805500	0.640	28,805.000000
18.816167	0.640	30,376.000000
18.826833	0.640	31,703.000000
18.837500	0.640	30,925.000000
18.848167	0.640	26,817.000000
18.858883	0.643	24,128.000000
18.869500	0.637	25,017.000000
18.880167	0.640	25,145.000000
18.890833	0.640	23,117.000000
18.901500	0.640	22,031.000000
18.912167	0.640	22,181.000000
18.922833	0.640	21,336.000000
18.933550	0.643	19,835.000000
18.944167	0.637	19,521.000000
18.954833	0.640	21,303.000000
18.965500	0.640	25,097.000000
18.976167	0.640	27,522.000000
18.986833	0.640	26,153.000000
18.997500	0.640	23,450.000000
19.008167	0.640	19,185.000000
19.018833	0.640	13,297.000000
19.029500	0.640	12,426.000000
19.040167	0.640	18,183.000000
19.050833	0.640	24,364.000000
19.061500	0.640	29,353.000000
19.072167	0.640	31,596.000000
19.082833	0.640	25,337.000000
19.093500	0.640	16,048.000000
19.104167	0.640	16,529.000000
19.114833	0.640	22,977.000000
19.125500	0.640	21,652.000000
19.136167	0.640	15,079.000000
19.146833	0.640	15,185.000000
19.157500	0.640	19,410.000000
19.168167	0.640	17,710.000000
19.178833	0.640	11,917.000000
19.189500	0.640	10,045.000000
19.200167	0.640	12,929.000000
19.210833	0.640	16,687.000000
19.221500	0.640	19,052.000000
19.232167	0.640	19,970.000000
19.242833	0.640	20,604.000000
19.253500	0.640	20,111.000000
19.264167	0.640	16,267.000000
19.274833	0.640	11,330.000000
19.285500	0.640	8,805.000000
19.296167	0.640	7,930.000000
19.306833	0.640	8,072.000000
19.317500	0.640	9,602.000000
19.328167	0.640	10,456.000000
19.338833	0.640	8,886.000000
19.349500	0.640	6,347.000000
19.360167	0.640	5,813.000000
19.370833	0.640	8,115.000000
19.381500	0.640	9,630.000000
19.392167	0.640	6,931.000000
19.402833	0.640	2,788.000000
19.413500	0.640	2,206.000000
19.424167	0.640	6,055.000000
19.434833	0.640	9,925.000000
19.445500	0.640	8,992.000000
19.456167	0.640	6,203.000000
19.466833	0.640	7,891.000000
19.477500	0.640	13,154.000000
19.488167	0.640	16,369.000000
19.498833	0.640	16,208.000000
19.509500	0.640	15,455.000000
19.520167	0.640	12,512.000000
19.530833	0.640	5,869.000000
19.541500	0.640	2,583.000000
19.552167	0.640	6,522.000000
19.562833	0.640	12,185.000000
19.573500	0.640	14,276.000000
19.584167	0.640	11,047.000000
19.594833	0.640	5,759.000000
19.605500	0.640	5,139.000000
19.616167	0.640	10,203.000000
19.626833	0.640	14,283.000000
19.637500	0.640	11,948.000000
19.648167	0.640	5,930.000000
19.658833	0.640	2,046.000000
19.669500	0.640	2,325.000000
19.680167	0.640	6,876.000000
19.690833	0.640	14,577.000000
19.701500	0.640	20,214.000000
19.712167	0.640	18,695.000000
19.722833	0.640	12,320.000000
19.733500	0.640	7,224.000000
19.744167	0.640	5,569.000000
19.754833	0.640	4,969.000000
19.765500	0.640	3,122.000000
19.776167	0.640	2,010.000000
19.786833	0.640	3,528.000000
19.797500	0.640	5,600.000000
19.808167	0.640	7,566.000000
19.818833	0.640	10,314.000000
19.829500	0.640	11,494.000000
19.840167	0.640	9,530.000000
19.850833	0.640	8,076.000000
19.861500	0.640	7,840.000000
19.872167	0.640	4,927.000000
19.882833	0.640	2,818.000000
19.893500	0.640	6,328.000000
19.904167	0.640	9,282.000000
19.914833	0.640	7,708.000000
19.925500	0.640	8,077.000000
19.936167	0.640	11,842.000000
19.946833	0.640	13,527.000000
19.957500	0.640	13,596.000000
19.968167	0.640	14,780.000000
19.978833	0.640	14,016.000000
19.989500	0.640	8,476.000000
20.000167	0.640	1,737.000000
20.010833	0.640	-412.000000
20.021500	0.640	3,718.000000
20.032167	0.640	11,480.000000
20.042833	0.640	18,045.000000
20.053500	0.640	19,674.000000
20.064167	0.640	17,864.000000
20.074833	0.640	15,366.000000
20.085500	0.640	12,012.000000
20.096167	0.640	8,875.000000
20.106833	0.640	6,730.000000
20.117500	0.640	3,819.000000
20.128167	0.640	1,080.000000
20.138833	0.640	980.000000
20.149500	0.640	3,081.000000
20.160167	0.640	3,957.000000
20.170833	0.640	1,459.000000
20.181500	0.640	-21.000000
20.192167	0.640	3,000.000000
20.202833	0.640	5,341.000000
20.213500	0.640	1,104.000000
20.224167	0.640	-6,714.000000
20.234833	0.640	-8,128.000000
20.245500	0.640	-963.000000
20.256167	0.640	4,636.000000
20.266833	0.640	3,760.000000
20.277500	0.640	2,008.000000
20.288167	0.640	497.000000
20.298833	0.640	-4,896.000000
20.309500	0.640	-8,708.000000
20.320167	0.640	-1,135.000000
20.330833	0.640	11,664.000000
20.341500	0.640	14,587.000000
20.352167	0.640	7,412.000000
20.362833	0.640	1,576.000000
20.373500	0.640	973.000000
20.384167	0.640	2,941.000000
20.394833	0.640	6,977.000000
20.405500	0.640	11,030.000000
20.416167	0.640	13,377.000000
20.426833	0.640	17,202.000000
20.437500	0.640	23,431.000000
20.448167	0.640	31,438.000000
20.458833	0.640	44,949.000000
20.469500	0.640	66,029.000000
20.480167	0.640	91,686.000000
20.490833	0.640	119,159.000000
20.501500	0.640	149,647.000000
20.512167	0.640	186,790.000000
20.522833	0.640	233,364.000000
20.533500	0.640	291,887.000000
20.544167	0.640	365,962.000000
20.554833	0.640	458,783.000000
20.565500	0.640	572,598.000000
20.576167	0.640	709,385.000000
20.586833	0.640	873,669.000000
20.597500	0.640	1,075,811.000000
20.608167	0.640	1,327,601.000000
20.618833	0.640	1,638,169.000000
20.629500	0.640	2,018,997.000000
20.640167	0.640	2,488,579.000000
20.650833	0.640	3,079,171.000000
20.661500	0.640	3,839,284.000000
20.672167	0.640	4,820,813.000000
20.682833	0.640	6,081,432.000000
20.693500	0.640	7,678,555.000000
20.704167	0.640	9,627,772.000000
20.714833	0.640	11,890,125.000000
20.725500	0.640	14,387,726.000000
20.736167	0.640	17,009,038.000000
20.746833	0.640	19,576,995.000000
20.757500	0.640	21,837,961.000000
20.768167	0.640	23,557,041.000000
20.778833	0.640	24,572,353.000000
20.789500	0.640	24,772,090.000000
20.800167	0.640	24,117,330.000000
20.810833	0.640	22,668,767.000000
20.821500	0.640	20,599,070.000000
20.832167	0.640	18,172,038.000000
20.842833	0.640	15,646,495.000000
20.853500	0.640	13,204,227.000000
20.864167	0.640	10,973,219.000000
20.874833	0.640	9,052,424.000000
20.885500	0.640	7,482,921.000000
20.896167	0.640	6,248,144.000000
20.906833	0.640	5,307,081.000000
20.917500	0.640	4,603,800.000000
20.928167	0.640	4,082,280.000000
20.938833	0.640	3,701,984.000000
20.949500	0.640	3,423,052.000000
20.960167	0.640	3,205,430.000000
20.970833	0.640	3,030,010.000000
20.981500	0.640	2,892,627.000000
20.992167	0.640	2,786,350.000000
21.002833	0.640	2,700,267.000000
21.013500	0.640	2,621,505.000000
21.024167	0.640	2,543,602.000000
21.034833	0.640	2,470,127.000000
21.045500	0.640	2,402,661.000000
21.056167	0.640	2,340,386.000000
21.066833	0.640	2,284,572.000000
21.077500	0.640	2,234,627.000000
21.088167	0.640	2,188,233.000000
21.098833	0.640	2,142,281.000000
21.109500	0.640	2,095,874.000000
21.120167	0.640	2,051,119.000000
21.130833	0.640	2,009,235.000000
21.141500	0.640	1,972,333.000000
21.152167	0.640	1,941,833.000000
21.162833	0.640	1,914,611.000000
21.173500	0.640	1,886,175.000000
21.184167	0.640	1,853,772.000000
21.194833	0.640	1,817,827.000000
21.205500	0.640	1,782,297.000000
21.216167	0.640	1,750,015.000000
21.226833	0.640	1,721,307.000000
21.237500	0.640	1,697,193.000000
21.248167	0.640	1,672,634.000000
21.258833	0.640	1,638,502.000000
21.269500	0.640	1,602,559.000000
21.280167	0.640	1,580,595.000000
21.290833	0.640	1,565,045.000000
21.301500	0.640	1,540,147.000000
21.312167	0.640	1,511,662.000000
21.322833	0.640	1,488,786.000000
21.333500	0.640	1,467,996.000000
21.344167	0.640	1,447,758.000000
21.354833	0.640	1,431,420.000000
21.365500	0.640	1,418,802.000000
21.376167	0.640	1,403,705.000000
21.386833	0.640	1,381,574.000000
21.397500	0.640	1,361,653.000000
21.408167	0.640	1,352,745.000000
21.418833	0.640	1,344,929.000000
21.429500	0.640	1,330,040.000000
21.440167	0.640	1,316,941.000000
21.450833	0.640	1,310,858.000000
21.461500	0.640	1,304,220.000000
21.472167	0.640	1,294,443.000000
21.482833	0.640	1,287,573.000000
21.493500	0.640	1,282,751.000000
21.504167	0.640	1,274,095.000000
21.514833	0.640	1,261,959.000000
21.525500	0.640	1,248,371.000000
21.536167	0.640	1,233,712.000000
21.546833	0.640	1,220,673.000000
21.557500	0.640	1,211,149.000000
21.568167	0.640	1,202,728.000000
21.578833	0.640	1,192,550.000000
21.589500	0.640	1,178,860.000000
21.600167	0.640	1,160,323.000000
21.610833	0.640	1,138,689.000000
21.621500	0.640	1,117,303.000000
21.632167	0.640	1,097,918.000000
21.642833	0.640	1,082,431.000000
21.653500	0.640	1,072,512.000000
21.664167	0.640	1,065,793.000000
21.674833	0.640	1,055,369.000000
21.685500	0.640	1,035,887.000000
21.696167	0.640	1,010,046.000000
21.706833	0.640	985,471.000000
21.717500	0.640	967,859.000000
21.728167	0.640	958,517.000000
21.738833	0.640	951,626.000000
21.749500	0.640	937,650.000000
21.760167	0.640	916,816.000000
21.770833	0.640	900,361.000000
21.781500	0.640	892,613.000000
21.792167	0.640	884,452.000000
21.802833	0.640	869,067.000000
21.813500	0.640	850,872.000000
21.824167	0.640	837,628.000000
21.834833	0.640	831,126.000000
21.845500	0.640	825,174.000000
21.856167	0.640	814,379.000000
21.866833	0.640	800,762.000000
21.877500	0.640	789,083.000000
21.888167	0.640	782,624.000000
21.898833	0.640	779,603.000000
21.909500	0.640	772,120.000000
21.920167	0.640	757,029.000000
21.930833	0.640	742,085.000000
21.941500	0.640	734,634.000000
21.952167	0.640	734,283.000000
21.962833	0.640	736,108.000000
21.973500	0.640	732,663.000000
21.984167	0.640	721,993.000000
21.994833	0.640	713,142.000000
22.005500	0.640	711,849.000000
22.016167	0.640	710,224.000000
22.026833	0.640	701,083.000000
22.037550	0.643	689,439.000000
22.048167	0.637	682,038.000000
22.058833	0.640	679,559.000000
22.069500	0.640	678,536.000000
22.080167	0.640	673,394.000000
22.090833	0.640	664,176.000000
22.101500	0.640	656,466.000000
22.112167	0.640	650,871.000000
22.122833	0.640	644,154.000000
22.133500	0.640	636,170.000000
22.144167	0.640	629,222.000000
22.154833	0.640	625,805.000000
22.165500	0.640	624,945.000000
22.176167	0.640	621,353.000000
22.186833	0.640	614,305.000000
22.197500	0.640	609,319.000000
22.208167	0.640	608,839.000000
22.218833	0.640	608,520.000000
22.229500	0.640	602,242.000000
22.240167	0.640	590,341.000000
22.250833	0.640	580,963.000000
22.261500	0.640	578,877.000000
22.272167	0.640	577,768.000000
22.282833	0.640	571,352.000000
22.293500	0.640	563,027.000000
22.304167	0.640	557,378.000000
22.314833	0.640	553,791.000000
22.325500	0.640	550,595.000000
22.336167	0.640	547,286.000000
22.346833	0.640	544,533.000000
22.357500	0.640	543,389.000000
22.368167	0.640	542,306.000000
22.378833	0.640	537,997.000000
22.389500	0.640	530,474.000000
22.400167	0.640	524,124.000000
22.410833	0.640	522,425.000000
22.421500	0.640	524,740.000000
22.432167	0.640	527,503.000000
22.442833	0.640	526,095.000000
22.453500	0.640	519,798.000000
22.464167	0.640	512,016.000000
22.474833	0.640	504,547.000000
22.485500	0.640	498,532.000000
22.496167	0.640	496,190.000000
22.506833	0.640	499,243.000000
22.517500	0.640	505,484.000000
22.528167	0.640	506,821.000000
22.538833	0.640	500,705.000000
22.549500	0.640	494,975.000000
22.560167	0.640	494,803.000000
22.570833	0.640	497,793.000000
22.581500	0.640	499,398.000000
22.592167	0.640	497,563.000000
22.602833	0.640	492,462.000000
22.613500	0.640	484,448.000000
22.624167	0.640	476,264.000000
22.634833	0.640	471,417.000000
22.645500	0.640	469,245.000000
22.656167	0.640	466,292.000000
22.666833	0.640	462,542.000000
22.677500	0.640	462,190.000000
22.688167	0.640	465,096.000000
22.698833	0.640	464,912.000000
22.709500	0.640	460,235.000000
22.720167	0.640	458,368.000000
22.730833	0.640	461,965.000000
22.741500	0.640	464,004.000000
22.752167	0.640	461,425.000000
22.762833	0.640	457,585.000000
22.773500	0.640	453,863.000000
22.784167	0.640	451,333.000000
22.794833	0.640	451,945.000000
22.805500	0.640	454,864.000000
22.816167	0.640	457,709.000000
22.826833	0.640	458,789.000000
22.837500	0.640	456,595.000000
22.848167	0.640	451,819.000000
22.858833	0.640	448,499.000000
22.869500	0.640	449,144.000000
22.880167	0.640	450,833.000000
22.890833	0.640	449,909.000000
22.901500	0.640	447,742.000000
22.912167	0.640	445,358.000000
22.922833	0.640	440,806.000000
22.933500	0.640	437,408.000000
22.944167	0.640	440,288.000000
22.954833	0.640	447,281.000000
22.965500	0.640	452,662.000000
22.976167	0.640	452,750.000000
22.986833	0.640	450,200.000000
22.997550	0.643	450,780.000000
23.008167	0.637	453,501.000000
23.018833	0.640	456,314.000000
23.029500	0.640	461,311.000000
23.040167	0.640	466,832.000000
23.050833	0.640	468,848.000000
23.061500	0.640	467,562.000000
23.072167	0.640	466,583.000000
23.082833	0.640	467,950.000000
23.093500	0.640	470,493.000000
23.104167	0.640	473,137.000000
23.114833	0.640	475,290.000000
23.125500	0.640	476,150.000000
23.136167	0.640	476,094.000000
23.146833	0.640	477,058.000000
23.157500	0.640	481,235.000000
23.168167	0.640	486,171.000000
23.178833	0.640	484,810.000000
23.189500	0.640	477,256.000000
23.200167	0.640	472,557.000000
23.210833	0.640	474,254.000000
23.221500	0.640	477,043.000000
23.232167	0.640	478,807.000000
23.242833	0.640	482,786.000000
23.253500	0.640	487,329.000000
23.264167	0.640	487,747.000000
23.274833	0.640	484,679.000000
23.285500	0.640	482,218.000000
23.296167	0.640	483,923.000000
23.306833	0.640	488,460.000000
23.317500	0.640	490,279.000000
23.328167	0.640	487,146.000000
23.338833	0.640	482,147.000000
23.349500	0.640	481,661.000000
23.360167	0.640	489,070.000000
23.370833	0.640	498,369.000000
23.381500	0.640	500,743.000000
23.392167	0.640	495,036.000000
23.402833	0.640	487,965.000000
23.413500	0.640	486,989.000000
23.424167	0.640	494,293.000000
23.434833	0.640	505,871.000000
23.445500	0.640	514,632.000000
23.456167	0.640	516,156.000000
23.466833	0.640	513,579.000000
23.477500	0.640	512,791.000000
23.488167	0.640	515,161.000000
23.498833	0.640	519,988.000000
23.509500	0.640	525,578.000000
23.520167	0.640	529,309.000000
23.530833	0.640	531,837.000000
23.541500	0.640	533,534.000000
23.552167	0.640	533,023.000000
23.562833	0.640	533,064.000000
23.573500	0.640	536,760.000000
23.584167	0.640	541,369.000000
23.594833	0.640	541,661.000000
23.605500	0.640	536,778.000000
23.616167	0.640	532,195.000000
23.626833	0.640	531,719.000000
23.637500	0.640	531,830.000000
23.648167	0.640	528,408.000000
23.658833	0.640	523,202.000000
23.669500	0.640	521,731.000000
23.680167	0.640	525,669.000000
23.690833	0.640	529,538.000000
23.701500	0.640	529,799.000000
23.712167	0.640	531,146.000000
23.722833	0.640	536,292.000000
23.733500	0.640	540,275.000000
23.744167	0.640	540,531.000000
23.754833	0.640	538,986.000000
23.765500	0.640	536,440.000000
23.776167	0.640	534,407.000000
23.786833	0.640	537,038.000000
23.797500	0.640	545,674.000000
23.808167	0.640	553,122.000000
23.818833	0.640	554,059.000000
23.829500	0.640	554,821.000000
23.840167	0.640	558,630.000000
23.850833	0.640	560,505.000000
23.861500	0.640	563,258.000000
23.872167	0.640	571,803.000000
23.882833	0.640	578,088.000000
23.893500	0.640	574,624.000000
23.904167	0.640	568,205.000000
23.914833	0.640	568,082.000000
23.925500	0.640	574,569.000000
23.936167	0.640	583,193.000000
23.946833	0.640	589,979.000000
23.957500	0.640	591,756.000000
23.968167	0.640	589,706.000000
23.978833	0.640	589,706.000000
23.989500	0.640	595,586.000000
24.000167	0.640	606,819.000000
24.010833	0.640	617,432.000000
24.021500	0.640	619,886.000000
24.032167	0.640	616,062.000000
24.042833	0.640	614,605.000000
24.053500	0.640	619,734.000000
24.064167	0.640	626,656.000000
24.074833	0.640	627,112.000000
24.085500	0.640	622,403.000000
24.096167	0.640	621,219.000000
24.106833	0.640	626,389.000000
24.117500	0.640	633,741.000000
24.128167	0.640	638,451.000000
24.138833	0.640	641,405.000000
24.149500	0.640	647,094.000000
24.160167	0.640	654,547.000000
24.170833	0.640	660,671.000000
24.181500	0.640	665,798.000000
24.192167	0.640	668,673.000000
24.202833	0.640	668,417.000000
24.213500	0.640	671,356.000000
24.224167	0.640	682,644.000000
24.234833	0.640	695,674.000000
24.245500	0.640	702,240.000000
24.256167	0.640	704,589.000000
24.266833	0.640	710,198.000000
24.277500	0.640	722,071.000000
24.288167	0.640	734,677.000000
24.298833	0.640	740,233.000000
24.309500	0.640	738,352.000000
24.320167	0.640	734,075.000000
24.330833	0.640	730,488.000000
24.341500	0.640	728,510.000000
24.352167	0.640	728,740.000000
24.362833	0.640	728,685.000000
24.373500	0.640	726,281.000000
24.384167	0.640	727,125.000000
24.394833	0.640	735,714.000000
24.405500	0.640	745,625.000000
24.416167	0.640	750,591.000000
24.426833	0.640	753,325.000000
24.437550	0.643	756,465.000000
24.448167	0.637	759,519.000000
24.458833	0.640	763,579.000000
24.469500	0.640	767,914.000000
24.480167	0.640	769,558.000000
24.490833	0.640	768,609.000000
24.501550	0.643	767,573.000000
24.512167	0.637	766,751.000000
24.522833	0.640	762,919.000000
24.533500	0.640	756,686.000000
24.544167	0.640	755,994.000000
24.554833	0.640	762,926.000000
24.565500	0.640	769,282.000000
24.576167	0.640	770,905.000000
24.586833	0.640	770,815.000000
24.597500	0.640	771,527.000000
24.608167	0.640	772,255.000000
24.618833	0.640	769,632.000000
24.629500	0.640	764,333.000000
24.640167	0.640	761,873.000000
24.650833	0.640	762,873.000000
24.661500	0.640	763,283.000000
24.672167	0.640	761,951.000000
24.682833	0.640	758,652.000000
24.693500	0.640	753,193.000000
24.704167	0.640	751,051.000000
24.714833	0.640	756,308.000000
24.725500	0.640	761,449.000000
24.736167	0.640	757,599.000000
24.746833	0.640	748,842.000000
24.757500	0.640	746,091.000000
24.768167	0.640	752,178.000000
24.778833	0.640	760,930.000000
24.789500	0.640	766,327.000000
24.800167	0.640	766,958.000000
24.810833	0.640	764,838.000000
24.821500	0.640	765,739.000000
24.832167	0.640	774,479.000000
24.842833	0.640	785,991.000000
24.853500	0.640	792,538.000000
24.864167	0.640	794,111.000000
24.874833	0.640	793,544.000000
24.885500	0.640	791,541.000000
24.896167	0.640	787,112.000000
24.906833	0.640	780,844.000000
24.917500	0.640	777,558.000000
24.928167	0.640	780,319.000000
24.938833	0.640	786,326.000000
24.949500	0.640	791,152.000000
24.960167	0.640	793,010.000000
24.970833	0.640	793,692.000000
24.981500	0.640	795,136.000000
24.992167	0.640	797,981.000000
25.002833	0.640	802,171.000000
25.013500	0.640	805,245.000000
25.024167	0.640	805,646.000000
25.034833	0.640	806,073.000000
25.045500	0.640	808,278.000000
25.056167	0.640	810,727.000000
25.066833	0.640	813,563.000000
25.077500	0.640	818,561.000000
25.088167	0.640	825,101.000000
25.098833	0.640	830,827.000000
25.109500	0.640	832,796.000000
25.120167	0.640	829,772.000000
25.130833	0.640	827,652.000000
25.141500	0.640	832,556.000000
25.152167	0.640	839,814.000000
25.162833	0.640	844,935.000000
25.173500	0.640	856,337.000000
25.184167	0.640	884,608.000000
25.194833	0.640	930,244.000000
25.205500	0.640	991,774.000000
25.216167	0.640	1,081,204.000000
25.226833	0.640	1,224,777.000000
25.237500	0.640	1,456,481.000000
25.248167	0.640	1,822,150.000000
25.258833	0.640	2,383,715.000000
25.269500	0.640	3,219,897.000000
25.280167	0.640	4,433,439.000000
25.290833	0.640	6,149,424.000000
25.301500	0.640	8,494,616.000000
25.312167	0.640	11,570,313.000000
25.322833	0.640	15,417,120.000000
25.333500	0.640	19,984,474.000000
25.344167	0.640	25,102,114.000000
25.354833	0.640	30,442,747.000000
25.365500	0.640	35,575,244.000000
25.376167	0.640	40,051,852.000000
25.386833	0.640	43,363,818.000000
25.397500	0.640	44,986,619.000000
25.408167	0.640	44,660,933.000000
25.418833	0.640	42,515,707.000000
25.429500	0.640	38,859,422.000000
25.440167	0.640	34,052,403.000000
25.450833	0.640	28,584,530.000000
25.461500	0.640	23,029,929.000000
25.472167	0.640	17,868,156.000000
25.482833	0.640	13,391,426.000000
25.493500	0.640	9,727,855.000000
25.504167	0.640	6,893,923.000000
25.514833	0.640	4,822,767.000000
25.525500	0.640	3,385,279.000000
25.536167	0.640	2,426,581.000000
25.546833	0.640	1,805,252.000000
25.557500	0.640	1,411,070.000000
25.568167	0.640	1,162,219.000000
25.578833	0.640	1,002,505.000000
25.589500	0.640	900,437.000000
25.600167	0.640	839,797.000000
25.610833	0.640	808,356.000000
25.621500	0.640	794,642.000000
25.632167	0.640	787,880.000000
25.642833	0.640	781,760.000000
25.653500	0.640	778,903.000000
25.664167	0.640	781,844.000000
25.674833	0.640	783,674.000000
25.685500	0.640	777,607.000000
25.696167	0.640	768,601.000000
25.706833	0.640	764,644.000000
25.717500	0.640	764,490.000000
25.728167	0.640	764,073.000000
25.738833	0.640	763,643.000000
25.749500	0.640	765,073.000000
25.760167	0.640	769,300.000000
25.770833	0.640	775,340.000000
25.781500	0.640	782,872.000000
25.792167	0.640	791,595.000000
25.802833	0.640	797,518.000000
25.813500	0.640	799,750.000000
25.824167	0.640	804,922.000000
25.834833	0.640	818,237.000000
25.845500	0.640	839,829.000000
25.856167	0.640	869,801.000000
25.866833	0.640	908,697.000000
25.877500	0.640	956,934.000000
25.888167	0.640	1,010,912.000000
25.898833	0.640	1,055,085.000000
25.909500	0.640	1,071,291.000000
25.920167	0.640	1,053,981.000000
25.930833	0.640	1,009,140.000000
25.941500	0.640	951,171.000000
25.952167	0.640	899,426.000000
25.962833	0.640	864,933.000000
25.973500	0.640	845,854.000000
25.984167	0.640	838,277.000000
25.994833	0.640	836,144.000000
26.005500	0.640	830,892.000000
26.016167	0.640	826,017.000000
26.026833	0.640	830,062.000000
26.037500	0.640	838,855.000000
26.048167	0.640	844,857.000000
26.058833	0.640	847,857.000000
26.069500	0.640	850,224.000000
26.080167	0.640	854,154.000000
26.090833	0.640	861,819.000000
26.101500	0.640	874,033.000000
26.112167	0.640	889,431.000000
26.122833	0.640	902,954.000000
26.133500	0.640	910,623.000000
26.144167	0.640	916,683.000000
26.154833	0.640	922,601.000000
26.165500	0.640	919,815.000000
26.176167	0.640	909,130.000000
26.186833	0.640	905,452.000000
26.197500	0.640	913,262.000000
26.208167	0.640	922,947.000000
26.218833	0.640	932,707.000000
26.229500	0.640	950,304.000000
26.240167	0.640	976,394.000000
26.250833	0.640	1,004,060.000000
26.261500	0.640	1,027,123.000000
26.272167	0.640	1,037,083.000000
26.282833	0.640	1,028,827.000000
26.293500	0.640	1,011,458.000000
26.304167	0.640	996,066.000000
26.314833	0.640	986,282.000000
26.325500	0.640	991,041.000000
26.336167	0.640	1,027,841.000000
26.346833	0.640	1,116,232.000000
26.357500	0.640	1,309,768.000000
26.368167	0.640	1,761,589.000000
26.378833	0.640	2,661,103.000000
26.389500	0.640	3,882,776.000000
26.400167	0.640	4,735,959.000000
26.410833	0.640	4,501,094.000000
26.421500	0.640	3,305,591.000000
26.432167	0.640	2,026,549.000000
26.442833	0.640	1,310,914.000000
26.453500	0.640	1,114,183.000000
26.464167	0.640	1,108,075.000000
26.474833	0.640	1,108,050.000000
26.485500	0.640	1,097,607.000000
26.496167	0.640	1,101,242.000000
26.506833	0.640	1,123,714.000000
26.517500	0.640	1,152,674.000000
26.528167	0.640	1,177,824.000000
26.538833	0.640	1,201,745.000000
26.549500	0.640	1,227,679.000000
26.560167	0.640	1,247,808.000000
26.570833	0.640	1,258,758.000000
26.581500	0.640	1,269,040.000000
26.592167	0.640	1,278,646.000000
26.602833	0.640	1,277,929.000000
26.613500	0.640	1,269,150.000000
26.624167	0.640	1,263,018.000000
26.634833	0.640	1,262,373.000000
26.645500	0.640	1,264,123.000000
26.656167	0.640	1,265,437.000000
26.666833	0.640	1,269,140.000000
26.677500	0.640	1,284,601.000000
26.688167	0.640	1,317,171.000000
26.698833	0.640	1,369,527.000000
26.709500	0.640	1,457,179.000000
26.720167	0.640	1,621,723.000000
26.730833	0.640	1,915,445.000000
26.741500	0.640	2,297,416.000000
26.752167	0.640	2,549,815.000000
26.762833	0.640	2,470,484.000000
26.773500	0.640	2,159,033.000000
26.784167	0.640	1,914,572.000000
26.794833	0.640	1,887,071.000000
26.805500	0.640	1,991,755.000000
26.816167	0.640	2,090,138.000000
26.826833	0.640	2,143,454.000000
26.837500	0.640	2,218,839.000000
26.848167	0.640	2,400,212.000000
26.858833	0.640	2,773,272.000000
26.869500	0.640	3,738,688.000000
26.880167	0.640	7,273,591.000000
26.890833	0.640	20,213,056.000000
26.901500	0.640	54,160,880.000000
26.912167	0.640	107,941,636.000000
26.922833	0.640	148,088,350.000000
26.933500	0.640	136,239,682.000000
26.944167	0.640	81,366,121.000000
26.954833	0.640	30,029,326.000000
26.965500	0.640	8,364,796.000000
26.976167	0.640	6,270,079.000000
26.986833	0.640	7,380,254.000000
26.997500	0.640	7,750,402.000000
27.008167	0.640	12,251,232.000000
27.018833	0.640	30,837,786.000000
27.029500	0.640	77,493,402.000000
27.040167	0.640	155,541,857.000000
27.050833	0.640	233,869,627.000000
27.061500	0.640	257,193,003.000000
27.072167	0.640	202,997,882.000000
27.082833	0.640	112,412,472.000000
27.093500	0.640	44,086,423.000000
27.104167	0.640	16,941,349.000000
27.114833	0.640	13,455,703.000000
27.125500	0.640	15,199,032.000000
27.136167	0.640	16,338,268.000000
27.146833	0.640	15,917,419.000000
27.157500	0.640	13,425,912.000000
27.168167	0.640	10,221,136.000000
27.178833	0.640	8,350,334.000000
27.189500	0.640	8,210,557.000000
27.200167	0.640	9,121,132.000000
27.210833	0.640	10,703,912.000000
27.221500	0.640	12,438,187.000000
27.232167	0.640	13,354,278.000000
27.242833	0.640	15,559,479.000000
27.253500	0.640	36,408,914.000000
27.264167	0.640	37,284,414.000000
27.264333	0.010	65,926,621.000000
27.264500	0.010	37,284,414.000000
27.264667	0.010	65,926,621.000000
27.264833	0.010	37,284,414.000000
27.265000	0.010	65,926,621.000000
27.265167	0.010	37,284,414.000000
27.274833	0.580	37,284,414.000000
27.285500	0.640	37,284,414.000000
27.296167	0.640	37,284,414.000000
27.306833	0.640	37,284,414.000000
27.317500	0.640	37,284,414.000000
27.317667	0.010	65,926,621.000000
27.317833	0.010	37,284,414.000000
27.318000	0.010	65,926,621.000000
27.318167	0.010	37,284,414.000000
27.318333	0.010	65,926,621.000000
27.318500	0.010	37,284,414.000000
27.328167	0.580	191,229,244.000000
27.338833	0.640	96,199,053.000000
27.349500	0.640	62,255,124.000000
27.360167	0.640	59,211,350.000000
27.370833	0.640	57,416,927.000000
27.381500	0.640	58,292,427.000000
27.381667	0.010	97,438,640.000000
27.381833	0.010	58,292,427.000000
27.382000	0.010	97,438,640.000000
27.382167	0.010	58,292,427.000000
27.382333	0.010	97,438,640.000000
27.382500	0.010	58,292,427.000000
27.392167	0.580	58,292,427.000000
27.402833	0.640	58,292,427.000000
27.413500	0.640	58,292,427.000000
27.424167	0.640	58,292,427.000000
27.434833	0.640	58,292,427.000000
27.445500	0.640	58,292,427.000000
27.456167	0.640	58,292,427.000000
27.466833	0.640	58,292,427.000000
27.477500	0.640	58,292,427.000000
27.488167	0.640	58,292,427.000000
27.488333	0.010	97,438,640.000000
27.488500	0.010	58,292,427.000000
27.488667	0.010	97,438,640.000000
27.488833	0.010	58,292,427.000000
27.489000	0.010	97,438,640.000000
27.489167	0.010	58,292,427.000000
27.498833	0.580	108,135,894.000000
27.509500	0.640	86,908,749.000000
27.520167	0.640	89,858,481.000000
27.530833	0.640	88,170,610.000000
27.541500	0.640	74,193,007.000000
27.552167	0.640	59,900,040.000000
27.562833	0.640	51,966,701.000000
27.573500	0.640	47,104,650.000000
27.584167	0.640	42,367,976.000000
27.594833	0.640	38,136,089.000000
27.605500	0.640	35,219,314.000000
27.616167	0.640	33,510,417.000000
27.626833	0.640	32,182,571.000000
27.637500	0.640	30,228,307.000000
27.648167	0.640	27,742,355.000000
27.658833	0.640	25,808,778.000000
27.669500	0.640	24,682,930.000000
27.680167	0.640	23,604,936.000000
27.690833	0.640	22,318,561.000000
27.701500	0.640	21,351,725.000000
27.712167	0.640	20,981,320.000000
27.722833	0.640	20,891,074.000000
27.733500	0.640	20,680,743.000000
27.744167	0.640	20,310,632.000000
27.754833	0.640	20,199,625.000000
27.765500	0.640	20,785,895.000000
27.776167	0.640	21,893,606.000000
27.786833	0.640	22,850,952.000000
27.797500	0.640	23,131,538.000000
27.808167	0.640	22,577,817.000000
27.818833	0.640	21,389,619.000000
27.829500	0.640	20,117,695.000000
27.840167	0.640	19,321,231.000000
27.850833	0.640	19,160,725.000000
27.861500	0.640	19,387,119.000000
27.872167	0.640	19,883,889.000000
27.882833	0.640	21,879,972.000000
27.893500	0.640	30,334,745.000000
27.904167	0.640	31,210,245.000000
27.904333	0.010	56,815,367.000000
27.904500	0.010	31,210,245.000000
27.904667	0.010	56,815,367.000000
27.904833	0.010	31,210,245.000000
27.905000	0.010	56,815,367.000000
27.905167	0.010	31,210,245.000000
27.914833	0.580	31,210,245.000000
27.925500	0.640	31,210,245.000000
27.936167	0.640	31,210,245.000000
27.946833	0.640	31,210,245.000000
27.957500	0.640	31,210,245.000000
27.968167	0.640	31,210,245.000000
27.978833	0.640	31,210,245.000000
27.989500	0.640	31,210,245.000000
28.000167	0.640	31,210,245.000000
28.010833	0.640	31,210,245.000000
28.021500	0.640	31,210,245.000000
28.032167	0.640	31,210,245.000000
28.042833	0.640	31,210,245.000000
28.053500	0.640	31,210,245.000000
28.064167	0.640	31,210,245.000000
28.074833	0.640	31,210,245.000000
28.085500	0.640	31,210,245.000000
28.096167	0.640	31,210,245.000000
28.106833	0.640	31,210,245.000000
28.107000	0.010	56,815,367.000000
28.107167	0.010	31,210,245.000000
28.107333	0.010	56,815,367.000000
28.107500	0.010	31,210,245.000000
28.107667	0.010	56,815,367.000000
28.107833	0.010	31,210,245.000000
28.117500	0.580	164,058,313.000000
28.128167	0.640	82,641,791.000000
28.138833	0.640	65,611,198.000000
28.149500	0.640	68,813,262.000000
28.160167	0.640	65,824,865.000000
28.170833	0.640	56,582,324.000000
28.181500	0.640	44,458,688.000000
28.192167	0.640	32,672,660.000000
28.202833	0.640	27,571,538.000000
28.213500	0.640	35,836,182.000000
28.224167	0.640	63,648,524.000000
28.234833	0.640	110,593,180.000000
28.245500	0.640	160,028,336.000000
28.256167	0.640	190,433,926.000000
28.266833	0.640	199,875,164.000000
28.277500	0.640	203,340,554.000000
28.288167	0.640	208,096,341.000000
28.298833	0.640	208,177,847.000000
28.309500	0.640	199,031,070.000000
28.320167	0.640	184,378,587.000000
28.330833	0.640	170,626,514.000000
28.341500	0.640	160,849,649.000000
28.352167	0.640	153,315,372.000000
28.362833	0.640	142,825,172.000000
28.373500	0.640	123,398,396.000000
28.384167	0.640	93,558,176.000000
28.394833	0.640	60,666,578.000000
28.405500	0.640	35,708,116.000000
28.416167	0.640	22,827,126.000000
28.426833	0.640	17,988,108.000000
28.437500	0.640	16,648,784.000000
28.448167	0.640	17,772,432.000000
28.458833	0.640	20,703,652.000000
28.469500	0.640	22,597,380.000000
28.480167	0.640	20,908,258.000000
28.490833	0.640	16,491,088.000000
28.501500	0.640	12,295,944.000000
28.512167	0.640	9,971,311.000000
28.522833	0.640	9,093,535.000000
28.533500	0.640	8,741,257.000000
28.544167	0.640	8,518,953.000000
28.554833	0.640	8,369,701.000000
28.565500	0.640	8,209,185.000000
28.576167	0.640	7,921,966.000000
28.586833	0.640	7,505,090.000000
28.597500	0.640	7,055,083.000000
28.608167	0.640	6,631,435.000000
28.618833	0.640	6,189,917.000000
28.629500	0.640	5,620,547.000000
28.640167	0.640	4,837,313.000000
28.650833	0.640	3,874,372.000000
28.661500	0.640	2,894,026.000000
28.672167	0.640	2,058,816.000000
28.682833	0.640	1,420,272.000000
28.693500	0.640	961,492.000000
28.704167	0.640	679,387.000000
28.714833	0.640	640,249.000000
28.725500	0.640	863,743.000000
28.736167	0.640	1,025,105.000000
28.746833	0.640	765,617.000000
28.757500	0.640	309,387.000000
28.768167	0.640	77,147.000000
28.778833	0.640	67,542.000000
28.789500	0.640	82,905.000000
28.800167	0.640	65,429.000000
28.810833	0.640	46,986.000000
28.821500	0.640	38,894.000000
28.832167	0.640	31,922.000000
28.842833	0.640	25,282.000000
28.853500	0.640	21,676.000000
28.864167	0.640	17,671.000000
28.874833	0.640	10,167.000000
28.885500	0.640	2,494.000000
28.896167	0.640	51.000000
28.906833	0.640	4,255.000000
28.917500	0.640	10,350.000000
28.928167	0.640	10,376.000000
28.938833	0.640	2,493.000000
28.949500	0.640	-4,782.000000
28.960167	0.640	-3,128.000000
28.970833	0.640	4,238.000000
28.981500	0.640	9,099.000000
28.992167	0.640	9,800.000000
29.002833	0.640	8,502.000000
29.013500	0.640	5,316.000000
29.024167	0.640	1,655.000000
29.034833	0.640	1,601.000000
29.045500	0.640	4,086.000000
29.056167	0.640	2,818.000000
29.066833	0.640	-2,263.000000
29.077500	0.640	-4,527.000000
29.088167	0.640	-2,764.000000
29.098833	0.640	-2,720.000000
29.109500	0.640	-5,691.000000
29.120167	0.640	-6,623.000000
29.130833	0.640	-3,929.000000
29.141500	0.640	-2,486.000000
29.152167	0.640	-5,522.000000
29.162833	0.640	-7,834.000000
29.173500	0.640	-5,071.000000
29.184167	0.640	-3,411.000000
29.194833	0.640	-6,705.000000
29.205500	0.640	-9,142.000000
29.216167	0.640	-8,703.000000
29.226833	0.640	-8,585.000000
29.237500	0.640	-7,079.000000
29.248167	0.640	-1,662.000000
29.258833	0.640	2,750.000000
29.269500	0.640	573.000000
29.280167	0.640	-5,135.000000
29.290833	0.640	-7,705.000000
29.301500	0.640	-4,747.000000
29.312167	0.640	1,812.000000
29.322833	0.640	6,711.000000
29.333500	0.640	6,442.000000
29.344167	0.640	4,652.000000
29.354833	0.640	3,833.000000
29.365500	0.640	516.000000
29.376167	0.640	-4,235.000000
29.386833	0.640	-4,626.000000
29.397500	0.640	-2,277.000000
29.408167	0.640	-2,892.000000
29.418833	0.640	-5,182.000000
29.429500	0.640	-5,338.000000
29.440167	0.640	-4,174.000000
29.450833	0.640	-4,317.000000
29.461500	0.640	-6,227.000000
29.472167	0.640	-7,845.000000
29.482833	0.640	-6,602.000000
29.493500	0.640	-3,175.000000
29.504167	0.640	-1,413.000000
29.514833	0.640	-1,320.000000
29.525500	0.640	-875.000000
29.536167	0.640	-2,664.000000
29.546833	0.640	-5,795.000000
29.557500	0.640	-5,918.000000
29.568167	0.640	-4,787.000000
29.578833	0.640	-2,878.000000
29.589500	0.640	744.000000
29.600167	0.640	404.000000
29.610833	0.640	-4,601.000000
29.621500	0.640	-6,787.000000
29.632167	0.640	-4,190.000000
29.642833	0.640	-342.000000
29.653500	0.640	1,691.000000
29.664167	0.640	-348.000000
29.674833	0.640	-4,691.000000
29.685500	0.640	-6,643.000000
29.696167	0.640	-5,541.000000
29.706833	0.640	-2,765.000000
29.717500	0.640	1,646.000000
29.728167	0.640	4,589.000000
29.738833	0.640	2,134.000000
29.749500	0.640	-3,453.000000
29.760167	0.640	-6,434.000000
29.770833	0.640	-5,751.000000
29.781500	0.640	-3,777.000000
29.792167	0.640	-945.000000
29.802833	0.640	1,050.000000
29.813500	0.640	1,270.000000
29.824167	0.640	3,027.000000
29.834833	0.640	4,402.000000
29.845500	0.640	-46.000000
29.856167	0.640	-4,500.000000
29.866833	0.640	-86.000000
29.877500	0.640	6,903.000000
29.888167	0.640	5,904.000000
29.898833	0.640	-106.000000
29.909500	0.640	-3,027.000000
29.920167	0.640	-2,593.000000
29.930833	0.640	-1,124.000000
29.941500	0.640	2,469.000000
29.952167	0.640	6,024.000000
29.962833	0.640	3,779.000000
29.973500	0.640	-1,638.000000
29.984167	0.640	-1,924.000000
29.994833	0.640	795.000000
30.005500	0.640	-1,044.000000
