File Path	chrom://nnfcb-l0495/ChromeleonLocal/20180320_AA_Lars Nielsen samples Vienna_lbpet.seq/700.smp/Emission_2.channel/Emission_2.chm
Channel	Emission_2

Injection Information:
Data Vault	ChromeleonLocal
Injection	AAmix_50ug_mL_1
Injection Number	11
Position	RC2
Comment	
Processing Method	20171024_Calculated with IS_lbpet
Instrument Method	20161104_AA_GeminiC18_FinalVer7
Type	Calibration Standard
Status	Finished
Injection Date	20-03-2018
Injection Time	16:23:43
Injection Volume (µl)	56.500
Dilution Factor	1.0000
Weight	1.0000

Raw Data Information:
Time Min. (min)	0.007850
Time Max. (min)	30.005517
Data Points	2861
Detector	FLD
Exporting Data System	Chromeleon 7.1.2.1478
Operator	
Signal Quantity	
Signal Unit	counts
Signal Min.	-27,251.000000
Signal Max.	239,795,190.000000
Channel	Emission_2
Driver Name	FLD3000.dll
Channel Type	Evaluation
Min. Step (s)	0.010
Max. Step (s)	0.820
Average Step (s)	0.629

Signal Parameter Information:
Signal Info	266 nm /305 nm

Raw Data:
Time (min)	Step (s)	Value (counts)
0.007850	0.000	0.000000
0.021517	0.820	0.000000
0.032183	0.640	0.000000
0.042850	0.640	-1,511.000000
0.053517	0.640	-3,168.000000
0.064183	0.640	-4,322.000000
0.074850	0.640	-4,986.000000
0.085517	0.640	-4,472.000000
0.096183	0.640	-1,875.000000
0.106850	0.640	2,075.000000
0.117517	0.640	4,145.000000
0.128183	0.640	1,148.000000
0.138850	0.640	-5,472.000000
0.149517	0.640	-9,727.000000
0.160183	0.640	-8,243.000000
0.170850	0.640	-4,438.000000
0.181517	0.640	-4,106.000000
0.192183	0.640	-9,367.000000
0.202850	0.640	-14,752.000000
0.213517	0.640	-12,413.000000
0.224183	0.640	-4,074.000000
0.234850	0.640	750.000000
0.245517	0.640	-2,045.000000
0.256183	0.640	-7,652.000000
0.266850	0.640	-9,585.000000
0.277517	0.640	-5,112.000000
0.288183	0.640	2,134.000000
0.298850	0.640	4,993.000000
0.309517	0.640	4,187.000000
0.320183	0.640	5,369.000000
0.330850	0.640	6,323.000000
0.341517	0.640	3,662.000000
0.352183	0.640	-1,234.000000
0.362850	0.640	-6,169.000000
0.373517	0.640	-5,827.000000
0.384183	0.640	1,027.000000
0.394850	0.640	4,356.000000
0.405517	0.640	-596.000000
0.416183	0.640	-3,663.000000
0.426850	0.640	-65.000000
0.437517	0.640	-623.000000
0.448183	0.640	-8,578.000000
0.458850	0.640	-11,492.000000
0.469517	0.640	-6,154.000000
0.480183	0.640	-3,703.000000
0.490850	0.640	-7,735.000000
0.501517	0.640	-10,650.000000
0.512183	0.640	-9,288.000000
0.522850	0.640	-8,528.000000
0.533517	0.640	-10,705.000000
0.544183	0.640	-11,451.000000
0.554850	0.640	-8,534.000000
0.565517	0.640	-5,928.000000
0.576183	0.640	-6,826.000000
0.586850	0.640	-10,297.000000
0.597517	0.640	-12,932.000000
0.608183	0.640	-13,517.000000
0.618850	0.640	-14,794.000000
0.629517	0.640	-15,242.000000
0.640183	0.640	-11,126.000000
0.650850	0.640	-6,886.000000
0.661517	0.640	-8,402.000000
0.672183	0.640	-12,535.000000
0.682850	0.640	-12,168.000000
0.693517	0.640	-6,625.000000
0.704183	0.640	-1,118.000000
0.714850	0.640	818.000000
0.725517	0.640	-1,292.000000
0.736183	0.640	-4,939.000000
0.746850	0.640	-6,803.000000
0.757517	0.640	-7,581.000000
0.768183	0.640	-7,690.000000
0.778850	0.640	-5,486.000000
0.789517	0.640	-4,036.000000
0.800183	0.640	-6,071.000000
0.810850	0.640	-7,400.000000
0.821517	0.640	-6,397.000000
0.832183	0.640	-7,824.000000
0.842850	0.640	-11,461.000000
0.853517	0.640	-11,799.000000
0.864183	0.640	-10,079.000000
0.874850	0.640	-9,763.000000
0.885517	0.640	-8,224.000000
0.896183	0.640	-3,562.000000
0.906850	0.640	2,008.000000
0.917517	0.640	4,618.000000
0.928183	0.640	2,405.000000
0.938850	0.640	-2,266.000000
0.949517	0.640	-5,710.000000
0.960183	0.640	-4,505.000000
0.970850	0.640	-583.000000
0.981517	0.640	-1,310.000000
0.992183	0.640	-5,898.000000
1.002850	0.640	-7,908.000000
1.013517	0.640	-9,034.000000
1.024183	0.640	-11,590.000000
1.034850	0.640	-11,671.000000
1.045517	0.640	-7,918.000000
1.056183	0.640	-3,469.000000
1.066850	0.640	-1,258.000000
1.077517	0.640	-2,792.000000
1.088183	0.640	-6,922.000000
1.098850	0.640	-9,291.000000
1.109517	0.640	-8,063.000000
1.120183	0.640	-6,048.000000
1.130850	0.640	-4,789.000000
1.141517	0.640	-4,440.000000
1.152183	0.640	-6,479.000000
1.162850	0.640	-10,222.000000
1.173517	0.640	-11,589.000000
1.184183	0.640	-8,809.000000
1.194850	0.640	-5,351.000000
1.205517	0.640	-5,025.000000
1.216183	0.640	-7,511.000000
1.226850	0.640	-10,307.000000
1.237517	0.640	-11,024.000000
1.248183	0.640	-8,904.000000
1.258850	0.640	-7,169.000000
1.269517	0.640	-7,369.000000
1.280183	0.640	-7,793.000000
1.290850	0.640	-10,520.000000
1.301517	0.640	-14,799.000000
1.312183	0.640	-14,463.000000
1.322850	0.640	-10,423.000000
1.333517	0.640	-8,350.000000
1.344183	0.640	-9,377.000000
1.354850	0.640	-11,796.000000
1.365517	0.640	-12,899.000000
1.376183	0.640	-9,724.000000
1.386850	0.640	-3,379.000000
1.397517	0.640	-543.000000
1.408183	0.640	-4,427.000000
1.418850	0.640	-9,369.000000
1.429517	0.640	-11,169.000000
1.440183	0.640	-9,990.000000
1.450850	0.640	-5,773.000000
1.461517	0.640	-3,345.000000
1.472183	0.640	-7,348.000000
1.482850	0.640	-11,803.000000
1.493517	0.640	-10,617.000000
1.504183	0.640	-7,828.000000
1.514850	0.640	-7,904.000000
1.525517	0.640	-7,240.000000
1.536183	0.640	-1,976.000000
1.546850	0.640	2,224.000000
1.557517	0.640	-1,287.000000
1.568183	0.640	-5,829.000000
1.578850	0.640	-3,795.000000
1.589517	0.640	-3,484.000000
1.600183	0.640	-11,475.000000
1.610850	0.640	-17,672.000000
1.621517	0.640	-13,297.000000
1.632183	0.640	-3,580.000000
1.642850	0.640	2,049.000000
1.653517	0.640	343.000000
1.664183	0.640	-4,224.000000
1.674850	0.640	-5,504.000000
1.685517	0.640	-3,388.000000
1.696183	0.640	-1,624.000000
1.706850	0.640	-740.000000
1.717517	0.640	1,676.000000
1.728183	0.640	4,681.000000
1.738850	0.640	3,154.000000
1.749517	0.640	-1,850.000000
1.760183	0.640	-1,787.000000
1.770850	0.640	3,072.000000
1.781517	0.640	3,301.000000
1.792183	0.640	-1,343.000000
1.802850	0.640	-3,725.000000
1.813517	0.640	-3,197.000000
1.824183	0.640	-1,828.000000
1.834850	0.640	2,029.000000
1.845517	0.640	6,649.000000
1.856183	0.640	6,628.000000
1.866850	0.640	3,381.000000
1.877517	0.640	794.000000
1.888183	0.640	-2,058.000000
1.898850	0.640	-3,697.000000
1.909517	0.640	-2,427.000000
1.920183	0.640	-3,182.000000
1.930850	0.640	-6,658.000000
1.941517	0.640	-3,803.000000
1.952183	0.640	6,795.000000
1.962850	0.640	11,529.000000
1.973517	0.640	5,378.000000
1.984183	0.640	1,428.000000
1.994850	0.640	5,114.000000
2.005517	0.640	6,833.000000
2.016183	0.640	2,871.000000
2.026850	0.640	-1,347.000000
2.037517	0.640	-4,445.000000
2.048183	0.640	-6,318.000000
2.058850	0.640	-2,738.000000
2.069517	0.640	3,598.000000
2.080183	0.640	3,482.000000
2.090850	0.640	-2,955.000000
2.101517	0.640	-7,306.000000
2.112183	0.640	-6,719.000000
2.122850	0.640	-4,001.000000
2.133517	0.640	-421.000000
2.144183	0.640	2,760.000000
2.154850	0.640	3,588.000000
2.165517	0.640	2,999.000000
2.176183	0.640	2,974.000000
2.186850	0.640	2,429.000000
2.197517	0.640	-1,537.000000
2.208183	0.640	-8,144.000000
2.218850	0.640	-11,897.000000
2.229517	0.640	-9,229.000000
2.240183	0.640	-3,340.000000
2.250850	0.640	1,570.000000
2.261517	0.640	8,212.000000
2.272183	0.640	18,144.000000
2.282850	0.640	23,563.000000
2.293517	0.640	19,655.000000
2.304183	0.640	11,547.000000
2.314850	0.640	6,367.000000
2.325517	0.640	7,944.000000
2.336183	0.640	12,477.000000
2.346850	0.640	11,704.000000
2.357517	0.640	4,856.000000
2.368183	0.640	-1,631.000000
2.378850	0.640	-3,551.000000
2.389517	0.640	-1,160.000000
2.400183	0.640	1,968.000000
2.410850	0.640	2,470.000000
2.421517	0.640	2,943.000000
2.432183	0.640	6,498.000000
2.442850	0.640	9,049.000000
2.453517	0.640	6,856.000000
2.464183	0.640	2,552.000000
2.474850	0.640	-1,197.000000
2.485517	0.640	-2,519.000000
2.496183	0.640	937.000000
2.506850	0.640	5,334.000000
2.517517	0.640	5,086.000000
2.528183	0.640	2,575.000000
2.538850	0.640	2,214.000000
2.549517	0.640	3,268.000000
2.560183	0.640	1,999.000000
2.570850	0.640	-2,097.000000
2.581517	0.640	-4,844.000000
2.592183	0.640	-4,801.000000
2.602850	0.640	-4,625.000000
2.613517	0.640	-4,056.000000
2.624183	0.640	-455.000000
2.634850	0.640	3,401.000000
2.645517	0.640	2,426.000000
2.656183	0.640	-1,261.000000
2.666850	0.640	-3,759.000000
2.677517	0.640	-5,259.000000
2.688183	0.640	-4,888.000000
2.698850	0.640	-2,888.000000
2.709517	0.640	-2,123.000000
2.720183	0.640	-888.000000
2.730850	0.640	3,882.000000
2.741517	0.640	7,817.000000
2.752183	0.640	4,446.000000
2.762850	0.640	-3,079.000000
2.773517	0.640	-6,698.000000
2.784183	0.640	-7,416.000000
2.794850	0.640	-10,017.000000
2.805517	0.640	-10,765.000000
2.816183	0.640	-5,032.000000
2.826850	0.640	3,409.000000
2.837517	0.640	8,512.000000
2.848183	0.640	7,479.000000
2.858850	0.640	757.000000
2.869517	0.640	-7,300.000000
2.880183	0.640	-10,674.000000
2.890850	0.640	-8,100.000000
2.901517	0.640	-4,769.000000
2.912183	0.640	-4,055.000000
2.922850	0.640	-3,197.000000
2.933517	0.640	-1,076.000000
2.944183	0.640	-1,642.000000
2.954850	0.640	-5,876.000000
2.965517	0.640	-7,683.000000
2.976183	0.640	-2,143.000000
2.986850	0.640	6,042.000000
2.997517	0.640	7,736.000000
3.008183	0.640	2,361.000000
3.018850	0.640	-325.000000
3.029517	0.640	4,861.000000
3.040183	0.640	9,641.000000
3.050850	0.640	7,614.000000
3.061517	0.640	5,307.000000
3.072183	0.640	8,495.000000
3.082850	0.640	12,736.000000
3.093517	0.640	11,432.000000
3.104183	0.640	5,737.000000
3.114850	0.640	2,821.000000
3.125517	0.640	4,578.000000
3.136183	0.640	7,158.000000
3.146850	0.640	9,580.000000
3.157517	0.640	10,574.000000
3.168183	0.640	6,114.000000
3.178850	0.640	-1,634.000000
3.189517	0.640	-6,642.000000
3.200183	0.640	-6,279.000000
3.210850	0.640	-959.000000
3.221517	0.640	3,830.000000
3.232183	0.640	3,252.000000
3.242850	0.640	323.000000
3.253517	0.640	-794.000000
3.264183	0.640	-465.000000
3.274850	0.640	-1,522.000000
3.285517	0.640	-4,570.000000
3.296183	0.640	-6,097.000000
3.306850	0.640	-5,172.000000
3.317517	0.640	-5,977.000000
3.328183	0.640	-8,792.000000
3.338850	0.640	-8,735.000000
3.349517	0.640	-4,613.000000
3.360183	0.640	-397.000000
3.370850	0.640	89.000000
3.381517	0.640	-3,371.000000
3.392183	0.640	-7,140.000000
3.402850	0.640	-6,351.000000
3.413517	0.640	-1,126.000000
3.424183	0.640	2,425.000000
3.434850	0.640	1,581.000000
3.445517	0.640	-677.000000
3.456183	0.640	-2,373.000000
3.466850	0.640	-3,820.000000
3.477517	0.640	-5,447.000000
3.488183	0.640	-5,965.000000
3.498850	0.640	-4,679.000000
3.509517	0.640	-5,246.000000
3.520183	0.640	-8,368.000000
3.530850	0.640	-8,030.000000
3.541517	0.640	-3,256.000000
3.552183	0.640	-557.000000
3.562850	0.640	-2,904.000000
3.573517	0.640	-6,270.000000
3.584183	0.640	-5,941.000000
3.594850	0.640	-2,438.000000
3.605517	0.640	778.000000
3.616183	0.640	3,315.000000
3.626850	0.640	6,373.000000
3.637517	0.640	7,231.000000
3.648183	0.640	2,791.000000
3.658850	0.640	-3,107.000000
3.669517	0.640	-6,117.000000
3.680183	0.640	-8,104.000000
3.690850	0.640	-10,313.000000
3.701517	0.640	-11,540.000000
3.712183	0.640	-11,119.000000
3.722850	0.640	-8,206.000000
3.733517	0.640	-5,662.000000
3.744183	0.640	-7,099.000000
3.754850	0.640	-9,301.000000
3.765517	0.640	-10,849.000000
3.776183	0.640	-15,026.000000
3.786850	0.640	-18,663.000000
3.797517	0.640	-15,873.000000
3.808183	0.640	-9,082.000000
3.818850	0.640	-5,329.000000
3.829517	0.640	-6,223.000000
3.840183	0.640	-7,710.000000
3.850850	0.640	-7,533.000000
3.861517	0.640	-7,629.000000
3.872183	0.640	-9,981.000000
3.882850	0.640	-14,249.000000
3.893517	0.640	-17,708.000000
3.904183	0.640	-16,331.000000
3.914850	0.640	-10,307.000000
3.925517	0.640	-5,425.000000
3.936183	0.640	-5,284.000000
3.946850	0.640	-6,699.000000
3.957517	0.640	-5,332.000000
3.968183	0.640	-3,548.000000
3.978850	0.640	-6,792.000000
3.989517	0.640	-12,594.000000
4.000183	0.640	-13,737.000000
4.010850	0.640	-10,065.000000
4.021517	0.640	-6,647.000000
4.032183	0.640	-5,771.000000
4.042850	0.640	-6,154.000000
4.053517	0.640	-5,321.000000
4.064183	0.640	-2,035.000000
4.074850	0.640	1,522.000000
4.085517	0.640	1,682.000000
4.096183	0.640	-619.000000
4.106850	0.640	-1,541.000000
4.117517	0.640	-2,798.000000
4.128183	0.640	-6,412.000000
4.138850	0.640	-7,235.000000
4.149517	0.640	-4,897.000000
4.160183	0.640	-6,682.000000
4.170850	0.640	-9,367.000000
4.181517	0.640	-4,448.000000
4.192183	0.640	1,287.000000
4.202850	0.640	-614.000000
4.213517	0.640	-4,034.000000
4.224183	0.640	-4,965.000000
4.234850	0.640	-7,797.000000
4.245517	0.640	-11,133.000000
4.256183	0.640	-9,567.000000
4.266850	0.640	-5,203.000000
4.277517	0.640	-4,859.000000
4.288183	0.640	-9,445.000000
4.298850	0.640	-12,086.000000
4.309517	0.640	-7,530.000000
4.320183	0.640	-1,354.000000
4.330850	0.640	-1,680.000000
4.341517	0.640	-5,781.000000
4.352183	0.640	-7,558.000000
4.362850	0.640	-6,178.000000
4.373517	0.640	-3,431.000000
4.384183	0.640	-4,113.000000
4.394850	0.640	-9,063.000000
4.405517	0.640	-10,059.000000
4.416183	0.640	-4,783.000000
4.426850	0.640	-2,009.000000
4.437517	0.640	-5,388.000000
4.448183	0.640	-9,502.000000
4.458850	0.640	-11,011.000000
4.469517	0.640	-11,532.000000
4.480183	0.640	-12,343.000000
4.490850	0.640	-12,057.000000
4.501517	0.640	-9,586.000000
4.512183	0.640	-5,402.000000
4.522850	0.640	-956.000000
4.533517	0.640	801.000000
4.544183	0.640	-620.000000
4.554850	0.640	-1,236.000000
4.565517	0.640	-374.000000
4.576183	0.640	-1,839.000000
4.586850	0.640	-4,878.000000
4.597517	0.640	-6,719.000000
4.608183	0.640	-8,649.000000
4.618850	0.640	-10,621.000000
4.629517	0.640	-10,850.000000
4.640183	0.640	-11,070.000000
4.650850	0.640	-12,801.000000
4.661517	0.640	-13,525.000000
4.672183	0.640	-11,722.000000
4.682850	0.640	-8,336.000000
4.693517	0.640	-3,496.000000
4.704183	0.640	1,395.000000
4.714850	0.640	3,964.000000
4.725517	0.640	4,005.000000
4.736183	0.640	1,955.000000
4.746850	0.640	187.000000
4.757517	0.640	2,095.000000
4.768183	0.640	4,031.000000
4.778850	0.640	771.000000
4.789517	0.640	-2,521.000000
4.800183	0.640	-1,215.000000
4.810850	0.640	-2,204.000000
4.821517	0.640	-8,802.000000
4.832183	0.640	-14,068.000000
4.842850	0.640	-15,857.000000
4.853517	0.640	-16,683.000000
4.864183	0.640	-12,959.000000
4.874850	0.640	-4,424.000000
4.885517	0.640	261.000000
4.896183	0.640	-141.000000
4.906850	0.640	227.000000
4.917517	0.640	-1,241.000000
4.928183	0.640	-7,362.000000
4.938850	0.640	-10,099.000000
4.949517	0.640	-2,789.000000
4.960183	0.640	11,749.000000
4.970850	0.640	32,715.000000
4.981517	0.640	66,603.000000
4.992183	0.640	110,798.000000
5.002850	0.640	147,578.000000
5.013517	0.640	165,715.000000
5.024183	0.640	170,018.000000
5.034850	0.640	164,529.000000
5.045517	0.640	147,655.000000
5.056183	0.640	124,234.000000
5.066850	0.640	101,094.000000
5.077517	0.640	78,840.000000
5.088183	0.640	60,387.000000
5.098850	0.640	49,518.000000
5.109517	0.640	42,569.000000
5.120183	0.640	34,754.000000
5.130850	0.640	25,620.000000
5.141517	0.640	16,886.000000
5.152183	0.640	12,087.000000
5.162850	0.640	13,249.000000
5.173517	0.640	15,120.000000
5.184183	0.640	10,830.000000
5.194850	0.640	1,732.000000
5.205517	0.640	-4,344.000000
5.216183	0.640	-2,589.000000
5.226850	0.640	1,908.000000
5.237517	0.640	604.000000
5.248183	0.640	-6,129.000000
5.258850	0.640	-11,292.000000
5.269517	0.640	-11,662.000000
5.280183	0.640	-9,598.000000
5.290850	0.640	-8,517.000000
5.301517	0.640	-9,523.000000
5.312183	0.640	-10,832.000000
5.322850	0.640	-9,437.000000
5.333517	0.640	-6,066.000000
5.344183	0.640	-6,133.000000
5.354850	0.640	-11,139.000000
5.365517	0.640	-17,449.000000
5.376183	0.640	-22,097.000000
5.386850	0.640	-20,882.000000
5.397517	0.640	-12,732.000000
5.408183	0.640	-6,482.000000
5.418850	0.640	-8,684.000000
5.429517	0.640	-13,028.000000
5.440183	0.640	-12,504.000000
5.450850	0.640	-11,063.000000
5.461517	0.640	-14,066.000000
5.472183	0.640	-17,620.000000
5.482850	0.640	-16,299.000000
5.493517	0.640	-11,590.000000
5.504183	0.640	-7,222.000000
5.514850	0.640	-4,727.000000
5.525517	0.640	-5,812.000000
5.536183	0.640	-11,218.000000
5.546850	0.640	-16,686.000000
5.557517	0.640	-18,144.000000
5.568183	0.640	-17,500.000000
5.578850	0.640	-17,063.000000
5.589517	0.640	-15,295.000000
5.600183	0.640	-11,382.000000
5.610850	0.640	-8,761.000000
5.621517	0.640	-10,480.000000
5.632183	0.640	-12,601.000000
5.642850	0.640	-10,626.000000
5.653517	0.640	-9,781.000000
5.664183	0.640	-15,240.000000
5.674850	0.640	-19,889.000000
5.685517	0.640	-16,486.000000
5.696183	0.640	-9,241.000000
5.706850	0.640	-3,468.000000
5.717517	0.640	-278.000000
5.728183	0.640	-2,598.000000
5.738850	0.640	-9,276.000000
5.749517	0.640	-12,372.000000
5.760183	0.640	-10,951.000000
5.770850	0.640	-10,795.000000
5.781517	0.640	-11,611.000000
5.792183	0.640	-10,266.000000
5.802850	0.640	-7,616.000000
5.813517	0.640	-5,181.000000
5.824233	0.643	-3,567.000000
5.834850	0.637	-3,835.000000
5.845517	0.640	-6,514.000000
5.856183	0.640	-10,910.000000
5.866850	0.640	-14,585.000000
5.877517	0.640	-13,788.000000
5.888183	0.640	-9,150.000000
5.898850	0.640	-6,703.000000
5.909517	0.640	-7,817.000000
5.920183	0.640	-9,484.000000
5.930850	0.640	-13,231.000000
5.941517	0.640	-18,382.000000
5.952183	0.640	-18,903.000000
5.962850	0.640	-16,234.000000
5.973517	0.640	-17,056.000000
5.984183	0.640	-18,976.000000
5.994850	0.640	-15,774.000000
6.005517	0.640	-10,329.000000
6.016183	0.640	-8,501.000000
6.026850	0.640	-9,570.000000
6.037517	0.640	-11,454.000000
6.048183	0.640	-14,153.000000
6.058850	0.640	-15,261.000000
6.069517	0.640	-12,806.000000
6.080183	0.640	-10,131.000000
6.090850	0.640	-10,287.000000
6.101517	0.640	-9,751.000000
6.112183	0.640	-5,551.000000
6.122850	0.640	-3,703.000000
6.133517	0.640	-9,027.000000
6.144183	0.640	-16,563.000000
6.154850	0.640	-20,489.000000
6.165517	0.640	-19,239.000000
6.176183	0.640	-15,135.000000
6.186850	0.640	-13,866.000000
6.197517	0.640	-16,444.000000
6.208183	0.640	-16,715.000000
6.218850	0.640	-13,683.000000
6.229517	0.640	-14,264.000000
6.240183	0.640	-18,952.000000
6.250850	0.640	-20,644.000000
6.261517	0.640	-18,564.000000
6.272183	0.640	-17,599.000000
6.282850	0.640	-16,862.000000
6.293517	0.640	-13,576.000000
6.304183	0.640	-11,110.000000
6.314850	0.640	-11,596.000000
6.325517	0.640	-12,970.000000
6.336183	0.640	-14,059.000000
6.346850	0.640	-12,699.000000
6.357517	0.640	-8,103.000000
6.368183	0.640	-4,969.000000
6.378850	0.640	-6,833.000000
6.389517	0.640	-10,521.000000
6.400183	0.640	-11,453.000000
6.410850	0.640	-8,984.000000
6.421517	0.640	-4,089.000000
6.432183	0.640	1,001.000000
6.442850	0.640	2,477.000000
6.453517	0.640	-233.000000
6.464183	0.640	-4,408.000000
6.474850	0.640	-7,759.000000
6.485517	0.640	-9,822.000000
6.496183	0.640	-11,929.000000
6.506850	0.640	-14,006.000000
6.517517	0.640	-13,429.000000
6.528183	0.640	-9,709.000000
6.538850	0.640	-7,433.000000
6.549517	0.640	-10,793.000000
6.560183	0.640	-17,492.000000
6.570850	0.640	-23,335.000000
6.581517	0.640	-27,027.000000
6.592183	0.640	-26,352.000000
6.602850	0.640	-19,732.000000
6.613517	0.640	-12,856.000000
6.624183	0.640	-12,752.000000
6.634850	0.640	-17,216.000000
6.645517	0.640	-18,084.000000
6.656183	0.640	-11,343.000000
6.666850	0.640	-2,574.000000
6.677517	0.640	-1,467.000000
6.688183	0.640	-7,368.000000
6.698850	0.640	-11,396.000000
6.709517	0.640	-12,365.000000
6.720183	0.640	-13,890.000000
6.730850	0.640	-15,807.000000
6.741517	0.640	-16,746.000000
6.752183	0.640	-14,859.000000
6.762850	0.640	-10,716.000000
6.773517	0.640	-7,584.000000
6.784183	0.640	-5,445.000000
6.794850	0.640	-4,788.000000
6.805517	0.640	-8,419.000000
6.816183	0.640	-13,338.000000
6.826850	0.640	-13,350.000000
6.837517	0.640	-9,376.000000
6.848183	0.640	-7,432.000000
6.858850	0.640	-10,210.000000
6.869517	0.640	-15,384.000000
6.880183	0.640	-18,326.000000
6.890850	0.640	-17,617.000000
6.901517	0.640	-15,802.000000
6.912183	0.640	-13,000.000000
6.922850	0.640	-9,496.000000
6.933517	0.640	-10,249.000000
6.944183	0.640	-16,277.000000
6.954850	0.640	-20,282.000000
6.965517	0.640	-18,951.000000
6.976183	0.640	-18,026.000000
6.986850	0.640	-18,840.000000
6.997517	0.640	-16,667.000000
7.008183	0.640	-12,894.000000
7.018850	0.640	-11,929.000000
7.029517	0.640	-12,799.000000
7.040183	0.640	-13,610.000000
7.050850	0.640	-14,376.000000
7.061517	0.640	-13,025.000000
7.072183	0.640	-7,862.000000
7.082850	0.640	-855.000000
7.093517	0.640	4,467.000000
7.104183	0.640	3,494.000000
7.114850	0.640	-4,863.000000
7.125517	0.640	-13,210.000000
7.136183	0.640	-14,243.000000
7.146850	0.640	-10,741.000000
7.157517	0.640	-10,510.000000
7.168183	0.640	-13,463.000000
7.178850	0.640	-13,003.000000
7.189517	0.640	-10,195.000000
7.200183	0.640	-11,101.000000
7.210850	0.640	-13,627.000000
7.221517	0.640	-12,551.000000
7.232183	0.640	-10,284.000000
7.242850	0.640	-11,617.000000
7.253517	0.640	-14,759.000000
7.264183	0.640	-16,123.000000
7.274850	0.640	-16,643.000000
7.285517	0.640	-17,085.000000
7.296183	0.640	-15,419.000000
7.306850	0.640	-11,877.000000
7.317517	0.640	-10,093.000000
7.328183	0.640	-11,393.000000
7.338850	0.640	-13,250.000000
7.349517	0.640	-14,175.000000
7.360183	0.640	-14,315.000000
7.370850	0.640	-13,917.000000
7.381517	0.640	-14,222.000000
7.392183	0.640	-15,021.000000
7.402850	0.640	-14,304.000000
7.413517	0.640	-12,647.000000
7.424183	0.640	-12,445.000000
7.434850	0.640	-14,291.000000
7.445517	0.640	-18,083.000000
7.456183	0.640	-23,709.000000
7.466850	0.640	-27,251.000000
7.477517	0.640	-24,311.000000
7.488183	0.640	-18,557.000000
7.498850	0.640	-16,360.000000
7.509517	0.640	-16,592.000000
7.520183	0.640	-15,414.000000
7.530850	0.640	-13,858.000000
7.541517	0.640	-14,030.000000
7.552183	0.640	-14,408.000000
7.562850	0.640	-12,056.000000
7.573517	0.640	-9,975.000000
7.584183	0.640	-15,147.000000
7.594850	0.640	-23,593.000000
7.605517	0.640	-24,202.000000
7.616183	0.640	-17,666.000000
7.626850	0.640	-13,878.000000
7.637517	0.640	-16,622.000000
7.648183	0.640	-20,420.000000
7.658850	0.640	-18,538.000000
7.669517	0.640	-12,468.000000
7.680183	0.640	-9,910.000000
7.690850	0.640	-11,982.000000
7.701517	0.640	-13,330.000000
7.712183	0.640	-13,141.000000
7.722850	0.640	-13,771.000000
7.733517	0.640	-13,276.000000
7.744183	0.640	-8,255.000000
7.754850	0.640	-1,745.000000
7.765517	0.640	-708.000000
7.776183	0.640	-5,195.000000
7.786850	0.640	-7,818.000000
7.797517	0.640	-5,309.000000
7.808183	0.640	-2,820.000000
7.818850	0.640	-3,862.000000
7.829517	0.640	-6,432.000000
7.840183	0.640	-9,259.000000
7.850850	0.640	-10,414.000000
7.861517	0.640	-7,857.000000
7.872183	0.640	-4,523.000000
7.882850	0.640	-2,930.000000
7.893517	0.640	-2,501.000000
7.904183	0.640	-3,245.000000
7.914850	0.640	-4,777.000000
7.925517	0.640	-8,563.000000
7.936183	0.640	-16,036.000000
7.946850	0.640	-21,515.000000
7.957517	0.640	-20,048.000000
7.968183	0.640	-15,377.000000
7.978850	0.640	-12,240.000000
7.989517	0.640	-11,444.000000
8.000183	0.640	-12,254.000000
8.010850	0.640	-12,134.000000
8.021517	0.640	-10,066.000000
8.032183	0.640	-10,650.000000
8.042850	0.640	-14,633.000000
8.053517	0.640	-15,813.000000
8.064183	0.640	-14,992.000000
8.074850	0.640	-18,606.000000
8.085517	0.640	-24,641.000000
8.096183	0.640	-24,480.000000
8.106850	0.640	-16,210.000000
8.117517	0.640	-6,902.000000
8.128183	0.640	-968.000000
8.138850	0.640	1,417.000000
8.149517	0.640	-1,617.000000
8.160183	0.640	-9,315.000000
8.170850	0.640	-17,278.000000
8.181517	0.640	-21,963.000000
8.192183	0.640	-21,760.000000
8.202850	0.640	-19,716.000000
8.213517	0.640	-19,999.000000
8.224183	0.640	-20,156.000000
8.234850	0.640	-18,229.000000
8.245517	0.640	-17,359.000000
8.256183	0.640	-17,213.000000
8.266850	0.640	-16,455.000000
8.277517	0.640	-15,992.000000
8.288183	0.640	-14,213.000000
8.298850	0.640	-10,856.000000
8.309517	0.640	-8,814.000000
8.320183	0.640	-9,057.000000
8.330850	0.640	-9,982.000000
8.341517	0.640	-10,672.000000
8.352183	0.640	-12,607.000000
8.362850	0.640	-15,198.000000
8.373517	0.640	-17,703.000000
8.384183	0.640	-21,662.000000
8.394850	0.640	-21,858.000000
8.405517	0.640	-15,361.000000
8.416183	0.640	-11,302.000000
8.426850	0.640	-13,195.000000
8.437517	0.640	-15,051.000000
8.448183	0.640	-16,234.000000
8.458850	0.640	-19,503.000000
8.469517	0.640	-21,852.000000
8.480183	0.640	-20,516.000000
8.490850	0.640	-19,541.000000
8.501517	0.640	-21,493.000000
8.512183	0.640	-21,518.000000
8.522850	0.640	-17,236.000000
8.533517	0.640	-13,596.000000
8.544183	0.640	-12,308.000000
8.554850	0.640	-10,523.000000
8.565517	0.640	-9,876.000000
8.576183	0.640	-14,266.000000
8.586850	0.640	-19,880.000000
8.597517	0.640	-18,227.000000
8.608183	0.640	-10,498.000000
8.618850	0.640	-6,214.000000
8.629517	0.640	-7,575.000000
8.640183	0.640	-8,033.000000
8.650850	0.640	-6,534.000000
8.661517	0.640	-9,454.000000
8.672183	0.640	-17,009.000000
8.682850	0.640	-22,612.000000
8.693517	0.640	-21,892.000000
8.704183	0.640	-14,429.000000
8.714850	0.640	-3,988.000000
8.725517	0.640	3,065.000000
8.736183	0.640	3,338.000000
8.746850	0.640	39.000000
8.757517	0.640	-2,039.000000
8.768183	0.640	-3,693.000000
8.778850	0.640	-6,682.000000
8.789517	0.640	-8,353.000000
8.800183	0.640	-7,352.000000
8.810850	0.640	-5,511.000000
8.821517	0.640	-4,141.000000
8.832183	0.640	-5,556.000000
8.842850	0.640	-9,741.000000
8.853517	0.640	-11,151.000000
8.864183	0.640	-9,868.000000
8.874850	0.640	-11,921.000000
8.885517	0.640	-15,533.000000
8.896183	0.640	-15,434.000000
8.906850	0.640	-12,939.000000
8.917517	0.640	-12,453.000000
8.928183	0.640	-14,939.000000
8.938850	0.640	-16,162.000000
8.949517	0.640	-14,502.000000
8.960183	0.640	-15,062.000000
8.970850	0.640	-20,102.000000
8.981517	0.640	-24,732.000000
8.992183	0.640	-24,812.000000
9.002850	0.640	-22,858.000000
9.013517	0.640	-21,598.000000
9.024183	0.640	-17,963.000000
9.034850	0.640	-12,835.000000
9.045517	0.640	-13,917.000000
9.056183	0.640	-20,029.000000
9.066850	0.640	-22,868.000000
9.077517	0.640	-22,837.000000
9.088183	0.640	-23,002.000000
9.098850	0.640	-21,498.000000
9.109517	0.640	-18,701.000000
9.120183	0.640	-16,388.000000
9.130850	0.640	-13,047.000000
9.141517	0.640	-8,057.000000
9.152183	0.640	-4,262.000000
9.162850	0.640	-4,042.000000
9.173517	0.640	-5,918.000000
9.184183	0.640	-6,570.000000
9.194850	0.640	-6,144.000000
9.205517	0.640	-7,941.000000
9.216183	0.640	-11,164.000000
9.226850	0.640	-11,212.000000
9.237517	0.640	-9,506.000000
9.248183	0.640	-11,357.000000
9.258850	0.640	-13,933.000000
9.269517	0.640	-10,314.000000
9.280183	0.640	-2,909.000000
9.290850	0.640	-82.000000
9.301517	0.640	-2,775.000000
9.312183	0.640	-5,360.000000
9.322850	0.640	-5,014.000000
9.333517	0.640	-2,586.000000
9.344183	0.640	-1,902.000000
9.354850	0.640	-6,719.000000
9.365517	0.640	-11,998.000000
9.376183	0.640	-10,157.000000
9.386850	0.640	-3,120.000000
9.397517	0.640	2,522.000000
9.408183	0.640	2,616.000000
9.418850	0.640	-2,447.000000
9.429517	0.640	-8,566.000000
9.440183	0.640	-11,462.000000
9.450850	0.640	-8,673.000000
9.461517	0.640	-3,983.000000
9.472183	0.640	-2,111.000000
9.482850	0.640	611.000000
9.493517	0.640	5,576.000000
9.504183	0.640	6,545.000000
9.514850	0.640	2,177.000000
9.525517	0.640	-2,217.000000
9.536183	0.640	-3,209.000000
9.546850	0.640	-1,481.000000
9.557517	0.640	949.000000
9.568183	0.640	2,804.000000
9.578850	0.640	2,959.000000
9.589517	0.640	1,151.000000
9.600183	0.640	638.000000
9.610850	0.640	3,336.000000
9.621517	0.640	6,414.000000
9.632183	0.640	9,980.000000
9.642850	0.640	16,186.000000
9.653517	0.640	20,721.000000
9.664183	0.640	19,411.000000
9.674850	0.640	15,668.000000
9.685517	0.640	13,035.000000
9.696183	0.640	12,598.000000
9.706850	0.640	15,062.000000
9.717517	0.640	17,462.000000
9.728183	0.640	16,401.000000
9.738850	0.640	13,264.000000
9.749517	0.640	11,455.000000
9.760183	0.640	11,269.000000
9.770850	0.640	10,449.000000
9.781517	0.640	10,131.000000
9.792183	0.640	11,489.000000
9.802850	0.640	10,250.000000
9.813517	0.640	6,736.000000
9.824183	0.640	7,666.000000
9.834850	0.640	12,056.000000
9.845517	0.640	13,730.000000
9.856183	0.640	12,727.000000
9.866850	0.640	12,538.000000
9.877517	0.640	15,125.000000
9.888183	0.640	18,754.000000
9.898850	0.640	19,773.000000
9.909517	0.640	17,852.000000
9.920183	0.640	14,552.000000
9.930850	0.640	13,021.000000
9.941517	0.640	15,811.000000
9.952183	0.640	18,972.000000
9.962850	0.640	19,994.000000
9.973517	0.640	21,631.000000
9.984183	0.640	22,949.000000
9.994850	0.640	23,874.000000
10.005517	0.640	28,204.000000
10.016183	0.640	33,251.000000
10.026850	0.640	34,305.000000
10.037517	0.640	32,858.000000
10.048183	0.640	30,121.000000
10.058850	0.640	26,872.000000
10.069517	0.640	26,291.000000
10.080183	0.640	26,540.000000
10.090850	0.640	23,168.000000
10.101517	0.640	20,046.000000
10.112183	0.640	22,931.000000
10.122850	0.640	28,814.000000
10.133517	0.640	32,974.000000
10.144183	0.640	36,149.000000
10.154850	0.640	39,385.000000
10.165517	0.640	40,809.000000
10.176183	0.640	41,174.000000
10.186850	0.640	44,431.000000
10.197517	0.640	48,382.000000
10.208183	0.640	48,322.000000
10.218850	0.640	46,637.000000
10.229517	0.640	44,297.000000
10.240183	0.640	38,474.000000
10.250850	0.640	32,374.000000
10.261517	0.640	31,076.000000
10.272183	0.640	33,935.000000
10.282850	0.640	38,751.000000
10.293517	0.640	45,532.000000
10.304183	0.640	53,103.000000
10.314850	0.640	56,059.000000
10.325517	0.640	51,799.000000
10.336183	0.640	48,481.000000
10.346850	0.640	52,586.000000
10.357517	0.640	57,910.000000
10.368183	0.640	58,978.000000
10.378850	0.640	58,257.000000
10.389517	0.640	58,697.000000
10.400183	0.640	62,189.000000
10.410850	0.640	67,543.000000
10.421517	0.640	68,803.000000
10.432183	0.640	65,130.000000
10.442850	0.640	63,495.000000
10.453517	0.640	66,609.000000
10.464183	0.640	69,498.000000
10.474850	0.640	69,789.000000
10.485517	0.640	71,982.000000
10.496183	0.640	77,152.000000
10.506850	0.640	79,096.000000
10.517517	0.640	75,835.000000
10.528183	0.640	71,908.000000
10.538850	0.640	69,981.000000
10.549517	0.640	71,308.000000
10.560183	0.640	76,265.000000
10.570850	0.640	80,459.000000
10.581517	0.640	81,738.000000
10.592183	0.640	84,013.000000
10.602850	0.640	87,292.000000
10.613517	0.640	87,759.000000
10.624183	0.640	86,963.000000
10.634850	0.640	89,464.000000
10.645517	0.640	94,021.000000
10.656183	0.640	95,426.000000
10.666850	0.640	93,577.000000
10.677517	0.640	92,422.000000
10.688183	0.640	92,864.000000
10.698850	0.640	92,903.000000
10.709517	0.640	92,078.000000
10.720183	0.640	93,913.000000
10.730850	0.640	101,446.000000
10.741517	0.640	109,689.000000
10.752183	0.640	110,590.000000
10.762850	0.640	104,599.000000
10.773517	0.640	100,255.000000
10.784183	0.640	104,125.000000
10.794850	0.640	111,832.000000
10.805517	0.640	115,797.000000
10.816183	0.640	118,175.000000
10.826850	0.640	120,952.000000
10.837517	0.640	119,942.000000
10.848183	0.640	116,303.000000
10.858850	0.640	115,416.000000
10.869517	0.640	118,184.000000
10.880183	0.640	120,822.000000
10.890850	0.640	120,539.000000
10.901517	0.640	120,452.000000
10.912183	0.640	123,836.000000
10.922850	0.640	127,469.000000
10.933517	0.640	128,960.000000
10.944183	0.640	131,546.000000
10.954850	0.640	136,280.000000
10.965517	0.640	139,023.000000
10.976183	0.640	138,242.000000
10.986850	0.640	139,438.000000
10.997517	0.640	146,107.000000
11.008183	0.640	152,694.000000
11.018850	0.640	153,976.000000
11.029517	0.640	153,065.000000
11.040183	0.640	155,152.000000
11.050850	0.640	161,473.000000
11.061517	0.640	169,400.000000
11.072183	0.640	174,003.000000
11.082850	0.640	172,789.000000
11.093517	0.640	168,434.000000
11.104183	0.640	166,606.000000
11.114850	0.640	170,588.000000
11.125517	0.640	176,291.000000
11.136183	0.640	177,923.000000
11.146850	0.640	176,503.000000
11.157517	0.640	176,019.000000
11.168183	0.640	174,896.000000
11.178850	0.640	169,034.000000
11.189517	0.640	162,038.000000
11.200183	0.640	162,923.000000
11.210850	0.640	173,558.000000
11.221517	0.640	185,579.000000
11.232183	0.640	189,559.000000
11.242850	0.640	185,663.000000
11.253517	0.640	183,435.000000
11.264183	0.640	187,945.000000
11.274850	0.640	194,041.000000
11.285517	0.640	197,580.000000
11.296183	0.640	199,184.000000
11.306850	0.640	199,574.000000
11.317517	0.640	201,149.000000
11.328183	0.640	205,170.000000
11.338850	0.640	207,828.000000
11.349517	0.640	207,365.000000
11.360183	0.640	207,660.000000
11.370850	0.640	211,567.000000
11.381517	0.640	216,578.000000
11.392183	0.640	217,701.000000
11.402850	0.640	213,638.000000
11.413517	0.640	209,292.000000
11.424183	0.640	209,939.000000
11.434850	0.640	214,771.000000
11.445517	0.640	219,914.000000
11.456183	0.640	223,424.000000
11.466850	0.640	225,728.000000
11.477517	0.640	228,726.000000
11.488183	0.640	230,914.000000
11.498850	0.640	229,106.000000
11.509517	0.640	226,554.000000
11.520183	0.640	227,591.000000
11.530850	0.640	230,747.000000
11.541517	0.640	232,985.000000
11.552183	0.640	234,614.000000
11.562850	0.640	238,376.000000
11.573517	0.640	244,039.000000
11.584183	0.640	249,354.000000
11.594850	0.640	253,623.000000
11.605517	0.640	256,537.000000
11.616183	0.640	258,594.000000
11.626850	0.640	259,908.000000
11.637517	0.640	259,389.000000
11.648183	0.640	257,647.000000
11.658850	0.640	257,226.000000
11.669517	0.640	260,187.000000
11.680183	0.640	266,172.000000
11.690850	0.640	273,910.000000
11.701517	0.640	281,960.000000
11.712183	0.640	286,480.000000
11.722850	0.640	285,004.000000
11.733517	0.640	281,538.000000
11.744183	0.640	282,089.000000
11.754850	0.640	285,387.000000
11.765517	0.640	285,827.000000
11.776183	0.640	285,076.000000
11.786850	0.640	287,929.000000
11.797517	0.640	293,705.000000
11.808183	0.640	299,179.000000
11.818850	0.640	302,807.000000
11.829517	0.640	306,084.000000
11.840183	0.640	308,841.000000
11.850850	0.640	309,237.000000
11.861517	0.640	310,653.000000
11.872183	0.640	315,255.000000
11.882850	0.640	318,695.000000
11.893517	0.640	319,402.000000
11.904183	0.640	320,061.000000
11.914850	0.640	322,190.000000
11.925517	0.640	326,052.000000
11.936183	0.640	329,865.000000
11.946850	0.640	331,434.000000
11.957517	0.640	332,687.000000
11.968183	0.640	336,322.000000
11.978850	0.640	340,704.000000
11.989517	0.640	344,456.000000
12.000183	0.640	349,263.000000
12.010850	0.640	354,523.000000
12.021517	0.640	357,294.000000
12.032233	0.643	357,303.000000
12.042850	0.637	357,460.000000
12.053517	0.640	358,786.000000
12.064183	0.640	357,583.000000
12.074850	0.640	354,076.000000
12.085517	0.640	355,713.000000
12.096183	0.640	362,778.000000
12.106850	0.640	367,359.000000
12.117517	0.640	367,964.000000
12.128183	0.640	368,447.000000
12.138850	0.640	371,307.000000
12.149517	0.640	377,770.000000
12.160183	0.640	383,892.000000
12.170850	0.640	382,946.000000
12.181517	0.640	378,664.000000
12.192183	0.640	380,694.000000
12.202850	0.640	386,554.000000
12.213517	0.640	387,875.000000
12.224183	0.640	386,034.000000
12.234850	0.640	387,692.000000
12.245517	0.640	394,878.000000
12.256183	0.640	401,443.000000
12.266850	0.640	399,620.000000
12.277517	0.640	393,192.000000
12.288183	0.640	392,730.000000
12.298850	0.640	400,005.000000
12.309517	0.640	407,665.000000
12.320183	0.640	409,358.000000
12.330850	0.640	407,740.000000
12.341517	0.640	409,129.000000
12.352183	0.640	412,025.000000
12.362850	0.640	413,442.000000
12.373517	0.640	416,824.000000
12.384183	0.640	423,052.000000
12.394850	0.640	427,676.000000
12.405517	0.640	427,978.000000
12.416183	0.640	424,908.000000
12.426850	0.640	422,768.000000
12.437517	0.640	424,119.000000
12.448183	0.640	426,136.000000
12.458850	0.640	428,375.000000
12.469517	0.640	433,416.000000
12.480183	0.640	439,035.000000
12.490850	0.640	440,919.000000
12.501517	0.640	441,471.000000
12.512183	0.640	446,080.000000
12.522850	0.640	451,258.000000
12.533517	0.640	451,768.000000
12.544183	0.640	452,303.000000
12.554850	0.640	455,719.000000
12.565517	0.640	455,867.000000
12.576183	0.640	450,159.000000
12.586850	0.640	445,154.000000
12.597517	0.640	447,205.000000
12.608183	0.640	452,942.000000
12.618850	0.640	455,039.000000
12.629517	0.640	453,723.000000
12.640233	0.643	452,752.000000
12.650850	0.637	452,381.000000
12.661517	0.640	452,847.000000
12.672183	0.640	455,401.000000
12.682850	0.640	459,103.000000
12.693517	0.640	462,457.000000
12.704183	0.640	464,379.000000
12.714850	0.640	463,165.000000
12.725517	0.640	460,592.000000
12.736183	0.640	459,944.000000
12.746850	0.640	459,102.000000
12.757517	0.640	457,621.000000
12.768183	0.640	459,821.000000
12.778850	0.640	463,905.000000
12.789517	0.640	465,654.000000
12.800183	0.640	465,267.000000
12.810850	0.640	462,298.000000
12.821517	0.640	459,124.000000
12.832183	0.640	460,081.000000
12.842850	0.640	462,269.000000
12.853517	0.640	462,540.000000
12.864183	0.640	463,425.000000
12.874850	0.640	466,252.000000
12.885517	0.640	469,600.000000
12.896183	0.640	470,644.000000
12.906850	0.640	467,880.000000
12.917517	0.640	464,398.000000
12.928183	0.640	463,188.000000
12.938850	0.640	463,859.000000
12.949517	0.640	465,019.000000
12.960183	0.640	465,284.000000
12.970850	0.640	463,119.000000
12.981517	0.640	459,451.000000
12.992183	0.640	458,462.000000
13.002850	0.640	461,425.000000
13.013517	0.640	464,666.000000
13.024183	0.640	464,682.000000
13.034850	0.640	462,408.000000
13.045517	0.640	462,018.000000
13.056183	0.640	464,632.000000
13.066850	0.640	469,020.000000
13.077517	0.640	474,876.000000
13.088183	0.640	479,336.000000
13.098850	0.640	478,805.000000
13.109517	0.640	473,843.000000
13.120183	0.640	467,866.000000
13.130850	0.640	463,999.000000
13.141517	0.640	463,346.000000
13.152183	0.640	465,484.000000
13.162850	0.640	467,107.000000
13.173517	0.640	464,246.000000
13.184183	0.640	461,527.000000
13.194850	0.640	465,263.000000
13.205517	0.640	468,487.000000
13.216183	0.640	461,994.000000
13.226850	0.640	452,003.000000
13.237517	0.640	449,831.000000
13.248183	0.640	453,367.000000
13.258850	0.640	454,199.000000
13.269517	0.640	454,116.000000
13.280183	0.640	459,674.000000
13.290850	0.640	466,868.000000
13.301517	0.640	465,398.000000
13.312183	0.640	456,654.000000
13.322850	0.640	451,506.000000
13.333517	0.640	451,498.000000
13.344183	0.640	450,072.000000
13.354850	0.640	446,390.000000
13.365517	0.640	444,531.000000
13.376183	0.640	446,224.000000
13.386850	0.640	449,335.000000
13.397517	0.640	450,463.000000
13.408183	0.640	448,496.000000
13.418850	0.640	445,776.000000
13.429517	0.640	444,258.000000
13.440183	0.640	441,961.000000
13.450850	0.640	437,916.000000
13.461517	0.640	434,624.000000
13.472183	0.640	432,281.000000
13.482850	0.640	430,343.000000
13.493517	0.640	430,083.000000
13.504183	0.640	430,185.000000
13.514850	0.640	429,525.000000
13.525517	0.640	429,078.000000
13.536183	0.640	427,450.000000
13.546850	0.640	425,289.000000
13.557517	0.640	427,746.000000
13.568183	0.640	434,834.000000
13.578850	0.640	440,970.000000
13.589517	0.640	446,670.000000
13.600183	0.640	456,222.000000
13.610850	0.640	467,204.000000
13.621517	0.640	476,702.000000
13.632183	0.640	488,304.000000
13.642850	0.640	506,515.000000
13.653517	0.640	534,559.000000
13.664183	0.640	573,456.000000
13.674850	0.640	621,776.000000
13.685517	0.640	681,139.000000
13.696183	0.640	752,543.000000
13.706850	0.640	834,761.000000
13.717517	0.640	928,040.000000
13.728183	0.640	1,022,416.000000
13.738850	0.640	1,102,211.000000
13.749517	0.640	1,166,350.000000
13.760183	0.640	1,217,537.000000
13.770850	0.640	1,246,997.000000
13.781517	0.640	1,242,877.000000
13.792183	0.640	1,201,200.000000
13.802850	0.640	1,130,634.000000
13.813517	0.640	1,044,597.000000
13.824183	0.640	949,300.000000
13.834850	0.640	847,152.000000
13.845517	0.640	745,285.000000
13.856183	0.640	654,842.000000
13.866850	0.640	582,449.000000
13.877517	0.640	525,259.000000
13.888183	0.640	480,367.000000
13.898850	0.640	451,215.000000
13.909517	0.640	435,415.000000
13.920183	0.640	424,219.000000
13.930850	0.640	415,574.000000
13.941517	0.640	407,681.000000
13.952183	0.640	396,732.000000
13.962850	0.640	389,093.000000
13.973517	0.640	391,170.000000
13.984183	0.640	395,202.000000
13.994850	0.640	391,712.000000
14.005517	0.640	382,211.000000
14.016183	0.640	372,811.000000
14.026850	0.640	366,696.000000
14.037517	0.640	365,205.000000
14.048183	0.640	367,310.000000
14.058850	0.640	369,204.000000
14.069517	0.640	370,713.000000
14.080183	0.640	372,786.000000
14.090850	0.640	370,071.000000
14.101517	0.640	362,535.000000
14.112183	0.640	359,553.000000
14.122850	0.640	361,474.000000
14.133517	0.640	361,657.000000
14.144183	0.640	360,996.000000
14.154850	0.640	360,492.000000
14.165517	0.640	356,658.000000
14.176183	0.640	350,908.000000
14.186850	0.640	347,953.000000
14.197517	0.640	347,257.000000
14.208183	0.640	345,367.000000
14.218850	0.640	342,325.000000
14.229517	0.640	341,097.000000
14.240183	0.640	343,142.000000
14.250850	0.640	345,445.000000
14.261517	0.640	344,130.000000
14.272183	0.640	340,161.000000
14.282850	0.640	335,231.000000
14.293517	0.640	328,667.000000
14.304183	0.640	322,975.000000
14.314850	0.640	321,198.000000
14.325517	0.640	321,827.000000
14.336183	0.640	323,218.000000
14.346850	0.640	324,078.000000
14.357517	0.640	322,680.000000
14.368183	0.640	320,446.000000
14.378850	0.640	318,192.000000
14.389517	0.640	313,785.000000
14.400183	0.640	307,849.000000
14.410850	0.640	303,687.000000
14.421517	0.640	303,222.000000
14.432183	0.640	304,917.000000
14.442850	0.640	303,922.000000
14.453517	0.640	298,443.000000
14.464183	0.640	294,676.000000
14.474850	0.640	297,670.000000
14.485517	0.640	300,602.000000
14.496183	0.640	296,433.000000
14.506850	0.640	292,092.000000
14.517517	0.640	294,425.000000
14.528183	0.640	295,518.000000
14.538850	0.640	286,898.000000
14.549517	0.640	274,848.000000
14.560183	0.640	270,017.000000
14.570850	0.640	271,830.000000
14.581517	0.640	272,394.000000
14.592183	0.640	268,471.000000
14.602850	0.640	262,598.000000
14.613517	0.640	258,376.000000
14.624183	0.640	257,471.000000
14.634850	0.640	257,659.000000
14.645517	0.640	256,140.000000
14.656183	0.640	253,277.000000
14.666850	0.640	249,870.000000
14.677517	0.640	246,161.000000
14.688183	0.640	243,393.000000
14.698850	0.640	241,772.000000
14.709517	0.640	238,688.000000
14.720183	0.640	233,228.000000
14.730850	0.640	229,430.000000
14.741517	0.640	228,655.000000
14.752183	0.640	225,995.000000
14.762850	0.640	219,718.000000
14.773517	0.640	215,297.000000
14.784183	0.640	217,234.000000
14.794850	0.640	221,078.000000
14.805517	0.640	219,611.000000
14.816183	0.640	214,356.000000
14.826850	0.640	211,041.000000
14.837517	0.640	210,883.000000
14.848183	0.640	209,120.000000
14.858850	0.640	199,642.000000
14.869517	0.640	186,706.000000
14.880183	0.640	180,832.000000
14.890850	0.640	183,625.000000
14.901517	0.640	189,468.000000
14.912183	0.640	192,576.000000
14.922850	0.640	190,815.000000
14.933517	0.640	187,336.000000
14.944183	0.640	184,715.000000
14.954850	0.640	182,324.000000
14.965517	0.640	178,963.000000
14.976183	0.640	173,772.000000
14.986850	0.640	168,233.000000
14.997517	0.640	164,725.000000
15.008183	0.640	162,249.000000
15.018850	0.640	159,146.000000
15.029517	0.640	156,684.000000
15.040183	0.640	155,219.000000
15.050850	0.640	152,727.000000
15.061517	0.640	149,778.000000
15.072183	0.640	148,136.000000
15.082850	0.640	145,535.000000
15.093517	0.640	140,135.000000
15.104183	0.640	134,655.000000
15.114850	0.640	129,827.000000
15.125517	0.640	124,322.000000
15.136183	0.640	120,073.000000
15.146850	0.640	116,998.000000
15.157517	0.640	112,603.000000
15.168183	0.640	108,587.000000
15.178850	0.640	106,202.000000
15.189517	0.640	102,403.000000
15.200183	0.640	97,840.000000
15.210850	0.640	96,668.000000
15.221517	0.640	96,981.000000
15.232183	0.640	94,875.000000
15.242850	0.640	92,582.000000
15.253517	0.640	92,023.000000
15.264183	0.640	90,976.000000
15.274850	0.640	88,605.000000
15.285517	0.640	84,529.000000
15.296183	0.640	80,332.000000
15.306850	0.640	82,141.000000
15.317517	0.640	89,148.000000
15.328183	0.640	92,733.000000
15.338850	0.640	90,250.000000
15.349517	0.640	86,703.000000
15.360183	0.640	88,084.000000
15.370850	0.640	94,379.000000
15.381517	0.640	98,133.000000
15.392183	0.640	96,063.000000
15.402850	0.640	93,940.000000
15.413517	0.640	95,374.000000
15.424183	0.640	98,649.000000
15.434850	0.640	101,744.000000
15.445517	0.640	101,307.000000
15.456183	0.640	95,959.000000
15.466850	0.640	89,386.000000
15.477517	0.640	83,588.000000
15.488183	0.640	78,853.000000
15.498850	0.640	76,757.000000
15.509517	0.640	74,064.000000
15.520183	0.640	65,849.000000
15.530850	0.640	55,327.000000
15.541517	0.640	48,832.000000
15.552183	0.640	45,338.000000
15.562850	0.640	39,713.000000
15.573517	0.640	34,607.000000
15.584183	0.640	36,038.000000
15.594850	0.640	40,564.000000
15.605517	0.640	42,370.000000
15.616183	0.640	43,420.000000
15.626850	0.640	48,441.000000
15.637517	0.640	60,164.000000
15.648183	0.640	80,658.000000
15.658850	0.640	109,078.000000
15.669517	0.640	138,029.000000
15.680183	0.640	161,428.000000
15.690850	0.640	183,964.000000
15.701517	0.640	210,789.000000
15.712183	0.640	235,395.000000
15.722850	0.640	247,324.000000
15.733517	0.640	242,656.000000
15.744183	0.640	226,231.000000
15.754900	0.643	206,199.000000
15.765517	0.637	183,647.000000
15.776183	0.640	154,605.000000
15.786850	0.640	120,560.000000
15.797517	0.640	88,929.000000
15.808183	0.640	67,749.000000
15.818850	0.640	58,157.000000
15.829517	0.640	50,502.000000
15.840183	0.640	38,463.000000
15.850850	0.640	29,435.000000
15.861517	0.640	29,630.000000
15.872183	0.640	32,913.000000
15.882850	0.640	30,396.000000
15.893517	0.640	23,609.000000
15.904183	0.640	21,896.000000
15.914850	0.640	25,239.000000
15.925517	0.640	24,527.000000
15.936183	0.640	17,568.000000
15.946850	0.640	9,914.000000
15.957517	0.640	7,858.000000
15.968183	0.640	13,161.000000
15.978850	0.640	19,456.000000
15.989517	0.640	20,381.000000
16.000183	0.640	18,055.000000
16.010850	0.640	17,471.000000
16.021517	0.640	18,291.000000
16.032183	0.640	16,666.000000
16.042850	0.640	12,354.000000
16.053517	0.640	9,063.000000
16.064183	0.640	8,964.000000
16.074850	0.640	10,333.000000
16.085517	0.640	9,880.000000
16.096183	0.640	8,365.000000
16.106850	0.640	9,985.000000
16.117517	0.640	13,682.000000
16.128183	0.640	15,412.000000
16.138850	0.640	15,549.000000
16.149517	0.640	14,532.000000
16.160183	0.640	12,500.000000
16.170850	0.640	12,980.000000
16.181517	0.640	16,888.000000
16.192183	0.640	19,981.000000
16.202850	0.640	18,436.000000
16.213517	0.640	13,486.000000
16.224183	0.640	11,425.000000
16.234850	0.640	14,756.000000
16.245517	0.640	17,538.000000
16.256183	0.640	16,284.000000
16.266850	0.640	14,827.000000
16.277517	0.640	15,622.000000
16.288183	0.640	16,120.000000
16.298850	0.640	15,222.000000
16.309517	0.640	16,233.000000
16.320183	0.640	18,446.000000
16.330850	0.640	17,381.000000
16.341517	0.640	15,586.000000
16.352183	0.640	17,651.000000
16.362850	0.640	20,870.000000
16.373517	0.640	21,567.000000
16.384183	0.640	21,263.000000
16.394850	0.640	21,191.000000
16.405517	0.640	19,751.000000
16.416183	0.640	17,380.000000
16.426850	0.640	14,410.000000
16.437517	0.640	10,841.000000
16.448183	0.640	10,458.000000
16.458850	0.640	13,814.000000
16.469517	0.640	16,275.000000
16.480183	0.640	15,036.000000
16.490850	0.640	10,191.000000
16.501517	0.640	5,783.000000
16.512183	0.640	6,747.000000
16.522850	0.640	11,273.000000
16.533517	0.640	14,967.000000
16.544183	0.640	18,119.000000
16.554850	0.640	21,416.000000
16.565517	0.640	21,657.000000
16.576183	0.640	18,370.000000
16.586850	0.640	17,994.000000
16.597517	0.640	22,599.000000
16.608183	0.640	25,470.000000
16.618850	0.640	24,174.000000
16.629517	0.640	21,141.000000
16.640183	0.640	17,139.000000
16.650850	0.640	14,449.000000
16.661517	0.640	12,751.000000
16.672183	0.640	7,981.000000
16.682850	0.640	2,019.000000
16.693517	0.640	2,169.000000
16.704183	0.640	10,486.000000
16.714850	0.640	18,383.000000
16.725517	0.640	17,871.000000
16.736183	0.640	12,893.000000
16.746850	0.640	10,364.000000
16.757517	0.640	12,194.000000
16.768183	0.640	16,945.000000
16.778850	0.640	19,354.000000
16.789517	0.640	15,638.000000
16.800183	0.640	9,089.000000
16.810850	0.640	6,036.000000
16.821517	0.640	9,876.000000
16.832183	0.640	18,878.000000
16.842850	0.640	26,695.000000
16.853517	0.640	25,952.000000
16.864183	0.640	18,573.000000
16.874850	0.640	12,653.000000
16.885517	0.640	9,433.000000
16.896183	0.640	9,470.000000
16.906850	0.640	13,793.000000
16.917517	0.640	16,337.000000
16.928183	0.640	15,208.000000
16.938850	0.640	16,324.000000
16.949517	0.640	18,529.000000
16.960183	0.640	16,666.000000
16.970850	0.640	15,208.000000
16.981517	0.640	19,351.000000
16.992183	0.640	23,065.000000
17.002850	0.640	20,019.000000
17.013517	0.640	14,673.000000
17.024183	0.640	14,224.000000
17.034850	0.640	18,663.000000
17.045517	0.640	22,082.000000
17.056183	0.640	20,816.000000
17.066850	0.640	18,198.000000
17.077517	0.640	17,561.000000
17.088183	0.640	17,304.000000
17.098850	0.640	17,882.000000
17.109517	0.640	22,622.000000
17.120183	0.640	28,774.000000
17.130850	0.640	29,835.000000
17.141517	0.640	26,059.000000
17.152183	0.640	22,177.000000
17.162850	0.640	20,323.000000
17.173517	0.640	20,451.000000
17.184183	0.640	22,961.000000
17.194850	0.640	28,350.000000
17.205517	0.640	32,823.000000
17.216183	0.640	32,585.000000
17.226850	0.640	32,677.000000
17.237517	0.640	38,285.000000
17.248183	0.640	44,685.000000
17.258850	0.640	46,101.000000
17.269517	0.640	45,011.000000
17.280183	0.640	45,700.000000
17.290850	0.640	46,868.000000
17.301517	0.640	46,055.000000
17.312183	0.640	43,671.000000
17.322850	0.640	41,944.000000
17.333517	0.640	44,000.000000
17.344183	0.640	49,175.000000
17.354850	0.640	50,615.000000
17.365517	0.640	46,078.000000
17.376183	0.640	43,181.000000
17.386850	0.640	45,067.000000
17.397517	0.640	46,739.000000
17.408183	0.640	47,067.000000
17.418850	0.640	48,464.000000
17.429517	0.640	51,223.000000
17.440183	0.640	53,897.000000
17.450850	0.640	53,519.000000
17.461517	0.640	49,779.000000
17.472183	0.640	46,853.000000
17.482850	0.640	45,273.000000
17.493517	0.640	43,450.000000
17.504183	0.640	43,863.000000
17.514850	0.640	45,575.000000
17.525517	0.640	45,573.000000
17.536183	0.640	46,463.000000
17.546850	0.640	49,225.000000
17.557517	0.640	51,418.000000
17.568183	0.640	52,377.000000
17.578850	0.640	50,856.000000
17.589517	0.640	47,429.000000
17.600183	0.640	46,610.000000
17.610850	0.640	48,198.000000
17.621517	0.640	46,538.000000
17.632183	0.640	41,382.000000
17.642850	0.640	39,502.000000
17.653517	0.640	44,226.000000
17.664183	0.640	50,670.000000
17.674850	0.640	53,797.000000
17.685517	0.640	53,550.000000
17.696183	0.640	51,011.000000
17.706850	0.640	47,714.000000
17.717517	0.640	46,143.000000
17.728183	0.640	46,491.000000
17.738850	0.640	47,272.000000
17.749517	0.640	48,669.000000
17.760183	0.640	50,510.000000
17.770850	0.640	51,253.000000
17.781517	0.640	52,072.000000
17.792183	0.640	54,609.000000
17.802850	0.640	57,651.000000
17.813517	0.640	60,079.000000
17.824183	0.640	59,668.000000
17.834850	0.640	55,115.000000
17.845517	0.640	51,182.000000
17.856183	0.640	50,833.000000
17.866850	0.640	49,662.000000
17.877517	0.640	43,460.000000
17.888183	0.640	35,984.000000
17.898850	0.640	36,563.000000
17.909517	0.640	44,529.000000
17.920183	0.640	47,377.000000
17.930850	0.640	43,152.000000
17.941517	0.640	42,691.000000
17.952183	0.640	46,522.000000
17.962850	0.640	45,877.000000
17.973517	0.640	42,730.000000
17.984183	0.640	43,954.000000
17.994850	0.640	47,530.000000
18.005517	0.640	49,574.000000
18.016183	0.640	50,322.000000
18.026850	0.640	51,632.000000
18.037517	0.640	53,782.000000
18.048183	0.640	52,695.000000
18.058850	0.640	47,124.000000
18.069517	0.640	44,416.000000
18.080183	0.640	47,995.000000
18.090850	0.640	50,082.000000
18.101517	0.640	45,023.000000
18.112183	0.640	37,474.000000
18.122850	0.640	33,722.000000
18.133517	0.640	33,267.000000
18.144183	0.640	33,749.000000
18.154850	0.640	35,869.000000
18.165517	0.640	37,205.000000
18.176183	0.640	35,004.000000
18.186850	0.640	34,753.000000
18.197517	0.640	41,015.000000
18.208183	0.640	48,719.000000
18.218850	0.640	53,391.000000
18.229517	0.640	58,031.000000
18.240183	0.640	66,588.000000
18.250850	0.640	81,375.000000
18.261517	0.640	105,850.000000
18.272183	0.640	142,503.000000
18.282850	0.640	191,722.000000
18.293517	0.640	255,392.000000
18.304183	0.640	333,582.000000
18.314850	0.640	418,616.000000
18.325517	0.640	498,349.000000
18.336183	0.640	561,593.000000
18.346850	0.640	598,016.000000
18.357517	0.640	598,962.000000
18.368183	0.640	565,083.000000
18.378900	0.643	507,081.000000
18.389517	0.637	436,568.000000
18.400183	0.640	362,531.000000
18.410850	0.640	291,655.000000
18.421517	0.640	228,879.000000
18.432183	0.640	177,057.000000
18.442850	0.640	134,970.000000
18.453517	0.640	102,286.000000
18.464183	0.640	81,644.000000
18.474850	0.640	70,983.000000
18.485517	0.640	63,409.000000
18.496183	0.640	56,059.000000
18.506850	0.640	52,592.000000
18.517517	0.640	54,228.000000
18.528183	0.640	54,150.000000
18.538850	0.640	47,118.000000
18.549517	0.640	38,122.000000
18.560183	0.640	34,916.000000
18.570850	0.640	37,438.000000
18.581517	0.640	40,268.000000
18.592183	0.640	40,871.000000
18.602850	0.640	41,639.000000
18.613517	0.640	45,018.000000
18.624183	0.640	47,612.000000
18.634850	0.640	44,442.000000
18.645517	0.640	38,005.000000
18.656183	0.640	34,783.000000
18.666850	0.640	36,870.000000
18.677517	0.640	41,692.000000
18.688183	0.640	44,129.000000
18.698850	0.640	41,391.000000
18.709517	0.640	36,580.000000
18.720183	0.640	32,189.000000
18.730850	0.640	27,964.000000
18.741517	0.640	25,195.000000
18.752183	0.640	25,699.000000
18.762850	0.640	28,993.000000
18.773517	0.640	30,829.000000
18.784183	0.640	28,382.000000
18.794850	0.640	25,837.000000
18.805517	0.640	26,733.000000
18.816183	0.640	29,358.000000
18.826850	0.640	32,520.000000
18.837517	0.640	34,597.000000
18.848183	0.640	33,428.000000
18.858850	0.640	32,666.000000
18.869517	0.640	35,412.000000
18.880183	0.640	35,857.000000
18.890850	0.640	29,851.000000
18.901517	0.640	23,547.000000
18.912183	0.640	23,480.000000
18.922850	0.640	26,266.000000
18.933517	0.640	26,763.000000
18.944183	0.640	27,912.000000
18.954850	0.640	30,363.000000
18.965517	0.640	27,979.000000
18.976183	0.640	22,041.000000
18.986850	0.640	21,479.000000
18.997517	0.640	26,553.000000
19.008183	0.640	28,805.000000
19.018850	0.640	26,481.000000
19.029517	0.640	23,667.000000
19.040183	0.640	21,952.000000
19.050850	0.640	23,561.000000
19.061517	0.640	27,999.000000
19.072183	0.640	31,795.000000
19.082850	0.640	37,605.000000
19.093517	0.640	44,133.000000
19.104183	0.640	42,106.000000
19.114850	0.640	33,291.000000
19.125517	0.640	29,456.000000
19.136183	0.640	34,275.000000
19.146850	0.640	39,432.000000
19.157517	0.640	35,389.000000
19.168183	0.640	24,787.000000
19.178850	0.640	19,045.000000
19.189517	0.640	21,295.000000
19.200183	0.640	24,744.000000
19.210850	0.640	24,589.000000
19.221517	0.640	20,857.000000
19.232183	0.640	16,648.000000
19.242850	0.640	17,270.000000
19.253517	0.640	21,285.000000
19.264183	0.640	21,266.000000
19.274850	0.640	18,363.000000
19.285517	0.640	17,096.000000
19.296183	0.640	17,072.000000
19.306850	0.640	20,511.000000
19.317517	0.640	25,704.000000
19.328183	0.640	22,859.000000
19.338850	0.640	11,445.000000
19.349517	0.640	2,841.000000
19.360183	0.640	4,847.000000
19.370850	0.640	15,838.000000
19.381517	0.640	27,871.000000
19.392183	0.640	33,408.000000
19.402850	0.640	31,685.000000
19.413517	0.640	27,259.000000
19.424183	0.640	24,517.000000
19.434850	0.640	23,517.000000
19.445517	0.640	21,594.000000
19.456183	0.640	17,720.000000
19.466850	0.640	13,102.000000
19.477567	0.643	10,675.000000
19.488183	0.637	12,763.000000
19.498850	0.640	17,592.000000
19.509517	0.640	22,166.000000
19.520183	0.640	25,321.000000
19.530850	0.640	24,102.000000
19.541517	0.640	18,171.000000
19.552183	0.640	15,967.000000
19.562850	0.640	20,697.000000
19.573517	0.640	23,319.000000
19.584183	0.640	19,718.000000
19.594850	0.640	15,919.000000
19.605517	0.640	15,339.000000
19.616183	0.640	14,952.000000
19.626850	0.640	13,746.000000
19.637517	0.640	13,983.000000
19.648183	0.640	14,656.000000
19.658850	0.640	14,810.000000
19.669517	0.640	16,365.000000
19.680183	0.640	20,076.000000
19.690850	0.640	25,115.000000
19.701517	0.640	27,335.000000
19.712183	0.640	22,307.000000
19.722850	0.640	14,562.000000
19.733517	0.640	11,611.000000
19.744183	0.640	12,412.000000
19.754850	0.640	12,356.000000
19.765517	0.640	10,671.000000
19.776183	0.640	9,091.000000
19.786850	0.640	8,315.000000
19.797517	0.640	7,986.000000
19.808183	0.640	9,499.000000
19.818850	0.640	11,846.000000
19.829517	0.640	10,108.000000
19.840183	0.640	6,671.000000
19.850850	0.640	10,064.000000
19.861517	0.640	17,816.000000
19.872183	0.640	19,754.000000
19.882850	0.640	15,623.000000
19.893517	0.640	11,228.000000
19.904183	0.640	7,928.000000
19.914850	0.640	5,864.000000
19.925517	0.640	6,328.000000
19.936183	0.640	7,826.000000
19.946850	0.640	6,647.000000
19.957517	0.640	3,810.000000
19.968183	0.640	4,051.000000
19.978850	0.640	5,976.000000
19.989517	0.640	4,576.000000
20.000183	0.640	1,714.000000
20.010850	0.640	1,768.000000
20.021517	0.640	2,850.000000
20.032183	0.640	3,561.000000
20.042850	0.640	7,301.000000
20.053517	0.640	12,281.000000
20.064183	0.640	14,445.000000
20.074850	0.640	15,512.000000
20.085517	0.640	15,041.000000
20.096183	0.640	11,582.000000
20.106850	0.640	9,476.000000
20.117517	0.640	10,605.000000
20.128183	0.640	10,315.000000
20.138850	0.640	6,604.000000
20.149517	0.640	3,027.000000
20.160183	0.640	849.000000
20.170850	0.640	-487.000000
20.181517	0.640	2,215.000000
20.192183	0.640	9,494.000000
20.202850	0.640	14,795.000000
20.213517	0.640	13,164.000000
20.224183	0.640	8,685.000000
20.234850	0.640	8,249.000000
20.245517	0.640	9,795.000000
20.256183	0.640	8,094.000000
20.266850	0.640	6,053.000000
20.277517	0.640	7,326.000000
20.288183	0.640	9,898.000000
20.298850	0.640	11,749.000000
20.309517	0.640	12,286.000000
20.320183	0.640	10,932.000000
20.330850	0.640	9,754.000000
20.341517	0.640	10,870.000000
20.352183	0.640	12,360.000000
20.362850	0.640	12,349.000000
20.373517	0.640	11,361.000000
20.384183	0.640	11,576.000000
20.394850	0.640	14,612.000000
20.405517	0.640	18,583.000000
20.416183	0.640	22,833.000000
20.426850	0.640	29,684.000000
20.437517	0.640	38,379.000000
20.448183	0.640	45,559.000000
20.458850	0.640	52,583.000000
20.469517	0.640	65,671.000000
20.480183	0.640	85,683.000000
20.490850	0.640	108,826.000000
20.501517	0.640	138,392.000000
20.512183	0.640	179,155.000000
20.522850	0.640	229,043.000000
20.533517	0.640	289,522.000000
20.544183	0.640	367,531.000000
20.554850	0.640	465,547.000000
20.565517	0.640	583,820.000000
20.576183	0.640	727,349.000000
20.586850	0.640	905,676.000000
20.597517	0.640	1,126,646.000000
20.608183	0.640	1,391,518.000000
20.618850	0.640	1,708,904.000000
20.629517	0.640	2,107,438.000000
20.640183	0.640	2,616,065.000000
20.650850	0.640	3,257,444.000000
20.661517	0.640	4,072,944.000000
20.672183	0.640	5,119,657.000000
20.682850	0.640	6,449,081.000000
20.693517	0.640	8,102,390.000000
20.704183	0.640	10,097,165.000000
20.714850	0.640	12,402,249.000000
20.725517	0.640	14,921,286.000000
20.736183	0.640	17,506,714.000000
20.746850	0.640	19,981,110.000000
20.757517	0.640	22,107,488.000000
20.768183	0.640	23,609,649.000000
20.778850	0.640	24,305,771.000000
20.789517	0.640	24,154,859.000000
20.800183	0.640	23,202,619.000000
20.810850	0.640	21,576,058.000000
20.821517	0.640	19,453,808.000000
20.832183	0.640	17,021,562.000000
20.842850	0.640	14,493,279.000000
20.853517	0.640	12,091,644.000000
20.864183	0.640	9,970,438.000000
20.874850	0.640	8,187,195.000000
20.885517	0.640	6,742,091.000000
20.896183	0.640	5,619,509.000000
20.906850	0.640	4,780,829.000000
20.917517	0.640	4,155,727.000000
20.928183	0.640	3,681,293.000000
20.938850	0.640	3,327,129.000000
20.949517	0.640	3,074,637.000000
20.960183	0.640	2,895,522.000000
20.970850	0.640	2,755,465.000000
20.981517	0.640	2,630,758.000000
20.992183	0.640	2,515,187.000000
21.002850	0.640	2,415,329.000000
21.013517	0.640	2,338,178.000000
21.024183	0.640	2,277,914.000000
21.034850	0.640	2,221,814.000000
21.045517	0.640	2,165,307.000000
21.056183	0.640	2,110,623.000000
21.066850	0.640	2,059,846.000000
21.077517	0.640	2,015,200.000000
21.088183	0.640	1,977,009.000000
21.098850	0.640	1,942,012.000000
21.109517	0.640	1,908,797.000000
21.120183	0.640	1,879,993.000000
21.130850	0.640	1,856,005.000000
21.141517	0.640	1,833,438.000000
21.152183	0.640	1,810,877.000000
21.162850	0.640	1,789,571.000000
21.173517	0.640	1,771,463.000000
21.184183	0.640	1,757,000.000000
21.194850	0.640	1,740,848.000000
21.205517	0.640	1,716,672.000000
21.216183	0.640	1,685,683.000000
21.226850	0.640	1,653,009.000000
21.237517	0.640	1,619,410.000000
21.248183	0.640	1,582,972.000000
21.258850	0.640	1,545,194.000000
21.269517	0.640	1,508,665.000000
21.280183	0.640	1,472,897.000000
21.290850	0.640	1,436,565.000000
21.301517	0.640	1,402,050.000000
21.312183	0.640	1,375,120.000000
21.322850	0.640	1,354,936.000000
21.333517	0.640	1,333,384.000000
21.344183	0.640	1,309,523.000000
21.354850	0.640	1,288,396.000000
21.365517	0.640	1,272,526.000000
21.376183	0.640	1,264,925.000000
21.386850	0.640	1,263,639.000000
21.397517	0.640	1,259,080.000000
21.408183	0.640	1,250,098.000000
21.418850	0.640	1,243,064.000000
21.429517	0.640	1,234,148.000000
21.440183	0.640	1,219,564.000000
21.450850	0.640	1,208,301.000000
21.461517	0.640	1,202,828.000000
21.472183	0.640	1,194,695.000000
21.482850	0.640	1,184,720.000000
21.493517	0.640	1,178,593.000000
21.504183	0.640	1,170,909.000000
21.514850	0.640	1,158,609.000000
21.525517	0.640	1,151,413.000000
21.536183	0.640	1,149,865.000000
21.546850	0.640	1,142,540.000000
21.557517	0.640	1,128,085.000000
21.568183	0.640	1,112,373.000000
21.578850	0.640	1,096,545.000000
21.589517	0.640	1,081,084.000000
21.600183	0.640	1,069,307.000000
21.610850	0.640	1,060,873.000000
21.621517	0.640	1,049,688.000000
21.632183	0.640	1,033,638.000000
21.642850	0.640	1,016,332.000000
21.653517	0.640	998,435.000000
21.664183	0.640	979,241.000000
21.674850	0.640	963,340.000000
21.685517	0.640	953,129.000000
21.696183	0.640	942,671.000000
21.706850	0.640	929,187.000000
21.717517	0.640	917,720.000000
21.728183	0.640	909,983.000000
21.738850	0.640	898,582.000000
21.749517	0.640	879,648.000000
21.760183	0.640	862,748.000000
21.770850	0.640	854,266.000000
21.781517	0.640	847,042.000000
21.792183	0.640	836,379.000000
21.802850	0.640	826,905.000000
21.813517	0.640	819,673.000000
21.824183	0.640	808,864.000000
21.834850	0.640	794,200.000000
21.845517	0.640	781,714.000000
21.856183	0.640	772,464.000000
21.866850	0.640	763,977.000000
21.877517	0.640	756,508.000000
21.888183	0.640	749,637.000000
21.898850	0.640	741,159.000000
21.909517	0.640	730,771.000000
21.920183	0.640	720,736.000000
21.930850	0.640	713,745.000000
21.941517	0.640	709,559.000000
21.952183	0.640	705,185.000000
21.962850	0.640	698,627.000000
21.973517	0.640	689,810.000000
21.984183	0.640	680,388.000000
21.994850	0.640	673,577.000000
22.005517	0.640	670,389.000000
22.016183	0.640	667,620.000000
22.026850	0.640	662,024.000000
22.037517	0.640	655,652.000000
22.048183	0.640	653,218.000000
22.058850	0.640	652,620.000000
22.069517	0.640	648,001.000000
22.080183	0.640	640,514.000000
22.090850	0.640	634,019.000000
22.101517	0.640	629,398.000000
22.112183	0.640	626,029.000000
22.122850	0.640	620,269.000000
22.133517	0.640	611,337.000000
22.144183	0.640	605,008.000000
22.154850	0.640	601,754.000000
22.165517	0.640	596,523.000000
22.176183	0.640	590,406.000000
22.186850	0.640	586,365.000000
22.197517	0.640	581,980.000000
22.208183	0.640	575,487.000000
22.218850	0.640	570,090.000000
22.229517	0.640	568,850.000000
22.240183	0.640	570,394.000000
22.250850	0.640	571,604.000000
22.261517	0.640	568,672.000000
22.272183	0.640	558,333.000000
22.282850	0.640	545,481.000000
22.293517	0.640	539,647.000000
22.304183	0.640	540,881.000000
22.314850	0.640	541,269.000000
22.325517	0.640	538,524.000000
22.336183	0.640	535,895.000000
22.346850	0.640	533,088.000000
22.357517	0.640	527,581.000000
22.368183	0.640	519,938.000000
22.378850	0.640	514,893.000000
22.389517	0.640	515,847.000000
22.400183	0.640	519,082.000000
22.410850	0.640	521,070.000000
22.421517	0.640	523,017.000000
22.432183	0.640	524,161.000000
22.442850	0.640	521,981.000000
22.453517	0.640	518,068.000000
22.464183	0.640	517,288.000000
22.474850	0.640	520,613.000000
22.485517	0.640	523,139.000000
22.496183	0.640	523,892.000000
22.506850	0.640	529,471.000000
22.517517	0.640	540,333.000000
22.528183	0.640	547,678.000000
22.538850	0.640	549,166.000000
22.549517	0.640	549,646.000000
22.560183	0.640	549,298.000000
22.570850	0.640	545,298.000000
22.581517	0.640	538,723.000000
22.592183	0.640	534,237.000000
22.602850	0.640	534,450.000000
22.613517	0.640	537,321.000000
22.624183	0.640	537,960.000000
22.634850	0.640	530,888.000000
22.645517	0.640	517,855.000000
22.656183	0.640	506,621.000000
22.666850	0.640	499,369.000000
22.677517	0.640	494,201.000000
22.688183	0.640	488,231.000000
22.698850	0.640	478,737.000000
22.709517	0.640	469,601.000000
22.720183	0.640	467,277.000000
22.730850	0.640	472,851.000000
22.741517	0.640	479,814.000000
22.752183	0.640	478,862.000000
22.762850	0.640	470,362.000000
22.773517	0.640	463,354.000000
22.784183	0.640	462,962.000000
22.794850	0.640	466,270.000000
22.805517	0.640	467,250.000000
22.816183	0.640	466,041.000000
22.826850	0.640	468,474.000000
22.837517	0.640	476,516.000000
22.848183	0.640	485,783.000000
22.858850	0.640	490,226.000000
22.869517	0.640	489,790.000000
22.880183	0.640	488,581.000000
22.890850	0.640	486,692.000000
22.901517	0.640	485,055.000000
22.912183	0.640	485,409.000000
22.922850	0.640	482,018.000000
22.933517	0.640	473,988.000000
22.944183	0.640	472,579.000000
22.954850	0.640	480,605.000000
22.965517	0.640	487,726.000000
22.976183	0.640	489,351.000000
22.986850	0.640	488,539.000000
22.997517	0.640	486,189.000000
23.008183	0.640	484,404.000000
23.018850	0.640	487,382.000000
23.029517	0.640	492,560.000000
23.040183	0.640	494,421.000000
23.050850	0.640	495,359.000000
23.061517	0.640	499,540.000000
23.072183	0.640	503,341.000000
23.082850	0.640	504,054.000000
23.093517	0.640	506,879.000000
23.104183	0.640	514,569.000000
23.114850	0.640	521,006.000000
23.125517	0.640	520,650.000000
23.136183	0.640	516,166.000000
23.146850	0.640	512,343.000000
23.157517	0.640	512,020.000000
23.168183	0.640	518,679.000000
23.178850	0.640	530,872.000000
23.189517	0.640	539,728.000000
23.200183	0.640	540,871.000000
23.210850	0.640	538,598.000000
23.221517	0.640	536,728.000000
23.232183	0.640	536,375.000000
23.242850	0.640	539,389.000000
23.253517	0.640	545,245.000000
23.264183	0.640	549,384.000000
23.274850	0.640	548,576.000000
23.285517	0.640	546,160.000000
23.296183	0.640	549,295.000000
23.306850	0.640	557,290.000000
23.317517	0.640	561,832.000000
23.328183	0.640	561,867.000000
23.338850	0.640	563,500.000000
23.349517	0.640	567,143.000000
23.360183	0.640	568,487.000000
23.370850	0.640	569,438.000000
23.381517	0.640	574,797.000000
23.392183	0.640	580,958.000000
23.402850	0.640	582,877.000000
23.413517	0.640	584,724.000000
23.424183	0.640	588,874.000000
23.434850	0.640	588,274.000000
23.445517	0.640	582,242.000000
23.456183	0.640	581,453.000000
23.466850	0.640	589,089.000000
23.477517	0.640	597,369.000000
23.488183	0.640	603,291.000000
23.498850	0.640	610,304.000000
23.509517	0.640	618,389.000000
23.520183	0.640	622,885.000000
23.530850	0.640	623,825.000000
23.541517	0.640	627,215.000000
23.552183	0.640	633,803.000000
23.562850	0.640	639,919.000000
23.573517	0.640	644,459.000000
23.584183	0.640	645,381.000000
23.594850	0.640	640,343.000000
23.605517	0.640	632,089.000000
23.616183	0.640	626,822.000000
23.626850	0.640	628,590.000000
23.637517	0.640	634,701.000000
23.648183	0.640	637,015.000000
23.658850	0.640	633,954.000000
23.669517	0.640	635,444.000000
23.680183	0.640	645,098.000000
23.690850	0.640	653,512.000000
23.701517	0.640	655,436.000000
23.712183	0.640	652,827.000000
23.722850	0.640	649,145.000000
23.733517	0.640	650,068.000000
23.744183	0.640	654,782.000000
23.754850	0.640	656,657.000000
23.765517	0.640	657,937.000000
23.776183	0.640	662,567.000000
23.786850	0.640	663,934.000000
23.797517	0.640	658,490.000000
23.808183	0.640	654,455.000000
23.818850	0.640	658,139.000000
23.829517	0.640	665,606.000000
23.840183	0.640	669,294.000000
23.850850	0.640	668,596.000000
23.861517	0.640	670,136.000000
23.872183	0.640	675,442.000000
23.882850	0.640	680,979.000000
23.893517	0.640	687,118.000000
23.904183	0.640	691,829.000000
23.914850	0.640	691,343.000000
23.925517	0.640	692,207.000000
23.936183	0.640	702,502.000000
23.946850	0.640	717,534.000000
23.957517	0.640	726,805.000000
23.968183	0.640	730,391.000000
23.978850	0.640	740,165.000000
23.989517	0.640	762,429.000000
24.000183	0.640	793,864.000000
24.010850	0.640	831,812.000000
24.021517	0.640	873,909.000000
24.032183	0.640	916,688.000000
24.042850	0.640	954,052.000000
24.053517	0.640	975,964.000000
24.064183	0.640	977,736.000000
24.074850	0.640	961,219.000000
24.085517	0.640	927,196.000000
24.096183	0.640	880,544.000000
24.106850	0.640	833,819.000000
24.117517	0.640	796,812.000000
24.128183	0.640	771,275.000000
24.138850	0.640	754,407.000000
24.149517	0.640	743,539.000000
24.160183	0.640	739,796.000000
24.170850	0.640	742,713.000000
24.181517	0.640	746,649.000000
24.192183	0.640	748,905.000000
24.202850	0.640	751,494.000000
24.213517	0.640	756,022.000000
24.224183	0.640	763,082.000000
24.234850	0.640	770,320.000000
24.245517	0.640	772,897.000000
24.256183	0.640	772,609.000000
24.266850	0.640	777,696.000000
24.277517	0.640	787,929.000000
24.288183	0.640	793,738.000000
24.298850	0.640	792,723.000000
24.309517	0.640	792,046.000000
24.320183	0.640	796,541.000000
24.330850	0.640	804,087.000000
24.341517	0.640	809,918.000000
24.352183	0.640	812,636.000000
24.362850	0.640	814,445.000000
24.373517	0.640	815,901.000000
24.384183	0.640	813,830.000000
24.394850	0.640	808,175.000000
24.405517	0.640	805,837.000000
24.416183	0.640	807,981.000000
24.426850	0.640	806,994.000000
24.437517	0.640	803,357.000000
24.448183	0.640	806,964.000000
24.458850	0.640	821,335.000000
24.469517	0.640	837,352.000000
24.480183	0.640	843,584.000000
24.490850	0.640	841,908.000000
24.501517	0.640	845,751.000000
24.512183	0.640	859,871.000000
24.522850	0.640	872,028.000000
24.533517	0.640	872,499.000000
24.544183	0.640	869,852.000000
24.554850	0.640	874,315.000000
24.565517	0.640	881,682.000000
24.576183	0.640	885,322.000000
24.586850	0.640	887,500.000000
24.597517	0.640	890,820.000000
24.608183	0.640	892,997.000000
24.618850	0.640	895,498.000000
24.629517	0.640	901,235.000000
24.640183	0.640	906,488.000000
24.650850	0.640	908,891.000000
24.661517	0.640	911,507.000000
24.672183	0.640	915,657.000000
24.682850	0.640	919,681.000000
24.693517	0.640	923,355.000000
24.704183	0.640	930,915.000000
24.714850	0.640	943,821.000000
24.725517	0.640	953,629.000000
24.736183	0.640	955,031.000000
24.746850	0.640	954,858.000000
24.757517	0.640	958,842.000000
24.768183	0.640	965,864.000000
24.778850	0.640	973,759.000000
24.789517	0.640	979,828.000000
24.800183	0.640	983,423.000000
24.810850	0.640	988,120.000000
24.821517	0.640	995,508.000000
24.832183	0.640	1,002,753.000000
24.842850	0.640	1,009,151.000000
24.853517	0.640	1,018,901.000000
24.864183	0.640	1,032,780.000000
24.874850	0.640	1,044,022.000000
24.885517	0.640	1,049,220.000000
24.896183	0.640	1,052,249.000000
24.906850	0.640	1,053,441.000000
24.917517	0.640	1,049,558.000000
24.928183	0.640	1,044,481.000000
24.938850	0.640	1,046,730.000000
24.949517	0.640	1,057,151.000000
24.960183	0.640	1,066,571.000000
24.970850	0.640	1,069,905.000000
24.981517	0.640	1,074,807.000000
24.992183	0.640	1,084,941.000000
25.002850	0.640	1,093,111.000000
25.013517	0.640	1,097,717.000000
25.024183	0.640	1,101,539.000000
25.034850	0.640	1,101,650.000000
25.045517	0.640	1,098,615.000000
25.056183	0.640	1,100,563.000000
25.066850	0.640	1,109,623.000000
25.077517	0.640	1,119,855.000000
25.088183	0.640	1,128,448.000000
25.098850	0.640	1,134,862.000000
25.109517	0.640	1,137,333.000000
25.120183	0.640	1,138,883.000000
25.130850	0.640	1,144,167.000000
25.141517	0.640	1,150,664.000000
25.152183	0.640	1,155,299.000000
25.162850	0.640	1,161,975.000000
25.173517	0.640	1,173,517.000000
25.184183	0.640	1,189,799.000000
25.194850	0.640	1,220,471.000000
25.205517	0.640	1,282,936.000000
25.216183	0.640	1,381,607.000000
25.226850	0.640	1,500,441.000000
25.237517	0.640	1,616,687.000000
25.248183	0.640	1,716,822.000000
25.258850	0.640	1,796,876.000000
25.269517	0.640	1,855,591.000000
25.280183	0.640	1,898,484.000000
25.290850	0.640	1,935,096.000000
25.301517	0.640	1,965,503.000000
25.312183	0.640	1,983,099.000000
25.322850	0.640	1,990,137.000000
25.333517	0.640	1,998,160.000000
25.344183	0.640	2,011,824.000000
25.354850	0.640	2,024,241.000000
25.365517	0.640	2,028,572.000000
25.376183	0.640	2,026,484.000000
25.386850	0.640	2,025,652.000000
25.397517	0.640	2,029,485.000000
25.408183	0.640	2,032,458.000000
25.418850	0.640	2,027,359.000000
25.429517	0.640	2,013,150.000000
25.440183	0.640	1,995,572.000000
25.450850	0.640	1,984,072.000000
25.461517	0.640	1,985,016.000000
25.472183	0.640	1,993,141.000000
25.482850	0.640	1,996,511.000000
25.493517	0.640	1,991,022.000000
25.504183	0.640	1,983,418.000000
25.514850	0.640	1,981,007.000000
25.525517	0.640	1,981,606.000000
25.536183	0.640	1,975,527.000000
25.546850	0.640	1,957,351.000000
25.557517	0.640	1,931,871.000000
25.568183	0.640	1,907,650.000000
25.578850	0.640	1,890,645.000000
25.589517	0.640	1,882,312.000000
25.600183	0.640	1,876,542.000000
25.610850	0.640	1,864,579.000000
25.621517	0.640	1,846,113.000000
25.632183	0.640	1,829,740.000000
25.642850	0.640	1,820,582.000000
25.653517	0.640	1,811,170.000000
25.664183	0.640	1,795,310.000000
25.674850	0.640	1,780,127.000000
25.685517	0.640	1,770,815.000000
25.696183	0.640	1,762,784.000000
25.706850	0.640	1,754,731.000000
25.717517	0.640	1,750,690.000000
25.728183	0.640	1,751,006.000000
25.738850	0.640	1,753,771.000000
25.749517	0.640	1,755,082.000000
25.760183	0.640	1,748,913.000000
25.770850	0.640	1,736,560.000000
25.781517	0.640	1,724,421.000000
25.792183	0.640	1,717,466.000000
25.802850	0.640	1,718,888.000000
25.813517	0.640	1,723,844.000000
25.824183	0.640	1,724,558.000000
25.834850	0.640	1,724,145.000000
25.845517	0.640	1,732,426.000000
25.856183	0.640	1,755,911.000000
25.866850	0.640	1,798,450.000000
25.877517	0.640	1,860,658.000000
25.888183	0.640	1,931,039.000000
25.898850	0.640	1,983,464.000000
25.909517	0.640	1,988,740.000000
25.920183	0.640	1,934,841.000000
25.930850	0.640	1,838,989.000000
25.941517	0.640	1,731,518.000000
25.952183	0.640	1,634,872.000000
25.962850	0.640	1,560,647.000000
25.973517	0.640	1,509,232.000000
25.984183	0.640	1,472,429.000000
25.994850	0.640	1,442,552.000000
26.005517	0.640	1,417,657.000000
26.016183	0.640	1,400,759.000000
26.026850	0.640	1,391,527.000000
26.037517	0.640	1,381,719.000000
26.048183	0.640	1,367,104.000000
26.058850	0.640	1,354,222.000000
26.069517	0.640	1,349,552.000000
26.080183	0.640	1,350,295.000000
26.090850	0.640	1,349,231.000000
26.101517	0.640	1,345,723.000000
26.112183	0.640	1,346,241.000000
26.122850	0.640	1,354,325.000000
26.133517	0.640	1,366,721.000000
26.144183	0.640	1,381,765.000000
26.154850	0.640	1,397,316.000000
26.165517	0.640	1,394,942.000000
26.176183	0.640	1,353,186.000000
26.186850	0.640	1,280,262.000000
26.197567	0.643	1,210,165.000000
26.208183	0.637	1,169,024.000000
26.218850	0.640	1,156,331.000000
26.229517	0.640	1,161,839.000000
26.240183	0.640	1,187,954.000000
26.250850	0.640	1,230,055.000000
26.261517	0.640	1,255,623.000000
26.272183	0.640	1,238,372.000000
26.282850	0.640	1,190,693.000000
26.293517	0.640	1,141,391.000000
26.304183	0.640	1,102,721.000000
26.314850	0.640	1,073,106.000000
26.325517	0.640	1,057,559.000000
26.336183	0.640	1,072,945.000000
26.346850	0.640	1,147,800.000000
26.357517	0.640	1,347,308.000000
26.368183	0.640	1,817,741.000000
26.378850	0.640	2,715,886.000000
26.389517	0.640	3,883,117.000000
26.400183	0.640	4,642,559.000000
26.410850	0.640	4,349,152.000000
26.421517	0.640	3,192,271.000000
26.432183	0.640	2,013,942.000000
26.442850	0.640	1,373,909.000000
26.453517	0.640	1,197,037.000000
26.464183	0.640	1,188,605.000000
26.474850	0.640	1,194,030.000000
26.485517	0.640	1,193,990.000000
26.496183	0.640	1,202,672.000000
26.506850	0.640	1,223,140.000000
26.517517	0.640	1,243,357.000000
26.528183	0.640	1,254,144.000000
26.538850	0.640	1,258,082.000000
26.549517	0.640	1,262,440.000000
26.560183	0.640	1,270,567.000000
26.570850	0.640	1,278,726.000000
26.581517	0.640	1,283,813.000000
26.592183	0.640	1,287,416.000000
26.602850	0.640	1,288,907.000000
26.613517	0.640	1,284,141.000000
26.624183	0.640	1,275,381.000000
26.634850	0.640	1,273,104.000000
26.645517	0.640	1,282,386.000000
26.656183	0.640	1,297,081.000000
26.666850	0.640	1,310,670.000000
26.677517	0.640	1,328,131.000000
26.688183	0.640	1,362,711.000000
26.698850	0.640	1,421,827.000000
26.709567	0.643	1,508,660.000000
26.720183	0.637	1,646,699.000000
26.730850	0.640	1,886,303.000000
26.741517	0.640	2,231,995.000000
26.752183	0.640	2,537,650.000000
26.762850	0.640	2,580,975.000000
26.773517	0.640	2,337,465.000000
26.784183	0.640	2,056,933.000000
26.794850	0.640	1,972,063.000000
26.805517	0.640	2,067,502.000000
26.816183	0.640	2,189,621.000000
26.826850	0.640	2,258,281.000000
26.837517	0.640	2,324,123.000000
26.848183	0.640	2,489,782.000000
26.858850	0.640	2,843,749.000000
26.869517	0.640	3,634,871.000000
26.880183	0.640	6,487,918.000000
26.890850	0.640	18,080,702.000000
26.901517	0.640	50,855,773.000000
26.912183	0.640	105,433,444.000000
26.922850	0.640	148,956,285.000000
26.933517	0.640	140,621,020.000000
26.944183	0.640	86,354,917.000000
26.954850	0.640	33,012,418.000000
26.965517	0.640	9,392,329.000000
26.976183	0.640	6,697,424.000000
26.986850	0.640	8,014,437.000000
26.997517	0.640	9,074,795.000000
27.008183	0.640	16,394,619.000000
27.018900	0.643	45,780,475.000000
27.029517	0.637	46,660,796.000000
27.029683	0.010	79,991,194.000000
27.029850	0.010	46,660,796.000000
27.030017	0.010	79,991,194.000000
27.030183	0.010	46,660,796.000000
27.030350	0.010	79,991,194.000000
27.030517	0.010	46,660,796.000000
27.040183	0.580	46,660,796.000000
27.050850	0.640	46,660,796.000000
27.061517	0.640	46,660,796.000000
27.061683	0.010	79,991,194.000000
27.061850	0.010	46,660,796.000000
27.062017	0.010	79,991,194.000000
27.062183	0.010	46,660,796.000000
27.062350	0.010	79,991,194.000000
27.062517	0.010	46,660,796.000000
27.072183	0.580	184,291,535.000000
27.082850	0.640	104,931,921.000000
27.093517	0.640	61,262,822.000000
27.104183	0.640	38,615,868.000000
27.114850	0.640	24,165,734.000000
27.125517	0.640	17,669,027.000000
27.136183	0.640	17,461,296.000000
27.146850	0.640	17,565,252.000000
27.157517	0.640	14,853,882.000000
27.168183	0.640	11,062,697.000000
27.178850	0.640	8,845,698.000000
27.189517	0.640	8,666,107.000000
27.200183	0.640	9,704,317.000000
27.210850	0.640	11,530,415.000000
27.221517	0.640	13,652,054.000000
27.232183	0.640	14,943,769.000000
27.242850	0.640	17,586,824.000000
27.253517	0.640	41,490,794.000000
27.264183	0.640	42,371,115.000000
27.264350	0.010	73,556,672.000000
27.264517	0.010	42,371,115.000000
27.264683	0.010	73,556,672.000000
27.264850	0.010	42,371,115.000000
27.265017	0.010	73,556,672.000000
27.265183	0.010	42,371,115.000000
27.274850	0.580	42,371,115.000000
27.285517	0.640	42,371,115.000000
27.296183	0.640	42,371,115.000000
27.306850	0.640	42,371,115.000000
27.317517	0.640	42,371,115.000000
27.317683	0.010	73,556,672.000000
27.317850	0.010	42,371,115.000000
27.318017	0.010	73,556,672.000000
27.318183	0.010	42,371,115.000000
27.318350	0.010	73,556,672.000000
27.318517	0.010	42,371,115.000000
27.328183	0.580	203,095,322.000000
27.338850	0.640	108,428,863.000000
27.349517	0.640	71,254,258.000000
27.360183	0.640	64,884,350.000000
27.370850	0.640	60,335,776.000000
27.381517	0.640	61,216,097.000000
27.381683	0.010	101,824,145.000000
27.381850	0.010	61,216,097.000000
27.382017	0.010	101,824,145.000000
27.382183	0.010	61,216,097.000000
27.382350	0.010	101,824,145.000000
27.382517	0.010	61,216,097.000000
27.392183	0.580	61,216,097.000000
27.402850	0.640	61,216,097.000000
27.413517	0.640	61,216,097.000000
27.424183	0.640	61,216,097.000000
27.434850	0.640	61,216,097.000000
27.445517	0.640	61,216,097.000000
27.456183	0.640	61,216,097.000000
27.466850	0.640	61,216,097.000000
27.477517	0.640	61,216,097.000000
27.488183	0.640	61,216,097.000000
27.488350	0.010	101,824,145.000000
27.488517	0.010	61,216,097.000000
27.488683	0.010	101,824,145.000000
27.488850	0.010	61,216,097.000000
27.489017	0.010	101,824,145.000000
27.489183	0.010	61,216,097.000000
27.498850	0.580	134,156,853.000000
27.509517	0.640	112,061,290.000000
27.520183	0.640	118,505,325.000000
27.530850	0.640	115,885,635.000000
27.541517	0.640	94,460,916.000000
27.552183	0.640	72,087,417.000000
27.562850	0.640	59,174,449.000000
27.573517	0.640	51,717,919.000000
27.584183	0.640	45,425,622.000000
27.594850	0.640	40,260,801.000000
27.605517	0.640	37,090,328.000000
27.616183	0.640	35,659,034.000000
27.626850	0.640	34,461,957.000000
27.637517	0.640	32,011,681.000000
27.648183	0.640	28,825,133.000000
27.658850	0.640	26,565,257.000000
27.669517	0.640	25,441,400.000000
27.680183	0.640	24,388,039.000000
27.690850	0.640	23,034,646.000000
27.701517	0.640	21,947,234.000000
27.712183	0.640	21,428,596.000000
27.722850	0.640	21,164,083.000000
27.733517	0.640	20,840,024.000000
27.744183	0.640	20,465,514.000000
27.754850	0.640	20,340,684.000000
27.765517	0.640	20,884,688.000000
27.776183	0.640	22,113,363.000000
27.786850	0.640	23,424,794.000000
27.797517	0.640	24,118,593.000000
27.808183	0.640	23,835,809.000000
27.818850	0.640	22,665,747.000000
27.829517	0.640	21,201,571.000000
27.840183	0.640	20,197,043.000000
27.850850	0.640	19,963,814.000000
27.861517	0.640	20,265,562.000000
27.872183	0.640	20,884,128.000000
27.882850	0.640	22,786,730.000000
27.893517	0.640	30,545,893.000000
27.904183	0.640	60,286,295.000000
27.914850	0.640	61,166,616.000000
27.915017	0.010	101,749,924.000000
27.915183	0.010	61,166,616.000000
27.915350	0.010	101,749,924.000000
27.915517	0.010	61,166,616.000000
27.915683	0.010	101,749,924.000000
27.915850	0.010	61,166,616.000000
27.925517	0.580	61,166,616.000000
27.936183	0.640	61,166,616.000000
27.946850	0.640	61,166,616.000000
27.957517	0.640	61,166,616.000000
27.968183	0.640	61,166,616.000000
27.978850	0.640	61,166,616.000000
27.989517	0.640	61,166,616.000000
28.000183	0.640	61,166,616.000000
28.010850	0.640	61,166,616.000000
28.021517	0.640	61,166,616.000000
28.032183	0.640	61,166,616.000000
28.042850	0.640	61,166,616.000000
28.053517	0.640	61,166,616.000000
28.064183	0.640	61,166,616.000000
28.074850	0.640	61,166,616.000000
28.085517	0.640	61,166,616.000000
28.096183	0.640	61,166,616.000000
28.106850	0.640	61,166,616.000000
28.107017	0.010	101,749,924.000000
28.107183	0.010	61,166,616.000000
28.107350	0.010	101,749,924.000000
28.107517	0.010	61,166,616.000000
28.107683	0.010	101,749,924.000000
28.107850	0.010	61,166,616.000000
28.117517	0.580	171,944,626.000000
28.128183	0.640	82,564,907.000000
28.138850	0.640	63,197,675.000000
28.149517	0.640	67,027,041.000000
28.160183	0.640	64,571,178.000000
28.170850	0.640	55,831,415.000000
28.181517	0.640	44,538,081.000000
28.192183	0.640	33,514,386.000000
28.202850	0.640	29,249,173.000000
28.213517	0.640	39,529,874.000000
28.224183	0.640	71,857,872.000000
28.234850	0.640	125,955,082.000000
28.245517	0.640	182,822,044.000000
28.256183	0.640	217,831,398.000000
28.266850	0.640	228,868,309.000000
28.277517	0.640	233,124,681.000000
28.288183	0.640	238,931,095.000000
28.298850	0.640	239,795,190.000000
28.309517	0.640	230,896,918.000000
28.320183	0.640	216,215,308.000000
28.330850	0.640	201,286,590.000000
28.341517	0.640	186,891,547.000000
28.352183	0.640	170,075,916.000000
28.362850	0.640	147,597,378.000000
28.373517	0.640	117,938,813.000000
28.384183	0.640	83,543,141.000000
28.394850	0.640	51,904,055.000000
28.405517	0.640	30,618,042.000000
28.416183	0.640	20,584,686.000000
28.426850	0.640	16,967,814.000000
28.437517	0.640	15,947,756.000000
28.448183	0.640	17,156,028.000000
28.458850	0.640	20,148,182.000000
28.469517	0.640	22,107,580.000000
28.480183	0.640	20,511,438.000000
28.490850	0.640	16,217,410.000000
28.501517	0.640	12,131,440.000000
28.512183	0.640	9,865,093.000000
28.522850	0.640	9,010,677.000000
28.533517	0.640	8,672,942.000000
28.544183	0.640	8,458,082.000000
28.554850	0.640	8,305,820.000000
28.565517	0.640	8,142,095.000000
28.576183	0.640	7,874,058.000000
28.586850	0.640	7,517,422.000000
28.597517	0.640	7,175,157.000000
28.608183	0.640	6,902,238.000000
28.618850	0.640	6,639,469.000000
28.629517	0.640	6,248,248.000000
28.640183	0.640	5,583,350.000000
28.650850	0.640	4,605,296.000000
28.661517	0.640	3,462,488.000000
28.672183	0.640	2,401,850.000000
28.682850	0.640	1,587,127.000000
28.693517	0.640	1,041,158.000000
28.704183	0.640	723,542.000000
28.714850	0.640	687,025.000000
28.725517	0.640	988,795.000000
28.736183	0.640	1,241,346.000000
28.746850	0.640	947,877.000000
28.757517	0.640	367,250.000000
28.768183	0.640	65,058.000000
28.778850	0.640	60,693.000000
28.789517	0.640	93,742.000000
28.800183	0.640	78,502.000000
28.810850	0.640	52,888.000000
28.821517	0.640	40,885.000000
28.832183	0.640	36,989.000000
28.842850	0.640	31,573.000000
28.853517	0.640	23,275.000000
28.864183	0.640	16,650.000000
28.874850	0.640	12,653.000000
28.885517	0.640	9,107.000000
28.896183	0.640	6,829.000000
28.906850	0.640	6,201.000000
28.917517	0.640	5,579.000000
28.928183	0.640	5,685.000000
28.938850	0.640	5,685.000000
28.949517	0.640	1,955.000000
28.960183	0.640	-3,434.000000
28.970850	0.640	-5,267.000000
28.981517	0.640	-4,835.000000
28.992183	0.640	-6,186.000000
29.002850	0.640	-8,001.000000
29.013517	0.640	-7,778.000000
29.024183	0.640	-7,817.000000
29.034850	0.640	-9,213.000000
29.045517	0.640	-8,687.000000
29.056183	0.640	-6,011.000000
29.066850	0.640	-3,613.000000
29.077517	0.640	-1,057.000000
29.088183	0.640	1,545.000000
29.098850	0.640	1,285.000000
29.109517	0.640	-900.000000
29.120183	0.640	286.000000
29.130850	0.640	2,894.000000
29.141517	0.640	246.000000
29.152183	0.640	-3,898.000000
29.162850	0.640	-2,799.000000
29.173517	0.640	-1,314.000000
29.184183	0.640	-4,827.000000
29.194850	0.640	-6,912.000000
29.205517	0.640	-3,049.000000
29.216183	0.640	209.000000
29.226850	0.640	-1,090.000000
29.237517	0.640	-4,888.000000
29.248183	0.640	-8,795.000000
29.258850	0.640	-9,394.000000
29.269517	0.640	-7,811.000000
29.280183	0.640	-7,965.000000
29.290850	0.640	-8,092.000000
29.301517	0.640	-6,728.000000
29.312183	0.640	-6,821.000000
29.322850	0.640	-9,615.000000
29.333517	0.640	-11,347.000000
29.344183	0.640	-6,350.000000
29.354850	0.640	5,003.000000
29.365517	0.640	13,319.000000
29.376183	0.640	12,101.000000
29.386850	0.640	6,536.000000
29.397517	0.640	1,454.000000
29.408183	0.640	-4,324.000000
29.418850	0.640	-8,030.000000
29.429517	0.640	-6,674.000000
29.440183	0.640	-4,978.000000
29.450850	0.640	-6,575.000000
29.461517	0.640	-7,910.000000
29.472183	0.640	-5,988.000000
29.482850	0.640	-3,106.000000
29.493517	0.640	-2,961.000000
29.504183	0.640	-4,954.000000
29.514850	0.640	-4,508.000000
29.525517	0.640	-2,395.000000
29.536183	0.640	-2,332.000000
29.546850	0.640	-223.000000
29.557517	0.640	4,793.000000
29.568183	0.640	4,335.000000
29.578850	0.640	-2,359.000000
29.589517	0.640	-7,538.000000
29.600183	0.640	-7,054.000000
29.610850	0.640	-2,853.000000
29.621517	0.640	1,396.000000
29.632183	0.640	6,110.000000
29.642850	0.640	11,627.000000
29.653517	0.640	12,907.000000
29.664183	0.640	6,336.000000
29.674850	0.640	-3,161.000000
29.685517	0.640	-6,742.000000
29.696183	0.640	-4,402.000000
29.706850	0.640	-3,564.000000
29.717517	0.640	-5,906.000000
29.728183	0.640	-8,583.000000
29.738850	0.640	-10,860.000000
29.749517	0.640	-10,152.000000
29.760183	0.640	-2,912.000000
29.770850	0.640	6,372.000000
29.781517	0.640	10,219.000000
29.792183	0.640	9,087.000000
29.802850	0.640	6,995.000000
29.813517	0.640	4,691.000000
29.824183	0.640	1,623.000000
29.834850	0.640	-1,174.000000
29.845517	0.640	-2,362.000000
29.856183	0.640	-2,764.000000
29.866850	0.640	-2,181.000000
29.877517	0.640	1,153.000000
29.888183	0.640	3,169.000000
29.898850	0.640	-538.000000
29.909517	0.640	-4,716.000000
29.920183	0.640	-3,470.000000
29.930850	0.640	1,407.000000
29.941517	0.640	4,928.000000
29.952183	0.640	3,509.000000
29.962850	0.640	-1,773.000000
29.973517	0.640	-5,570.000000
29.984183	0.640	-4,709.000000
29.994850	0.640	-1,055.000000
30.005517	0.640	1,856.000000
