File Path	chrom://nnfcb-l0495/ChromeleonLocal/20180320_AA_Lars Nielsen samples Vienna_lbpet.seq/262.smp/Emission_2.channel/Emission_2.chm
Channel	Emission_2

Injection Information:
Data Vault	ChromeleonLocal
Injection	AAmix_0p25ug_mL_1
Injection Number	4
Position	RB3
Comment	
Processing Method	20171024_Calculated with IS_lbpet
Instrument Method	20161104_AA_GeminiC18_FinalVer7
Type	Calibration Standard
Status	Finished
Injection Date	20-03-2018
Injection Time	12:05:14
Injection Volume (µl)	56.500
Dilution Factor	1.0000
Weight	1.0000

Raw Data Information:
Time Min. (min)	0.007767
Time Max. (min)	30.005500
Data Points	2861
Detector	FLD
Exporting Data System	Chromeleon 7.1.2.1478
Operator	
Signal Quantity	
Signal Unit	counts
Signal Min.	-31,343.000000
Signal Max.	377,236,589.000000
Channel	Emission_2
Driver Name	FLD3000.dll
Channel Type	Evaluation
Min. Step (s)	0.010
Max. Step (s)	0.824
Average Step (s)	0.629

Signal Parameter Information:
Signal Info	266 nm /305 nm

Raw Data:
Time (min)	Step (s)	Value (counts)
0.007767	0.000	0.000000
0.021500	0.824	0.000000
0.032167	0.640	0.000000
0.042833	0.640	-2,258.000000
0.053500	0.640	-3,448.000000
0.064167	0.640	-4,188.000000
0.074833	0.640	-6,464.000000
0.085500	0.640	-5,447.000000
0.096167	0.640	1,526.000000
0.106833	0.640	3,829.000000
0.117500	0.640	-5,061.000000
0.128167	0.640	-11,905.000000
0.138833	0.640	-6,216.000000
0.149500	0.640	1,850.000000
0.160167	0.640	1,961.000000
0.170833	0.640	-2,062.000000
0.181500	0.640	-4,613.000000
0.192167	0.640	-6,902.000000
0.202833	0.640	-10,307.000000
0.213500	0.640	-11,879.000000
0.224167	0.640	-11,147.000000
0.234833	0.640	-10,595.000000
0.245500	0.640	-9,443.000000
0.256167	0.640	-6,179.000000
0.266833	0.640	-2,564.000000
0.277500	0.640	-1,660.000000
0.288167	0.640	-3,179.000000
0.298833	0.640	-4,125.000000
0.309500	0.640	-5,296.000000
0.320167	0.640	-8,908.000000
0.330833	0.640	-12,147.000000
0.341500	0.640	-12,135.000000
0.352167	0.640	-11,317.000000
0.362833	0.640	-13,262.000000
0.373500	0.640	-17,097.000000
0.384167	0.640	-17,615.000000
0.394833	0.640	-12,343.000000
0.405500	0.640	-6,842.000000
0.416167	0.640	-8,672.000000
0.426833	0.640	-17,005.000000
0.437500	0.640	-22,337.000000
0.448167	0.640	-18,775.000000
0.458833	0.640	-11,635.000000
0.469500	0.640	-7,825.000000
0.480167	0.640	-6,583.000000
0.490833	0.640	-5,416.000000
0.501500	0.640	-6,461.000000
0.512167	0.640	-11,855.000000
0.522833	0.640	-17,559.000000
0.533500	0.640	-17,797.000000
0.544167	0.640	-13,530.000000
0.554833	0.640	-9,726.000000
0.565500	0.640	-9,410.000000
0.576167	0.640	-13,076.000000
0.586833	0.640	-16,736.000000
0.597500	0.640	-14,781.000000
0.608167	0.640	-8,340.000000
0.618833	0.640	-3,574.000000
0.629500	0.640	-3,078.000000
0.640167	0.640	-5,280.000000
0.650833	0.640	-8,446.000000
0.661500	0.640	-10,491.000000
0.672167	0.640	-9,557.000000
0.682833	0.640	-6,740.000000
0.693500	0.640	-4,992.000000
0.704167	0.640	-4,964.000000
0.714833	0.640	-4,338.000000
0.725500	0.640	-3,884.000000
0.736167	0.640	-6,700.000000
0.746833	0.640	-8,971.000000
0.757500	0.640	-5,850.000000
0.768167	0.640	-2,872.000000
0.778833	0.640	-6,071.000000
0.789500	0.640	-10,731.000000
0.800167	0.640	-12,455.000000
0.810833	0.640	-14,754.000000
0.821500	0.640	-17,176.000000
0.832167	0.640	-14,390.000000
0.842833	0.640	-9,798.000000
0.853500	0.640	-11,909.000000
0.864167	0.640	-18,868.000000
0.874833	0.640	-21,460.000000
0.885500	0.640	-17,602.000000
0.896167	0.640	-12,278.000000
0.906833	0.640	-8,290.000000
0.917500	0.640	-5,605.000000
0.928167	0.640	-4,652.000000
0.938833	0.640	-5,448.000000
0.949500	0.640	-8,092.000000
0.960167	0.640	-10,353.000000
0.970833	0.640	-7,155.000000
0.981500	0.640	-1,409.000000
0.992167	0.640	-270.000000
1.002833	0.640	-1,440.000000
1.013500	0.640	-2,743.000000
1.024167	0.640	-9,014.000000
1.034833	0.640	-18,116.000000
1.045500	0.640	-21,608.000000
1.056167	0.640	-18,663.000000
1.066833	0.640	-14,970.000000
1.077500	0.640	-13,674.000000
1.088167	0.640	-13,624.000000
1.098833	0.640	-13,464.000000
1.109500	0.640	-12,889.000000
1.120167	0.640	-10,297.000000
1.130833	0.640	-5,725.000000
1.141500	0.640	-3,754.000000
1.152167	0.640	-6,214.000000
1.162833	0.640	-10,119.000000
1.173500	0.640	-14,550.000000
1.184167	0.640	-18,963.000000
1.194833	0.640	-20,512.000000
1.205500	0.640	-17,633.000000
1.216167	0.640	-12,258.000000
1.226833	0.640	-8,366.000000
1.237500	0.640	-7,699.000000
1.248167	0.640	-10,146.000000
1.258833	0.640	-13,646.000000
1.269500	0.640	-13,780.000000
1.280167	0.640	-12,717.000000
1.290833	0.640	-15,065.000000
1.301500	0.640	-15,726.000000
1.312167	0.640	-11,444.000000
1.322833	0.640	-9,324.000000
1.333500	0.640	-12,890.000000
1.344167	0.640	-16,594.000000
1.354833	0.640	-14,721.000000
1.365500	0.640	-8,634.000000
1.376167	0.640	-4,511.000000
1.386833	0.640	-4,151.000000
1.397500	0.640	-5,790.000000
1.408167	0.640	-10,500.000000
1.418833	0.640	-17,630.000000
1.429500	0.640	-21,443.000000
1.440167	0.640	-18,083.000000
1.450833	0.640	-11,271.000000
1.461500	0.640	-7,675.000000
1.472167	0.640	-7,036.000000
1.482833	0.640	-5,526.000000
1.493500	0.640	-5,735.000000
1.504167	0.640	-10,418.000000
1.514833	0.640	-16,017.000000
1.525500	0.640	-18,996.000000
1.536167	0.640	-17,657.000000
1.546833	0.640	-11,591.000000
1.557500	0.640	-5,938.000000
1.568167	0.640	-6,230.000000
1.578833	0.640	-9,984.000000
1.589500	0.640	-13,117.000000
1.600167	0.640	-14,545.000000
1.610833	0.640	-12,541.000000
1.621500	0.640	-8,514.000000
1.632167	0.640	-7,031.000000
1.642833	0.640	-8,542.000000
1.653500	0.640	-10,238.000000
1.664167	0.640	-9,559.000000
1.674833	0.640	-6,063.000000
1.685500	0.640	-3,024.000000
1.696167	0.640	-2,617.000000
1.706833	0.640	-3,932.000000
1.717500	0.640	-7,446.000000
1.728167	0.640	-12,251.000000
1.738833	0.640	-12,574.000000
1.749500	0.640	-6,690.000000
1.760167	0.640	-2,814.000000
1.770833	0.640	-8,064.000000
1.781500	0.640	-18,172.000000
1.792167	0.640	-23,217.000000
1.802833	0.640	-20,291.000000
1.813500	0.640	-13,812.000000
1.824167	0.640	-7,742.000000
1.834833	0.640	-5,844.000000
1.845500	0.640	-9,180.000000
1.856167	0.640	-13,908.000000
1.866833	0.640	-16,951.000000
1.877500	0.640	-16,745.000000
1.888167	0.640	-13,954.000000
1.898833	0.640	-11,843.000000
1.909500	0.640	-11,628.000000
1.920167	0.640	-12,213.000000
1.930833	0.640	-12,074.000000
1.941500	0.640	-10,603.000000
1.952167	0.640	-9,883.000000
1.962833	0.640	-12,176.000000
1.973500	0.640	-15,678.000000
1.984167	0.640	-15,640.000000
1.994833	0.640	-10,182.000000
2.005500	0.640	-3,620.000000
2.016167	0.640	-2,155.000000
2.026833	0.640	-5,644.000000
2.037500	0.640	-6,258.000000
2.048167	0.640	-507.000000
2.058833	0.640	3,538.000000
2.069500	0.640	-577.000000
2.080167	0.640	-8,823.000000
2.090833	0.640	-14,452.000000
2.101500	0.640	-14,323.000000
2.112167	0.640	-11,175.000000
2.122833	0.640	-9,262.000000
2.133500	0.640	-7,510.000000
2.144167	0.640	-5,652.000000
2.154833	0.640	-6,916.000000
2.165500	0.640	-10,294.000000
2.176167	0.640	-12,394.000000
2.186833	0.640	-12,869.000000
2.197500	0.640	-12,416.000000
2.208167	0.640	-10,581.000000
2.218833	0.640	-8,203.000000
2.229500	0.640	-8,357.000000
2.240167	0.640	-11,004.000000
2.250833	0.640	-10,651.000000
2.261500	0.640	-3,254.000000
2.272167	0.640	6,085.000000
2.282833	0.640	9,942.000000
2.293500	0.640	10,729.000000
2.304167	0.640	11,827.000000
2.314833	0.640	9,366.000000
2.325500	0.640	3,046.000000
2.336167	0.640	-3,125.000000
2.346833	0.640	-7,744.000000
2.357500	0.640	-9,821.000000
2.368167	0.640	-8,387.000000
2.378833	0.640	-5,036.000000
2.389500	0.640	-2,456.000000
2.400167	0.640	-2,501.000000
2.410833	0.640	-6,601.000000
2.421500	0.640	-13,371.000000
2.432167	0.640	-15,614.000000
2.442833	0.640	-8,610.000000
2.453500	0.640	177.000000
2.464167	0.640	1,474.000000
2.474833	0.640	-2,004.000000
2.485500	0.640	-3,623.000000
2.496167	0.640	-2,505.000000
2.506833	0.640	-1,145.000000
2.517500	0.640	-2,920.000000
2.528167	0.640	-7,416.000000
2.538833	0.640	-9,820.000000
2.549500	0.640	-7,933.000000
2.560167	0.640	-4,595.000000
2.570833	0.640	-2,707.000000
2.581500	0.640	-1,416.000000
2.592167	0.640	-186.000000
2.602833	0.640	-408.000000
2.613500	0.640	-3,020.000000
2.624167	0.640	-8,658.000000
2.634833	0.640	-14,269.000000
2.645500	0.640	-13,583.000000
2.656167	0.640	-6,924.000000
2.666833	0.640	-2,190.000000
2.677500	0.640	-3,625.000000
2.688167	0.640	-7,982.000000
2.698833	0.640	-11,696.000000
2.709500	0.640	-14,321.000000
2.720167	0.640	-14,992.000000
2.730833	0.640	-11,767.000000
2.741500	0.640	-5,822.000000
2.752167	0.640	-2,262.000000
2.762833	0.640	-4,044.000000
2.773500	0.640	-6,778.000000
2.784167	0.640	-5,218.000000
2.794833	0.640	-3,536.000000
2.805500	0.640	-8,331.000000
2.816167	0.640	-14,094.000000
2.826833	0.640	-11,599.000000
2.837500	0.640	-5,529.000000
2.848167	0.640	-5,142.000000
2.858833	0.640	-9,094.000000
2.869500	0.640	-12,665.000000
2.880167	0.640	-13,700.000000
2.890833	0.640	-10,943.000000
2.901500	0.640	-7,471.000000
2.912167	0.640	-8,222.000000
2.922833	0.640	-11,847.000000
2.933500	0.640	-12,994.000000
2.944167	0.640	-11,611.000000
2.954833	0.640	-12,876.000000
2.965500	0.640	-17,082.000000
2.976167	0.640	-16,613.000000
2.986833	0.640	-8,438.000000
2.997500	0.640	-801.000000
3.008167	0.640	-868.000000
3.018833	0.640	-5,770.000000
3.029500	0.640	-8,512.000000
3.040167	0.640	-8,057.000000
3.050833	0.640	-9,058.000000
3.061500	0.640	-10,930.000000
3.072167	0.640	-10,100.000000
3.082833	0.640	-9,727.000000
3.093500	0.640	-11,512.000000
3.104167	0.640	-10,747.000000
3.114833	0.640	-8,780.000000
3.125500	0.640	-10,745.000000
3.136167	0.640	-13,521.000000
3.146833	0.640	-12,608.000000
3.157500	0.640	-10,466.000000
3.168167	0.640	-11,452.000000
3.178833	0.640	-15,270.000000
3.189500	0.640	-17,262.000000
3.200167	0.640	-13,602.000000
3.210833	0.640	-5,424.000000
3.221500	0.640	987.000000
3.232167	0.640	871.000000
3.242833	0.640	-4,482.000000
3.253500	0.640	-11,045.000000
3.264167	0.640	-14,267.000000
3.274833	0.640	-12,478.000000
3.285500	0.640	-9,154.000000
3.296167	0.640	-8,247.000000
3.306833	0.640	-9,154.000000
3.317500	0.640	-7,912.000000
3.328167	0.640	-4,945.000000
3.338833	0.640	-5,410.000000
3.349500	0.640	-9,814.000000
3.360167	0.640	-13,025.000000
3.370833	0.640	-11,532.000000
3.381500	0.640	-8,368.000000
3.392167	0.640	-9,535.000000
3.402833	0.640	-14,453.000000
3.413500	0.640	-17,412.000000
3.424167	0.640	-15,911.000000
3.434833	0.640	-10,909.000000
3.445500	0.640	-6,689.000000
3.456167	0.640	-8,239.000000
3.466833	0.640	-12,938.000000
3.477500	0.640	-14,578.000000
3.488167	0.640	-14,526.000000
3.498833	0.640	-17,198.000000
3.509500	0.640	-19,783.000000
3.520167	0.640	-18,147.000000
3.530833	0.640	-13,879.000000
3.541500	0.640	-8,956.000000
3.552167	0.640	-6,913.000000
3.562833	0.640	-11,707.000000
3.573500	0.640	-17,784.000000
3.584167	0.640	-17,856.000000
3.594833	0.640	-14,554.000000
3.605500	0.640	-12,697.000000
3.616167	0.640	-11,038.000000
3.626833	0.640	-7,944.000000
3.637500	0.640	-6,685.000000
3.648167	0.640	-8,716.000000
3.658833	0.640	-10,991.000000
3.669500	0.640	-12,628.000000
3.680167	0.640	-13,276.000000
3.690833	0.640	-11,448.000000
3.701500	0.640	-10,166.000000
3.712167	0.640	-11,983.000000
3.722833	0.640	-13,616.000000
3.733500	0.640	-13,917.000000
3.744167	0.640	-14,441.000000
3.754833	0.640	-13,566.000000
3.765500	0.640	-11,101.000000
3.776167	0.640	-9,232.000000
3.786833	0.640	-6,572.000000
3.797500	0.640	-3,309.000000
3.808167	0.640	-3,245.000000
3.818833	0.640	-3,929.000000
3.829500	0.640	-2,292.000000
3.840167	0.640	-3,841.000000
3.850833	0.640	-8,982.000000
3.861500	0.640	-8,976.000000
3.872167	0.640	-3,990.000000
3.882833	0.640	-1,990.000000
3.893500	0.640	-2,351.000000
3.904167	0.640	-1,514.000000
3.914833	0.640	-2,182.000000
3.925500	0.640	-4,824.000000
3.936167	0.640	-5,894.000000
3.946833	0.640	-3,732.000000
3.957500	0.640	-912.000000
3.968167	0.640	-3,815.000000
3.978833	0.640	-11,757.000000
3.989500	0.640	-15,066.000000
4.000167	0.640	-11,848.000000
4.010833	0.640	-8,985.000000
4.021500	0.640	-8,666.000000
4.032167	0.640	-9,031.000000
4.042833	0.640	-10,229.000000
4.053500	0.640	-11,919.000000
4.064167	0.640	-11,389.000000
4.074833	0.640	-9,485.000000
4.085500	0.640	-11,122.000000
4.096167	0.640	-15,789.000000
4.106833	0.640	-18,161.000000
4.117500	0.640	-17,421.000000
4.128167	0.640	-16,849.000000
4.138833	0.640	-16,645.000000
4.149500	0.640	-13,603.000000
4.160167	0.640	-9,756.000000
4.170833	0.640	-12,719.000000
4.181500	0.640	-21,265.000000
4.192167	0.640	-23,584.000000
4.202833	0.640	-16,534.000000
4.213500	0.640	-9,594.000000
4.224167	0.640	-8,215.000000
4.234833	0.640	-10,527.000000
4.245500	0.640	-14,537.000000
4.256167	0.640	-17,318.000000
4.266833	0.640	-16,285.000000
4.277500	0.640	-13,705.000000
4.288167	0.640	-12,574.000000
4.298833	0.640	-12,499.000000
4.309500	0.640	-12,958.000000
4.320167	0.640	-12,810.000000
4.330833	0.640	-9,831.000000
4.341500	0.640	-5,895.000000
4.352167	0.640	-4,293.000000
4.362833	0.640	-4,104.000000
4.373500	0.640	-4,518.000000
4.384167	0.640	-7,762.000000
4.394833	0.640	-12,792.000000
4.405500	0.640	-14,784.000000
4.416167	0.640	-14,020.000000
4.426833	0.640	-14,338.000000
4.437500	0.640	-16,620.000000
4.448167	0.640	-20,459.000000
4.458833	0.640	-21,668.000000
4.469500	0.640	-15,494.000000
4.480167	0.640	-9,110.000000
4.490833	0.640	-12,379.000000
4.501500	0.640	-19,712.000000
4.512167	0.640	-20,282.000000
4.522833	0.640	-15,827.000000
4.533500	0.640	-13,563.000000
4.544167	0.640	-14,167.000000
4.554833	0.640	-15,723.000000
4.565500	0.640	-18,215.000000
4.576167	0.640	-20,952.000000
4.586833	0.640	-21,699.000000
4.597500	0.640	-19,692.000000
4.608167	0.640	-17,566.000000
4.618833	0.640	-16,854.000000
4.629500	0.640	-15,177.000000
4.640167	0.640	-11,982.000000
4.650833	0.640	-10,210.000000
4.661500	0.640	-10,864.000000
4.672167	0.640	-11,636.000000
4.682833	0.640	-11,429.000000
4.693500	0.640	-12,205.000000
4.704167	0.640	-13,630.000000
4.714833	0.640	-13,457.000000
4.725500	0.640	-14,215.000000
4.736167	0.640	-18,288.000000
4.746833	0.640	-20,408.000000
4.757500	0.640	-15,091.000000
4.768167	0.640	-7,084.000000
4.778833	0.640	-5,706.000000
4.789500	0.640	-11,427.000000
4.800167	0.640	-16,328.000000
4.810833	0.640	-15,890.000000
4.821500	0.640	-13,889.000000
4.832167	0.640	-14,689.000000
4.842833	0.640	-16,745.000000
4.853500	0.640	-17,802.000000
4.864167	0.640	-19,007.000000
4.874833	0.640	-21,434.000000
4.885500	0.640	-24,746.000000
4.896167	0.640	-27,070.000000
4.906833	0.640	-25,238.000000
4.917500	0.640	-20,819.000000
4.928167	0.640	-20,221.000000
4.938833	0.640	-23,566.000000
4.949500	0.640	-22,835.000000
4.960167	0.640	-12,385.000000
4.970833	0.640	8,445.000000
4.981500	0.640	42,792.000000
4.992167	0.640	93,110.000000
5.002833	0.640	146,025.000000
5.013500	0.640	176,994.000000
5.024167	0.640	177,172.000000
5.034833	0.640	159,316.000000
5.045500	0.640	138,109.000000
5.056167	0.640	119,540.000000
5.066833	0.640	102,838.000000
5.077500	0.640	83,965.000000
5.088167	0.640	61,470.000000
5.098833	0.640	40,269.000000
5.109500	0.640	26,038.000000
5.120167	0.640	17,747.000000
5.130833	0.640	10,002.000000
5.141500	0.640	596.000000
5.152167	0.640	-8,273.000000
5.162833	0.640	-14,846.000000
5.173500	0.640	-17,943.000000
5.184167	0.640	-15,653.000000
5.194833	0.640	-10,409.000000
5.205500	0.640	-7,218.000000
5.216167	0.640	-6,905.000000
5.226833	0.640	-8,319.000000
5.237500	0.640	-10,946.000000
5.248167	0.640	-13,815.000000
5.258833	0.640	-15,276.000000
5.269500	0.640	-15,519.000000
5.280167	0.640	-16,544.000000
5.290833	0.640	-17,389.000000
5.301500	0.640	-17,345.000000
5.312167	0.640	-17,966.000000
5.322833	0.640	-17,863.000000
5.333500	0.640	-15,166.000000
5.344167	0.640	-11,939.000000
5.354833	0.640	-12,421.000000
5.365500	0.640	-17,266.000000
5.376167	0.640	-21,086.000000
5.386833	0.640	-21,013.000000
5.397500	0.640	-22,503.000000
5.408167	0.640	-27,920.000000
5.418833	0.640	-29,332.000000
5.429500	0.640	-23,115.000000
5.440167	0.640	-16,564.000000
5.450833	0.640	-13,327.000000
5.461500	0.640	-11,228.000000
5.472167	0.640	-12,334.000000
5.482833	0.640	-16,861.000000
5.493500	0.640	-18,768.000000
5.504167	0.640	-17,234.000000
5.514833	0.640	-16,414.000000
5.525500	0.640	-16,129.000000
5.536167	0.640	-14,668.000000
5.546833	0.640	-12,967.000000
5.557500	0.640	-12,766.000000
5.568167	0.640	-14,765.000000
5.578833	0.640	-17,489.000000
5.589500	0.640	-18,527.000000
5.600167	0.640	-15,961.000000
5.610833	0.640	-10,801.000000
5.621500	0.640	-9,142.000000
5.632167	0.640	-12,913.000000
5.642833	0.640	-15,846.000000
5.653500	0.640	-15,909.000000
5.664167	0.640	-15,822.000000
5.674833	0.640	-13,557.000000
5.685500	0.640	-7,341.000000
5.696167	0.640	-3,776.000000
5.706833	0.640	-8,812.000000
5.717500	0.640	-17,478.000000
5.728167	0.640	-22,463.000000
5.738833	0.640	-22,215.000000
5.749500	0.640	-19,341.000000
5.760167	0.640	-18,054.000000
5.770833	0.640	-18,731.000000
5.781500	0.640	-19,759.000000
5.792167	0.640	-22,447.000000
5.802833	0.640	-25,385.000000
5.813500	0.640	-24,429.000000
5.824167	0.640	-20,908.000000
5.834833	0.640	-18,359.000000
5.845500	0.640	-16,039.000000
5.856167	0.640	-13,679.000000
5.866833	0.640	-13,767.000000
5.877500	0.640	-16,373.000000
5.888167	0.640	-19,278.000000
5.898833	0.640	-21,198.000000
5.909500	0.640	-22,331.000000
5.920167	0.640	-23,918.000000
5.930833	0.640	-25,194.000000
5.941500	0.640	-24,594.000000
5.952167	0.640	-23,763.000000
5.962833	0.640	-23,179.000000
5.973500	0.640	-22,314.000000
5.984167	0.640	-22,889.000000
5.994833	0.640	-23,386.000000
6.005500	0.640	-22,255.000000
6.016167	0.640	-22,906.000000
6.026833	0.640	-24,805.000000
6.037500	0.640	-22,770.000000
6.048167	0.640	-17,070.000000
6.058833	0.640	-13,528.000000
6.069500	0.640	-15,278.000000
6.080167	0.640	-18,807.000000
6.090833	0.640	-21,396.000000
6.101500	0.640	-24,560.000000
6.112167	0.640	-25,212.000000
6.122833	0.640	-20,920.000000
6.133500	0.640	-17,779.000000
6.144167	0.640	-19,123.000000
6.154833	0.640	-21,903.000000
6.165500	0.640	-23,460.000000
6.176167	0.640	-21,148.000000
6.186833	0.640	-15,164.000000
6.197500	0.640	-10,975.000000
6.208167	0.640	-11,276.000000
6.218833	0.640	-13,119.000000
6.229500	0.640	-12,570.000000
6.240167	0.640	-10,381.000000
6.250833	0.640	-12,535.000000
6.261500	0.640	-19,022.000000
6.272167	0.640	-23,137.000000
6.282833	0.640	-23,618.000000
6.293500	0.640	-23,240.000000
6.304167	0.640	-21,976.000000
6.314833	0.640	-19,837.000000
6.325500	0.640	-19,250.000000
6.336167	0.640	-20,999.000000
6.346833	0.640	-21,588.000000
6.357500	0.640	-19,283.000000
6.368167	0.640	-17,781.000000
6.378833	0.640	-18,478.000000
6.389500	0.640	-19,905.000000
6.400167	0.640	-21,542.000000
6.410833	0.640	-21,406.000000
6.421500	0.640	-20,634.000000
6.432167	0.640	-22,550.000000
6.442833	0.640	-23,131.000000
6.453500	0.640	-17,793.000000
6.464167	0.640	-11,555.000000
6.474833	0.640	-10,929.000000
6.485500	0.640	-14,744.000000
6.496167	0.640	-19,488.000000
6.506833	0.640	-24,334.000000
6.517500	0.640	-27,668.000000
6.528167	0.640	-26,836.000000
6.538833	0.640	-21,320.000000
6.549500	0.640	-13,767.000000
6.560167	0.640	-8,710.000000
6.570833	0.640	-8,413.000000
6.581500	0.640	-11,792.000000
6.592167	0.640	-16,787.000000
6.602833	0.640	-20,362.000000
6.613500	0.640	-20,040.000000
6.624167	0.640	-17,224.000000
6.634833	0.640	-15,629.000000
6.645500	0.640	-16,220.000000
6.656167	0.640	-16,577.000000
6.666833	0.640	-15,855.000000
6.677500	0.640	-15,389.000000
6.688167	0.640	-14,911.000000
6.698833	0.640	-15,293.000000
6.709500	0.640	-17,144.000000
6.720167	0.640	-16,882.000000
6.730833	0.640	-17,032.000000
6.741500	0.640	-23,171.000000
6.752167	0.640	-28,172.000000
6.762833	0.640	-24,611.000000
6.773500	0.640	-19,834.000000
6.784167	0.640	-22,299.000000
6.794833	0.640	-28,224.000000
6.805500	0.640	-28,190.000000
6.816167	0.640	-21,373.000000
6.826833	0.640	-16,757.000000
6.837500	0.640	-18,849.000000
6.848167	0.640	-22,611.000000
6.858833	0.640	-23,177.000000
6.869500	0.640	-22,132.000000
6.880217	0.643	-22,930.000000
6.890833	0.637	-23,500.000000
6.901500	0.640	-20,306.000000
6.912167	0.640	-17,115.000000
6.922833	0.640	-18,695.000000
6.933500	0.640	-21,042.000000
6.944167	0.640	-18,382.000000
6.954833	0.640	-13,795.000000
6.965500	0.640	-14,270.000000
6.976167	0.640	-18,886.000000
6.986833	0.640	-20,590.000000
6.997500	0.640	-18,761.000000
7.008167	0.640	-18,384.000000
7.018833	0.640	-18,720.000000
7.029500	0.640	-17,145.000000
7.040167	0.640	-16,451.000000
7.050833	0.640	-17,295.000000
7.061500	0.640	-17,409.000000
7.072167	0.640	-17,655.000000
7.082833	0.640	-18,394.000000
7.093500	0.640	-20,031.000000
7.104167	0.640	-23,283.000000
7.114833	0.640	-24,405.000000
7.125500	0.640	-22,804.000000
7.136167	0.640	-24,223.000000
7.146833	0.640	-28,925.000000
7.157500	0.640	-31,111.000000
7.168167	0.640	-28,062.000000
7.178833	0.640	-21,665.000000
7.189500	0.640	-16,994.000000
7.200167	0.640	-17,937.000000
7.210833	0.640	-21,454.000000
7.221500	0.640	-23,528.000000
7.232167	0.640	-24,905.000000
7.242833	0.640	-24,604.000000
7.253500	0.640	-20,249.000000
7.264167	0.640	-15,451.000000
7.274833	0.640	-15,227.000000
7.285500	0.640	-18,535.000000
7.296167	0.640	-22,007.000000
7.306833	0.640	-23,993.000000
7.317500	0.640	-22,348.000000
7.328167	0.640	-16,865.000000
7.338833	0.640	-12,554.000000
7.349500	0.640	-13,605.000000
7.360167	0.640	-16,734.000000
7.370833	0.640	-16,005.000000
7.381500	0.640	-13,285.000000
7.392167	0.640	-14,935.000000
7.402833	0.640	-20,704.000000
7.413500	0.640	-25,606.000000
7.424167	0.640	-27,049.000000
7.434833	0.640	-24,902.000000
7.445500	0.640	-20,352.000000
7.456167	0.640	-16,848.000000
7.466833	0.640	-16,524.000000
7.477500	0.640	-16,221.000000
7.488167	0.640	-14,643.000000
7.498833	0.640	-15,567.000000
7.509500	0.640	-17,768.000000
7.520167	0.640	-17,018.000000
7.530833	0.640	-16,480.000000
7.541500	0.640	-21,024.000000
7.552167	0.640	-27,707.000000
7.562833	0.640	-28,464.000000
7.573500	0.640	-21,311.000000
7.584167	0.640	-15,329.000000
7.594833	0.640	-16,889.000000
7.605500	0.640	-20,061.000000
7.616167	0.640	-19,696.000000
7.626833	0.640	-20,844.000000
7.637500	0.640	-26,537.000000
7.648167	0.640	-28,622.000000
7.658833	0.640	-22,917.000000
7.669500	0.640	-18,514.000000
7.680167	0.640	-20,180.000000
7.690833	0.640	-21,903.000000
7.701500	0.640	-21,993.000000
7.712167	0.640	-22,832.000000
7.722833	0.640	-21,758.000000
7.733500	0.640	-16,960.000000
7.744167	0.640	-12,711.000000
7.754833	0.640	-13,408.000000
7.765500	0.640	-17,058.000000
7.776167	0.640	-18,944.000000
7.786833	0.640	-18,579.000000
7.797500	0.640	-17,037.000000
7.808167	0.640	-14,942.000000
7.818833	0.640	-13,910.000000
7.829500	0.640	-13,899.000000
7.840167	0.640	-13,663.000000
7.850833	0.640	-13,663.000000
7.861500	0.640	-14,537.000000
7.872167	0.640	-15,309.000000
7.882833	0.640	-15,933.000000
7.893500	0.640	-18,181.000000
7.904167	0.640	-21,537.000000
7.914833	0.640	-23,140.000000
7.925500	0.640	-23,325.000000
7.936167	0.640	-24,955.000000
7.946833	0.640	-27,030.000000
7.957500	0.640	-27,013.000000
7.968167	0.640	-24,698.000000
7.978833	0.640	-18,911.000000
7.989500	0.640	-11,550.000000
8.000167	0.640	-10,071.000000
8.010833	0.640	-16,610.000000
8.021500	0.640	-23,892.000000
8.032167	0.640	-25,402.000000
8.042833	0.640	-23,404.000000
8.053500	0.640	-22,596.000000
8.064167	0.640	-21,731.000000
8.074833	0.640	-19,438.000000
8.085500	0.640	-18,525.000000
8.096167	0.640	-18,429.000000
8.106833	0.640	-15,616.000000
8.117500	0.640	-11,467.000000
8.128167	0.640	-9,708.000000
8.138833	0.640	-11,425.000000
8.149500	0.640	-15,486.000000
8.160167	0.640	-18,397.000000
8.170833	0.640	-17,753.000000
8.181500	0.640	-16,703.000000
8.192167	0.640	-18,427.000000
8.202833	0.640	-20,128.000000
8.213500	0.640	-20,139.000000
8.224167	0.640	-21,651.000000
8.234833	0.640	-23,560.000000
8.245500	0.640	-21,470.000000
8.256167	0.640	-17,071.000000
8.266833	0.640	-14,469.000000
8.277500	0.640	-13,604.000000
8.288167	0.640	-13,474.000000
8.298833	0.640	-14,797.000000
8.309500	0.640	-17,418.000000
8.320167	0.640	-18,090.000000
8.330833	0.640	-14,110.000000
8.341500	0.640	-9,894.000000
8.352167	0.640	-11,200.000000
8.362833	0.640	-15,326.000000
8.373500	0.640	-17,306.000000
8.384167	0.640	-17,129.000000
8.394833	0.640	-16,658.000000
8.405500	0.640	-18,774.000000
8.416167	0.640	-25,406.000000
8.426833	0.640	-30,897.000000
8.437500	0.640	-28,518.000000
8.448167	0.640	-22,150.000000
8.458833	0.640	-17,739.000000
8.469500	0.640	-16,010.000000
8.480167	0.640	-18,240.000000
8.490833	0.640	-21,644.000000
8.501500	0.640	-20,025.000000
8.512167	0.640	-16,444.000000
8.522833	0.640	-17,699.000000
8.533500	0.640	-21,812.000000
8.544167	0.640	-23,512.000000
8.554833	0.640	-22,316.000000
8.565500	0.640	-21,110.000000
8.576167	0.640	-23,132.000000
8.586833	0.640	-27,454.000000
8.597500	0.640	-28,235.000000
8.608167	0.640	-23,425.000000
8.618833	0.640	-18,740.000000
8.629500	0.640	-20,844.000000
8.640167	0.640	-27,523.000000
8.650833	0.640	-27,950.000000
8.661500	0.640	-20,031.000000
8.672167	0.640	-15,334.000000
8.682833	0.640	-18,675.000000
8.693500	0.640	-21,405.000000
8.704167	0.640	-18,400.000000
8.714833	0.640	-15,502.000000
8.725500	0.640	-17,871.000000
8.736167	0.640	-21,370.000000
8.746833	0.640	-21,322.000000
8.757500	0.640	-21,853.000000
8.768167	0.640	-27,003.000000
8.778833	0.640	-31,343.000000
8.789500	0.640	-28,154.000000
8.800167	0.640	-21,128.000000
8.810833	0.640	-19,951.000000
8.821500	0.640	-23,619.000000
8.832167	0.640	-22,906.000000
8.842833	0.640	-20,009.000000
8.853500	0.640	-22,886.000000
8.864167	0.640	-27,650.000000
8.874833	0.640	-27,279.000000
8.885500	0.640	-24,740.000000
8.896167	0.640	-23,822.000000
8.906833	0.640	-21,732.000000
8.917500	0.640	-18,936.000000
8.928167	0.640	-17,855.000000
8.938833	0.640	-15,900.000000
8.949500	0.640	-14,489.000000
8.960167	0.640	-18,159.000000
8.970833	0.640	-24,121.000000
8.981500	0.640	-27,549.000000
8.992167	0.640	-28,255.000000
9.002833	0.640	-25,954.000000
9.013500	0.640	-20,335.000000
9.024167	0.640	-15,565.000000
9.034833	0.640	-15,205.000000
9.045500	0.640	-16,864.000000
9.056167	0.640	-16,924.000000
9.066833	0.640	-17,494.000000
9.077500	0.640	-22,305.000000
9.088167	0.640	-27,770.000000
9.098833	0.640	-28,001.000000
9.109500	0.640	-23,299.000000
9.120167	0.640	-18,414.000000
9.130833	0.640	-17,305.000000
9.141500	0.640	-18,733.000000
9.152167	0.640	-19,240.000000
9.162833	0.640	-19,569.000000
9.173500	0.640	-20,708.000000
9.184167	0.640	-19,839.000000
9.194833	0.640	-16,947.000000
9.205500	0.640	-17,044.000000
9.216167	0.640	-21,074.000000
9.226833	0.640	-22,430.000000
9.237500	0.640	-17,516.000000
9.248167	0.640	-11,471.000000
9.258833	0.640	-9,300.000000
9.269500	0.640	-9,999.000000
9.280167	0.640	-9,937.000000
9.290833	0.640	-7,373.000000
9.301500	0.640	-5,389.000000
9.312167	0.640	-9,285.000000
9.322833	0.640	-18,312.000000
9.333500	0.640	-24,107.000000
9.344167	0.640	-22,447.000000
9.354833	0.640	-18,102.000000
9.365500	0.640	-13,782.000000
9.376167	0.640	-8,859.000000
9.386833	0.640	-6,586.000000
9.397500	0.640	-9,867.000000
9.408167	0.640	-16,905.000000
9.418833	0.640	-23,826.000000
9.429500	0.640	-27,061.000000
9.440167	0.640	-24,903.000000
9.450833	0.640	-18,346.000000
9.461500	0.640	-11,121.000000
9.472167	0.640	-8,070.000000
9.482833	0.640	-10,214.000000
9.493500	0.640	-13,014.000000
9.504167	0.640	-12,865.000000
9.514833	0.640	-11,381.000000
9.525500	0.640	-10,440.000000
9.536167	0.640	-8,078.000000
9.546833	0.640	-3,519.000000
9.557500	0.640	51.000000
9.568167	0.640	-1,160.000000
9.578833	0.640	-8,105.000000
9.589500	0.640	-14,024.000000
9.600167	0.640	-11,299.000000
9.610833	0.640	-3,072.000000
9.621500	0.640	2,954.000000
9.632167	0.640	4,721.000000
9.642833	0.640	5,253.000000
9.653500	0.640	4,615.000000
9.664167	0.640	-762.000000
9.674833	0.640	-7,251.000000
9.685500	0.640	-8,140.000000
9.696167	0.640	-5,434.000000
9.706833	0.640	-3,907.000000
9.717500	0.640	-4,191.000000
9.728167	0.640	-3,555.000000
9.738833	0.640	1,410.000000
9.749500	0.640	8,472.000000
9.760167	0.640	10,834.000000
9.770833	0.640	6,964.000000
9.781500	0.640	3,294.000000
9.792167	0.640	5,564.000000
9.802833	0.640	10,485.000000
9.813500	0.640	10,291.000000
9.824167	0.640	5,872.000000
9.834833	0.640	4,295.000000
9.845500	0.640	4,148.000000
9.856167	0.640	2,320.000000
9.866833	0.640	3,529.000000
9.877500	0.640	7,357.000000
9.888167	0.640	7,530.000000
9.898833	0.640	4,162.000000
9.909500	0.640	2,123.000000
9.920167	0.640	5,230.000000
9.930833	0.640	10,198.000000
9.941500	0.640	8,855.000000
9.952167	0.640	4,137.000000
9.962833	0.640	6,794.000000
9.973500	0.640	16,184.000000
9.984167	0.640	22,839.000000
9.994833	0.640	21,954.000000
10.005500	0.640	16,472.000000
10.016167	0.640	13,432.000000
10.026833	0.640	16,612.000000
10.037500	0.640	22,090.000000
10.048167	0.640	23,307.000000
10.058833	0.640	19,993.000000
10.069500	0.640	17,488.000000
10.080167	0.640	18,569.000000
10.090833	0.640	21,225.000000
10.101500	0.640	21,735.000000
10.112167	0.640	20,704.000000
10.122833	0.640	23,027.000000
10.133500	0.640	28,835.000000
10.144167	0.640	32,917.000000
10.154833	0.640	32,114.000000
10.165500	0.640	28,823.000000
10.176167	0.640	27,306.000000
10.186833	0.640	28,072.000000
10.197500	0.640	29,191.000000
10.208167	0.640	28,817.000000
10.218833	0.640	28,176.000000
10.229500	0.640	32,399.000000
10.240167	0.640	39,548.000000
10.250833	0.640	40,148.000000
10.261500	0.640	34,563.000000
10.272167	0.640	32,467.000000
10.282833	0.640	35,968.000000
10.293500	0.640	40,762.000000
10.304167	0.640	44,922.000000
10.314833	0.640	47,243.000000
10.325500	0.640	48,571.000000
10.336167	0.640	50,969.000000
10.346833	0.640	51,982.000000
10.357500	0.640	50,234.000000
10.368167	0.640	49,986.000000
10.378833	0.640	53,128.000000
10.389500	0.640	56,026.000000
10.400167	0.640	56,406.000000
10.410833	0.640	55,617.000000
10.421500	0.640	55,770.000000
10.432167	0.640	57,814.000000
10.442833	0.640	59,988.000000
10.453500	0.640	60,721.000000
10.464167	0.640	60,519.000000
10.474833	0.640	59,761.000000
10.485500	0.640	59,037.000000
10.496167	0.640	59,018.000000
10.506833	0.640	60,834.000000
10.517500	0.640	65,732.000000
10.528167	0.640	69,823.000000
10.538833	0.640	66,920.000000
10.549500	0.640	61,010.000000
10.560167	0.640	62,094.000000
10.570833	0.640	68,666.000000
10.581500	0.640	72,903.000000
10.592167	0.640	74,896.000000
10.602833	0.640	76,354.000000
10.613500	0.640	76,758.000000
10.624167	0.640	79,237.000000
10.634833	0.640	84,523.000000
10.645500	0.640	86,158.000000
10.656167	0.640	82,341.000000
10.666833	0.640	80,549.000000
10.677500	0.640	83,939.000000
10.688167	0.640	87,973.000000
10.698833	0.640	91,578.000000
10.709500	0.640	96,338.000000
10.720167	0.640	99,177.000000
10.730833	0.640	97,358.000000
10.741500	0.640	95,456.000000
10.752167	0.640	98,915.000000
10.762833	0.640	104,099.000000
10.773500	0.640	104,299.000000
10.784167	0.640	101,087.000000
10.794833	0.640	99,708.000000
10.805500	0.640	100,410.000000
10.816167	0.640	101,470.000000
10.826833	0.640	104,276.000000
10.837500	0.640	109,803.000000
10.848167	0.640	115,105.000000
10.858833	0.640	117,804.000000
10.869500	0.640	117,877.000000
10.880167	0.640	116,982.000000
10.890833	0.640	118,752.000000
10.901500	0.640	122,640.000000
10.912167	0.640	124,307.000000
10.922833	0.640	124,220.000000
10.933500	0.640	125,107.000000
10.944167	0.640	127,181.000000
10.954833	0.640	130,814.000000
10.965500	0.640	135,249.000000
10.976167	0.640	136,879.000000
10.986833	0.640	134,293.000000
10.997500	0.640	130,988.000000
11.008167	0.640	131,716.000000
11.018833	0.640	137,804.000000
11.029500	0.640	145,417.000000
11.040167	0.640	149,443.000000
11.050833	0.640	149,853.000000
11.061500	0.640	151,491.000000
11.072167	0.640	155,251.000000
11.082833	0.640	156,109.000000
11.093500	0.640	153,710.000000
11.104167	0.640	153,849.000000
11.114833	0.640	157,334.000000
11.125500	0.640	159,400.000000
11.136167	0.640	159,091.000000
11.146833	0.640	159,113.000000
11.157500	0.640	160,720.000000
11.168167	0.640	163,066.000000
11.178833	0.640	163,462.000000
11.189500	0.640	161,190.000000
11.200167	0.640	160,665.000000
11.210833	0.640	165,618.000000
11.221500	0.640	173,451.000000
11.232167	0.640	178,622.000000
11.242833	0.640	180,099.000000
11.253500	0.640	181,771.000000
11.264167	0.640	184,631.000000
11.274833	0.640	186,315.000000
11.285500	0.640	186,984.000000
11.296167	0.640	189,038.000000
11.306833	0.640	194,732.000000
11.317500	0.640	202,177.000000
11.328167	0.640	205,859.000000
11.338833	0.640	205,919.000000
11.349500	0.640	207,789.000000
11.360167	0.640	213,009.000000
11.370833	0.640	216,888.000000
11.381500	0.640	214,865.000000
11.392167	0.640	211,144.000000
11.402833	0.640	213,457.000000
11.413500	0.640	220,597.000000
11.424167	0.640	226,872.000000
11.434833	0.640	230,972.000000
11.445500	0.640	232,140.000000
11.456167	0.640	229,203.000000
11.466833	0.640	225,809.000000
11.477500	0.640	225,377.000000
11.488167	0.640	226,721.000000
11.498833	0.640	230,150.000000
11.509500	0.640	235,626.000000
11.520167	0.640	239,895.000000
11.530833	0.640	242,679.000000
11.541500	0.640	245,638.000000
11.552167	0.640	248,004.000000
11.562833	0.640	248,655.000000
11.573500	0.640	248,627.000000
11.584167	0.640	250,739.000000
11.594833	0.640	254,210.000000
11.605500	0.640	254,669.000000
11.616167	0.640	253,809.000000
11.626833	0.640	257,405.000000
11.637500	0.640	265,026.000000
11.648167	0.640	273,039.000000
11.658833	0.640	280,584.000000
11.669500	0.640	286,213.000000
11.680167	0.640	288,030.000000
11.690833	0.640	287,274.000000
11.701500	0.640	285,354.000000
11.712167	0.640	284,099.000000
11.722833	0.640	286,501.000000
11.733500	0.640	291,097.000000
11.744167	0.640	295,110.000000
11.754833	0.640	298,971.000000
11.765500	0.640	301,914.000000
11.776167	0.640	302,971.000000
11.786833	0.640	302,861.000000
11.797500	0.640	302,790.000000
11.808167	0.640	305,590.000000
11.818833	0.640	310,720.000000
11.829500	0.640	312,643.000000
11.840167	0.640	309,965.000000
11.850833	0.640	307,095.000000
11.861500	0.640	307,885.000000
11.872167	0.640	312,777.000000
11.882833	0.640	319,683.000000
11.893500	0.640	326,496.000000
11.904167	0.640	332,515.000000
11.914833	0.640	336,950.000000
11.925500	0.640	337,991.000000
11.936167	0.640	336,818.000000
11.946833	0.640	338,383.000000
11.957500	0.640	342,955.000000
11.968167	0.640	345,742.000000
11.978833	0.640	346,213.000000
11.989500	0.640	346,271.000000
12.000167	0.640	346,012.000000
12.010833	0.640	347,623.000000
12.021500	0.640	352,471.000000
12.032167	0.640	356,156.000000
12.042833	0.640	355,209.000000
12.053500	0.640	353,578.000000
12.064167	0.640	355,521.000000
12.074833	0.640	359,089.000000
12.085500	0.640	362,186.000000
12.096167	0.640	366,279.000000
12.106833	0.640	371,623.000000
12.117500	0.640	376,290.000000
12.128167	0.640	379,920.000000
12.138833	0.640	383,228.000000
12.149500	0.640	386,452.000000
12.160167	0.640	390,542.000000
12.170833	0.640	394,987.000000
12.181500	0.640	395,914.000000
12.192167	0.640	391,704.000000
12.202833	0.640	386,924.000000
12.213500	0.640	387,013.000000
12.224167	0.640	393,202.000000
12.234833	0.640	401,170.000000
12.245500	0.640	404,048.000000
12.256167	0.640	402,955.000000
12.266833	0.640	405,445.000000
12.277500	0.640	411,324.000000
12.288167	0.640	415,003.000000
12.298833	0.640	414,849.000000
12.309500	0.640	412,523.000000
12.320167	0.640	412,972.000000
12.330833	0.640	419,183.000000
12.341500	0.640	424,949.000000
12.352167	0.640	425,988.000000
12.362833	0.640	427,742.000000
12.373500	0.640	433,241.000000
12.384167	0.640	437,968.000000
12.394833	0.640	437,947.000000
12.405500	0.640	435,292.000000
12.416167	0.640	435,277.000000
12.426833	0.640	437,833.000000
12.437500	0.640	438,904.000000
12.448167	0.640	439,485.000000
12.458833	0.640	442,209.000000
12.469500	0.640	446,694.000000
12.480167	0.640	452,091.000000
12.490833	0.640	456,347.000000
12.501500	0.640	457,334.000000
12.512167	0.640	454,684.000000
12.522833	0.640	450,712.000000
12.533500	0.640	451,310.000000
12.544167	0.640	458,112.000000
12.554833	0.640	463,717.000000
12.565500	0.640	463,616.000000
12.576167	0.640	463,034.000000
12.586833	0.640	464,696.000000
12.597500	0.640	463,722.000000
12.608167	0.640	460,216.000000
12.618833	0.640	462,099.000000
12.629500	0.640	471,819.000000
12.640167	0.640	482,557.000000
12.650833	0.640	486,883.000000
12.661500	0.640	482,896.000000
12.672217	0.643	476,221.000000
12.682833	0.637	474,996.000000
12.693500	0.640	479,956.000000
12.704167	0.640	483,607.000000
12.714833	0.640	481,610.000000
12.725500	0.640	478,220.000000
12.736167	0.640	475,065.000000
12.746833	0.640	469,513.000000
12.757500	0.640	465,869.000000
12.768167	0.640	469,235.000000
12.778833	0.640	477,310.000000
12.789500	0.640	484,636.000000
12.800167	0.640	485,432.000000
12.810833	0.640	481,496.000000
12.821500	0.640	480,768.000000
12.832167	0.640	481,612.000000
12.842833	0.640	479,378.000000
12.853500	0.640	477,722.000000
12.864167	0.640	477,669.000000
12.874833	0.640	476,849.000000
12.885500	0.640	478,201.000000
12.896167	0.640	482,195.000000
12.906833	0.640	484,115.000000
12.917500	0.640	484,103.000000
12.928167	0.640	485,917.000000
12.938833	0.640	488,882.000000
12.949500	0.640	488,743.000000
12.960167	0.640	485,182.000000
12.970833	0.640	482,654.000000
12.981500	0.640	482,106.000000
12.992167	0.640	481,967.000000
13.002833	0.640	485,283.000000
13.013500	0.640	492,803.000000
13.024167	0.640	497,966.000000
13.034833	0.640	498,072.000000
13.045500	0.640	496,330.000000
13.056167	0.640	494,260.000000
13.066833	0.640	493,056.000000
13.077500	0.640	493,461.000000
13.088167	0.640	494,905.000000
13.098833	0.640	497,899.000000
13.109550	0.643	500,942.000000
13.120167	0.637	500,089.000000
13.130833	0.640	493,722.000000
13.141500	0.640	486,344.000000
13.152167	0.640	485,520.000000
13.162833	0.640	489,545.000000
13.173500	0.640	488,392.000000
13.184167	0.640	481,173.000000
13.194833	0.640	477,160.000000
13.205500	0.640	478,966.000000
13.216167	0.640	480,333.000000
13.226833	0.640	478,609.000000
13.237500	0.640	476,086.000000
13.248167	0.640	473,841.000000
13.258833	0.640	471,989.000000
13.269500	0.640	470,870.000000
13.280167	0.640	469,981.000000
13.290833	0.640	469,315.000000
13.301500	0.640	470,321.000000
13.312167	0.640	473,022.000000
13.322833	0.640	475,541.000000
13.333500	0.640	476,057.000000
13.344167	0.640	472,928.000000
13.354833	0.640	466,568.000000
13.365500	0.640	460,418.000000
13.376167	0.640	458,095.000000
13.386833	0.640	461,027.000000
13.397500	0.640	466,263.000000
13.408167	0.640	468,079.000000
13.418833	0.640	464,545.000000
13.429500	0.640	459,832.000000
13.440167	0.640	458,922.000000
13.450833	0.640	459,814.000000
13.461500	0.640	457,518.000000
13.472167	0.640	455,908.000000
13.482833	0.640	460,344.000000
13.493500	0.640	464,750.000000
13.504167	0.640	461,882.000000
13.514833	0.640	454,959.000000
13.525500	0.640	450,478.000000
13.536167	0.640	450,059.000000
13.546833	0.640	452,052.000000
13.557500	0.640	454,329.000000
13.568167	0.640	455,543.000000
13.578833	0.640	456,663.000000
13.589500	0.640	459,243.000000
13.600167	0.640	463,157.000000
13.610833	0.640	469,696.000000
13.621500	0.640	481,789.000000
13.632167	0.640	497,843.000000
13.642833	0.640	514,924.000000
13.653500	0.640	536,885.000000
13.664167	0.640	568,338.000000
13.674833	0.640	607,128.000000
13.685500	0.640	651,583.000000
13.696167	0.640	705,758.000000
13.706833	0.640	771,916.000000
13.717500	0.640	848,509.000000
13.728167	0.640	934,271.000000
13.738833	0.640	1,024,463.000000
13.749500	0.640	1,108,952.000000
13.760167	0.640	1,178,236.000000
13.770833	0.640	1,225,265.000000
13.781500	0.640	1,244,658.000000
13.792167	0.640	1,235,752.000000
13.802833	0.640	1,199,771.000000
13.813500	0.640	1,136,606.000000
13.824167	0.640	1,050,080.000000
13.834833	0.640	949,976.000000
13.845500	0.640	848,269.000000
13.856167	0.640	753,020.000000
13.866833	0.640	666,649.000000
13.877500	0.640	592,699.000000
13.888167	0.640	535,469.000000
13.898833	0.640	492,933.000000
13.909500	0.640	461,399.000000
13.920167	0.640	440,543.000000
13.930833	0.640	426,380.000000
13.941500	0.640	413,269.000000
13.952167	0.640	402,772.000000
13.962833	0.640	397,407.000000
13.973500	0.640	394,723.000000
13.984167	0.640	394,585.000000
13.994833	0.640	398,223.000000
14.005500	0.640	399,621.000000
14.016167	0.640	392,901.000000
14.026833	0.640	382,738.000000
14.037500	0.640	376,366.000000
14.048167	0.640	374,073.000000
14.058833	0.640	373,396.000000
14.069500	0.640	373,675.000000
14.080167	0.640	374,124.000000
14.090833	0.640	374,973.000000
14.101500	0.640	378,108.000000
14.112167	0.640	381,625.000000
14.122833	0.640	380,526.000000
14.133500	0.640	375,350.000000
14.144167	0.640	371,808.000000
14.154833	0.640	371,130.000000
14.165500	0.640	370,219.000000
14.176167	0.640	367,450.000000
14.186833	0.640	362,040.000000
14.197500	0.640	356,512.000000
14.208167	0.640	355,546.000000
14.218833	0.640	356,002.000000
14.229500	0.640	352,667.000000
14.240167	0.640	349,899.000000
14.250833	0.640	351,118.000000
14.261500	0.640	350,833.000000
14.272167	0.640	346,346.000000
14.282833	0.640	341,212.000000
14.293500	0.640	337,243.000000
14.304167	0.640	334,560.000000
14.314833	0.640	333,341.000000
14.325500	0.640	331,917.000000
14.336167	0.640	329,380.000000
14.346833	0.640	326,516.000000
14.357500	0.640	324,881.000000
14.368167	0.640	326,470.000000
14.378833	0.640	328,092.000000
14.389500	0.640	324,057.000000
14.400167	0.640	315,852.000000
14.410833	0.640	309,554.000000
14.421500	0.640	308,786.000000
14.432167	0.640	310,836.000000
14.442833	0.640	309,275.000000
14.453500	0.640	303,772.000000
14.464167	0.640	299,679.000000
14.474833	0.640	300,024.000000
14.485500	0.640	302,968.000000
14.496167	0.640	303,482.000000
14.506833	0.640	299,365.000000
14.517500	0.640	294,944.000000
14.528167	0.640	293,390.000000
14.538833	0.640	290,889.000000
14.549500	0.640	286,862.000000
14.560167	0.640	286,762.000000
14.570833	0.640	288,463.000000
14.581500	0.640	285,161.000000
14.592167	0.640	277,942.000000
14.602833	0.640	271,684.000000
14.613500	0.640	269,095.000000
14.624167	0.640	270,322.000000
14.634833	0.640	271,348.000000
14.645500	0.640	267,162.000000
14.656167	0.640	258,689.000000
14.666833	0.640	251,736.000000
14.677500	0.640	247,504.000000
14.688167	0.640	244,156.000000
14.698833	0.640	244,257.000000
14.709500	0.640	246,963.000000
14.720167	0.640	245,935.000000
14.730833	0.640	240,121.000000
14.741500	0.640	233,141.000000
14.752167	0.640	226,972.000000
14.762833	0.640	222,239.000000
14.773500	0.640	220,287.000000
14.784167	0.640	221,727.000000
14.794833	0.640	223,660.000000
14.805500	0.640	222,180.000000
14.816167	0.640	217,088.000000
14.826833	0.640	212,182.000000
14.837500	0.640	210,958.000000
14.848167	0.640	212,653.000000
14.858833	0.640	212,431.000000
14.869500	0.640	206,245.000000
14.880167	0.640	196,894.000000
14.890833	0.640	190,773.000000
14.901500	0.640	189,511.000000
14.912167	0.640	190,268.000000
14.922833	0.640	188,928.000000
14.933500	0.640	182,774.000000
14.944167	0.640	175,452.000000
14.954833	0.640	172,314.000000
14.965500	0.640	171,968.000000
14.976167	0.640	170,393.000000
14.986833	0.640	167,172.000000
14.997500	0.640	164,340.000000
15.008167	0.640	161,784.000000
15.018833	0.640	156,694.000000
15.029500	0.640	149,928.000000
15.040167	0.640	146,519.000000
15.050833	0.640	146,518.000000
15.061500	0.640	145,078.000000
15.072167	0.640	142,024.000000
15.082833	0.640	138,801.000000
15.093500	0.640	133,431.000000
15.104167	0.640	126,306.000000
15.114833	0.640	119,034.000000
15.125500	0.640	112,592.000000
15.136167	0.640	109,798.000000
15.146833	0.640	110,005.000000
15.157500	0.640	109,641.000000
15.168167	0.640	109,119.000000
15.178833	0.640	109,850.000000
15.189500	0.640	108,189.000000
15.200167	0.640	100,076.000000
15.210833	0.640	89,880.000000
15.221500	0.640	84,389.000000
15.232167	0.640	83,311.000000
15.242833	0.640	84,524.000000
15.253500	0.640	87,661.000000
15.264167	0.640	89,819.000000
15.274833	0.640	87,192.000000
15.285500	0.640	80,836.000000
15.296167	0.640	75,055.000000
15.306833	0.640	72,514.000000
15.317500	0.640	74,424.000000
15.328167	0.640	79,038.000000
15.338833	0.640	80,746.000000
15.349500	0.640	77,201.000000
15.360167	0.640	72,622.000000
15.370833	0.640	71,049.000000
15.381500	0.640	73,356.000000
15.392167	0.640	79,519.000000
15.402833	0.640	85,880.000000
15.413500	0.640	86,802.000000
15.424167	0.640	84,381.000000
15.434833	0.640	84,987.000000
15.445500	0.640	86,814.000000
15.456167	0.640	84,952.000000
15.466833	0.640	81,056.000000
15.477500	0.640	77,099.000000
15.488167	0.640	72,882.000000
15.498833	0.640	70,118.000000
15.509500	0.640	67,544.000000
15.520167	0.640	60,690.000000
15.530833	0.640	49,693.000000
15.541500	0.640	38,993.000000
15.552167	0.640	31,189.000000
15.562833	0.640	25,657.000000
15.573500	0.640	23,177.000000
15.584167	0.640	25,544.000000
15.594833	0.640	28,756.000000
15.605500	0.640	27,082.000000
15.616167	0.640	24,109.000000
15.626833	0.640	30,161.000000
15.637500	0.640	46,946.000000
15.648167	0.640	64,948.000000
15.658833	0.640	79,830.000000
15.669500	0.640	96,680.000000
15.680167	0.640	119,767.000000
15.690833	0.640	147,657.000000
15.701500	0.640	174,277.000000
15.712167	0.640	195,863.000000
15.722833	0.640	212,269.000000
15.733500	0.640	220,950.000000
15.744167	0.640	218,712.000000
15.754833	0.640	206,590.000000
15.765500	0.640	188,134.000000
15.776167	0.640	162,985.000000
15.786833	0.640	129,118.000000
15.797500	0.640	93,527.000000
15.808167	0.640	68,616.000000
15.818833	0.640	55,289.000000
15.829500	0.640	43,948.000000
15.840167	0.640	31,655.000000
15.850833	0.640	21,812.000000
15.861500	0.640	13,876.000000
15.872167	0.640	6,434.000000
15.882833	0.640	2,618.000000
15.893500	0.640	4,309.000000
15.904167	0.640	7,065.000000
15.914833	0.640	7,472.000000
15.925500	0.640	7,056.000000
15.936167	0.640	6,889.000000
15.946833	0.640	7,191.000000
15.957500	0.640	8,890.000000
15.968167	0.640	9,087.000000
15.978833	0.640	2,242.000000
15.989500	0.640	-7,845.000000
16.000167	0.640	-10,371.000000
16.010833	0.640	-4,445.000000
16.021500	0.640	1,673.000000
16.032167	0.640	3,433.000000
16.042833	0.640	1,942.000000
16.053500	0.640	-1,100.000000
16.064167	0.640	-4,093.000000
16.074833	0.640	-3,345.000000
16.085500	0.640	3,158.000000
16.096167	0.640	10,328.000000
16.106833	0.640	11,209.000000
16.117500	0.640	5,998.000000
16.128167	0.640	-748.000000
16.138833	0.640	-5,703.000000
16.149500	0.640	-6,371.000000
16.160167	0.640	-4,222.000000
16.170833	0.640	-3,268.000000
16.181500	0.640	-1,775.000000
16.192167	0.640	2,270.000000
16.202833	0.640	3,127.000000
16.213500	0.640	-1,746.000000
16.224167	0.640	-5,421.000000
16.234833	0.640	-3,908.000000
16.245500	0.640	-52.000000
16.256167	0.640	2,830.000000
16.266833	0.640	2,878.000000
16.277500	0.640	1,094.000000
16.288167	0.640	210.000000
16.298833	0.640	1,174.000000
16.309500	0.640	2,204.000000
16.320167	0.640	2,114.000000
16.330833	0.640	3,958.000000
16.341500	0.640	7,931.000000
16.352167	0.640	7,727.000000
16.362833	0.640	2,535.000000
16.373500	0.640	-1,165.000000
16.384167	0.640	-1,306.000000
16.394833	0.640	-250.000000
16.405500	0.640	2,082.000000
16.416167	0.640	6,636.000000
16.426833	0.640	10,945.000000
16.437500	0.640	10,744.000000
16.448167	0.640	6,242.000000
16.458833	0.640	3,661.000000
16.469500	0.640	5,453.000000
16.480167	0.640	5,293.000000
16.490833	0.640	1,325.000000
16.501500	0.640	259.000000
16.512167	0.640	3,527.000000
16.522833	0.640	6,593.000000
16.533500	0.640	7,780.000000
16.544167	0.640	8,369.000000
16.554833	0.640	9,141.000000
16.565500	0.640	8,891.000000
16.576167	0.640	7,693.000000
16.586833	0.640	6,269.000000
16.597500	0.640	2,505.000000
16.608167	0.640	-675.000000
16.618833	0.640	3,925.000000
16.629500	0.640	12,368.000000
16.640167	0.640	13,557.000000
16.650833	0.640	7,210.000000
16.661500	0.640	3,289.000000
16.672167	0.640	5,128.000000
16.682833	0.640	5,319.000000
16.693500	0.640	555.000000
16.704167	0.640	-3,968.000000
16.714833	0.640	-4,900.000000
16.725500	0.640	-3,111.000000
16.736167	0.640	1,091.000000
16.746833	0.640	6,449.000000
16.757500	0.640	8,107.000000
16.768167	0.640	4,418.000000
16.778833	0.640	276.000000
16.789500	0.640	-898.000000
16.800167	0.640	-95.000000
16.810833	0.640	644.000000
16.821500	0.640	-514.000000
16.832167	0.640	-1,769.000000
16.842833	0.640	798.000000
16.853500	0.640	4,416.000000
16.864167	0.640	3,439.000000
16.874833	0.640	-466.000000
16.885500	0.640	-1,607.000000
16.896167	0.640	2,735.000000
16.906833	0.640	9,822.000000
16.917500	0.640	12,130.000000
16.928167	0.640	6,436.000000
16.938833	0.640	-670.000000
16.949500	0.640	-2,541.000000
16.960167	0.640	263.000000
16.970833	0.640	2,749.000000
16.981500	0.640	839.000000
16.992167	0.640	-2,501.000000
17.002833	0.640	-1,030.000000
17.013500	0.640	3,495.000000
17.024167	0.640	4,831.000000
17.034883	0.643	4,006.000000
17.045500	0.637	5,416.000000
17.056167	0.640	8,149.000000
17.066833	0.640	9,190.000000
17.077500	0.640	7,399.000000
17.088167	0.640	4,080.000000
17.098833	0.640	3,034.000000
17.109500	0.640	5,596.000000
17.120167	0.640	8,838.000000
17.130833	0.640	11,350.000000
17.141500	0.640	13,399.000000
17.152167	0.640	14,399.000000
17.162833	0.640	14,486.000000
17.173500	0.640	12,361.000000
17.184167	0.640	7,239.000000
17.194833	0.640	3,052.000000
17.205500	0.640	2,714.000000
17.216167	0.640	7,319.000000
17.226833	0.640	16,305.000000
17.237500	0.640	22,639.000000
17.248167	0.640	23,385.000000
17.258833	0.640	25,658.000000
17.269500	0.640	32,067.000000
17.280167	0.640	36,651.000000
17.290833	0.640	34,789.000000
17.301500	0.640	29,237.000000
17.312167	0.640	27,832.000000
17.322833	0.640	33,886.000000
17.333500	0.640	40,501.000000
17.344167	0.640	38,663.000000
17.354833	0.640	30,680.000000
17.365500	0.640	27,867.000000
17.376167	0.640	33,344.000000
17.386833	0.640	39,513.000000
17.397500	0.640	41,101.000000
17.408167	0.640	38,882.000000
17.418833	0.640	35,443.000000
17.429500	0.640	33,599.000000
17.440167	0.640	34,473.000000
17.450833	0.640	36,540.000000
17.461500	0.640	40,256.000000
17.472167	0.640	46,441.000000
17.482833	0.640	49,350.000000
17.493500	0.640	45,459.000000
17.504167	0.640	40,237.000000
17.514833	0.640	38,561.000000
17.525500	0.640	39,820.000000
17.536167	0.640	38,548.000000
17.546833	0.640	32,142.000000
17.557500	0.640	27,433.000000
17.568167	0.640	28,306.000000
17.578833	0.640	30,299.000000
17.589500	0.640	31,419.000000
17.600167	0.640	32,669.000000
17.610833	0.640	33,820.000000
17.621500	0.640	36,501.000000
17.632167	0.640	41,234.000000
17.642833	0.640	42,602.000000
17.653500	0.640	38,172.000000
17.664167	0.640	35,523.000000
17.674833	0.640	39,702.000000
17.685500	0.640	43,596.000000
17.696167	0.640	41,039.000000
17.706833	0.640	35,375.000000
17.717500	0.640	30,077.000000
17.728167	0.640	25,765.000000
17.738833	0.640	25,015.000000
17.749500	0.640	29,918.000000
17.760167	0.640	38,065.000000
17.770833	0.640	46,521.000000
17.781500	0.640	53,673.000000
17.792167	0.640	55,951.000000
17.802833	0.640	53,770.000000
17.813500	0.640	52,865.000000
17.824167	0.640	52,432.000000
17.834833	0.640	47,802.000000
17.845500	0.640	41,021.000000
17.856167	0.640	36,350.000000
17.866833	0.640	34,846.000000
17.877500	0.640	34,890.000000
17.888167	0.640	32,471.000000
17.898833	0.640	26,437.000000
17.909500	0.640	21,943.000000
17.920167	0.640	23,310.000000
17.930833	0.640	27,086.000000
17.941500	0.640	26,403.000000
17.952167	0.640	21,724.000000
17.962833	0.640	20,227.000000
17.973500	0.640	24,696.000000
17.984167	0.640	30,195.000000
17.994833	0.640	30,687.000000
18.005500	0.640	27,820.000000
18.016167	0.640	28,146.000000
18.026833	0.640	31,885.000000
18.037500	0.640	35,453.000000
18.048167	0.640	37,392.000000
18.058833	0.640	35,566.000000
18.069500	0.640	31,315.000000
18.080167	0.640	30,326.000000
18.090833	0.640	30,726.000000
18.101500	0.640	26,247.000000
18.112167	0.640	19,305.000000
18.122833	0.640	15,356.000000
18.133500	0.640	15,054.000000
18.144167	0.640	17,318.000000
18.154833	0.640	19,626.000000
18.165500	0.640	19,715.000000
18.176167	0.640	17,815.000000
18.186833	0.640	14,650.000000
18.197500	0.640	14,635.000000
18.208167	0.640	21,842.000000
18.218833	0.640	30,360.000000
18.229500	0.640	33,815.000000
18.240167	0.640	35,189.000000
18.250833	0.640	39,870.000000
18.261500	0.640	50,628.000000
18.272167	0.640	68,112.000000
18.282833	0.640	90,770.000000
18.293500	0.640	115,591.000000
18.304167	0.640	143,670.000000
18.314833	0.640	181,014.000000
18.325500	0.640	227,460.000000
18.336167	0.640	274,237.000000
18.346833	0.640	311,238.000000
18.357500	0.640	332,420.000000
18.368167	0.640	339,515.000000
18.378833	0.640	335,684.000000
18.389500	0.640	317,953.000000
18.400167	0.640	283,634.000000
18.410833	0.640	237,935.000000
18.421500	0.640	190,625.000000
18.432167	0.640	149,907.000000
18.442833	0.640	118,551.000000
18.453500	0.640	94,654.000000
18.464167	0.640	77,828.000000
18.474833	0.640	68,377.000000
18.485500	0.640	62,972.000000
18.496167	0.640	58,987.000000
18.506833	0.640	55,983.000000
18.517500	0.640	50,586.000000
18.528167	0.640	40,471.000000
18.538833	0.640	32,468.000000
18.549500	0.640	34,535.000000
18.560167	0.640	42,059.000000
18.570833	0.640	43,630.000000
18.581500	0.640	37,580.000000
18.592167	0.640	32,908.000000
18.602833	0.640	34,261.000000
18.613500	0.640	36,661.000000
18.624167	0.640	36,341.000000
18.634833	0.640	34,921.000000
18.645500	0.640	33,403.000000
18.656167	0.640	30,667.000000
18.666833	0.640	26,770.000000
18.677500	0.640	23,950.000000
18.688167	0.640	23,415.000000
18.698833	0.640	23,294.000000
18.709500	0.640	22,294.000000
18.720167	0.640	22,934.000000
18.730833	0.640	26,008.000000
18.741500	0.640	27,402.000000
18.752167	0.640	26,440.000000
18.762833	0.640	26,149.000000
18.773500	0.640	26,048.000000
18.784167	0.640	24,141.000000
18.794833	0.640	20,636.000000
18.805500	0.640	18,953.000000
18.816167	0.640	21,281.000000
18.826833	0.640	23,467.000000
18.837500	0.640	22,277.000000
18.848167	0.640	20,611.000000
18.858833	0.640	21,279.000000
18.869500	0.640	23,655.000000
18.880167	0.640	25,936.000000
18.890833	0.640	26,295.000000
18.901500	0.640	24,101.000000
18.912167	0.640	21,139.000000
18.922833	0.640	18,265.000000
18.933500	0.640	14,780.000000
18.944167	0.640	12,639.000000
18.954833	0.640	13,647.000000
18.965500	0.640	15,286.000000
18.976167	0.640	14,645.000000
18.986833	0.640	13,381.000000
18.997500	0.640	15,242.000000
19.008167	0.640	18,549.000000
19.018833	0.640	18,110.000000
19.029500	0.640	14,369.000000
19.040167	0.640	11,723.000000
19.050833	0.640	11,581.000000
19.061500	0.640	12,850.000000
19.072167	0.640	14,307.000000
19.082833	0.640	14,950.000000
19.093500	0.640	14,981.000000
19.104167	0.640	14,951.000000
19.114833	0.640	13,861.000000
19.125500	0.640	11,635.000000
19.136167	0.640	10,578.000000
19.146833	0.640	11,890.000000
19.157500	0.640	14,147.000000
19.168167	0.640	14,859.000000
19.178833	0.640	12,892.000000
19.189500	0.640	10,016.000000
19.200167	0.640	10,046.000000
19.210833	0.640	14,128.000000
19.221500	0.640	17,576.000000
19.232167	0.640	16,556.000000
19.242833	0.640	12,133.000000
19.253500	0.640	6,760.000000
19.264167	0.640	4,783.000000
19.274833	0.640	8,715.000000
19.285500	0.640	13,880.000000
19.296167	0.640	15,399.000000
19.306833	0.640	11,965.000000
19.317500	0.640	5,441.000000
19.328167	0.640	2,740.000000
19.338833	0.640	4,521.000000
19.349500	0.640	3,953.000000
19.360167	0.640	2,723.000000
19.370833	0.640	3,672.000000
19.381500	0.640	1,500.000000
19.392167	0.640	-1,982.000000
19.402833	0.640	942.000000
19.413500	0.640	8,386.000000
19.424167	0.640	13,294.000000
19.434833	0.640	12,720.000000
19.445500	0.640	9,049.000000
19.456167	0.640	7,699.000000
19.466833	0.640	9,984.000000
19.477500	0.640	10,162.000000
19.488167	0.640	5,183.000000
19.498833	0.640	1,126.000000
19.509500	0.640	2,819.000000
19.520167	0.640	6,314.000000
19.530833	0.640	8,407.000000
19.541500	0.640	11,653.000000
19.552167	0.640	14,055.000000
19.562833	0.640	11,187.000000
19.573500	0.640	7,914.000000
19.584167	0.640	7,721.000000
19.594833	0.640	4,917.000000
19.605500	0.640	-223.000000
19.616167	0.640	-330.000000
19.626833	0.640	3,845.000000
19.637500	0.640	4,144.000000
19.648167	0.640	-737.000000
19.658833	0.640	-3,559.000000
19.669500	0.640	-1,119.000000
19.680167	0.640	2,478.000000
19.690833	0.640	4,318.000000
19.701500	0.640	5,106.000000
19.712167	0.640	5,339.000000
19.722833	0.640	4,878.000000
19.733500	0.640	3,729.000000
19.744167	0.640	1,241.000000
19.754833	0.640	-2,744.000000
19.765500	0.640	-5,913.000000
19.776167	0.640	-4,342.000000
19.786833	0.640	2,247.000000
19.797500	0.640	9,454.000000
19.808167	0.640	13,601.000000
19.818833	0.640	12,499.000000
19.829500	0.640	7,386.000000
19.840167	0.640	2,483.000000
19.850833	0.640	-739.000000
19.861500	0.640	1,039.000000
19.872167	0.640	9,672.000000
19.882833	0.640	16,091.000000
19.893500	0.640	13,620.000000
19.904167	0.640	7,019.000000
19.914833	0.640	2,158.000000
19.925500	0.640	1,140.000000
19.936167	0.640	2,503.000000
19.946833	0.640	2,796.000000
19.957500	0.640	2,442.000000
19.968167	0.640	4,443.000000
19.978833	0.640	6,036.000000
19.989500	0.640	3,142.000000
20.000167	0.640	64.000000
20.010833	0.640	194.000000
20.021500	0.640	-1,355.000000
20.032167	0.640	-5,524.000000
20.042833	0.640	-7,449.000000
20.053500	0.640	-5,657.000000
20.064167	0.640	-1,711.000000
20.074833	0.640	1,169.000000
20.085500	0.640	1,476.000000
20.096167	0.640	1,887.000000
20.106833	0.640	2,561.000000
20.117500	0.640	2,412.000000
20.128167	0.640	2,704.000000
20.138833	0.640	1,065.000000
20.149500	0.640	-4,389.000000
20.160167	0.640	-7,677.000000
20.170833	0.640	-3,964.000000
20.181500	0.640	2,577.000000
20.192167	0.640	5,861.000000
20.202833	0.640	5,603.000000
20.213500	0.640	4,111.000000
20.224167	0.640	2,844.000000
20.234833	0.640	2,824.000000
20.245500	0.640	1,887.000000
20.256167	0.640	-1,024.000000
20.266833	0.640	-1,340.000000
20.277500	0.640	1,915.000000
20.288167	0.640	2,440.000000
20.298833	0.640	-3,021.000000
20.309500	0.640	-8,941.000000
20.320167	0.640	-9,326.000000
20.330833	0.640	-5,518.000000
20.341500	0.640	-778.000000
20.352167	0.640	3,479.000000
20.362833	0.640	5,141.000000
20.373500	0.640	4,530.000000
20.384167	0.640	5,174.000000
20.394833	0.640	8,205.000000
20.405500	0.640	11,079.000000
20.416167	0.640	12,388.000000
20.426833	0.640	15,159.000000
20.437500	0.640	22,316.000000
20.448167	0.640	33,544.000000
20.458833	0.640	48,456.000000
20.469500	0.640	66,097.000000
20.480167	0.640	84,036.000000
20.490833	0.640	103,125.000000
20.501500	0.640	129,299.000000
20.512167	0.640	165,866.000000
20.522833	0.640	210,137.000000
20.533500	0.640	262,535.000000
20.544167	0.640	327,575.000000
20.554833	0.640	407,856.000000
20.565500	0.640	508,462.000000
20.576167	0.640	636,613.000000
20.586833	0.640	793,794.000000
20.597500	0.640	978,336.000000
20.608167	0.640	1,194,763.000000
20.618833	0.640	1,456,435.000000
20.629500	0.640	1,778,549.000000
20.640167	0.640	2,176,171.000000
20.650833	0.640	2,670,710.000000
20.661500	0.640	3,295,329.000000
20.672167	0.640	4,092,384.000000
20.682833	0.640	5,098,751.000000
20.693500	0.640	6,352,785.000000
20.704167	0.640	7,900,619.000000
20.714833	0.640	9,743,575.000000
20.725500	0.640	11,814,325.000000
20.736167	0.640	14,021,427.000000
20.746833	0.640	16,237,308.000000
20.757500	0.640	18,257,482.000000
20.768167	0.640	19,870,263.000000
20.778833	0.640	20,918,655.000000
20.789500	0.640	21,273,881.000000
20.800167	0.640	20,898,471.000000
20.810833	0.640	19,891,354.000000
20.821500	0.640	18,394,522.000000
20.832167	0.640	16,553,608.000000
20.842833	0.640	14,526,876.000000
20.853500	0.640	12,480,555.000000
20.864167	0.640	10,583,361.000000
20.874833	0.640	8,954,061.000000
20.885500	0.640	7,620,809.000000
20.896167	0.640	6,551,277.000000
20.906833	0.640	5,707,869.000000
20.917500	0.640	5,064,699.000000
20.928167	0.640	4,589,846.000000
20.938833	0.640	4,238,724.000000
20.949500	0.640	3,964,310.000000
20.960167	0.640	3,738,496.000000
20.970833	0.640	3,554,129.000000
20.981500	0.640	3,402,572.000000
20.992167	0.640	3,276,019.000000
21.002833	0.640	3,173,692.000000
21.013500	0.640	3,087,844.000000
21.024167	0.640	3,006,904.000000
21.034833	0.640	2,928,149.000000
21.045500	0.640	2,853,208.000000
21.056167	0.640	2,782,967.000000
21.066833	0.640	2,721,126.000000
21.077500	0.640	2,667,582.000000
21.088167	0.640	2,614,570.000000
21.098833	0.640	2,560,518.000000
21.109500	0.640	2,510,785.000000
21.120167	0.640	2,465,555.000000
21.130833	0.640	2,419,505.000000
21.141500	0.640	2,370,103.000000
21.152167	0.640	2,321,551.000000
21.162833	0.640	2,276,228.000000
21.173500	0.640	2,231,750.000000
21.184167	0.640	2,188,900.000000
21.194833	0.640	2,149,988.000000
21.205500	0.640	2,116,152.000000
21.216167	0.640	2,087,988.000000
21.226833	0.640	2,061,840.000000
21.237500	0.640	2,033,430.000000
21.248167	0.640	2,003,455.000000
21.258833	0.640	1,974,035.000000
21.269500	0.640	1,946,987.000000
21.280167	0.640	1,924,476.000000
21.290833	0.640	1,903,863.000000
21.301500	0.640	1,878,200.000000
21.312167	0.640	1,849,174.000000
21.322833	0.640	1,825,901.000000
21.333500	0.640	1,808,454.000000
21.344167	0.640	1,790,719.000000
21.354833	0.640	1,771,654.000000
21.365500	0.640	1,752,909.000000
21.376167	0.640	1,735,055.000000
21.386833	0.640	1,717,948.000000
21.397500	0.640	1,703,381.000000
21.408167	0.640	1,695,712.000000
21.418833	0.640	1,693,756.000000
21.429500	0.640	1,687,837.000000
21.440167	0.640	1,671,992.000000
21.450833	0.640	1,653,022.000000
21.461500	0.640	1,642,155.000000
21.472167	0.640	1,638,729.000000
21.482833	0.640	1,630,520.000000
21.493500	0.640	1,613,108.000000
21.504167	0.640	1,598,231.000000
21.514833	0.640	1,594,531.000000
21.525500	0.640	1,589,312.000000
21.536167	0.640	1,570,783.000000
21.546833	0.640	1,552,051.000000
21.557500	0.640	1,545,057.000000
21.568167	0.640	1,540,055.000000
21.578833	0.640	1,527,448.000000
21.589500	0.640	1,507,991.000000
21.600167	0.640	1,484,931.000000
21.610833	0.640	1,466,161.000000
21.621500	0.640	1,455,282.000000
21.632167	0.640	1,440,869.000000
21.642833	0.640	1,416,742.000000
21.653500	0.640	1,392,062.000000
21.664167	0.640	1,371,831.000000
21.674833	0.640	1,352,609.000000
21.685500	0.640	1,331,738.000000
21.696167	0.640	1,310,161.000000
21.706833	0.640	1,290,986.000000
21.717500	0.640	1,274,315.000000
21.728167	0.640	1,256,729.000000
21.738833	0.640	1,236,738.000000
21.749500	0.640	1,215,984.000000
21.760167	0.640	1,195,179.000000
21.770833	0.640	1,174,734.000000
21.781500	0.640	1,157,258.000000
21.792167	0.640	1,143,084.000000
21.802833	0.640	1,129,518.000000
21.813500	0.640	1,113,400.000000
21.824167	0.640	1,093,234.000000
21.834833	0.640	1,075,804.000000
21.845500	0.640	1,067,365.000000
21.856167	0.640	1,061,110.000000
21.866833	0.640	1,048,492.000000
21.877500	0.640	1,029,166.000000
21.888167	0.640	1,010,567.000000
21.898833	0.640	1,000,224.000000
21.909500	0.640	994,823.000000
21.920167	0.640	988,012.000000
21.930833	0.640	979,181.000000
21.941500	0.640	969,531.000000
21.952167	0.640	958,667.000000
21.962833	0.640	945,030.000000
21.973500	0.640	930,059.000000
21.984167	0.640	917,551.000000
21.994833	0.640	909,659.000000
22.005500	0.640	905,293.000000
22.016167	0.640	899,185.000000
22.026833	0.640	888,396.000000
22.037500	0.640	878,573.000000
22.048167	0.640	873,298.000000
22.058833	0.640	866,618.000000
22.069500	0.640	856,868.000000
22.080167	0.640	849,395.000000
22.090833	0.640	843,453.000000
22.101500	0.640	836,400.000000
22.112167	0.640	830,265.000000
22.122833	0.640	825,246.000000
22.133500	0.640	820,412.000000
22.144167	0.640	815,601.000000
22.154833	0.640	807,377.000000
22.165500	0.640	794,499.000000
22.176167	0.640	782,161.000000
22.186833	0.640	774,370.000000
22.197500	0.640	769,619.000000
22.208167	0.640	763,812.000000
22.218833	0.640	756,212.000000
22.229500	0.640	750,251.000000
22.240167	0.640	746,984.000000
22.250833	0.640	744,862.000000
22.261500	0.640	742,609.000000
22.272167	0.640	737,601.000000
22.282833	0.640	728,713.000000
22.293500	0.640	718,834.000000
22.304167	0.640	710,931.000000
22.314833	0.640	706,335.000000
22.325500	0.640	703,084.000000
22.336167	0.640	697,335.000000
22.346833	0.640	689,596.000000
22.357500	0.640	682,751.000000
22.368167	0.640	679,113.000000
22.378833	0.640	678,274.000000
22.389500	0.640	674,723.000000
22.400167	0.640	667,207.000000
22.410833	0.640	660,250.000000
22.421500	0.640	655,252.000000
22.432167	0.640	651,086.000000
22.442833	0.640	643,953.000000
22.453500	0.640	631,675.000000
22.464167	0.640	622,364.000000
22.474833	0.640	621,816.000000
22.485500	0.640	621,564.000000
22.496167	0.640	614,769.000000
22.506833	0.640	606,856.000000
22.517500	0.640	602,080.000000
22.528167	0.640	597,197.000000
22.538833	0.640	591,474.000000
22.549500	0.640	586,692.000000
22.560167	0.640	581,078.000000
22.570833	0.640	574,435.000000
22.581500	0.640	570,101.000000
22.592167	0.640	568,307.000000
22.602833	0.640	563,080.000000
22.613500	0.640	552,171.000000
22.624167	0.640	545,889.000000
22.634833	0.640	549,858.000000
22.645500	0.640	554,191.000000
22.656167	0.640	552,524.000000
22.666833	0.640	548,773.000000
22.677500	0.640	544,893.000000
22.688167	0.640	539,026.000000
22.698833	0.640	532,207.000000
22.709500	0.640	527,825.000000
22.720167	0.640	524,985.000000
22.730833	0.640	520,332.000000
22.741500	0.640	515,214.000000
22.752167	0.640	512,690.000000
22.762833	0.640	511,196.000000
22.773500	0.640	507,873.000000
22.784167	0.640	504,509.000000
22.794833	0.640	503,487.000000
22.805500	0.640	502,340.000000
22.816167	0.640	500,863.000000
22.826833	0.640	502,807.000000
22.837500	0.640	505,023.000000
22.848167	0.640	502,405.000000
22.858833	0.640	498,375.000000
22.869500	0.640	495,521.000000
22.880167	0.640	490,447.000000
22.890833	0.640	483,684.000000
22.901500	0.640	481,436.000000
22.912167	0.640	485,892.000000
22.922833	0.640	491,447.000000
22.933500	0.640	491,906.000000
22.944167	0.640	485,892.000000
22.954833	0.640	478,043.000000
22.965500	0.640	475,945.000000
22.976167	0.640	480,727.000000
22.986833	0.640	486,112.000000
22.997500	0.640	486,369.000000
23.008167	0.640	482,382.000000
23.018833	0.640	481,439.000000
23.029500	0.640	485,045.000000
23.040167	0.640	485,344.000000
23.050833	0.640	479,530.000000
23.061500	0.640	472,647.000000
23.072167	0.640	469,284.000000
23.082833	0.640	471,067.000000
23.093500	0.640	475,184.000000
23.104167	0.640	477,431.000000
23.114833	0.640	478,045.000000
23.125500	0.640	477,459.000000
23.136167	0.640	474,625.000000
23.146833	0.640	473,107.000000
23.157500	0.640	475,530.000000
23.168167	0.640	477,523.000000
23.178833	0.640	475,635.000000
23.189500	0.640	472,504.000000
23.200167	0.640	472,166.000000
23.210833	0.640	474,945.000000
23.221500	0.640	478,810.000000
23.232167	0.640	481,694.000000
23.242833	0.640	481,103.000000
23.253500	0.640	477,019.000000
23.264167	0.640	473,422.000000
23.274833	0.640	472,753.000000
23.285500	0.640	471,824.000000
23.296167	0.640	468,414.000000
23.306833	0.640	468,216.000000
23.317500	0.640	476,151.000000
23.328167	0.640	486,881.000000
23.338833	0.640	492,402.000000
23.349500	0.640	490,826.000000
23.360167	0.640	485,310.000000
23.370833	0.640	480,995.000000
23.381500	0.640	480,750.000000
23.392167	0.640	483,744.000000
23.402833	0.640	488,013.000000
23.413500	0.640	489,093.000000
23.424167	0.640	483,219.000000
23.434833	0.640	476,444.000000
23.445500	0.640	479,194.000000
23.456167	0.640	490,523.000000
23.466833	0.640	498,836.000000
23.477500	0.640	497,869.000000
23.488167	0.640	494,716.000000
23.498833	0.640	498,691.000000
23.509500	0.640	505,031.000000
23.520167	0.640	503,803.000000
23.530833	0.640	501,212.000000
23.541500	0.640	508,364.000000
23.552167	0.640	519,002.000000
23.562833	0.640	520,750.000000
23.573500	0.640	514,718.000000
23.584167	0.640	509,559.000000
23.594833	0.640	508,758.000000
23.605500	0.640	512,379.000000
23.616167	0.640	519,483.000000
23.626833	0.640	524,385.000000
23.637500	0.640	522,895.000000
23.648167	0.640	519,367.000000
23.658833	0.640	517,296.000000
23.669500	0.640	515,318.000000
23.680167	0.640	515,039.000000
23.690833	0.640	517,488.000000
23.701500	0.640	518,729.000000
23.712167	0.640	517,173.000000
23.722833	0.640	515,153.000000
23.733500	0.640	514,597.000000
23.744167	0.640	516,553.000000
23.754833	0.640	519,232.000000
23.765500	0.640	520,002.000000
23.776167	0.640	521,611.000000
23.786833	0.640	526,184.000000
23.797500	0.640	529,549.000000
23.808167	0.640	530,385.000000
23.818833	0.640	531,500.000000
23.829500	0.640	530,850.000000
23.840167	0.640	526,823.000000
23.850833	0.640	525,680.000000
23.861500	0.640	530,867.000000
23.872167	0.640	536,048.000000
23.882833	0.640	536,018.000000
23.893500	0.640	533,763.000000
23.904167	0.640	534,439.000000
23.914833	0.640	539,070.000000
23.925500	0.640	544,952.000000
23.936167	0.640	550,019.000000
23.946833	0.640	555,120.000000
23.957500	0.640	559,878.000000
23.968167	0.640	560,090.000000
23.978833	0.640	556,305.000000
23.989500	0.640	556,704.000000
24.000167	0.640	562,743.000000
24.010833	0.640	566,557.000000
24.021500	0.640	567,066.000000
24.032167	0.640	570,377.000000
24.042833	0.640	576,671.000000
24.053500	0.640	581,160.000000
24.064167	0.640	581,048.000000
24.074833	0.640	576,782.000000
24.085500	0.640	572,691.000000
24.096167	0.640	574,060.000000
24.106833	0.640	579,548.000000
24.117500	0.640	581,261.000000
24.128167	0.640	578,079.000000
24.138833	0.640	577,809.000000
24.149500	0.640	580,321.000000
24.160167	0.640	579,161.000000
24.170833	0.640	576,643.000000
24.181500	0.640	577,789.000000
24.192167	0.640	582,030.000000
24.202833	0.640	587,901.000000
24.213500	0.640	594,586.000000
24.224167	0.640	600,010.000000
24.234833	0.640	601,632.000000
24.245500	0.640	599,248.000000
24.256167	0.640	596,874.000000
24.266833	0.640	600,320.000000
24.277500	0.640	610,875.000000
24.288167	0.640	621,083.000000
24.298833	0.640	623,017.000000
24.309500	0.640	620,625.000000
24.320167	0.640	622,736.000000
24.330833	0.640	627,134.000000
24.341500	0.640	625,567.000000
24.352167	0.640	619,916.000000
24.362833	0.640	619,480.000000
24.373500	0.640	625,335.000000
24.384167	0.640	628,807.000000
24.394833	0.640	625,658.000000
24.405500	0.640	621,148.000000
24.416167	0.640	620,762.000000
24.426833	0.640	624,916.000000
24.437500	0.640	628,016.000000
24.448167	0.640	625,631.000000
24.458833	0.640	624,242.000000
24.469500	0.640	628,497.000000
24.480167	0.640	632,744.000000
24.490883	0.643	634,688.000000
24.501500	0.637	636,029.000000
24.512167	0.640	636,826.000000
24.522833	0.640	638,168.000000
24.533500	0.640	638,576.000000
24.544167	0.640	636,500.000000
24.554833	0.640	636,700.000000
24.565500	0.640	642,119.000000
24.576167	0.640	650,086.000000
24.586833	0.640	657,924.000000
24.597500	0.640	662,764.000000
24.608167	0.640	662,813.000000
24.618833	0.640	661,576.000000
24.629500	0.640	663,656.000000
24.640167	0.640	668,067.000000
24.650833	0.640	670,479.000000
24.661500	0.640	668,920.000000
24.672167	0.640	665,812.000000
24.682833	0.640	667,393.000000
24.693500	0.640	677,469.000000
24.704167	0.640	689,964.000000
24.714833	0.640	695,029.000000
24.725500	0.640	692,989.000000
24.736167	0.640	693,017.000000
24.746833	0.640	699,192.000000
24.757500	0.640	707,100.000000
24.768167	0.640	711,208.000000
24.778833	0.640	711,683.000000
24.789500	0.640	712,884.000000
24.800167	0.640	716,547.000000
24.810833	0.640	723,408.000000
24.821500	0.640	734,138.000000
24.832167	0.640	746,201.000000
24.842833	0.640	755,441.000000
24.853500	0.640	757,484.000000
24.864167	0.640	752,651.000000
24.874833	0.640	747,309.000000
24.885500	0.640	746,468.000000
24.896167	0.640	750,976.000000
24.906833	0.640	757,833.000000
24.917500	0.640	762,450.000000
24.928167	0.640	763,873.000000
24.938833	0.640	766,810.000000
24.949500	0.640	775,361.000000
24.960167	0.640	783,718.000000
24.970833	0.640	785,290.000000
24.981500	0.640	787,076.000000
24.992167	0.640	795,680.000000
25.002833	0.640	805,172.000000
25.013500	0.640	812,433.000000
25.024167	0.640	820,569.000000
25.034833	0.640	826,701.000000
25.045500	0.640	826,988.000000
25.056167	0.640	826,784.000000
25.066833	0.640	832,723.000000
25.077500	0.640	841,249.000000
25.088167	0.640	846,132.000000
25.098833	0.640	851,025.000000
25.109500	0.640	859,821.000000
25.120167	0.640	865,211.000000
25.130833	0.640	863,686.000000
25.141500	0.640	864,244.000000
25.152167	0.640	871,867.000000
25.162833	0.640	882,445.000000
25.173500	0.640	890,188.000000
25.184167	0.640	891,090.000000
25.194833	0.640	889,848.000000
25.205500	0.640	894,008.000000
25.216167	0.640	901,584.000000
25.226833	0.640	908,620.000000
25.237500	0.640	915,246.000000
25.248167	0.640	918,564.000000
25.258833	0.640	914,954.000000
25.269500	0.640	909,444.000000
25.280167	0.640	910,109.000000
25.290833	0.640	917,288.000000
25.301500	0.640	928,235.000000
25.312167	0.640	941,010.000000
25.322833	0.640	948,377.000000
25.333500	0.640	944,879.000000
25.344167	0.640	938,702.000000
25.354833	0.640	940,216.000000
25.365500	0.640	947,169.000000
25.376167	0.640	951,047.000000
25.386833	0.640	949,552.000000
25.397500	0.640	947,091.000000
25.408167	0.640	945,962.000000
25.418833	0.640	944,446.000000
25.429500	0.640	942,938.000000
25.440167	0.640	943,799.000000
25.450833	0.640	946,789.000000
25.461500	0.640	950,786.000000
25.472167	0.640	954,629.000000
25.482833	0.640	954,849.000000
25.493500	0.640	952,313.000000
25.504167	0.640	952,739.000000
25.514833	0.640	955,128.000000
25.525500	0.640	955,955.000000
25.536167	0.640	957,556.000000
25.546833	0.640	961,329.000000
25.557500	0.640	966,039.000000
25.568167	0.640	971,819.000000
25.578833	0.640	978,432.000000
25.589550	0.643	983,555.000000
25.600167	0.637	983,647.000000
25.610833	0.640	978,912.000000
25.621500	0.640	976,837.000000
25.632167	0.640	982,754.000000
25.642833	0.640	992,625.000000
25.653500	0.640	1,000,659.000000
25.664167	0.640	1,002,916.000000
25.674833	0.640	1,000,191.000000
25.685500	0.640	1,002,155.000000
25.696167	0.640	1,012,323.000000
25.706833	0.640	1,021,230.000000
25.717500	0.640	1,024,931.000000
25.728167	0.640	1,028,527.000000
25.738833	0.640	1,035,210.000000
25.749500	0.640	1,044,425.000000
25.760167	0.640	1,050,798.000000
25.770833	0.640	1,051,277.000000
25.781500	0.640	1,055,649.000000
25.792167	0.640	1,071,976.000000
25.802833	0.640	1,090,818.000000
25.813500	0.640	1,099,617.000000
25.824167	0.640	1,100,162.000000
25.834833	0.640	1,101,839.000000
25.845500	0.640	1,107,464.000000
25.856167	0.640	1,113,639.000000
25.866833	0.640	1,117,980.000000
25.877500	0.640	1,121,048.000000
25.888167	0.640	1,124,776.000000
25.898833	0.640	1,131,072.000000
25.909500	0.640	1,139,973.000000
25.920167	0.640	1,146,946.000000
25.930833	0.640	1,146,831.000000
25.941500	0.640	1,141,825.000000
25.952167	0.640	1,141,476.000000
25.962833	0.640	1,150,794.000000
25.973500	0.640	1,160,629.000000
25.984167	0.640	1,164,167.000000
25.994833	0.640	1,169,304.000000
26.005500	0.640	1,179,058.000000
26.016167	0.640	1,186,779.000000
26.026833	0.640	1,191,286.000000
26.037500	0.640	1,195,368.000000
26.048167	0.640	1,199,258.000000
26.058833	0.640	1,202,789.000000
26.069500	0.640	1,209,773.000000
26.080167	0.640	1,224,369.000000
26.090833	0.640	1,241,883.000000
26.101500	0.640	1,256,187.000000
26.112167	0.640	1,270,342.000000
26.122833	0.640	1,287,643.000000
26.133500	0.640	1,303,506.000000
26.144167	0.640	1,310,956.000000
26.154833	0.640	1,310,029.000000
26.165500	0.640	1,307,666.000000
26.176167	0.640	1,307,817.000000
26.186833	0.640	1,311,850.000000
26.197500	0.640	1,322,900.000000
26.208167	0.640	1,339,735.000000
26.218833	0.640	1,354,538.000000
26.229500	0.640	1,362,216.000000
26.240167	0.640	1,369,259.000000
26.250833	0.640	1,385,245.000000
26.261500	0.640	1,406,016.000000
26.272167	0.640	1,420,004.000000
26.282833	0.640	1,428,203.000000
26.293500	0.640	1,438,512.000000
26.304167	0.640	1,449,380.000000
26.314833	0.640	1,459,569.000000
26.325500	0.640	1,478,254.000000
26.336167	0.640	1,519,361.000000
26.346833	0.640	1,610,207.000000
26.357500	0.640	1,826,356.000000
26.368167	0.640	2,326,839.000000
26.378833	0.640	3,251,363.000000
26.389500	0.640	4,382,407.000000
26.400167	0.640	5,014,898.000000
26.410833	0.640	4,581,480.000000
26.421500	0.640	3,377,661.000000
26.432167	0.640	2,250,480.000000
26.442833	0.640	1,681,047.000000
26.453500	0.640	1,532,749.000000
26.464167	0.640	1,507,829.000000
26.474833	0.640	1,480,332.000000
26.485500	0.640	1,452,232.000000
26.496167	0.640	1,439,482.000000
26.506833	0.640	1,438,882.000000
26.517500	0.640	1,438,029.000000
26.528167	0.640	1,433,046.000000
26.538833	0.640	1,430,159.000000
26.549500	0.640	1,433,468.000000
26.560167	0.640	1,438,101.000000
26.570833	0.640	1,438,315.000000
26.581500	0.640	1,435,406.000000
26.592167	0.640	1,433,282.000000
26.602833	0.640	1,431,847.000000
26.613500	0.640	1,427,092.000000
26.624167	0.640	1,419,073.000000
26.634833	0.640	1,413,728.000000
26.645500	0.640	1,415,546.000000
26.656167	0.640	1,426,006.000000
26.666833	0.640	1,444,545.000000
26.677500	0.640	1,470,794.000000
26.688167	0.640	1,511,417.000000
26.698833	0.640	1,577,312.000000
26.709500	0.640	1,678,332.000000
26.720167	0.640	1,847,557.000000
26.730833	0.640	2,134,741.000000
26.741500	0.640	2,476,381.000000
26.752167	0.640	2,644,467.000000
26.762833	0.640	2,505,101.000000
26.773500	0.640	2,229,427.000000
26.784167	0.640	2,076,933.000000
26.794833	0.640	2,105,613.000000
26.805500	0.640	2,207,102.000000
26.816167	0.640	2,290,608.000000
26.826833	0.640	2,353,920.000000
26.837500	0.640	2,440,903.000000
26.848167	0.640	2,599,216.000000
26.858833	0.640	2,957,971.000000
26.869500	0.640	4,061,927.000000
26.880167	0.640	8,038,815.000000
26.890833	0.640	21,663,969.000000
26.901500	0.640	56,068,669.000000
26.912167	0.640	109,675,482.000000
26.922833	0.640	149,515,324.000000
26.933500	0.640	137,909,274.000000
26.944167	0.640	83,382,738.000000
26.954833	0.640	31,766,272.000000
26.965500	0.640	9,471,079.000000
26.976167	0.640	6,981,622.000000
26.986833	0.640	7,833,116.000000
26.997500	0.640	7,128,380.000000
27.008167	0.640	6,697,986.000000
27.018833	0.640	7,848,430.000000
27.029500	0.640	9,992,814.000000
27.040167	0.640	11,637,603.000000
27.050833	0.640	11,819,536.000000
27.061500	0.640	10,812,903.000000
27.072167	0.640	9,441,195.000000
27.082833	0.640	8,390,738.000000
27.093500	0.640	8,054,893.000000
27.104167	0.640	8,475,952.000000
27.114833	0.640	9,708,473.000000
27.125500	0.640	12,010,610.000000
27.136167	0.640	14,653,170.000000
27.146833	0.640	15,453,889.000000
27.157500	0.640	13,413,624.000000
27.168167	0.640	10,450,127.000000
27.178833	0.640	8,871,079.000000
27.189500	0.640	9,010,968.000000
27.200167	0.640	10,335,700.000000
27.210833	0.640	12,790,710.000000
27.221500	0.640	15,640,856.000000
27.232167	0.640	17,628,216.000000
27.242833	0.640	24,880,744.000000
27.253500	0.640	25,765,475.000000
27.253667	0.010	48,648,212.000000
27.253833	0.010	25,765,475.000000
27.254000	0.010	48,648,212.000000
27.254167	0.010	25,765,475.000000
27.254333	0.010	48,648,212.000000
27.254500	0.010	25,765,475.000000
27.264167	0.580	25,765,475.000000
27.274833	0.640	25,765,475.000000
27.285500	0.640	25,765,475.000000
27.296167	0.640	25,765,475.000000
27.306833	0.640	25,765,475.000000
27.317500	0.640	25,765,475.000000
27.317667	0.010	48,648,212.000000
27.317833	0.010	25,765,475.000000
27.318000	0.010	48,648,212.000000
27.318167	0.010	25,765,475.000000
27.318333	0.010	48,648,212.000000
27.318500	0.010	25,765,475.000000
27.328167	0.580	197,126,392.000000
27.338833	0.640	104,889,036.000000
27.349500	0.640	70,487,498.000000
27.360167	0.640	66,075,305.000000
27.370833	0.640	63,079,412.000000
27.381550	0.643	63,964,143.000000
27.381717	0.010	105,946,214.000000
27.381883	0.010	63,964,143.000000
27.382050	0.010	105,946,214.000000
27.382217	0.010	63,964,143.000000
27.382383	0.010	105,946,214.000000
27.382550	0.010	63,964,143.000000
27.392167	0.577	63,964,143.000000
27.402833	0.640	63,964,143.000000
27.413500	0.640	63,964,143.000000
27.424167	0.640	63,964,143.000000
27.434833	0.640	63,964,143.000000
27.445500	0.640	63,964,143.000000
27.456167	0.640	63,964,143.000000
27.466833	0.640	63,964,143.000000
27.477500	0.640	63,964,143.000000
27.488167	0.640	63,964,143.000000
27.488333	0.010	105,946,214.000000
27.488500	0.010	63,964,143.000000
27.488667	0.010	105,946,214.000000
27.488833	0.010	63,964,143.000000
27.489000	0.010	105,946,214.000000
27.489167	0.010	63,964,143.000000
27.498833	0.580	145,630,293.000000
27.509500	0.640	121,631,444.000000
27.520167	0.640	131,058,976.000000
27.530833	0.640	133,516,254.000000
27.541500	0.640	115,842,197.000000
27.552167	0.640	95,183,298.000000
27.562833	0.640	82,430,074.000000
27.573500	0.640	73,880,491.000000
27.584167	0.640	65,685,790.000000
27.594833	0.640	58,776,860.000000
27.605500	0.640	54,321,896.000000
27.616167	0.640	50,591,924.000000
27.626833	0.640	45,555,315.000000
27.637500	0.640	40,182,640.000000
27.648167	0.640	36,583,136.000000
27.658833	0.640	34,790,833.000000
27.669500	0.640	33,419,476.000000
27.680167	0.640	31,742,657.000000
27.690833	0.640	30,051,600.000000
27.701500	0.640	28,790,720.000000
27.712167	0.640	27,920,763.000000
27.722833	0.640	27,131,638.000000
27.733500	0.640	26,297,635.000000
27.744167	0.640	25,570,009.000000
27.754833	0.640	25,341,739.000000
27.765500	0.640	26,038,199.000000
27.776167	0.640	27,531,508.000000
27.786833	0.640	28,911,920.000000
27.797500	0.640	29,186,596.000000
27.808167	0.640	28,129,408.000000
27.818833	0.640	26,342,931.000000
27.829500	0.640	24,655,435.000000
27.840167	0.640	23,566,301.000000
27.850833	0.640	23,129,978.000000
27.861500	0.640	23,153,233.000000
27.872167	0.640	23,709,571.000000
27.882833	0.640	26,484,364.000000
27.893500	0.640	37,736,747.000000
27.904167	0.640	38,621,478.000000
27.904333	0.010	67,932,217.000000
27.904500	0.010	38,621,478.000000
27.904667	0.010	67,932,217.000000
27.904833	0.010	38,621,478.000000
27.905000	0.010	67,932,217.000000
27.905167	0.010	38,621,478.000000
27.914833	0.580	38,621,478.000000
27.925500	0.640	38,621,478.000000
27.936167	0.640	38,621,478.000000
27.946833	0.640	38,621,478.000000
27.957500	0.640	38,621,478.000000
27.968167	0.640	38,621,478.000000
27.978833	0.640	38,621,478.000000
27.989500	0.640	38,621,478.000000
28.000167	0.640	38,621,478.000000
28.010833	0.640	38,621,478.000000
28.021500	0.640	38,621,478.000000
28.032167	0.640	38,621,478.000000
28.042833	0.640	38,621,478.000000
28.053500	0.640	38,621,478.000000
28.064167	0.640	38,621,478.000000
28.074833	0.640	38,621,478.000000
28.085500	0.640	38,621,478.000000
28.096167	0.640	38,621,478.000000
28.106833	0.640	38,621,478.000000
28.107000	0.010	67,932,217.000000
28.107167	0.010	38,621,478.000000
28.107333	0.010	67,932,217.000000
28.107500	0.010	38,621,478.000000
28.107667	0.010	67,932,217.000000
28.107833	0.010	38,621,478.000000
28.117500	0.580	199,108,041.000000
28.128167	0.640	103,471,658.000000
28.138833	0.640	75,354,294.000000
28.149500	0.640	75,769,379.000000
28.160167	0.640	71,773,581.000000
28.170833	0.640	61,249,734.000000
28.181500	0.640	49,084,600.000000
28.192167	0.640	38,635,966.000000
28.202833	0.640	36,212,022.000000
28.213500	0.640	51,168,483.000000
28.224167	0.640	94,663,056.000000
28.234833	0.640	167,435,869.000000
28.245500	0.640	243,939,662.000000
28.256167	0.640	244,824,393.000000
28.256333	0.010	377,236,589.000000
28.256500	0.010	244,824,393.000000
28.256667	0.010	377,236,589.000000
28.256833	0.010	244,824,393.000000
28.257000	0.010	377,236,589.000000
28.257167	0.010	244,824,393.000000
28.266833	0.580	244,824,393.000000
28.277500	0.640	244,824,393.000000
28.288167	0.640	244,824,393.000000
28.298833	0.640	244,824,393.000000
28.309500	0.640	244,824,393.000000
28.320167	0.640	244,824,393.000000
28.330833	0.640	244,824,393.000000
28.331000	0.010	377,236,589.000000
28.331167	0.010	244,824,393.000000
28.331333	0.010	377,236,589.000000
28.331500	0.010	244,824,393.000000
28.331667	0.010	377,236,589.000000
28.331833	0.010	244,824,393.000000
28.341500	0.580	108,813,271.000000
28.352167	0.640	121,114,912.000000
28.362833	0.640	143,720,382.000000
28.373500	0.640	143,365,070.000000
28.384167	0.640	108,456,199.000000
28.394833	0.640	64,046,090.000000
28.405500	0.640	34,414,709.000000
28.416167	0.640	21,845,211.000000
28.426833	0.640	17,769,930.000000
28.437500	0.640	16,500,745.000000
28.448167	0.640	17,463,853.000000
28.458833	0.640	20,280,491.000000
28.469500	0.640	22,127,014.000000
28.480167	0.640	20,455,753.000000
28.490833	0.640	16,101,946.000000
28.501500	0.640	11,955,284.000000
28.512167	0.640	9,619,264.000000
28.522833	0.640	8,688,206.000000
28.533500	0.640	8,278,490.000000
28.544167	0.640	8,015,356.000000
28.554833	0.640	7,857,493.000000
28.565500	0.640	7,729,439.000000
28.576167	0.640	7,517,208.000000
28.586833	0.640	7,223,281.000000
28.597500	0.640	6,965,388.000000
28.608167	0.640	6,840,463.000000
28.618833	0.640	6,822,022.000000
28.629500	0.640	6,722,317.000000
28.640167	0.640	6,241,299.000000
28.650833	0.640	5,208,644.000000
28.661500	0.640	3,825,117.000000
28.672167	0.640	2,521,203.000000
28.682833	0.640	1,583,356.000000
28.693500	0.640	1,019,918.000000
28.704167	0.640	717,852.000000
28.714833	0.640	707,900.000000
28.725500	0.640	1,076,520.000000
28.736167	0.640	1,394,126.000000
28.746833	0.640	1,071,905.000000
28.757500	0.640	400,632.000000
28.768167	0.640	49,886.000000
28.778833	0.640	48,908.000000
28.789500	0.640	89,355.000000
28.800167	0.640	71,429.000000
28.810833	0.640	43,749.000000
28.821500	0.640	33,713.000000
28.832167	0.640	31,706.000000
28.842833	0.640	27,192.000000
28.853500	0.640	20,712.000000
28.864167	0.640	15,935.000000
28.874833	0.640	12,036.000000
28.885500	0.640	6,218.000000
28.896167	0.640	-1,339.000000
28.906833	0.640	-7,072.000000
28.917500	0.640	-8,005.000000
28.928167	0.640	-5,919.000000
28.938833	0.640	-5,649.000000
28.949500	0.640	-8,557.000000
28.960167	0.640	-10,621.000000
28.970833	0.640	-8,931.000000
28.981500	0.640	-6,447.000000
28.992167	0.640	-6,336.000000
29.002833	0.640	-7,352.000000
29.013500	0.640	-9,528.000000
29.024167	0.640	-13,004.000000
29.034833	0.640	-13,706.000000
29.045500	0.640	-11,928.000000
29.056167	0.640	-11,753.000000
29.066833	0.640	-11,436.000000
29.077500	0.640	-9,676.000000
29.088167	0.640	-10,775.000000
29.098833	0.640	-15,078.000000
29.109500	0.640	-17,239.000000
29.120167	0.640	-16,689.000000
29.130833	0.640	-17,733.000000
29.141500	0.640	-18,736.000000
29.152167	0.640	-15,198.000000
29.162833	0.640	-11,102.000000
29.173500	0.640	-11,821.000000
29.184167	0.640	-14,046.000000
29.194833	0.640	-13,874.000000
29.205500	0.640	-12,914.000000
29.216167	0.640	-13,007.000000
29.226833	0.640	-13,299.000000
29.237500	0.640	-12,758.000000
29.248167	0.640	-12,461.000000
29.258833	0.640	-12,420.000000
29.269500	0.640	-10,779.000000
29.280167	0.640	-8,457.000000
29.290833	0.640	-7,699.000000
29.301500	0.640	-8,485.000000
29.312167	0.640	-8,238.000000
29.322833	0.640	-4,032.000000
29.333500	0.640	1,767.000000
29.344167	0.640	2,618.000000
29.354833	0.640	-1,888.000000
29.365500	0.640	-4,333.000000
29.376167	0.640	-1,089.000000
29.386833	0.640	3,828.000000
29.397500	0.640	5,632.000000
29.408167	0.640	2,169.000000
29.418833	0.640	-3,545.000000
29.429500	0.640	-6,211.000000
29.440167	0.640	-6,741.000000
29.450833	0.640	-7,967.000000
29.461500	0.640	-7,266.000000
29.472167	0.640	-3,863.000000
29.482833	0.640	-3,844.000000
29.493500	0.640	-8,743.000000
29.504167	0.640	-9,958.000000
29.514833	0.640	-5,018.000000
29.525500	0.640	-3,100.000000
29.536167	0.640	-6,463.000000
29.546833	0.640	-9,055.000000
29.557500	0.640	-10,178.000000
29.568167	0.640	-10,809.000000
29.578833	0.640	-9,375.000000
29.589500	0.640	-6,935.000000
29.600167	0.640	-5,799.000000
29.610833	0.640	-5,545.000000
29.621500	0.640	-3,315.000000
29.632167	0.640	685.000000
29.642833	0.640	605.000000
29.653500	0.640	-4,540.000000
29.664167	0.640	-8,601.000000
29.674833	0.640	-9,227.000000
29.685500	0.640	-8,103.000000
29.696167	0.640	-7,661.000000
29.706833	0.640	-10,706.000000
29.717500	0.640	-15,036.000000
29.728167	0.640	-15,082.000000
29.738833	0.640	-10,798.000000
29.749500	0.640	-6,927.000000
29.760167	0.640	-6,704.000000
29.770833	0.640	-9,962.000000
29.781500	0.640	-12,694.000000
29.792167	0.640	-11,523.000000
29.802833	0.640	-10,607.000000
29.813500	0.640	-13,733.000000
29.824167	0.640	-15,186.000000
29.834833	0.640	-11,213.000000
29.845500	0.640	-7,488.000000
29.856167	0.640	-8,287.000000
29.866833	0.640	-10,676.000000
29.877500	0.640	-9,839.000000
29.888167	0.640	-5,950.000000
29.898833	0.640	-4,139.000000
29.909500	0.640	-5,645.000000
29.920167	0.640	-6,926.000000
29.930833	0.640	-6,947.000000
29.941500	0.640	-5,508.000000
29.952167	0.640	-2,109.000000
29.962833	0.640	-566.000000
29.973500	0.640	-4,493.000000
29.984167	0.640	-9,316.000000
29.994833	0.640	-8,840.000000
30.005500	0.640	-6,965.000000
