File Path	chrom://nnfcb-l0495/ChromeleonLocal/20180320_AA_Lars Nielsen samples Vienna_lbpet.seq/403.smp/Emission_2.channel/Emission_2.chm
Channel	Emission_2

Injection Information:
Data Vault	ChromeleonLocal
Injection	Blank_IS_3
Injection Number	13
Position	RB1
Comment	
Processing Method	20171024_Calculated with IS_lbpet
Instrument Method	20161104_AA_GeminiC18_FinalVer7
Type	Unknown
Status	Finished
Injection Date	20-03-2018
Injection Time	17:37:33
Injection Volume (µl)	56.500
Dilution Factor	1.0000
Weight	1.0000

Raw Data Information:
Time Min. (min)	0.007833
Time Max. (min)	30.005567
Data Points	2849
Detector	FLD
Exporting Data System	Chromeleon 7.1.2.1478
Operator	
Signal Quantity	
Signal Unit	counts
Signal Min.	-20,729.000000
Signal Max.	251,729,408.000000
Channel	Emission_2
Driver Name	FLD3000.dll
Channel Type	Evaluation
Min. Step (s)	0.010
Max. Step (s)	0.824
Average Step (s)	0.632

Signal Parameter Information:
Signal Info	266 nm /305 nm

Raw Data:
Time (min)	Step (s)	Value (counts)
0.007833	0.000	0.000000
0.021567	0.824	0.000000
0.032233	0.640	0.000000
0.042900	0.640	-3,494.000000
0.053567	0.640	-7,248.000000
0.064233	0.640	-6,929.000000
0.074900	0.640	-2,625.000000
0.085567	0.640	2,360.000000
0.096233	0.640	4,974.000000
0.106900	0.640	4,583.000000
0.117567	0.640	3,204.000000
0.128233	0.640	1,352.000000
0.138900	0.640	-1,617.000000
0.149567	0.640	-3,646.000000
0.160233	0.640	-3,228.000000
0.170900	0.640	-2,616.000000
0.181567	0.640	-2,496.000000
0.192233	0.640	901.000000
0.202900	0.640	8,337.000000
0.213567	0.640	12,199.000000
0.224233	0.640	6,425.000000
0.234900	0.640	-3,225.000000
0.245567	0.640	-6,070.000000
0.256233	0.640	113.000000
0.266900	0.640	7,875.000000
0.277567	0.640	9,976.000000
0.288233	0.640	4,376.000000
0.298900	0.640	-3,820.000000
0.309567	0.640	-4,926.000000
0.320233	0.640	1,690.000000
0.330900	0.640	6,635.000000
0.341567	0.640	5,765.000000
0.352233	0.640	2,678.000000
0.362900	0.640	1,051.000000
0.373567	0.640	2,038.000000
0.384233	0.640	3,046.000000
0.394900	0.640	1,342.000000
0.405567	0.640	-1,533.000000
0.416233	0.640	-3,151.000000
0.426900	0.640	-2,585.000000
0.437567	0.640	55.000000
0.448233	0.640	2,786.000000
0.458900	0.640	2,506.000000
0.469567	0.640	769.000000
0.480233	0.640	3,003.000000
0.490900	0.640	7,282.000000
0.501567	0.640	7,207.000000
0.512233	0.640	4,171.000000
0.522900	0.640	4,548.000000
0.533567	0.640	8,855.000000
0.544233	0.640	8,954.000000
0.554900	0.640	1,777.000000
0.565567	0.640	-3,322.000000
0.576233	0.640	-2,358.000000
0.586900	0.640	-1,416.000000
0.597567	0.640	-2,186.000000
0.608233	0.640	-2,430.000000
0.618900	0.640	-1,571.000000
0.629567	0.640	-680.000000
0.640233	0.640	-2,658.000000
0.650900	0.640	-6,547.000000
0.661567	0.640	-7,983.000000
0.672233	0.640	-7,652.000000
0.682900	0.640	-7,073.000000
0.693567	0.640	-3,428.000000
0.704233	0.640	1,499.000000
0.714900	0.640	123.000000
0.725567	0.640	-6,737.000000
0.736233	0.640	-9,928.000000
0.746900	0.640	-6,710.000000
0.757567	0.640	486.000000
0.768233	0.640	9,144.000000
0.778900	0.640	11,772.000000
0.789567	0.640	4,504.000000
0.800233	0.640	-2,948.000000
0.810900	0.640	-2,213.000000
0.821567	0.640	1,005.000000
0.832233	0.640	419.000000
0.842900	0.640	-415.000000
0.853567	0.640	408.000000
0.864233	0.640	-448.000000
0.874900	0.640	-1,675.000000
0.885567	0.640	-248.000000
0.896233	0.640	2,574.000000
0.906900	0.640	5,300.000000
0.917567	0.640	7,819.000000
0.928233	0.640	9,203.000000
0.938900	0.640	8,218.000000
0.949567	0.640	5,862.000000
0.960233	0.640	4,997.000000
0.970900	0.640	5,797.000000
0.981567	0.640	3,658.000000
0.992233	0.640	-3,739.000000
1.002900	0.640	-9,449.000000
1.013567	0.640	-6,729.000000
1.024233	0.640	118.000000
1.034900	0.640	2,773.000000
1.045567	0.640	150.000000
1.056233	0.640	-1,870.000000
1.066900	0.640	-486.000000
1.077567	0.640	-7.000000
1.088233	0.640	-3,405.000000
1.098900	0.640	-6,692.000000
1.109567	0.640	-4,790.000000
1.120233	0.640	-21.000000
1.130900	0.640	-73.000000
1.141567	0.640	-6,633.000000
1.152233	0.640	-11,643.000000
1.162900	0.640	-8,798.000000
1.173567	0.640	-4,033.000000
1.184233	0.640	-5,078.000000
1.194900	0.640	-8,136.000000
1.205567	0.640	-7,343.000000
1.216233	0.640	-4,804.000000
1.226900	0.640	-4,257.000000
1.237567	0.640	-5,026.000000
1.248233	0.640	-4,083.000000
1.258900	0.640	-1,378.000000
1.269567	0.640	-916.000000
1.280233	0.640	-4,579.000000
1.290900	0.640	-7,360.000000
1.301567	0.640	-3,758.000000
1.312233	0.640	4,221.000000
1.322900	0.640	9,233.000000
1.333567	0.640	6,630.000000
1.344233	0.640	2,969.000000
1.354900	0.640	6,594.000000
1.365567	0.640	10,406.000000
1.376233	0.640	6,502.000000
1.386900	0.640	1,722.000000
1.397567	0.640	1,775.000000
1.408233	0.640	3,950.000000
1.418900	0.640	6,907.000000
1.429567	0.640	10,320.000000
1.440233	0.640	11,352.000000
1.450900	0.640	8,472.000000
1.461567	0.640	2,728.000000
1.472233	0.640	-3,376.000000
1.482900	0.640	-5,953.000000
1.493567	0.640	-3,765.000000
1.504233	0.640	193.000000
1.514900	0.640	2,925.000000
1.525567	0.640	3,252.000000
1.536233	0.640	2,476.000000
1.546900	0.640	1,911.000000
1.557567	0.640	1,209.000000
1.568233	0.640	2,718.000000
1.578900	0.640	5,288.000000
1.589567	0.640	2,727.000000
1.600233	0.640	-2,404.000000
1.610900	0.640	-3,888.000000
1.621567	0.640	-2,499.000000
1.632233	0.640	774.000000
1.642900	0.640	4,519.000000
1.653567	0.640	3,824.000000
1.664233	0.640	-122.000000
1.674900	0.640	273.000000
1.685567	0.640	5,817.000000
1.696233	0.640	8,980.000000
1.706900	0.640	6,172.000000
1.717567	0.640	1,741.000000
1.728233	0.640	-1,151.000000
1.738900	0.640	-3,111.000000
1.749567	0.640	-4,156.000000
1.760233	0.640	-3,785.000000
1.770900	0.640	-1,483.000000
1.781567	0.640	1,735.000000
1.792233	0.640	3,008.000000
1.802900	0.640	2,451.000000
1.813567	0.640	2,164.000000
1.824233	0.640	192.000000
1.834900	0.640	-4,371.000000
1.845567	0.640	-5,986.000000
1.856233	0.640	-2,403.000000
1.866900	0.640	184.000000
1.877567	0.640	-2,180.000000
1.888233	0.640	-5,086.000000
1.898900	0.640	-4,855.000000
1.909567	0.640	-4,036.000000
1.920233	0.640	-5,088.000000
1.930900	0.640	-7,385.000000
1.941567	0.640	-7,587.000000
1.952233	0.640	-1,671.000000
1.962900	0.640	6,689.000000
1.973567	0.640	8,590.000000
1.984233	0.640	3,207.000000
1.994900	0.640	-1,459.000000
2.005567	0.640	340.000000
2.016233	0.640	4,820.000000
2.026900	0.640	6,010.000000
2.037567	0.640	4,767.000000
2.048233	0.640	3,521.000000
2.058900	0.640	2,495.000000
2.069567	0.640	2,216.000000
2.080233	0.640	1,567.000000
2.090900	0.640	-546.000000
2.101567	0.640	-2,181.000000
2.112233	0.640	-3,322.000000
2.122900	0.640	-5,614.000000
2.133567	0.640	-5,816.000000
2.144233	0.640	-722.000000
2.154900	0.640	3,687.000000
2.165567	0.640	1,075.000000
2.176233	0.640	-2,317.000000
2.186900	0.640	810.000000
2.197567	0.640	3,956.000000
2.208233	0.640	-672.000000
2.218900	0.640	-7,918.000000
2.229567	0.640	-9,311.000000
2.240233	0.640	-4,308.000000
2.250900	0.640	1,720.000000
2.261567	0.640	5,441.000000
2.272233	0.640	11,187.000000
2.282900	0.640	21,483.000000
2.293567	0.640	28,874.000000
2.304233	0.640	28,086.000000
2.314900	0.640	21,719.000000
2.325567	0.640	13,935.000000
2.336233	0.640	9,349.000000
2.346900	0.640	8,843.000000
2.357567	0.640	9,381.000000
2.368233	0.640	11,436.000000
2.378900	0.640	13,978.000000
2.389567	0.640	11,015.000000
2.400233	0.640	1,767.000000
2.410900	0.640	-6,009.000000
2.421567	0.640	-5,327.000000
2.432233	0.640	1,055.000000
2.442900	0.640	5,880.000000
2.453567	0.640	6,837.000000
2.464233	0.640	4,809.000000
2.474900	0.640	1,562.000000
2.485567	0.640	1,082.000000
2.496233	0.640	5,239.000000
2.506900	0.640	8,562.000000
2.517567	0.640	6,473.000000
2.528233	0.640	3,829.000000
2.538900	0.640	4,116.000000
2.549567	0.640	3,581.000000
2.560233	0.640	2,467.000000
2.570900	0.640	5,065.000000
2.581567	0.640	8,936.000000
2.592233	0.640	8,013.000000
2.602900	0.640	3,402.000000
2.613567	0.640	647.000000
2.624233	0.640	-181.000000
2.634900	0.640	-2,329.000000
2.645567	0.640	-5,354.000000
2.656233	0.640	-7,577.000000
2.666900	0.640	-8,061.000000
2.677567	0.640	-4,005.000000
2.688233	0.640	3,827.000000
2.698900	0.640	7,324.000000
2.709567	0.640	3,169.000000
2.720233	0.640	-1,174.000000
2.730900	0.640	-581.000000
2.741567	0.640	1,671.000000
2.752233	0.640	3,263.000000
2.762900	0.640	6,420.000000
2.773567	0.640	10,936.000000
2.784233	0.640	12,758.000000
2.794900	0.640	12,128.000000
2.805567	0.640	13,074.000000
2.816233	0.640	13,300.000000
2.826900	0.640	7,541.000000
2.837567	0.640	-1,278.000000
2.848233	0.640	-6,331.000000
2.858900	0.640	-5,254.000000
2.869567	0.640	805.000000
2.880233	0.640	6,055.000000
2.890900	0.640	4,521.000000
2.901567	0.640	20.000000
2.912233	0.640	-1,244.000000
2.922900	0.640	830.000000
2.933567	0.640	4,656.000000
2.944233	0.640	6,438.000000
2.954900	0.640	3,622.000000
2.965567	0.640	3,044.000000
2.976233	0.640	8,746.000000
2.986900	0.640	11,978.000000
2.997567	0.640	8,791.000000
3.008233	0.640	5,725.000000
3.018900	0.640	3,807.000000
3.029567	0.640	-1,046.000000
3.040233	0.640	-8,314.000000
3.050900	0.640	-12,958.000000
3.061567	0.640	-9,682.000000
3.072233	0.640	-274.000000
3.082900	0.640	5,191.000000
3.093567	0.640	2,308.000000
3.104233	0.640	-1,451.000000
3.114900	0.640	-1,094.000000
3.125567	0.640	280.000000
3.136233	0.640	355.000000
3.146900	0.640	-892.000000
3.157567	0.640	-4,095.000000
3.168233	0.640	-8,904.000000
3.178900	0.640	-10,471.000000
3.189567	0.640	-4,428.000000
3.200233	0.640	3,147.000000
3.210900	0.640	4,583.000000
3.221567	0.640	4,214.000000
3.232233	0.640	6,926.000000
3.242900	0.640	7,875.000000
3.253567	0.640	4,845.000000
3.264233	0.640	3,051.000000
3.274900	0.640	4,387.000000
3.285567	0.640	5,631.000000
3.296233	0.640	5,285.000000
3.306900	0.640	3,549.000000
3.317567	0.640	654.000000
3.328233	0.640	-437.000000
3.338900	0.640	1,636.000000
3.349567	0.640	2,488.000000
3.360233	0.640	-140.000000
3.370900	0.640	-3,357.000000
3.381567	0.640	-4,194.000000
3.392233	0.640	-2,420.000000
3.402900	0.640	-870.000000
3.413567	0.640	488.000000
3.424233	0.640	4,855.000000
3.434900	0.640	8,777.000000
3.445567	0.640	6,988.000000
3.456233	0.640	4,464.000000
3.466900	0.640	7,139.000000
3.477567	0.640	9,827.000000
3.488233	0.640	6,831.000000
3.498900	0.640	1,229.000000
3.509567	0.640	-1,454.000000
3.520233	0.640	1,430.000000
3.530900	0.640	7,167.000000
3.541567	0.640	10,039.000000
3.552233	0.640	9,147.000000
3.562900	0.640	8,502.000000
3.573567	0.640	9,716.000000
3.584233	0.640	10,593.000000
3.594900	0.640	8,979.000000
3.605567	0.640	4,380.000000
3.616233	0.640	-1,546.000000
3.626900	0.640	-5,708.000000
3.637567	0.640	-5,426.000000
3.648233	0.640	-990.000000
3.658900	0.640	3,724.000000
3.669567	0.640	4,926.000000
3.680233	0.640	1,236.000000
3.690900	0.640	-4,514.000000
3.701567	0.640	-5,171.000000
3.712233	0.640	2,136.000000
3.722900	0.640	9,935.000000
3.733567	0.640	10,180.000000
3.744233	0.640	4,472.000000
3.754900	0.640	-1,607.000000
3.765567	0.640	-4,861.000000
3.776233	0.640	-4,067.000000
3.786900	0.640	-1,109.000000
3.797567	0.640	1,951.000000
3.808233	0.640	3,828.000000
3.818900	0.640	1,777.000000
3.829567	0.640	-2,069.000000
3.840233	0.640	-1,605.000000
3.850900	0.640	2,243.000000
3.861567	0.640	4,075.000000
3.872233	0.640	4,051.000000
3.882950	0.643	4,145.000000
3.893567	0.637	2,160.000000
3.904233	0.640	-1,610.000000
3.914900	0.640	-3,786.000000
3.925567	0.640	-5,340.000000
3.936233	0.640	-6,738.000000
3.946900	0.640	-4,015.000000
3.957567	0.640	2,763.000000
3.968233	0.640	7,995.000000
3.978900	0.640	8,206.000000
3.989567	0.640	4,689.000000
4.000233	0.640	566.000000
4.010900	0.640	-2,156.000000
4.021567	0.640	-1,600.000000
4.032233	0.640	2,884.000000
4.042900	0.640	6,071.000000
4.053567	0.640	4,751.000000
4.064233	0.640	2,874.000000
4.074900	0.640	1,216.000000
4.085567	0.640	148.000000
4.096233	0.640	3,307.000000
4.106900	0.640	6,506.000000
4.117567	0.640	3,876.000000
4.128233	0.640	-324.000000
4.138900	0.640	-2,419.000000
4.149567	0.640	-3,914.000000
4.160233	0.640	-2,592.000000
4.170900	0.640	1,705.000000
4.181567	0.640	2,621.000000
4.192233	0.640	-1,006.000000
4.202900	0.640	-4,117.000000
4.213567	0.640	-5,450.000000
4.224233	0.640	-5,830.000000
4.234900	0.640	-3,933.000000
4.245567	0.640	-1,595.000000
4.256233	0.640	-2,669.000000
4.266900	0.640	-5,894.000000
4.277567	0.640	-7,161.000000
4.288233	0.640	-5,511.000000
4.298900	0.640	-2,994.000000
4.309567	0.640	-1,216.000000
4.320233	0.640	-446.000000
4.330900	0.640	1,793.000000
4.341567	0.640	7,458.000000
4.352233	0.640	9,921.000000
4.362900	0.640	3,786.000000
4.373567	0.640	-1,103.000000
4.384233	0.640	4,436.000000
4.394900	0.640	10,900.000000
4.405567	0.640	7,166.000000
4.416233	0.640	-433.000000
4.426900	0.640	-668.000000
4.437567	0.640	5,357.000000
4.448233	0.640	8,494.000000
4.458900	0.640	4,769.000000
4.469567	0.640	-815.000000
4.480233	0.640	-2,420.000000
4.490900	0.640	-2,105.000000
4.501567	0.640	-3,811.000000
4.512233	0.640	-4,314.000000
4.522900	0.640	-940.000000
4.533567	0.640	609.000000
4.544233	0.640	-3,786.000000
4.554900	0.640	-7,581.000000
4.565567	0.640	-6,060.000000
4.576233	0.640	-4,940.000000
4.586900	0.640	-5,700.000000
4.597567	0.640	-3,411.000000
4.608233	0.640	-286.000000
4.618900	0.640	-385.000000
4.629567	0.640	-694.000000
4.640233	0.640	-97.000000
4.650900	0.640	-2,525.000000
4.661567	0.640	-7,454.000000
4.672233	0.640	-9,809.000000
4.682900	0.640	-7,539.000000
4.693567	0.640	-2,483.000000
4.704233	0.640	2,944.000000
4.714900	0.640	6,155.000000
4.725567	0.640	4,927.000000
4.736233	0.640	1,798.000000
4.746900	0.640	1,410.000000
4.757567	0.640	1,642.000000
4.768233	0.640	-427.000000
4.778900	0.640	-1,328.000000
4.789567	0.640	-212.000000
4.800233	0.640	31.000000
4.810900	0.640	-1,321.000000
4.821567	0.640	-4,662.000000
4.832233	0.640	-8,727.000000
4.842900	0.640	-9,136.000000
4.853567	0.640	-2,913.000000
4.864233	0.640	4,975.000000
4.874900	0.640	3,423.000000
4.885567	0.640	-6,860.000000
4.896233	0.640	-12,880.000000
4.906900	0.640	-12,592.000000
4.917567	0.640	-12,725.000000
4.928233	0.640	-12,428.000000
4.938900	0.640	-8,026.000000
4.949567	0.640	3,195.000000
4.960233	0.640	26,120.000000
4.970900	0.640	61,726.000000
4.981567	0.640	105,743.000000
4.992233	0.640	150,442.000000
5.002900	0.640	181,695.000000
5.013567	0.640	189,551.000000
5.024233	0.640	176,948.000000
5.034900	0.640	153,537.000000
5.045567	0.640	131,251.000000
5.056233	0.640	114,489.000000
5.066900	0.640	96,591.000000
5.077567	0.640	75,274.000000
5.088233	0.640	57,452.000000
5.098900	0.640	47,442.000000
5.109567	0.640	42,688.000000
5.120233	0.640	39,140.000000
5.130900	0.640	33,900.000000
5.141567	0.640	25,625.000000
5.152233	0.640	15,787.000000
5.162900	0.640	8,448.000000
5.173567	0.640	6,139.000000
5.184233	0.640	5,918.000000
5.194900	0.640	3,604.000000
5.205567	0.640	550.000000
5.216233	0.640	805.000000
5.226900	0.640	1,997.000000
5.237567	0.640	-843.000000
5.248233	0.640	-3,566.000000
5.258900	0.640	70.000000
5.269567	0.640	6,216.000000
5.280233	0.640	7,487.000000
5.290900	0.640	2,985.000000
5.301567	0.640	-3,512.000000
5.312233	0.640	-8,774.000000
5.322900	0.640	-11,088.000000
5.333567	0.640	-11,553.000000
5.344233	0.640	-13,764.000000
5.354900	0.640	-16,590.000000
5.365567	0.640	-13,517.000000
5.376233	0.640	-5,649.000000
5.386900	0.640	-2,493.000000
5.397567	0.640	-5,332.000000
5.408233	0.640	-7,390.000000
5.418900	0.640	-7,674.000000
5.429567	0.640	-9,432.000000
5.440233	0.640	-12,437.000000
5.450900	0.640	-13,060.000000
5.461567	0.640	-9,246.000000
5.472233	0.640	-4,706.000000
5.482900	0.640	-4,146.000000
5.493567	0.640	-6,984.000000
5.504233	0.640	-9,010.000000
5.514900	0.640	-7,299.000000
5.525567	0.640	-4,784.000000
5.536233	0.640	-8,170.000000
5.546900	0.640	-16,487.000000
5.557567	0.640	-19,220.000000
5.568233	0.640	-12,826.000000
5.578900	0.640	-6,594.000000
5.589567	0.640	-7,203.000000
5.600233	0.640	-10,514.000000
5.610900	0.640	-11,919.000000
5.621567	0.640	-12,581.000000
5.632233	0.640	-11,589.000000
5.642900	0.640	-6,950.000000
5.653567	0.640	-1,983.000000
5.664233	0.640	2,000.000000
5.674900	0.640	6,036.000000
5.685567	0.640	5,651.000000
5.696233	0.640	-1,005.000000
5.706900	0.640	-7,666.000000
5.717567	0.640	-10,454.000000
5.728233	0.640	-11,281.000000
5.738900	0.640	-11,445.000000
5.749567	0.640	-9,465.000000
5.760233	0.640	-5,530.000000
5.770900	0.640	-2,302.000000
5.781567	0.640	-238.000000
5.792233	0.640	244.000000
5.802900	0.640	-1,966.000000
5.813567	0.640	-4,843.000000
5.824233	0.640	-6,092.000000
5.834900	0.640	-5,101.000000
5.845567	0.640	-3,552.000000
5.856233	0.640	-4,821.000000
5.866900	0.640	-6,987.000000
5.877567	0.640	-5,110.000000
5.888233	0.640	-822.000000
5.898900	0.640	1,029.000000
5.909567	0.640	-977.000000
5.920233	0.640	-5,857.000000
5.930900	0.640	-9,474.000000
5.941567	0.640	-7,439.000000
5.952233	0.640	-3,432.000000
5.962900	0.640	-2,565.000000
5.973567	0.640	-2,132.000000
5.984233	0.640	-527.000000
5.994900	0.640	-1,260.000000
6.005567	0.640	-4,867.000000
6.016233	0.640	-7,570.000000
6.026900	0.640	-7,780.000000
6.037567	0.640	-8,686.000000
6.048233	0.640	-11,561.000000
6.058900	0.640	-13,389.000000
6.069567	0.640	-12,873.000000
6.080233	0.640	-10,727.000000
6.090900	0.640	-8,556.000000
6.101567	0.640	-9,466.000000
6.112233	0.640	-12,149.000000
6.122900	0.640	-11,951.000000
6.133567	0.640	-10,682.000000
6.144233	0.640	-10,730.000000
6.154900	0.640	-6,249.000000
6.165567	0.640	2,840.000000
6.176233	0.640	5,438.000000
6.186900	0.640	-678.000000
6.197567	0.640	-7,098.000000
6.208233	0.640	-11,228.000000
6.218900	0.640	-13,884.000000
6.229567	0.640	-12,840.000000
6.240233	0.640	-9,486.000000
6.250900	0.640	-7,795.000000
6.261567	0.640	-6,928.000000
6.272233	0.640	-5,949.000000
6.282900	0.640	-7,244.000000
6.293567	0.640	-10,088.000000
6.304233	0.640	-10,697.000000
6.314900	0.640	-7,961.000000
6.325567	0.640	-4,351.000000
6.336233	0.640	-2,653.000000
6.346900	0.640	-2,423.000000
6.357567	0.640	-1,212.000000
6.368233	0.640	-1,310.000000
6.378900	0.640	-7,926.000000
6.389567	0.640	-16,096.000000
6.400233	0.640	-14,262.000000
6.410900	0.640	-3,977.000000
6.421567	0.640	1,732.000000
6.432233	0.640	-1,894.000000
6.442900	0.640	-7,775.000000
6.453567	0.640	-9,515.000000
6.464233	0.640	-7,975.000000
6.474900	0.640	-5,979.000000
6.485567	0.640	-3,040.000000
6.496233	0.640	-487.000000
6.506900	0.640	-3,360.000000
6.517567	0.640	-9,722.000000
6.528233	0.640	-10,633.000000
6.538900	0.640	-5,563.000000
6.549567	0.640	-3,716.000000
6.560233	0.640	-7,182.000000
6.570900	0.640	-7,126.000000
6.581567	0.640	-384.000000
6.592233	0.640	3,505.000000
6.602900	0.640	-1,988.000000
6.613567	0.640	-10,111.000000
6.624233	0.640	-13,550.000000
6.634900	0.640	-12,531.000000
6.645567	0.640	-8,807.000000
6.656233	0.640	-5,039.000000
6.666900	0.640	-4,442.000000
6.677567	0.640	-6,331.000000
6.688233	0.640	-7,938.000000
6.698900	0.640	-7,465.000000
6.709567	0.640	-4,077.000000
6.720233	0.640	-1,280.000000
6.730900	0.640	-4,466.000000
6.741567	0.640	-9,834.000000
6.752233	0.640	-8,502.000000
6.762900	0.640	-1,306.000000
6.773567	0.640	3,833.000000
6.784233	0.640	2,273.000000
6.794900	0.640	-4,674.000000
6.805567	0.640	-10,738.000000
6.816233	0.640	-12,230.000000
6.826900	0.640	-10,319.000000
6.837567	0.640	-4,614.000000
6.848233	0.640	1,558.000000
6.858900	0.640	483.000000
6.869567	0.640	-4,948.000000
6.880233	0.640	-4,671.000000
6.890900	0.640	-227.000000
6.901567	0.640	-1,794.000000
6.912233	0.640	-9,200.000000
6.922900	0.640	-11,945.000000
6.933567	0.640	-7,366.000000
6.944233	0.640	-3,236.000000
6.954900	0.640	-4,508.000000
6.965567	0.640	-8,147.000000
6.976233	0.640	-8,337.000000
6.986900	0.640	-4,891.000000
6.997567	0.640	-3,717.000000
7.008233	0.640	-6,872.000000
7.018900	0.640	-9,703.000000
7.029567	0.640	-9,687.000000
7.040233	0.640	-10,779.000000
7.050900	0.640	-13,660.000000
7.061567	0.640	-11,767.000000
7.072233	0.640	-5,965.000000
7.082900	0.640	-5,383.000000
7.093567	0.640	-10,031.000000
7.104233	0.640	-11,064.000000
7.114900	0.640	-5,275.000000
7.125567	0.640	763.000000
7.136233	0.640	286.000000
7.146900	0.640	-6,379.000000
7.157567	0.640	-14,781.000000
7.168233	0.640	-19,154.000000
7.178900	0.640	-17,147.000000
7.189567	0.640	-12,604.000000
7.200233	0.640	-8,325.000000
7.210900	0.640	-3,016.000000
7.221567	0.640	3,318.000000
7.232233	0.640	6,631.000000
7.242900	0.640	3,202.000000
7.253567	0.640	-5,268.000000
7.264233	0.640	-11,875.000000
7.274900	0.640	-10,587.000000
7.285567	0.640	-4,448.000000
7.296233	0.640	-1,499.000000
7.306900	0.640	-3,832.000000
7.317567	0.640	-8,011.000000
7.328233	0.640	-9,672.000000
7.338900	0.640	-6,821.000000
7.349567	0.640	-3,347.000000
7.360233	0.640	-4,626.000000
7.370900	0.640	-9,064.000000
7.381567	0.640	-10,557.000000
7.392233	0.640	-8,261.000000
7.402900	0.640	-6,815.000000
7.413567	0.640	-8,238.000000
7.424233	0.640	-9,881.000000
7.434900	0.640	-9,786.000000
7.445567	0.640	-9,139.000000
7.456233	0.640	-7,422.000000
7.466900	0.640	-1,516.000000
7.477567	0.640	5,267.000000
7.488233	0.640	4,606.000000
7.498900	0.640	-3,012.000000
7.509567	0.640	-8,290.000000
7.520233	0.640	-5,283.000000
7.530900	0.640	742.000000
7.541567	0.640	-191.000000
7.552233	0.640	-6,110.000000
7.562900	0.640	-7,475.000000
7.573567	0.640	-5,144.000000
7.584233	0.640	-4,744.000000
7.594900	0.640	-5,034.000000
7.605567	0.640	-2,131.000000
7.616233	0.640	4,508.000000
7.626900	0.640	8,501.000000
7.637567	0.640	3,601.000000
7.648233	0.640	-3,808.000000
7.658900	0.640	-5,529.000000
7.669567	0.640	-4,933.000000
7.680233	0.640	-6,060.000000
7.690900	0.640	-6,294.000000
7.701567	0.640	-4,967.000000
7.712233	0.640	-4,644.000000
7.722900	0.640	-4,696.000000
7.733567	0.640	-3,907.000000
7.744233	0.640	-3,289.000000
7.754900	0.640	-1,238.000000
7.765567	0.640	3,167.000000
7.776233	0.640	4,810.000000
7.786900	0.640	1,220.000000
7.797567	0.640	-3,999.000000
7.808233	0.640	-8,895.000000
7.818900	0.640	-11,745.000000
7.829567	0.640	-8,798.000000
7.840233	0.640	-1,327.000000
7.850900	0.640	3,113.000000
7.861567	0.640	485.000000
7.872233	0.640	-4,944.000000
7.882900	0.640	-8,842.000000
7.893567	0.640	-10,520.000000
7.904233	0.640	-8,263.000000
7.914900	0.640	-2,905.000000
7.925567	0.640	-753.000000
7.936233	0.640	-3,885.000000
7.946900	0.640	-6,436.000000
7.957567	0.640	-4,537.000000
7.968233	0.640	-1,994.000000
7.978900	0.640	-5,055.000000
7.989567	0.640	-11,878.000000
8.000233	0.640	-12,715.000000
8.010900	0.640	-6,704.000000
8.021567	0.640	-2,390.000000
8.032233	0.640	-1,904.000000
8.042900	0.640	-3,174.000000
8.053567	0.640	-5,306.000000
8.064233	0.640	-6,051.000000
8.074900	0.640	-5,774.000000
8.085567	0.640	-5,294.000000
8.096233	0.640	-2,286.000000
8.106900	0.640	63.000000
8.117567	0.640	-5,163.000000
8.128233	0.640	-15,182.000000
8.138900	0.640	-20,729.000000
8.149567	0.640	-19,519.000000
8.160233	0.640	-14,353.000000
8.170900	0.640	-6,114.000000
8.181567	0.640	1,581.000000
8.192233	0.640	3,415.000000
8.202900	0.640	419.000000
8.213567	0.640	-3,144.000000
8.224233	0.640	-6,517.000000
8.234900	0.640	-10,961.000000
8.245567	0.640	-13,619.000000
8.256233	0.640	-10,638.000000
8.266900	0.640	-5,716.000000
8.277567	0.640	-4,365.000000
8.288233	0.640	-6,940.000000
8.298900	0.640	-11,545.000000
8.309567	0.640	-13,240.000000
8.320233	0.640	-8,917.000000
8.330900	0.640	-5,222.000000
8.341567	0.640	-7,186.000000
8.352233	0.640	-9,694.000000
8.362900	0.640	-9,327.000000
8.373567	0.640	-7,462.000000
8.384233	0.640	-4,373.000000
8.394900	0.640	-4,069.000000
8.405567	0.640	-10,767.000000
8.416233	0.640	-17,851.000000
8.426900	0.640	-17,400.000000
8.437567	0.640	-12,477.000000
8.448233	0.640	-8,348.000000
8.458900	0.640	-3,528.000000
8.469567	0.640	2,588.000000
8.480233	0.640	4,900.000000
8.490900	0.640	1,497.000000
8.501567	0.640	-4,390.000000
8.512233	0.640	-10,898.000000
8.522900	0.640	-16,272.000000
8.533567	0.640	-17,187.000000
8.544233	0.640	-13,332.000000
8.554900	0.640	-8,795.000000
8.565567	0.640	-7,202.000000
8.576233	0.640	-8,286.000000
8.586900	0.640	-9,837.000000
8.597567	0.640	-9,243.000000
8.608233	0.640	-5,119.000000
8.618900	0.640	-984.000000
8.629567	0.640	-1,517.000000
8.640233	0.640	-5,087.000000
8.650900	0.640	-7,011.000000
8.661567	0.640	-7,535.000000
8.672233	0.640	-7,924.000000
8.682900	0.640	-4,601.000000
8.693567	0.640	1,347.000000
8.704233	0.640	2,633.000000
8.714900	0.640	-512.000000
8.725567	0.640	-2,975.000000
8.736233	0.640	-5,388.000000
8.746900	0.640	-9,844.000000
8.757567	0.640	-14,704.000000
8.768233	0.640	-17,156.000000
8.778900	0.640	-15,237.000000
8.789567	0.640	-9,154.000000
8.800233	0.640	-2,196.000000
8.810900	0.640	1,987.000000
8.821567	0.640	3,316.000000
8.832233	0.640	3,741.000000
8.842900	0.640	2,730.000000
8.853567	0.640	-612.000000
8.864233	0.640	-3,854.000000
8.874900	0.640	-4,268.000000
8.885567	0.640	-2,379.000000
8.896233	0.640	-422.000000
8.906900	0.640	-591.000000
8.917567	0.640	-3,357.000000
8.928233	0.640	-4,764.000000
8.938900	0.640	-3,403.000000
8.949567	0.640	-4,617.000000
8.960233	0.640	-8,415.000000
8.970900	0.640	-9,699.000000
8.981567	0.640	-9,652.000000
8.992233	0.640	-10,018.000000
9.002900	0.640	-8,981.000000
9.013567	0.640	-9,073.000000
9.024233	0.640	-13,413.000000
9.034900	0.640	-17,885.000000
9.045567	0.640	-17,118.000000
9.056233	0.640	-12,440.000000
9.066900	0.640	-9,356.000000
9.077567	0.640	-8,140.000000
9.088233	0.640	-4,602.000000
9.098900	0.640	-1,389.000000
9.109567	0.640	-3,190.000000
9.120233	0.640	-6,203.000000
9.130900	0.640	-6,802.000000
9.141567	0.640	-7,125.000000
9.152233	0.640	-7,082.000000
9.162900	0.640	-4,253.000000
9.173567	0.640	-336.000000
9.184233	0.640	195.000000
9.194900	0.640	-2,178.000000
9.205567	0.640	-1,245.000000
9.216233	0.640	4,250.000000
9.226900	0.640	7,530.000000
9.237567	0.640	5,399.000000
9.248233	0.640	2,292.000000
9.258900	0.640	750.000000
9.269567	0.640	-1,412.000000
9.280233	0.640	-2,681.000000
9.290900	0.640	441.000000
9.301567	0.640	3,206.000000
9.312233	0.640	264.000000
9.322900	0.640	-4,176.000000
9.333567	0.640	-5,110.000000
9.344233	0.640	-2,560.000000
9.354900	0.640	803.000000
9.365567	0.640	1,842.000000
9.376233	0.640	814.000000
9.386900	0.640	-130.000000
9.397567	0.640	-171.000000
9.408233	0.640	989.000000
9.418900	0.640	3,240.000000
9.429567	0.640	5,559.000000
9.440233	0.640	5,975.000000
9.450900	0.640	3,686.000000
9.461567	0.640	649.000000
9.472233	0.640	-624.000000
9.482900	0.640	412.000000
9.493567	0.640	2,370.000000
9.504233	0.640	4,258.000000
9.514900	0.640	5,765.000000
9.525567	0.640	6,437.000000
9.536233	0.640	7,615.000000
9.546900	0.640	10,223.000000
9.557567	0.640	11,054.000000
9.568233	0.640	9,934.000000
9.578900	0.640	12,308.000000
9.589567	0.640	17,632.000000
9.600233	0.640	19,979.000000
9.610900	0.640	18,994.000000
9.621567	0.640	17,438.000000
9.632233	0.640	15,912.000000
9.642900	0.640	14,582.000000
9.653567	0.640	14,397.000000
9.664233	0.640	14,409.000000
9.674900	0.640	8,771.000000
9.685567	0.640	-1,842.000000
9.696233	0.640	-3,660.000000
9.706900	0.640	7,371.000000
9.717567	0.640	17,819.000000
9.728233	0.640	20,022.000000
9.738900	0.640	19,098.000000
9.749567	0.640	19,199.000000
9.760233	0.640	18,111.000000
9.770900	0.640	14,598.000000
9.781567	0.640	13,146.000000
9.792233	0.640	18,060.000000
9.802900	0.640	26,068.000000
9.813567	0.640	29,281.000000
9.824233	0.640	26,395.000000
9.834900	0.640	22,585.000000
9.845567	0.640	20,436.000000
9.856233	0.640	21,571.000000
9.866900	0.640	26,845.000000
9.877567	0.640	31,684.000000
9.888233	0.640	32,087.000000
9.898900	0.640	29,441.000000
9.909567	0.640	26,177.000000
9.920233	0.640	24,135.000000
9.930900	0.640	23,394.000000
9.941567	0.640	22,439.000000
9.952233	0.640	23,277.000000
9.962900	0.640	27,169.000000
9.973567	0.640	29,314.000000
9.984233	0.640	27,806.000000
9.994900	0.640	27,569.000000
10.005567	0.640	31,269.000000
10.016233	0.640	36,493.000000
10.026900	0.640	41,402.000000
10.037567	0.640	44,802.000000
10.048233	0.640	45,168.000000
10.058900	0.640	44,539.000000
10.069567	0.640	45,761.000000
10.080233	0.640	47,922.000000
10.090900	0.640	49,485.000000
10.101567	0.640	48,252.000000
10.112233	0.640	43,049.000000
10.122900	0.640	39,476.000000
10.133567	0.640	42,224.000000
10.144233	0.640	47,601.000000
10.154900	0.640	51,488.000000
10.165567	0.640	53,918.000000
10.176233	0.640	54,371.000000
10.186900	0.640	51,498.000000
10.197567	0.640	46,946.000000
10.208233	0.640	44,223.000000
10.218900	0.640	46,296.000000
10.229567	0.640	52,370.000000
10.240233	0.640	56,027.000000
10.250900	0.640	55,509.000000
10.261567	0.640	55,246.000000
10.272233	0.640	55,109.000000
10.282900	0.640	55,599.000000
10.293567	0.640	59,377.000000
10.304233	0.640	62,232.000000
10.314900	0.640	60,390.000000
10.325567	0.640	57,867.000000
10.336233	0.640	59,378.000000
10.346900	0.640	64,146.000000
10.357567	0.640	67,678.000000
10.368233	0.640	69,704.000000
10.378900	0.640	74,427.000000
10.389567	0.640	78,114.000000
10.400233	0.640	73,156.000000
10.410900	0.640	66,468.000000
10.421567	0.640	68,561.000000
10.432233	0.640	73,627.000000
10.442900	0.640	73,601.000000
10.453567	0.640	72,909.000000
10.464233	0.640	76,944.000000
10.474900	0.640	82,808.000000
10.485567	0.640	85,522.000000
10.496233	0.640	85,060.000000
10.506900	0.640	84,739.000000
10.517567	0.640	85,625.000000
10.528233	0.640	87,707.000000
10.538900	0.640	92,120.000000
10.549567	0.640	95,940.000000
10.560233	0.640	95,061.000000
10.570900	0.640	91,414.000000
10.581567	0.640	87,417.000000
10.592233	0.640	84,493.000000
10.602900	0.640	87,553.000000
10.613567	0.640	97,858.000000
10.624233	0.640	107,957.000000
10.634900	0.640	109,658.000000
10.645567	0.640	103,327.000000
10.656233	0.640	97,629.000000
10.666900	0.640	98,506.000000
10.677567	0.640	103,618.000000
10.688233	0.640	108,935.000000
10.698900	0.640	113,572.000000
10.709567	0.640	116,682.000000
10.720233	0.640	115,947.000000
10.730900	0.640	113,661.000000
10.741567	0.640	114,319.000000
10.752233	0.640	116,713.000000
10.762900	0.640	118,681.000000
10.773567	0.640	120,619.000000
10.784233	0.640	122,218.000000
10.794900	0.640	123,203.000000
10.805567	0.640	123,903.000000
10.816233	0.640	124,016.000000
10.826900	0.640	124,493.000000
10.837567	0.640	127,615.000000
10.848233	0.640	132,408.000000
10.858900	0.640	135,913.000000
10.869567	0.640	137,169.000000
10.880233	0.640	135,949.000000
10.890900	0.640	134,219.000000
10.901567	0.640	134,847.000000
10.912233	0.640	135,893.000000
10.922900	0.640	137,072.000000
10.933567	0.640	142,671.000000
10.944233	0.640	150,325.000000
10.954900	0.640	154,213.000000
10.965567	0.640	155,339.000000
10.976233	0.640	155,560.000000
10.986900	0.640	153,017.000000
10.997567	0.640	148,592.000000
11.008233	0.640	147,884.000000
11.018900	0.640	154,542.000000
11.029567	0.640	163,389.000000
11.040233	0.640	165,258.000000
11.050900	0.640	161,339.000000
11.061567	0.640	160,798.000000
11.072233	0.640	165,645.000000
11.082900	0.640	172,572.000000
11.093567	0.640	178,700.000000
11.104233	0.640	180,176.000000
11.114900	0.640	178,991.000000
11.125567	0.640	181,821.000000
11.136233	0.640	187,183.000000
11.146900	0.640	189,611.000000
11.157567	0.640	190,495.000000
11.168233	0.640	192,885.000000
11.178900	0.640	195,917.000000
11.189567	0.640	196,808.000000
11.200233	0.640	193,252.000000
11.210900	0.640	188,250.000000
11.221567	0.640	189,506.000000
11.232233	0.640	199,868.000000
11.242900	0.640	211,184.000000
11.253567	0.640	213,365.000000
11.264233	0.640	208,912.000000
11.274900	0.640	207,507.000000
11.285567	0.640	211,103.000000
11.296233	0.640	215,331.000000
11.306900	0.640	219,035.000000
11.317567	0.640	223,299.000000
11.328233	0.640	225,655.000000
11.338900	0.640	223,365.000000
11.349567	0.640	218,937.000000
11.360233	0.640	219,519.000000
11.370900	0.640	227,685.000000
11.381567	0.640	235,346.000000
11.392233	0.640	237,376.000000
11.402900	0.640	238,790.000000
11.413567	0.640	241,830.000000
11.424233	0.640	243,388.000000
11.434900	0.640	243,570.000000
11.445567	0.640	244,555.000000
11.456233	0.640	245,453.000000
11.466900	0.640	245,430.000000
11.477567	0.640	246,520.000000
11.488233	0.640	248,985.000000
11.498900	0.640	252,534.000000
11.509567	0.640	259,416.000000
11.520233	0.640	266,530.000000
11.530900	0.640	268,699.000000
11.541567	0.640	269,695.000000
11.552233	0.640	272,503.000000
11.562900	0.640	273,331.000000
11.573567	0.640	272,495.000000
11.584283	0.643	274,454.000000
11.594900	0.637	280,614.000000
11.605567	0.640	287,547.000000
11.616233	0.640	289,498.000000
11.626900	0.640	288,402.000000
11.637567	0.640	290,732.000000
11.648233	0.640	292,529.000000
11.658900	0.640	289,509.000000
11.669567	0.640	287,606.000000
11.680233	0.640	290,846.000000
11.690900	0.640	296,706.000000
11.701567	0.640	301,034.000000
11.712233	0.640	304,596.000000
11.722900	0.640	312,314.000000
11.733567	0.640	319,098.000000
11.744233	0.640	316,404.000000
11.754900	0.640	310,972.000000
11.765567	0.640	312,121.000000
11.776233	0.640	317,865.000000
11.786900	0.640	324,324.000000
11.797567	0.640	328,787.000000
11.808233	0.640	328,948.000000
11.818900	0.640	327,093.000000
11.829567	0.640	328,388.000000
11.840233	0.640	335,582.000000
11.850900	0.640	342,977.000000
11.861567	0.640	341,934.000000
11.872233	0.640	337,247.000000
11.882900	0.640	340,476.000000
11.893567	0.640	349,446.000000
11.904233	0.640	353,738.000000
11.914900	0.640	352,696.000000
11.925567	0.640	354,264.000000
11.936233	0.640	361,173.000000
11.946900	0.640	368,773.000000
11.957567	0.640	373,996.000000
11.968233	0.640	376,055.000000
11.978900	0.640	373,866.000000
11.989567	0.640	370,185.000000
12.000233	0.640	369,870.000000
12.010900	0.640	372,481.000000
12.021567	0.640	373,702.000000
12.032233	0.640	372,811.000000
12.042900	0.640	373,834.000000
12.053567	0.640	378,354.000000
12.064233	0.640	383,109.000000
12.074900	0.640	387,431.000000
12.085567	0.640	393,214.000000
12.096233	0.640	398,834.000000
12.106900	0.640	401,225.000000
12.117567	0.640	399,415.000000
12.128233	0.640	396,268.000000
12.138900	0.640	396,788.000000
12.149567	0.640	400,622.000000
12.160233	0.640	401,478.000000
12.170900	0.640	398,285.000000
12.181567	0.640	397,940.000000
12.192233	0.640	403,378.000000
12.202900	0.640	411,285.000000
12.213567	0.640	417,643.000000
12.224233	0.640	419,704.000000
12.234900	0.640	421,268.000000
12.245567	0.640	426,951.000000
12.256233	0.640	430,795.000000
12.266900	0.640	427,017.000000
12.277567	0.640	422,126.000000
12.288233	0.640	424,606.000000
12.298900	0.640	433,685.000000
12.309567	0.640	442,204.000000
12.320233	0.640	446,017.000000
12.330900	0.640	448,175.000000
12.341567	0.640	452,416.000000
12.352233	0.640	457,250.000000
12.362900	0.640	458,076.000000
12.373567	0.640	453,244.000000
12.384233	0.640	448,797.000000
12.394900	0.640	452,075.000000
12.405567	0.640	460,607.000000
12.416233	0.640	465,330.000000
12.426900	0.640	462,565.000000
12.437567	0.640	457,982.000000
12.448233	0.640	459,210.000000
12.458900	0.640	464,642.000000
12.469567	0.640	465,284.000000
12.480233	0.640	460,757.000000
12.490900	0.640	460,292.000000
12.501567	0.640	465,456.000000
12.512233	0.640	469,067.000000
12.522900	0.640	470,073.000000
12.533567	0.640	472,578.000000
12.544233	0.640	476,214.000000
12.554900	0.640	479,841.000000
12.565567	0.640	483,383.000000
12.576233	0.640	484,041.000000
12.586900	0.640	482,412.000000
12.597567	0.640	484,165.000000
12.608233	0.640	489,753.000000
12.618900	0.640	493,567.000000
12.629567	0.640	492,770.000000
12.640233	0.640	489,070.000000
12.650900	0.640	485,212.000000
12.661567	0.640	484,409.000000
12.672233	0.640	488,645.000000
12.682900	0.640	493,612.000000
12.693567	0.640	494,571.000000
12.704233	0.640	495,060.000000
12.714900	0.640	497,671.000000
12.725567	0.640	498,698.000000
12.736233	0.640	498,222.000000
12.746900	0.640	499,961.000000
12.757567	0.640	502,217.000000
12.768233	0.640	501,044.000000
12.778900	0.640	497,515.000000
12.789567	0.640	495,168.000000
12.800233	0.640	494,886.000000
12.810900	0.640	494,660.000000
12.821567	0.640	495,441.000000
12.832233	0.640	500,869.000000
12.842900	0.640	506,526.000000
12.853567	0.640	504,237.000000
12.864233	0.640	497,448.000000
12.874900	0.640	495,520.000000
12.885567	0.640	497,837.000000
12.896233	0.640	498,337.000000
12.906900	0.640	497,998.000000
12.917567	0.640	500,325.000000
12.928233	0.640	502,902.000000
12.938900	0.640	501,436.000000
12.949567	0.640	497,068.000000
12.960233	0.640	494,547.000000
12.970900	0.640	494,829.000000
12.981567	0.640	496,126.000000
12.992233	0.640	499,577.000000
13.002900	0.640	504,223.000000
13.013567	0.640	505,137.000000
13.024233	0.640	503,761.000000
13.034900	0.640	504,156.000000
13.045567	0.640	504,489.000000
13.056233	0.640	504,333.000000
13.066900	0.640	505,819.000000
13.077567	0.640	508,449.000000
13.088233	0.640	510,208.000000
13.098900	0.640	508,007.000000
13.109567	0.640	501,881.000000
13.120233	0.640	498,310.000000
13.130900	0.640	499,772.000000
13.141567	0.640	500,680.000000
13.152233	0.640	498,833.000000
13.162900	0.640	496,267.000000
13.173567	0.640	493,823.000000
13.184233	0.640	494,036.000000
13.194900	0.640	497,413.000000
13.205567	0.640	498,251.000000
13.216233	0.640	494,044.000000
13.226900	0.640	488,884.000000
13.237567	0.640	486,345.000000
13.248233	0.640	488,054.000000
13.258900	0.640	492,062.000000
13.269567	0.640	492,619.000000
13.280233	0.640	488,953.000000
13.290900	0.640	485,551.000000
13.301567	0.640	483,738.000000
13.312233	0.640	481,987.000000
13.322900	0.640	480,347.000000
13.333567	0.640	478,741.000000
13.344233	0.640	476,345.000000
13.354900	0.640	475,826.000000
13.365567	0.640	479,288.000000
13.376233	0.640	482,907.000000
13.386900	0.640	482,587.000000
13.397567	0.640	477,730.000000
13.408233	0.640	470,842.000000
13.418900	0.640	467,631.000000
13.429567	0.640	470,963.000000
13.440233	0.640	475,055.000000
13.450900	0.640	474,093.000000
13.461567	0.640	471,073.000000
13.472233	0.640	468,904.000000
13.482900	0.640	465,027.000000
13.493567	0.640	461,319.000000
13.504233	0.640	464,234.000000
13.514900	0.640	471,480.000000
13.525567	0.640	473,281.000000
13.536233	0.640	468,885.000000
13.546900	0.640	466,016.000000
13.557567	0.640	466,103.000000
13.568233	0.640	465,514.000000
13.578900	0.640	466,259.000000
13.589567	0.640	473,492.000000
13.600233	0.640	486,820.000000
13.610900	0.640	501,993.000000
13.621567	0.640	517,206.000000
13.632233	0.640	533,985.000000
13.642900	0.640	557,359.000000
13.653567	0.640	594,261.000000
13.664233	0.640	645,689.000000
13.674900	0.640	705,698.000000
13.685567	0.640	771,748.000000
13.696233	0.640	846,704.000000
13.706900	0.640	929,849.000000
13.717567	0.640	1,016,535.000000
13.728233	0.640	1,103,790.000000
13.738900	0.640	1,185,841.000000
13.749567	0.640	1,251,029.000000
13.760233	0.640	1,288,294.000000
13.770900	0.640	1,289,271.000000
13.781567	0.640	1,251,890.000000
13.792233	0.640	1,184,953.000000
13.802900	0.640	1,098,915.000000
13.813567	0.640	999,986.000000
13.824233	0.640	895,486.000000
13.834900	0.640	793,215.000000
13.845567	0.640	700,114.000000
13.856233	0.640	623,916.000000
13.866900	0.640	566,267.000000
13.877567	0.640	520,226.000000
13.888233	0.640	482,403.000000
13.898900	0.640	456,105.000000
13.909567	0.640	440,212.000000
13.920233	0.640	429,154.000000
13.930900	0.640	421,509.000000
13.941567	0.640	416,980.000000
13.952233	0.640	413,051.000000
13.962900	0.640	409,760.000000
13.973567	0.640	408,330.000000
13.984233	0.640	407,594.000000
13.994900	0.640	405,610.000000
14.005567	0.640	402,310.000000
14.016233	0.640	399,823.000000
14.026900	0.640	397,377.000000
14.037567	0.640	393,104.000000
14.048233	0.640	391,879.000000
14.058900	0.640	396,549.000000
14.069567	0.640	399,104.000000
14.080233	0.640	394,609.000000
14.090900	0.640	388,687.000000
14.101567	0.640	385,331.000000
14.112233	0.640	383,774.000000
14.122900	0.640	382,569.000000
14.133567	0.640	379,366.000000
14.144233	0.640	376,585.000000
14.154900	0.640	379,014.000000
14.165567	0.640	382,456.000000
14.176233	0.640	379,893.000000
14.186900	0.640	372,767.000000
14.197567	0.640	366,766.000000
14.208233	0.640	365,003.000000
14.218900	0.640	366,817.000000
14.229567	0.640	367,764.000000
14.240233	0.640	364,708.000000
14.250900	0.640	359,671.000000
14.261567	0.640	354,599.000000
14.272233	0.640	350,745.000000
14.282900	0.640	350,371.000000
14.293567	0.640	351,931.000000
14.304233	0.640	351,598.000000
14.314900	0.640	349,395.000000
14.325567	0.640	348,859.000000
14.336233	0.640	351,287.000000
14.346900	0.640	351,248.000000
14.357567	0.640	344,871.000000
14.368233	0.640	338,534.000000
14.378900	0.640	335,987.000000
14.389567	0.640	330,472.000000
14.400233	0.640	322,177.000000
14.410900	0.640	321,527.000000
14.421567	0.640	327,657.000000
14.432233	0.640	328,044.000000
14.442900	0.640	321,302.000000
14.453567	0.640	316,733.000000
14.464233	0.640	316,042.000000
14.474900	0.640	315,691.000000
14.485567	0.640	315,974.000000
14.496233	0.640	316,935.000000
14.506900	0.640	317,558.000000
14.517567	0.640	318,330.000000
14.528233	0.640	318,028.000000
14.538900	0.640	313,591.000000
14.549567	0.640	306,697.000000
14.560233	0.640	303,025.000000
14.570900	0.640	302,626.000000
14.581567	0.640	301,735.000000
14.592233	0.640	298,401.000000
14.602900	0.640	290,200.000000
14.613567	0.640	278,832.000000
14.624233	0.640	270,465.000000
14.634900	0.640	266,014.000000
14.645567	0.640	263,906.000000
14.656233	0.640	264,756.000000
14.666900	0.640	264,986.000000
14.677567	0.640	260,847.000000
14.688233	0.640	255,927.000000
14.698900	0.640	253,003.000000
14.709567	0.640	250,733.000000
14.720233	0.640	248,497.000000
14.730900	0.640	245,415.000000
14.741567	0.640	242,085.000000
14.752233	0.640	241,518.000000
14.762900	0.640	241,945.000000
14.773567	0.640	237,648.000000
14.784233	0.640	231,891.000000
14.794900	0.640	233,517.000000
14.805567	0.640	238,364.000000
14.816233	0.640	236,022.000000
14.826900	0.640	228,975.000000
14.837567	0.640	224,891.000000
14.848233	0.640	222,224.000000
14.858900	0.640	216,274.000000
14.869567	0.640	208,520.000000
14.880233	0.640	202,216.000000
14.890900	0.640	196,601.000000
14.901567	0.640	191,309.000000
14.912233	0.640	190,046.000000
14.922900	0.640	194,073.000000
14.933567	0.640	197,930.000000
14.944233	0.640	194,834.000000
14.954900	0.640	183,716.000000
14.965567	0.640	172,464.000000
14.976233	0.640	169,941.000000
14.986900	0.640	173,963.000000
14.997567	0.640	175,234.000000
15.008233	0.640	171,008.000000
15.018900	0.640	165,517.000000
15.029567	0.640	160,158.000000
15.040233	0.640	154,791.000000
15.050900	0.640	152,465.000000
15.061567	0.640	153,621.000000
15.072233	0.640	153,567.000000
15.082900	0.640	149,432.000000
15.093567	0.640	144,595.000000
15.104233	0.640	142,327.000000
15.114900	0.640	138,942.000000
15.125567	0.640	131,326.000000
15.136233	0.640	125,158.000000
15.146900	0.640	124,564.000000
15.157567	0.640	122,611.000000
15.168233	0.640	114,722.000000
15.178900	0.640	109,053.000000
15.189567	0.640	111,904.000000
15.200233	0.640	116,610.000000
15.210900	0.640	115,363.000000
15.221567	0.640	110,294.000000
15.232233	0.640	107,336.000000
15.242900	0.640	107,710.000000
15.253567	0.640	107,603.000000
15.264233	0.640	103,854.000000
15.274900	0.640	99,217.000000
15.285567	0.640	96,100.000000
15.296233	0.640	93,104.000000
15.306900	0.640	91,499.000000
15.317567	0.640	90,615.000000
15.328233	0.640	87,477.000000
15.338900	0.640	84,767.000000
15.349567	0.640	84,968.000000
15.360233	0.640	87,974.000000
15.370900	0.640	94,095.000000
15.381567	0.640	100,616.000000
15.392233	0.640	104,424.000000
15.402900	0.640	106,345.000000
15.413567	0.640	107,659.000000
15.424233	0.640	106,770.000000
15.434900	0.640	103,069.000000
15.445567	0.640	99,385.000000
15.456233	0.640	96,753.000000
15.466900	0.640	93,268.000000
15.477567	0.640	87,052.000000
15.488233	0.640	77,671.000000
15.498900	0.640	68,287.000000
15.509567	0.640	62,804.000000
15.520233	0.640	59,889.000000
15.530900	0.640	55,512.000000
15.541567	0.640	50,234.000000
15.552233	0.640	46,225.000000
15.562900	0.640	41,318.000000
15.573567	0.640	36,602.000000
15.584233	0.640	39,078.000000
15.594900	0.640	47,738.000000
15.605567	0.640	53,314.000000
15.616233	0.640	56,841.000000
15.626900	0.640	69,120.000000
15.637567	0.640	89,694.000000
15.648233	0.640	109,475.000000
15.658900	0.640	129,968.000000
15.669567	0.640	155,621.000000
15.680233	0.640	181,018.000000
15.690900	0.640	201,708.000000
15.701567	0.640	220,422.000000
15.712233	0.640	238,084.000000
15.722900	0.640	247,806.000000
15.733567	0.640	239,879.000000
15.744233	0.640	215,583.000000
15.754900	0.640	187,066.000000
15.765567	0.640	159,757.000000
15.776233	0.640	130,077.000000
15.786900	0.640	98,745.000000
15.797567	0.640	73,979.000000
15.808233	0.640	60,507.000000
15.818900	0.640	52,783.000000
15.829567	0.640	43,813.000000
15.840233	0.640	33,196.000000
15.850900	0.640	25,346.000000
15.861567	0.640	23,055.000000
15.872233	0.640	22,661.000000
15.882900	0.640	20,140.000000
15.893567	0.640	16,781.000000
15.904233	0.640	13,981.000000
15.914900	0.640	11,848.000000
15.925567	0.640	12,454.000000
15.936233	0.640	16,329.000000
15.946900	0.640	20,232.000000
15.957567	0.640	21,001.000000
15.968233	0.640	18,792.000000
15.978900	0.640	17,965.000000
15.989567	0.640	20,709.000000
16.000233	0.640	23,146.000000
16.010900	0.640	23,345.000000
16.021567	0.640	22,895.000000
16.032233	0.640	21,369.000000
16.042900	0.640	18,572.000000
16.053567	0.640	16,273.000000
16.064233	0.640	14,792.000000
16.074900	0.640	15,106.000000
16.085567	0.640	19,199.000000
16.096233	0.640	23,695.000000
16.106900	0.640	23,449.000000
16.117567	0.640	20,349.000000
16.128233	0.640	19,289.000000
16.138900	0.640	20,181.000000
16.149567	0.640	21,120.000000
16.160233	0.640	22,701.000000
16.170900	0.640	23,847.000000
16.181567	0.640	22,386.000000
16.192233	0.640	19,542.000000
16.202900	0.640	16,811.000000
16.213567	0.640	14,761.000000
16.224233	0.640	15,288.000000
16.234900	0.640	18,686.000000
16.245567	0.640	22,775.000000
16.256233	0.640	25,946.000000
16.266900	0.640	26,729.000000
16.277567	0.640	25,099.000000
16.288233	0.640	24,460.000000
16.298900	0.640	24,551.000000
16.309567	0.640	21,817.000000
16.320233	0.640	20,855.000000
16.330900	0.640	26,350.000000
16.341567	0.640	30,554.000000
16.352233	0.640	27,657.000000
16.362900	0.640	23,037.000000
16.373567	0.640	20,677.000000
16.384233	0.640	19,964.000000
16.394900	0.640	19,243.000000
16.405567	0.640	15,942.000000
16.416233	0.640	12,538.000000
16.426900	0.640	14,486.000000
16.437567	0.640	19,735.000000
16.448233	0.640	23,039.000000
16.458900	0.640	24,908.000000
16.469567	0.640	26,888.000000
16.480233	0.640	26,948.000000
16.490900	0.640	24,846.000000
16.501567	0.640	23,422.000000
16.512233	0.640	22,728.000000
16.522900	0.640	22,896.000000
16.533567	0.640	26,575.000000
16.544233	0.640	30,348.000000
16.554900	0.640	29,345.000000
16.565567	0.640	27,086.000000
16.576233	0.640	26,829.000000
16.586900	0.640	27,346.000000
16.597567	0.640	28,163.000000
16.608233	0.640	27,616.000000
16.618900	0.640	24,328.000000
16.629567	0.640	20,039.000000
16.640233	0.640	16,524.000000
16.650900	0.640	15,465.000000
16.661567	0.640	17,592.000000
16.672233	0.640	21,741.000000
16.682900	0.640	26,134.000000
16.693567	0.640	26,614.000000
16.704233	0.640	21,186.000000
16.714900	0.640	16,718.000000
16.725567	0.640	19,939.000000
16.736233	0.640	26,432.000000
16.746900	0.640	28,555.000000
16.757567	0.640	26,683.000000
16.768233	0.640	24,224.000000
16.778900	0.640	21,811.000000
16.789567	0.640	19,801.000000
16.800233	0.640	18,010.000000
16.810900	0.640	15,869.000000
16.821567	0.640	13,531.000000
16.832233	0.640	11,867.000000
16.842900	0.640	12,502.000000
16.853567	0.640	14,903.000000
16.864233	0.640	16,970.000000
16.874900	0.640	16,959.000000
16.885567	0.640	13,008.000000
16.896233	0.640	7,583.000000
16.906900	0.640	7,472.000000
16.917567	0.640	13,115.000000
16.928233	0.640	17,622.000000
16.938900	0.640	17,609.000000
16.949567	0.640	16,030.000000
16.960233	0.640	18,084.000000
16.970900	0.640	24,997.000000
16.981567	0.640	31,250.000000
16.992233	0.640	33,080.000000
17.002900	0.640	31,406.000000
17.013567	0.640	27,229.000000
17.024233	0.640	23,790.000000
17.034900	0.640	24,903.000000
17.045567	0.640	29,045.000000
17.056233	0.640	31,355.000000
17.066900	0.640	28,789.000000
17.077567	0.640	24,259.000000
17.088233	0.640	23,760.000000
17.098900	0.640	26,464.000000
17.109567	0.640	27,144.000000
17.120233	0.640	26,456.000000
17.130900	0.640	27,972.000000
17.141567	0.640	30,981.000000
17.152233	0.640	32,714.000000
17.162900	0.640	33,156.000000
17.173567	0.640	35,220.000000
17.184233	0.640	39,602.000000
17.194900	0.640	41,143.000000
17.205567	0.640	35,853.000000
17.216233	0.640	28,825.000000
17.226900	0.640	28,735.000000
17.237567	0.640	36,174.000000
17.248233	0.640	43,360.000000
17.258900	0.640	46,144.000000
17.269567	0.640	46,988.000000
17.280233	0.640	47,624.000000
17.290900	0.640	48,340.000000
17.301567	0.640	49,258.000000
17.312233	0.640	50,219.000000
17.322900	0.640	51,945.000000
17.333567	0.640	54,164.000000
17.344233	0.640	54,529.000000
17.354900	0.640	51,378.000000
17.365567	0.640	48,029.000000
17.376233	0.640	50,733.000000
17.386900	0.640	57,283.000000
17.397567	0.640	58,744.000000
17.408233	0.640	54,353.000000
17.418900	0.640	51,282.000000
17.429567	0.640	54,037.000000
17.440233	0.640	59,809.000000
17.450900	0.640	60,877.000000
17.461567	0.640	54,463.000000
17.472233	0.640	47,321.000000
17.482900	0.640	46,194.000000
17.493567	0.640	50,564.000000
17.504233	0.640	55,589.000000
17.514900	0.640	57,253.000000
17.525567	0.640	55,218.000000
17.536233	0.640	51,459.000000
17.546900	0.640	47,626.000000
17.557567	0.640	44,655.000000
17.568233	0.640	43,913.000000
17.578900	0.640	47,464.000000
17.589567	0.640	54,468.000000
17.600233	0.640	59,293.000000
17.610900	0.640	58,893.000000
17.621567	0.640	57,529.000000
17.632233	0.640	57,514.000000
17.642900	0.640	55,700.000000
17.653567	0.640	52,409.000000
17.664233	0.640	50,472.000000
17.674900	0.640	49,258.000000
17.685567	0.640	47,530.000000
17.696233	0.640	46,461.000000
17.706900	0.640	47,158.000000
17.717567	0.640	47,614.000000
17.728233	0.640	48,083.000000
17.738900	0.640	54,417.000000
17.749567	0.640	65,180.000000
17.760233	0.640	68,434.000000
17.770900	0.640	61,718.000000
17.781567	0.640	56,602.000000
17.792233	0.640	58,299.000000
17.802900	0.640	60,543.000000
17.813567	0.640	60,456.000000
17.824233	0.640	61,687.000000
17.834900	0.640	63,316.000000
17.845567	0.640	59,834.000000
17.856233	0.640	52,600.000000
17.866900	0.640	48,532.000000
17.877567	0.640	47,428.000000
17.888233	0.640	42,685.000000
17.898900	0.640	36,598.000000
17.909567	0.640	38,385.000000
17.920233	0.640	45,060.000000
17.930900	0.640	46,137.000000
17.941567	0.640	43,307.000000
17.952233	0.640	45,336.000000
17.962900	0.640	51,840.000000
17.973567	0.640	55,953.000000
17.984233	0.640	55,164.000000
17.994900	0.640	51,421.000000
18.005567	0.640	47,942.000000
18.016233	0.640	48,826.000000
18.026900	0.640	53,254.000000
18.037567	0.640	55,231.000000
18.048233	0.640	52,996.000000
18.058900	0.640	48,090.000000
18.069567	0.640	43,036.000000
18.080233	0.640	42,297.000000
18.090900	0.640	43,364.000000
18.101567	0.640	39,026.000000
18.112233	0.640	30,342.000000
18.122900	0.640	24,122.000000
18.133567	0.640	25,291.000000
18.144283	0.643	32,740.000000
18.154900	0.637	37,709.000000
18.165567	0.640	34,910.000000
18.176233	0.640	31,678.000000
18.186900	0.640	36,327.000000
18.197567	0.640	44,668.000000
18.208233	0.640	45,957.000000
18.218900	0.640	39,766.000000
18.229567	0.640	37,844.000000
18.240233	0.640	46,546.000000
18.250900	0.640	60,129.000000
18.261567	0.640	73,768.000000
18.272233	0.640	91,319.000000
18.282900	0.640	117,520.000000
18.293567	0.640	151,437.000000
18.304233	0.640	189,860.000000
18.314900	0.640	229,521.000000
18.325567	0.640	268,089.000000
18.336233	0.640	305,303.000000
18.346900	0.640	337,317.000000
18.357567	0.640	354,663.000000
18.368233	0.640	352,128.000000
18.378900	0.640	332,716.000000
18.389567	0.640	300,339.000000
18.400233	0.640	258,145.000000
18.410900	0.640	212,060.000000
18.421567	0.640	169,167.000000
18.432233	0.640	133,885.000000
18.442900	0.640	109,015.000000
18.453567	0.640	96,976.000000
18.464233	0.640	93,840.000000
18.474900	0.640	88,489.000000
18.485567	0.640	75,630.000000
18.496233	0.640	61,788.000000
18.506900	0.640	53,552.000000
18.517567	0.640	50,294.000000
18.528233	0.640	51,112.000000
18.538900	0.640	55,691.000000
18.549567	0.640	58,236.000000
18.560233	0.640	55,539.000000
18.570900	0.640	53,362.000000
18.581567	0.640	54,317.000000
18.592233	0.640	54,022.000000
18.602900	0.640	50,997.000000
18.613567	0.640	47,063.000000
18.624233	0.640	43,422.000000
18.634900	0.640	41,285.000000
18.645567	0.640	38,807.000000
18.656233	0.640	34,222.000000
18.666900	0.640	32,375.000000
18.677567	0.640	35,123.000000
18.688233	0.640	36,060.000000
18.698900	0.640	32,742.000000
18.709567	0.640	30,185.000000
18.720233	0.640	32,959.000000
18.730900	0.640	40,633.000000
18.741567	0.640	46,540.000000
18.752233	0.640	44,607.000000
18.762900	0.640	38,753.000000
18.773567	0.640	36,051.000000
18.784233	0.640	36,108.000000
18.794900	0.640	36,480.000000
18.805567	0.640	38,036.000000
18.816233	0.640	39,594.000000
18.826900	0.640	38,159.000000
18.837567	0.640	34,130.000000
18.848233	0.640	31,263.000000
18.858900	0.640	34,365.000000
18.869567	0.640	43,037.000000
18.880233	0.640	49,207.000000
18.890900	0.640	48,169.000000
18.901567	0.640	44,417.000000
18.912233	0.640	42,282.000000
18.922900	0.640	40,554.000000
18.933567	0.640	36,987.000000
18.944233	0.640	32,263.000000
18.954900	0.640	30,632.000000
18.965567	0.640	33,892.000000
18.976233	0.640	36,643.000000
18.986900	0.640	34,946.000000
18.997567	0.640	31,262.000000
19.008233	0.640	27,375.000000
19.018900	0.640	24,448.000000
19.029567	0.640	27,061.000000
19.040233	0.640	33,883.000000
19.050900	0.640	34,734.000000
19.061567	0.640	29,103.000000
19.072233	0.640	28,101.000000
19.082900	0.640	32,802.000000
19.093567	0.640	34,096.000000
19.104233	0.640	30,800.000000
19.114900	0.640	28,460.000000
19.125567	0.640	28,229.000000
19.136233	0.640	27,790.000000
19.146900	0.640	25,388.000000
19.157567	0.640	22,773.000000
19.168233	0.640	24,321.000000
19.178900	0.640	29,367.000000
19.189567	0.640	33,462.000000
19.200233	0.640	33,841.000000
19.210900	0.640	30,472.000000
19.221567	0.640	28,879.000000
19.232233	0.640	33,109.000000
19.242900	0.640	37,567.000000
19.253567	0.640	37,130.000000
19.264233	0.640	34,282.000000
19.274900	0.640	31,983.000000
19.285567	0.640	30,489.000000
19.296233	0.640	29,321.000000
19.306900	0.640	27,540.000000
19.317567	0.640	24,897.000000
19.328233	0.640	23,113.000000
19.338900	0.640	23,636.000000
19.349567	0.640	24,918.000000
19.360233	0.640	23,378.000000
19.370900	0.640	18,153.000000
19.381567	0.640	15,241.000000
19.392233	0.640	19,198.000000
19.402900	0.640	24,110.000000
19.413567	0.640	23,734.000000
19.424233	0.640	21,917.000000
19.434900	0.640	24,621.000000
19.445567	0.640	29,301.000000
19.456233	0.640	30,141.000000
19.466900	0.640	26,601.000000
19.477567	0.640	21,919.000000
19.488233	0.640	20,827.000000
19.498900	0.640	23,346.000000
19.509567	0.640	24,027.000000
19.520233	0.640	23,632.000000
19.530900	0.640	24,318.000000
19.541567	0.640	22,763.000000
19.552233	0.640	20,578.000000
19.562900	0.640	21,104.000000
19.573567	0.640	21,305.000000
19.584233	0.640	19,783.000000
19.594900	0.640	19,506.000000
19.605567	0.640	21,069.000000
19.616233	0.640	22,577.000000
19.626900	0.640	22,955.000000
19.637567	0.640	22,569.000000
19.648233	0.640	23,454.000000
19.658900	0.640	25,822.000000
19.669567	0.640	24,814.000000
19.680233	0.640	17,830.000000
19.690900	0.640	11,868.000000
19.701567	0.640	13,764.000000
19.712233	0.640	19,407.000000
19.722900	0.640	22,699.000000
19.733567	0.640	24,097.000000
19.744233	0.640	23,031.000000
19.754900	0.640	16,997.000000
19.765567	0.640	10,612.000000
19.776233	0.640	10,209.000000
19.786900	0.640	14,017.000000
19.797567	0.640	17,947.000000
19.808233	0.640	21,220.000000
19.818900	0.640	23,139.000000
19.829567	0.640	22,982.000000
19.840233	0.640	21,312.000000
19.850900	0.640	18,384.000000
19.861567	0.640	15,335.000000
19.872233	0.640	16,464.000000
19.882900	0.640	22,588.000000
19.893567	0.640	26,104.000000
19.904233	0.640	23,027.000000
19.914900	0.640	19,341.000000
19.925567	0.640	19,452.000000
19.936233	0.640	20,665.000000
19.946900	0.640	19,996.000000
19.957567	0.640	18,163.000000
19.968233	0.640	16,974.000000
19.978900	0.640	16,600.000000
19.989567	0.640	15,817.000000
20.000233	0.640	14,130.000000
20.010900	0.640	12,020.000000
20.021567	0.640	10,557.000000
20.032233	0.640	10,658.000000
20.042900	0.640	11,393.000000
20.053567	0.640	12,671.000000
20.064233	0.640	16,420.000000
20.074900	0.640	22,043.000000
20.085567	0.640	24,080.000000
20.096233	0.640	18,857.000000
20.106900	0.640	13,436.000000
20.117567	0.640	14,934.000000
20.128233	0.640	16,860.000000
20.138900	0.640	13,875.000000
20.149567	0.640	12,816.000000
20.160233	0.640	16,431.000000
20.170900	0.640	17,717.000000
20.181567	0.640	15,876.000000
20.192233	0.640	16,329.000000
20.202900	0.640	17,651.000000
20.213567	0.640	16,990.000000
20.224233	0.640	15,598.000000
20.234900	0.640	12,891.000000
20.245567	0.640	10,284.000000
20.256233	0.640	12,082.000000
20.266900	0.640	15,159.000000
20.277567	0.640	12,980.000000
20.288233	0.640	7,670.000000
20.298900	0.640	6,044.000000
20.309567	0.640	10,885.000000
20.320233	0.640	19,570.000000
20.330900	0.640	25,441.000000
20.341567	0.640	23,363.000000
20.352233	0.640	15,980.000000
20.362900	0.640	11,594.000000
20.373567	0.640	15,299.000000
20.384233	0.640	24,204.000000
20.394900	0.640	31,072.000000
20.405567	0.640	32,465.000000
20.416233	0.640	32,763.000000
20.426900	0.640	35,806.000000
20.437567	0.640	39,148.000000
20.448233	0.640	43,561.000000
20.458900	0.640	55,830.000000
20.469567	0.640	75,501.000000
20.480233	0.640	94,573.000000
20.490900	0.640	114,536.000000
20.501567	0.640	145,526.000000
20.512233	0.640	189,454.000000
20.522900	0.640	240,284.000000
20.533567	0.640	298,363.000000
20.544233	0.640	371,740.000000
20.554900	0.640	465,241.000000
20.565567	0.640	579,175.000000
20.576233	0.640	717,698.000000
20.586900	0.640	891,783.000000
20.597567	0.640	1,110,655.000000
20.608233	0.640	1,379,076.000000
20.618900	0.640	1,712,160.000000
20.629567	0.640	2,134,759.000000
20.640233	0.640	2,666,334.000000
20.650900	0.640	3,332,272.000000
20.661567	0.640	4,185,142.000000
20.672233	0.640	5,297,817.000000
20.682900	0.640	6,727,390.000000
20.693567	0.640	8,482,080.000000
20.704233	0.640	10,525,206.000000
20.714900	0.640	12,796,524.000000
20.725567	0.640	15,200,183.000000
20.736233	0.640	17,575,766.000000
20.746900	0.640	19,718,803.000000
20.757567	0.640	21,420,023.000000
20.768233	0.640	22,470,650.000000
20.778900	0.640	22,722,952.000000
20.789567	0.640	22,192,571.000000
20.800233	0.640	20,998,003.000000
20.810900	0.640	19,249,414.000000
20.821567	0.640	17,119,967.000000
20.832233	0.640	14,872,788.000000
20.842900	0.640	12,716,690.000000
20.853567	0.640	10,747,745.000000
20.864233	0.640	9,021,015.000000
20.874900	0.640	7,584,371.000000
20.885567	0.640	6,449,022.000000
20.896233	0.640	5,577,017.000000
20.906900	0.640	4,915,118.000000
20.917567	0.640	4,427,501.000000
20.928233	0.640	4,081,228.000000
20.938900	0.640	3,826,022.000000
20.949567	0.640	3,617,622.000000
20.960233	0.640	3,444,059.000000
20.970900	0.640	3,306,284.000000
20.981567	0.640	3,191,403.000000
20.992233	0.640	3,088,071.000000
21.002900	0.640	2,998,185.000000
21.013567	0.640	2,916,195.000000
21.024233	0.640	2,833,926.000000
21.034900	0.640	2,761,069.000000
21.045567	0.640	2,706,406.000000
21.056233	0.640	2,657,581.000000
21.066900	0.640	2,600,635.000000
21.077567	0.640	2,538,318.000000
21.088233	0.640	2,479,272.000000
21.098900	0.640	2,425,578.000000
21.109567	0.640	2,374,746.000000
21.120233	0.640	2,324,915.000000
21.130900	0.640	2,276,656.000000
21.141567	0.640	2,231,604.000000
21.152233	0.640	2,190,294.000000
21.162900	0.640	2,152,963.000000
21.173567	0.640	2,118,252.000000
21.184233	0.640	2,081,449.000000
21.194900	0.640	2,042,374.000000
21.205567	0.640	2,007,416.000000
21.216233	0.640	1,978,536.000000
21.226900	0.640	1,952,394.000000
21.237567	0.640	1,925,334.000000
21.248233	0.640	1,895,244.000000
21.258900	0.640	1,865,646.000000
21.269567	0.640	1,838,355.000000
21.280233	0.640	1,810,315.000000
21.290900	0.640	1,786,937.000000
21.301567	0.640	1,773,790.000000
21.312233	0.640	1,762,059.000000
21.322900	0.640	1,742,765.000000
21.333567	0.640	1,718,083.000000
21.344233	0.640	1,695,862.000000
21.354900	0.640	1,679,881.000000
21.365567	0.640	1,664,980.000000
21.376233	0.640	1,649,197.000000
21.386900	0.640	1,635,608.000000
21.397567	0.640	1,619,732.000000
21.408233	0.640	1,599,936.000000
21.418900	0.640	1,585,511.000000
21.429567	0.640	1,578,767.000000
21.440233	0.640	1,571,694.000000
21.450900	0.640	1,561,976.000000
21.461567	0.640	1,553,494.000000
21.472233	0.640	1,545,601.000000
21.482900	0.640	1,534,320.000000
21.493567	0.640	1,520,156.000000
21.504233	0.640	1,508,191.000000
21.514900	0.640	1,500,934.000000
21.525567	0.640	1,495,130.000000
21.536233	0.640	1,486,687.000000
21.546900	0.640	1,475,581.000000
21.557567	0.640	1,463,982.000000
21.568233	0.640	1,451,588.000000
21.578900	0.640	1,436,580.000000
21.589567	0.640	1,419,136.000000
21.600233	0.640	1,402,501.000000
21.610900	0.640	1,389,130.000000
21.621567	0.640	1,376,510.000000
21.632233	0.640	1,361,023.000000
21.642900	0.640	1,340,417.000000
21.653567	0.640	1,315,531.000000
21.664233	0.640	1,294,764.000000
21.674900	0.640	1,283,253.000000
21.685567	0.640	1,270,687.000000
21.696233	0.640	1,247,878.000000
21.706900	0.640	1,222,946.000000
21.717567	0.640	1,206,256.000000
21.728233	0.640	1,194,600.000000
21.738900	0.640	1,179,560.000000
21.749567	0.640	1,162,004.000000
21.760233	0.640	1,147,903.000000
21.770900	0.640	1,135,295.000000
21.781567	0.640	1,119,822.000000
21.792233	0.640	1,103,840.000000
21.802900	0.640	1,090,229.000000
21.813567	0.640	1,079,093.000000
21.824233	0.640	1,068,846.000000
21.834900	0.640	1,057,328.000000
21.845567	0.640	1,047,109.000000
21.856233	0.640	1,039,595.000000
21.866900	0.640	1,030,135.000000
21.877567	0.640	1,019,763.000000
21.888233	0.640	1,012,630.000000
21.898900	0.640	1,004,363.000000
21.909567	0.640	991,291.000000
21.920233	0.640	978,531.000000
21.930900	0.640	970,632.000000
21.941567	0.640	964,527.000000
21.952233	0.640	956,388.000000
21.962900	0.640	947,965.000000
21.973567	0.640	939,379.000000
21.984233	0.640	928,459.000000
21.994900	0.640	917,985.000000
22.005567	0.640	909,379.000000
22.016233	0.640	900,001.000000
22.026900	0.640	892,694.000000
22.037567	0.640	891,019.000000
22.048233	0.640	888,082.000000
22.058900	0.640	878,536.000000
22.069567	0.640	870,448.000000
22.080233	0.640	868,905.000000
22.090900	0.640	865,986.000000
22.101567	0.640	857,764.000000
22.112233	0.640	850,439.000000
22.122900	0.640	845,854.000000
22.133567	0.640	839,618.000000
22.144233	0.640	830,604.000000
22.154900	0.640	821,530.000000
22.165567	0.640	815,524.000000
22.176233	0.640	813,476.000000
22.186950	0.643	812,441.000000
22.197567	0.637	809,721.000000
22.208233	0.640	806,249.000000
22.218900	0.640	802,339.000000
22.229567	0.640	794,285.000000
22.240233	0.640	779,794.000000
22.250900	0.640	764,963.000000
22.261567	0.640	757,610.000000
22.272233	0.640	755,636.000000
22.282900	0.640	754,467.000000
22.293567	0.640	756,848.000000
22.304233	0.640	762,131.000000
22.314900	0.640	760,665.000000
22.325567	0.640	748,710.000000
22.336233	0.640	734,386.000000
22.346900	0.640	724,525.000000
22.357567	0.640	719,410.000000
22.368233	0.640	718,114.000000
22.378900	0.640	718,523.000000
22.389567	0.640	716,075.000000
22.400233	0.640	706,888.000000
22.410900	0.640	695,745.000000
22.421567	0.640	692,590.000000
22.432233	0.640	695,406.000000
22.442900	0.640	695,734.000000
22.453567	0.640	693,874.000000
22.464233	0.640	692,625.000000
22.474900	0.640	690,544.000000
22.485567	0.640	684,775.000000
22.496233	0.640	676,468.000000
22.506900	0.640	671,091.000000
22.517567	0.640	668,756.000000
22.528233	0.640	666,419.000000
22.538900	0.640	665,010.000000
22.549567	0.640	661,911.000000
22.560233	0.640	654,802.000000
22.570900	0.640	649,676.000000
22.581567	0.640	650,427.000000
22.592233	0.640	653,960.000000
22.602900	0.640	655,796.000000
22.613567	0.640	653,307.000000
22.624233	0.640	646,588.000000
22.634900	0.640	638,803.000000
22.645567	0.640	634,660.000000
22.656233	0.640	634,058.000000
22.666900	0.640	633,175.000000
22.677567	0.640	630,889.000000
22.688233	0.640	627,020.000000
22.698900	0.640	623,440.000000
22.709567	0.640	624,262.000000
22.720233	0.640	627,343.000000
22.730900	0.640	626,891.000000
22.741567	0.640	623,545.000000
22.752233	0.640	621,097.000000
22.762900	0.640	619,521.000000
22.773567	0.640	617,254.000000
22.784233	0.640	615,034.000000
22.794900	0.640	614,511.000000
22.805567	0.640	615,315.000000
22.816233	0.640	616,002.000000
22.826900	0.640	616,938.000000
22.837567	0.640	617,756.000000
22.848233	0.640	616,645.000000
22.858900	0.640	615,550.000000
22.869567	0.640	616,699.000000
22.880233	0.640	619,733.000000
22.890900	0.640	625,310.000000
22.901567	0.640	629,381.000000
22.912233	0.640	625,345.000000
22.922900	0.640	617,611.000000
22.933567	0.640	614,886.000000
22.944233	0.640	616,918.000000
22.954900	0.640	619,387.000000
22.965567	0.640	620,886.000000
22.976233	0.640	622,925.000000
22.986900	0.640	626,546.000000
22.997567	0.640	629,329.000000
23.008233	0.640	628,955.000000
23.018900	0.640	627,633.000000
23.029567	0.640	628,577.000000
23.040233	0.640	629,567.000000
23.050900	0.640	628,451.000000
23.061567	0.640	630,024.000000
23.072233	0.640	634,608.000000
23.082900	0.640	634,663.000000
23.093567	0.640	629,781.000000
23.104233	0.640	628,597.000000
23.114900	0.640	636,032.000000
23.125567	0.640	645,604.000000
23.136233	0.640	649,106.000000
23.146900	0.640	648,221.000000
23.157567	0.640	647,855.000000
23.168233	0.640	649,342.000000
23.178900	0.640	652,540.000000
23.189567	0.640	655,967.000000
23.200233	0.640	656,671.000000
23.210900	0.640	654,467.000000
23.221567	0.640	654,008.000000
23.232233	0.640	657,266.000000
23.242900	0.640	660,787.000000
23.253567	0.640	665,137.000000
23.264233	0.640	673,110.000000
23.274900	0.640	679,103.000000
23.285567	0.640	677,845.000000
23.296233	0.640	675,028.000000
23.306900	0.640	676,569.000000
23.317567	0.640	679,585.000000
23.328233	0.640	679,538.000000
23.338900	0.640	678,337.000000
23.349567	0.640	679,839.000000
23.360233	0.640	684,297.000000
23.370900	0.640	692,610.000000
23.381567	0.640	702,329.000000
23.392233	0.640	705,154.000000
23.402900	0.640	702,679.000000
23.413567	0.640	704,816.000000
23.424233	0.640	709,776.000000
23.434900	0.640	710,070.000000
23.445567	0.640	708,551.000000
23.456233	0.640	710,302.000000
23.466900	0.640	715,794.000000
23.477567	0.640	724,253.000000
23.488233	0.640	729,797.000000
23.498900	0.640	728,925.000000
23.509567	0.640	729,267.000000
23.520233	0.640	734,462.000000
23.530900	0.640	738,646.000000
23.541567	0.640	740,824.000000
23.552233	0.640	743,884.000000
23.562900	0.640	744,596.000000
23.573567	0.640	740,937.000000
23.584233	0.640	738,274.000000
23.594900	0.640	737,786.000000
23.605567	0.640	736,055.000000
23.616233	0.640	735,201.000000
23.626900	0.640	736,637.000000
23.637567	0.640	737,836.000000
23.648233	0.640	740,434.000000
23.658900	0.640	745,798.000000
23.669567	0.640	747,192.000000
23.680233	0.640	739,799.000000
23.690900	0.640	731,269.000000
23.701567	0.640	731,778.000000
23.712233	0.640	740,620.000000
23.722900	0.640	747,828.000000
23.733567	0.640	746,495.000000
23.744233	0.640	742,552.000000
23.754900	0.640	746,553.000000
23.765567	0.640	757,580.000000
23.776233	0.640	765,546.000000
23.786900	0.640	765,338.000000
23.797567	0.640	762,552.000000
23.808233	0.640	764,326.000000
23.818900	0.640	768,835.000000
23.829567	0.640	773,070.000000
23.840233	0.640	778,954.000000
23.850900	0.640	784,708.000000
23.861567	0.640	785,722.000000
23.872233	0.640	782,320.000000
23.882900	0.640	779,338.000000
23.893567	0.640	782,275.000000
23.904233	0.640	790,583.000000
23.914900	0.640	796,703.000000
23.925567	0.640	797,331.000000
23.936233	0.640	794,919.000000
23.946900	0.640	791,491.000000
23.957567	0.640	790,241.000000
23.968233	0.640	792,579.000000
23.978900	0.640	795,829.000000
23.989567	0.640	799,512.000000
24.000233	0.640	804,837.000000
24.010900	0.640	810,210.000000
24.021567	0.640	812,584.000000
24.032233	0.640	811,451.000000
24.042900	0.640	811,482.000000
24.053567	0.640	815,857.000000
24.064233	0.640	819,673.000000
24.074900	0.640	818,285.000000
24.085567	0.640	815,357.000000
24.096233	0.640	816,974.000000
24.106900	0.640	820,135.000000
24.117567	0.640	817,608.000000
24.128233	0.640	814,752.000000
24.138900	0.640	818,896.000000
24.149567	0.640	821,167.000000
24.160233	0.640	815,295.000000
24.170900	0.640	813,158.000000
24.181567	0.640	821,207.000000
24.192233	0.640	827,777.000000
24.202900	0.640	826,939.000000
24.213567	0.640	827,119.000000
24.224233	0.640	831,240.000000
24.234900	0.640	833,800.000000
24.245567	0.640	834,018.000000
24.256233	0.640	834,445.000000
24.266900	0.640	835,101.000000
24.277567	0.640	837,249.000000
24.288233	0.640	841,530.000000
24.298900	0.640	843,785.000000
24.309567	0.640	843,197.000000
24.320233	0.640	843,914.000000
24.330900	0.640	844,807.000000
24.341617	0.643	841,366.000000
24.352233	0.637	835,974.000000
24.362900	0.640	834,337.000000
24.373567	0.640	835,811.000000
24.384233	0.640	838,145.000000
24.394900	0.640	842,455.000000
24.405567	0.640	846,475.000000
24.416233	0.640	845,214.000000
24.426900	0.640	840,159.000000
24.437567	0.640	840,337.000000
24.448233	0.640	848,696.000000
24.458900	0.640	854,336.000000
24.469567	0.640	851,389.000000
24.480233	0.640	849,941.000000
24.490900	0.640	856,473.000000
24.501567	0.640	863,099.000000
24.512233	0.640	862,341.000000
24.522900	0.640	858,361.000000
24.533567	0.640	858,413.000000
24.544233	0.640	863,059.000000
24.554900	0.640	868,352.000000
24.565567	0.640	871,780.000000
24.576233	0.640	875,222.000000
24.586900	0.640	880,501.000000
24.597567	0.640	883,751.000000
24.608233	0.640	880,345.000000
24.618900	0.640	874,748.000000
24.629567	0.640	877,076.000000
24.640233	0.640	886,973.000000
24.650900	0.640	893,693.000000
24.661567	0.640	895,549.000000
24.672233	0.640	901,394.000000
24.682900	0.640	910,607.000000
24.693567	0.640	913,315.000000
24.704233	0.640	910,696.000000
24.714900	0.640	912,780.000000
24.725567	0.640	919,068.000000
24.736233	0.640	920,165.000000
24.746900	0.640	914,470.000000
24.757567	0.640	910,340.000000
24.768233	0.640	912,053.000000
24.778900	0.640	914,189.000000
24.789567	0.640	915,294.000000
24.800233	0.640	920,357.000000
24.810900	0.640	926,466.000000
24.821567	0.640	928,257.000000
24.832233	0.640	931,018.000000
24.842900	0.640	939,611.000000
24.853567	0.640	948,949.000000
24.864233	0.640	953,959.000000
24.874900	0.640	953,179.000000
24.885567	0.640	946,454.000000
24.896233	0.640	938,504.000000
24.906900	0.640	934,328.000000
24.917567	0.640	933,616.000000
24.928233	0.640	936,137.000000
24.938900	0.640	940,866.000000
24.949567	0.640	943,815.000000
24.960233	0.640	945,936.000000
24.970900	0.640	951,356.000000
24.981567	0.640	957,805.000000
24.992233	0.640	959,595.000000
25.002900	0.640	957,218.000000
25.013567	0.640	956,261.000000
25.024233	0.640	958,805.000000
25.034900	0.640	962,647.000000
25.045567	0.640	965,240.000000
25.056233	0.640	964,640.000000
25.066900	0.640	961,116.000000
25.077567	0.640	960,002.000000
25.088233	0.640	966,413.000000
25.098900	0.640	977,442.000000
25.109567	0.640	987,315.000000
25.120233	0.640	992,558.000000
25.130900	0.640	993,243.000000
25.141567	0.640	993,866.000000
25.152233	0.640	995,088.000000
25.162900	0.640	994,879.000000
25.173567	0.640	996,007.000000
25.184233	0.640	999,874.000000
25.194900	0.640	1,004,543.000000
25.205567	0.640	1,008,058.000000
25.216233	0.640	1,007,919.000000
25.226900	0.640	1,005,427.000000
25.237567	0.640	1,004,879.000000
25.248233	0.640	1,005,050.000000
25.258900	0.640	1,004,111.000000
25.269567	0.640	1,006,313.000000
25.280233	0.640	1,010,464.000000
25.290900	0.640	1,009,441.000000
25.301567	0.640	1,004,588.000000
25.312233	0.640	1,002,438.000000
25.322900	0.640	1,005,114.000000
25.333567	0.640	1,008,872.000000
25.344233	0.640	1,008,333.000000
25.354900	0.640	1,004,812.000000
25.365567	0.640	1,003,018.000000
25.376233	0.640	1,002,382.000000
25.386900	0.640	1,000,438.000000
25.397567	0.640	998,221.000000
25.408233	0.640	996,561.000000
25.418900	0.640	993,129.000000
25.429567	0.640	988,754.000000
25.440233	0.640	986,925.000000
25.450900	0.640	985,572.000000
25.461567	0.640	979,536.000000
25.472233	0.640	968,785.000000
25.482900	0.640	959,887.000000
25.493567	0.640	959,633.000000
25.504233	0.640	969,093.000000
25.514900	0.640	981,973.000000
25.525567	0.640	987,412.000000
25.536233	0.640	981,083.000000
25.546900	0.640	971,170.000000
25.557567	0.640	965,653.000000
25.568233	0.640	962,133.000000
25.578900	0.640	957,146.000000
25.589567	0.640	952,196.000000
25.600233	0.640	948,160.000000
25.610900	0.640	944,690.000000
25.621567	0.640	942,234.000000
25.632233	0.640	939,693.000000
25.642900	0.640	934,685.000000
25.653567	0.640	930,058.000000
25.664233	0.640	931,954.000000
25.674900	0.640	937,558.000000
25.685567	0.640	938,512.000000
25.696233	0.640	934,169.000000
25.706900	0.640	929,768.000000
25.717567	0.640	929,479.000000
25.728233	0.640	934,179.000000
25.738900	0.640	941,856.000000
25.749567	0.640	949,659.000000
25.760233	0.640	953,699.000000
25.770900	0.640	952,040.000000
25.781567	0.640	949,918.000000
25.792233	0.640	955,029.000000
25.802900	0.640	967,020.000000
25.813567	0.640	976,627.000000
25.824233	0.640	978,943.000000
25.834900	0.640	980,589.000000
25.845567	0.640	984,943.000000
25.856233	0.640	986,338.000000
25.866900	0.640	984,542.000000
25.877567	0.640	985,561.000000
25.888233	0.640	990,794.000000
25.898900	0.640	994,634.000000
25.909567	0.640	992,798.000000
25.920233	0.640	990,363.000000
25.930900	0.640	992,711.000000
25.941567	0.640	997,300.000000
25.952233	0.640	1,002,461.000000
25.962900	0.640	1,008,703.000000
25.973567	0.640	1,013,101.000000
25.984233	0.640	1,016,015.000000
25.994900	0.640	1,021,819.000000
26.005567	0.640	1,029,914.000000
26.016233	0.640	1,035,596.000000
26.026900	0.640	1,035,982.000000
26.037567	0.640	1,036,211.000000
26.048233	0.640	1,044,966.000000
26.058900	0.640	1,058,193.000000
26.069567	0.640	1,064,906.000000
26.080233	0.640	1,066,745.000000
26.090900	0.640	1,073,487.000000
26.101567	0.640	1,087,769.000000
26.112233	0.640	1,105,339.000000
26.122900	0.640	1,120,271.000000
26.133567	0.640	1,125,881.000000
26.144233	0.640	1,122,000.000000
26.154900	0.640	1,115,772.000000
26.165567	0.640	1,109,186.000000
26.176233	0.640	1,100,267.000000
26.186900	0.640	1,093,352.000000
26.197567	0.640	1,095,037.000000
26.208233	0.640	1,104,178.000000
26.218900	0.640	1,113,399.000000
26.229567	0.640	1,121,316.000000
26.240233	0.640	1,133,714.000000
26.250900	0.640	1,149,798.000000
26.261567	0.640	1,162,353.000000
26.272233	0.640	1,169,255.000000
26.282900	0.640	1,170,009.000000
26.293567	0.640	1,162,966.000000
26.304233	0.640	1,154,892.000000
26.314900	0.640	1,158,015.000000
26.325567	0.640	1,179,838.000000
26.336233	0.640	1,228,494.000000
26.346900	0.640	1,332,997.000000
26.357567	0.640	1,587,093.000000
26.368233	0.640	2,181,722.000000
26.378900	0.640	3,239,823.000000
26.389567	0.640	4,425,137.000000
26.400233	0.640	4,929,577.000000
26.410900	0.640	4,269,089.000000
26.421567	0.640	2,932,057.000000
26.432233	0.640	1,834,140.000000
26.442900	0.640	1,361,409.000000
26.453567	0.640	1,281,005.000000
26.464233	0.640	1,282,856.000000
26.474900	0.640	1,264,698.000000
26.485567	0.640	1,244,463.000000
26.496233	0.640	1,239,676.000000
26.506900	0.640	1,243,955.000000
26.517567	0.640	1,248,810.000000
26.528233	0.640	1,255,165.000000
26.538900	0.640	1,262,719.000000
26.549567	0.640	1,267,438.000000
26.560233	0.640	1,272,405.000000
26.570900	0.640	1,283,760.000000
26.581567	0.640	1,297,799.000000
26.592233	0.640	1,305,748.000000
26.602900	0.640	1,307,733.000000
26.613567	0.640	1,311,046.000000
26.624233	0.640	1,317,847.000000
26.634900	0.640	1,325,611.000000
26.645567	0.640	1,337,253.000000
26.656233	0.640	1,356,762.000000
26.666900	0.640	1,381,377.000000
26.677567	0.640	1,411,460.000000
26.688233	0.640	1,455,940.000000
26.698900	0.640	1,525,069.000000
26.709567	0.640	1,636,938.000000
26.720233	0.640	1,837,478.000000
26.730900	0.640	2,161,401.000000
26.741567	0.640	2,504,799.000000
26.752233	0.640	2,630,549.000000
26.762900	0.640	2,444,022.000000
26.773567	0.640	2,152,585.000000
26.784233	0.640	2,015,174.000000
26.794900	0.640	2,065,749.000000
26.805567	0.640	2,172,676.000000
26.816233	0.640	2,240,321.000000
26.826900	0.640	2,283,182.000000
26.837567	0.640	2,363,637.000000
26.848233	0.640	2,528,226.000000
26.858900	0.640	2,900,843.000000
26.869567	0.640	4,100,815.000000
26.880233	0.640	8,790,372.000000
26.890900	0.640	25,126,141.000000
26.901567	0.640	64,103,869.000000
26.912233	0.640	118,642,648.000000
26.922900	0.640	150,394,222.000000
26.933567	0.640	127,527,975.000000
26.944233	0.640	69,866,346.000000
26.954900	0.640	23,845,558.000000
26.965567	0.640	7,434,193.000000
26.976233	0.640	6,763,994.000000
26.986900	0.640	7,292,558.000000
26.997567	0.640	6,391,798.000000
27.008233	0.640	6,169,009.000000
27.018900	0.640	7,435,059.000000
27.029567	0.640	9,208,957.000000
27.040233	0.640	9,972,528.000000
27.050900	0.640	9,280,769.000000
27.061567	0.640	8,067,266.000000
27.072233	0.640	7,293,714.000000
27.082900	0.640	7,184,606.000000
27.093567	0.640	7,607,812.000000
27.104233	0.640	8,496,568.000000
27.114900	0.640	10,051,756.000000
27.125567	0.640	12,433,282.000000
27.136233	0.640	14,635,574.000000
27.146900	0.640	14,665,191.000000
27.157567	0.640	12,176,550.000000
27.168233	0.640	9,349,786.000000
27.178900	0.640	8,104,660.000000
27.189567	0.640	8,385,925.000000
27.200233	0.640	9,605,918.000000
27.210900	0.640	11,753,532.000000
27.221567	0.640	14,170,220.000000
27.232233	0.640	15,501,147.000000
27.242900	0.640	19,532,360.000000
27.253567	0.640	20,403,653.000000
27.253733	0.010	40,605,479.000000
27.253900	0.010	20,403,653.000000
27.254067	0.010	40,605,479.000000
27.254233	0.010	20,403,653.000000
27.254400	0.010	40,605,479.000000
27.254567	0.010	20,403,653.000000
27.264233	0.580	20,403,653.000000
27.274900	0.640	20,403,653.000000
27.285567	0.640	20,403,653.000000
27.296233	0.640	20,403,653.000000
27.306900	0.640	20,403,653.000000
27.317567	0.640	20,403,653.000000
27.317733	0.010	40,605,479.000000
27.317900	0.010	20,403,653.000000
27.318067	0.010	40,605,479.000000
27.318233	0.010	20,403,653.000000
27.318400	0.010	40,605,479.000000
27.318567	0.010	20,403,653.000000
27.328233	0.580	197,511,387.000000
27.338900	0.640	104,623,530.000000
27.349567	0.640	69,460,067.000000
27.360233	0.640	64,925,093.000000
27.370900	0.640	62,921,559.000000
27.381567	0.640	63,792,852.000000
27.381733	0.010	105,689,278.000000
27.381900	0.010	63,792,852.000000
27.382067	0.010	105,689,278.000000
27.382233	0.010	63,792,852.000000
27.382400	0.010	105,689,278.000000
27.382567	0.010	63,792,852.000000
27.392233	0.580	63,792,852.000000
27.402900	0.640	63,792,852.000000
27.413567	0.640	63,792,852.000000
27.424233	0.640	63,792,852.000000
27.434900	0.640	63,792,852.000000
27.445567	0.640	63,792,852.000000
27.456233	0.640	63,792,852.000000
27.466900	0.640	63,792,852.000000
27.477567	0.640	63,792,852.000000
27.488233	0.640	63,792,852.000000
27.488400	0.010	105,689,278.000000
27.488567	0.010	63,792,852.000000
27.488733	0.010	105,689,278.000000
27.488900	0.010	63,792,852.000000
27.489067	0.010	105,689,278.000000
27.489233	0.010	63,792,852.000000
27.498900	0.580	115,699,111.000000
27.509567	0.640	95,543,952.000000
27.520233	0.640	99,906,715.000000
27.530900	0.640	98,335,466.000000
27.541567	0.640	82,658,852.000000
27.552233	0.640	66,300,348.000000
27.562900	0.640	56,915,246.000000
27.573567	0.640	51,091,875.000000
27.584233	0.640	45,685,075.000000
27.594900	0.640	41,123,255.000000
27.605567	0.640	38,311,922.000000
27.616233	0.640	36,913,565.000000
27.626900	0.640	35,480,608.000000
27.637567	0.640	32,834,240.000000
27.648233	0.640	29,692,720.000000
27.658900	0.640	27,525,586.000000
27.669567	0.640	26,304,575.000000
27.680233	0.640	25,073,605.000000
27.690900	0.640	23,685,797.000000
27.701567	0.640	22,668,146.000000
27.712233	0.640	22,183,189.000000
27.722900	0.640	21,918,371.000000
27.733567	0.640	21,553,212.000000
27.744233	0.640	21,071,691.000000
27.754900	0.640	20,884,585.000000
27.765567	0.640	21,473,833.000000
27.776233	0.640	22,733,676.000000
27.786900	0.640	23,922,078.000000
27.797567	0.640	24,267,248.000000
27.808233	0.640	23,516,770.000000
27.818900	0.640	22,095,394.000000
27.829567	0.640	20,783,001.000000
27.840233	0.640	20,111,080.000000
27.850900	0.640	20,078,136.000000
27.861567	0.640	20,367,526.000000
27.872233	0.640	20,927,811.000000
27.882900	0.640	23,275,743.000000
27.893567	0.640	33,608,869.000000
27.904233	0.640	34,480,162.000000
27.904400	0.010	61,720,243.000000
27.904567	0.010	34,480,162.000000
27.904733	0.010	61,720,243.000000
27.904900	0.010	34,480,162.000000
27.905067	0.010	61,720,243.000000
27.905233	0.010	34,480,162.000000
27.914900	0.580	34,480,162.000000
27.925567	0.640	34,480,162.000000
27.936233	0.640	34,480,162.000000
27.946900	0.640	34,480,162.000000
27.957567	0.640	34,480,162.000000
27.968233	0.640	34,480,162.000000
27.978900	0.640	34,480,162.000000
27.989567	0.640	34,480,162.000000
28.000233	0.640	34,480,162.000000
28.010900	0.640	34,480,162.000000
28.021567	0.640	34,480,162.000000
28.032233	0.640	34,480,162.000000
28.042900	0.640	34,480,162.000000
28.053567	0.640	34,480,162.000000
28.064233	0.640	34,480,162.000000
28.074900	0.640	34,480,162.000000
28.085567	0.640	34,480,162.000000
28.096233	0.640	34,480,162.000000
28.106900	0.640	34,480,162.000000
28.107067	0.010	61,720,243.000000
28.107233	0.010	34,480,162.000000
28.107400	0.010	61,720,243.000000
28.107567	0.010	34,480,162.000000
28.107733	0.010	61,720,243.000000
28.107900	0.010	34,480,162.000000
28.117567	0.580	152,352,437.000000
28.128233	0.640	77,084,520.000000
28.138900	0.640	63,577,273.000000
28.149567	0.640	68,209,161.000000
28.160233	0.640	65,466,196.000000
28.170900	0.640	55,478,059.000000
28.181567	0.640	42,851,268.000000
28.192233	0.640	32,175,832.000000
28.202900	0.640	30,249,378.000000
28.213567	0.640	45,049,811.000000
28.224233	0.640	84,135,567.000000
28.234900	0.640	143,584,634.000000
28.245567	0.640	199,659,553.000000
28.256233	0.640	229,923,897.000000
28.266900	0.640	238,914,881.000000
28.277567	0.640	244,820,476.000000
28.288233	0.640	251,729,408.000000
28.298900	0.640	251,612,470.000000
28.309567	0.640	241,733,138.000000
28.320233	0.640	226,824,877.000000
28.330900	0.640	210,136,256.000000
28.341567	0.640	190,389,664.000000
28.352233	0.640	166,072,443.000000
28.362900	0.640	137,573,687.000000
28.373567	0.640	105,578,253.000000
28.384233	0.640	72,423,169.000000
28.394900	0.640	44,253,242.000000
28.405567	0.640	26,690,956.000000
28.416233	0.640	19,084,082.000000
28.426900	0.640	16,575,848.000000
28.437567	0.640	16,246,274.000000
28.448233	0.640	18,047,317.000000
28.458900	0.640	21,023,205.000000
28.469567	0.640	22,141,948.000000
28.480233	0.640	19,610,281.000000
28.490900	0.640	15,081,128.000000
28.501567	0.640	11,377,250.000000
28.512233	0.640	9,527,702.000000
28.522900	0.640	8,844,718.000000
28.533567	0.640	8,535,305.000000
28.544233	0.640	8,337,132.000000
28.554900	0.640	8,200,733.000000
28.565567	0.640	8,031,204.000000
28.576233	0.640	7,747,873.000000
28.586900	0.640	7,379,784.000000
28.597567	0.640	7,027,837.000000
28.608233	0.640	6,742,058.000000
28.618900	0.640	6,450,778.000000
28.629567	0.640	6,007,162.000000
28.640233	0.640	5,288,684.000000
28.650900	0.640	4,296,278.000000
28.661567	0.640	3,195,626.000000
28.672233	0.640	2,212,814.000000
28.682900	0.640	1,475,140.000000
28.693567	0.640	983,739.000000
28.704233	0.640	703,517.000000
28.714900	0.640	687,337.000000
28.725567	0.640	960,544.000000
28.736233	0.640	1,152,809.000000
28.746900	0.640	852,772.000000
28.757567	0.640	328,750.000000
28.768233	0.640	72,382.000000
28.778900	0.640	76,055.000000
28.789567	0.640	103,060.000000
28.800233	0.640	82,900.000000
28.810900	0.640	55,615.000000
28.821567	0.640	42,781.000000
28.832233	0.640	35,770.000000
28.842900	0.640	27,247.000000
28.853567	0.640	19,210.000000
28.864233	0.640	15,311.000000
28.874900	0.640	15,628.000000
28.885567	0.640	16,379.000000
28.896233	0.640	14,995.000000
28.906900	0.640	12,478.000000
28.917567	0.640	8,462.000000
28.928233	0.640	2,976.000000
28.938900	0.640	677.000000
28.949567	0.640	3,637.000000
28.960233	0.640	7,640.000000
28.970900	0.640	8,965.000000
28.981567	0.640	6,275.000000
28.992233	0.640	-215.000000
29.002950	0.643	-6,597.000000
29.013567	0.637	-8,514.000000
29.024233	0.640	-5,589.000000
29.034900	0.640	-273.000000
29.045567	0.640	3,608.000000
29.056233	0.640	3,370.000000
29.066900	0.640	1,754.000000
29.077567	0.640	3,436.000000
29.088233	0.640	6,788.000000
29.098900	0.640	7,080.000000
29.109567	0.640	3,767.000000
29.120233	0.640	340.000000
29.130900	0.640	1,926.000000
29.141567	0.640	7,959.000000
29.152233	0.640	11,076.000000
29.162900	0.640	9,489.000000
29.173567	0.640	7,671.000000
29.184233	0.640	7,276.000000
29.194900	0.640	8,009.000000
29.205567	0.640	9,434.000000
29.216233	0.640	9,913.000000
29.226900	0.640	8,799.000000
29.237567	0.640	6,971.000000
29.248233	0.640	4,806.000000
29.258900	0.640	3,350.000000
29.269567	0.640	6,134.000000
29.280233	0.640	12,360.000000
29.290900	0.640	14,212.000000
29.301567	0.640	10,570.000000
29.312233	0.640	9,443.000000
29.322900	0.640	11,648.000000
29.333567	0.640	9,909.000000
29.344233	0.640	4,056.000000
29.354900	0.640	1,834.000000
29.365567	0.640	6,121.000000
29.376233	0.640	10,362.000000
29.386900	0.640	9,330.000000
29.397567	0.640	7,821.000000
29.408233	0.640	9,493.000000
29.418900	0.640	9,154.000000
29.429567	0.640	5,297.000000
29.440233	0.640	4,718.000000
29.450900	0.640	9,704.000000
29.461567	0.640	13,427.000000
29.472233	0.640	11,990.000000
29.482900	0.640	10,439.000000
29.493567	0.640	11,283.000000
29.504233	0.640	8,641.000000
29.514900	0.640	878.000000
29.525567	0.640	-3,992.000000
29.536233	0.640	-1,281.000000
29.546900	0.640	3,520.000000
29.557567	0.640	4,404.000000
29.568233	0.640	2,276.000000
29.578900	0.640	910.000000
29.589567	0.640	3,379.000000
29.600233	0.640	8,580.000000
29.610900	0.640	10,077.000000
29.621567	0.640	6,769.000000
29.632233	0.640	3,917.000000
29.642900	0.640	1,989.000000
29.653567	0.640	-249.000000
29.664233	0.640	294.000000
29.674900	0.640	5,274.000000
29.685567	0.640	11,442.000000
29.696233	0.640	14,063.000000
29.706900	0.640	12,164.000000
29.717567	0.640	9,896.000000
29.728233	0.640	9,265.000000
29.738900	0.640	8,074.000000
29.749567	0.640	7,124.000000
29.760233	0.640	7,707.000000
29.770900	0.640	6,871.000000
29.781567	0.640	4,382.000000
29.792233	0.640	4,662.000000
29.802900	0.640	8,130.000000
29.813567	0.640	9,952.000000
29.824233	0.640	7,817.000000
29.834900	0.640	3,925.000000
29.845567	0.640	1,562.000000
29.856233	0.640	2,965.000000
29.866900	0.640	5,077.000000
29.877567	0.640	2,291.000000
29.888233	0.640	-1,151.000000
29.898900	0.640	3,360.000000
29.909567	0.640	11,713.000000
29.920233	0.640	14,087.000000
29.930900	0.640	9,815.000000
29.941567	0.640	3,515.000000
29.952233	0.640	-1,630.000000
29.962900	0.640	-2,789.000000
29.973567	0.640	256.000000
29.984233	0.640	2,570.000000
29.994900	0.640	1,761.000000
30.005567	0.640	1,375.000000
