File Path	chrom://nnfcb-l0495/ChromeleonLocal/20180320_AA_Lars Nielsen samples Vienna_lbpet.seq/409.smp/Emission_1.channel/Emission_1.chm
Channel	Emission_1

Injection Information:
Data Vault	ChromeleonLocal
Injection	20180320_Lars Nielsen samples Vienna_dx20_BA6
Injection Number	19
Position	BA6
Comment	
Processing Method	20171024_Calculated with IS_lbpet
Instrument Method	20161104_AA_GeminiC18_FinalVer7
Type	Unknown
Status	Finished
Injection Date	20-03-2018
Injection Time	21:19:02
Injection Volume (µl)	56.500
Dilution Factor	1.0000
Weight	1.0000

Raw Data Information:
Time Min. (min)	0.003900
Time Max. (min)	30.001617
Data Points	2813
Detector	FLD
Exporting Data System	Chromeleon 7.1.2.1478
Operator	
Signal Quantity	
Signal Unit	counts
Signal Min.	-4,964.000000
Signal Max.	68,985,573.000000
Channel	Emission_1
Driver Name	FLD3000.dll
Channel Type	Evaluation
Min. Step (s)	0.640
Max. Step (s)	0.823
Average Step (s)	0.640

Signal Parameter Information:
Signal Info	340 nm /450 nm

Raw Data:
Time (min)	Step (s)	Value (counts)
0.003900	0.000	0.000000
0.017617	0.823	0.000000
0.028283	0.640	0.000000
0.038950	0.640	-165.000000
0.049617	0.640	-614.000000
0.060283	0.640	-879.000000
0.070950	0.640	-384.000000
0.081617	0.640	318.000000
0.092283	0.640	734.000000
0.102950	0.640	1,208.000000
0.113617	0.640	1,030.000000
0.124283	0.640	-302.000000
0.134950	0.640	-994.000000
0.145617	0.640	74.000000
0.156283	0.640	1,018.000000
0.166950	0.640	318.000000
0.177617	0.640	-623.000000
0.188283	0.640	-81.000000
0.198950	0.640	1,619.000000
0.209617	0.640	2,937.000000
0.220283	0.640	3,062.000000
0.230950	0.640	2,140.000000
0.241617	0.640	370.000000
0.252283	0.640	-1,309.000000
0.262950	0.640	-1,708.000000
0.273617	0.640	-1,246.000000
0.284283	0.640	-1,061.000000
0.294950	0.640	-1,387.000000
0.305617	0.640	-1,534.000000
0.316283	0.640	-677.000000
0.326950	0.640	494.000000
0.337617	0.640	396.000000
0.348283	0.640	-906.000000
0.358950	0.640	-2,337.000000
0.369617	0.640	-3,090.000000
0.380283	0.640	-2,582.000000
0.390950	0.640	-1,264.000000
0.401617	0.640	-183.000000
0.412283	0.640	147.000000
0.422950	0.640	-737.000000
0.433617	0.640	-2,778.000000
0.444283	0.640	-4,611.000000
0.454950	0.640	-4,839.000000
0.465617	0.640	-2,972.000000
0.476283	0.640	-219.000000
0.486950	0.640	889.000000
0.497617	0.640	8.000000
0.508283	0.640	-733.000000
0.518950	0.640	-730.000000
0.529617	0.640	-1,058.000000
0.540283	0.640	-1,350.000000
0.550950	0.640	-788.000000
0.561617	0.640	-329.000000
0.572283	0.640	-665.000000
0.582950	0.640	-1,195.000000
0.593617	0.640	-1,675.000000
0.604283	0.640	-1,994.000000
0.614950	0.640	-1,787.000000
0.625617	0.640	-1,359.000000
0.636283	0.640	-1,611.000000
0.646950	0.640	-2,622.000000
0.657617	0.640	-2,984.000000
0.668283	0.640	-2,029.000000
0.678950	0.640	-1,475.000000
0.689617	0.640	-2,362.000000
0.700283	0.640	-2,982.000000
0.710950	0.640	-2,464.000000
0.721617	0.640	-2,115.000000
0.732283	0.640	-1,793.000000
0.742950	0.640	-566.000000
0.753617	0.640	406.000000
0.764283	0.640	150.000000
0.774950	0.640	-281.000000
0.785617	0.640	-249.000000
0.796283	0.640	-597.000000
0.806950	0.640	-1,554.000000
0.817617	0.640	-2,314.000000
0.828283	0.640	-2,193.000000
0.838950	0.640	-799.000000
0.849617	0.640	1,123.000000
0.860283	0.640	2,115.000000
0.870950	0.640	2,168.000000
0.881617	0.640	1,952.000000
0.892283	0.640	1,110.000000
0.902950	0.640	-242.000000
0.913617	0.640	-876.000000
0.924283	0.640	-475.000000
0.934950	0.640	144.000000
0.945617	0.640	295.000000
0.956283	0.640	-609.000000
0.966950	0.640	-2,367.000000
0.977617	0.640	-2,932.000000
0.988283	0.640	-1,163.000000
0.998950	0.640	863.000000
1.009617	0.640	950.000000
1.020283	0.640	-222.000000
1.030950	0.640	-721.000000
1.041617	0.640	-334.000000
1.052283	0.640	-214.000000
1.062950	0.640	-929.000000
1.073617	0.640	-2,083.000000
1.084283	0.640	-2,784.000000
1.094950	0.640	-3,102.000000
1.105617	0.640	-3,750.000000
1.116283	0.640	-3,981.000000
1.126950	0.640	-2,907.000000
1.137617	0.640	-1,189.000000
1.148283	0.640	95.000000
1.158950	0.640	165.000000
1.169617	0.640	-896.000000
1.180283	0.640	-1,782.000000
1.190950	0.640	-1,710.000000
1.201617	0.640	-1,164.000000
1.212283	0.640	-516.000000
1.222950	0.640	21.000000
1.233617	0.640	-148.000000
1.244283	0.640	-1,212.000000
1.254950	0.640	-2,221.000000
1.265617	0.640	-2,248.000000
1.276283	0.640	-1,621.000000
1.286950	0.640	-674.000000
1.297617	0.640	588.000000
1.308283	0.640	1,252.000000
1.318950	0.640	734.000000
1.329617	0.640	-251.000000
1.340283	0.640	-903.000000
1.350950	0.640	-799.000000
1.361617	0.640	-459.000000
1.372283	0.640	-934.000000
1.382950	0.640	-1,525.000000
1.393617	0.640	-961.000000
1.404283	0.640	-7.000000
1.414950	0.640	516.000000
1.425617	0.640	1,302.000000
1.436283	0.640	2,083.000000
1.446950	0.640	1,366.000000
1.457617	0.640	-196.000000
1.468283	0.640	-79.000000
1.478950	0.640	1,592.000000
1.489617	0.640	2,325.000000
1.500283	0.640	1,465.000000
1.510950	0.640	24.000000
1.521617	0.640	-1,049.000000
1.532283	0.640	-1,009.000000
1.542950	0.640	-125.000000
1.553617	0.640	257.000000
1.564283	0.640	-659.000000
1.574950	0.640	-1,973.000000
1.585617	0.640	-2,219.000000
1.596283	0.640	-913.000000
1.606950	0.640	1,585.000000
1.617617	0.640	3,782.000000
1.628283	0.640	3,576.000000
1.638950	0.640	1,239.000000
1.649617	0.640	-1,044.000000
1.660283	0.640	-2,096.000000
1.670950	0.640	-1,646.000000
1.681617	0.640	-494.000000
1.692283	0.640	-349.000000
1.702950	0.640	-1,358.000000
1.713617	0.640	-1,932.000000
1.724283	0.640	-749.000000
1.734950	0.640	1,870.000000
1.745617	0.640	4,245.000000
1.756283	0.640	5,427.000000
1.766950	0.640	5,910.000000
1.777617	0.640	5,942.000000
1.788283	0.640	5,381.000000
1.798950	0.640	4,412.000000
1.809617	0.640	2,741.000000
1.820283	0.640	753.000000
1.830950	0.640	-134.000000
1.841617	0.640	-180.000000
1.852283	0.640	-484.000000
1.862950	0.640	-849.000000
1.873617	0.640	-1,328.000000
1.884283	0.640	-2,446.000000
1.894950	0.640	-3,147.000000
1.905617	0.640	-2,273.000000
1.916283	0.640	-1,057.000000
1.926950	0.640	-807.000000
1.937617	0.640	-554.000000
1.948283	0.640	470.000000
1.958950	0.640	1,528.000000
1.969617	0.640	1,979.000000
1.980283	0.640	1,298.000000
1.990950	0.640	-153.000000
2.001617	0.640	-706.000000
2.012283	0.640	121.000000
2.022950	0.640	1,310.000000
2.033617	0.640	1,959.000000
2.044283	0.640	1,436.000000
2.054950	0.640	-257.000000
2.065617	0.640	-1,694.000000
2.076283	0.640	-1,268.000000
2.086950	0.640	438.000000
2.097617	0.640	840.000000
2.108283	0.640	-725.000000
2.118950	0.640	-1,438.000000
2.129617	0.640	-114.000000
2.140283	0.640	976.000000
2.150950	0.640	804.000000
2.161617	0.640	217.000000
2.172283	0.640	-176.000000
2.182950	0.640	-49.000000
2.193617	0.640	379.000000
2.204283	0.640	1,686.000000
2.214950	0.640	4,749.000000
2.225617	0.640	7,155.000000
2.236283	0.640	6,437.000000
2.246950	0.640	4,809.000000
2.257617	0.640	5,191.000000
2.268283	0.640	6,781.000000
2.278950	0.640	7,088.000000
2.289617	0.640	5,659.000000
2.300283	0.640	3,943.000000
2.310950	0.640	2,473.000000
2.321617	0.640	1,178.000000
2.332283	0.640	793.000000
2.342950	0.640	815.000000
2.353617	0.640	-63.000000
2.364283	0.640	-991.000000
2.374950	0.640	-1,011.000000
2.385617	0.640	-1,142.000000
2.396283	0.640	-1,807.000000
2.406950	0.640	-1,642.000000
2.417617	0.640	-183.000000
2.428283	0.640	680.000000
2.438950	0.640	-216.000000
2.449617	0.640	-1,502.000000
2.460283	0.640	-1,521.000000
2.470950	0.640	-94.000000
2.481617	0.640	1,232.000000
2.492283	0.640	1,334.000000
2.502950	0.640	1,516.000000
2.513617	0.640	2,459.000000
2.524283	0.640	2,521.000000
2.534950	0.640	1,325.000000
2.545617	0.640	609.000000
2.556283	0.640	759.000000
2.566950	0.640	314.000000
2.577617	0.640	-533.000000
2.588283	0.640	-275.000000
2.598950	0.640	565.000000
2.609617	0.640	1,149.000000
2.620283	0.640	1,687.000000
2.630950	0.640	1,505.000000
2.641617	0.640	548.000000
2.652283	0.640	267.000000
2.662950	0.640	668.000000
2.673617	0.640	388.000000
2.684283	0.640	-72.000000
2.694950	0.640	953.000000
2.705617	0.640	3,980.000000
2.716283	0.640	9,972.000000
2.726950	0.640	18,702.000000
2.737617	0.640	24,440.000000
2.748283	0.640	21,768.000000
2.758950	0.640	14,006.000000
2.769617	0.640	8,380.000000
2.780283	0.640	6,485.000000
2.790950	0.640	5,553.000000
2.801617	0.640	4,630.000000
2.812283	0.640	4,214.000000
2.822950	0.640	3,551.000000
2.833617	0.640	1,854.000000
2.844283	0.640	117.000000
2.854950	0.640	-481.000000
2.865617	0.640	-171.000000
2.876283	0.640	378.000000
2.886950	0.640	643.000000
2.897617	0.640	605.000000
2.908283	0.640	665.000000
2.918950	0.640	975.000000
2.929617	0.640	1,947.000000
2.940283	0.640	3,550.000000
2.950950	0.640	4,848.000000
2.961617	0.640	6,361.000000
2.972283	0.640	10,264.000000
2.982950	0.640	17,273.000000
2.993617	0.640	27,760.000000
3.004283	0.640	45,334.000000
3.014950	0.640	74,009.000000
3.025617	0.640	115,874.000000
3.036283	0.640	176,166.000000
3.046950	0.640	267,828.000000
3.057617	0.640	411,535.000000
3.068283	0.640	643,060.000000
3.078950	0.640	1,038,534.000000
3.089617	0.640	1,737,120.000000
3.100283	0.640	2,915,474.000000
3.110950	0.640	4,685,442.000000
3.121617	0.640	6,950,885.000000
3.132283	0.640	9,321,607.000000
3.142950	0.640	11,210,318.000000
3.153617	0.640	12,126,926.000000
3.164283	0.640	11,948,018.000000
3.174950	0.640	10,954,502.000000
3.185617	0.640	9,643,545.000000
3.196283	0.640	8,447,074.000000
3.206950	0.640	7,557,089.000000
3.217617	0.640	6,949,550.000000
3.228283	0.640	6,520,340.000000
3.238950	0.640	6,195,162.000000
3.249617	0.640	5,926,945.000000
3.260283	0.640	5,654,459.000000
3.270950	0.640	5,315,170.000000
3.281617	0.640	4,875,635.000000
3.292283	0.640	4,335,918.000000
3.302950	0.640	3,715,181.000000
3.313617	0.640	3,046,716.000000
3.324283	0.640	2,381,793.000000
3.334950	0.640	1,775,729.000000
3.345617	0.640	1,269,372.000000
3.356283	0.640	878,185.000000
3.366950	0.640	590,733.000000
3.377617	0.640	386,040.000000
3.388283	0.640	246,804.000000
3.398950	0.640	156,153.000000
3.409617	0.640	97,814.000000
3.420283	0.640	61,134.000000
3.430950	0.640	40,405.000000
3.441617	0.640	29,497.000000
3.452283	0.640	21,662.000000
3.462950	0.640	15,203.000000
3.473617	0.640	12,324.000000
3.484283	0.640	11,928.000000
3.494950	0.640	10,452.000000
3.505617	0.640	7,835.000000
3.516283	0.640	6,203.000000
3.526950	0.640	6,075.000000
3.537617	0.640	6,919.000000
3.548283	0.640	7,520.000000
3.558950	0.640	6,768.000000
3.569617	0.640	5,621.000000
3.580283	0.640	5,361.000000
3.590950	0.640	5,275.000000
3.601617	0.640	4,407.000000
3.612283	0.640	3,530.000000
3.622950	0.640	3,766.000000
3.633617	0.640	4,364.000000
3.644283	0.640	3,720.000000
3.654950	0.640	1,817.000000
3.665617	0.640	-3.000000
3.676283	0.640	-239.000000
3.686950	0.640	1,468.000000
3.697617	0.640	2,841.000000
3.708283	0.640	2,132.000000
3.718950	0.640	1,405.000000
3.729617	0.640	2,373.000000
3.740283	0.640	3,452.000000
3.750950	0.640	3,077.000000
3.761617	0.640	1,927.000000
3.772283	0.640	1,966.000000
3.782950	0.640	3,937.000000
3.793617	0.640	6,056.000000
3.804283	0.640	6,740.000000
3.814950	0.640	7,579.000000
3.825617	0.640	11,647.000000
3.836283	0.640	18,502.000000
3.846950	0.640	23,740.000000
3.857617	0.640	25,372.000000
3.868283	0.640	26,217.000000
3.878950	0.640	28,563.000000
3.889617	0.640	30,717.000000
3.900283	0.640	29,977.000000
3.910950	0.640	26,613.000000
3.921617	0.640	23,021.000000
3.932283	0.640	20,517.000000
3.942950	0.640	18,842.000000
3.953617	0.640	16,824.000000
3.964283	0.640	13,542.000000
3.974950	0.640	10,329.000000
3.985617	0.640	9,241.000000
3.996283	0.640	9,822.000000
4.006950	0.640	9,996.000000
4.017617	0.640	8,671.000000
4.028283	0.640	6,684.000000
4.038950	0.640	6,025.000000
4.049617	0.640	7,146.000000
4.060283	0.640	8,294.000000
4.070950	0.640	8,196.000000
4.081617	0.640	7,688.000000
4.092283	0.640	8,173.000000
4.102950	0.640	9,281.000000
4.113617	0.640	9,634.000000
4.124283	0.640	8,573.000000
4.134950	0.640	6,345.000000
4.145617	0.640	4,641.000000
4.156283	0.640	5,078.000000
4.166950	0.640	6,541.000000
4.177617	0.640	7,075.000000
4.188283	0.640	6,111.000000
4.198950	0.640	3,655.000000
4.209617	0.640	994.000000
4.220283	0.640	689.000000
4.230950	0.640	3,168.000000
4.241617	0.640	5,159.000000
4.252283	0.640	4,031.000000
4.262950	0.640	1,858.000000
4.273617	0.640	1,290.000000
4.284283	0.640	1,816.000000
4.294950	0.640	3,053.000000
4.305617	0.640	4,763.000000
4.316283	0.640	5,047.000000
4.326950	0.640	3,643.000000
4.337617	0.640	2,359.000000
4.348283	0.640	1,734.000000
4.358950	0.640	1,251.000000
4.369617	0.640	1,162.000000
4.380283	0.640	2,121.000000
4.390950	0.640	3,557.000000
4.401617	0.640	3,770.000000
4.412283	0.640	2,654.000000
4.422950	0.640	2,506.000000
4.433617	0.640	4,243.000000
4.444283	0.640	5,555.000000
4.454950	0.640	4,982.000000
4.465617	0.640	4,028.000000
4.476283	0.640	3,834.000000
4.486950	0.640	4,049.000000
4.497617	0.640	4,493.000000
4.508283	0.640	5,149.000000
4.518950	0.640	6,592.000000
4.529617	0.640	10,067.000000
4.540283	0.640	15,708.000000
4.550950	0.640	23,957.000000
4.561617	0.640	38,365.000000
4.572283	0.640	64,280.000000
4.582950	0.640	108,005.000000
4.593617	0.640	177,655.000000
4.604283	0.640	284,568.000000
4.614950	0.640	448,334.000000
4.625617	0.640	704,660.000000
4.636283	0.640	1,111,110.000000
4.646950	0.640	1,737,254.000000
4.657617	0.640	2,659,104.000000
4.668283	0.640	4,011,132.000000
4.678950	0.640	6,125,433.000000
4.689617	0.640	9,666,949.000000
4.700283	0.640	15,409,197.000000
4.710950	0.640	23,344,352.000000
4.721617	0.640	31,652,802.000000
4.732283	0.640	36,933,478.000000
4.742950	0.640	36,344,988.000000
4.753617	0.640	29,969,127.000000
4.764283	0.640	20,850,258.000000
4.774950	0.640	12,584,056.000000
4.785617	0.640	7,009,014.000000
4.796283	0.640	3,950,046.000000
4.806950	0.640	2,396,986.000000
4.817617	0.640	1,531,197.000000
4.828283	0.640	979,318.000000
4.838950	0.640	619,698.000000
4.849617	0.640	391,657.000000
4.860283	0.640	248,196.000000
4.870950	0.640	158,880.000000
4.881617	0.640	103,123.000000
4.892283	0.640	68,411.000000
4.902950	0.640	48,352.000000
4.913617	0.640	36,359.000000
4.924283	0.640	27,448.000000
4.934950	0.640	21,100.000000
4.945617	0.640	17,687.000000
4.956283	0.640	16,871.000000
4.966950	0.640	17,606.000000
4.977617	0.640	17,609.000000
4.988283	0.640	15,956.000000
4.998950	0.640	13,705.000000
5.009617	0.640	11,172.000000
5.020283	0.640	8,823.000000
5.030950	0.640	8,541.000000
5.041617	0.640	10,348.000000
5.052283	0.640	11,810.000000
5.062950	0.640	11,815.000000
5.073617	0.640	10,540.000000
5.084283	0.640	8,458.000000
5.094950	0.640	7,752.000000
5.105617	0.640	10,219.000000
5.116283	0.640	15,146.000000
5.126950	0.640	21,301.000000
5.137617	0.640	27,190.000000
5.148283	0.640	31,420.000000
5.158950	0.640	34,848.000000
5.169617	0.640	37,613.000000
5.180283	0.640	37,469.000000
5.190950	0.640	34,512.000000
5.201617	0.640	30,778.000000
5.212283	0.640	26,583.000000
5.222950	0.640	22,565.000000
5.233617	0.640	19,994.000000
5.244283	0.640	17,733.000000
5.254950	0.640	14,221.000000
5.265617	0.640	10,485.000000
5.276283	0.640	8,304.000000
5.286950	0.640	7,914.000000
5.297617	0.640	7,980.000000
5.308283	0.640	7,381.000000
5.318950	0.640	7,141.000000
5.329617	0.640	8,560.000000
5.340283	0.640	10,285.000000
5.350950	0.640	10,473.000000
5.361617	0.640	10,231.000000
5.372283	0.640	11,479.000000
5.382950	0.640	13,933.000000
5.393617	0.640	17,741.000000
5.404283	0.640	25,314.000000
5.414950	0.640	37,063.000000
5.425617	0.640	49,909.000000
5.436283	0.640	61,967.000000
5.446950	0.640	73,328.000000
5.457617	0.640	82,192.000000
5.468283	0.640	85,227.000000
5.478950	0.640	81,463.000000
5.489617	0.640	73,847.000000
5.500283	0.640	66,440.000000
5.510950	0.640	60,635.000000
5.521617	0.640	56,740.000000
5.532283	0.640	57,058.000000
5.542950	0.640	63,145.000000
5.553617	0.640	72,811.000000
5.564283	0.640	83,152.000000
5.574950	0.640	93,546.000000
5.585617	0.640	102,433.000000
5.596283	0.640	106,495.000000
5.606950	0.640	106,278.000000
5.617617	0.640	105,316.000000
5.628283	0.640	103,915.000000
5.638950	0.640	99,883.000000
5.649617	0.640	93,025.000000
5.660283	0.640	83,925.000000
5.670950	0.640	70,593.000000
5.681617	0.640	53,479.000000
5.692283	0.640	38,288.000000
5.702950	0.640	27,932.000000
5.713617	0.640	20,547.000000
5.724283	0.640	14,657.000000
5.734950	0.640	9,665.000000
5.745617	0.640	5,951.000000
5.756283	0.640	4,869.000000
5.766950	0.640	5,479.000000
5.777617	0.640	5,590.000000
5.788283	0.640	5,493.000000
5.798950	0.640	6,166.000000
5.809617	0.640	6,798.000000
5.820283	0.640	6,641.000000
5.830950	0.640	6,257.000000
5.841617	0.640	6,039.000000
5.852283	0.640	5,659.000000
5.862950	0.640	4,807.000000
5.873617	0.640	3,744.000000
5.884283	0.640	3,340.000000
5.894950	0.640	4,108.000000
5.905617	0.640	5,427.000000
5.916283	0.640	6,077.000000
5.926950	0.640	5,767.000000
5.937617	0.640	5,475.000000
5.948283	0.640	5,813.000000
5.958950	0.640	6,657.000000
5.969617	0.640	7,632.000000
5.980283	0.640	7,801.000000
5.990950	0.640	6,996.000000
6.001617	0.640	6,081.000000
6.012283	0.640	5,065.000000
6.022950	0.640	4,373.000000
6.033617	0.640	5,427.000000
6.044283	0.640	7,374.000000
6.054950	0.640	8,138.000000
6.065617	0.640	7,989.000000
6.076283	0.640	8,066.000000
6.086950	0.640	8,597.000000
6.097617	0.640	9,750.000000
6.108283	0.640	12,068.000000
6.118950	0.640	16,381.000000
6.129617	0.640	21,978.000000
6.140283	0.640	26,501.000000
6.150950	0.640	30,226.000000
6.161617	0.640	35,451.000000
6.172283	0.640	40,495.000000
6.182950	0.640	40,789.000000
6.193617	0.640	35,275.000000
6.204283	0.640	26,811.000000
6.214950	0.640	19,233.000000
6.225617	0.640	15,105.000000
6.236283	0.640	13,381.000000
6.246950	0.640	11,823.000000
6.257617	0.640	11,235.000000
6.268283	0.640	13,455.000000
6.278950	0.640	17,128.000000
6.289617	0.640	19,393.000000
6.300283	0.640	20,401.000000
6.310950	0.640	21,933.000000
6.321617	0.640	23,807.000000
6.332283	0.640	25,297.000000
6.342950	0.640	26,973.000000
6.353617	0.640	29,121.000000
6.364283	0.640	31,654.000000
6.374950	0.640	36,518.000000
6.385617	0.640	47,227.000000
6.396283	0.640	65,863.000000
6.406950	0.640	91,647.000000
6.417617	0.640	120,687.000000
6.428283	0.640	146,660.000000
6.438950	0.640	162,921.000000
6.449617	0.640	165,083.000000
6.460283	0.640	152,727.000000
6.470950	0.640	129,335.000000
6.481617	0.640	101,244.000000
6.492283	0.640	73,963.000000
6.502950	0.640	49,947.000000
6.513617	0.640	32,070.000000
6.524283	0.640	22,436.000000
6.534950	0.640	18,072.000000
6.545617	0.640	15,384.000000
6.556283	0.640	15,074.000000
6.566950	0.640	18,829.000000
6.577617	0.640	26,114.000000
6.588283	0.640	35,278.000000
6.598950	0.640	46,034.000000
6.609617	0.640	59,108.000000
6.620283	0.640	71,317.000000
6.630950	0.640	76,973.000000
6.641617	0.640	75,348.000000
6.652283	0.640	69,374.000000
6.662950	0.640	60,814.000000
6.673617	0.640	51,207.000000
6.684283	0.640	42,098.000000
6.694950	0.640	33,798.000000
6.705617	0.640	26,950.000000
6.716283	0.640	22,626.000000
6.726950	0.640	20,345.000000
6.737617	0.640	19,159.000000
6.748283	0.640	19,242.000000
6.758950	0.640	20,700.000000
6.769617	0.640	22,647.000000
6.780283	0.640	24,097.000000
6.790950	0.640	24,881.000000
6.801617	0.640	25,077.000000
6.812283	0.640	24,521.000000
6.822950	0.640	23,754.000000
6.833617	0.640	23,913.000000
6.844283	0.640	25,627.000000
6.854950	0.640	28,609.000000
6.865617	0.640	32,071.000000
6.876283	0.640	35,109.000000
6.886950	0.640	36,224.000000
6.897617	0.640	34,852.000000
6.908283	0.640	32,100.000000
6.918950	0.640	28,352.000000
6.929617	0.640	24,030.000000
6.940283	0.640	21,372.000000
6.950950	0.640	21,888.000000
6.961617	0.640	24,800.000000
6.972283	0.640	29,515.000000
6.982950	0.640	35,934.000000
6.993617	0.640	42,114.000000
7.004283	0.640	45,560.000000
7.014950	0.640	46,507.000000
7.025617	0.640	47,325.000000
7.036283	0.640	47,751.000000
7.046950	0.640	43,912.000000
7.057617	0.640	35,356.000000
7.068283	0.640	27,049.000000
7.078950	0.640	21,675.000000
7.089617	0.640	17,831.000000
7.100283	0.640	15,768.000000
7.110950	0.640	17,224.000000
7.121617	0.640	21,096.000000
7.132283	0.640	25,626.000000
7.142950	0.640	32,181.000000
7.153617	0.640	41,126.000000
7.164283	0.640	48,334.000000
7.174950	0.640	50,303.000000
7.185617	0.640	47,371.000000
7.196283	0.640	40,708.000000
7.206950	0.640	31,339.000000
7.217617	0.640	21,954.000000
7.228283	0.640	15,885.000000
7.238950	0.640	13,215.000000
7.249617	0.640	10,910.000000
7.260283	0.640	7,736.000000
7.270950	0.640	5,787.000000
7.281617	0.640	6,602.000000
7.292283	0.640	8,746.000000
7.302950	0.640	10,262.000000
7.313617	0.640	10,918.000000
7.324283	0.640	10,947.000000
7.334950	0.640	10,097.000000
7.345617	0.640	8,686.000000
7.356283	0.640	7,794.000000
7.366950	0.640	7,351.000000
7.377617	0.640	6,075.000000
7.388283	0.640	4,671.000000
7.398950	0.640	5,198.000000
7.409617	0.640	7,292.000000
7.420283	0.640	9,363.000000
7.430950	0.640	10,586.000000
7.441617	0.640	9,951.000000
7.452283	0.640	8,033.000000
7.462950	0.640	7,801.000000
7.473617	0.640	9,769.000000
7.484283	0.640	10,799.000000
7.494950	0.640	9,671.000000
7.505617	0.640	8,441.000000
7.516283	0.640	7,844.000000
7.526950	0.640	6,832.000000
7.537617	0.640	5,908.000000
7.548283	0.640	6,164.000000
7.558950	0.640	7,000.000000
7.569617	0.640	7,585.000000
7.580283	0.640	7,687.000000
7.590950	0.640	6,814.000000
7.601617	0.640	5,436.000000
7.612283	0.640	5,584.000000
7.622950	0.640	7,854.000000
7.633617	0.640	10,393.000000
7.644283	0.640	11,846.000000
7.654950	0.640	11,988.000000
7.665617	0.640	11,100.000000
7.676283	0.640	10,801.000000
7.686950	0.640	12,639.000000
7.697617	0.640	16,661.000000
7.708283	0.640	23,144.000000
7.718950	0.640	33,255.000000
7.729617	0.640	48,799.000000
7.740283	0.640	73,078.000000
7.750950	0.640	108,209.000000
7.761617	0.640	152,498.000000
7.772283	0.640	205,588.000000
7.782950	0.640	272,759.000000
7.793617	0.640	363,305.000000
7.804283	0.640	490,551.000000
7.814950	0.640	672,742.000000
7.825617	0.640	934,741.000000
7.836283	0.640	1,309,613.000000
7.846950	0.640	1,837,251.000000
7.857617	0.640	2,581,070.000000
7.868283	0.640	3,670,439.000000
7.878950	0.640	5,309,274.000000
7.889617	0.640	7,680,017.000000
7.900283	0.640	10,741,099.000000
7.910950	0.640	14,025,669.000000
7.921617	0.640	16,669,714.000000
7.932283	0.640	17,770,156.000000
7.942950	0.640	16,853,046.000000
7.953617	0.640	14,164,094.000000
7.964283	0.640	10,577,996.000000
7.974950	0.640	7,107,138.000000
7.985617	0.640	4,390,116.000000
7.996283	0.640	2,566,337.000000
8.006950	0.640	1,468,334.000000
8.017617	0.640	848,559.000000
8.028283	0.640	507,094.000000
8.038950	0.640	315,760.000000
8.049617	0.640	200,764.000000
8.060283	0.640	129,377.000000
8.070950	0.640	87,656.000000
8.081617	0.640	62,311.000000
8.092283	0.640	45,498.000000
8.102950	0.640	36,848.000000
8.113617	0.640	34,832.000000
8.124283	0.640	34,814.000000
8.134950	0.640	34,400.000000
8.145617	0.640	34,672.000000
8.156283	0.640	34,553.000000
8.166950	0.640	30,643.000000
8.177617	0.640	24,027.000000
8.188283	0.640	18,884.000000
8.198950	0.640	16,299.000000
8.209617	0.640	15,186.000000
8.220283	0.640	14,865.000000
8.230950	0.640	15,250.000000
8.241617	0.640	16,815.000000
8.252283	0.640	19,050.000000
8.262950	0.640	19,847.000000
8.273617	0.640	18,127.000000
8.284283	0.640	15,488.000000
8.294950	0.640	13,816.000000
8.305617	0.640	13,054.000000
8.316283	0.640	12,970.000000
8.326950	0.640	13,886.000000
8.337617	0.640	14,628.000000
8.348283	0.640	13,633.000000
8.358950	0.640	11,461.000000
8.369617	0.640	9,695.000000
8.380283	0.640	8,889.000000
8.390950	0.640	8,862.000000
8.401617	0.640	9,624.000000
8.412283	0.640	11,107.000000
8.422950	0.640	12,483.000000
8.433617	0.640	13,007.000000
8.444283	0.640	13,308.000000
8.454950	0.640	14,547.000000
8.465617	0.640	17,516.000000
8.476283	0.640	22,615.000000
8.486950	0.640	30,095.000000
8.497617	0.640	41,386.000000
8.508283	0.640	57,181.000000
8.518950	0.640	74,106.000000
8.529617	0.640	88,574.000000
8.540283	0.640	100,490.000000
8.550950	0.640	110,971.000000
8.561617	0.640	123,563.000000
8.572283	0.640	144,848.000000
8.582950	0.640	181,336.000000
8.593617	0.640	242,874.000000
8.604283	0.640	344,243.000000
8.614950	0.640	497,031.000000
8.625617	0.640	708,686.000000
8.636283	0.640	993,177.000000
8.646950	0.640	1,376,287.000000
8.657617	0.640	1,900,077.000000
8.668283	0.640	2,641,589.000000
8.678950	0.640	3,736,028.000000
8.689617	0.640	5,389,823.000000
8.700283	0.640	7,863,535.000000
8.710950	0.640	11,359,206.000000
8.721617	0.640	15,765,898.000000
8.732283	0.640	20,431,939.000000
8.742950	0.640	24,253,788.000000
8.753617	0.640	26,090,943.000000
8.764283	0.640	25,277,168.000000
8.774950	0.640	21,995,390.000000
8.785617	0.640	17,226,780.000000
8.796283	0.640	12,227,459.000000
8.806950	0.640	7,960,396.000000
8.817617	0.640	4,852,389.000000
8.828283	0.640	2,858,709.000000
8.838950	0.640	1,681,125.000000
8.849617	0.640	1,001,559.000000
8.860283	0.640	606,951.000000
8.870950	0.640	378,505.000000
8.881617	0.640	244,172.000000
8.892283	0.640	162,492.000000
8.902950	0.640	112,265.000000
8.913617	0.640	80,115.000000
8.924283	0.640	59,017.000000
8.934950	0.640	45,972.000000
8.945617	0.640	37,808.000000
8.956283	0.640	32,280.000000
8.966950	0.640	28,705.000000
8.977617	0.640	26,398.000000
8.988283	0.640	24,393.000000
8.998950	0.640	22,060.000000
9.009617	0.640	19,725.000000
9.020283	0.640	18,041.000000
9.030950	0.640	16,780.000000
9.041617	0.640	15,809.000000
9.052283	0.640	15,168.000000
9.062950	0.640	14,415.000000
9.073617	0.640	14,321.000000
9.084283	0.640	15,427.000000
9.094950	0.640	16,172.000000
9.105617	0.640	16,264.000000
9.116283	0.640	17,197.000000
9.126950	0.640	18,570.000000
9.137617	0.640	18,558.000000
9.148283	0.640	17,214.000000
9.158950	0.640	16,400.000000
9.169617	0.640	17,400.000000
9.180283	0.640	19,383.000000
9.190950	0.640	20,615.000000
9.201617	0.640	21,012.000000
9.212283	0.640	21,022.000000
9.222950	0.640	19,823.000000
9.233617	0.640	17,229.000000
9.244283	0.640	14,821.000000
9.254950	0.640	14,006.000000
9.265617	0.640	14,160.000000
9.276283	0.640	13,685.000000
9.286950	0.640	12,527.000000
9.297617	0.640	12,003.000000
9.308283	0.640	12,844.000000
9.318950	0.640	14,540.000000
9.329617	0.640	15,527.000000
9.340283	0.640	14,422.000000
9.350950	0.640	11,947.000000
9.361617	0.640	10,606.000000
9.372283	0.640	11,779.000000
9.382950	0.640	14,105.000000
9.393617	0.640	15,422.000000
9.404283	0.640	15,392.000000
9.414950	0.640	15,402.000000
9.425617	0.640	16,455.000000
9.436283	0.640	17,965.000000
9.446950	0.640	18,404.000000
9.457617	0.640	17,644.000000
9.468283	0.640	17,597.000000
9.478950	0.640	18,957.000000
9.489617	0.640	20,284.000000
9.500283	0.640	21,085.000000
9.510950	0.640	23,259.000000
9.521617	0.640	28,590.000000
9.532283	0.640	35,752.000000
9.542950	0.640	43,222.000000
9.553617	0.640	52,260.000000
9.564283	0.640	63,400.000000
9.574950	0.640	76,163.000000
9.585617	0.640	91,252.000000
9.596283	0.640	109,469.000000
9.606950	0.640	133,779.000000
9.617617	0.640	172,141.000000
9.628283	0.640	235,510.000000
9.638950	0.640	335,455.000000
9.649617	0.640	486,201.000000
9.660283	0.640	700,287.000000
9.670950	0.640	966,731.000000
9.681617	0.640	1,237,273.000000
9.692283	0.640	1,441,921.000000
9.702950	0.640	1,514,615.000000
9.713617	0.640	1,418,397.000000
9.724283	0.640	1,175,566.000000
9.734950	0.640	868,828.000000
9.745617	0.640	584,932.000000
9.756283	0.640	366,487.000000
9.766950	0.640	220,375.000000
9.777617	0.640	135,972.000000
9.788283	0.640	91,232.000000
9.798950	0.640	64,939.000000
9.809617	0.640	47,954.000000
9.820283	0.640	39,468.000000
9.830950	0.640	36,660.000000
9.841617	0.640	34,391.000000
9.852283	0.640	31,439.000000
9.862950	0.640	29,980.000000
9.873617	0.640	31,581.000000
9.884283	0.640	36,882.000000
9.894950	0.640	45,835.000000
9.905617	0.640	57,316.000000
9.916283	0.640	71,309.000000
9.926950	0.640	90,349.000000
9.937617	0.640	118,326.000000
9.948283	0.640	159,563.000000
9.958950	0.640	216,452.000000
9.969617	0.640	289,863.000000
9.980283	0.640	386,289.000000
9.990950	0.640	525,301.000000
10.001617	0.640	745,256.000000
10.012283	0.640	1,096,963.000000
10.022950	0.640	1,620,058.000000
10.033617	0.640	2,322,441.000000
10.044283	0.640	3,148,243.000000
10.054950	0.640	3,930,214.000000
10.065617	0.640	4,417,927.000000
10.076283	0.640	4,416,293.000000
10.086950	0.640	3,912,266.000000
10.097617	0.640	3,080,668.000000
10.108283	0.640	2,178,902.000000
10.118950	0.640	1,411,145.000000
10.129617	0.640	860,606.000000
10.140283	0.640	514,912.000000
10.150950	0.640	319,128.000000
10.161617	0.640	214,013.000000
10.172283	0.640	157,716.000000
10.182950	0.640	127,483.000000
10.193617	0.640	111,785.000000
10.204283	0.640	105,153.000000
10.214950	0.640	102,952.000000
10.225617	0.640	99,700.000000
10.236283	0.640	93,870.000000
10.246950	0.640	87,696.000000
10.257617	0.640	81,394.000000
10.268283	0.640	72,892.000000
10.278950	0.640	62,048.000000
10.289617	0.640	51,607.000000
10.300283	0.640	43,504.000000
10.310950	0.640	37,403.000000
10.321617	0.640	33,376.000000
10.332283	0.640	31,861.000000
10.342950	0.640	31,586.000000
10.353617	0.640	30,889.000000
10.364283	0.640	31,411.000000
10.374950	0.640	36,857.000000
10.385617	0.640	46,402.000000
10.396283	0.640	54,683.000000
10.406950	0.640	58,701.000000
10.417617	0.640	58,893.000000
10.428283	0.640	55,501.000000
10.438950	0.640	48,863.000000
10.449617	0.640	40,730.000000
10.460283	0.640	33,462.000000
10.470950	0.640	28,203.000000
10.481617	0.640	23,863.000000
10.492283	0.640	20,293.000000
10.502950	0.640	19,257.000000
10.513617	0.640	20,525.000000
10.524283	0.640	21,911.000000
10.534950	0.640	22,123.000000
10.545617	0.640	21,522.000000
10.556283	0.640	20,755.000000
10.566950	0.640	20,022.000000
10.577617	0.640	20,557.000000
10.588283	0.640	23,021.000000
10.598950	0.640	25,341.000000
10.609617	0.640	26,413.000000
10.620283	0.640	27,220.000000
10.630950	0.640	27,220.000000
10.641617	0.640	26,012.000000
10.652283	0.640	25,321.000000
10.662950	0.640	25,703.000000
10.673617	0.640	26,108.000000
10.684283	0.640	26,601.000000
10.694950	0.640	28,474.000000
10.705617	0.640	31,984.000000
10.716283	0.640	35,173.000000
10.726950	0.640	36,163.000000
10.737617	0.640	34,954.000000
10.748283	0.640	31,973.000000
10.758950	0.640	27,893.000000
10.769617	0.640	24,092.000000
10.780283	0.640	21,514.000000
10.790950	0.640	20,376.000000
10.801617	0.640	20,251.000000
10.812283	0.640	20,547.000000
10.822950	0.640	21,139.000000
10.833617	0.640	22,336.000000
10.844283	0.640	24,587.000000
10.854950	0.640	27,157.000000
10.865617	0.640	29,183.000000
10.876283	0.640	32,613.000000
10.886950	0.640	40,361.000000
10.897617	0.640	53,171.000000
10.908283	0.640	71,634.000000
10.918950	0.640	97,765.000000
10.929617	0.640	133,548.000000
10.940283	0.640	183,327.000000
10.950950	0.640	256,170.000000
10.961617	0.640	360,165.000000
10.972283	0.640	498,946.000000
10.982950	0.640	681,482.000000
10.993617	0.640	929,556.000000
11.004283	0.640	1,274,535.000000
11.014950	0.640	1,763,498.000000
11.025617	0.640	2,476,560.000000
11.036283	0.640	3,525,944.000000
11.046950	0.640	4,998,941.000000
11.057617	0.640	6,852,698.000000
11.068283	0.640	8,844,438.000000
11.078950	0.640	10,556,370.000000
11.089617	0.640	11,513,112.000000
11.100283	0.640	11,387,388.000000
11.110950	0.640	10,189,481.000000
11.121617	0.640	8,257,722.000000
11.132283	0.640	6,081,023.000000
11.142950	0.640	4,119,564.000000
11.153617	0.640	2,657,120.000000
11.164283	0.640	1,731,804.000000
11.174950	0.640	1,221,388.000000
11.185617	0.640	986,463.000000
11.196283	0.640	937,219.000000
11.206950	0.640	1,024,251.000000
11.217617	0.640	1,215,821.000000
11.228283	0.640	1,496,945.000000
11.238950	0.640	1,883,748.000000
11.249617	0.640	2,431,726.000000
11.260283	0.640	3,240,015.000000
11.270950	0.640	4,468,851.000000
11.281617	0.640	6,336,316.000000
11.292283	0.640	9,038,217.000000
11.302950	0.640	12,602,635.000000
11.313617	0.640	16,713,817.000000
11.324283	0.640	20,589,780.000000
11.334950	0.640	23,150,653.000000
11.345617	0.640	23,536,497.000000
11.356283	0.640	21,569,313.000000
11.366950	0.640	17,824,453.000000
11.377617	0.640	13,346,899.000000
11.388283	0.640	9,155,815.000000
11.398950	0.640	5,851,887.000000
11.409617	0.640	3,578,313.000000
11.420283	0.640	2,185,704.000000
11.430950	0.640	1,398,623.000000
11.441617	0.640	948,990.000000
11.452283	0.640	661,256.000000
11.462950	0.640	459,382.000000
11.473617	0.640	317,579.000000
11.484283	0.640	221,202.000000
11.494950	0.640	157,977.000000
11.505617	0.640	117,632.000000
11.516283	0.640	93,325.000000
11.526950	0.640	80,729.000000
11.537617	0.640	74,346.000000
11.548283	0.640	69,992.000000
11.558950	0.640	67,379.000000
11.569617	0.640	66,107.000000
11.580283	0.640	63,397.000000
11.590950	0.640	57,779.000000
11.601617	0.640	52,168.000000
11.612283	0.640	49,450.000000
11.622950	0.640	47,637.000000
11.633617	0.640	44,268.000000
11.644283	0.640	40,635.000000
11.654950	0.640	38,729.000000
11.665617	0.640	38,503.000000
11.676283	0.640	38,484.000000
11.686950	0.640	38,396.000000
11.697617	0.640	40,792.000000
11.708283	0.640	47,473.000000
11.718950	0.640	55,760.000000
11.729617	0.640	61,632.000000
11.740283	0.640	65,171.000000
11.750950	0.640	69,124.000000
11.761617	0.640	73,531.000000
11.772283	0.640	76,783.000000
11.782950	0.640	80,297.000000
11.793617	0.640	88,326.000000
11.804283	0.640	103,979.000000
11.814950	0.640	127,939.000000
11.825617	0.640	162,081.000000
11.836283	0.640	211,169.000000
11.846950	0.640	280,410.000000
11.857617	0.640	376,209.000000
11.868283	0.640	509,471.000000
11.878950	0.640	693,919.000000
11.889617	0.640	942,512.000000
11.900283	0.640	1,273,142.000000
11.910950	0.640	1,729,943.000000
11.921617	0.640	2,407,562.000000
11.932283	0.640	3,454,330.000000
11.942950	0.640	5,053,406.000000
11.953617	0.640	7,363,824.000000
11.964283	0.640	10,372,784.000000
11.974950	0.640	13,704,404.000000
11.985617	0.640	16,565,567.000000
11.996283	0.640	18,025,048.000000
12.006950	0.640	17,525,581.000000
12.017617	0.640	15,196,933.000000
12.028283	0.640	11,765,477.000000
12.038950	0.640	8,183,814.000000
12.049617	0.640	5,187,760.000000
12.060283	0.640	3,074,349.000000
12.070950	0.640	1,777,429.000000
12.081617	0.640	1,052,367.000000
12.092283	0.640	651,746.000000
12.102950	0.640	421,004.000000
12.113617	0.640	283,313.000000
12.124283	0.640	197,205.000000
12.134950	0.640	141,492.000000
12.145617	0.640	106,911.000000
12.156283	0.640	86,430.000000
12.166950	0.640	72,436.000000
12.177617	0.640	60,740.000000
12.188283	0.640	51,984.000000
12.198950	0.640	46,737.000000
12.209617	0.640	43,780.000000
12.220283	0.640	42,588.000000
12.230950	0.640	43,288.000000
12.241617	0.640	44,506.000000
12.252283	0.640	43,703.000000
12.262950	0.640	40,629.000000
12.273617	0.640	37,843.000000
12.284283	0.640	36,988.000000
12.294950	0.640	37,277.000000
12.305617	0.640	37,480.000000
12.316283	0.640	37,467.000000
12.326950	0.640	37,196.000000
12.337617	0.640	36,440.000000
12.348283	0.640	36,822.000000
12.358950	0.640	39,140.000000
12.369617	0.640	40,667.000000
12.380283	0.640	40,912.000000
12.390950	0.640	42,587.000000
12.401617	0.640	45,392.000000
12.412283	0.640	46,647.000000
12.422950	0.640	45,541.000000
12.433617	0.640	43,875.000000
12.444283	0.640	44,120.000000
12.454950	0.640	46,329.000000
12.465617	0.640	48,411.000000
12.476283	0.640	49,645.000000
12.486950	0.640	50,853.000000
12.497617	0.640	52,286.000000
12.508283	0.640	53,883.000000
12.518950	0.640	56,134.000000
12.529617	0.640	59,341.000000
12.540283	0.640	62,742.000000
12.550950	0.640	65,234.000000
12.561617	0.640	66,193.000000
12.572283	0.640	66,029.000000
12.582950	0.640	66,250.000000
12.593617	0.640	67,030.000000
12.604283	0.640	66,618.000000
12.614950	0.640	64,175.000000
12.625617	0.640	60,865.000000
12.636283	0.640	58,553.000000
12.646950	0.640	57,636.000000
12.657617	0.640	56,624.000000
12.668283	0.640	54,464.000000
12.678950	0.640	51,656.000000
12.689617	0.640	49,350.000000
12.700283	0.640	47,623.000000
12.710950	0.640	45,684.000000
12.721617	0.640	44,009.000000
12.732283	0.640	43,217.000000
12.742950	0.640	43,304.000000
12.753617	0.640	44,751.000000
12.764283	0.640	47,005.000000
12.774950	0.640	48,903.000000
12.785617	0.640	50,761.000000
12.796283	0.640	53,298.000000
12.806950	0.640	55,993.000000
12.817617	0.640	57,518.000000
12.828283	0.640	58,005.000000
12.838950	0.640	58,333.000000
12.849617	0.640	56,720.000000
12.860283	0.640	51,780.000000
12.870950	0.640	46,242.000000
12.881617	0.640	41,966.000000
12.892283	0.640	38,185.000000
12.902950	0.640	35,418.000000
12.913617	0.640	33,704.000000
12.924283	0.640	31,721.000000
12.934950	0.640	30,493.000000
12.945617	0.640	31,158.000000
12.956283	0.640	31,128.000000
12.966950	0.640	28,865.000000
12.977617	0.640	27,482.000000
12.988283	0.640	28,728.000000
12.998950	0.640	29,999.000000
13.009617	0.640	29,407.000000
13.020283	0.640	28,178.000000
13.030950	0.640	28,158.000000
13.041617	0.640	29,646.000000
13.052283	0.640	30,938.000000
13.062950	0.640	30,278.000000
13.073617	0.640	29,107.000000
13.084283	0.640	30,646.000000
13.094950	0.640	34,406.000000
13.105617	0.640	36,705.000000
13.116283	0.640	36,303.000000
13.126950	0.640	35,216.000000
13.137617	0.640	35,448.000000
13.148283	0.640	36,631.000000
13.158950	0.640	37,057.000000
13.169617	0.640	36,593.000000
13.180283	0.640	36,573.000000
13.190950	0.640	37,513.000000
13.201617	0.640	38,613.000000
13.212283	0.640	39,079.000000
13.222950	0.640	38,978.000000
13.233617	0.640	39,036.000000
13.244283	0.640	39,553.000000
13.254950	0.640	40,017.000000
13.265617	0.640	40,669.000000
13.276283	0.640	42,121.000000
13.286950	0.640	43,311.000000
13.297617	0.640	43,746.000000
13.308283	0.640	45,307.000000
13.318950	0.640	47,359.000000
13.329617	0.640	46,302.000000
13.340283	0.640	42,959.000000
13.350950	0.640	41,013.000000
13.361617	0.640	39,994.000000
13.372283	0.640	38,471.000000
13.382950	0.640	37,473.000000
13.393617	0.640	36,913.000000
13.404283	0.640	35,044.000000
13.414950	0.640	32,371.000000
13.425617	0.640	32,027.000000
13.436283	0.640	34,237.000000
13.446950	0.640	35,341.000000
13.457617	0.640	33,590.000000
13.468283	0.640	30,521.000000
13.478950	0.640	28,583.000000
13.489617	0.640	29,116.000000
13.500283	0.640	30,501.000000
13.510950	0.640	29,760.000000
13.521617	0.640	26,703.000000
13.532283	0.640	24,645.000000
13.542950	0.640	25,343.000000
13.553617	0.640	26,386.000000
13.564283	0.640	25,965.000000
13.574950	0.640	25,675.000000
13.585617	0.640	27,468.000000
13.596283	0.640	30,462.000000
13.606950	0.640	32,098.000000
13.617617	0.640	32,524.000000
13.628283	0.640	33,975.000000
13.638950	0.640	36,662.000000
13.649617	0.640	39,469.000000
13.660283	0.640	41,745.000000
13.670950	0.640	44,724.000000
13.681617	0.640	52,206.000000
13.692283	0.640	65,795.000000
13.702950	0.640	83,561.000000
13.713617	0.640	106,003.000000
13.724283	0.640	137,149.000000
13.734950	0.640	179,352.000000
13.745617	0.640	233,260.000000
13.756283	0.640	302,662.000000
13.766950	0.640	393,777.000000
13.777617	0.640	513,391.000000
13.788283	0.640	668,604.000000
13.798950	0.640	863,885.000000
13.809617	0.640	1,103,964.000000
13.820283	0.640	1,399,944.000000
13.830950	0.640	1,770,805.000000
13.841617	0.640	2,247,114.000000
13.852283	0.640	2,875,069.000000
13.862950	0.640	3,720,104.000000
13.873617	0.640	4,881,348.000000
13.884283	0.640	6,492,469.000000
13.894950	0.640	8,665,945.000000
13.905617	0.640	11,415,489.000000
13.916283	0.640	14,609,035.000000
13.926950	0.640	17,939,835.000000
13.937617	0.640	20,920,515.000000
13.948283	0.640	22,959,275.000000
13.958950	0.640	23,565,370.000000
13.969617	0.640	22,569,773.000000
13.980283	0.640	20,164,360.000000
13.990950	0.640	16,796,273.000000
14.001617	0.640	13,050,337.000000
14.012283	0.640	9,496,692.000000
14.022950	0.640	6,521,791.000000
14.033617	0.640	4,265,942.000000
14.044283	0.640	2,686,606.000000
14.054950	0.640	1,656,074.000000
14.065617	0.640	1,026,942.000000
14.076283	0.640	662,194.000000
14.086950	0.640	453,119.000000
14.097617	0.640	329,747.000000
14.108283	0.640	254,662.000000
14.118950	0.640	207,723.000000
14.129617	0.640	175,641.000000
14.140283	0.640	149,480.000000
14.150950	0.640	125,042.000000
14.161617	0.640	102,573.000000
14.172283	0.640	84,622.000000
14.182950	0.640	72,268.000000
14.193617	0.640	63,416.000000
14.204283	0.640	55,363.000000
14.214950	0.640	48,572.000000
14.225617	0.640	44,882.000000
14.236283	0.640	43,280.000000
14.246950	0.640	42,263.000000
14.257617	0.640	42,466.000000
14.268283	0.640	43,497.000000
14.278950	0.640	43,407.000000
14.289617	0.640	42,362.000000
14.300283	0.640	42,105.000000
14.310950	0.640	42,929.000000
14.321617	0.640	44,170.000000
14.332283	0.640	46,223.000000
14.342950	0.640	49,626.000000
14.353617	0.640	52,843.000000
14.364283	0.640	54,991.000000
14.374950	0.640	57,888.000000
14.385617	0.640	61,329.000000
14.396283	0.640	62,429.000000
14.406950	0.640	60,723.000000
14.417617	0.640	58,549.000000
14.428283	0.640	57,492.000000
14.438950	0.640	56,693.000000
14.449617	0.640	55,393.000000
14.460283	0.640	55,401.000000
14.470950	0.640	57,682.000000
14.481617	0.640	60,106.000000
14.492283	0.640	61,295.000000
14.502950	0.640	62,619.000000
14.513617	0.640	65,852.000000
14.524283	0.640	70,590.000000
14.534950	0.640	74,845.000000
14.545617	0.640	79,638.000000
14.556283	0.640	89,563.000000
14.566950	0.640	107,105.000000
14.577617	0.640	131,413.000000
14.588283	0.640	159,540.000000
14.598950	0.640	185,057.000000
14.609617	0.640	201,251.000000
14.620283	0.640	204,740.000000
14.630950	0.640	194,358.000000
14.641617	0.640	172,895.000000
14.652283	0.640	148,671.000000
14.662950	0.640	129,025.000000
14.673617	0.640	114,531.000000
14.684283	0.640	102,536.000000
14.694950	0.640	91,048.000000
14.705617	0.640	79,266.000000
14.716283	0.640	68,455.000000
14.726950	0.640	60,545.000000
14.737617	0.640	56,390.000000
14.748283	0.640	55,702.000000
14.758950	0.640	57,768.000000
14.769617	0.640	63,535.000000
14.780283	0.640	73,135.000000
14.790950	0.640	81,667.000000
14.801617	0.640	85,213.000000
14.812283	0.640	87,131.000000
14.822950	0.640	92,059.000000
14.833617	0.640	99,601.000000
14.844283	0.640	106,328.000000
14.854950	0.640	110,179.000000
14.865617	0.640	112,098.000000
14.876283	0.640	113,338.000000
14.886950	0.640	111,702.000000
14.897617	0.640	103,568.000000
14.908283	0.640	90,368.000000
14.918950	0.640	77,644.000000
14.929617	0.640	67,821.000000
14.940283	0.640	60,577.000000
14.950950	0.640	56,914.000000
14.961617	0.640	57,041.000000
14.972283	0.640	59,054.000000
14.982950	0.640	61,475.000000
14.993617	0.640	63,513.000000
15.004283	0.640	65,007.000000
15.014950	0.640	67,167.000000
15.025617	0.640	70,144.000000
15.036283	0.640	71,133.000000
15.046950	0.640	68,088.000000
15.057617	0.640	63,195.000000
15.068283	0.640	60,171.000000
15.078950	0.640	60,858.000000
15.089617	0.640	64,676.000000
15.100283	0.640	69,395.000000
15.110950	0.640	74,115.000000
15.121617	0.640	79,281.000000
15.132283	0.640	83,075.000000
15.142950	0.640	83,197.000000
15.153617	0.640	80,627.000000
15.164283	0.640	77,934.000000
15.174950	0.640	76,157.000000
15.185617	0.640	74,810.000000
15.196283	0.640	73,167.000000
15.206950	0.640	70,716.000000
15.217617	0.640	68,061.000000
15.228283	0.640	66,989.000000
15.238950	0.640	67,656.000000
15.249617	0.640	67,679.000000
15.260283	0.640	66,092.000000
15.270950	0.640	64,457.000000
15.281617	0.640	63,177.000000
15.292283	0.640	61,992.000000
15.302950	0.640	62,193.000000
15.313617	0.640	63,796.000000
15.324283	0.640	64,779.000000
15.334950	0.640	64,942.000000
15.345617	0.640	65,557.000000
15.356283	0.640	65,917.000000
15.366950	0.640	64,839.000000
15.377617	0.640	63,892.000000
15.388283	0.640	65,202.000000
15.398950	0.640	67,819.000000
15.409617	0.640	69,677.000000
15.420283	0.640	70,588.000000
15.430950	0.640	71,634.000000
15.441617	0.640	73,822.000000
15.452283	0.640	76,772.000000
15.462950	0.640	79,426.000000
15.473617	0.640	81,577.000000
15.484283	0.640	83,237.000000
15.494950	0.640	85,052.000000
15.505617	0.640	87,343.000000
15.516283	0.640	88,771.000000
15.526950	0.640	90,641.000000
15.537617	0.640	96,330.000000
15.548283	0.640	105,497.000000
15.558950	0.640	118,664.000000
15.569617	0.640	139,338.000000
15.580283	0.640	162,696.000000
15.590950	0.640	175,376.000000
15.601617	0.640	172,083.000000
15.612283	0.640	161,910.000000
15.622950	0.640	155,661.000000
15.633617	0.640	154,084.000000
15.644283	0.640	151,114.000000
15.654950	0.640	143,525.000000
15.665617	0.640	132,718.000000
15.676283	0.640	121,016.000000
15.686950	0.640	111,437.000000
15.697617	0.640	106,038.000000
15.708283	0.640	102,614.000000
15.718950	0.640	98,234.000000
15.729617	0.640	93,467.000000
15.740283	0.640	90,612.000000
15.750950	0.640	91,734.000000
15.761617	0.640	99,397.000000
15.772283	0.640	117,543.000000
15.782950	0.640	150,359.000000
15.793617	0.640	201,384.000000
15.804283	0.640	278,395.000000
15.814950	0.640	399,636.000000
15.825617	0.640	590,032.000000
15.836283	0.640	886,432.000000
15.846950	0.640	1,378,638.000000
15.857617	0.640	2,241,645.000000
15.868283	0.640	3,676,688.000000
15.878950	0.640	5,721,146.000000
15.889617	0.640	7,996,020.000000
15.900283	0.640	9,668,575.000000
15.910950	0.640	9,895,777.000000
15.921617	0.640	8,485,565.000000
15.932283	0.640	6,100,146.000000
15.942950	0.640	3,744,619.000000
15.953617	0.640	2,067,230.000000
15.964283	0.640	1,130,779.000000
15.974950	0.640	679,676.000000
15.985617	0.640	459,130.000000
15.996283	0.640	331,863.000000
16.006950	0.640	249,912.000000
16.017617	0.640	198,142.000000
16.028283	0.640	166,494.000000
16.038950	0.640	148,414.000000
16.049617	0.640	140,829.000000
16.060283	0.640	141,915.000000
16.070950	0.640	151,072.000000
16.081617	0.640	165,971.000000
16.092283	0.640	180,546.000000
16.102950	0.640	189,048.000000
16.113617	0.640	189,995.000000
16.124283	0.640	187,219.000000
16.134950	0.640	186,429.000000
16.145617	0.640	189,742.000000
16.156283	0.640	195,768.000000
16.166950	0.640	201,406.000000
16.177617	0.640	203,287.000000
16.188283	0.640	201,495.000000
16.198950	0.640	200,163.000000
16.209617	0.640	206,490.000000
16.220283	0.640	229,790.000000
16.230950	0.640	277,911.000000
16.241617	0.640	358,480.000000
16.252283	0.640	473,106.000000
16.262950	0.640	591,834.000000
16.273617	0.640	653,158.000000
16.284283	0.640	616,269.000000
16.294950	0.640	500,745.000000
16.305617	0.640	364,235.000000
16.316283	0.640	254,992.000000
16.326950	0.640	187,677.000000
16.337617	0.640	152,098.000000
16.348283	0.640	134,715.000000
16.358950	0.640	127,711.000000
16.369617	0.640	125,657.000000
16.380283	0.640	125,076.000000
16.390950	0.640	126,115.000000
16.401617	0.640	129,574.000000
16.412283	0.640	136,216.000000
16.422950	0.640	148,810.000000
16.433617	0.640	169,953.000000
16.444283	0.640	200,149.000000
16.454950	0.640	239,519.000000
16.465617	0.640	288,954.000000
16.476283	0.640	351,855.000000
16.486950	0.640	444,001.000000
16.497617	0.640	600,135.000000
16.508283	0.640	863,105.000000
16.518950	0.640	1,279,381.000000
16.529617	0.640	1,918,669.000000
16.540283	0.640	2,917,378.000000
16.550950	0.640	4,560,368.000000
16.561617	0.640	7,340,812.000000
16.572283	0.640	11,781,816.000000
16.582950	0.640	17,851,180.000000
16.593617	0.640	24,277,363.000000
16.604283	0.640	28,644,081.000000
16.614950	0.640	28,782,174.000000
16.625617	0.640	24,453,556.000000
16.636283	0.640	17,609,442.000000
16.646950	0.640	10,929,705.000000
16.657617	0.640	6,106,072.000000
16.668283	0.640	3,325,454.000000
16.678950	0.640	1,930,328.000000
16.689617	0.640	1,232,546.000000
16.700283	0.640	843,320.000000
16.710950	0.640	612,073.000000
16.721617	0.640	484,353.000000
16.732283	0.640	431,728.000000
16.742950	0.640	436,686.000000
16.753617	0.640	502,066.000000
16.764283	0.640	666,629.000000
16.774950	0.640	992,552.000000
16.785617	0.640	1,516,512.000000
16.796283	0.640	2,184,388.000000
16.806950	0.640	2,814,528.000000
16.817617	0.640	3,151,198.000000
16.828283	0.640	3,021,108.000000
16.838950	0.640	2,480,610.000000
16.849617	0.640	1,782,415.000000
16.860283	0.640	1,177,632.000000
16.870950	0.640	772,050.000000
16.881617	0.640	544,026.000000
16.892283	0.640	425,750.000000
16.902950	0.640	357,005.000000
16.913617	0.640	306,423.000000
16.924283	0.640	267,468.000000
16.934950	0.640	240,666.000000
16.945617	0.640	222,321.000000
16.956283	0.640	205,977.000000
16.966950	0.640	189,899.000000
16.977617	0.640	178,101.000000
16.988283	0.640	173,435.000000
16.998950	0.640	174,679.000000
17.009617	0.640	179,172.000000
17.020283	0.640	183,962.000000
17.030950	0.640	187,473.000000
17.041617	0.640	193,173.000000
17.052283	0.640	206,063.000000
17.062950	0.640	227,118.000000
17.073617	0.640	255,599.000000
17.084283	0.640	290,955.000000
17.094950	0.640	336,399.000000
17.105617	0.640	404,859.000000
17.116283	0.640	511,654.000000
17.126950	0.640	665,242.000000
17.137617	0.640	872,420.000000
17.148283	0.640	1,140,737.000000
17.158950	0.640	1,465,190.000000
17.169617	0.640	1,813,792.000000
17.180283	0.640	2,132,566.000000
17.190950	0.640	2,362,959.000000
17.201617	0.640	2,456,501.000000
17.212283	0.640	2,394,089.000000
17.222950	0.640	2,191,797.000000
17.233617	0.640	1,880,556.000000
17.244283	0.640	1,504,120.000000
17.254950	0.640	1,129,083.000000
17.265617	0.640	814,169.000000
17.276283	0.640	577,671.000000
17.286950	0.640	412,990.000000
17.297617	0.640	308,619.000000
17.308283	0.640	247,949.000000
17.318950	0.640	213,696.000000
17.329617	0.640	194,002.000000
17.340283	0.640	181,274.000000
17.350950	0.640	172,633.000000
17.361617	0.640	169,271.000000
17.372283	0.640	170,313.000000
17.382950	0.640	171,665.000000
17.393617	0.640	170,463.000000
17.404283	0.640	167,375.000000
17.414950	0.640	167,083.000000
17.425617	0.640	173,485.000000
17.436283	0.640	183,772.000000
17.446950	0.640	193,937.000000
17.457617	0.640	204,421.000000
17.468283	0.640	216,241.000000
17.478950	0.640	230,033.000000
17.489617	0.640	246,338.000000
17.500283	0.640	263,907.000000
17.510950	0.640	282,259.000000
17.521617	0.640	301,814.000000
17.532283	0.640	320,762.000000
17.542950	0.640	337,612.000000
17.553617	0.640	355,778.000000
17.564283	0.640	383,087.000000
17.574950	0.640	426,513.000000
17.585617	0.640	484,453.000000
17.596283	0.640	542,618.000000
17.606950	0.640	581,212.000000
17.617617	0.640	588,070.000000
17.628283	0.640	562,810.000000
17.638950	0.640	512,293.000000
17.649617	0.640	449,488.000000
17.660283	0.640	389,756.000000
17.670950	0.640	341,841.000000
17.681617	0.640	308,401.000000
17.692283	0.640	288,607.000000
17.702950	0.640	276,518.000000
17.713617	0.640	267,406.000000
17.724283	0.640	261,960.000000
17.734950	0.640	260,752.000000
17.745617	0.640	261,721.000000
17.756283	0.640	262,350.000000
17.766950	0.640	261,846.000000
17.777617	0.640	261,816.000000
17.788283	0.640	263,424.000000
17.798950	0.640	264,783.000000
17.809617	0.640	264,548.000000
17.820283	0.640	265,841.000000
17.830950	0.640	271,302.000000
17.841617	0.640	277,928.000000
17.852283	0.640	282,324.000000
17.862950	0.640	285,738.000000
17.873617	0.640	289,994.000000
17.884283	0.640	294,019.000000
17.894950	0.640	296,848.000000
17.905617	0.640	299,117.000000
17.916283	0.640	301,622.000000
17.926950	0.640	304,895.000000
17.937617	0.640	307,630.000000
17.948283	0.640	308,628.000000
17.958950	0.640	309,792.000000
17.969617	0.640	311,833.000000
17.980283	0.640	312,750.000000
17.990950	0.640	313,427.000000
18.001617	0.640	317,817.000000
18.012283	0.640	326,281.000000
18.022950	0.640	335,907.000000
18.033617	0.640	345,271.000000
18.044283	0.640	353,252.000000
18.054950	0.640	360,828.000000
18.065617	0.640	371,429.000000
18.076283	0.640	385,518.000000
18.086950	0.640	405,286.000000
18.097617	0.640	436,849.000000
18.108283	0.640	481,212.000000
18.118950	0.640	539,180.000000
18.129617	0.640	620,639.000000
18.140283	0.640	740,316.000000
18.150950	0.640	914,952.000000
18.161617	0.640	1,154,807.000000
18.172283	0.640	1,460,151.000000
18.182950	0.640	1,851,476.000000
18.193617	0.640	2,383,147.000000
18.204283	0.640	3,102,606.000000
18.214950	0.640	4,033,114.000000
18.225617	0.640	5,226,901.000000
18.236283	0.640	6,801,087.000000
18.246950	0.640	8,927,287.000000
18.257617	0.640	11,854,504.000000
18.268283	0.640	15,930,063.000000
18.278950	0.640	21,542,460.000000
18.289617	0.640	28,974,425.000000
18.300283	0.640	38,140,335.000000
18.310950	0.640	48,314,323.000000
18.321617	0.640	58,068,242.000000
18.332283	0.640	65,540,172.000000
18.342950	0.640	68,985,573.000000
18.353617	0.640	67,419,397.000000
18.364283	0.640	61,076,271.000000
18.374950	0.640	51,338,800.000000
18.385617	0.640	40,133,127.000000
18.396283	0.640	29,283,178.000000
18.406950	0.640	20,084,960.000000
18.417617	0.640	13,098,250.000000
18.428283	0.640	8,241,516.000000
18.438950	0.640	5,096,840.000000
18.449617	0.640	3,174,186.000000
18.460283	0.640	2,052,515.000000
18.470950	0.640	1,428,726.000000
18.481617	0.640	1,103,896.000000
18.492283	0.640	960,784.000000
18.502950	0.640	945,928.000000
18.513617	0.640	1,033,185.000000
18.524283	0.640	1,203,822.000000
18.534950	0.640	1,456,477.000000
18.545617	0.640	1,805,841.000000
18.556283	0.640	2,276,285.000000
18.566950	0.640	2,915,691.000000
18.577617	0.640	3,816,386.000000
18.588283	0.640	5,117,350.000000
18.598950	0.640	6,981,664.000000
18.609617	0.640	9,546,730.000000
18.620283	0.640	12,831,663.000000
18.630950	0.640	16,618,118.000000
18.641617	0.640	20,388,987.000000
18.652283	0.640	23,420,152.000000
18.662950	0.640	25,011,863.000000
18.673617	0.640	24,745,699.000000
18.684283	0.640	22,648,982.000000
18.694950	0.640	19,182,858.000000
18.705617	0.640	15,062,002.000000
18.716283	0.640	11,009,399.000000
18.726950	0.640	7,551,124.000000
18.737617	0.640	4,918,622.000000
18.748283	0.640	3,087,904.000000
18.758950	0.640	1,904,253.000000
18.769617	0.640	1,184,579.000000
18.780283	0.640	760,870.000000
18.790950	0.640	506,077.000000
18.801617	0.640	347,846.000000
18.812283	0.640	251,383.000000
18.822950	0.640	196,195.000000
18.833617	0.640	167,158.000000
18.844283	0.640	151,751.000000
18.854950	0.640	143,069.000000
18.865617	0.640	140,266.000000
18.876283	0.640	142,359.000000
18.886950	0.640	147,780.000000
18.897617	0.640	156,730.000000
18.908283	0.640	169,786.000000
18.918950	0.640	187,263.000000
18.929617	0.640	210,833.000000
18.940283	0.640	241,948.000000
18.950950	0.640	279,350.000000
18.961617	0.640	324,272.000000
18.972283	0.640	383,719.000000
18.982950	0.640	461,037.000000
18.993617	0.640	552,604.000000
19.004283	0.640	662,543.000000
19.014950	0.640	810,531.000000
19.025617	0.640	1,023,714.000000
19.036283	0.640	1,331,311.000000
19.046950	0.640	1,758,228.000000
19.057617	0.640	2,313,940.000000
19.068283	0.640	2,990,409.000000
19.078950	0.640	3,754,648.000000
19.089617	0.640	4,526,184.000000
19.100283	0.640	5,176,087.000000
19.110950	0.640	5,570,078.000000
19.121617	0.640	5,624,560.000000
19.132283	0.640	5,324,859.000000
19.142950	0.640	4,715,702.000000
19.153617	0.640	3,904,657.000000
19.164283	0.640	3,039,287.000000
19.174950	0.640	2,241,491.000000
19.185617	0.640	1,576,511.000000
19.196283	0.640	1,069,701.000000
19.206950	0.640	716,531.000000
19.217617	0.640	487,986.000000
19.228283	0.640	346,992.000000
19.238950	0.640	261,031.000000
19.249617	0.640	207,957.000000
19.260283	0.640	175,692.000000
19.270950	0.640	156,242.000000
19.281617	0.640	144,460.000000
19.292283	0.640	138,767.000000
19.302950	0.640	136,869.000000
19.313617	0.640	134,703.000000
19.324283	0.640	131,075.000000
19.334950	0.640	129,493.000000
19.345617	0.640	133,378.000000
19.356283	0.640	139,969.000000
19.366950	0.640	143,104.000000
19.377617	0.640	141,505.000000
19.388283	0.640	139,043.000000
19.398950	0.640	138,516.000000
19.409617	0.640	138,941.000000
19.420283	0.640	138,983.000000
19.430950	0.640	140,521.000000
19.441617	0.640	145,259.000000
19.452283	0.640	150,839.000000
19.462950	0.640	155,305.000000
19.473617	0.640	160,556.000000
19.484283	0.640	167,048.000000
19.494950	0.640	171,674.000000
19.505617	0.640	173,173.000000
19.516283	0.640	173,113.000000
19.526950	0.640	172,288.000000
19.537617	0.640	170,026.000000
19.548283	0.640	166,033.000000
19.558950	0.640	161,795.000000
19.569617	0.640	158,987.000000
19.580283	0.640	157,165.000000
19.590950	0.640	155,402.000000
19.601617	0.640	154,708.000000
19.612283	0.640	156,170.000000
19.622950	0.640	159,532.000000
19.633617	0.640	164,382.000000
19.644283	0.640	170,577.000000
19.654950	0.640	178,359.000000
19.665617	0.640	187,174.000000
19.676283	0.640	196,318.000000
19.686950	0.640	206,920.000000
19.697617	0.640	219,362.000000
19.708283	0.640	232,485.000000
19.718950	0.640	246,085.000000
19.729617	0.640	261,466.000000
19.740283	0.640	281,148.000000
19.750950	0.640	306,672.000000
19.761617	0.640	337,543.000000
19.772283	0.640	374,032.000000
19.782950	0.640	418,267.000000
19.793617	0.640	472,470.000000
19.804283	0.640	537,125.000000
19.814950	0.640	614,087.000000
19.825617	0.640	709,751.000000
19.836283	0.640	825,202.000000
19.846950	0.640	950,690.000000
19.857617	0.640	1,077,516.000000
19.868283	0.640	1,202,183.000000
19.878950	0.640	1,316,915.000000
19.889617	0.640	1,404,666.000000
19.900283	0.640	1,449,613.000000
19.910950	0.640	1,448,866.000000
19.921617	0.640	1,403,450.000000
19.932283	0.640	1,313,220.000000
19.942950	0.640	1,188,058.000000
19.953617	0.640	1,043,090.000000
19.964283	0.640	887,895.000000
19.974950	0.640	733,137.000000
19.985617	0.640	592,402.000000
19.996283	0.640	472,590.000000
20.006950	0.640	374,540.000000
20.017617	0.640	297,202.000000
20.028283	0.640	235,613.000000
20.038950	0.640	185,823.000000
20.049617	0.640	149,826.000000
20.060283	0.640	128,332.000000
20.070950	0.640	115,128.000000
20.081617	0.640	103,731.000000
20.092283	0.640	94,105.000000
20.102950	0.640	87,840.000000
20.113617	0.640	83,231.000000
20.124283	0.640	79,081.000000
20.134950	0.640	77,267.000000
20.145617	0.640	78,684.000000
20.156283	0.640	80,623.000000
20.166950	0.640	80,988.000000
20.177617	0.640	81,499.000000
20.188283	0.640	83,654.000000
20.198950	0.640	84,718.000000
20.209617	0.640	82,193.000000
20.220283	0.640	79,659.000000
20.230950	0.640	80,733.000000
20.241617	0.640	82,097.000000
20.252283	0.640	80,120.000000
20.262950	0.640	76,034.000000
20.273617	0.640	71,592.000000
20.284283	0.640	67,399.000000
20.294950	0.640	64,128.000000
20.305617	0.640	61,844.000000
20.316283	0.640	59,437.000000
20.326950	0.640	55,672.000000
20.337617	0.640	51,800.000000
20.348283	0.640	50,814.000000
20.358950	0.640	53,210.000000
20.369617	0.640	56,295.000000
20.380283	0.640	56,966.000000
20.390950	0.640	55,039.000000
20.401617	0.640	53,043.000000
20.412283	0.640	52,029.000000
20.422950	0.640	51,594.000000
20.433617	0.640	52,158.000000
20.444283	0.640	53,283.000000
20.454950	0.640	53,673.000000
20.465617	0.640	53,601.000000
20.476283	0.640	53,909.000000
20.486950	0.640	54,383.000000
20.497617	0.640	54,408.000000
20.508283	0.640	53,406.000000
20.518950	0.640	51,772.000000
20.529617	0.640	51,069.000000
20.540283	0.640	51,620.000000
20.550950	0.640	52,193.000000
20.561617	0.640	51,776.000000
20.572283	0.640	50,761.000000
20.582950	0.640	50,790.000000
20.593617	0.640	51,928.000000
20.604283	0.640	52,865.000000
20.614950	0.640	54,487.000000
20.625617	0.640	57,627.000000
20.636283	0.640	60,011.000000
20.646950	0.640	60,701.000000
20.657617	0.640	61,939.000000
20.668283	0.640	64,749.000000
20.678950	0.640	69,405.000000
20.689617	0.640	77,134.000000
20.700283	0.640	86,754.000000
20.710950	0.640	95,868.000000
20.721617	0.640	105,292.000000
20.732283	0.640	117,088.000000
20.742950	0.640	131,784.000000
20.753617	0.640	148,702.000000
20.764283	0.640	166,285.000000
20.774950	0.640	185,443.000000
20.785617	0.640	211,116.000000
20.796283	0.640	246,848.000000
20.806950	0.640	291,712.000000
20.817617	0.640	343,841.000000
20.828283	0.640	404,962.000000
20.838950	0.640	480,450.000000
20.849617	0.640	577,312.000000
20.860283	0.640	701,211.000000
20.870950	0.640	850,109.000000
20.881617	0.640	1,014,566.000000
20.892283	0.640	1,183,895.000000
20.902950	0.640	1,347,742.000000
20.913617	0.640	1,495,652.000000
20.924283	0.640	1,614,351.000000
20.934950	0.640	1,687,841.000000
20.945617	0.640	1,709,618.000000
20.956283	0.640	1,686,069.000000
20.966950	0.640	1,623,032.000000
20.977617	0.640	1,528,268.000000
20.988283	0.640	1,419,500.000000
20.998950	0.640	1,311,667.000000
21.009617	0.640	1,214,271.000000
21.020283	0.640	1,142,606.000000
21.030950	0.640	1,110,674.000000
21.041617	0.640	1,120,728.000000
21.052283	0.640	1,170,434.000000
21.062950	0.640	1,259,851.000000
21.073617	0.640	1,387,875.000000
21.084283	0.640	1,550,512.000000
21.094950	0.640	1,745,422.000000
21.105617	0.640	1,975,949.000000
21.116283	0.640	2,247,312.000000
21.126950	0.640	2,564,925.000000
21.137617	0.640	2,941,613.000000
21.148283	0.640	3,386,642.000000
21.158950	0.640	3,886,813.000000
21.169617	0.640	4,414,707.000000
21.180283	0.640	4,937,703.000000
21.190950	0.640	5,414,852.000000
21.201617	0.640	5,798,569.000000
21.212283	0.640	6,038,231.000000
21.222950	0.640	6,093,811.000000
21.233617	0.640	5,950,431.000000
21.244283	0.640	5,620,436.000000
21.254950	0.640	5,134,085.000000
21.265617	0.640	4,529,521.000000
21.276283	0.640	3,860,076.000000
21.286950	0.640	3,187,735.000000
21.297617	0.640	2,556,359.000000
21.308283	0.640	1,988,976.000000
21.318950	0.640	1,502,633.000000
21.329617	0.640	1,110,435.000000
21.340283	0.640	810,872.000000
21.350950	0.640	586,309.000000
21.361617	0.640	420,258.000000
21.372283	0.640	306,791.000000
21.382950	0.640	237,083.000000
21.393617	0.640	192,956.000000
21.404283	0.640	160,674.000000
21.414950	0.640	137,487.000000
21.425617	0.640	123,800.000000
21.436283	0.640	118,902.000000
21.446950	0.640	120,441.000000
21.457617	0.640	123,744.000000
21.468283	0.640	125,521.000000
21.478950	0.640	126,081.000000
21.489617	0.640	126,057.000000
21.500283	0.640	125,006.000000
21.510950	0.640	122,624.000000
21.521617	0.640	118,622.000000
21.532283	0.640	112,810.000000
21.542950	0.640	105,595.000000
21.553617	0.640	97,357.000000
21.564283	0.640	88,680.000000
21.574950	0.640	81,303.000000
21.585617	0.640	76,521.000000
21.596283	0.640	72,696.000000
21.606950	0.640	67,640.000000
21.617617	0.640	62,449.000000
21.628283	0.640	59,439.000000
21.638950	0.640	58,807.000000
21.649617	0.640	59,056.000000
21.660283	0.640	58,505.000000
21.670950	0.640	57,189.000000
21.681617	0.640	57,013.000000
21.692283	0.640	58,244.000000
21.702950	0.640	59,449.000000
21.713617	0.640	60,368.000000
21.724283	0.640	60,391.000000
21.734950	0.640	58,373.000000
21.745617	0.640	56,004.000000
21.756283	0.640	55,972.000000
21.766950	0.640	57,647.000000
21.777617	0.640	59,061.000000
21.788283	0.640	59,570.000000
21.798950	0.640	58,421.000000
21.809617	0.640	56,099.000000
21.820283	0.640	55,241.000000
21.830950	0.640	56,965.000000
21.841617	0.640	59,833.000000
21.852283	0.640	61,880.000000
21.862950	0.640	62,492.000000
21.873617	0.640	62,491.000000
21.884283	0.640	62,243.000000
21.894950	0.640	61,679.000000
21.905617	0.640	61,041.000000
21.916283	0.640	60,734.000000
21.926950	0.640	61,168.000000
21.937617	0.640	62,119.000000
21.948283	0.640	63,260.000000
21.958950	0.640	63,882.000000
21.969617	0.640	62,643.000000
21.980283	0.640	61,105.000000
21.990950	0.640	62,725.000000
22.001617	0.640	65,970.000000
22.012283	0.640	66,619.000000
22.022950	0.640	65,922.000000
22.033617	0.640	67,168.000000
22.044283	0.640	68,739.000000
22.054950	0.640	68,279.000000
22.065617	0.640	67,466.000000
22.076283	0.640	68,190.000000
22.086950	0.640	69,243.000000
22.097617	0.640	69,270.000000
22.108283	0.640	69,270.000000
22.118950	0.640	70,593.000000
22.129617	0.640	73,129.000000
22.140283	0.640	75,784.000000
22.150950	0.640	78,088.000000
22.161617	0.640	81,398.000000
22.172283	0.640	87,009.000000
22.182950	0.640	94,556.000000
22.193617	0.640	102,761.000000
22.204283	0.640	110,571.000000
22.214950	0.640	118,697.000000
22.225617	0.640	128,945.000000
22.236283	0.640	141,958.000000
22.246950	0.640	156,104.000000
22.257617	0.640	170,546.000000
22.268283	0.640	189,304.000000
22.278950	0.640	216,570.000000
22.289617	0.640	251,968.000000
22.300283	0.640	292,340.000000
22.310950	0.640	332,897.000000
22.321617	0.640	372,611.000000
22.332283	0.640	417,331.000000
22.342950	0.640	472,713.000000
22.353617	0.640	541,558.000000
22.364283	0.640	624,207.000000
22.374950	0.640	718,906.000000
22.385617	0.640	828,134.000000
22.396283	0.640	960,325.000000
22.406950	0.640	1,126,374.000000
22.417617	0.640	1,334,208.000000
22.428283	0.640	1,586,856.000000
22.438950	0.640	1,892,270.000000
22.449617	0.640	2,261,611.000000
22.460283	0.640	2,695,523.000000
22.470950	0.640	3,184,618.000000
22.481617	0.640	3,718,335.000000
22.492283	0.640	4,280,061.000000
22.502950	0.640	4,829,330.000000
22.513617	0.640	5,310,821.000000
22.524283	0.640	5,686,507.000000
22.534950	0.640	5,935,636.000000
22.545617	0.640	6,031,685.000000
22.556283	0.640	5,951,205.000000
22.566950	0.640	5,702,931.000000
22.577617	0.640	5,315,291.000000
22.588283	0.640	4,810,410.000000
22.598950	0.640	4,220,347.000000
22.609617	0.640	3,593,866.000000
22.620283	0.640	2,970,980.000000
22.630950	0.640	2,378,093.000000
22.641617	0.640	1,843,767.000000
22.652283	0.640	1,395,115.000000
22.662950	0.640	1,038,451.000000
22.673617	0.640	761,298.000000
22.684283	0.640	550,089.000000
22.694950	0.640	394,655.000000
22.705617	0.640	284,839.000000
22.716283	0.640	209,050.000000
22.726950	0.640	156,944.000000
22.737617	0.640	122,808.000000
22.748283	0.640	101,650.000000
22.758950	0.640	87,586.000000
22.769617	0.640	78,209.000000
22.780283	0.640	73,242.000000
22.790950	0.640	70,489.000000
22.801617	0.640	67,788.000000
22.812283	0.640	66,189.000000
22.822950	0.640	67,432.000000
22.833617	0.640	70,712.000000
22.844283	0.640	73,927.000000
22.854950	0.640	75,523.000000
22.865617	0.640	76,184.000000
22.876283	0.640	78,230.000000
22.886950	0.640	82,709.000000
22.897617	0.640	89,486.000000
22.908283	0.640	97,179.000000
22.918950	0.640	104,176.000000
22.929617	0.640	111,949.000000
22.940283	0.640	123,662.000000
22.950950	0.640	140,274.000000
22.961617	0.640	160,428.000000
22.972283	0.640	183,022.000000
22.982950	0.640	209,643.000000
22.993617	0.640	244,507.000000
23.004283	0.640	289,211.000000
23.014950	0.640	341,087.000000
23.025617	0.640	400,876.000000
23.036283	0.640	474,328.000000
23.046950	0.640	567,544.000000
23.057617	0.640	686,794.000000
23.068283	0.640	832,999.000000
23.078950	0.640	1,001,989.000000
23.089617	0.640	1,200,069.000000
23.100283	0.640	1,443,526.000000
23.110950	0.640	1,744,953.000000
23.121617	0.640	2,117,292.000000
23.132283	0.640	2,588,047.000000
23.142950	0.640	3,197,111.000000
23.153617	0.640	3,986,045.000000
23.164283	0.640	5,008,284.000000
23.174950	0.640	6,328,768.000000
23.185617	0.640	7,973,837.000000
23.196283	0.640	9,885,902.000000
23.206950	0.640	11,942,557.000000
23.217617	0.640	13,992,926.000000
23.228283	0.640	15,843,455.000000
23.238950	0.640	17,249,659.000000
23.249617	0.640	17,972,139.000000
23.260283	0.640	17,852,470.000000
23.270950	0.640	16,882,903.000000
23.281617	0.640	15,202,486.000000
23.292283	0.640	13,019,234.000000
23.302950	0.640	10,591,946.000000
23.313617	0.640	8,202,361.000000
23.324283	0.640	6,062,621.000000
23.334950	0.640	4,289,293.000000
23.345617	0.640	2,921,505.000000
23.356283	0.640	1,929,448.000000
23.366950	0.640	1,246,381.000000
23.377617	0.640	801,724.000000
23.388283	0.640	530,303.000000
23.398950	0.640	373,381.000000
23.409617	0.640	284,305.000000
23.420283	0.640	234,292.000000
23.430950	0.640	208,437.000000
23.441617	0.640	194,934.000000
23.452283	0.640	183,115.000000
23.462950	0.640	170,330.000000
23.473617	0.640	159,411.000000
23.484283	0.640	149,464.000000
23.494950	0.640	138,357.000000
23.505617	0.640	128,382.000000
23.516283	0.640	121,056.000000
23.526950	0.640	114,583.000000
23.537617	0.640	109,636.000000
23.548283	0.640	108,344.000000
23.558950	0.640	109,610.000000
23.569617	0.640	112,087.000000
23.580283	0.640	115,512.000000
23.590950	0.640	117,006.000000
23.601617	0.640	113,787.000000
23.612283	0.640	107,887.000000
23.622950	0.640	101,940.000000
23.633617	0.640	95,507.000000
23.644283	0.640	88,985.000000
23.654950	0.640	84,134.000000
23.665617	0.640	80,075.000000
23.676283	0.640	75,000.000000
23.686950	0.640	70,957.000000
23.697617	0.640	71,029.000000
23.708283	0.640	73,694.000000
23.718950	0.640	74,913.000000
23.729617	0.640	73,624.000000
23.740283	0.640	72,249.000000
23.750950	0.640	72,633.000000
23.761617	0.640	73,532.000000
23.772283	0.640	72,804.000000
23.782950	0.640	71,447.000000
23.793617	0.640	73,025.000000
23.804283	0.640	77,492.000000
23.814950	0.640	80,654.000000
23.825617	0.640	80,667.000000
23.836283	0.640	79,832.000000
23.846950	0.640	79,849.000000
23.857617	0.640	78,435.000000
23.868283	0.640	74,457.000000
23.878950	0.640	72,084.000000
23.889617	0.640	73,165.000000
23.900283	0.640	73,677.000000
23.910950	0.640	72,357.000000
23.921617	0.640	73,359.000000
23.932283	0.640	77,770.000000
23.942950	0.640	80,956.000000
23.953617	0.640	80,537.000000
23.964283	0.640	79,864.000000
23.974950	0.640	82,493.000000
23.985617	0.640	87,962.000000
23.996283	0.640	93,481.000000
24.006950	0.640	97,589.000000
24.017617	0.640	100,865.000000
24.028283	0.640	103,636.000000
24.038950	0.640	104,907.000000
24.049617	0.640	105,184.000000
24.060283	0.640	106,700.000000
24.070950	0.640	108,258.000000
24.081617	0.640	107,061.000000
24.092283	0.640	104,579.000000
24.102950	0.640	102,802.000000
24.113617	0.640	100,050.000000
24.124283	0.640	95,004.000000
24.134950	0.640	89,684.000000
24.145617	0.640	86,545.000000
24.156283	0.640	85,560.000000
24.166950	0.640	84,918.000000
24.177617	0.640	83,276.000000
24.188283	0.640	81,649.000000
24.198950	0.640	82,093.000000
24.209617	0.640	84,000.000000
24.220283	0.640	84,990.000000
24.230950	0.640	85,245.000000
24.241617	0.640	87,527.000000
24.252283	0.640	92,724.000000
24.262950	0.640	97,369.000000
24.273617	0.640	98,851.000000
24.284283	0.640	100,908.000000
24.294950	0.640	107,602.000000
24.305617	0.640	117,856.000000
24.316283	0.640	129,784.000000
24.326950	0.640	141,292.000000
24.337617	0.640	149,559.000000
24.348283	0.640	155,213.000000
24.358950	0.640	162,299.000000
24.369617	0.640	177,419.000000
24.380283	0.640	209,437.000000
24.390950	0.640	267,152.000000
24.401617	0.640	361,117.000000
24.412283	0.640	506,841.000000
24.422950	0.640	725,864.000000
24.433617	0.640	1,048,155.000000
24.444283	0.640	1,516,034.000000
24.454950	0.640	2,189,237.000000
24.465617	0.640	3,152,105.000000
24.476283	0.640	4,542,440.000000
24.486950	0.640	6,617,534.000000
24.497617	0.640	9,788,494.000000
24.508283	0.640	14,506,238.000000
24.518950	0.640	20,947,543.000000
24.529617	0.640	28,542,414.000000
24.540283	0.640	35,664,491.000000
24.550950	0.640	40,073,644.000000
24.561617	0.640	40,081,063.000000
24.572283	0.640	35,538,589.000000
24.582950	0.640	27,934,393.000000
24.593617	0.640	19,569,784.000000
24.604283	0.640	12,390,220.000000
24.614950	0.640	7,282,002.000000
24.625617	0.640	4,144,356.000000
24.636283	0.640	2,399,933.000000
24.646950	0.640	1,464,007.000000
24.657617	0.640	945,465.000000
24.668283	0.640	638,227.000000
24.678950	0.640	447,228.000000
24.689617	0.640	326,938.000000
24.700283	0.640	250,487.000000
24.710950	0.640	202,876.000000
24.721617	0.640	176,676.000000
24.732283	0.640	165,236.000000
24.742950	0.640	162,530.000000
24.753617	0.640	166,286.000000
24.764283	0.640	176,232.000000
24.774950	0.640	188,445.000000
24.785617	0.640	196,085.000000
24.796283	0.640	197,326.000000
24.806950	0.640	195,565.000000
24.817617	0.640	193,567.000000
24.828283	0.640	194,706.000000
24.838950	0.640	202,676.000000
24.849617	0.640	216,185.000000
24.860283	0.640	232,812.000000
24.870950	0.640	254,764.000000
24.881617	0.640	285,416.000000
24.892283	0.640	328,778.000000
24.902950	0.640	389,203.000000
24.913617	0.640	468,561.000000
24.924283	0.640	576,884.000000
24.934950	0.640	740,657.000000
24.945617	0.640	996,404.000000
24.956283	0.640	1,405,523.000000
24.966950	0.640	2,114,983.000000
24.977617	0.640	3,432,889.000000
24.988283	0.640	5,777,647.000000
24.998950	0.640	9,283,698.000000
25.009617	0.640	13,209,055.000000
25.020283	0.640	15,913,740.000000
25.030950	0.640	15,912,809.000000
25.041617	0.640	13,163,139.000000
25.052283	0.640	9,150,629.000000
25.062950	0.640	5,640,791.000000
25.073617	0.640	3,457,563.000000
25.084283	0.640	2,387,454.000000
25.094950	0.640	1,868,754.000000
25.105617	0.640	1,521,336.000000
25.116283	0.640	1,217,908.000000
25.126950	0.640	965,720.000000
25.137617	0.640	801,139.000000
25.148283	0.640	737,109.000000
25.158950	0.640	756,915.000000
25.169617	0.640	824,177.000000
25.180283	0.640	884,916.000000
25.190950	0.640	878,186.000000
25.201617	0.640	775,020.000000
25.212283	0.640	605,600.000000
25.222950	0.640	433,010.000000
25.233617	0.640	303,817.000000
25.244283	0.640	226,216.000000
25.254950	0.640	184,501.000000
25.265617	0.640	161,142.000000
25.276283	0.640	144,920.000000
25.286950	0.640	131,606.000000
25.297617	0.640	122,431.000000
25.308283	0.640	117,943.000000
25.318950	0.640	114,809.000000
25.329617	0.640	111,281.000000
25.340283	0.640	109,223.000000
25.350950	0.640	108,913.000000
25.361617	0.640	109,896.000000
25.372283	0.640	114,626.000000
25.382950	0.640	125,275.000000
25.393617	0.640	140,126.000000
25.404283	0.640	158,584.000000
25.414950	0.640	190,311.000000
25.425617	0.640	250,932.000000
25.436283	0.640	346,861.000000
25.446950	0.640	467,885.000000
25.457617	0.640	585,884.000000
25.468283	0.640	659,979.000000
25.478950	0.640	660,827.000000
25.489617	0.640	593,746.000000
25.500283	0.640	489,917.000000
25.510950	0.640	386,561.000000
25.521617	0.640	317,280.000000
25.532283	0.640	304,214.000000
25.542950	0.640	354,801.000000
25.553617	0.640	456,935.000000
25.564283	0.640	571,106.000000
25.574950	0.640	640,701.000000
25.585617	0.640	625,356.000000
25.596283	0.640	531,598.000000
25.606950	0.640	406,202.000000
25.617617	0.640	297,937.000000
25.628283	0.640	229,099.000000
25.638950	0.640	195,194.000000
25.649617	0.640	179,283.000000
25.660283	0.640	166,985.000000
25.670950	0.640	154,161.000000
25.681617	0.640	141,562.000000
25.692283	0.640	128,767.000000
25.702950	0.640	117,032.000000
25.713617	0.640	108,952.000000
25.724283	0.640	105,251.000000
25.734950	0.640	105,122.000000
25.745617	0.640	105,495.000000
25.756283	0.640	104,339.000000
25.766950	0.640	104,843.000000
25.777617	0.640	108,224.000000
25.788283	0.640	110,202.000000
25.798950	0.640	110,674.000000
25.809617	0.640	114,602.000000
25.820283	0.640	121,982.000000
25.830950	0.640	128,408.000000
25.841617	0.640	135,723.000000
25.852283	0.640	152,760.000000
25.862950	0.640	185,261.000000
25.873617	0.640	235,647.000000
25.884283	0.640	310,624.000000
25.894950	0.640	423,965.000000
25.905617	0.640	604,324.000000
25.916283	0.640	918,396.000000
25.926950	0.640	1,513,141.000000
25.937617	0.640	2,632,730.000000
25.948283	0.640	4,503,834.000000
25.958950	0.640	7,036,757.000000
25.969617	0.640	9,528,723.000000
25.980283	0.640	10,854,731.000000
25.990950	0.640	10,296,062.000000
26.001617	0.640	8,197,083.000000
26.012283	0.640	5,640,355.000000
26.022950	0.640	3,557,255.000000
26.033617	0.640	2,262,929.000000
26.044283	0.640	1,662,336.000000
26.054950	0.640	1,634,905.000000
26.065617	0.640	2,205,496.000000
26.076283	0.640	3,477,851.000000
26.086950	0.640	5,342,374.000000
26.097617	0.640	7,121,550.000000
26.108283	0.640	7,736,192.000000
26.118950	0.640	6,603,186.000000
26.129617	0.640	4,320,189.000000
26.140283	0.640	2,153,611.000000
26.150950	0.640	894,451.000000
26.161617	0.640	447,280.000000
26.172283	0.640	346,918.000000
26.182950	0.640	295,567.000000
26.193617	0.640	232,670.000000
26.204283	0.640	182,105.000000
26.214950	0.640	157,121.000000
26.225617	0.640	150,792.000000
26.236283	0.640	150,845.000000
26.246950	0.640	153,519.000000
26.257617	0.640	165,542.000000
26.268283	0.640	188,141.000000
26.278950	0.640	207,273.000000
26.289617	0.640	207,101.000000
26.300283	0.640	186,680.000000
26.310950	0.640	160,417.000000
26.321617	0.640	144,597.000000
26.332283	0.640	143,079.000000
26.342950	0.640	147,446.000000
26.353617	0.640	149,937.000000
26.364283	0.640	148,988.000000
26.374950	0.640	145,393.000000
26.385617	0.640	141,850.000000
26.396283	0.640	141,515.000000
26.406950	0.640	143,088.000000
26.417617	0.640	144,517.000000
26.428283	0.640	149,000.000000
26.438950	0.640	159,024.000000
26.449617	0.640	174,310.000000
26.460283	0.640	200,453.000000
26.470950	0.640	244,918.000000
26.481617	0.640	309,347.000000
26.492283	0.640	396,175.000000
26.502950	0.640	500,286.000000
26.513617	0.640	582,846.000000
26.524283	0.640	584,433.000000
26.534950	0.640	487,592.000000
26.545617	0.640	348,086.000000
26.556283	0.640	243,338.000000
26.566950	0.640	201,518.000000
26.577617	0.640	194,055.000000
26.588283	0.640	186,068.000000
26.598950	0.640	173,917.000000
26.609617	0.640	170,579.000000
26.620283	0.640	177,016.000000
26.630950	0.640	181,205.000000
26.641617	0.640	174,676.000000
26.652283	0.640	160,860.000000
26.662950	0.640	147,918.000000
26.673617	0.640	140,947.000000
26.684283	0.640	141,631.000000
26.694950	0.640	148,487.000000
26.705617	0.640	160,205.000000
26.716283	0.640	179,428.000000
26.726950	0.640	205,940.000000
26.737617	0.640	230,739.000000
26.748283	0.640	245,357.000000
26.758950	0.640	248,939.000000
26.769617	0.640	242,574.000000
26.780283	0.640	227,912.000000
26.790950	0.640	212,557.000000
26.801617	0.640	208,945.000000
26.812283	0.640	222,622.000000
26.822950	0.640	245,109.000000
26.833617	0.640	268,827.000000
26.844283	0.640	307,708.000000
26.854950	0.640	390,367.000000
26.865617	0.640	522,123.000000
26.876283	0.640	655,820.000000
26.886950	0.640	719,799.000000
26.897617	0.640	682,328.000000
26.908283	0.640	582,351.000000
26.918950	0.640	502,234.000000
26.929617	0.640	500,746.000000
26.940283	0.640	551,925.000000
26.950950	0.640	570,074.000000
26.961617	0.640	514,667.000000
26.972283	0.640	430,694.000000
26.982950	0.640	374,240.000000
26.993617	0.640	352,826.000000
27.004283	0.640	348,908.000000
27.014950	0.640	356,044.000000
27.025617	0.640	377,413.000000
27.036283	0.640	420,796.000000
27.046950	0.640	518,387.000000
27.057617	0.640	708,121.000000
27.068283	0.640	931,177.000000
27.078950	0.640	1,027,478.000000
27.089617	0.640	947,493.000000
27.100283	0.640	835,381.000000
27.110950	0.640	795,924.000000
27.121617	0.640	773,921.000000
27.132283	0.640	725,964.000000
27.142950	0.640	710,023.000000
27.153617	0.640	784,891.000000
27.164283	0.640	1,012,591.000000
27.174950	0.640	1,527,377.000000
27.185617	0.640	2,264,406.000000
27.196283	0.640	2,709,319.000000
27.206950	0.640	2,467,459.000000
27.217617	0.640	1,886,024.000000
27.228283	0.640	1,566,187.000000
27.238950	0.640	1,638,040.000000
27.249617	0.640	1,923,617.000000
27.260283	0.640	2,443,864.000000
27.270950	0.640	3,640,444.000000
27.281617	0.640	6,527,129.000000
27.292283	0.640	11,745,725.000000
27.302950	0.640	16,832,281.000000
27.313617	0.640	16,909,055.000000
27.324283	0.640	11,110,951.000000
27.334950	0.640	4,464,211.000000
27.345617	0.640	1,189,769.000000
27.356283	0.640	729,034.000000
27.366950	0.640	870,294.000000
27.377617	0.640	749,558.000000
27.388283	0.640	555,606.000000
27.398950	0.640	509,446.000000
27.409617	0.640	605,166.000000
27.420283	0.640	702,987.000000
27.430950	0.640	672,473.000000
27.441617	0.640	544,180.000000
27.452283	0.640	444,859.000000
27.462950	0.640	406,151.000000
27.473617	0.640	374,347.000000
27.484283	0.640	334,095.000000
27.494950	0.640	312,177.000000
27.505617	0.640	318,303.000000
27.516283	0.640	339,940.000000
27.526950	0.640	367,967.000000
27.537617	0.640	409,361.000000
27.548283	0.640	469,474.000000
27.558950	0.640	513,145.000000
27.569617	0.640	489,905.000000
27.580283	0.640	417,383.000000
27.590950	0.640	368,843.000000
27.601617	0.640	376,731.000000
27.612283	0.640	414,929.000000
27.622950	0.640	453,188.000000
27.633617	0.640	482,128.000000
27.644283	0.640	509,306.000000
27.654950	0.640	552,567.000000
27.665617	0.640	627,053.000000
27.676283	0.640	741,272.000000
27.686950	0.640	906,361.000000
27.697617	0.640	1,103,948.000000
27.708283	0.640	1,229,741.000000
27.718950	0.640	1,164,974.000000
27.729617	0.640	920,578.000000
27.740283	0.640	618,517.000000
27.750950	0.640	371,763.000000
27.761617	0.640	236,519.000000
27.772283	0.640	222,693.000000
27.782950	0.640	337,766.000000
27.793617	0.640	581,737.000000
27.804283	0.640	826,935.000000
27.814950	0.640	848,637.000000
27.825617	0.640	607,906.000000
27.836283	0.640	319,651.000000
27.846950	0.640	165,808.000000
27.857617	0.640	132,714.000000
27.868283	0.640	133,337.000000
27.878950	0.640	128,457.000000
27.889617	0.640	121,941.000000
27.900283	0.640	121,281.000000
27.910950	0.640	125,014.000000
27.921617	0.640	130,043.000000
27.932283	0.640	136,427.000000
27.942950	0.640	142,998.000000
27.953617	0.640	147,285.000000
27.964283	0.640	150,719.000000
27.974950	0.640	156,183.000000
27.985617	0.640	163,782.000000
27.996283	0.640	173,597.000000
28.006950	0.640	187,917.000000
28.017617	0.640	208,188.000000
28.028283	0.640	230,131.000000
28.038950	0.640	243,956.000000
28.049617	0.640	243,263.000000
28.060283	0.640	232,560.000000
28.070950	0.640	223,350.000000
28.081617	0.640	223,159.000000
28.092283	0.640	229,216.000000
28.102950	0.640	233,234.000000
28.113617	0.640	228,703.000000
28.124283	0.640	213,288.000000
28.134950	0.640	189,081.000000
28.145617	0.640	162,229.000000
28.156283	0.640	140,801.000000
28.166950	0.640	128,875.000000
28.177617	0.640	124,209.000000
28.188283	0.640	123,127.000000
28.198950	0.640	122,302.000000
28.209617	0.640	120,258.000000
28.220283	0.640	122,103.000000
28.230950	0.640	134,772.000000
28.241617	0.640	157,171.000000
28.252283	0.640	180,611.000000
28.262950	0.640	193,954.000000
28.273617	0.640	189,059.000000
28.284283	0.640	168,169.000000
28.294950	0.640	143,410.000000
28.305617	0.640	127,018.000000
28.316283	0.640	122,541.000000
28.326950	0.640	123,752.000000
28.337617	0.640	123,380.000000
28.348283	0.640	120,904.000000
28.358950	0.640	118,392.000000
28.369617	0.640	116,215.000000
28.380283	0.640	117,005.000000
28.390950	0.640	124,866.000000
28.401617	0.640	137,739.000000
28.412283	0.640	145,897.000000
28.422950	0.640	140,979.000000
28.433617	0.640	125,616.000000
28.444283	0.640	110,145.000000
28.454950	0.640	101,714.000000
28.465617	0.640	101,063.000000
28.476283	0.640	105,011.000000
28.486950	0.640	109,098.000000
28.497617	0.640	112,206.000000
28.508283	0.640	116,562.000000
28.518950	0.640	122,460.000000
28.529617	0.640	128,372.000000
28.540283	0.640	133,632.000000
28.550950	0.640	139,070.000000
28.561617	0.640	146,406.000000
28.572283	0.640	156,872.000000
28.582950	0.640	173,967.000000
28.593617	0.640	206,072.000000
28.604283	0.640	257,170.000000
28.614950	0.640	308,136.000000
28.625617	0.640	319,359.000000
28.636283	0.640	272,212.000000
28.646950	0.640	194,582.000000
28.657617	0.640	128,466.000000
28.668283	0.640	90,314.000000
28.678950	0.640	71,021.000000
28.689617	0.640	58,300.000000
28.700283	0.640	48,457.000000
28.710950	0.640	44,735.000000
28.721617	0.640	55,026.000000
28.732283	0.640	75,213.000000
28.742950	0.640	78,157.000000
28.753617	0.640	51,958.000000
28.764283	0.640	23,629.000000
28.774950	0.640	15,412.000000
28.785617	0.640	18,112.000000
28.796283	0.640	18,488.000000
28.806950	0.640	16,773.000000
28.817617	0.640	16,218.000000
28.828283	0.640	15,937.000000
28.838950	0.640	14,769.000000
28.849617	0.640	13,134.000000
28.860283	0.640	11,043.000000
28.870950	0.640	8,575.000000
28.881617	0.640	6,614.000000
28.892283	0.640	5,699.000000
28.902950	0.640	5,798.000000
28.913617	0.640	6,743.000000
28.924283	0.640	8,065.000000
28.934950	0.640	8,930.000000
28.945617	0.640	8,558.000000
28.956283	0.640	6,885.000000
28.966950	0.640	4,694.000000
28.977617	0.640	3,049.000000
28.988283	0.640	2,414.000000
28.998950	0.640	2,443.000000
29.009617	0.640	2,652.000000
29.020283	0.640	2,663.000000
29.030950	0.640	2,573.000000
29.041617	0.640	2,841.000000
29.052283	0.640	2,873.000000
29.062950	0.640	1,925.000000
29.073617	0.640	1,201.000000
29.084283	0.640	1,784.000000
29.094950	0.640	2,548.000000
29.105617	0.640	2,543.000000
29.116283	0.640	2,192.000000
29.126950	0.640	1,669.000000
29.137617	0.640	1,206.000000
29.148283	0.640	1,482.000000
29.158950	0.640	1,761.000000
29.169617	0.640	762.000000
29.180283	0.640	-476.000000
29.190950	0.640	-300.000000
29.201617	0.640	577.000000
29.212283	0.640	710.000000
29.222950	0.640	0.000000
29.233617	0.640	-1,103.000000
29.244283	0.640	-1,760.000000
29.254950	0.640	-1,361.000000
29.265617	0.640	-904.000000
29.276283	0.640	-1,103.000000
29.286950	0.640	-1,314.000000
29.297617	0.640	-1,135.000000
29.308283	0.640	-340.000000
29.318950	0.640	802.000000
29.329617	0.640	884.000000
29.340283	0.640	-487.000000
29.350950	0.640	-1,758.000000
29.361617	0.640	-1,947.000000
29.372283	0.640	-2,108.000000
29.382950	0.640	-2,843.000000
29.393617	0.640	-2,581.000000
29.404283	0.640	-1,182.000000
29.414950	0.640	-647.000000
29.425617	0.640	-784.000000
29.436283	0.640	-579.000000
29.446950	0.640	-794.000000
29.457617	0.640	-1,390.000000
29.468283	0.640	-1,583.000000
29.478950	0.640	-1,695.000000
29.489617	0.640	-2,012.000000
29.500283	0.640	-2,013.000000
29.510950	0.640	-1,310.000000
29.521617	0.640	-502.000000
29.532283	0.640	-413.000000
29.542950	0.640	-1,169.000000
29.553617	0.640	-2,620.000000
29.564283	0.640	-4,245.000000
29.574950	0.640	-4,964.000000
29.585617	0.640	-4,208.000000
29.596283	0.640	-2,669.000000
29.606950	0.640	-1,711.000000
29.617617	0.640	-1,967.000000
29.628283	0.640	-2,445.000000
29.638950	0.640	-2,091.000000
29.649617	0.640	-1,428.000000
29.660283	0.640	-1,060.000000
29.670950	0.640	-670.000000
29.681617	0.640	-322.000000
29.692283	0.640	-388.000000
29.702950	0.640	-899.000000
29.713617	0.640	-1,956.000000
29.724283	0.640	-2,790.000000
29.734950	0.640	-2,049.000000
29.745617	0.640	-508.000000
29.756283	0.640	-291.000000
29.766950	0.640	-1,524.000000
29.777617	0.640	-2,239.000000
29.788283	0.640	-1,398.000000
29.798950	0.640	-311.000000
29.809617	0.640	-256.000000
29.820283	0.640	-474.000000
29.830950	0.640	36.000000
29.841617	0.640	290.000000
29.852283	0.640	-835.000000
29.862950	0.640	-2,461.000000
29.873617	0.640	-3,454.000000
29.884283	0.640	-3,393.000000
29.894950	0.640	-2,219.000000
29.905617	0.640	-1,329.000000
29.916283	0.640	-2,075.000000
29.926950	0.640	-3,060.000000
29.937617	0.640	-2,647.000000
29.948283	0.640	-1,760.000000
29.958950	0.640	-1,397.000000
29.969617	0.640	-829.000000
29.980283	0.640	99.000000
29.990950	0.640	42.000000
30.001617	0.640	-1,190.000000
