File Path	chrom://nnfcb-l0495/ChromeleonLocal/20180320_AA_Lars Nielsen samples Vienna_lbpet.seq/880.smp/Emission_1.channel/Emission_1.chm
Channel	Emission_1

Injection Information:
Data Vault	ChromeleonLocal
Injection	20180320_Lars Nielsen samples Vienna_dx20_BA8
Injection Number	21
Position	BA8
Comment	
Processing Method	20171024_Calculated with IS_lbpet
Instrument Method	20161104_AA_GeminiC18_FinalVer7
Type	Unknown
Status	Finished
Injection Date	20-03-2018
Injection Time	22:32:50
Injection Volume (µl)	56.500
Dilution Factor	1.0000
Weight	1.0000

Raw Data Information:
Time Min. (min)	0.003933
Time Max. (min)	30.001600
Data Points	2813
Detector	FLD
Exporting Data System	Chromeleon 7.1.2.1478
Operator	
Signal Quantity	
Signal Unit	counts
Signal Min.	-4,607.000000
Signal Max.	70,751,702.000000
Channel	Emission_1
Driver Name	FLD3000.dll
Channel Type	Evaluation
Min. Step (s)	0.636
Max. Step (s)	0.820
Average Step (s)	0.640

Signal Parameter Information:
Signal Info	340 nm /450 nm

Raw Data:
Time (min)	Step (s)	Value (counts)
0.003933	0.000	0.000000
0.017600	0.820	0.000000
0.028267	0.640	0.000000
0.038933	0.640	-148.000000
0.049600	0.640	-554.000000
0.060267	0.640	-725.000000
0.070933	0.640	292.000000
0.081600	0.640	2,020.000000
0.092267	0.640	2,596.000000
0.102933	0.640	1,810.000000
0.113600	0.640	1,353.000000
0.124267	0.640	1,635.000000
0.134933	0.640	1,880.000000
0.145600	0.640	2,161.000000
0.156267	0.640	2,433.000000
0.166933	0.640	2,032.000000
0.177600	0.640	991.000000
0.188267	0.640	283.000000
0.198933	0.640	320.000000
0.209600	0.640	25.000000
0.220267	0.640	-897.000000
0.230933	0.640	-971.000000
0.241600	0.640	-146.000000
0.252267	0.640	-16.000000
0.262933	0.640	-353.000000
0.273600	0.640	70.000000
0.284267	0.640	471.000000
0.294933	0.640	-269.000000
0.305600	0.640	-1,270.000000
0.316267	0.640	-1,353.000000
0.326933	0.640	-650.000000
0.337600	0.640	285.000000
0.348267	0.640	1,173.000000
0.358933	0.640	1,772.000000
0.369600	0.640	2,048.000000
0.380267	0.640	2,234.000000
0.390933	0.640	1,742.000000
0.401600	0.640	-129.000000
0.412267	0.640	-1,807.000000
0.422933	0.640	-1,240.000000
0.433600	0.640	917.000000
0.444267	0.640	2,840.000000
0.454933	0.640	3,525.000000
0.465600	0.640	2,001.000000
0.476267	0.640	-1,703.000000
0.486933	0.640	-4,607.000000
0.497600	0.640	-3,914.000000
0.508267	0.640	-1,274.000000
0.518933	0.640	177.000000
0.529600	0.640	80.000000
0.540267	0.640	-764.000000
0.550933	0.640	-1,271.000000
0.561600	0.640	-219.000000
0.572267	0.640	1,550.000000
0.582933	0.640	2,403.000000
0.593600	0.640	2,032.000000
0.604267	0.640	1,380.000000
0.614933	0.640	1,526.000000
0.625600	0.640	1,891.000000
0.636267	0.640	1,732.000000
0.646933	0.640	1,863.000000
0.657600	0.640	2,557.000000
0.668267	0.640	2,972.000000
0.678933	0.640	2,388.000000
0.689600	0.640	829.000000
0.700267	0.640	-353.000000
0.710933	0.640	-123.000000
0.721600	0.640	569.000000
0.732267	0.640	673.000000
0.742933	0.640	735.000000
0.753600	0.640	1,459.000000
0.764267	0.640	1,838.000000
0.774933	0.640	319.000000
0.785600	0.640	-2,096.000000
0.796267	0.640	-2,453.000000
0.806933	0.640	-421.000000
0.817600	0.640	1,030.000000
0.828267	0.640	285.000000
0.838933	0.640	-1,065.000000
0.849600	0.640	-1,455.000000
0.860267	0.640	-867.000000
0.870933	0.640	367.000000
0.881600	0.640	1,069.000000
0.892267	0.640	29.000000
0.902933	0.640	-1,550.000000
0.913600	0.640	-1,981.000000
0.924267	0.640	-1,576.000000
0.934933	0.640	-1,061.000000
0.945600	0.640	-668.000000
0.956267	0.640	-605.000000
0.966933	0.640	-438.000000
0.977600	0.640	62.000000
0.988267	0.640	347.000000
0.998933	0.640	860.000000
1.009600	0.640	2,220.000000
1.020267	0.640	3,327.000000
1.030933	0.640	3,024.000000
1.041600	0.640	1,633.000000
1.052267	0.640	262.000000
1.062933	0.640	-105.000000
1.073600	0.640	597.000000
1.084267	0.640	1,527.000000
1.094933	0.640	1,873.000000
1.105600	0.640	1,047.000000
1.116267	0.640	-740.000000
1.126933	0.640	-1,798.000000
1.137600	0.640	-1,701.000000
1.148267	0.640	-2,223.000000
1.158933	0.640	-2,834.000000
1.169600	0.640	-1,271.000000
1.180267	0.640	1,316.000000
1.190933	0.640	2,137.000000
1.201600	0.640	1,121.000000
1.212267	0.640	34.000000
1.222933	0.640	-283.000000
1.233600	0.640	-331.000000
1.244267	0.640	-627.000000
1.254933	0.640	-1,053.000000
1.265600	0.640	-819.000000
1.276267	0.640	654.000000
1.286933	0.640	2,159.000000
1.297600	0.640	2,432.000000
1.308267	0.640	2,245.000000
1.318933	0.640	2,245.000000
1.329600	0.640	1,758.000000
1.340267	0.640	624.000000
1.350933	0.640	-326.000000
1.361600	0.640	-401.000000
1.372267	0.640	666.000000
1.382933	0.640	2,219.000000
1.393600	0.640	2,517.000000
1.404267	0.640	1,321.000000
1.414933	0.640	466.000000
1.425600	0.640	528.000000
1.436267	0.640	352.000000
1.446933	0.640	-398.000000
1.457600	0.640	-980.000000
1.468267	0.640	-1,079.000000
1.478933	0.640	-747.000000
1.489600	0.640	511.000000
1.500267	0.640	2,300.000000
1.510933	0.640	2,423.000000
1.521600	0.640	211.000000
1.532267	0.640	-1,884.000000
1.542933	0.640	-2,028.000000
1.553600	0.640	-790.000000
1.564267	0.640	959.000000
1.574933	0.640	2,137.000000
1.585600	0.640	1,427.000000
1.596267	0.640	-178.000000
1.606933	0.640	-273.000000
1.617600	0.640	976.000000
1.628267	0.640	1,773.000000
1.638933	0.640	2,283.000000
1.649600	0.640	2,922.000000
1.660267	0.640	2,337.000000
1.670933	0.640	575.000000
1.681600	0.640	-568.000000
1.692267	0.640	-903.000000
1.702933	0.640	-956.000000
1.713600	0.640	-282.000000
1.724267	0.640	730.000000
1.734933	0.640	1,252.000000
1.745600	0.640	1,557.000000
1.756267	0.640	1,788.000000
1.766933	0.640	1,869.000000
1.777600	0.640	1,636.000000
1.788267	0.640	460.000000
1.798933	0.640	-893.000000
1.809600	0.640	-824.000000
1.820267	0.640	291.000000
1.830933	0.640	1,360.000000
1.841600	0.640	2,338.000000
1.852267	0.640	2,925.000000
1.862933	0.640	2,447.000000
1.873600	0.640	899.000000
1.884267	0.640	-800.000000
1.894933	0.640	-1,337.000000
1.905600	0.640	-515.000000
1.916267	0.640	598.000000
1.926933	0.640	1,049.000000
1.937600	0.640	1,092.000000
1.948267	0.640	1,742.000000
1.958933	0.640	2,546.000000
1.969600	0.640	2,258.000000
1.980267	0.640	1,359.000000
1.990933	0.640	765.000000
2.001600	0.640	494.000000
2.012267	0.640	581.000000
2.022933	0.640	718.000000
2.033600	0.640	341.000000
2.044267	0.640	-51.000000
2.054933	0.640	362.000000
2.065600	0.640	1,069.000000
2.076267	0.640	1,051.000000
2.086933	0.640	571.000000
2.097600	0.640	430.000000
2.108267	0.640	485.000000
2.118933	0.640	565.000000
2.129600	0.640	748.000000
2.140267	0.640	405.000000
2.150933	0.640	-576.000000
2.161600	0.640	-1,009.000000
2.172267	0.640	-354.000000
2.182933	0.640	356.000000
2.193600	0.640	371.000000
2.204267	0.640	592.000000
2.214933	0.640	2,286.000000
2.225600	0.640	5,267.000000
2.236267	0.640	7,223.000000
2.246933	0.640	6,199.000000
2.257600	0.640	4,261.000000
2.268267	0.640	4,361.000000
2.278933	0.640	5,374.000000
2.289600	0.640	5,148.000000
2.300267	0.640	4,128.000000
2.310933	0.640	3,344.000000
2.321600	0.640	2,403.000000
2.332267	0.640	765.000000
2.342933	0.640	-592.000000
2.353600	0.640	-615.000000
2.364267	0.640	-107.000000
2.374933	0.640	-114.000000
2.385600	0.640	117.000000
2.396267	0.640	1,480.000000
2.406933	0.640	2,764.000000
2.417600	0.640	2,686.000000
2.428267	0.640	2,147.000000
2.438933	0.640	2,166.000000
2.449600	0.640	2,401.000000
2.460267	0.640	2,138.000000
2.470933	0.640	1,018.000000
2.481600	0.640	94.000000
2.492267	0.640	329.000000
2.502933	0.640	9.000000
2.513600	0.640	-1,700.000000
2.524267	0.640	-2,334.000000
2.534933	0.640	-1,122.000000
2.545600	0.640	-245.000000
2.556267	0.640	-181.000000
2.566933	0.640	577.000000
2.577600	0.640	1,606.000000
2.588267	0.640	1,584.000000
2.598933	0.640	1,647.000000
2.609600	0.640	2,395.000000
2.620267	0.640	2,403.000000
2.630933	0.640	1,621.000000
2.641600	0.640	1,323.000000
2.652267	0.640	2,469.000000
2.662933	0.640	4,266.000000
2.673600	0.640	4,514.000000
2.684267	0.640	3,120.000000
2.694933	0.640	2,079.000000
2.705600	0.640	2,940.000000
2.716267	0.640	6,123.000000
2.726933	0.640	10,658.000000
2.737600	0.640	14,205.000000
2.748267	0.640	14,691.000000
2.758933	0.640	12,278.000000
2.769600	0.640	8,745.000000
2.780267	0.640	6,044.000000
2.790933	0.640	5,163.000000
2.801600	0.640	4,704.000000
2.812267	0.640	2,947.000000
2.822933	0.640	1,116.000000
2.833600	0.640	1,336.000000
2.844267	0.640	2,876.000000
2.854933	0.640	3,393.000000
2.865600	0.640	2,800.000000
2.876267	0.640	2,344.000000
2.886933	0.640	1,644.000000
2.897600	0.640	711.000000
2.908267	0.640	734.000000
2.918933	0.640	1,126.000000
2.929600	0.640	900.000000
2.940267	0.640	1,103.000000
2.950933	0.640	2,270.000000
2.961600	0.640	2,826.000000
2.972267	0.640	2,166.000000
2.982933	0.640	2,610.000000
2.993600	0.640	6,353.000000
3.004267	0.640	12,806.000000
3.014933	0.640	21,885.000000
3.025600	0.640	36,928.000000
3.036267	0.640	62,057.000000
3.046933	0.640	101,203.000000
3.057600	0.640	162,191.000000
3.068267	0.640	261,798.000000
3.078933	0.640	432,435.000000
3.089600	0.640	734,859.000000
3.100267	0.640	1,269,222.000000
3.110933	0.640	2,158,759.000000
3.121600	0.640	3,478,453.000000
3.132267	0.640	5,140,543.000000
3.142933	0.640	6,829,778.000000
3.153600	0.640	8,106,761.000000
3.164267	0.640	8,654,315.000000
3.174933	0.640	8,448,683.000000
3.185600	0.640	7,719,897.000000
3.196267	0.640	6,800,749.000000
3.206933	0.640	5,966,665.000000
3.217600	0.640	5,338,364.000000
3.228267	0.640	4,912,266.000000
3.238933	0.640	4,630,017.000000
3.249600	0.640	4,414,477.000000
3.260267	0.640	4,208,611.000000
3.270933	0.640	3,991,068.000000
3.281600	0.640	3,747,681.000000
3.292267	0.640	3,450,098.000000
3.302933	0.640	3,072,080.000000
3.313600	0.640	2,617,852.000000
3.324267	0.640	2,124,065.000000
3.334933	0.640	1,642,413.000000
3.345600	0.640	1,217,933.000000
3.356267	0.640	868,876.000000
3.366933	0.640	593,072.000000
3.377600	0.640	388,087.000000
3.388267	0.640	249,090.000000
3.398933	0.640	159,943.000000
3.409600	0.640	102,591.000000
3.420267	0.640	66,572.000000
3.430933	0.640	44,913.000000
3.441600	0.640	31,306.000000
3.452267	0.640	22,022.000000
3.462933	0.640	15,992.000000
3.473600	0.640	13,267.000000
3.484267	0.640	12,846.000000
3.494933	0.640	13,147.000000
3.505600	0.640	13,879.000000
3.516267	0.640	14,112.000000
3.526933	0.640	12,307.000000
3.537600	0.640	9,697.000000
3.548267	0.640	8,126.000000
3.558933	0.640	7,322.000000
3.569600	0.640	7,143.000000
3.580267	0.640	7,866.000000
3.590933	0.640	8,691.000000
3.601600	0.640	8,411.000000
3.612267	0.640	6,798.000000
3.622933	0.640	5,071.000000
3.633600	0.640	4,493.000000
3.644267	0.640	4,515.000000
3.654933	0.640	4,126.000000
3.665600	0.640	4,135.000000
3.676267	0.640	5,067.000000
3.686933	0.640	4,990.000000
3.697600	0.640	3,185.000000
3.708267	0.640	2,005.000000
3.718933	0.640	2,526.000000
3.729600	0.640	3,287.000000
3.740267	0.640	3,381.000000
3.750933	0.640	3,033.000000
3.761600	0.640	2,719.000000
3.772267	0.640	2,975.000000
3.782933	0.640	3,236.000000
3.793600	0.640	2,414.000000
3.804267	0.640	1,567.000000
3.814933	0.640	2,636.000000
3.825600	0.640	4,821.000000
3.836267	0.640	5,995.000000
3.846933	0.640	6,328.000000
3.857600	0.640	6,793.000000
3.868267	0.640	7,028.000000
3.878933	0.640	7,082.000000
3.889600	0.640	7,506.000000
3.900267	0.640	7,959.000000
3.910933	0.640	7,927.000000
3.921600	0.640	7,419.000000
3.932267	0.640	6,633.000000
3.942933	0.640	5,271.000000
3.953600	0.640	3,394.000000
3.964267	0.640	2,281.000000
3.974933	0.640	2,671.000000
3.985600	0.640	4,076.000000
3.996267	0.640	5,515.000000
4.006933	0.640	5,943.000000
4.017600	0.640	5,488.000000
4.028267	0.640	5,235.000000
4.038933	0.640	5,249.000000
4.049600	0.640	5,034.000000
4.060267	0.640	5,026.000000
4.070933	0.640	5,303.000000
4.081600	0.640	4,981.000000
4.092267	0.640	4,142.000000
4.102933	0.640	3,885.000000
4.113600	0.640	4,568.000000
4.124267	0.640	5,566.000000
4.134933	0.640	6,318.000000
4.145600	0.640	6,812.000000
4.156267	0.640	7,291.000000
4.166933	0.640	7,570.000000
4.177600	0.640	7,123.000000
4.188267	0.640	6,256.000000
4.198933	0.640	5,729.000000
4.209600	0.640	5,520.000000
4.220267	0.640	5,477.000000
4.230933	0.640	5,745.000000
4.241600	0.640	5,545.000000
4.252267	0.640	3,950.000000
4.262933	0.640	2,086.000000
4.273600	0.640	1,897.000000
4.284267	0.640	3,702.000000
4.294933	0.640	5,686.000000
4.305600	0.640	5,445.000000
4.316267	0.640	3,245.000000
4.326933	0.640	1,526.000000
4.337600	0.640	1,439.000000
4.348267	0.640	2,498.000000
4.358933	0.640	4,110.000000
4.369600	0.640	5,894.000000
4.380267	0.640	7,433.000000
4.390933	0.640	8,897.000000
4.401600	0.640	10,697.000000
4.412267	0.640	12,187.000000
4.422933	0.640	12,638.000000
4.433600	0.640	12,269.000000
4.444267	0.640	11,400.000000
4.454933	0.640	10,250.000000
4.465600	0.640	9,132.000000
4.476267	0.640	8,272.000000
4.486933	0.640	7,786.000000
4.497600	0.640	7,303.000000
4.508267	0.640	6,506.000000
4.518933	0.640	6,490.000000
4.529600	0.640	8,528.000000
4.540267	0.640	11,836.000000
4.550933	0.640	15,466.000000
4.561600	0.640	21,431.000000
4.572267	0.640	33,128.000000
4.582933	0.640	53,778.000000
4.593600	0.640	90,022.000000
4.604267	0.640	152,913.000000
4.614933	0.640	252,922.000000
4.625600	0.640	401,871.000000
4.636267	0.640	628,307.000000
4.646933	0.640	983,477.000000
4.657600	0.640	1,536,272.000000
4.668267	0.640	2,421,995.000000
4.678933	0.640	3,959,362.000000
4.689600	0.640	6,716,676.000000
4.700267	0.640	11,295,686.000000
4.710933	0.640	17,629,249.000000
4.721600	0.640	24,203,530.000000
4.732267	0.640	28,331,071.000000
4.742933	0.640	27,859,091.000000
4.753600	0.640	22,904,996.000000
4.764267	0.640	15,838,341.000000
4.774933	0.640	9,471,687.000000
4.785600	0.640	5,249,213.000000
4.796267	0.640	2,990,209.000000
4.806933	0.640	1,856,775.000000
4.817600	0.640	1,209,324.000000
4.828267	0.640	778,233.000000
4.838933	0.640	486,695.000000
4.849600	0.640	301,800.000000
4.860267	0.640	190,215.000000
4.870933	0.640	122,138.000000
4.881600	0.640	78,745.000000
4.892267	0.640	51,197.000000
4.902933	0.640	35,047.000000
4.913600	0.640	26,019.000000
4.924267	0.640	20,570.000000
4.934933	0.640	17,503.000000
4.945600	0.640	16,085.000000
4.956267	0.640	14,542.000000
4.966933	0.640	12,270.000000
4.977600	0.640	10,499.000000
4.988267	0.640	9,953.000000
4.998933	0.640	9,628.000000
5.009600	0.640	8,032.000000
5.020267	0.640	5,990.000000
5.030933	0.640	5,892.000000
5.041600	0.640	7,483.000000
5.052267	0.640	8,235.000000
5.062933	0.640	6,942.000000
5.073600	0.640	4,464.000000
5.084267	0.640	2,629.000000
5.094933	0.640	2,761.000000
5.105600	0.640	4,247.000000
5.116267	0.640	5,081.000000
5.126933	0.640	4,344.000000
5.137600	0.640	3,262.000000
5.148267	0.640	2,996.000000
5.158933	0.640	3,236.000000
5.169600	0.640	3,636.000000
5.180267	0.640	4,308.000000
5.190933	0.640	4,922.000000
5.201600	0.640	5,161.000000
5.212267	0.640	5,030.000000
5.222933	0.640	4,200.000000
5.233600	0.640	3,413.000000
5.244267	0.640	4,123.000000
5.254933	0.640	5,407.000000
5.265600	0.640	5,658.000000
5.276267	0.640	5,089.000000
5.286933	0.640	4,789.000000
5.297600	0.640	6,116.000000
5.308267	0.640	8,783.000000
5.318933	0.640	9,938.000000
5.329600	0.640	7,999.000000
5.340267	0.640	5,324.000000
5.350933	0.640	4,394.000000
5.361600	0.640	3,733.000000
5.372267	0.640	1,849.000000
5.382933	0.640	944.000000
5.393600	0.640	2,521.000000
5.404267	0.640	4,740.000000
5.414933	0.640	5,724.000000
5.425600	0.640	5,529.000000
5.436267	0.640	4,833.000000
5.446933	0.640	4,328.000000
5.457600	0.640	4,966.000000
5.468267	0.640	6,843.000000
5.478933	0.640	8,950.000000
5.489600	0.640	10,319.000000
5.500267	0.640	11,057.000000
5.510933	0.640	12,809.000000
5.521600	0.640	17,474.000000
5.532267	0.640	25,946.000000
5.542933	0.640	37,750.000000
5.553600	0.640	51,714.000000
5.564267	0.640	67,605.000000
5.574933	0.640	83,559.000000
5.585600	0.640	93,355.000000
5.596267	0.640	92,797.000000
5.606933	0.640	84,698.000000
5.617600	0.640	73,802.000000
5.628267	0.640	62,465.000000
5.638933	0.640	51,136.000000
5.649600	0.640	39,668.000000
5.660267	0.640	28,987.000000
5.670933	0.640	20,834.000000
5.681600	0.640	15,475.000000
5.692267	0.640	11,603.000000
5.702933	0.640	8,724.000000
5.713600	0.640	7,428.000000
5.724267	0.640	7,540.000000
5.734933	0.640	8,033.000000
5.745600	0.640	7,555.000000
5.756267	0.640	5,763.000000
5.766933	0.640	4,795.000000
5.777600	0.640	5,707.000000
5.788267	0.640	6,381.000000
5.798933	0.640	6,051.000000
5.809600	0.640	5,875.000000
5.820267	0.640	5,849.000000
5.830933	0.640	5,929.000000
5.841600	0.640	5,963.000000
5.852267	0.640	4,784.000000
5.862933	0.640	3,199.000000
5.873600	0.640	3,620.000000
5.884267	0.640	5,869.000000
5.894933	0.640	7,499.000000
5.905600	0.640	7,688.000000
5.916267	0.640	7,411.000000
5.926933	0.640	6,537.000000
5.937600	0.640	5,018.000000
5.948267	0.640	4,504.000000
5.958933	0.640	5,604.000000
5.969600	0.640	6,862.000000
5.980267	0.640	7,219.000000
5.990933	0.640	7,132.000000
6.001600	0.640	6,705.000000
6.012267	0.640	5,175.000000
6.022933	0.640	3,058.000000
6.033600	0.640	2,274.000000
6.044267	0.640	3,673.000000
6.054933	0.640	5,612.000000
6.065600	0.640	6,369.000000
6.076267	0.640	6,864.000000
6.086933	0.640	8,468.000000
6.097600	0.640	11,303.000000
6.108267	0.640	15,998.000000
6.118933	0.640	23,184.000000
6.129600	0.640	32,917.000000
6.140267	0.640	46,387.000000
6.150933	0.640	63,289.000000
6.161600	0.640	78,130.000000
6.172267	0.640	84,927.000000
6.182933	0.640	82,530.000000
6.193600	0.640	72,652.000000
6.204267	0.640	57,667.000000
6.214933	0.640	40,927.000000
6.225600	0.640	26,412.000000
6.236267	0.640	17,223.000000
6.246933	0.640	13,936.000000
6.257600	0.640	14,151.000000
6.268267	0.640	14,768.000000
6.278933	0.640	15,338.000000
6.289600	0.640	17,040.000000
6.300267	0.640	20,356.000000
6.310933	0.640	26,070.000000
6.321600	0.640	35,338.000000
6.332267	0.640	48,672.000000
6.342933	0.640	66,603.000000
6.353600	0.640	92,009.000000
6.364267	0.640	132,018.000000
6.374933	0.640	197,536.000000
6.385600	0.640	303,392.000000
6.396267	0.640	466,543.000000
6.406933	0.640	693,375.000000
6.417600	0.640	960,401.000000
6.428267	0.640	1,211,259.000000
6.438933	0.640	1,380,614.000000
6.449600	0.640	1,420,184.000000
6.460267	0.640	1,314,265.000000
6.470933	0.640	1,092,337.000000
6.481600	0.640	820,158.000000
6.492267	0.640	564,034.000000
6.502933	0.640	362,116.000000
6.513600	0.640	221,886.000000
6.524267	0.640	133,312.000000
6.534933	0.640	81,511.000000
6.545600	0.640	52,074.000000
6.556267	0.640	34,324.000000
6.566933	0.640	23,214.000000
6.577600	0.640	16,381.000000
6.588267	0.640	12,343.000000
6.598933	0.640	10,290.000000
6.609600	0.640	8,809.000000
6.620267	0.640	7,148.000000
6.630933	0.640	6,420.000000
6.641600	0.640	7,370.000000
6.652267	0.640	8,772.000000
6.662933	0.640	9,503.000000
6.673600	0.640	10,126.000000
6.684267	0.640	11,191.000000
6.694933	0.640	12,841.000000
6.705600	0.640	15,149.000000
6.716267	0.640	17,103.000000
6.726933	0.640	17,836.000000
6.737600	0.640	17,176.000000
6.748267	0.640	14,635.000000
6.758933	0.640	11,589.000000
6.769600	0.640	10,327.000000
6.780267	0.640	10,146.000000
6.790933	0.640	10,231.000000
6.801600	0.640	11,434.000000
6.812267	0.640	13,296.000000
6.822933	0.640	15,131.000000
6.833600	0.640	17,131.000000
6.844267	0.640	19,273.000000
6.854933	0.640	21,647.000000
6.865600	0.640	24,293.000000
6.876267	0.640	27,040.000000
6.886933	0.640	28,963.000000
6.897600	0.640	28,138.000000
6.908267	0.640	24,876.000000
6.918933	0.640	22,062.000000
6.929600	0.640	20,921.000000
6.940267	0.640	21,397.000000
6.950933	0.640	25,053.000000
6.961600	0.640	32,947.000000
6.972267	0.640	42,445.000000
6.982933	0.640	48,514.000000
6.993600	0.640	47,638.000000
7.004267	0.640	40,483.000000
7.014933	0.640	30,945.000000
7.025600	0.640	22,821.000000
7.036267	0.640	17,179.000000
7.046933	0.640	12,738.000000
7.057600	0.640	9,031.000000
7.068267	0.640	6,774.000000
7.078933	0.640	5,715.000000
7.089600	0.640	5,578.000000
7.100267	0.640	6,690.000000
7.110933	0.640	8,015.000000
7.121600	0.640	8,029.000000
7.132267	0.640	7,397.000000
7.142933	0.640	7,697.000000
7.153600	0.640	8,398.000000
7.164267	0.640	7,772.000000
7.174933	0.640	6,273.000000
7.185600	0.640	5,799.000000
7.196267	0.640	6,204.000000
7.206933	0.640	6,296.000000
7.217600	0.640	6,033.000000
7.228267	0.640	5,574.000000
7.238933	0.640	5,383.000000
7.249600	0.640	6,085.000000
7.260267	0.640	6,955.000000
7.270933	0.640	7,562.000000
7.281600	0.640	8,350.000000
7.292267	0.640	8,322.000000
7.302933	0.640	6,925.000000
7.313600	0.640	6,305.000000
7.324267	0.640	7,796.000000
7.334933	0.640	9,290.000000
7.345600	0.640	8,675.000000
7.356267	0.640	7,194.000000
7.366933	0.640	6,970.000000
7.377600	0.640	7,753.000000
7.388267	0.640	7,970.000000
7.398933	0.640	7,252.000000
7.409600	0.640	6,416.000000
7.420267	0.640	6,162.000000
7.430933	0.640	6,692.000000
7.441600	0.640	7,323.000000
7.452267	0.640	7,003.000000
7.462933	0.640	6,009.000000
7.473600	0.640	5,575.000000
7.484267	0.640	5,814.000000
7.494933	0.640	6,172.000000
7.505600	0.640	6,525.000000
7.516267	0.640	6,410.000000
7.526933	0.640	5,950.000000
7.537600	0.640	6,303.000000
7.548267	0.640	7,899.000000
7.558933	0.640	9,851.000000
7.569600	0.640	10,505.000000
7.580267	0.640	9,266.000000
7.590933	0.640	7,546.000000
7.601600	0.640	6,635.000000
7.612267	0.640	6,575.000000
7.622933	0.640	7,080.000000
7.633600	0.640	7,990.000000
7.644267	0.640	9,137.000000
7.654933	0.640	10,053.000000
7.665600	0.640	10,303.000000
7.676267	0.640	10,347.000000
7.686933	0.640	10,877.000000
7.697600	0.640	12,259.000000
7.708267	0.640	16,215.000000
7.718933	0.640	25,595.000000
7.729600	0.640	41,791.000000
7.740267	0.640	66,190.000000
7.750933	0.640	104,909.000000
7.761600	0.640	168,261.000000
7.772267	0.640	268,080.000000
7.782933	0.640	422,328.000000
7.793600	0.640	657,418.000000
7.804267	0.640	1,002,082.000000
7.814933	0.640	1,489,195.000000
7.825600	0.640	2,177,089.000000
7.836267	0.640	3,169,433.000000
7.846933	0.640	4,629,066.000000
7.857600	0.640	6,854,362.000000
7.868267	0.640	10,405,584.000000
7.878933	0.640	16,058,302.000000
7.889600	0.640	24,395,487.000000
7.900267	0.640	35,146,311.000000
7.910933	0.640	46,609,799.000000
7.921600	0.640	55,734,428.000000
7.932267	0.640	59,351,571.000000
7.942933	0.640	55,995,267.000000
7.953600	0.640	46,822,367.000000
7.964267	0.640	34,869,007.000000
7.974933	0.640	23,357,758.000000
7.985600	0.640	14,336,488.000000
7.996267	0.640	8,316,679.000000
8.006933	0.640	4,744,977.000000
8.017600	0.640	2,751,036.000000
8.028267	0.640	1,644,087.000000
8.038933	0.640	1,011,549.000000
8.049600	0.640	634,010.000000
8.060267	0.640	401,520.000000
8.070933	0.640	258,045.000000
8.081600	0.640	171,167.000000
8.092267	0.640	120,657.000000
8.102933	0.640	91,279.000000
8.113600	0.640	72,507.000000
8.124267	0.640	61,155.000000
8.134933	0.640	56,074.000000
8.145600	0.640	53,924.000000
8.156267	0.640	50,693.000000
8.166933	0.640	43,538.000000
8.177600	0.640	33,637.000000
8.188267	0.640	25,990.000000
8.198933	0.640	23,600.000000
8.209600	0.640	24,457.000000
8.220267	0.640	25,022.000000
8.230933	0.640	23,796.000000
8.241600	0.640	21,279.000000
8.252267	0.640	19,084.000000
8.262933	0.640	18,415.000000
8.273600	0.640	18,064.000000
8.284267	0.640	16,038.000000
8.294933	0.640	13,270.000000
8.305600	0.640	12,465.000000
8.316267	0.640	13,861.000000
8.326933	0.640	15,328.000000
8.337600	0.640	15,407.000000
8.348267	0.640	14,307.000000
8.358933	0.640	13,439.000000
8.369600	0.640	13,951.000000
8.380267	0.640	14,745.000000
8.390933	0.640	14,126.000000
8.401600	0.640	12,832.000000
8.412267	0.640	12,164.000000
8.422933	0.640	11,851.000000
8.433600	0.640	11,722.000000
8.444267	0.640	12,032.000000
8.454933	0.640	12,674.000000
8.465600	0.640	13,422.000000
8.476267	0.640	13,935.000000
8.486933	0.640	14,570.000000
8.497600	0.640	16,442.000000
8.508267	0.640	19,963.000000
8.518933	0.640	25,676.000000
8.529600	0.640	35,569.000000
8.540267	0.640	52,056.000000
8.550933	0.640	78,151.000000
8.561600	0.640	119,858.000000
8.572267	0.640	186,377.000000
8.582933	0.640	287,560.000000
8.593600	0.640	435,805.000000
8.604267	0.640	653,042.000000
8.614933	0.640	969,616.000000
8.625600	0.640	1,420,050.000000
8.636267	0.640	2,049,595.000000
8.646933	0.640	2,925,185.000000
8.657600	0.640	4,151,797.000000
8.668267	0.640	5,911,132.000000
8.678933	0.640	8,537,198.000000
8.689600	0.640	12,576,844.000000
8.700267	0.640	18,698,272.000000
8.710933	0.640	27,323,536.000000
8.721600	0.640	38,033,080.000000
8.732267	0.640	49,131,117.000000
8.742933	0.640	57,909,007.000000
8.753600	0.640	61,704,550.000000
8.764267	0.640	59,181,350.000000
8.774933	0.640	51,040,550.000000
8.785600	0.640	39,683,771.000000
8.796267	0.640	28,004,162.000000
8.806933	0.640	18,158,653.000000
8.817600	0.640	11,039,826.000000
8.828267	0.640	6,468,120.000000
8.838933	0.640	3,755,034.000000
8.849600	0.640	2,212,422.000000
8.860267	0.640	1,348,689.000000
8.870933	0.640	851,533.000000
8.881600	0.640	546,321.000000
8.892267	0.640	353,978.000000
8.902933	0.640	235,355.000000
8.913600	0.640	162,172.000000
8.924267	0.640	116,340.000000
8.934933	0.640	87,905.000000
8.945600	0.640	70,654.000000
8.956267	0.640	60,077.000000
8.966933	0.640	52,040.000000
8.977600	0.640	44,656.000000
8.988267	0.640	39,482.000000
8.998933	0.640	37,371.000000
9.009600	0.640	35,864.000000
9.020267	0.640	33,095.000000
9.030933	0.640	30,385.000000
9.041600	0.640	28,937.000000
9.052267	0.640	27,900.000000
9.062933	0.640	26,017.000000
9.073600	0.640	22,868.000000
9.084267	0.640	19,886.000000
9.094933	0.640	18,957.000000
9.105600	0.640	19,252.000000
9.116267	0.640	19,255.000000
9.126933	0.640	19,616.000000
9.137600	0.640	21,024.000000
9.148267	0.640	22,446.000000
9.158933	0.640	22,303.000000
9.169600	0.640	21,187.000000
9.180267	0.640	21,877.000000
9.190933	0.640	24,647.000000
9.201600	0.640	26,173.000000
9.212267	0.640	24,858.000000
9.222933	0.640	23,077.000000
9.233600	0.640	22,403.000000
9.244267	0.640	21,088.000000
9.254933	0.640	18,304.000000
9.265600	0.640	16,330.000000
9.276267	0.640	16,610.000000
9.286933	0.640	17,696.000000
9.297600	0.640	18,036.000000
9.308267	0.640	17,573.000000
9.318933	0.640	16,975.000000
9.329600	0.640	16,890.000000
9.340267	0.640	17,261.000000
9.350933	0.640	17,924.000000
9.361600	0.640	19,089.000000
9.372267	0.640	20,009.000000
9.382933	0.640	19,578.000000
9.393600	0.640	18,682.000000
9.404267	0.640	18,365.000000
9.414933	0.640	17,424.000000
9.425600	0.640	15,814.000000
9.436267	0.640	15,914.000000
9.446933	0.640	18,139.000000
9.457600	0.640	19,912.000000
9.468267	0.640	19,573.000000
9.478933	0.640	18,924.000000
9.489600	0.640	20,035.000000
9.500267	0.640	21,908.000000
9.510933	0.640	23,124.000000
9.521600	0.640	24,228.000000
9.532267	0.640	26,459.000000
9.542933	0.640	30,168.000000
9.553600	0.640	34,088.000000
9.564267	0.640	36,264.000000
9.574933	0.640	35,755.000000
9.585600	0.640	33,364.000000
9.596267	0.640	30,654.000000
9.606933	0.640	28,107.000000
9.617600	0.640	25,552.000000
9.628267	0.640	24,339.000000
9.638933	0.640	26,335.000000
9.649600	0.640	31,731.000000
9.660267	0.640	39,774.000000
9.670933	0.640	48,708.000000
9.681600	0.640	55,952.000000
9.692267	0.640	60,429.000000
9.702933	0.640	62,532.000000
9.713600	0.640	62,285.000000
9.724267	0.640	59,222.000000
9.734933	0.640	52,829.000000
9.745600	0.640	43,411.000000
9.756267	0.640	34,591.000000
9.766933	0.640	30,638.000000
9.777600	0.640	30,117.000000
9.788267	0.640	28,588.000000
9.798933	0.640	25,699.000000
9.809600	0.640	24,041.000000
9.820267	0.640	23,951.000000
9.830933	0.640	24,162.000000
9.841600	0.640	24,659.000000
9.852267	0.640	25,727.000000
9.862933	0.640	27,390.000000
9.873600	0.640	29,956.000000
9.884267	0.640	33,920.000000
9.894933	0.640	40,481.000000
9.905600	0.640	50,759.000000
9.916267	0.640	65,433.000000
9.926933	0.640	86,311.000000
9.937600	0.640	116,387.000000
9.948267	0.640	159,164.000000
9.958933	0.640	218,800.000000
9.969600	0.640	301,602.000000
9.980267	0.640	417,606.000000
9.990933	0.640	584,337.000000
10.001600	0.640	836,661.000000
10.012267	0.640	1,231,403.000000
10.022933	0.640	1,831,353.000000
10.033600	0.640	2,659,418.000000
10.044267	0.640	3,637,796.000000
10.054933	0.640	4,562,501.000000
10.065600	0.640	5,155,184.000000
10.076267	0.640	5,190,315.000000
10.086933	0.640	4,632,442.000000
10.097600	0.640	3,670,338.000000
10.108267	0.640	2,602,571.000000
10.118933	0.640	1,677,050.000000
10.129600	0.640	1,010,135.000000
10.140267	0.640	597,397.000000
10.150933	0.640	367,136.000000
10.161600	0.640	241,034.000000
10.172267	0.640	169,872.000000
10.182933	0.640	130,585.000000
10.193600	0.640	110,210.000000
10.204267	0.640	99,928.000000
10.214933	0.640	95,029.000000
10.225600	0.640	92,244.000000
10.236267	0.640	88,228.000000
10.246933	0.640	82,454.000000
10.257600	0.640	76,399.000000
10.268267	0.640	69,270.000000
10.278933	0.640	59,389.000000
10.289600	0.640	48,833.000000
10.300267	0.640	41,857.000000
10.310933	0.640	38,793.000000
10.321600	0.640	36,166.000000
10.332267	0.640	32,467.000000
10.342933	0.640	29,057.000000
10.353600	0.640	26,748.000000
10.364267	0.640	25,448.000000
10.374933	0.640	25,174.000000
10.385600	0.640	25,424.000000
10.396267	0.640	25,701.000000
10.406933	0.640	26,285.000000
10.417600	0.640	26,801.000000
10.428267	0.640	26,522.000000
10.438933	0.640	25,521.000000
10.449600	0.640	24,200.000000
10.460267	0.640	24,043.000000
10.470933	0.640	25,544.000000
10.481600	0.640	25,607.000000
10.492267	0.640	22,848.000000
10.502933	0.640	20,930.000000
10.513600	0.640	21,905.000000
10.524267	0.640	23,140.000000
10.534933	0.640	23,147.000000
10.545600	0.640	23,312.000000
10.556267	0.640	24,165.000000
10.566933	0.640	25,066.000000
10.577600	0.640	25,543.000000
10.588267	0.640	24,988.000000
10.598933	0.640	23,134.000000
10.609600	0.640	21,536.000000
10.620267	0.640	22,120.000000
10.630933	0.640	23,548.000000
10.641600	0.640	23,463.000000
10.652267	0.640	22,683.000000
10.662933	0.640	22,953.000000
10.673600	0.640	24,591.000000
10.684267	0.640	26,810.000000
10.694933	0.640	27,906.000000
10.705600	0.640	26,933.000000
10.716267	0.640	25,049.000000
10.726933	0.640	24,115.000000
10.737667	0.644	24,132.000000
10.748267	0.636	23,401.000000
10.758933	0.640	21,996.000000
10.769600	0.640	21,711.000000
10.780267	0.640	22,415.000000
10.790933	0.640	22,730.000000
10.801600	0.640	22,398.000000
10.812267	0.640	22,071.000000
10.822933	0.640	22,809.000000
10.833600	0.640	24,349.000000
10.844267	0.640	25,207.000000
10.854933	0.640	26,005.000000
10.865600	0.640	28,607.000000
10.876267	0.640	32,999.000000
10.886933	0.640	38,876.000000
10.897600	0.640	48,636.000000
10.908267	0.640	65,564.000000
10.918933	0.640	90,210.000000
10.929600	0.640	122,927.000000
10.940267	0.640	169,351.000000
10.950933	0.640	238,980.000000
10.961600	0.640	338,393.000000
10.972267	0.640	470,785.000000
10.982933	0.640	646,354.000000
10.993600	0.640	890,669.000000
11.004267	0.640	1,239,897.000000
11.014933	0.640	1,743,846.000000
11.025600	0.640	2,490,518.000000
11.036267	0.640	3,601,417.000000
11.046933	0.640	5,166,302.000000
11.057600	0.640	7,155,155.000000
11.068267	0.640	9,336,876.000000
11.078933	0.640	11,260,576.000000
11.089600	0.640	12,388,819.000000
11.100267	0.640	12,348,791.000000
11.110933	0.640	11,120,914.000000
11.121600	0.640	9,050,043.000000
11.132267	0.640	6,695,487.000000
11.142933	0.640	4,579,792.000000
11.153600	0.640	2,986,558.000000
11.164267	0.640	1,949,126.000000
11.174933	0.640	1,372,527.000000
11.185600	0.640	1,135,077.000000
11.196267	0.640	1,126,303.000000
11.206933	0.640	1,267,710.000000
11.217600	0.640	1,525,113.000000
11.228267	0.640	1,900,712.000000
11.238933	0.640	2,425,858.000000
11.249600	0.640	3,176,012.000000
11.260267	0.640	4,291,751.000000
11.270933	0.640	5,995,112.000000
11.281600	0.640	8,594,498.000000
11.292267	0.640	12,391,329.000000
11.302933	0.640	17,435,263.000000
11.313600	0.640	23,249,251.000000
11.324267	0.640	28,722,960.000000
11.334933	0.640	32,359,682.000000
11.345600	0.640	32,924,977.000000
11.356267	0.640	30,138,437.000000
11.366933	0.640	24,834,796.000000
11.377600	0.640	18,490,232.000000
11.388267	0.640	12,538,671.000000
11.398933	0.640	7,872,532.000000
11.409600	0.640	4,696,096.000000
11.420267	0.640	2,736,694.000000
11.430933	0.640	1,596,113.000000
11.441600	0.640	955,890.000000
11.452267	0.640	599,891.000000
11.462933	0.640	392,714.000000
11.473600	0.640	264,844.000000
11.484267	0.640	185,216.000000
11.494933	0.640	136,163.000000
11.505600	0.640	106,509.000000
11.516267	0.640	89,238.000000
11.526933	0.640	78,847.000000
11.537600	0.640	71,858.000000
11.548267	0.640	67,689.000000
11.558933	0.640	66,910.000000
11.569600	0.640	67,335.000000
11.580267	0.640	65,044.000000
11.590933	0.640	59,555.000000
11.601600	0.640	53,276.000000
11.612267	0.640	48,102.000000
11.622933	0.640	44,718.000000
11.633600	0.640	42,106.000000
11.644267	0.640	39,539.000000
11.654933	0.640	38,736.000000
11.665600	0.640	40,034.000000
11.676267	0.640	40,565.000000
11.686933	0.640	39,217.000000
11.697600	0.640	38,600.000000
11.708267	0.640	41,010.000000
11.718933	0.640	44,953.000000
11.729600	0.640	46,841.000000
11.740267	0.640	46,568.000000
11.750933	0.640	47,814.000000
11.761600	0.640	51,876.000000
11.772267	0.640	57,126.000000
11.782933	0.640	63,643.000000
11.793600	0.640	73,145.000000
11.804267	0.640	87,246.000000
11.814933	0.640	108,917.000000
11.825600	0.640	143,958.000000
11.836267	0.640	198,536.000000
11.846933	0.640	275,524.000000
11.857600	0.640	378,327.000000
11.868267	0.640	515,030.000000
11.878933	0.640	694,314.000000
11.889600	0.640	925,346.000000
11.900267	0.640	1,226,831.000000
11.910933	0.640	1,646,116.000000
11.921600	0.640	2,282,035.000000
11.932267	0.640	3,285,933.000000
11.942933	0.640	4,835,650.000000
11.953600	0.640	7,070,497.000000
11.964267	0.640	9,942,345.000000
11.974933	0.640	13,036,157.000000
11.985600	0.640	15,573,567.000000
11.996267	0.640	16,725,931.000000
12.006933	0.640	16,043,594.000000
12.017600	0.640	13,703,566.000000
12.028267	0.640	10,432,550.000000
12.038933	0.640	7,133,412.000000
12.049600	0.640	4,461,008.000000
12.060267	0.640	2,633,932.000000
12.070933	0.640	1,530,967.000000
12.081600	0.640	912,083.000000
12.092267	0.640	569,980.000000
12.102933	0.640	370,004.000000
12.113600	0.640	245,755.000000
12.124267	0.640	170,652.000000
12.134933	0.640	126,364.000000
12.145600	0.640	97,877.000000
12.156267	0.640	77,750.000000
12.166933	0.640	62,939.000000
12.177600	0.640	52,397.000000
12.188267	0.640	46,619.000000
12.198933	0.640	44,642.000000
12.209600	0.640	44,228.000000
12.220267	0.640	44,777.000000
12.230933	0.640	44,749.000000
12.241600	0.640	42,337.000000
12.252267	0.640	40,210.000000
12.262933	0.640	40,189.000000
12.273600	0.640	39,587.000000
12.284267	0.640	37,510.000000
12.294933	0.640	35,373.000000
12.305600	0.640	33,557.000000
12.316267	0.640	32,856.000000
12.326933	0.640	33,997.000000
12.337600	0.640	35,384.000000
12.348267	0.640	35,819.000000
12.358933	0.640	36,419.000000
12.369600	0.640	37,844.000000
12.380267	0.640	39,614.000000
12.390933	0.640	40,881.000000
12.401600	0.640	40,771.000000
12.412267	0.640	40,124.000000
12.422933	0.640	40,465.000000
12.433600	0.640	41,415.000000
12.444267	0.640	42,157.000000
12.454933	0.640	42,842.000000
12.465600	0.640	43,511.000000
12.476267	0.640	44,144.000000
12.486933	0.640	44,791.000000
12.497600	0.640	45,555.000000
12.508267	0.640	47,071.000000
12.518933	0.640	49,159.000000
12.529600	0.640	50,643.000000
12.540267	0.640	51,532.000000
12.550933	0.640	52,491.000000
12.561600	0.640	53,650.000000
12.572267	0.640	55,478.000000
12.582933	0.640	57,827.000000
12.593600	0.640	59,551.000000
12.604267	0.640	59,977.000000
12.614933	0.640	58,424.000000
12.625600	0.640	54,833.000000
12.636267	0.640	50,769.000000
12.646933	0.640	47,683.000000
12.657600	0.640	45,895.000000
12.668267	0.640	44,836.000000
12.678933	0.640	44,072.000000
12.689600	0.640	43,998.000000
12.700267	0.640	44,315.000000
12.710933	0.640	44,431.000000
12.721600	0.640	44,521.000000
12.732267	0.640	43,368.000000
12.742933	0.640	40,024.000000
12.753600	0.640	37,317.000000
12.764267	0.640	37,767.000000
12.774933	0.640	39,831.000000
12.785600	0.640	41,545.000000
12.796267	0.640	42,635.000000
12.806933	0.640	42,864.000000
12.817600	0.640	42,393.000000
12.828267	0.640	41,568.000000
12.838933	0.640	40,043.000000
12.849600	0.640	38,641.000000
12.860267	0.640	38,542.000000
12.870933	0.640	38,220.000000
12.881600	0.640	35,816.000000
12.892267	0.640	32,673.000000
12.902933	0.640	31,075.000000
12.913600	0.640	31,063.000000
12.924267	0.640	31,812.000000
12.934933	0.640	32,747.000000
12.945600	0.640	32,609.000000
12.956267	0.640	31,036.000000
12.966933	0.640	29,393.000000
12.977600	0.640	28,710.000000
12.988267	0.640	29,327.000000
12.998933	0.640	30,942.000000
13.009600	0.640	31,631.000000
13.020267	0.640	30,041.000000
13.030933	0.640	28,148.000000
13.041600	0.640	27,639.000000
13.052267	0.640	27,378.000000
13.062933	0.640	27,253.000000
13.073600	0.640	28,427.000000
13.084267	0.640	30,129.000000
13.094933	0.640	30,426.000000
13.105600	0.640	29,407.000000
13.116267	0.640	29,130.000000
13.126933	0.640	30,171.000000
13.137600	0.640	30,726.000000
13.148267	0.640	29,587.000000
13.158933	0.640	27,812.000000
13.169600	0.640	27,005.000000
13.180267	0.640	27,888.000000
13.190933	0.640	29,876.000000
13.201600	0.640	31,408.000000
13.212267	0.640	32,291.000000
13.222933	0.640	33,851.000000
13.233600	0.640	35,597.000000
13.244267	0.640	35,626.000000
13.254933	0.640	34,560.000000
13.265600	0.640	34,131.000000
13.276267	0.640	33,795.000000
13.286933	0.640	32,946.000000
13.297600	0.640	32,252.000000
13.308267	0.640	31,560.000000
13.318933	0.640	30,565.000000
13.329600	0.640	29,950.000000
13.340267	0.640	30,095.000000
13.350933	0.640	30,083.000000
13.361600	0.640	28,697.000000
13.372267	0.640	26,777.000000
13.382933	0.640	26,306.000000
13.393600	0.640	26,660.000000
13.404267	0.640	26,075.000000
13.414933	0.640	25,624.000000
13.425600	0.640	26,653.000000
13.436267	0.640	27,923.000000
13.446933	0.640	28,960.000000
13.457600	0.640	30,588.000000
13.468267	0.640	31,639.000000
13.478933	0.640	30,711.000000
13.489600	0.640	29,143.000000
13.500267	0.640	28,844.000000
13.510933	0.640	29,739.000000
13.521600	0.640	30,291.000000
13.532267	0.640	29,777.000000
13.542933	0.640	29,630.000000
13.553600	0.640	30,222.000000
13.564267	0.640	29,347.000000
13.574933	0.640	27,160.000000
13.585600	0.640	26,713.000000
13.596267	0.640	28,128.000000
13.606933	0.640	28,438.000000
13.617600	0.640	27,184.000000
13.628267	0.640	27,298.000000
13.638933	0.640	29,813.000000
13.649600	0.640	31,898.000000
13.660267	0.640	31,929.000000
13.670933	0.640	32,260.000000
13.681600	0.640	34,443.000000
13.692267	0.640	36,226.000000
13.702933	0.640	36,058.000000
13.713600	0.640	36,016.000000
13.724267	0.640	37,936.000000
13.734933	0.640	40,712.000000
13.745600	0.640	43,141.000000
13.756267	0.640	45,892.000000
13.766933	0.640	49,348.000000
13.777600	0.640	53,303.000000
13.788267	0.640	58,517.000000
13.798933	0.640	64,715.000000
13.809600	0.640	69,823.000000
13.820267	0.640	73,188.000000
13.830933	0.640	76,171.000000
13.841600	0.640	80,624.000000
13.852267	0.640	88,199.000000
13.862933	0.640	100,011.000000
13.873600	0.640	117,225.000000
13.884267	0.640	141,422.000000
13.894933	0.640	175,314.000000
13.905600	0.640	221,213.000000
13.916267	0.640	276,106.000000
13.926933	0.640	332,281.000000
13.937600	0.640	381,770.000000
13.948267	0.640	416,733.000000
13.958933	0.640	430,189.000000
13.969600	0.640	418,738.000000
13.980267	0.640	384,721.000000
13.990933	0.640	335,335.000000
14.001600	0.640	277,347.000000
14.012267	0.640	217,953.000000
14.022933	0.640	168,645.000000
14.033600	0.640	136,162.000000
14.044267	0.640	116,114.000000
14.054933	0.640	102,945.000000
14.065600	0.640	96,186.000000
14.076267	0.640	95,223.000000
14.086933	0.640	96,276.000000
14.097600	0.640	95,947.000000
14.108267	0.640	93,553.000000
14.118933	0.640	89,303.000000
14.129600	0.640	83,746.000000
14.140267	0.640	78,174.000000
14.150933	0.640	72,596.000000
14.161600	0.640	65,380.000000
14.172267	0.640	56,159.000000
14.182933	0.640	47,552.000000
14.193600	0.640	42,850.000000
14.204267	0.640	41,778.000000
14.214933	0.640	41,197.000000
14.225600	0.640	39,643.000000
14.236267	0.640	37,372.000000
14.246933	0.640	35,073.000000
14.257600	0.640	34,508.000000
14.268267	0.640	35,915.000000
14.278933	0.640	36,806.000000
14.289600	0.640	36,742.000000
14.300267	0.640	37,863.000000
14.310933	0.640	40,145.000000
14.321600	0.640	41,782.000000
14.332267	0.640	42,590.000000
14.342933	0.640	44,266.000000
14.353600	0.640	47,562.000000
14.364267	0.640	50,635.000000
14.374933	0.640	52,057.000000
14.385600	0.640	52,513.000000
14.396267	0.640	52,637.000000
14.406933	0.640	52,144.000000
14.417600	0.640	50,626.000000
14.428267	0.640	48,385.000000
14.438933	0.640	46,303.000000
14.449600	0.640	45,043.000000
14.460267	0.640	44,904.000000
14.470933	0.640	45,296.000000
14.481600	0.640	45,121.000000
14.492267	0.640	44,863.000000
14.502933	0.640	45,080.000000
14.513600	0.640	44,129.000000
14.524267	0.640	42,063.000000
14.534933	0.640	41,407.000000
14.545600	0.640	42,355.000000
14.556267	0.640	43,661.000000
14.566933	0.640	44,765.000000
14.577600	0.640	44,881.000000
14.588267	0.640	44,684.000000
14.598933	0.640	46,506.000000
14.609600	0.640	50,545.000000
14.620267	0.640	54,364.000000
14.630933	0.640	57,167.000000
14.641600	0.640	61,269.000000
14.652267	0.640	68,398.000000
14.662933	0.640	77,590.000000
14.673600	0.640	86,240.000000
14.684267	0.640	90,710.000000
14.694933	0.640	87,926.000000
14.705600	0.640	78,955.000000
14.716267	0.640	68,654.000000
14.726933	0.640	60,781.000000
14.737600	0.640	56,667.000000
14.748267	0.640	56,863.000000
14.758933	0.640	60,049.000000
14.769600	0.640	64,008.000000
14.780267	0.640	68,777.000000
14.790933	0.640	73,801.000000
14.801600	0.640	75,233.000000
14.812267	0.640	71,644.000000
14.822933	0.640	66,380.000000
14.833600	0.640	61,369.000000
14.844267	0.640	57,011.000000
14.854933	0.640	55,228.000000
14.865600	0.640	54,924.000000
14.876267	0.640	52,816.000000
14.886933	0.640	50,666.000000
14.897600	0.640	51,258.000000
14.908267	0.640	52,214.000000
14.918933	0.640	52,110.000000
14.929600	0.640	52,894.000000
14.940267	0.640	53,793.000000
14.950933	0.640	53,579.000000
14.961600	0.640	54,040.000000
14.972267	0.640	54,991.000000
14.982933	0.640	54,761.000000
14.993600	0.640	54,172.000000
15.004267	0.640	53,922.000000
15.014933	0.640	53,518.000000
15.025600	0.640	53,512.000000
15.036267	0.640	54,942.000000
15.046933	0.640	56,714.000000
15.057600	0.640	56,122.000000
15.068267	0.640	53,994.000000
15.078933	0.640	54,485.000000
15.089600	0.640	58,303.000000
15.100267	0.640	62,907.000000
15.110933	0.640	67,175.000000
15.121600	0.640	71,340.000000
15.132267	0.640	76,290.000000
15.142933	0.640	82,015.000000
15.153600	0.640	85,519.000000
15.164267	0.640	84,300.000000
15.174933	0.640	79,702.000000
15.185600	0.640	74,837.000000
15.196267	0.640	72,603.000000
15.206933	0.640	74,187.000000
15.217600	0.640	76,912.000000
15.228267	0.640	77,073.000000
15.238933	0.640	74,813.000000
15.249600	0.640	71,936.000000
15.260267	0.640	68,900.000000
15.270933	0.640	66,916.000000
15.281600	0.640	66,880.000000
15.292267	0.640	67,359.000000
15.302933	0.640	67,614.000000
15.313600	0.640	68,341.000000
15.324267	0.640	69,430.000000
15.334933	0.640	70,094.000000
15.345600	0.640	70,026.000000
15.356267	0.640	69,466.000000
15.366933	0.640	68,419.000000
15.377600	0.640	67,386.000000
15.388267	0.640	68,305.000000
15.398933	0.640	72,114.000000
15.409600	0.640	76,699.000000
15.420267	0.640	79,769.000000
15.430933	0.640	82,158.000000
15.441600	0.640	85,646.000000
15.452267	0.640	89,320.000000
15.462933	0.640	90,843.000000
15.473600	0.640	90,838.000000
15.484267	0.640	92,234.000000
15.494933	0.640	95,672.000000
15.505600	0.640	100,237.000000
15.516267	0.640	105,118.000000
15.526933	0.640	109,313.000000
15.537600	0.640	115,263.000000
15.548267	0.640	128,443.000000
15.558933	0.640	149,908.000000
15.569600	0.640	173,090.000000
15.580267	0.640	187,892.000000
15.590933	0.640	188,111.000000
15.601600	0.640	175,285.000000
15.612267	0.640	155,122.000000
15.622933	0.640	133,464.000000
15.633600	0.640	115,049.000000
15.644267	0.640	102,304.000000
15.654933	0.640	94,846.000000
15.665600	0.640	90,437.000000
15.676267	0.640	86,763.000000
15.686933	0.640	83,329.000000
15.697600	0.640	80,993.000000
15.708267	0.640	79,881.000000
15.718933	0.640	79,559.000000
15.729600	0.640	80,707.000000
15.740267	0.640	85,331.000000
15.750933	0.640	94,419.000000
15.761600	0.640	106,746.000000
15.772267	0.640	123,809.000000
15.782933	0.640	154,059.000000
15.793600	0.640	208,751.000000
15.804267	0.640	297,644.000000
15.814933	0.640	434,917.000000
15.825600	0.640	650,900.000000
15.836267	0.640	1,002,790.000000
15.846933	0.640	1,600,538.000000
15.857600	0.640	2,643,902.000000
15.868267	0.640	4,374,538.000000
15.878933	0.640	6,836,302.000000
15.889600	0.640	9,543,038.000000
15.900267	0.640	11,455,526.000000
15.910933	0.640	11,579,417.000000
15.921600	0.640	9,778,433.000000
15.932267	0.640	6,928,776.000000
15.942933	0.640	4,209,896.000000
15.953600	0.640	2,311,918.000000
15.964267	0.640	1,263,473.000000
15.974933	0.640	761,532.000000
15.985600	0.640	516,198.000000
15.996267	0.640	373,748.000000
16.006933	0.640	281,784.000000
16.017600	0.640	224,490.000000
16.028267	0.640	190,689.000000
16.038933	0.640	173,208.000000
16.049600	0.640	168,598.000000
16.060267	0.640	172,019.000000
16.070933	0.640	180,186.000000
16.081600	0.640	192,335.000000
16.092267	0.640	205,636.000000
16.102933	0.640	215,349.000000
16.113600	0.640	219,079.000000
16.124267	0.640	218,910.000000
16.134933	0.640	217,187.000000
16.145600	0.640	214,843.000000
16.156267	0.640	214,375.000000
16.166933	0.640	214,745.000000
16.177600	0.640	210,843.000000
16.188267	0.640	203,123.000000
16.198933	0.640	193,360.000000
16.209600	0.640	178,525.000000
16.220267	0.640	160,314.000000
16.230933	0.640	146,200.000000
16.241600	0.640	139,287.000000
16.252267	0.640	136,617.000000
16.262933	0.640	135,018.000000
16.273600	0.640	134,398.000000
16.284267	0.640	133,965.000000
16.294933	0.640	130,867.000000
16.305600	0.640	125,722.000000
16.316267	0.640	122,089.000000
16.326933	0.640	120,958.000000
16.337600	0.640	121,287.000000
16.348267	0.640	122,187.000000
16.358933	0.640	122,795.000000
16.369600	0.640	123,223.000000
16.380267	0.640	124,359.000000
16.390933	0.640	125,411.000000
16.401600	0.640	124,409.000000
16.412267	0.640	122,702.000000
16.422933	0.640	124,385.000000
16.433600	0.640	130,097.000000
16.444267	0.640	138,785.000000
16.454933	0.640	154,378.000000
16.465600	0.640	185,408.000000
16.476267	0.640	242,715.000000
16.486933	0.640	341,403.000000
16.497600	0.640	503,005.000000
16.508267	0.640	757,489.000000
16.518933	0.640	1,153,795.000000
16.529600	0.640	1,779,292.000000
16.540267	0.640	2,796,882.000000
16.550933	0.640	4,521,237.000000
16.561600	0.640	7,463,620.000000
16.572267	0.640	12,135,576.000000
16.582933	0.640	18,422,122.000000
16.593600	0.640	24,886,494.000000
16.604267	0.640	29,032,604.000000
16.614933	0.640	28,819,244.000000
16.625600	0.640	24,196,290.000000
16.636267	0.640	17,223,643.000000
16.646933	0.640	10,584,782.000000
16.657600	0.640	5,878,865.000000
16.668267	0.640	3,196,372.000000
16.678933	0.640	1,855,697.000000
16.689600	0.640	1,185,873.000000
16.700267	0.640	805,090.000000
16.710933	0.640	560,799.000000
16.721600	0.640	404,100.000000
16.732267	0.640	309,517.000000
16.742933	0.640	253,400.000000
16.753600	0.640	219,164.000000
16.764267	0.640	197,376.000000
16.774933	0.640	183,707.000000
16.785600	0.640	175,212.000000
16.796267	0.640	168,320.000000
16.806933	0.640	164,394.000000
16.817600	0.640	168,357.000000
16.828267	0.640	179,266.000000
16.838933	0.640	191,516.000000
16.849600	0.640	205,137.000000
16.860267	0.640	221,932.000000
16.870933	0.640	233,941.000000
16.881600	0.640	230,711.000000
16.892267	0.640	214,372.000000
16.902933	0.640	197,204.000000
16.913600	0.640	187,038.000000
16.924267	0.640	182,168.000000
16.934933	0.640	178,370.000000
16.945600	0.640	173,883.000000
16.956267	0.640	169,739.000000
16.966933	0.640	168,485.000000
16.977600	0.640	169,685.000000
16.988267	0.640	169,497.000000
16.998933	0.640	168,299.000000
17.009600	0.640	171,283.000000
17.020267	0.640	179,201.000000
17.030933	0.640	187,417.000000
17.041600	0.640	194,491.000000
17.052267	0.640	205,053.000000
17.062933	0.640	223,101.000000
17.073600	0.640	248,088.000000
17.084267	0.640	280,617.000000
17.094933	0.640	327,070.000000
17.105600	0.640	397,925.000000
17.116267	0.640	506,277.000000
17.126933	0.640	667,801.000000
17.137600	0.640	895,682.000000
17.148267	0.640	1,191,572.000000
17.158933	0.640	1,541,874.000000
17.169600	0.640	1,915,428.000000
17.180267	0.640	2,260,696.000000
17.190933	0.640	2,515,238.000000
17.201600	0.640	2,623,714.000000
17.212267	0.640	2,553,530.000000
17.222933	0.640	2,311,523.000000
17.233600	0.640	1,948,918.000000
17.244267	0.640	1,539,871.000000
17.254933	0.640	1,152,347.000000
17.265600	0.640	829,450.000000
17.276267	0.640	587,180.000000
17.286933	0.640	422,601.000000
17.297600	0.640	318,875.000000
17.308267	0.640	255,401.000000
17.318933	0.640	217,950.000000
17.329600	0.640	196,650.000000
17.340267	0.640	185,114.000000
17.350933	0.640	179,781.000000
17.361600	0.640	177,365.000000
17.372267	0.640	177,357.000000
17.382933	0.640	179,274.000000
17.393600	0.640	180,086.000000
17.404267	0.640	181,664.000000
17.414933	0.640	188,430.000000
17.425600	0.640	197,689.000000
17.436267	0.640	204,329.000000
17.446933	0.640	209,090.000000
17.457600	0.640	215,481.000000
17.468267	0.640	224,084.000000
17.478933	0.640	233,887.000000
17.489600	0.640	245,800.000000
17.500267	0.640	260,469.000000
17.510933	0.640	275,229.000000
17.521600	0.640	288,324.000000
17.532267	0.640	301,086.000000
17.542933	0.640	315,728.000000
17.553600	0.640	338,235.000000
17.564267	0.640	375,408.000000
17.574933	0.640	426,424.000000
17.585600	0.640	484,937.000000
17.596267	0.640	540,354.000000
17.606933	0.640	575,480.000000
17.617600	0.640	577,526.000000
17.628267	0.640	546,048.000000
17.638933	0.640	487,166.000000
17.649600	0.640	415,482.000000
17.660267	0.640	352,240.000000
17.670933	0.640	309,543.000000
17.681600	0.640	285,592.000000
17.692267	0.640	272,071.000000
17.702933	0.640	261,735.000000
17.713600	0.640	253,606.000000
17.724267	0.640	249,702.000000
17.734933	0.640	248,579.000000
17.745600	0.640	247,133.000000
17.756267	0.640	245,904.000000
17.766933	0.640	247,327.000000
17.777600	0.640	250,826.000000
17.788267	0.640	254,138.000000
17.798933	0.640	256,255.000000
17.809600	0.640	257,144.000000
17.820267	0.640	258,504.000000
17.830933	0.640	261,587.000000
17.841600	0.640	263,833.000000
17.852267	0.640	263,825.000000
17.862933	0.640	264,554.000000
17.873600	0.640	267,669.000000
17.884267	0.640	271,724.000000
17.894933	0.640	276,463.000000
17.905600	0.640	282,671.000000
17.916267	0.640	288,972.000000
17.926933	0.640	292,639.000000
17.937600	0.640	294,063.000000
17.948267	0.640	297,244.000000
17.958933	0.640	303,462.000000
17.969600	0.640	309,777.000000
17.980267	0.640	315,804.000000
17.990933	0.640	323,727.000000
18.001600	0.640	332,428.000000
18.012267	0.640	339,917.000000
18.022933	0.640	347,180.000000
18.033600	0.640	354,433.000000
18.044267	0.640	360,129.000000
18.054933	0.640	366,315.000000
18.065600	0.640	376,625.000000
18.076267	0.640	390,116.000000
18.086933	0.640	406,712.000000
18.097600	0.640	432,333.000000
18.108267	0.640	473,041.000000
18.118933	0.640	532,048.000000
18.129600	0.640	614,215.000000
18.140267	0.640	729,941.000000
18.150933	0.640	893,640.000000
18.161600	0.640	1,120,417.000000
18.172267	0.640	1,426,573.000000
18.182933	0.640	1,836,978.000000
18.193600	0.640	2,391,009.000000
18.204267	0.640	3,133,128.000000
18.214933	0.640	4,108,092.000000
18.225600	0.640	5,382,944.000000
18.236267	0.640	7,079,281.000000
18.246933	0.640	9,401,948.000000
18.257600	0.640	12,655,312.000000
18.268267	0.640	17,230,480.000000
18.278933	0.640	23,522,157.000000
18.289600	0.640	31,727,446.000000
18.300267	0.640	41,574,160.000000
18.310933	0.640	52,118,707.000000
18.321600	0.640	61,753,776.000000
18.332267	0.640	68,520,182.000000
18.342933	0.640	70,751,702.000000
18.353600	0.640	67,775,922.000000
18.364267	0.640	60,186,401.000000
18.374933	0.640	49,596,525.000000
18.385600	0.640	38,045,971.000000
18.396267	0.640	27,304,026.000000
18.406933	0.640	18,459,557.000000
18.417600	0.640	11,885,852.000000
18.428267	0.640	7,410,687.000000
18.438933	0.640	4,578,630.000000
18.449600	0.640	2,887,052.000000
18.460267	0.640	1,921,255.000000
18.470933	0.640	1,401,168.000000
18.481600	0.640	1,164,947.000000
18.492267	0.640	1,121,441.000000
18.502933	0.640	1,218,154.000000
18.513600	0.640	1,431,428.000000
18.524267	0.640	1,758,938.000000
18.534933	0.640	2,212,716.000000
18.545600	0.640	2,818,820.000000
18.556267	0.640	3,634,424.000000
18.566933	0.640	4,773,130.000000
18.577600	0.640	6,421,273.000000
18.588267	0.640	8,831,835.000000
18.598933	0.640	12,257,754.000000
18.609600	0.640	16,840,303.000000
18.620267	0.640	22,487,594.000000
18.630933	0.640	28,716,843.000000
18.641600	0.640	34,556,593.000000
18.652267	0.640	38,753,150.000000
18.662933	0.640	40,281,734.000000
18.673600	0.640	38,753,188.000000
18.684267	0.640	34,497,589.000000
18.694933	0.640	28,449,884.000000
18.705600	0.640	21,810,777.000000
18.716267	0.640	15,615,574.000000
18.726933	0.640	10,512,917.000000
18.737600	0.640	6,732,572.000000
18.748267	0.640	4,167,486.000000
18.758933	0.640	2,542,392.000000
18.769600	0.640	1,560,951.000000
18.780267	0.640	981,232.000000
18.790933	0.640	636,508.000000
18.801600	0.640	428,350.000000
18.812267	0.640	304,870.000000
18.822933	0.640	234,706.000000
18.833600	0.640	193,971.000000
18.844267	0.640	167,546.000000
18.854933	0.640	151,928.000000
18.865600	0.640	147,454.000000
18.876267	0.640	151,600.000000
18.886933	0.640	164,086.000000
18.897600	0.640	187,998.000000
18.908267	0.640	222,885.000000
18.918933	0.640	265,166.000000
18.929600	0.640	315,534.000000
18.940267	0.640	379,566.000000
18.950933	0.640	464,884.000000
18.961600	0.640	576,992.000000
18.972267	0.640	713,838.000000
18.982933	0.640	880,421.000000
18.993600	0.640	1,101,468.000000
19.004267	0.640	1,402,952.000000
19.014933	0.640	1,809,987.000000
19.025600	0.640	2,371,902.000000
19.036267	0.640	3,159,694.000000
19.046933	0.640	4,233,912.000000
19.057600	0.640	5,621,408.000000
19.068267	0.640	7,299,024.000000
19.078933	0.640	9,158,542.000000
19.089600	0.640	10,974,959.000000
19.100267	0.640	12,430,944.000000
19.110933	0.640	13,213,075.000000
19.121600	0.640	13,140,623.000000
19.132267	0.640	12,230,647.000000
19.142933	0.640	10,654,854.000000
19.153600	0.640	8,679,557.000000
19.164267	0.640	6,621,846.000000
19.174933	0.640	4,763,447.000000
19.185600	0.640	3,265,588.000000
19.196267	0.640	2,161,423.000000
19.206933	0.640	1,402,082.000000
19.217600	0.640	903,112.000000
19.228267	0.640	582,641.000000
19.238933	0.640	385,501.000000
19.249600	0.640	274,963.000000
19.260267	0.640	214,795.000000
19.270933	0.640	175,936.000000
19.281600	0.640	148,064.000000
19.292267	0.640	130,911.000000
19.302933	0.640	122,310.000000
19.313600	0.640	118,619.000000
19.324267	0.640	117,820.000000
19.334933	0.640	117,420.000000
19.345600	0.640	115,557.000000
19.356267	0.640	114,073.000000
19.366933	0.640	114,433.000000
19.377600	0.640	114,924.000000
19.388267	0.640	114,304.000000
19.398933	0.640	114,374.000000
19.409600	0.640	116,920.000000
19.420267	0.640	119,734.000000
19.430933	0.640	120,514.000000
19.441600	0.640	122,048.000000
19.452267	0.640	128,154.000000
19.462933	0.640	136,755.000000
19.473600	0.640	142,619.000000
19.484267	0.640	145,701.000000
19.494933	0.640	148,666.000000
19.505600	0.640	149,601.000000
19.516267	0.640	146,105.000000
19.526933	0.640	141,634.000000
19.537600	0.640	140,506.000000
19.548267	0.640	141,229.000000
19.558933	0.640	139,951.000000
19.569600	0.640	136,369.000000
19.580267	0.640	133,004.000000
19.590933	0.640	130,901.000000
19.601600	0.640	129,584.000000
19.612267	0.640	130,009.000000
19.622933	0.640	132,645.000000
19.633600	0.640	135,928.000000
19.644267	0.640	139,449.000000
19.654933	0.640	144,960.000000
19.665600	0.640	153,676.000000
19.676267	0.640	163,514.000000
19.686933	0.640	172,780.000000
19.697600	0.640	183,887.000000
19.708267	0.640	197,377.000000
19.718933	0.640	210,689.000000
19.729600	0.640	224,583.000000
19.740267	0.640	242,926.000000
19.750933	0.640	267,163.000000
19.761600	0.640	294,965.000000
19.772267	0.640	326,290.000000
19.782933	0.640	366,114.000000
19.793600	0.640	418,223.000000
19.804267	0.640	483,107.000000
19.814933	0.640	561,580.000000
19.825600	0.640	656,958.000000
19.836267	0.640	771,580.000000
19.846933	0.640	899,942.000000
19.857600	0.640	1,034,968.000000
19.868267	0.640	1,173,090.000000
19.878933	0.640	1,304,296.000000
19.889600	0.640	1,414,749.000000
19.900267	0.640	1,494,247.000000
19.910933	0.640	1,528,982.000000
19.921600	0.640	1,503,728.000000
19.932267	0.640	1,421,210.000000
19.942933	0.640	1,299,443.000000
19.953600	0.640	1,149,806.000000
19.964267	0.640	983,153.000000
19.974933	0.640	816,618.000000
19.985600	0.640	659,939.000000
19.996267	0.640	519,560.000000
20.006933	0.640	403,597.000000
20.017600	0.640	311,806.000000
20.028267	0.640	238,648.000000
20.038933	0.640	182,408.000000
20.049600	0.640	142,969.000000
20.060267	0.640	117,456.000000
20.070933	0.640	101,189.000000
20.081600	0.640	90,741.000000
20.092267	0.640	84,071.000000
20.102933	0.640	78,995.000000
20.113600	0.640	74,111.000000
20.124267	0.640	70,052.000000
20.134933	0.640	68,228.000000
20.145600	0.640	69,152.000000
20.156267	0.640	72,349.000000
20.166933	0.640	76,232.000000
20.177600	0.640	78,559.000000
20.188267	0.640	79,155.000000
20.198933	0.640	79,827.000000
20.209600	0.640	80,659.000000
20.220267	0.640	79,969.000000
20.230933	0.640	77,695.000000
20.241600	0.640	75,577.000000
20.252267	0.640	73,429.000000
20.262933	0.640	69,810.000000
20.273600	0.640	65,557.000000
20.284267	0.640	61,466.000000
20.294933	0.640	57,750.000000
20.305600	0.640	55,331.000000
20.316267	0.640	53,007.000000
20.326933	0.640	50,318.000000
20.337600	0.640	49,802.000000
20.348267	0.640	50,923.000000
20.358933	0.640	50,787.000000
20.369600	0.640	49,750.000000
20.380267	0.640	49,529.000000
20.390933	0.640	49,717.000000
20.401600	0.640	48,445.000000
20.412267	0.640	45,395.000000
20.422933	0.640	42,848.000000
20.433600	0.640	42,605.000000
20.444267	0.640	44,615.000000
20.454933	0.640	47,394.000000
20.465600	0.640	48,238.000000
20.476267	0.640	46,714.000000
20.486933	0.640	44,930.000000
20.497600	0.640	43,447.000000
20.508267	0.640	42,628.000000
20.518933	0.640	44,020.000000
20.529600	0.640	46,116.000000
20.540267	0.640	45,526.000000
20.550933	0.640	43,207.000000
20.561600	0.640	42,506.000000
20.572267	0.640	43,027.000000
20.582933	0.640	42,753.000000
20.593600	0.640	42,502.000000
20.604267	0.640	43,160.000000
20.614933	0.640	43,176.000000
20.625600	0.640	42,170.000000
20.636267	0.640	42,665.000000
20.646933	0.640	46,634.000000
20.657600	0.640	52,863.000000
20.668267	0.640	58,553.000000
20.678933	0.640	62,838.000000
20.689600	0.640	66,922.000000
20.700267	0.640	71,300.000000
20.710933	0.640	75,765.000000
20.721600	0.640	80,504.000000
20.732267	0.640	86,285.000000
20.742933	0.640	94,515.000000
20.753600	0.640	105,835.000000
20.764267	0.640	119,793.000000
20.774933	0.640	135,939.000000
20.785600	0.640	154,169.000000
20.796267	0.640	175,200.000000
20.806933	0.640	201,131.000000
20.817600	0.640	235,194.000000
20.828267	0.640	281,290.000000
20.838933	0.640	341,750.000000
20.849600	0.640	414,154.000000
20.860267	0.640	495,437.000000
20.870933	0.640	587,576.000000
20.881600	0.640	690,989.000000
20.892267	0.640	800,151.000000
20.902933	0.640	911,001.000000
20.913600	0.640	1,016,074.000000
20.924267	0.640	1,097,308.000000
20.934933	0.640	1,142,555.000000
20.945600	0.640	1,154,977.000000
20.956267	0.640	1,139,819.000000
20.966933	0.640	1,100,027.000000
20.977600	0.640	1,042,235.000000
20.988267	0.640	976,168.000000
20.998933	0.640	912,500.000000
21.009600	0.640	862,023.000000
21.020267	0.640	832,608.000000
21.030933	0.640	830,110.000000
21.041600	0.640	860,495.000000
21.052267	0.640	926,380.000000
21.062933	0.640	1,025,442.000000
21.073600	0.640	1,153,775.000000
21.084267	0.640	1,311,323.000000
21.094933	0.640	1,505,632.000000
21.105600	0.640	1,746,029.000000
21.116267	0.640	2,037,081.000000
21.126933	0.640	2,383,150.000000
21.137600	0.640	2,793,818.000000
21.148267	0.640	3,277,197.000000
21.158933	0.640	3,824,400.000000
21.169600	0.640	4,406,399.000000
21.180267	0.640	4,984,690.000000
21.190933	0.640	5,509,515.000000
21.201600	0.640	5,919,488.000000
21.212267	0.640	6,166,551.000000
21.222933	0.640	6,220,920.000000
21.233600	0.640	6,057,229.000000
21.244267	0.640	5,682,103.000000
21.254933	0.640	5,143,473.000000
21.265600	0.640	4,490,853.000000
21.276267	0.640	3,775,528.000000
21.286933	0.640	3,066,704.000000
21.297600	0.640	2,420,502.000000
21.308267	0.640	1,858,942.000000
21.318933	0.640	1,390,866.000000
21.329600	0.640	1,019,840.000000
21.340267	0.640	735,269.000000
21.350933	0.640	521,072.000000
21.361600	0.640	366,447.000000
21.372267	0.640	263,171.000000
21.382933	0.640	200,033.000000
21.393600	0.640	162,810.000000
21.404267	0.640	138,569.000000
21.414933	0.640	121,027.000000
21.425600	0.640	111,353.000000
21.436267	0.640	110,213.000000
21.446933	0.640	112,908.000000
21.457600	0.640	114,752.000000
21.468267	0.640	115,445.000000
21.478933	0.640	115,709.000000
21.489600	0.640	115,058.000000
21.500267	0.640	113,332.000000
21.510933	0.640	110,146.000000
21.521600	0.640	105,389.000000
21.532267	0.640	100,216.000000
21.542933	0.640	95,193.000000
21.553600	0.640	89,042.000000
21.564267	0.640	80,717.000000
21.574933	0.640	72,151.000000
21.585600	0.640	65,797.000000
21.596267	0.640	61,232.000000
21.606933	0.640	56,965.000000
21.617600	0.640	52,950.000000
21.628267	0.640	50,136.000000
21.638933	0.640	48,389.000000
21.649600	0.640	46,900.000000
21.660267	0.640	46,200.000000
21.670933	0.640	46,391.000000
21.681600	0.640	46,441.000000
21.692267	0.640	46,695.000000
21.702933	0.640	47,608.000000
21.713600	0.640	48,250.000000
21.724267	0.640	48,372.000000
21.734933	0.640	48,449.000000
21.745600	0.640	48,151.000000
21.756267	0.640	47,095.000000
21.766933	0.640	45,643.000000
21.777600	0.640	44,505.000000
21.788267	0.640	44,905.000000
21.798933	0.640	47,337.000000
21.809600	0.640	49,800.000000
21.820267	0.640	50,215.000000
21.830933	0.640	48,901.000000
21.841600	0.640	47,255.000000
21.852267	0.640	47,093.000000
21.862933	0.640	49,063.000000
21.873600	0.640	50,451.000000
21.884267	0.640	49,119.000000
21.894933	0.640	47,207.000000
21.905600	0.640	47,339.000000
21.916267	0.640	48,541.000000
21.926933	0.640	48,655.000000
21.937600	0.640	47,732.000000
21.948267	0.640	46,889.000000
21.958933	0.640	46,898.000000
21.969600	0.640	48,158.000000
21.980267	0.640	50,087.000000
21.990933	0.640	51,011.000000
22.001600	0.640	50,077.000000
22.012267	0.640	49,010.000000
22.022933	0.640	49,861.000000
22.033600	0.640	52,312.000000
22.044267	0.640	54,639.000000
22.054933	0.640	55,461.000000
22.065600	0.640	54,426.000000
22.076267	0.640	52,480.000000
22.086933	0.640	51,709.000000
22.097600	0.640	53,682.000000
22.108267	0.640	57,410.000000
22.118933	0.640	60,420.000000
22.129600	0.640	61,817.000000
22.140267	0.640	63,067.000000
22.150933	0.640	66,206.000000
22.161600	0.640	72,431.000000
22.172267	0.640	81,617.000000
22.182933	0.640	91,706.000000
22.193600	0.640	100,785.000000
22.204267	0.640	110,423.000000
22.214933	0.640	123,541.000000
22.225600	0.640	140,590.000000
22.236267	0.640	160,672.000000
22.246933	0.640	184,408.000000
22.257600	0.640	213,758.000000
22.268267	0.640	249,421.000000
22.278933	0.640	289,808.000000
22.289600	0.640	334,105.000000
22.300267	0.640	385,064.000000
22.310933	0.640	446,515.000000
22.321600	0.640	520,090.000000
22.332267	0.640	606,246.000000
22.342933	0.640	705,375.000000
22.353600	0.640	817,195.000000
22.364267	0.640	947,057.000000
22.374933	0.640	1,110,266.000000
22.385600	0.640	1,318,423.000000
22.396267	0.640	1,569,552.000000
22.406933	0.640	1,863,707.000000
22.417600	0.640	2,219,549.000000
22.428267	0.640	2,662,342.000000
22.438933	0.640	3,203,458.000000
22.449600	0.640	3,845,327.000000
22.460267	0.640	4,588,796.000000
22.470933	0.640	5,421,996.000000
22.481600	0.640	6,318,953.000000
22.492267	0.640	7,237,129.000000
22.502933	0.640	8,106,675.000000
22.513600	0.640	8,855,190.000000
22.524267	0.640	9,432,400.000000
22.534933	0.640	9,785,426.000000
22.545600	0.640	9,857,330.000000
22.556267	0.640	9,632,993.000000
22.566933	0.640	9,137,665.000000
22.577600	0.640	8,408,838.000000
22.588267	0.640	7,508,853.000000
22.598933	0.640	6,509,374.000000
22.609600	0.640	5,468,265.000000
22.620267	0.640	4,452,924.000000
22.630933	0.640	3,524,145.000000
22.641600	0.640	2,708,660.000000
22.652267	0.640	2,022,712.000000
22.662933	0.640	1,475,144.000000
22.673600	0.640	1,052,923.000000
22.684267	0.640	736,030.000000
22.694933	0.640	508,662.000000
22.705600	0.640	353,392.000000
22.716267	0.640	250,394.000000
22.726933	0.640	181,383.000000
22.737600	0.640	133,911.000000
22.748267	0.640	103,522.000000
22.758933	0.640	86,865.000000
22.769600	0.640	76,145.000000
22.780267	0.640	65,925.000000
22.790933	0.640	57,671.000000
22.801600	0.640	54,144.000000
22.812267	0.640	55,557.000000
22.822933	0.640	59,350.000000
22.833600	0.640	61,497.000000
22.844267	0.640	60,702.000000
22.854933	0.640	59,076.000000
22.865600	0.640	58,576.000000
22.876267	0.640	59,952.000000
22.886933	0.640	63,474.000000
22.897600	0.640	69,487.000000
22.908267	0.640	78,732.000000
22.918933	0.640	90,414.000000
22.929600	0.640	102,804.000000
22.940267	0.640	117,497.000000
22.950933	0.640	137,931.000000
22.961600	0.640	165,218.000000
22.972267	0.640	199,187.000000
22.982933	0.640	240,445.000000
22.993600	0.640	291,612.000000
23.004267	0.640	356,459.000000
23.014933	0.640	437,807.000000
23.025600	0.640	539,863.000000
23.036267	0.640	668,367.000000
23.046933	0.640	825,712.000000
23.057600	0.640	1,010,130.000000
23.068267	0.640	1,225,843.000000
23.078933	0.640	1,489,963.000000
23.089600	0.640	1,818,258.000000
23.100267	0.640	2,221,167.000000
23.110933	0.640	2,722,918.000000
23.121600	0.640	3,363,416.000000
23.132267	0.640	4,188,111.000000
23.142933	0.640	5,255,398.000000
23.153600	0.640	6,645,086.000000
23.164267	0.640	8,446,559.000000
23.174933	0.640	10,720,885.000000
23.185600	0.640	13,455,766.000000
23.196267	0.640	16,561,134.000000
23.206933	0.640	19,862,177.000000
23.217600	0.640	23,043,378.000000
23.228267	0.640	25,673,471.000000
23.238933	0.640	27,362,972.000000
23.249600	0.640	27,870,918.000000
23.260267	0.640	27,083,226.000000
23.270933	0.640	25,034,754.000000
23.281600	0.640	21,986,236.000000
23.292267	0.640	18,365,494.000000
23.302933	0.640	14,613,629.000000
23.313600	0.640	11,090,141.000000
23.324267	0.640	8,038,655.000000
23.334933	0.640	5,578,081.000000
23.345600	0.640	3,722,720.000000
23.356267	0.640	2,416,478.000000
23.366933	0.640	1,555,458.000000
23.377600	0.640	1,011,158.000000
23.388267	0.640	672,388.000000
23.398933	0.640	472,078.000000
23.409600	0.640	364,444.000000
23.420267	0.640	305,494.000000
23.430933	0.640	268,812.000000
23.441600	0.640	245,772.000000
23.452267	0.640	228,845.000000
23.462933	0.640	211,783.000000
23.473600	0.640	194,656.000000
23.484267	0.640	178,892.000000
23.494933	0.640	163,748.000000
23.505600	0.640	148,514.000000
23.516267	0.640	132,913.000000
23.526933	0.640	118,144.000000
23.537600	0.640	106,867.000000
23.548267	0.640	99,073.000000
23.558933	0.640	93,477.000000
23.569600	0.640	90,619.000000
23.580267	0.640	89,620.000000
23.590933	0.640	87,686.000000
23.601600	0.640	84,636.000000
23.612267	0.640	81,859.000000
23.622933	0.640	78,357.000000
23.633600	0.640	74,164.000000
23.644267	0.640	71,864.000000
23.654933	0.640	70,567.000000
23.665600	0.640	67,442.000000
23.676267	0.640	63,597.000000
23.686933	0.640	60,982.000000
23.697600	0.640	59,285.000000
23.708267	0.640	58,990.000000
23.718933	0.640	60,660.000000
23.729600	0.640	61,703.000000
23.740267	0.640	60,903.000000
23.750933	0.640	61,197.000000
23.761600	0.640	63,122.000000
23.772267	0.640	64,257.000000
23.782933	0.640	64,663.000000
23.793600	0.640	65,379.000000
23.804267	0.640	66,178.000000
23.814933	0.640	67,333.000000
23.825600	0.640	68,852.000000
23.836267	0.640	69,154.000000
23.846933	0.640	67,606.000000
23.857600	0.640	66,034.000000
23.868267	0.640	65,640.000000
23.878933	0.640	65,223.000000
23.889600	0.640	63,939.000000
23.900267	0.640	62,174.000000
23.910933	0.640	60,195.000000
23.921600	0.640	59,156.000000
23.932267	0.640	60,562.000000
23.942933	0.640	63,207.000000
23.953600	0.640	64,517.000000
23.964267	0.640	64,646.000000
23.974933	0.640	66,324.000000
23.985600	0.640	71,324.000000
23.996267	0.640	77,710.000000
24.006933	0.640	81,769.000000
24.017600	0.640	83,106.000000
24.028267	0.640	83,947.000000
24.038933	0.640	83,695.000000
24.049600	0.640	79,786.000000
24.060267	0.640	73,080.000000
24.070933	0.640	67,943.000000
24.081600	0.640	67,209.000000
24.092267	0.640	68,034.000000
24.102933	0.640	65,930.000000
24.113600	0.640	62,657.000000
24.124267	0.640	62,331.000000
24.134933	0.640	63,325.000000
24.145600	0.640	62,414.000000
24.156267	0.640	61,212.000000
24.166933	0.640	62,835.000000
24.177600	0.640	66,138.000000
24.188267	0.640	67,648.000000
24.198933	0.640	67,213.000000
24.209600	0.640	67,693.000000
24.220267	0.640	69,796.000000
24.230933	0.640	71,143.000000
24.241600	0.640	70,988.000000
24.252267	0.640	70,975.000000
24.262933	0.640	71,737.000000
24.273600	0.640	73,300.000000
24.284267	0.640	76,188.000000
24.294933	0.640	80,055.000000
24.305600	0.640	84,400.000000
24.316267	0.640	89,978.000000
24.326933	0.640	97,426.000000
24.337600	0.640	107,658.000000
24.348267	0.640	122,875.000000
24.358933	0.640	144,743.000000
24.369600	0.640	176,872.000000
24.380267	0.640	229,527.000000
24.390933	0.640	320,147.000000
24.401600	0.640	470,131.000000
24.412267	0.640	702,992.000000
24.422933	0.640	1,055,049.000000
24.433600	0.640	1,586,975.000000
24.444267	0.640	2,376,709.000000
24.454933	0.640	3,515,085.000000
24.465600	0.640	5,144,046.000000
24.476267	0.640	7,547,617.000000
24.486933	0.640	11,244,105.000000
24.497600	0.640	16,978,922.000000
24.508267	0.640	25,490,078.000000
24.518933	0.640	36,912,904.000000
24.529600	0.640	49,987,524.000000
24.540267	0.640	61,755,836.000000
24.550933	0.640	68,464,902.000000
24.561600	0.640	67,489,622.000000
24.572267	0.640	58,921,215.000000
24.582933	0.640	45,570,070.000000
24.593600	0.640	31,427,234.000000
24.604267	0.640	19,662,791.000000
24.614933	0.640	11,508,244.000000
24.625600	0.640	6,566,291.000000
24.636267	0.640	3,806,896.000000
24.646933	0.640	2,303,662.000000
24.657600	0.640	1,461,379.000000
24.668267	0.640	959,921.000000
24.678933	0.640	646,269.000000
24.689600	0.640	447,630.000000
24.700267	0.640	320,598.000000
24.710933	0.640	239,147.000000
24.721600	0.640	190,504.000000
24.732267	0.640	164,479.000000
24.742933	0.640	150,739.000000
24.753600	0.640	143,484.000000
24.764267	0.640	141,082.000000
24.774933	0.640	142,072.000000
24.785600	0.640	144,380.000000
24.796267	0.640	148,466.000000
24.806933	0.640	156,858.000000
24.817600	0.640	169,195.000000
24.828267	0.640	183,329.000000
24.838933	0.640	197,910.000000
24.849600	0.640	212,128.000000
24.860267	0.640	228,791.000000
24.870933	0.640	252,954.000000
24.881600	0.640	285,888.000000
24.892267	0.640	327,550.000000
24.902933	0.640	384,368.000000
24.913600	0.640	469,330.000000
24.924267	0.640	597,613.000000
24.934933	0.640	790,575.000000
24.945600	0.640	1,087,752.000000
24.956267	0.640	1,568,483.000000
24.966933	0.640	2,411,174.000000
24.977600	0.640	3,986,051.000000
24.988267	0.640	6,804,478.000000
24.998933	0.640	11,041,018.000000
25.009600	0.640	15,795,205.000000
25.020267	0.640	19,058,869.000000
25.030933	0.640	19,028,658.000000
25.041600	0.640	15,678,191.000000
25.052267	0.640	10,819,485.000000
25.062933	0.640	6,572,313.000000
25.073600	0.640	3,928,028.000000
25.084267	0.640	2,638,748.000000
25.094933	0.640	2,017,166.000000
25.105600	0.640	1,598,028.000000
25.116267	0.640	1,236,436.000000
25.126933	0.640	926,761.000000
25.137600	0.640	679,803.000000
25.148267	0.640	496,724.000000
25.158933	0.640	369,271.000000
25.169600	0.640	283,712.000000
25.180267	0.640	224,740.000000
25.190933	0.640	182,385.000000
25.201600	0.640	154,304.000000
25.212267	0.640	137,423.000000
25.222933	0.640	126,395.000000
25.233600	0.640	118,776.000000
25.244267	0.640	113,990.000000
25.254933	0.640	110,487.000000
25.265600	0.640	105,831.000000
25.276267	0.640	99,813.000000
25.286933	0.640	95,531.000000
25.297600	0.640	93,384.000000
25.308267	0.640	90,448.000000
25.318933	0.640	87,356.000000
25.329600	0.640	86,596.000000
25.340267	0.640	86,885.000000
25.350933	0.640	85,967.000000
25.361600	0.640	85,296.000000
25.372267	0.640	87,449.000000
25.382933	0.640	90,544.000000
25.393600	0.640	90,417.000000
25.404267	0.640	87,328.000000
25.414933	0.640	84,935.000000
25.425600	0.640	84,698.000000
25.436267	0.640	85,872.000000
25.446933	0.640	87,986.000000
25.457600	0.640	90,325.000000
25.468267	0.640	91,493.000000
25.478933	0.640	91,396.000000
25.489600	0.640	91,881.000000
25.500267	0.640	93,546.000000
25.510933	0.640	95,205.000000
25.521600	0.640	96,754.000000
25.532267	0.640	98,609.000000
25.542933	0.640	100,488.000000
25.553600	0.640	101,784.000000
25.564267	0.640	102,382.000000
25.574933	0.640	103,226.000000
25.585600	0.640	103,452.000000
25.596267	0.640	100,177.000000
25.606933	0.640	94,330.000000
25.617600	0.640	89,912.000000
25.628267	0.640	87,117.000000
25.638933	0.640	84,146.000000
25.649600	0.640	82,583.000000
25.660267	0.640	83,498.000000
25.670933	0.640	84,036.000000
25.681600	0.640	82,931.000000
25.692267	0.640	82,383.000000
25.702933	0.640	83,149.000000
25.713600	0.640	83,473.000000
25.724267	0.640	82,801.000000
25.734933	0.640	83,543.000000
25.745600	0.640	86,575.000000
25.756267	0.640	88,385.000000
25.766933	0.640	86,950.000000
25.777600	0.640	85,246.000000
25.788267	0.640	86,558.000000
25.798933	0.640	89,776.000000
25.809600	0.640	91,863.000000
25.820267	0.640	93,635.000000
25.830933	0.640	97,841.000000
25.841600	0.640	104,112.000000
25.852267	0.640	110,357.000000
25.862933	0.640	114,546.000000
25.873600	0.640	115,487.000000
25.884267	0.640	115,916.000000
25.894933	0.640	120,376.000000
25.905600	0.640	129,506.000000
25.916267	0.640	141,327.000000
25.926933	0.640	154,723.000000
25.937600	0.640	167,562.000000
25.948267	0.640	175,696.000000
25.958933	0.640	177,387.000000
25.969600	0.640	174,983.000000
25.980267	0.640	172,452.000000
25.990933	0.640	176,251.000000
26.001600	0.640	193,813.000000
26.012267	0.640	230,443.000000
26.022933	0.640	296,474.000000
26.033600	0.640	419,713.000000
26.044267	0.640	663,394.000000
26.054933	0.640	1,165,498.000000
26.065600	0.640	2,173,142.000000
26.076267	0.640	3,937,390.000000
26.086933	0.640	6,342,666.000000
26.097600	0.640	8,524,561.000000
26.108267	0.640	9,166,867.000000
26.118933	0.640	7,652,204.000000
26.129600	0.640	4,841,735.000000
26.140267	0.640	2,304,417.000000
26.150933	0.640	899,618.000000
26.161600	0.640	418,320.000000
26.172267	0.640	297,102.000000
26.182933	0.640	226,357.000000
26.193600	0.640	162,867.000000
26.204267	0.640	126,218.000000
26.214933	0.640	113,086.000000
26.225600	0.640	108,764.000000
26.236267	0.640	104,705.000000
26.246933	0.640	101,470.000000
26.257600	0.640	101,977.000000
26.268267	0.640	105,542.000000
26.278933	0.640	108,179.000000
26.289600	0.640	106,900.000000
26.300267	0.640	103,701.000000
26.310933	0.640	101,801.000000
26.321600	0.640	100,537.000000
26.332267	0.640	99,057.000000
26.342933	0.640	98,496.000000
26.353600	0.640	98,675.000000
26.364267	0.640	98,652.000000
26.374933	0.640	98,596.000000
26.385600	0.640	99,143.000000
26.396267	0.640	101,020.000000
26.406933	0.640	104,128.000000
26.417600	0.640	106,572.000000
26.428267	0.640	108,033.000000
26.438933	0.640	112,887.000000
26.449600	0.640	125,228.000000
26.460267	0.640	145,688.000000
26.470933	0.640	176,016.000000
26.481600	0.640	219,285.000000
26.492267	0.640	275,343.000000
26.502933	0.640	336,047.000000
26.513600	0.640	376,909.000000
26.524267	0.640	363,530.000000
26.534933	0.640	289,003.000000
26.545600	0.640	194,384.000000
26.556267	0.640	129,242.000000
26.566933	0.640	104,995.000000
26.577600	0.640	100,792.000000
26.588267	0.640	97,470.000000
26.598933	0.640	92,273.000000
26.609600	0.640	90,459.000000
26.620267	0.640	93,299.000000
26.630933	0.640	96,185.000000
26.641600	0.640	96,613.000000
26.652267	0.640	97,123.000000
26.662933	0.640	99,126.000000
26.673600	0.640	100,957.000000
26.684267	0.640	102,313.000000
26.694933	0.640	105,528.000000
26.705600	0.640	111,962.000000
26.716267	0.640	120,058.000000
26.726933	0.640	127,504.000000
26.737600	0.640	133,297.000000
26.748267	0.640	137,865.000000
26.758933	0.640	142,292.000000
26.769600	0.640	147,398.000000
26.780267	0.640	153,141.000000
26.790933	0.640	160,136.000000
26.801600	0.640	171,845.000000
26.812267	0.640	189,113.000000
26.822933	0.640	206,726.000000
26.833600	0.640	231,676.000000
26.844267	0.640	295,063.000000
26.854933	0.640	415,392.000000
26.865600	0.640	550,954.000000
26.876267	0.640	620,754.000000
26.886933	0.640	584,423.000000
26.897600	0.640	483,935.000000
26.908267	0.640	403,706.000000
26.918933	0.640	392,751.000000
26.929600	0.640	416,835.000000
26.940267	0.640	405,861.000000
26.950933	0.640	347,882.000000
26.961600	0.640	292,062.000000
26.972267	0.640	273,492.000000
26.982933	0.640	280,445.000000
26.993600	0.640	287,191.000000
27.004267	0.640	289,308.000000
27.014933	0.640	301,599.000000
27.025600	0.640	349,777.000000
27.036267	0.640	465,527.000000
27.046933	0.640	627,668.000000
27.057600	0.640	718,121.000000
27.068267	0.640	650,817.000000
27.078933	0.640	513,941.000000
27.089600	0.640	450,032.000000
27.100267	0.640	468,380.000000
27.110933	0.640	491,916.000000
27.121600	0.640	497,542.000000
27.132267	0.640	519,199.000000
27.142933	0.640	574,524.000000
27.153600	0.640	648,073.000000
27.164267	0.640	719,527.000000
27.174933	0.640	786,881.000000
27.185600	0.640	866,580.000000
27.196267	0.640	965,518.000000
27.206933	0.640	1,071,358.000000
27.217600	0.640	1,189,827.000000
27.228267	0.640	1,378,488.000000
27.238933	0.640	1,773,143.000000
27.249600	0.640	2,732,768.000000
27.260267	0.640	5,022,786.000000
27.270933	0.640	8,870,949.000000
27.281600	0.640	12,039,813.000000
27.292267	0.640	11,229,957.000000
27.302933	0.640	6,742,929.000000
27.313600	0.640	2,427,904.000000
27.324267	0.640	612,698.000000
27.334933	0.640	439,610.000000
27.345600	0.640	488,069.000000
27.356267	0.640	382,422.000000
27.366933	0.640	290,903.000000
27.377600	0.640	287,000.000000
27.388267	0.640	305,668.000000
27.398933	0.640	296,678.000000
27.409600	0.640	275,600.000000
27.420267	0.640	277,446.000000
27.430933	0.640	301,337.000000
27.441600	0.640	308,416.000000
27.452267	0.640	276,323.000000
27.462933	0.640	233,662.000000
27.473600	0.640	217,498.000000
27.484267	0.640	226,196.000000
27.494933	0.640	238,786.000000
27.505600	0.640	252,574.000000
27.516267	0.640	288,464.000000
27.526933	0.640	356,088.000000
27.537600	0.640	410,792.000000
27.548267	0.640	395,518.000000
27.558933	0.640	328,744.000000
27.569600	0.640	282,501.000000
27.580267	0.640	289,751.000000
27.590933	0.640	325,785.000000
27.601600	0.640	356,149.000000
27.612267	0.640	371,943.000000
27.622933	0.640	386,559.000000
27.633600	0.640	414,785.000000
27.644267	0.640	464,701.000000
27.654933	0.640	543,809.000000
27.665600	0.640	660,543.000000
27.676267	0.640	800,830.000000
27.686933	0.640	896,062.000000
27.697600	0.640	864,710.000000
27.708267	0.640	702,427.000000
27.718933	0.640	482,442.000000
27.729600	0.640	290,742.000000
27.740267	0.640	186,933.000000
27.750933	0.640	194,247.000000
27.761600	0.640	330,797.000000
27.772267	0.640	587,952.000000
27.782933	0.640	811,174.000000
27.793600	0.640	781,004.000000
27.804267	0.640	510,433.000000
27.814933	0.640	241,344.000000
27.825600	0.640	122,839.000000
27.836267	0.640	106,135.000000
27.846933	0.640	107,893.000000
27.857600	0.640	105,931.000000
27.868267	0.640	105,345.000000
27.878933	0.640	105,040.000000
27.889600	0.640	102,494.000000
27.900267	0.640	100,419.000000
27.910933	0.640	101,257.000000
27.921600	0.640	104,621.000000
27.932267	0.640	109,179.000000
27.942933	0.640	112,151.000000
27.953600	0.640	113,024.000000
27.964267	0.640	115,998.000000
27.974933	0.640	124,712.000000
27.985600	0.640	140,406.000000
27.996267	0.640	160,549.000000
28.006933	0.640	176,519.000000
28.017600	0.640	182,809.000000
28.028267	0.640	183,026.000000
28.038933	0.640	182,073.000000
28.049600	0.640	183,855.000000
28.060267	0.640	192,996.000000
28.070933	0.640	208,803.000000
28.081600	0.640	221,953.000000
28.092267	0.640	221,709.000000
28.102933	0.640	204,883.000000
28.113600	0.640	178,302.000000
28.124267	0.640	153,216.000000
28.134933	0.640	135,806.000000
28.145600	0.640	124,598.000000
28.156267	0.640	116,095.000000
28.166933	0.640	109,213.000000
28.177600	0.640	104,994.000000
28.188267	0.640	104,692.000000
28.198933	0.640	109,240.000000
28.209600	0.640	120,620.000000
28.220267	0.640	141,346.000000
28.230933	0.640	167,591.000000
28.241600	0.640	184,509.000000
28.252267	0.640	178,247.000000
28.262933	0.640	153,178.000000
28.273600	0.640	126,708.000000
28.284267	0.640	110,218.000000
28.294933	0.640	104,482.000000
28.305600	0.640	105,502.000000
28.316267	0.640	108,043.000000
28.326933	0.640	108,173.000000
28.337600	0.640	104,964.000000
28.348267	0.640	101,099.000000
28.358933	0.640	101,980.000000
28.369600	0.640	111,385.000000
28.380267	0.640	125,319.000000
28.390933	0.640	132,380.000000
28.401600	0.640	125,517.000000
28.412267	0.640	110,428.000000
28.422933	0.640	97,331.000000
28.433600	0.640	90,904.000000
28.444267	0.640	91,115.000000
28.454933	0.640	95,697.000000
28.465600	0.640	101,236.000000
28.476267	0.640	106,618.000000
28.486933	0.640	113,035.000000
28.497600	0.640	118,917.000000
28.508267	0.640	120,946.000000
28.518933	0.640	120,717.000000
28.529600	0.640	122,774.000000
28.540267	0.640	127,548.000000
28.550933	0.640	132,575.000000
28.561600	0.640	139,837.000000
28.572267	0.640	155,448.000000
28.582933	0.640	182,078.000000
28.593600	0.640	221,694.000000
28.604267	0.640	273,989.000000
28.614933	0.640	314,522.000000
28.625600	0.640	303,058.000000
28.636267	0.640	235,560.000000
28.646933	0.640	155,440.000000
28.657600	0.640	101,893.000000
28.668267	0.640	76,683.000000
28.678933	0.640	62,933.000000
28.689600	0.640	51,751.000000
28.700267	0.640	43,955.000000
28.710933	0.640	46,557.000000
28.721600	0.640	68,316.000000
28.732267	0.640	90,909.000000
28.742933	0.640	79,341.000000
28.753600	0.640	42,208.000000
28.764267	0.640	18,459.000000
28.774933	0.640	16,773.000000
28.785600	0.640	19,688.000000
28.796267	0.640	17,768.000000
28.806933	0.640	14,212.000000
28.817600	0.640	12,559.000000
28.828267	0.640	11,880.000000
28.838933	0.640	10,638.000000
28.849600	0.640	9,040.000000
28.860267	0.640	8,117.000000
28.870933	0.640	8,273.000000
28.881600	0.640	8,576.000000
28.892267	0.640	8,302.000000
28.902933	0.640	8,052.000000
28.913600	0.640	7,969.000000
28.924267	0.640	7,450.000000
28.934933	0.640	6,723.000000
28.945600	0.640	6,286.000000
28.956267	0.640	6,104.000000
28.966933	0.640	5,855.000000
28.977600	0.640	5,335.000000
28.988267	0.640	4,936.000000
28.998933	0.640	4,590.000000
29.009600	0.640	3,838.000000
29.020267	0.640	3,473.000000
29.030933	0.640	4,381.000000
29.041600	0.640	5,587.000000
29.052267	0.640	5,125.000000
29.062933	0.640	3,190.000000
29.073600	0.640	1,813.000000
29.084267	0.640	1,045.000000
29.094933	0.640	204.000000
29.105600	0.640	396.000000
29.116267	0.640	1,704.000000
29.126933	0.640	2,150.000000
29.137600	0.640	1,327.000000
29.148267	0.640	407.000000
29.158933	0.640	-632.000000
29.169600	0.640	-1,162.000000
29.180267	0.640	133.000000
29.190933	0.640	1,869.000000
29.201600	0.640	1,994.000000
29.212267	0.640	924.000000
29.222933	0.640	327.000000
29.233600	0.640	626.000000
29.244267	0.640	486.000000
29.254933	0.640	-326.000000
29.265600	0.640	-261.000000
29.276267	0.640	809.000000
29.286933	0.640	1,345.000000
29.297600	0.640	724.000000
29.308267	0.640	-259.000000
29.318933	0.640	-869.000000
29.329600	0.640	-958.000000
29.340267	0.640	-649.000000
29.350933	0.640	-229.000000
29.361600	0.640	145.000000
29.372267	0.640	115.000000
29.382933	0.640	-732.000000
29.393600	0.640	-1,619.000000
29.404267	0.640	-1,443.000000
29.414933	0.640	-439.000000
29.425600	0.640	406.000000
29.436267	0.640	369.000000
29.446933	0.640	-273.000000
29.457600	0.640	-297.000000
29.468267	0.640	677.000000
29.478933	0.640	1,470.000000
29.489600	0.640	867.000000
29.500267	0.640	-751.000000
29.510933	0.640	-2,018.000000
29.521600	0.640	-2,365.000000
29.532267	0.640	-1,811.000000
29.542933	0.640	-619.000000
29.553600	0.640	313.000000
29.564267	0.640	569.000000
29.574933	0.640	553.000000
29.585600	0.640	446.000000
29.596267	0.640	235.000000
29.606933	0.640	156.000000
29.617600	0.640	325.000000
29.628267	0.640	248.000000
29.638933	0.640	-336.000000
29.649600	0.640	-915.000000
29.660267	0.640	-1,230.000000
29.670933	0.640	-1,382.000000
29.681600	0.640	-1,719.000000
29.692267	0.640	-2,661.000000
29.702933	0.640	-3,270.000000
29.713600	0.640	-2,051.000000
29.724267	0.640	251.000000
29.734933	0.640	988.000000
29.745600	0.640	-943.000000
29.756267	0.640	-3,094.000000
29.766933	0.640	-2,772.000000
29.777600	0.640	-1,056.000000
29.788267	0.640	-395.000000
29.798933	0.640	-1,214.000000
29.809600	0.640	-2,553.000000
29.820267	0.640	-3,220.000000
29.830933	0.640	-2,666.000000
29.841600	0.640	-1,908.000000
29.852267	0.640	-2,455.000000
29.862933	0.640	-3,777.000000
29.873600	0.640	-4,311.000000
29.884267	0.640	-4,151.000000
29.894933	0.640	-3,613.000000
29.905600	0.640	-2,176.000000
29.916267	0.640	-229.000000
29.926933	0.640	907.000000
29.937600	0.640	365.000000
29.948267	0.640	-1,120.000000
29.958933	0.640	-1,970.000000
29.969600	0.640	-1,963.000000
29.980267	0.640	-1,749.000000
29.990933	0.640	-1,609.000000
30.001600	0.640	-1,581.000000
