File Path	chrom://nnfcb-l0495/ChromeleonLocal/20180320_AA_Lars Nielsen samples Vienna_lbpet.seq/880.smp/Emission_2.channel/Emission_2.chm
Channel	Emission_2

Injection Information:
Data Vault	ChromeleonLocal
Injection	20180320_Lars Nielsen samples Vienna_dx20_BA8
Injection Number	21
Position	BA8
Comment	
Processing Method	20171024_Calculated with IS_lbpet
Instrument Method	20161104_AA_GeminiC18_FinalVer7
Type	Unknown
Status	Finished
Injection Date	20-03-2018
Injection Time	22:32:50
Injection Volume (µl)	56.500
Dilution Factor	1.0000
Weight	1.0000

Raw Data Information:
Time Min. (min)	0.007833
Time Max. (min)	30.005500
Data Points	2861
Detector	FLD
Exporting Data System	Chromeleon 7.1.2.1478
Operator	
Signal Quantity	
Signal Unit	counts
Signal Min.	-21,236.000000
Signal Max.	255,170,738.000000
Channel	Emission_2
Driver Name	FLD3000.dll
Channel Type	Evaluation
Min. Step (s)	0.010
Max. Step (s)	0.820
Average Step (s)	0.629

Signal Parameter Information:
Signal Info	266 nm /305 nm

Raw Data:
Time (min)	Step (s)	Value (counts)
0.007833	0.000	0.000000
0.021500	0.820	0.000000
0.032167	0.640	0.000000
0.042833	0.640	-2,568.000000
0.053500	0.640	-3,525.000000
0.064167	0.640	518.000000
0.074833	0.640	5,860.000000
0.085500	0.640	7,577.000000
0.096167	0.640	8,895.000000
0.106833	0.640	13,167.000000
0.117500	0.640	15,215.000000
0.128167	0.640	10,272.000000
0.138833	0.640	1,438.000000
0.149500	0.640	-3,965.000000
0.160167	0.640	-1,297.000000
0.170833	0.640	4,389.000000
0.181500	0.640	4,994.000000
0.192167	0.640	2,888.000000
0.202833	0.640	2,569.000000
0.213500	0.640	2,386.000000
0.224167	0.640	4,076.000000
0.234833	0.640	8,274.000000
0.245500	0.640	8,076.000000
0.256167	0.640	2,213.000000
0.266833	0.640	-1,814.000000
0.277500	0.640	-473.000000
0.288167	0.640	2,084.000000
0.298833	0.640	2,102.000000
0.309500	0.640	1,425.000000
0.320167	0.640	1,731.000000
0.330833	0.640	-268.000000
0.341500	0.640	-5,504.000000
0.352167	0.640	-7,933.000000
0.362833	0.640	-4,062.000000
0.373500	0.640	-199.000000
0.384167	0.640	-3,123.000000
0.394833	0.640	-7,624.000000
0.405500	0.640	-4,608.000000
0.416167	0.640	2,346.000000
0.426833	0.640	5,164.000000
0.437500	0.640	4,397.000000
0.448167	0.640	2,615.000000
0.458833	0.640	1,617.000000
0.469500	0.640	2,878.000000
0.480167	0.640	3,915.000000
0.490833	0.640	2,867.000000
0.501500	0.640	-25.000000
0.512167	0.640	-4,340.000000
0.522833	0.640	-6,228.000000
0.533500	0.640	-2,963.000000
0.544167	0.640	974.000000
0.554833	0.640	-548.000000
0.565500	0.640	-7,973.000000
0.576167	0.640	-16,528.000000
0.586833	0.640	-20,576.000000
0.597500	0.640	-15,167.000000
0.608167	0.640	-2,930.000000
0.618833	0.640	3,247.000000
0.629500	0.640	-2,260.000000
0.640167	0.640	-10,800.000000
0.650833	0.640	-14,154.000000
0.661500	0.640	-12,134.000000
0.672167	0.640	-8,640.000000
0.682833	0.640	-6,204.000000
0.693500	0.640	-4,532.000000
0.704167	0.640	-3,505.000000
0.714833	0.640	-4,113.000000
0.725500	0.640	-6,020.000000
0.736167	0.640	-6,324.000000
0.746833	0.640	-3,521.000000
0.757500	0.640	-946.000000
0.768167	0.640	-765.000000
0.778833	0.640	-579.000000
0.789500	0.640	98.000000
0.800167	0.640	-135.000000
0.810833	0.640	-884.000000
0.821500	0.640	-2,437.000000
0.832167	0.640	-3,875.000000
0.842833	0.640	-1,344.000000
0.853500	0.640	3,963.000000
0.864167	0.640	5,663.000000
0.874833	0.640	3,002.000000
0.885500	0.640	441.000000
0.896167	0.640	-670.000000
0.906833	0.640	-2,041.000000
0.917500	0.640	-4,978.000000
0.928167	0.640	-9,370.000000
0.938833	0.640	-12,384.000000
0.949500	0.640	-11,434.000000
0.960167	0.640	-9,213.000000
0.970833	0.640	-9,265.000000
0.981500	0.640	-10,227.000000
0.992167	0.640	-9,604.000000
1.002833	0.640	-7,750.000000
1.013500	0.640	-5,670.000000
1.024167	0.640	-3,795.000000
1.034833	0.640	-2,910.000000
1.045500	0.640	-2,616.000000
1.056167	0.640	-1,083.000000
1.066833	0.640	1,606.000000
1.077500	0.640	4,175.000000
1.088167	0.640	6,980.000000
1.098833	0.640	7,346.000000
1.109500	0.640	808.000000
1.120167	0.640	-8,152.000000
1.130833	0.640	-11,339.000000
1.141500	0.640	-10,269.000000
1.152167	0.640	-10,363.000000
1.162833	0.640	-11,108.000000
1.173500	0.640	-11,637.000000
1.184167	0.640	-13,349.000000
1.194833	0.640	-14,291.000000
1.205500	0.640	-12,234.000000
1.216167	0.640	-8,435.000000
1.226833	0.640	-3,532.000000
1.237500	0.640	695.000000
1.248167	0.640	-2,083.000000
1.258833	0.640	-11,385.000000
1.269500	0.640	-16,159.000000
1.280167	0.640	-12,954.000000
1.290833	0.640	-8,240.000000
1.301500	0.640	-4,154.000000
1.312167	0.640	88.000000
1.322833	0.640	2,947.000000
1.333500	0.640	3,419.000000
1.344167	0.640	2,511.000000
1.354833	0.640	1,629.000000
1.365500	0.640	-560.000000
1.376167	0.640	-4,405.000000
1.386833	0.640	-4,871.000000
1.397500	0.640	-858.000000
1.408167	0.640	1,181.000000
1.418833	0.640	-2,051.000000
1.429500	0.640	-5,705.000000
1.440167	0.640	-3,448.000000
1.450833	0.640	2,228.000000
1.461500	0.640	2,869.000000
1.472167	0.640	-479.000000
1.482833	0.640	395.000000
1.493500	0.640	3,418.000000
1.504167	0.640	350.000000
1.514833	0.640	-6,899.000000
1.525500	0.640	-9,747.000000
1.536167	0.640	-6,325.000000
1.546833	0.640	-3,413.000000
1.557500	0.640	-4,566.000000
1.568167	0.640	-4,435.000000
1.578833	0.640	-613.000000
1.589500	0.640	3,385.000000
1.600167	0.640	7,635.000000
1.610833	0.640	12,059.000000
1.621500	0.640	12,255.000000
1.632167	0.640	8,976.000000
1.642833	0.640	5,797.000000
1.653500	0.640	1,181.000000
1.664167	0.640	-4,731.000000
1.674833	0.640	-7,595.000000
1.685500	0.640	-5,371.000000
1.696167	0.640	-1,776.000000
1.706833	0.640	-2,435.000000
1.717500	0.640	-6,358.000000
1.728167	0.640	-8,924.000000
1.738833	0.640	-10,403.000000
1.749500	0.640	-11,683.000000
1.760167	0.640	-10,753.000000
1.770833	0.640	-8,158.000000
1.781500	0.640	-7,430.000000
1.792167	0.640	-9,110.000000
1.802833	0.640	-9,289.000000
1.813500	0.640	-6,609.000000
1.824167	0.640	-3,881.000000
1.834833	0.640	-1,926.000000
1.845500	0.640	-2,019.000000
1.856167	0.640	-6,864.000000
1.866833	0.640	-12,789.000000
1.877500	0.640	-13,355.000000
1.888167	0.640	-9,451.000000
1.898833	0.640	-6,376.000000
1.909500	0.640	-5,865.000000
1.920167	0.640	-6,113.000000
1.930833	0.640	-5,019.000000
1.941500	0.640	-2,439.000000
1.952167	0.640	-836.000000
1.962833	0.640	-1,311.000000
1.973500	0.640	-2,050.000000
1.984167	0.640	-1,420.000000
1.994833	0.640	656.000000
2.005500	0.640	2,697.000000
2.016167	0.640	3,213.000000
2.026833	0.640	2,582.000000
2.037500	0.640	2,581.000000
2.048167	0.640	3,215.000000
2.058833	0.640	988.000000
2.069500	0.640	-5,175.000000
2.080167	0.640	-10,832.000000
2.090833	0.640	-12,635.000000
2.101500	0.640	-11,695.000000
2.112167	0.640	-11,484.000000
2.122833	0.640	-13,138.000000
2.133500	0.640	-13,314.000000
2.144167	0.640	-10,380.000000
2.154833	0.640	-4,845.000000
2.165500	0.640	3,704.000000
2.176167	0.640	12,107.000000
2.186833	0.640	15,442.000000
2.197500	0.640	14,544.000000
2.208167	0.640	12,941.000000
2.218833	0.640	9,973.000000
2.229500	0.640	4,360.000000
2.240167	0.640	927.000000
2.250833	0.640	4,788.000000
2.261500	0.640	11,203.000000
2.272167	0.640	13,735.000000
2.282833	0.640	13,973.000000
2.293500	0.640	13,285.000000
2.304167	0.640	10,607.000000
2.314833	0.640	8,563.000000
2.325500	0.640	10,532.000000
2.336167	0.640	14,521.000000
2.346833	0.640	15,978.000000
2.357500	0.640	14,758.000000
2.368167	0.640	12,480.000000
2.378833	0.640	9,459.000000
2.389500	0.640	6,076.000000
2.400167	0.640	1,720.000000
2.410833	0.640	-2,341.000000
2.421500	0.640	-2,659.000000
2.432167	0.640	-188.000000
2.442833	0.640	-535.000000
2.453500	0.640	-3,889.000000
2.464167	0.640	-2,005.000000
2.474833	0.640	6,689.000000
2.485500	0.640	11,965.000000
2.496167	0.640	8,492.000000
2.506833	0.640	2,390.000000
2.517500	0.640	-101.000000
2.528167	0.640	804.000000
2.538833	0.640	1,664.000000
2.549500	0.640	683.000000
2.560167	0.640	543.000000
2.570833	0.640	3,771.000000
2.581500	0.640	6,139.000000
2.592167	0.640	3,192.000000
2.602833	0.640	-187.000000
2.613500	0.640	1,239.000000
2.624167	0.640	2,819.000000
2.634833	0.640	1,014.000000
2.645500	0.640	-179.000000
2.656167	0.640	419.000000
2.666833	0.640	-913.000000
2.677500	0.640	-5,260.000000
2.688167	0.640	-8,608.000000
2.698833	0.640	-7,847.000000
2.709500	0.640	-5,903.000000
2.720167	0.640	-6,308.000000
2.730833	0.640	-7,487.000000
2.741500	0.640	-5,389.000000
2.752167	0.640	1,238.000000
2.762833	0.640	7,301.000000
2.773500	0.640	6,287.000000
2.784167	0.640	-307.000000
2.794833	0.640	-4,991.000000
2.805500	0.640	-2,743.000000
2.816167	0.640	5,592.000000
2.826833	0.640	12,332.000000
2.837500	0.640	9,357.000000
2.848167	0.640	-485.000000
2.858833	0.640	-7,739.000000
2.869500	0.640	-8,720.000000
2.880167	0.640	-4,762.000000
2.890833	0.640	1,374.000000
2.901500	0.640	5,361.000000
2.912167	0.640	5,179.000000
2.922833	0.640	3,136.000000
2.933500	0.640	2,607.000000
2.944167	0.640	4,946.000000
2.954833	0.640	7,788.000000
2.965500	0.640	8,257.000000
2.976167	0.640	6,914.000000
2.986833	0.640	3,955.000000
2.997500	0.640	-631.000000
3.008167	0.640	-2,961.000000
3.018833	0.640	-1,418.000000
3.029500	0.640	163.000000
3.040167	0.640	-445.000000
3.050833	0.640	-966.000000
3.061500	0.640	366.000000
3.072167	0.640	1,278.000000
3.082833	0.640	1,545.000000
3.093500	0.640	3,976.000000
3.104167	0.640	5,634.000000
3.114833	0.640	2,216.000000
3.125500	0.640	-3,689.000000
3.136167	0.640	-7,181.000000
3.146833	0.640	-5,436.000000
3.157500	0.640	9.000000
3.168167	0.640	3,733.000000
3.178833	0.640	4,561.000000
3.189500	0.640	4,880.000000
3.200167	0.640	2,967.000000
3.210833	0.640	-1,882.000000
3.221500	0.640	-5,287.000000
3.232167	0.640	-4,369.000000
3.242833	0.640	-1,153.000000
3.253500	0.640	-464.000000
3.264167	0.640	-2,626.000000
3.274833	0.640	-2,420.000000
3.285500	0.640	48.000000
3.296167	0.640	705.000000
3.306833	0.640	814.000000
3.317500	0.640	1,438.000000
3.328167	0.640	-674.000000
3.338833	0.640	-5,106.000000
3.349500	0.640	-6,491.000000
3.360167	0.640	-3,128.000000
3.370833	0.640	408.000000
3.381500	0.640	1,050.000000
3.392167	0.640	923.000000
3.402833	0.640	1,503.000000
3.413500	0.640	1,672.000000
3.424167	0.640	1,245.000000
3.434833	0.640	1,001.000000
3.445500	0.640	650.000000
3.456167	0.640	-508.000000
3.466833	0.640	-604.000000
3.477500	0.640	1,834.000000
3.488167	0.640	2,863.000000
3.498833	0.640	591.000000
3.509500	0.640	-327.000000
3.520167	0.640	324.000000
3.530833	0.640	-1,832.000000
3.541500	0.640	-4,566.000000
3.552167	0.640	-3,652.000000
3.562833	0.640	-595.000000
3.573500	0.640	1,045.000000
3.584167	0.640	-858.000000
3.594833	0.640	-4,508.000000
3.605500	0.640	-5,446.000000
3.616167	0.640	-2,266.000000
3.626833	0.640	1,848.000000
3.637500	0.640	2,934.000000
3.648167	0.640	558.000000
3.658833	0.640	-3,128.000000
3.669500	0.640	-6,456.000000
3.680167	0.640	-8,869.000000
3.690833	0.640	-10,228.000000
3.701500	0.640	-10,418.000000
3.712167	0.640	-8,627.000000
3.722833	0.640	-4,146.000000
3.733500	0.640	-247.000000
3.744167	0.640	-560.000000
3.754833	0.640	-2,019.000000
3.765500	0.640	-232.000000
3.776167	0.640	3,297.000000
3.786833	0.640	4,619.000000
3.797500	0.640	3,309.000000
3.808167	0.640	3,128.000000
3.818833	0.640	6,004.000000
3.829500	0.640	7,964.000000
3.840167	0.640	6,960.000000
3.850833	0.640	6,709.000000
3.861500	0.640	6,737.000000
3.872167	0.640	3,798.000000
3.882833	0.640	1,288.000000
3.893500	0.640	1,370.000000
3.904167	0.640	983.000000
3.914833	0.640	710.000000
3.925500	0.640	1,619.000000
3.936167	0.640	585.000000
3.946833	0.640	-3,549.000000
3.957500	0.640	-8,834.000000
3.968167	0.640	-12,572.000000
3.978833	0.640	-10,984.000000
3.989500	0.640	-4,059.000000
4.000167	0.640	1,201.000000
4.010833	0.640	-1,129.000000
4.021500	0.640	-7,822.000000
4.032167	0.640	-10,841.000000
4.042833	0.640	-7,606.000000
4.053500	0.640	-3,051.000000
4.064167	0.640	-2,410.000000
4.074833	0.640	-4,933.000000
4.085500	0.640	-5,341.000000
4.096167	0.640	-2,113.000000
4.106833	0.640	100.000000
4.117500	0.640	-816.000000
4.128167	0.640	-2,397.000000
4.138833	0.640	-2,840.000000
4.149500	0.640	-1,294.000000
4.160167	0.640	1,158.000000
4.170833	0.640	1,574.000000
4.181500	0.640	-402.000000
4.192167	0.640	-3,047.000000
4.202833	0.640	-4,308.000000
4.213500	0.640	-1,325.000000
4.224167	0.640	5,853.000000
4.234833	0.640	11,691.000000
4.245500	0.640	10,258.000000
4.256167	0.640	3,853.000000
4.266833	0.640	1,306.000000
4.277500	0.640	3,892.000000
4.288167	0.640	5,090.000000
4.298833	0.640	4,814.000000
4.309500	0.640	6,740.000000
4.320167	0.640	7,777.000000
4.330833	0.640	4,493.000000
4.341500	0.640	-284.000000
4.352167	0.640	-3,868.000000
4.362833	0.640	-6,411.000000
4.373500	0.640	-6,386.000000
4.384167	0.640	-2,222.000000
4.394833	0.640	3,097.000000
4.405500	0.640	4,002.000000
4.416167	0.640	-1,451.000000
4.426833	0.640	-8,624.000000
4.437500	0.640	-12,393.000000
4.448167	0.640	-12,825.000000
4.458833	0.640	-10,772.000000
4.469500	0.640	-6,551.000000
4.480167	0.640	-3,014.000000
4.490833	0.640	-1,843.000000
4.501500	0.640	-4,446.000000
4.512167	0.640	-10,595.000000
4.522833	0.640	-12,749.000000
4.533500	0.640	-9,866.000000
4.544167	0.640	-9,966.000000
4.554833	0.640	-11,244.000000
4.565500	0.640	-7,965.000000
4.576167	0.640	-3,400.000000
4.586833	0.640	-758.000000
4.597500	0.640	-306.000000
4.608167	0.640	-4,509.000000
4.618833	0.640	-10,768.000000
4.629500	0.640	-11,177.000000
4.640167	0.640	-5,851.000000
4.650833	0.640	-2,964.000000
4.661500	0.640	-5,264.000000
4.672167	0.640	-6,070.000000
4.682833	0.640	-1,388.000000
4.693500	0.640	4,104.000000
4.704167	0.640	6,551.000000
4.714833	0.640	6,342.000000
4.725500	0.640	5,294.000000
4.736167	0.640	4,655.000000
4.746833	0.640	3,033.000000
4.757500	0.640	542.000000
4.768167	0.640	-1,168.000000
4.778833	0.640	-2,698.000000
4.789500	0.640	-4,508.000000
4.800167	0.640	-5,526.000000
4.810833	0.640	-4,436.000000
4.821500	0.640	-1,503.000000
4.832167	0.640	1,275.000000
4.842833	0.640	1,035.000000
4.853500	0.640	-3,965.000000
4.864167	0.640	-10,015.000000
4.874833	0.640	-12,159.000000
4.885500	0.640	-11,814.000000
4.896167	0.640	-12,114.000000
4.906833	0.640	-13,762.000000
4.917500	0.640	-16,480.000000
4.928167	0.640	-15,787.000000
4.938833	0.640	-7,596.000000
4.949500	0.640	4,187.000000
4.960167	0.640	14,675.000000
4.970833	0.640	28,030.000000
4.981500	0.640	57,034.000000
4.992167	0.640	105,829.000000
5.002833	0.640	154,922.000000
5.013500	0.640	180,225.000000
5.024167	0.640	179,074.000000
5.034833	0.640	164,428.000000
5.045500	0.640	148,008.000000
5.056167	0.640	132,690.000000
5.066833	0.640	114,374.000000
5.077500	0.640	94,386.000000
5.088167	0.640	78,423.000000
5.098833	0.640	65,079.000000
5.109500	0.640	51,965.000000
5.120167	0.640	40,623.000000
5.130833	0.640	30,721.000000
5.141500	0.640	21,451.000000
5.152167	0.640	13,968.000000
5.162833	0.640	8,633.000000
5.173500	0.640	5,454.000000
5.184167	0.640	4,287.000000
5.194833	0.640	3,141.000000
5.205500	0.640	1,484.000000
5.216167	0.640	103.000000
5.226833	0.640	-1,722.000000
5.237500	0.640	-3,784.000000
5.248167	0.640	-6,548.000000
5.258833	0.640	-10,729.000000
5.269500	0.640	-11,916.000000
5.280167	0.640	-7,816.000000
5.290833	0.640	-4,491.000000
5.301500	0.640	-6,470.000000
5.312167	0.640	-11,245.000000
5.322833	0.640	-13,925.000000
5.333500	0.640	-12,089.000000
5.344167	0.640	-7,224.000000
5.354833	0.640	-2,730.000000
5.365500	0.640	-1,617.000000
5.376167	0.640	-3,544.000000
5.386833	0.640	-5,067.000000
5.397500	0.640	-5,593.000000
5.408167	0.640	-8,153.000000
5.418833	0.640	-12,204.000000
5.429500	0.640	-13,748.000000
5.440167	0.640	-12,791.000000
5.450833	0.640	-11,293.000000
5.461500	0.640	-8,623.000000
5.472167	0.640	-5,508.000000
5.482833	0.640	-4,384.000000
5.493500	0.640	-5,439.000000
5.504167	0.640	-7,075.000000
5.514833	0.640	-7,807.000000
5.525500	0.640	-7,384.000000
5.536167	0.640	-6,146.000000
5.546833	0.640	-5,631.000000
5.557500	0.640	-8,646.000000
5.568167	0.640	-12,432.000000
5.578833	0.640	-10,759.000000
5.589500	0.640	-6,320.000000
5.600167	0.640	-7,171.000000
5.610833	0.640	-12,624.000000
5.621500	0.640	-14,567.000000
5.632167	0.640	-10,682.000000
5.642833	0.640	-7,467.000000
5.653500	0.640	-8,695.000000
5.664167	0.640	-8,534.000000
5.674833	0.640	-3,002.000000
5.685500	0.640	559.000000
5.696167	0.640	-3,178.000000
5.706833	0.640	-7,711.000000
5.717500	0.640	-7,462.000000
5.728167	0.640	-6,291.000000
5.738833	0.640	-8,078.000000
5.749500	0.640	-9,551.000000
5.760167	0.640	-7,885.000000
5.770833	0.640	-5,352.000000
5.781500	0.640	-3,964.000000
5.792167	0.640	-4,273.000000
5.802833	0.640	-5,711.000000
5.813500	0.640	-6,253.000000
5.824167	0.640	-5,674.000000
5.834833	0.640	-6,745.000000
5.845500	0.640	-10,363.000000
5.856167	0.640	-12,246.000000
5.866833	0.640	-9,913.000000
5.877500	0.640	-5,892.000000
5.888167	0.640	-1,970.000000
5.898833	0.640	-691.000000
5.909500	0.640	-4,601.000000
5.920167	0.640	-10,115.000000
5.930833	0.640	-12,664.000000
5.941500	0.640	-12,011.000000
5.952167	0.640	-8,958.000000
5.962833	0.640	-5,475.000000
5.973500	0.640	-4,245.000000
5.984167	0.640	-4,777.000000
5.994833	0.640	-5,085.000000
6.005500	0.640	-5,149.000000
6.016167	0.640	-5,792.000000
6.026833	0.640	-5,768.000000
6.037500	0.640	-5,543.000000
6.048167	0.640	-8,927.000000
6.058833	0.640	-12,939.000000
6.069500	0.640	-11,267.000000
6.080167	0.640	-7,155.000000
6.090833	0.640	-5,555.000000
6.101500	0.640	-4,835.000000
6.112167	0.640	-4,631.000000
6.122833	0.640	-6,677.000000
6.133500	0.640	-7,924.000000
6.144167	0.640	-5,374.000000
6.154833	0.640	-3,368.000000
6.165500	0.640	-6,209.000000
6.176167	0.640	-10,596.000000
6.186833	0.640	-11,454.000000
6.197500	0.640	-8,561.000000
6.208167	0.640	-5,164.000000
6.218833	0.640	-3,938.000000
6.229500	0.640	-4,621.000000
6.240167	0.640	-5,284.000000
6.250833	0.640	-6,606.000000
6.261500	0.640	-9,550.000000
6.272167	0.640	-12,321.000000
6.282833	0.640	-15,962.000000
6.293500	0.640	-20,274.000000
6.304167	0.640	-18,274.000000
6.314833	0.640	-8,685.000000
6.325500	0.640	-195.000000
6.336167	0.640	-169.000000
6.346833	0.640	-7,454.000000
6.357500	0.640	-13,085.000000
6.368167	0.640	-12,328.000000
6.378833	0.640	-9,901.000000
6.389500	0.640	-8,099.000000
6.400167	0.640	-5,526.000000
6.410833	0.640	-4,274.000000
6.421500	0.640	-7,334.000000
6.432167	0.640	-12,603.000000
6.442833	0.640	-13,793.000000
6.453500	0.640	-10,296.000000
6.464167	0.640	-8,332.000000
6.474833	0.640	-8,544.000000
6.485500	0.640	-6,377.000000
6.496167	0.640	-4,013.000000
6.506833	0.640	-4,985.000000
6.517500	0.640	-3,476.000000
6.528167	0.640	2,516.000000
6.538833	0.640	2,319.000000
6.549500	0.640	-8,014.000000
6.560167	0.640	-16,653.000000
6.570833	0.640	-15,949.000000
6.581500	0.640	-13,812.000000
6.592167	0.640	-16,447.000000
6.602833	0.640	-17,116.000000
6.613500	0.640	-10,909.000000
6.624167	0.640	-2,976.000000
6.634833	0.640	2,379.000000
6.645500	0.640	3,647.000000
6.656167	0.640	-782.000000
6.666833	0.640	-6,003.000000
6.677500	0.640	-6,565.000000
6.688167	0.640	-7,183.000000
6.698833	0.640	-11,735.000000
6.709500	0.640	-14,694.000000
6.720167	0.640	-13,155.000000
6.730833	0.640	-10,944.000000
6.741500	0.640	-9,985.000000
6.752167	0.640	-9,861.000000
6.762833	0.640	-9,787.000000
6.773500	0.640	-8,088.000000
6.784167	0.640	-5,863.000000
6.794833	0.640	-6,617.000000
6.805500	0.640	-9,388.000000
6.816167	0.640	-10,127.000000
6.826833	0.640	-9,161.000000
6.837500	0.640	-8,358.000000
6.848167	0.640	-6,428.000000
6.858833	0.640	-3,920.000000
6.869500	0.640	-3,909.000000
6.880167	0.640	-4,933.000000
6.890833	0.640	-2,636.000000
6.901500	0.640	2,290.000000
6.912167	0.640	3,403.000000
6.922833	0.640	-2,648.000000
6.933500	0.640	-9,236.000000
6.944167	0.640	-9,709.000000
6.954833	0.640	-5,308.000000
6.965500	0.640	373.000000
6.976167	0.640	981.000000
6.986833	0.640	-6,257.000000
6.997500	0.640	-10,447.000000
7.008167	0.640	-5,116.000000
7.018833	0.640	-813.000000
7.029500	0.640	-3,054.000000
7.040167	0.640	-4,875.000000
7.050833	0.640	-3,350.000000
7.061500	0.640	-1,458.000000
7.072167	0.640	-2,134.000000
7.082833	0.640	-6,697.000000
7.093500	0.640	-11,141.000000
7.104167	0.640	-10,244.000000
7.114833	0.640	-7,467.000000
7.125500	0.640	-9,870.000000
7.136167	0.640	-14,853.000000
7.146833	0.640	-14,049.000000
7.157500	0.640	-8,873.000000
7.168167	0.640	-7,988.000000
7.178833	0.640	-11,540.000000
7.189500	0.640	-12,912.000000
7.200167	0.640	-10,758.000000
7.210833	0.640	-8,122.000000
7.221500	0.640	-7,154.000000
7.232167	0.640	-8,580.000000
7.242833	0.640	-10,707.000000
7.253500	0.640	-10,986.000000
7.264167	0.640	-9,166.000000
7.274833	0.640	-7,070.000000
7.285500	0.640	-6,976.000000
7.296167	0.640	-7,931.000000
7.306833	0.640	-5,617.000000
7.317500	0.640	-524.000000
7.328167	0.640	1,085.000000
7.338833	0.640	-1,980.000000
7.349500	0.640	-4,710.000000
7.360167	0.640	-5,696.000000
7.370833	0.640	-7,571.000000
7.381500	0.640	-10,013.000000
7.392167	0.640	-9,575.000000
7.402833	0.640	-6,427.000000
7.413500	0.640	-5,337.000000
7.424167	0.640	-7,800.000000
7.434833	0.640	-10,364.000000
7.445500	0.640	-10,847.000000
7.456167	0.640	-11,279.000000
7.466833	0.640	-14,121.000000
7.477500	0.640	-16,132.000000
7.488167	0.640	-12,050.000000
7.498833	0.640	-4,434.000000
7.509500	0.640	-685.000000
7.520167	0.640	-1,529.000000
7.530833	0.640	-2,458.000000
7.541500	0.640	-3,249.000000
7.552167	0.640	-5,586.000000
7.562833	0.640	-7,046.000000
7.573500	0.640	-5,896.000000
7.584167	0.640	-6,257.000000
7.594833	0.640	-10,198.000000
7.605500	0.640	-12,487.000000
7.616167	0.640	-11,660.000000
7.626833	0.640	-11,548.000000
7.637500	0.640	-11,191.000000
7.648167	0.640	-9,280.000000
7.658833	0.640	-8,855.000000
7.669500	0.640	-10,550.000000
7.680167	0.640	-12,524.000000
7.690833	0.640	-13,340.000000
7.701500	0.640	-11,418.000000
7.712167	0.640	-7,937.000000
7.722833	0.640	-5,842.000000
7.733500	0.640	-4,907.000000
7.744167	0.640	-3,580.000000
7.754833	0.640	-2,975.000000
7.765500	0.640	-4,495.000000
7.776167	0.640	-6,183.000000
7.786833	0.640	-6,455.000000
7.797500	0.640	-7,420.000000
7.808167	0.640	-9,240.000000
7.818833	0.640	-8,329.000000
7.829500	0.640	-5,141.000000
7.840167	0.640	-4,105.000000
7.850833	0.640	-6,372.000000
7.861500	0.640	-9,099.000000
7.872167	0.640	-7,640.000000
7.882833	0.640	-2,444.000000
7.893500	0.640	-1,351.000000
7.904167	0.640	-5,821.000000
7.914833	0.640	-8,028.000000
7.925500	0.640	-5,088.000000
7.936167	0.640	-1,790.000000
7.946833	0.640	-2,974.000000
7.957500	0.640	-9,015.000000
7.968167	0.640	-13,791.000000
7.978833	0.640	-11,474.000000
7.989500	0.640	-6,050.000000
8.000167	0.640	-4,267.000000
8.010833	0.640	-5,335.000000
8.021500	0.640	-7,349.000000
8.032167	0.640	-11,444.000000
8.042833	0.640	-15,431.000000
8.053500	0.640	-15,124.000000
8.064167	0.640	-9,602.000000
8.074833	0.640	-2,649.000000
8.085500	0.640	-1,378.000000
8.096167	0.640	-7,023.000000
8.106833	0.640	-12,095.000000
8.117500	0.640	-12,759.000000
8.128167	0.640	-12,080.000000
8.138833	0.640	-12,188.000000
8.149500	0.640	-12,425.000000
8.160167	0.640	-11,252.000000
8.170833	0.640	-8,983.000000
8.181500	0.640	-8,105.000000
8.192167	0.640	-8,273.000000
8.202833	0.640	-6,233.000000
8.213500	0.640	-2,691.000000
8.224167	0.640	-593.000000
8.234833	0.640	395.000000
8.245500	0.640	-55.000000
8.256167	0.640	-2,284.000000
8.266833	0.640	-2,977.000000
8.277500	0.640	176.000000
8.288167	0.640	6,209.000000
8.298833	0.640	11,185.000000
8.309500	0.640	10,685.000000
8.320167	0.640	5,274.000000
8.330833	0.640	-1,689.000000
8.341500	0.640	-6,872.000000
8.352167	0.640	-6,993.000000
8.362833	0.640	-3,804.000000
8.373500	0.640	-2,188.000000
8.384167	0.640	-3,132.000000
8.394833	0.640	-6,314.000000
8.405500	0.640	-10,604.000000
8.416167	0.640	-10,830.000000
8.426833	0.640	-5,454.000000
8.437500	0.640	-798.000000
8.448167	0.640	-1,059.000000
8.458833	0.640	-3,766.000000
8.469500	0.640	-5,979.000000
8.480167	0.640	-8,486.000000
8.490833	0.640	-12,040.000000
8.501500	0.640	-14,107.000000
8.512167	0.640	-14,787.000000
8.522833	0.640	-15,776.000000
8.533500	0.640	-13,894.000000
8.544167	0.640	-8,378.000000
8.554833	0.640	-4,376.000000
8.565500	0.640	-5,068.000000
8.576167	0.640	-9,833.000000
8.586833	0.640	-15,867.000000
8.597500	0.640	-18,759.000000
8.608167	0.640	-16,022.000000
8.618833	0.640	-10,453.000000
8.629500	0.640	-7,744.000000
8.640167	0.640	-10,156.000000
8.650833	0.640	-13,679.000000
8.661500	0.640	-14,098.000000
8.672167	0.640	-12,676.000000
8.682833	0.640	-11,391.000000
8.693500	0.640	-9,965.000000
8.704167	0.640	-7,361.000000
8.714833	0.640	-3,346.000000
8.725500	0.640	-2,322.000000
8.736167	0.640	-5,666.000000
8.746833	0.640	-5,996.000000
8.757500	0.640	-1,630.000000
8.768167	0.640	-208.000000
8.778833	0.640	-4,658.000000
8.789500	0.640	-8,380.000000
8.800167	0.640	-5,182.000000
8.810833	0.640	-712.000000
8.821500	0.640	-5,024.000000
8.832167	0.640	-14,787.000000
8.842833	0.640	-18,682.000000
8.853500	0.640	-16,302.000000
8.864167	0.640	-15,570.000000
8.874833	0.640	-18,676.000000
8.885500	0.640	-21,236.000000
8.896167	0.640	-18,472.000000
8.906833	0.640	-10,791.000000
8.917500	0.640	-5,432.000000
8.928167	0.640	-6,644.000000
8.938833	0.640	-8,586.000000
8.949500	0.640	-6,218.000000
8.960167	0.640	-4,080.000000
8.970833	0.640	-6,717.000000
8.981500	0.640	-10,908.000000
8.992167	0.640	-12,571.000000
9.002833	0.640	-12,141.000000
9.013500	0.640	-10,932.000000
9.024167	0.640	-8,381.000000
9.034833	0.640	-5,579.000000
9.045500	0.640	-6,510.000000
9.056167	0.640	-11,336.000000
9.066833	0.640	-15,558.000000
9.077500	0.640	-16,904.000000
9.088167	0.640	-16,501.000000
9.098833	0.640	-14,773.000000
9.109500	0.640	-9,383.000000
9.120167	0.640	-1,158.000000
9.130833	0.640	2,179.000000
9.141500	0.640	-2,636.000000
9.152167	0.640	-8,335.000000
9.162833	0.640	-8,069.000000
9.173500	0.640	-3,214.000000
9.184167	0.640	-656.000000
9.194833	0.640	-3,715.000000
9.205500	0.640	-6,570.000000
9.216167	0.640	-4,633.000000
9.226833	0.640	-1,218.000000
9.237500	0.640	547.000000
9.248167	0.640	154.000000
9.258833	0.640	-1,042.000000
9.269500	0.640	166.000000
9.280167	0.640	3,617.000000
9.290833	0.640	5,579.000000
9.301500	0.640	3,989.000000
9.312167	0.640	957.000000
9.322833	0.640	314.000000
9.333500	0.640	370.000000
9.344167	0.640	-3,004.000000
9.354833	0.640	-6,150.000000
9.365500	0.640	-4,068.000000
9.376167	0.640	682.000000
9.386833	0.640	4,225.000000
9.397500	0.640	5,874.000000
9.408167	0.640	5,046.000000
9.418833	0.640	2,204.000000
9.429500	0.640	499.000000
9.440167	0.640	487.000000
9.450833	0.640	-267.000000
9.461500	0.640	-600.000000
9.472167	0.640	974.000000
9.482833	0.640	2,199.000000
9.493500	0.640	4,155.000000
9.504167	0.640	9,380.000000
9.514833	0.640	13,564.000000
9.525500	0.640	12,484.000000
9.536167	0.640	8,547.000000
9.546833	0.640	5,469.000000
9.557500	0.640	5,950.000000
9.568167	0.640	9,983.000000
9.578833	0.640	12,912.000000
9.589500	0.640	13,605.000000
9.600167	0.640	16,570.000000
9.610833	0.640	20,720.000000
9.621500	0.640	21,204.000000
9.632167	0.640	18,559.000000
9.642833	0.640	14,425.000000
9.653500	0.640	9,324.000000
9.664167	0.640	6,233.000000
9.674833	0.640	6,795.000000
9.685500	0.640	8,774.000000
9.696167	0.640	11,466.000000
9.706833	0.640	15,393.000000
9.717500	0.640	16,981.000000
9.728167	0.640	14,539.000000
9.738833	0.640	13,270.000000
9.749500	0.640	14,955.000000
9.760167	0.640	14,460.000000
9.770833	0.640	10,865.000000
9.781500	0.640	9,761.000000
9.792167	0.640	13,706.000000
9.802833	0.640	17,428.000000
9.813500	0.640	15,646.000000
9.824167	0.640	13,786.000000
9.834833	0.640	18,578.000000
9.845500	0.640	24,191.000000
9.856167	0.640	24,955.000000
9.866833	0.640	25,006.000000
9.877500	0.640	26,438.000000
9.888167	0.640	27,236.000000
9.898833	0.640	28,115.000000
9.909500	0.640	30,027.000000
9.920167	0.640	31,258.000000
9.930833	0.640	31,314.000000
9.941500	0.640	31,077.000000
9.952167	0.640	30,840.000000
9.962833	0.640	32,504.000000
9.973500	0.640	36,425.000000
9.984167	0.640	39,969.000000
9.994833	0.640	41,260.000000
10.005500	0.640	38,619.000000
10.016167	0.640	34,917.000000
10.026833	0.640	37,247.000000
10.037500	0.640	43,106.000000
10.048167	0.640	43,673.000000
10.058833	0.640	40,718.000000
10.069500	0.640	42,161.000000
10.080167	0.640	47,026.000000
10.090833	0.640	47,368.000000
10.101500	0.640	41,485.000000
10.112167	0.640	37,649.000000
10.122833	0.640	41,920.000000
10.133500	0.640	48,816.000000
10.144167	0.640	51,223.000000
10.154883	0.643	49,796.000000
10.165500	0.637	47,267.000000
10.176167	0.640	44,874.000000
10.186833	0.640	44,933.000000
10.197500	0.640	48,390.000000
10.208167	0.640	51,613.000000
10.218833	0.640	52,075.000000
10.229500	0.640	52,515.000000
10.240167	0.640	54,137.000000
10.250833	0.640	54,232.000000
10.261500	0.640	52,706.000000
10.272167	0.640	52,821.000000
10.282833	0.640	53,643.000000
10.293500	0.640	50,788.000000
10.304167	0.640	48,276.000000
10.314833	0.640	52,950.000000
10.325500	0.640	58,836.000000
10.336167	0.640	58,062.000000
10.346833	0.640	56,973.000000
10.357500	0.640	63,351.000000
10.368167	0.640	70,599.000000
10.378833	0.640	71,196.000000
10.389500	0.640	69,211.000000
10.400167	0.640	67,232.000000
10.410833	0.640	65,123.000000
10.421500	0.640	67,830.000000
10.432167	0.640	72,762.000000
10.442833	0.640	71,987.000000
10.453500	0.640	70,168.000000
10.464167	0.640	73,856.000000
10.474833	0.640	78,422.000000
10.485500	0.640	79,833.000000
10.496167	0.640	80,662.000000
10.506833	0.640	82,113.000000
10.517500	0.640	81,870.000000
10.528167	0.640	79,397.000000
10.538833	0.640	78,443.000000
10.549500	0.640	82,768.000000
10.560167	0.640	89,586.000000
10.570833	0.640	93,259.000000
10.581500	0.640	93,922.000000
10.592167	0.640	94,249.000000
10.602833	0.640	95,329.000000
10.613500	0.640	97,330.000000
10.624167	0.640	97,053.000000
10.634833	0.640	93,262.000000
10.645500	0.640	92,771.000000
10.656167	0.640	99,006.000000
10.666833	0.640	106,217.000000
10.677500	0.640	111,360.000000
10.688167	0.640	114,167.000000
10.698833	0.640	111,297.000000
10.709500	0.640	105,260.000000
10.720167	0.640	103,598.000000
10.730833	0.640	105,320.000000
10.741550	0.643	105,014.000000
10.752167	0.637	104,921.000000
10.762833	0.640	109,514.000000
10.773500	0.640	115,045.000000
10.784167	0.640	116,539.000000
10.794833	0.640	117,746.000000
10.805500	0.640	122,996.000000
10.816167	0.640	129,200.000000
10.826833	0.640	131,817.000000
10.837500	0.640	130,928.000000
10.848167	0.640	131,281.000000
10.858833	0.640	134,944.000000
10.869500	0.640	136,723.000000
10.880167	0.640	134,848.000000
10.890833	0.640	134,408.000000
10.901500	0.640	136,402.000000
10.912167	0.640	137,327.000000
10.922833	0.640	136,120.000000
10.933500	0.640	134,308.000000
10.944167	0.640	133,773.000000
10.954833	0.640	136,055.000000
10.965500	0.640	140,538.000000
10.976167	0.640	145,186.000000
10.986833	0.640	149,201.000000
10.997500	0.640	150,671.000000
11.008167	0.640	149,347.000000
11.018833	0.640	150,552.000000
11.029500	0.640	156,107.000000
11.040167	0.640	160,859.000000
11.050833	0.640	163,127.000000
11.061500	0.640	165,982.000000
11.072167	0.640	168,384.000000
11.082833	0.640	168,198.000000
11.093500	0.640	169,549.000000
11.104167	0.640	175,718.000000
11.114833	0.640	181,253.000000
11.125500	0.640	180,172.000000
11.136167	0.640	175,844.000000
11.146833	0.640	175,275.000000
11.157500	0.640	179,517.000000
11.168167	0.640	183,706.000000
11.178833	0.640	184,684.000000
11.189500	0.640	184,806.000000
11.200167	0.640	186,130.000000
11.210833	0.640	189,010.000000
11.221500	0.640	193,432.000000
11.232167	0.640	197,051.000000
11.242833	0.640	198,920.000000
11.253500	0.640	199,589.000000
11.264167	0.640	198,644.000000
11.274833	0.640	198,831.000000
11.285500	0.640	202,175.000000
11.296167	0.640	205,298.000000
11.306833	0.640	207,188.000000
11.317500	0.640	211,706.000000
11.328167	0.640	220,014.000000
11.338833	0.640	226,685.000000
11.349500	0.640	226,337.000000
11.360167	0.640	222,624.000000
11.370833	0.640	223,609.000000
11.381500	0.640	230,492.000000
11.392167	0.640	236,997.000000
11.402833	0.640	237,799.000000
11.413500	0.640	235,509.000000
11.424167	0.640	236,133.000000
11.434833	0.640	239,862.000000
11.445500	0.640	242,412.000000
11.456167	0.640	241,142.000000
11.466833	0.640	238,147.000000
11.477500	0.640	239,026.000000
11.488167	0.640	245,022.000000
11.498833	0.640	250,955.000000
11.509500	0.640	254,338.000000
11.520167	0.640	257,181.000000
11.530833	0.640	260,237.000000
11.541500	0.640	263,276.000000
11.552167	0.640	267,052.000000
11.562833	0.640	270,963.000000
11.573500	0.640	272,067.000000
11.584167	0.640	271,405.000000
11.594833	0.640	274,619.000000
11.605500	0.640	279,574.000000
11.616167	0.640	278,048.000000
11.626833	0.640	272,336.000000
11.637500	0.640	270,639.000000
11.648167	0.640	272,914.000000
11.658833	0.640	277,033.000000
11.669500	0.640	284,155.000000
11.680167	0.640	292,237.000000
11.690833	0.640	298,154.000000
11.701500	0.640	301,628.000000
11.712167	0.640	302,931.000000
11.722833	0.640	304,280.000000
11.733500	0.640	307,977.000000
11.744167	0.640	311,317.000000
11.754833	0.640	311,906.000000
11.765500	0.640	312,784.000000
11.776167	0.640	316,046.000000
11.786833	0.640	320,189.000000
11.797500	0.640	324,183.000000
11.808167	0.640	328,450.000000
11.818833	0.640	332,617.000000
11.829500	0.640	333,467.000000
11.840167	0.640	330,288.000000
11.850833	0.640	328,706.000000
11.861500	0.640	331,937.000000
11.872167	0.640	334,730.000000
11.882833	0.640	332,206.000000
11.893500	0.640	329,398.000000
11.904167	0.640	333,792.000000
11.914833	0.640	343,234.000000
11.925500	0.640	350,058.000000
11.936167	0.640	350,970.000000
11.946833	0.640	348,589.000000
11.957500	0.640	347,570.000000
11.968167	0.640	349,741.000000
11.978833	0.640	353,686.000000
11.989500	0.640	357,265.000000
12.000167	0.640	360,054.000000
12.010833	0.640	364,989.000000
12.021500	0.640	371,886.000000
12.032167	0.640	374,977.000000
12.042833	0.640	374,623.000000
12.053500	0.640	376,138.000000
12.064167	0.640	378,014.000000
12.074833	0.640	378,457.000000
12.085500	0.640	381,679.000000
12.096167	0.640	387,036.000000
12.106833	0.640	387,547.000000
12.117500	0.640	383,767.000000
12.128167	0.640	384,192.000000
12.138833	0.640	390,978.000000
12.149500	0.640	397,713.000000
12.160167	0.640	400,338.000000
12.170833	0.640	400,177.000000
12.181500	0.640	399,479.000000
12.192167	0.640	401,967.000000
12.202833	0.640	408,548.000000
12.213500	0.640	412,509.000000
12.224167	0.640	410,722.000000
12.234833	0.640	408,885.000000
12.245500	0.640	410,434.000000
12.256167	0.640	413,557.000000
12.266833	0.640	417,320.000000
12.277500	0.640	421,086.000000
12.288167	0.640	423,320.000000
12.298833	0.640	425,449.000000
12.309500	0.640	428,624.000000
12.320167	0.640	430,113.000000
12.330833	0.640	429,382.000000
12.341500	0.640	429,311.000000
12.352167	0.640	431,162.000000
12.362833	0.640	433,993.000000
12.373500	0.640	436,500.000000
12.384167	0.640	439,290.000000
12.394833	0.640	444,366.000000
12.405500	0.640	450,723.000000
12.416167	0.640	455,151.000000
12.426833	0.640	456,512.000000
12.437500	0.640	455,260.000000
12.448167	0.640	453,370.000000
12.458833	0.640	454,997.000000
12.469500	0.640	459,308.000000
12.480167	0.640	459,006.000000
12.490833	0.640	454,775.000000
12.501500	0.640	454,490.000000
12.512167	0.640	456,725.000000
12.522833	0.640	456,643.000000
12.533500	0.640	457,205.000000
12.544167	0.640	460,587.000000
12.554833	0.640	463,486.000000
12.565500	0.640	464,482.000000
12.576167	0.640	465,053.000000
12.586833	0.640	464,979.000000
12.597500	0.640	465,419.000000
12.608167	0.640	469,214.000000
12.618833	0.640	472,545.000000
12.629500	0.640	471,818.000000
12.640167	0.640	474,180.000000
12.650833	0.640	482,994.000000
12.661500	0.640	489,128.000000
12.672167	0.640	487,042.000000
12.682833	0.640	482,466.000000
12.693500	0.640	482,909.000000
12.704167	0.640	487,622.000000
12.714833	0.640	490,386.000000
12.725500	0.640	490,116.000000
12.736167	0.640	489,142.000000
12.746833	0.640	487,525.000000
12.757500	0.640	485,668.000000
12.768167	0.640	484,157.000000
12.778833	0.640	481,579.000000
12.789500	0.640	479,048.000000
12.800167	0.640	480,291.000000
12.810833	0.640	482,478.000000
12.821500	0.640	480,301.000000
12.832167	0.640	478,027.000000
12.842833	0.640	481,134.000000
12.853500	0.640	486,216.000000
12.864167	0.640	489,887.000000
12.874833	0.640	493,595.000000
12.885500	0.640	497,156.000000
12.896167	0.640	498,675.000000
12.906833	0.640	498,766.000000
12.917500	0.640	498,185.000000
12.928167	0.640	495,463.000000
12.938833	0.640	491,673.000000
12.949500	0.640	491,125.000000
12.960167	0.640	494,013.000000
12.970833	0.640	496,524.000000
12.981500	0.640	497,307.000000
12.992167	0.640	496,807.000000
13.002833	0.640	493,941.000000
13.013500	0.640	489,554.000000
13.024167	0.640	489,129.000000
13.034833	0.640	494,668.000000
13.045500	0.640	499,169.000000
13.056167	0.640	497,194.000000
13.066833	0.640	492,914.000000
13.077500	0.640	490,948.000000
13.088167	0.640	489,878.000000
13.098833	0.640	487,060.000000
13.109500	0.640	484,214.000000
13.120167	0.640	486,162.000000
13.130883	0.643	491,090.000000
13.141500	0.637	492,299.000000
13.152167	0.640	490,077.000000
13.162833	0.640	488,503.000000
13.173500	0.640	487,099.000000
13.184167	0.640	483,458.000000
13.194833	0.640	478,266.000000
13.205500	0.640	475,003.000000
13.216167	0.640	475,590.000000
13.226833	0.640	477,481.000000
13.237500	0.640	478,390.000000
13.248167	0.640	479,174.000000
13.258833	0.640	479,012.000000
13.269500	0.640	476,245.000000
13.280167	0.640	473,302.000000
13.290833	0.640	473,625.000000
13.301500	0.640	475,664.000000
13.312167	0.640	475,796.000000
13.322833	0.640	474,792.000000
13.333500	0.640	474,810.000000
13.344167	0.640	474,141.000000
13.354833	0.640	471,387.000000
13.365500	0.640	469,371.000000
13.376167	0.640	469,057.000000
13.386833	0.640	467,175.000000
13.397500	0.640	463,504.000000
13.408167	0.640	459,772.000000
13.418833	0.640	454,080.000000
13.429500	0.640	447,904.000000
13.440167	0.640	448,221.000000
13.450833	0.640	456,187.000000
13.461500	0.640	463,502.000000
13.472167	0.640	462,392.000000
13.482833	0.640	456,714.000000
13.493500	0.640	455,392.000000
13.504167	0.640	459,207.000000
13.514833	0.640	463,718.000000
13.525500	0.640	463,934.000000
13.536167	0.640	458,469.000000
13.546833	0.640	454,784.000000
13.557500	0.640	458,592.000000
13.568167	0.640	465,025.000000
13.578833	0.640	468,964.000000
13.589500	0.640	472,967.000000
13.600167	0.640	482,326.000000
13.610833	0.640	497,645.000000
13.621500	0.640	514,466.000000
13.632167	0.640	531,248.000000
13.642833	0.640	551,931.000000
13.653500	0.640	580,603.000000
13.664167	0.640	619,832.000000
13.674833	0.640	669,280.000000
13.685500	0.640	728,024.000000
13.696167	0.640	800,111.000000
13.706833	0.640	883,503.000000
13.717500	0.640	967,449.000000
13.728167	0.640	1,050,150.000000
13.738833	0.640	1,129,887.000000
13.749500	0.640	1,193,691.000000
13.760167	0.640	1,235,093.000000
13.770833	0.640	1,254,062.000000
13.781500	0.640	1,243,196.000000
13.792167	0.640	1,195,349.000000
13.802833	0.640	1,115,774.000000
13.813500	0.640	1,020,423.000000
13.824167	0.640	923,045.000000
13.834833	0.640	826,171.000000
13.845500	0.640	728,406.000000
13.856167	0.640	637,266.000000
13.866833	0.640	566,657.000000
13.877500	0.640	519,163.000000
13.888167	0.640	485,529.000000
13.898833	0.640	460,314.000000
13.909500	0.640	440,665.000000
13.920167	0.640	423,579.000000
13.930833	0.640	411,859.000000
13.941500	0.640	406,415.000000
13.952167	0.640	401,781.000000
13.962833	0.640	396,929.000000
13.973500	0.640	393,779.000000
13.984167	0.640	390,838.000000
13.994833	0.640	388,794.000000
14.005500	0.640	389,880.000000
14.016167	0.640	392,100.000000
14.026833	0.640	391,891.000000
14.037500	0.640	389,719.000000
14.048167	0.640	387,040.000000
14.058833	0.640	382,091.000000
14.069500	0.640	377,488.000000
14.080167	0.640	378,865.000000
14.090833	0.640	382,662.000000
14.101500	0.640	380,788.000000
14.112167	0.640	374,676.000000
14.122833	0.640	372,985.000000
14.133500	0.640	376,989.000000
14.144167	0.640	379,937.000000
14.154833	0.640	378,885.000000
14.165500	0.640	377,116.000000
14.176167	0.640	376,884.000000
14.186833	0.640	375,967.000000
14.197500	0.640	371,481.000000
14.208167	0.640	363,260.000000
14.218833	0.640	356,096.000000
14.229500	0.640	357,019.000000
14.240167	0.640	362,915.000000
14.250833	0.640	362,387.000000
14.261500	0.640	356,488.000000
14.272167	0.640	355,787.000000
14.282833	0.640	357,714.000000
14.293500	0.640	352,818.000000
14.304167	0.640	344,234.000000
14.314833	0.640	340,413.000000
14.325500	0.640	340,955.000000
14.336167	0.640	340,342.000000
14.346833	0.640	336,714.000000
14.357500	0.640	332,808.000000
14.368167	0.640	331,624.000000
14.378833	0.640	333,007.000000
14.389500	0.640	333,520.000000
14.400167	0.640	329,881.000000
14.410833	0.640	323,196.000000
14.421500	0.640	317,037.000000
14.432167	0.640	313,706.000000
14.442833	0.640	314,214.000000
14.453500	0.640	315,983.000000
14.464167	0.640	315,218.000000
14.474833	0.640	313,382.000000
14.485500	0.640	311,053.000000
14.496167	0.640	304,958.000000
14.506833	0.640	298,433.000000
14.517500	0.640	298,489.000000
14.528167	0.640	302,606.000000
14.538833	0.640	302,927.000000
14.549500	0.640	298,912.000000
14.560167	0.640	294,256.000000
14.570833	0.640	289,502.000000
14.581500	0.640	284,415.000000
14.592167	0.640	278,667.000000
14.602833	0.640	272,944.000000
14.613500	0.640	270,923.000000
14.624167	0.640	272,289.000000
14.634833	0.640	271,402.000000
14.645500	0.640	267,768.000000
14.656167	0.640	266,072.000000
14.666833	0.640	266,013.000000
14.677500	0.640	264,600.000000
14.688167	0.640	261,815.000000
14.698833	0.640	255,807.000000
14.709500	0.640	246,587.000000
14.720167	0.640	241,691.000000
14.730833	0.640	242,863.000000
14.741500	0.640	241,315.000000
14.752167	0.640	233,374.000000
14.762833	0.640	225,984.000000
14.773500	0.640	226,254.000000
14.784167	0.640	231,109.000000
14.794833	0.640	231,779.000000
14.805500	0.640	227,625.000000
14.816167	0.640	223,711.000000
14.826833	0.640	219,124.000000
14.837500	0.640	211,879.000000
14.848167	0.640	207,288.000000
14.858833	0.640	208,610.000000
14.869500	0.640	208,373.000000
14.880167	0.640	200,616.000000
14.890833	0.640	191,885.000000
14.901500	0.640	189,316.000000
14.912167	0.640	190,025.000000
14.922833	0.640	189,739.000000
14.933500	0.640	187,781.000000
14.944167	0.640	183,916.000000
14.954833	0.640	181,390.000000
14.965500	0.640	183,457.000000
14.976167	0.640	183,913.000000
14.986833	0.640	176,485.000000
14.997500	0.640	167,156.000000
15.008167	0.640	162,838.000000
15.018833	0.640	160,940.000000
15.029500	0.640	157,337.000000
15.040167	0.640	153,123.000000
15.050833	0.640	150,997.000000
15.061500	0.640	149,149.000000
15.072167	0.640	143,400.000000
15.082833	0.640	134,396.000000
15.093500	0.640	127,538.000000
15.104167	0.640	127,359.000000
15.114833	0.640	130,911.000000
15.125500	0.640	130,896.000000
15.136167	0.640	128,935.000000
15.146833	0.640	129,531.000000
15.157500	0.640	127,522.000000
15.168167	0.640	119,445.000000
15.178833	0.640	110,623.000000
15.189500	0.640	106,525.000000
15.200167	0.640	107,975.000000
15.210833	0.640	111,586.000000
15.221500	0.640	113,958.000000
15.232167	0.640	112,781.000000
15.242833	0.640	106,456.000000
15.253500	0.640	98,404.000000
15.264167	0.640	93,702.000000
15.274833	0.640	92,589.000000
15.285500	0.640	92,759.000000
15.296167	0.640	92,029.000000
15.306833	0.640	89,340.000000
15.317500	0.640	86,056.000000
15.328167	0.640	83,659.000000
15.338833	0.640	81,756.000000
15.349500	0.640	80,810.000000
15.360167	0.640	84,186.000000
15.370833	0.640	92,393.000000
15.381500	0.640	98,680.000000
15.392167	0.640	98,607.000000
15.402833	0.640	95,523.000000
15.413500	0.640	93,596.000000
15.424167	0.640	95,812.000000
15.434833	0.640	100,927.000000
15.445500	0.640	103,175.000000
15.456167	0.640	101,462.000000
15.466833	0.640	97,548.000000
15.477500	0.640	91,840.000000
15.488167	0.640	85,601.000000
15.498833	0.640	77,256.000000
15.509500	0.640	64,885.000000
15.520167	0.640	53,794.000000
15.530833	0.640	51,101.000000
15.541500	0.640	54,441.000000
15.552167	0.640	53,953.000000
15.562833	0.640	46,586.000000
15.573500	0.640	38,101.000000
15.584167	0.640	33,723.000000
15.594833	0.640	36,075.000000
15.605500	0.640	44,970.000000
15.616167	0.640	56,569.000000
15.626833	0.640	67,065.000000
15.637500	0.640	77,869.000000
15.648167	0.640	93,483.000000
15.658833	0.640	113,465.000000
15.669500	0.640	135,204.000000
15.680167	0.640	159,856.000000
15.690833	0.640	187,164.000000
15.701500	0.640	213,101.000000
15.712167	0.640	233,058.000000
15.722833	0.640	242,202.000000
15.733500	0.640	237,664.000000
15.744167	0.640	221,250.000000
15.754833	0.640	196,016.000000
15.765500	0.640	164,225.000000
15.776167	0.640	130,920.000000
15.786833	0.640	100,807.000000
15.797500	0.640	74,458.000000
15.808167	0.640	54,299.000000
15.818833	0.640	43,981.000000
15.829500	0.640	39,543.000000
15.840167	0.640	31,764.000000
15.850833	0.640	19,132.000000
15.861500	0.640	10,068.000000
15.872167	0.640	9,622.000000
15.882833	0.640	14,083.000000
15.893500	0.640	17,876.000000
15.904167	0.640	18,475.000000
15.914833	0.640	18,723.000000
15.925500	0.640	22,933.000000
15.936167	0.640	29,032.000000
15.946833	0.640	28,964.000000
15.957500	0.640	20,547.000000
15.968167	0.640	13,433.000000
15.978833	0.640	13,110.000000
15.989500	0.640	15,059.000000
16.000167	0.640	18,155.000000
16.010833	0.640	22,665.000000
16.021500	0.640	24,767.000000
16.032167	0.640	22,532.000000
16.042833	0.640	19,372.000000
16.053500	0.640	18,725.000000
16.064167	0.640	17,635.000000
16.074833	0.640	14,600.000000
16.085500	0.640	14,671.000000
16.096167	0.640	17,792.000000
16.106833	0.640	18,411.000000
16.117500	0.640	17,207.000000
16.128167	0.640	18,225.000000
16.138833	0.640	21,304.000000
16.149500	0.640	25,401.000000
16.160167	0.640	27,676.000000
16.170833	0.640	24,842.000000
16.181500	0.640	20,722.000000
16.192167	0.640	17,806.000000
16.202833	0.640	13,313.000000
16.213500	0.640	8,758.000000
16.224167	0.640	6,854.000000
16.234833	0.640	6,903.000000
16.245500	0.640	8,392.000000
16.256167	0.640	10,245.000000
16.266833	0.640	9,979.000000
16.277500	0.640	8,034.000000
16.288167	0.640	7,845.000000
16.298833	0.640	10,527.000000
16.309500	0.640	14,203.000000
16.320167	0.640	15,937.000000
16.330833	0.640	13,290.000000
16.341500	0.640	9,606.000000
16.352167	0.640	10,524.000000
16.362833	0.640	14,510.000000
16.373500	0.640	17,765.000000
16.384167	0.640	20,286.000000
16.394833	0.640	21,982.000000
16.405500	0.640	21,722.000000
16.416167	0.640	20,756.000000
16.426833	0.640	21,233.000000
16.437500	0.640	21,365.000000
16.448167	0.640	18,938.000000
16.458833	0.640	16,719.000000
16.469500	0.640	17,288.000000
16.480167	0.640	19,485.000000
16.490833	0.640	22,400.000000
16.501500	0.640	23,932.000000
16.512167	0.640	20,217.000000
16.522833	0.640	13,372.000000
16.533500	0.640	11,075.000000
16.544167	0.640	15,960.000000
16.554833	0.640	21,483.000000
16.565500	0.640	22,102.000000
16.576167	0.640	21,203.000000
16.586833	0.640	20,134.000000
16.597500	0.640	14,710.000000
16.608167	0.640	8,580.000000
16.618833	0.640	9,200.000000
16.629500	0.640	13,841.000000
16.640167	0.640	14,683.000000
16.650833	0.640	11,180.000000
16.661500	0.640	9,958.000000
16.672167	0.640	14,135.000000
16.682833	0.640	18,167.000000
16.693500	0.640	18,023.000000
16.704167	0.640	17,281.000000
16.714833	0.640	16,189.000000
16.725500	0.640	11,873.000000
16.736167	0.640	8,410.000000
16.746833	0.640	9,696.000000
16.757500	0.640	13,951.000000
16.768167	0.640	18,665.000000
16.778833	0.640	20,606.000000
16.789500	0.640	17,701.000000
16.800167	0.640	12,663.000000
16.810833	0.640	10,219.000000
16.821500	0.640	11,503.000000
16.832167	0.640	13,191.000000
16.842833	0.640	13,949.000000
16.853500	0.640	14,024.000000
16.864167	0.640	11,507.000000
16.874833	0.640	9,942.000000
16.885500	0.640	14,378.000000
16.896167	0.640	19,631.000000
16.906833	0.640	20,461.000000
16.917500	0.640	19,067.000000
16.928167	0.640	16,536.000000
16.938833	0.640	14,013.000000
16.949500	0.640	15,567.000000
16.960167	0.640	20,071.000000
16.970833	0.640	21,091.000000
16.981500	0.640	18,427.000000
16.992167	0.640	18,422.000000
17.002833	0.640	21,951.000000
17.013500	0.640	24,815.000000
17.024167	0.640	24,864.000000
17.034833	0.640	20,401.000000
17.045500	0.640	13,933.000000
17.056167	0.640	12,348.000000
17.066833	0.640	14,239.000000
17.077500	0.640	14,511.000000
17.088167	0.640	15,018.000000
17.098833	0.640	15,941.000000
17.109500	0.640	15,615.000000
17.120167	0.640	16,976.000000
17.130833	0.640	20,283.000000
17.141500	0.640	22,686.000000
17.152167	0.640	24,251.000000
17.162833	0.640	24,876.000000
17.173500	0.640	23,324.000000
17.184167	0.640	21,822.000000
17.194833	0.640	23,184.000000
17.205500	0.640	25,569.000000
17.216167	0.640	27,720.000000
17.226833	0.640	31,750.000000
17.237500	0.640	37,480.000000
17.248167	0.640	42,154.000000
17.258833	0.640	44,692.000000
17.269500	0.640	45,034.000000
17.280167	0.640	43,514.000000
17.290833	0.640	44,751.000000
17.301500	0.640	50,961.000000
17.312167	0.640	54,470.000000
17.322833	0.640	50,818.000000
17.333500	0.640	47,148.000000
17.344167	0.640	48,736.000000
17.354833	0.640	51,101.000000
17.365500	0.640	50,416.000000
17.376167	0.640	49,538.000000
17.386833	0.640	50,583.000000
17.397500	0.640	50,544.000000
17.408167	0.640	47,033.000000
17.418833	0.640	44,387.000000
17.429500	0.640	47,766.000000
17.440167	0.640	53,069.000000
17.450833	0.640	52,837.000000
17.461500	0.640	48,661.000000
17.472167	0.640	46,707.000000
17.482833	0.640	46,848.000000
17.493500	0.640	46,154.000000
17.504167	0.640	46,437.000000
17.514833	0.640	50,025.000000
17.525500	0.640	53,337.000000
17.536167	0.640	52,417.000000
17.546833	0.640	50,054.000000
17.557500	0.640	50,161.000000
17.568167	0.640	51,522.000000
17.578833	0.640	51,259.000000
17.589500	0.640	49,225.000000
17.600167	0.640	48,076.000000
17.610833	0.640	50,161.000000
17.621500	0.640	54,169.000000
17.632167	0.640	55,969.000000
17.642833	0.640	52,465.000000
17.653500	0.640	44,891.000000
17.664167	0.640	39,406.000000
17.674833	0.640	40,688.000000
17.685500	0.640	45,467.000000
17.696167	0.640	47,133.000000
17.706833	0.640	44,102.000000
17.717500	0.640	42,233.000000
17.728167	0.640	47,280.000000
17.738833	0.640	54,802.000000
17.749500	0.640	57,265.000000
17.760167	0.640	56,472.000000
17.770833	0.640	57,387.000000
17.781500	0.640	59,282.000000
17.792167	0.640	59,455.000000
17.802833	0.640	57,691.000000
17.813500	0.640	55,867.000000
17.824167	0.640	56,174.000000
17.834833	0.640	59,103.000000
17.845500	0.640	62,490.000000
17.856167	0.640	62,752.000000
17.866833	0.640	58,255.000000
17.877500	0.640	52,723.000000
17.888167	0.640	51,645.000000
17.898833	0.640	53,869.000000
17.909500	0.640	53,439.000000
17.920167	0.640	49,046.000000
17.930833	0.640	44,968.000000
17.941500	0.640	44,817.000000
17.952167	0.640	47,322.000000
17.962833	0.640	47,424.000000
17.973500	0.640	45,078.000000
17.984167	0.640	47,512.000000
17.994833	0.640	54,760.000000
18.005500	0.640	57,092.000000
18.016167	0.640	52,218.000000
18.026833	0.640	47,535.000000
18.037500	0.640	46,158.000000
18.048167	0.640	45,237.000000
18.058833	0.640	44,221.000000
18.069500	0.640	46,244.000000
18.080167	0.640	51,847.000000
18.090833	0.640	53,609.000000
18.101500	0.640	44,835.000000
18.112167	0.640	33,266.000000
18.122833	0.640	31,092.000000
18.133500	0.640	35,783.000000
18.144167	0.640	37,405.000000
18.154833	0.640	35,500.000000
18.165500	0.640	34,936.000000
18.176167	0.640	35,350.000000
18.186833	0.640	35,280.000000
18.197500	0.640	37,258.000000
18.208167	0.640	41,544.000000
18.218833	0.640	45,133.000000
18.229500	0.640	47,985.000000
18.240167	0.640	50,975.000000
18.250833	0.640	54,790.000000
18.261500	0.640	64,588.000000
18.272167	0.640	83,937.000000
18.282833	0.640	108,916.000000
18.293500	0.640	138,227.000000
18.304167	0.640	175,812.000000
18.314833	0.640	220,964.000000
18.325500	0.640	271,078.000000
18.336167	0.640	324,344.000000
18.346833	0.640	369,674.000000
18.357500	0.640	392,292.000000
18.368167	0.640	392,371.000000
18.378833	0.640	380,132.000000
18.389500	0.640	356,257.000000
18.400167	0.640	315,185.000000
18.410833	0.640	262,290.000000
18.421500	0.640	211,321.000000
18.432167	0.640	168,368.000000
18.442833	0.640	131,975.000000
18.453500	0.640	104,712.000000
18.464167	0.640	89,542.000000
18.474833	0.640	81,093.000000
18.485500	0.640	72,284.000000
18.496167	0.640	62,222.000000
18.506833	0.640	53,259.000000
18.517500	0.640	46,828.000000
18.528167	0.640	44,038.000000
18.538833	0.640	43,959.000000
18.549500	0.640	42,454.000000
18.560167	0.640	39,155.000000
18.570833	0.640	37,715.000000
18.581500	0.640	38,888.000000
18.592167	0.640	41,210.000000
18.602833	0.640	42,011.000000
18.613500	0.640	39,030.000000
18.624167	0.640	36,109.000000
18.634833	0.640	40,041.000000
18.645500	0.640	49,833.000000
18.656167	0.640	55,535.000000
18.666833	0.640	50,972.000000
18.677500	0.640	42,058.000000
18.688167	0.640	37,204.000000
18.698833	0.640	36,195.000000
18.709500	0.640	35,019.000000
18.720167	0.640	34,472.000000
18.730833	0.640	35,803.000000
18.741500	0.640	35,875.000000
18.752167	0.640	33,047.000000
18.762833	0.640	30,587.000000
18.773500	0.640	32,291.000000
18.784167	0.640	37,172.000000
18.794833	0.640	40,942.000000
18.805500	0.640	41,845.000000
18.816167	0.640	39,991.000000
18.826833	0.640	35,230.000000
18.837500	0.640	29,537.000000
18.848167	0.640	27,207.000000
18.858833	0.640	30,752.000000
18.869500	0.640	36,448.000000
18.880167	0.640	36,635.000000
18.890833	0.640	31,378.000000
18.901500	0.640	29,962.000000
18.912167	0.640	34,858.000000
18.922833	0.640	37,560.000000
18.933500	0.640	32,831.000000
18.944167	0.640	26,421.000000
18.954833	0.640	27,300.000000
18.965500	0.640	33,579.000000
18.976167	0.640	34,586.000000
18.986833	0.640	29,541.000000
18.997500	0.640	26,846.000000
19.008167	0.640	27,880.000000
19.018833	0.640	28,082.000000
19.029500	0.640	25,460.000000
19.040167	0.640	21,204.000000
19.050883	0.643	17,490.000000
19.061500	0.637	15,246.000000
19.072167	0.640	15,815.000000
19.082833	0.640	20,966.000000
19.093500	0.640	28,314.000000
19.104167	0.640	32,274.000000
19.114833	0.640	29,547.000000
19.125500	0.640	22,683.000000
19.136167	0.640	16,789.000000
19.146833	0.640	14,581.000000
19.157500	0.640	15,846.000000
19.168167	0.640	17,409.000000
19.178833	0.640	17,831.000000
19.189500	0.640	18,495.000000
19.200167	0.640	18,914.000000
19.210833	0.640	19,320.000000
19.221500	0.640	20,211.000000
19.232167	0.640	20,836.000000
19.242833	0.640	22,262.000000
19.253500	0.640	23,507.000000
19.264167	0.640	21,565.000000
19.274833	0.640	18,374.000000
19.285500	0.640	17,888.000000
19.296167	0.640	18,787.000000
19.306833	0.640	17,591.000000
19.317500	0.640	16,609.000000
19.328167	0.640	20,165.000000
19.338833	0.640	24,999.000000
19.349500	0.640	25,912.000000
19.360167	0.640	24,597.000000
19.370833	0.640	23,594.000000
19.381500	0.640	22,715.000000
19.392167	0.640	22,579.000000
19.402833	0.640	22,086.000000
19.413500	0.640	19,371.000000
19.424167	0.640	17,708.000000
19.434833	0.640	20,073.000000
19.445500	0.640	22,396.000000
19.456167	0.640	20,098.000000
19.466833	0.640	15,766.000000
19.477500	0.640	16,079.000000
19.488167	0.640	20,580.000000
19.498833	0.640	21,603.000000
19.509500	0.640	18,036.000000
19.520167	0.640	14,991.000000
19.530833	0.640	15,339.000000
19.541500	0.640	19,485.000000
19.552167	0.640	24,524.000000
19.562833	0.640	26,453.000000
19.573500	0.640	25,176.000000
19.584167	0.640	23,289.000000
19.594833	0.640	21,447.000000
19.605500	0.640	19,575.000000
19.616167	0.640	20,221.000000
19.626833	0.640	21,754.000000
19.637500	0.640	19,071.000000
19.648167	0.640	14,207.000000
19.658833	0.640	11,851.000000
19.669500	0.640	12,460.000000
19.680167	0.640	14,733.000000
19.690833	0.640	16,837.000000
19.701500	0.640	16,958.000000
19.712167	0.640	14,592.000000
19.722833	0.640	13,411.000000
19.733500	0.640	18,639.000000
19.744167	0.640	26,993.000000
19.754833	0.640	29,274.000000
19.765500	0.640	23,172.000000
19.776167	0.640	16,063.000000
19.786833	0.640	15,863.000000
19.797500	0.640	20,743.000000
19.808167	0.640	23,397.000000
19.818833	0.640	22,371.000000
19.829500	0.640	21,252.000000
19.840167	0.640	21,730.000000
19.850833	0.640	21,139.000000
19.861500	0.640	17,400.000000
19.872167	0.640	13,743.000000
19.882833	0.640	12,712.000000
19.893500	0.640	12,133.000000
19.904167	0.640	11,659.000000
19.914833	0.640	14,399.000000
19.925500	0.640	20,210.000000
19.936167	0.640	24,791.000000
19.946833	0.640	26,233.000000
19.957500	0.640	26,308.000000
19.968167	0.640	25,497.000000
19.978833	0.640	22,847.000000
19.989500	0.640	18,762.000000
20.000167	0.640	15,689.000000
20.010833	0.640	17,832.000000
20.021500	0.640	24,917.000000
20.032167	0.640	28,235.000000
20.042833	0.640	22,488.000000
20.053500	0.640	14,835.000000
20.064167	0.640	13,237.000000
20.074833	0.640	15,348.000000
20.085500	0.640	15,615.000000
20.096167	0.640	13,960.000000
20.106833	0.640	12,958.000000
20.117500	0.640	13,294.000000
20.128167	0.640	13,998.000000
20.138833	0.640	13,983.000000
20.149500	0.640	13,595.000000
20.160167	0.640	15,048.000000
20.170833	0.640	17,317.000000
20.181500	0.640	15,321.000000
20.192167	0.640	10,969.000000
20.202833	0.640	10,062.000000
20.213500	0.640	10,230.000000
20.224167	0.640	9,334.000000
20.234833	0.640	10,086.000000
20.245500	0.640	11,639.000000
20.256167	0.640	12,881.000000
20.266833	0.640	14,835.000000
20.277500	0.640	14,022.000000
20.288167	0.640	8,740.000000
20.298833	0.640	5,238.000000
20.309500	0.640	5,316.000000
20.320167	0.640	5,665.000000
20.330833	0.640	7,464.000000
20.341500	0.640	9,875.000000
20.352167	0.640	9,999.000000
20.362833	0.640	11,416.000000
20.373500	0.640	17,435.000000
20.384167	0.640	23,404.000000
20.394833	0.640	23,848.000000
20.405500	0.640	21,447.000000
20.416167	0.640	24,069.000000
20.426833	0.640	34,702.000000
20.437500	0.640	48,829.000000
20.448167	0.640	61,703.000000
20.458833	0.640	73,601.000000
20.469500	0.640	88,764.000000
20.480167	0.640	112,088.000000
20.490833	0.640	144,357.000000
20.501500	0.640	181,526.000000
20.512167	0.640	222,911.000000
20.522833	0.640	274,599.000000
20.533500	0.640	341,108.000000
20.544167	0.640	423,930.000000
20.554833	0.640	527,195.000000
20.565500	0.640	655,594.000000
20.576167	0.640	812,040.000000
20.586833	0.640	998,213.000000
20.597500	0.640	1,215,416.000000
20.608167	0.640	1,471,822.000000
20.618833	0.640	1,784,334.000000
20.629500	0.640	2,168,372.000000
20.640167	0.640	2,636,694.000000
20.650833	0.640	3,212,676.000000
20.661500	0.640	3,941,238.000000
20.672167	0.640	4,877,925.000000
20.682833	0.640	6,063,862.000000
20.693500	0.640	7,535,406.000000
20.704167	0.640	9,336,735.000000
20.714833	0.640	11,475,439.000000
20.725500	0.640	13,899,506.000000
20.736167	0.640	16,507,305.000000
20.746833	0.640	19,109,448.000000
20.757500	0.640	21,441,510.000000
20.768167	0.640	23,267,623.000000
20.778833	0.640	24,398,089.000000
20.789500	0.640	24,689,022.000000
20.800167	0.640	24,144,238.000000
20.810833	0.640	22,884,430.000000
20.821500	0.640	21,015,462.000000
20.832167	0.640	18,676,677.000000
20.842833	0.640	16,115,185.000000
20.853500	0.640	13,593,876.000000
20.864167	0.640	11,288,566.000000
20.874833	0.640	9,292,822.000000
20.885500	0.640	7,655,184.000000
20.896167	0.640	6,379,674.000000
20.906833	0.640	5,417,850.000000
20.917500	0.640	4,693,050.000000
20.928167	0.640	4,141,203.000000
20.938833	0.640	3,730,165.000000
20.949500	0.640	3,439,548.000000
20.960167	0.640	3,230,003.000000
20.970833	0.640	3,056,270.000000
20.981500	0.640	2,905,177.000000
20.992167	0.640	2,787,085.000000
21.002833	0.640	2,695,071.000000
21.013500	0.640	2,609,151.000000
21.024167	0.640	2,529,088.000000
21.034833	0.640	2,464,244.000000
21.045500	0.640	2,407,790.000000
21.056167	0.640	2,350,469.000000
21.066833	0.640	2,297,627.000000
21.077500	0.640	2,253,989.000000
21.088167	0.640	2,212,974.000000
21.098833	0.640	2,169,619.000000
21.109500	0.640	2,126,337.000000
21.120167	0.640	2,083,037.000000
21.130833	0.640	2,037,173.000000
21.141500	0.640	1,993,189.000000
21.152167	0.640	1,958,102.000000
21.162833	0.640	1,931,312.000000
21.173500	0.640	1,906,430.000000
21.184167	0.640	1,877,952.000000
21.194833	0.640	1,846,784.000000
21.205500	0.640	1,819,836.000000
21.216167	0.640	1,798,513.000000
21.226833	0.640	1,775,149.000000
21.237500	0.640	1,744,935.000000
21.248167	0.640	1,711,120.000000
21.258833	0.640	1,679,810.000000
21.269500	0.640	1,653,419.000000
21.280167	0.640	1,629,024.000000
21.290833	0.640	1,606,182.000000
21.301500	0.640	1,587,885.000000
21.312167	0.640	1,572,141.000000
21.322833	0.640	1,552,373.000000
21.333500	0.640	1,524,872.000000
21.344167	0.640	1,494,329.000000
21.354833	0.640	1,471,756.000000
21.365500	0.640	1,462,731.000000
21.376167	0.640	1,458,264.000000
21.386833	0.640	1,446,322.000000
21.397500	0.640	1,429,042.000000
21.408167	0.640	1,413,697.000000
21.418833	0.640	1,401,436.000000
21.429500	0.640	1,395,324.000000
21.440167	0.640	1,395,690.000000
21.450833	0.640	1,391,892.000000
21.461500	0.640	1,376,145.000000
21.472167	0.640	1,353,987.000000
21.482833	0.640	1,336,232.000000
21.493500	0.640	1,326,614.000000
21.504167	0.640	1,320,051.000000
21.514833	0.640	1,309,946.000000
21.525500	0.640	1,291,608.000000
21.536167	0.640	1,267,274.000000
21.546833	0.640	1,249,583.000000
21.557500	0.640	1,244,378.000000
21.568167	0.640	1,238,004.000000
21.578833	0.640	1,220,430.000000
21.589500	0.640	1,199,928.000000
21.600167	0.640	1,184,400.000000
21.610833	0.640	1,172,181.000000
21.621500	0.640	1,156,803.000000
21.632167	0.640	1,134,503.000000
21.642833	0.640	1,110,002.000000
21.653500	0.640	1,087,789.000000
21.664167	0.640	1,068,847.000000
21.674833	0.640	1,053,135.000000
21.685500	0.640	1,036,242.000000
21.696167	0.640	1,015,942.000000
21.706833	0.640	996,424.000000
21.717500	0.640	980,215.000000
21.728167	0.640	965,161.000000
21.738833	0.640	948,783.000000
21.749500	0.640	931,611.000000
21.760167	0.640	915,822.000000
21.770833	0.640	901,642.000000
21.781500	0.640	887,292.000000
21.792167	0.640	873,083.000000
21.802833	0.640	861,996.000000
21.813500	0.640	853,598.000000
21.824167	0.640	842,628.000000
21.834833	0.640	826,704.000000
21.845500	0.640	809,998.000000
21.856167	0.640	796,899.000000
21.866833	0.640	785,155.000000
21.877500	0.640	771,192.000000
21.888167	0.640	761,574.000000
21.898833	0.640	763,495.000000
21.909500	0.640	765,933.000000
21.920167	0.640	754,293.000000
21.930833	0.640	734,257.000000
21.941500	0.640	719,862.000000
21.952167	0.640	714,600.000000
21.962833	0.640	713,938.000000
21.973500	0.640	712,602.000000
21.984167	0.640	706,665.000000
21.994833	0.640	695,937.000000
22.005500	0.640	685,672.000000
22.016167	0.640	678,431.000000
22.026833	0.640	670,718.000000
22.037500	0.640	662,917.000000
22.048167	0.640	658,469.000000
22.058833	0.640	655,974.000000
22.069500	0.640	652,106.000000
22.080167	0.640	645,590.000000
22.090833	0.640	635,912.000000
22.101500	0.640	625,126.000000
22.112167	0.640	619,784.000000
22.122833	0.640	623,026.000000
22.133500	0.640	627,540.000000
22.144167	0.640	622,971.000000
22.154833	0.640	607,526.000000
22.165500	0.640	590,102.000000
22.176167	0.640	581,344.000000
22.186833	0.640	582,143.000000
22.197500	0.640	584,303.000000
22.208167	0.640	582,554.000000
22.218833	0.640	579,265.000000
22.229500	0.640	576,542.000000
22.240167	0.640	572,714.000000
22.250833	0.640	568,001.000000
22.261500	0.640	563,696.000000
22.272167	0.640	557,597.000000
22.282833	0.640	549,300.000000
22.293500	0.640	543,965.000000
22.304167	0.640	543,805.000000
22.314833	0.640	543,883.000000
22.325500	0.640	539,803.000000
22.336167	0.640	532,628.000000
22.346833	0.640	525,895.000000
22.357500	0.640	520,502.000000
22.368167	0.640	514,958.000000
22.378833	0.640	510,833.000000
22.389500	0.640	509,720.000000
22.400167	0.640	509,351.000000
22.410833	0.640	510,055.000000
22.421500	0.640	512,228.000000
22.432167	0.640	512,490.000000
22.442833	0.640	511,474.000000
22.453500	0.640	510,245.000000
22.464167	0.640	506,427.000000
22.474833	0.640	502,312.000000
22.485500	0.640	500,719.000000
22.496167	0.640	498,921.000000
22.506833	0.640	497,026.000000
22.517500	0.640	499,167.000000
22.528167	0.640	502,669.000000
22.538833	0.640	501,718.000000
22.549500	0.640	499,416.000000
22.560167	0.640	499,486.000000
22.570833	0.640	497,765.000000
22.581500	0.640	492,822.000000
22.592167	0.640	490,976.000000
22.602833	0.640	494,667.000000
22.613500	0.640	496,179.000000
22.624167	0.640	490,141.000000
22.634833	0.640	482,219.000000
22.645500	0.640	479,734.000000
22.656167	0.640	481,768.000000
22.666833	0.640	483,050.000000
22.677500	0.640	482,254.000000
22.688167	0.640	480,427.000000
22.698833	0.640	476,664.000000
22.709500	0.640	470,173.000000
22.720167	0.640	463,765.000000
22.730833	0.640	461,570.000000
22.741500	0.640	462,990.000000
22.752167	0.640	463,904.000000
22.762833	0.640	463,561.000000
22.773500	0.640	463,916.000000
22.784167	0.640	463,949.000000
22.794833	0.640	461,472.000000
22.805500	0.640	458,000.000000
22.816167	0.640	455,951.000000
22.826833	0.640	456,310.000000
22.837500	0.640	460,672.000000
22.848167	0.640	466,071.000000
22.858833	0.640	465,537.000000
22.869500	0.640	460,499.000000
22.880167	0.640	457,497.000000
22.890833	0.640	456,739.000000
22.901500	0.640	455,643.000000
22.912217	0.643	454,575.000000
22.922833	0.637	456,425.000000
22.933500	0.640	462,971.000000
22.944167	0.640	470,311.000000
22.954833	0.640	472,387.000000
22.965500	0.640	468,216.000000
22.976167	0.640	462,891.000000
22.986833	0.640	461,766.000000
22.997500	0.640	464,020.000000
23.008167	0.640	466,658.000000
23.018833	0.640	468,188.000000
23.029500	0.640	465,571.000000
23.040167	0.640	459,705.000000
23.050833	0.640	456,554.000000
23.061500	0.640	458,275.000000
23.072167	0.640	463,396.000000
23.082833	0.640	469,641.000000
23.093500	0.640	473,130.000000
23.104167	0.640	471,447.000000
23.114833	0.640	468,705.000000
23.125500	0.640	472,048.000000
23.136167	0.640	480,094.000000
23.146833	0.640	484,633.000000
23.157500	0.640	483,774.000000
23.168167	0.640	481,929.000000
23.178833	0.640	480,775.000000
23.189500	0.640	479,572.000000
23.200167	0.640	479,465.000000
23.210833	0.640	481,804.000000
23.221500	0.640	486,636.000000
23.232167	0.640	492,198.000000
23.242833	0.640	495,243.000000
23.253500	0.640	495,898.000000
23.264167	0.640	496,248.000000
23.274833	0.640	495,076.000000
23.285500	0.640	493,490.000000
23.296167	0.640	495,917.000000
23.306833	0.640	500,675.000000
23.317500	0.640	502,049.000000
23.328167	0.640	498,763.000000
23.338833	0.640	494,598.000000
23.349500	0.640	494,849.000000
23.360167	0.640	500,373.000000
23.370833	0.640	506,229.000000
23.381500	0.640	509,502.000000
23.392167	0.640	512,131.000000
23.402833	0.640	515,610.000000
23.413500	0.640	517,478.000000
23.424167	0.640	514,910.000000
23.434833	0.640	512,010.000000
23.445500	0.640	515,095.000000
23.456167	0.640	522,084.000000
23.466833	0.640	527,073.000000
23.477500	0.640	530,048.000000
23.488167	0.640	533,951.000000
23.498833	0.640	539,119.000000
23.509500	0.640	544,422.000000
23.520167	0.640	546,854.000000
23.530833	0.640	544,919.000000
23.541500	0.640	544,048.000000
23.552167	0.640	547,690.000000
23.562833	0.640	551,782.000000
23.573500	0.640	553,777.000000
23.584167	0.640	552,875.000000
23.594833	0.640	548,973.000000
23.605500	0.640	547,857.000000
23.616167	0.640	552,484.000000
23.626833	0.640	556,454.000000
23.637500	0.640	553,976.000000
23.648167	0.640	547,184.000000
23.658833	0.640	542,377.000000
23.669500	0.640	541,055.000000
23.680167	0.640	540,836.000000
23.690833	0.640	540,625.000000
23.701500	0.640	538,940.000000
23.712167	0.640	537,288.000000
23.722833	0.640	537,524.000000
23.733500	0.640	536,316.000000
23.744167	0.640	534,984.000000
23.754833	0.640	537,479.000000
23.765500	0.640	539,646.000000
23.776167	0.640	538,649.000000
23.786833	0.640	537,070.000000
23.797500	0.640	535,021.000000
23.808167	0.640	533,117.000000
23.818833	0.640	533,528.000000
23.829500	0.640	534,742.000000
23.840167	0.640	533,480.000000
23.850833	0.640	530,104.000000
23.861500	0.640	529,044.000000
23.872167	0.640	531,443.000000
23.882833	0.640	531,865.000000
23.893500	0.640	528,627.000000
23.904167	0.640	527,539.000000
23.914833	0.640	530,247.000000
23.925500	0.640	531,972.000000
23.936167	0.640	530,178.000000
23.946833	0.640	525,676.000000
23.957500	0.640	521,467.000000
23.968167	0.640	523,041.000000
23.978833	0.640	531,072.000000
23.989500	0.640	535,924.000000
24.000167	0.640	529,994.000000
24.010833	0.640	522,039.000000
24.021500	0.640	524,238.000000
24.032167	0.640	532,117.000000
24.042833	0.640	534,370.000000
24.053500	0.640	531,577.000000
24.064167	0.640	531,893.000000
24.074833	0.640	535,285.000000
24.085500	0.640	534,152.000000
24.096167	0.640	528,775.000000
24.106833	0.640	526,653.000000
24.117500	0.640	528,152.000000
24.128167	0.640	527,278.000000
24.138833	0.640	523,037.000000
24.149500	0.640	521,026.000000
24.160167	0.640	523,054.000000
24.170833	0.640	523,213.000000
24.181500	0.640	519,423.000000
24.192167	0.640	517,179.000000
24.202833	0.640	518,312.000000
24.213500	0.640	519,121.000000
24.224167	0.640	519,104.000000
24.234833	0.640	520,911.000000
24.245500	0.640	524,215.000000
24.256167	0.640	526,752.000000
24.266833	0.640	528,486.000000
24.277500	0.640	529,452.000000
24.288167	0.640	528,499.000000
24.298833	0.640	528,300.000000
24.309500	0.640	532,098.000000
24.320167	0.640	536,078.000000
24.330833	0.640	536,437.000000
24.341500	0.640	534,715.000000
24.352167	0.640	530,239.000000
24.362833	0.640	522,502.000000
24.373500	0.640	515,897.000000
24.384167	0.640	512,424.000000
24.394833	0.640	511,769.000000
24.405500	0.640	514,226.000000
24.416167	0.640	517,310.000000
24.426833	0.640	519,417.000000
24.437500	0.640	521,836.000000
24.448167	0.640	523,508.000000
24.458833	0.640	521,125.000000
24.469500	0.640	516,081.000000
24.480167	0.640	514,623.000000
24.490833	0.640	518,357.000000
24.501500	0.640	523,978.000000
24.512167	0.640	527,913.000000
24.522833	0.640	527,102.000000
24.533500	0.640	525,507.000000
24.544167	0.640	530,029.000000
24.554833	0.640	536,342.000000
24.565500	0.640	536,663.000000
24.576167	0.640	532,859.000000
24.586833	0.640	529,830.000000
24.597500	0.640	528,682.000000
24.608167	0.640	529,098.000000
24.618833	0.640	532,087.000000
24.629500	0.640	538,662.000000
24.640167	0.640	545,476.000000
24.650833	0.640	546,983.000000
24.661500	0.640	543,621.000000
24.672167	0.640	541,099.000000
24.682833	0.640	541,464.000000
24.693500	0.640	543,463.000000
24.704167	0.640	548,832.000000
24.714833	0.640	556,474.000000
24.725500	0.640	559,569.000000
24.736167	0.640	558,043.000000
24.746833	0.640	558,212.000000
24.757500	0.640	561,432.000000
24.768167	0.640	566,519.000000
24.778833	0.640	572,495.000000
24.789500	0.640	576,503.000000
24.800167	0.640	578,347.000000
24.810833	0.640	581,941.000000
24.821500	0.640	589,778.000000
24.832167	0.640	599,662.000000
24.842833	0.640	607,625.000000
24.853500	0.640	611,646.000000
24.864167	0.640	611,353.000000
24.874833	0.640	610,648.000000
24.885500	0.640	615,059.000000
24.896167	0.640	621,051.000000
24.906833	0.640	620,474.000000
24.917500	0.640	612,655.000000
24.928167	0.640	605,430.000000
24.938833	0.640	606,792.000000
24.949500	0.640	614,822.000000
24.960167	0.640	622,177.000000
24.970833	0.640	626,412.000000
24.981500	0.640	629,430.000000
24.992167	0.640	633,690.000000
25.002833	0.640	638,581.000000
25.013500	0.640	642,558.000000
25.024167	0.640	647,150.000000
25.034833	0.640	652,282.000000
25.045500	0.640	657,732.000000
25.056167	0.640	666,313.000000
25.066833	0.640	676,767.000000
25.077500	0.640	684,242.000000
25.088167	0.640	686,950.000000
25.098833	0.640	687,695.000000
25.109500	0.640	691,638.000000
25.120167	0.640	699,808.000000
25.130833	0.640	708,058.000000
25.141500	0.640	712,041.000000
25.152167	0.640	711,600.000000
25.162833	0.640	712,499.000000
25.173500	0.640	719,244.000000
25.184167	0.640	732,183.000000
25.194833	0.640	751,728.000000
25.205500	0.640	777,277.000000
25.216167	0.640	809,700.000000
25.226833	0.640	855,457.000000
25.237500	0.640	926,118.000000
25.248167	0.640	1,038,734.000000
25.258833	0.640	1,212,183.000000
25.269500	0.640	1,463,489.000000
25.280167	0.640	1,813,055.000000
25.290833	0.640	2,292,175.000000
25.301500	0.640	2,941,689.000000
25.312167	0.640	3,796,324.000000
25.322833	0.640	4,870,874.000000
25.333500	0.640	6,155,724.000000
25.344167	0.640	7,607,539.000000
25.354833	0.640	9,142,901.000000
25.365500	0.640	10,637,442.000000
25.376167	0.640	11,941,677.000000
25.386833	0.640	12,918,645.000000
25.397500	0.640	13,449,869.000000
25.408167	0.640	13,441,149.000000
25.418833	0.640	12,882,899.000000
25.429500	0.640	11,866,815.000000
25.440167	0.640	10,525,159.000000
25.450833	0.640	8,992,347.000000
25.461500	0.640	7,405,936.000000
25.472167	0.640	5,898,548.000000
25.482833	0.640	4,572,842.000000
25.493500	0.640	3,485,405.000000
25.504167	0.640	2,649,401.000000
25.514833	0.640	2,042,092.000000
25.525500	0.640	1,619,613.000000
25.536167	0.640	1,335,759.000000
25.546833	0.640	1,151,039.000000
25.557500	0.640	1,034,772.000000
25.568167	0.640	962,030.000000
25.578833	0.640	914,666.000000
25.589500	0.640	887,557.000000
25.600167	0.640	879,257.000000
25.610833	0.640	879,359.000000
25.621500	0.640	876,550.000000
25.632167	0.640	870,521.000000
25.642833	0.640	869,084.000000
25.653500	0.640	877,305.000000
25.664167	0.640	888,909.000000
25.674833	0.640	891,930.000000
25.685500	0.640	885,927.000000
25.696167	0.640	882,443.000000
25.706833	0.640	886,034.000000
25.717500	0.640	888,429.000000
25.728167	0.640	888,067.000000
25.738833	0.640	894,204.000000
25.749500	0.640	904,753.000000
25.760167	0.640	912,887.000000
25.770833	0.640	923,589.000000
25.781500	0.640	936,677.000000
25.792167	0.640	943,294.000000
25.802833	0.640	947,186.000000
25.813500	0.640	961,691.000000
25.824167	0.640	986,955.000000
25.834833	0.640	1,009,604.000000
25.845500	0.640	1,024,248.000000
25.856167	0.640	1,041,188.000000
25.866833	0.640	1,073,568.000000
25.877500	0.640	1,127,137.000000
25.888167	0.640	1,196,209.000000
25.898833	0.640	1,257,210.000000
25.909500	0.640	1,280,602.000000
25.920167	0.640	1,259,797.000000
25.930833	0.640	1,213,498.000000
25.941500	0.640	1,163,274.000000
25.952167	0.640	1,119,778.000000
25.962833	0.640	1,085,629.000000
25.973500	0.640	1,064,797.000000
25.984167	0.640	1,059,749.000000
25.994833	0.640	1,062,892.000000
26.005500	0.640	1,065,540.000000
26.016167	0.640	1,069,398.000000
26.026833	0.640	1,078,808.000000
26.037500	0.640	1,090,004.000000
26.048167	0.640	1,098,141.000000
26.058833	0.640	1,107,822.000000
26.069500	0.640	1,123,339.000000
26.080167	0.640	1,139,282.000000
26.090833	0.640	1,153,117.000000
26.101500	0.640	1,169,127.000000
26.112167	0.640	1,188,401.000000
26.122833	0.640	1,211,415.000000
26.133500	0.640	1,238,116.000000
26.144167	0.640	1,260,331.000000
26.154833	0.640	1,269,242.000000
26.165500	0.640	1,267,784.000000
26.176167	0.640	1,266,939.000000
26.186833	0.640	1,272,190.000000
26.197500	0.640	1,281,635.000000
26.208167	0.640	1,294,370.000000
26.218833	0.640	1,309,625.000000
26.229500	0.640	1,324,577.000000
26.240167	0.640	1,341,303.000000
26.250833	0.640	1,365,690.000000
26.261500	0.640	1,393,191.000000
26.272167	0.640	1,409,194.000000
26.282833	0.640	1,409,938.000000
26.293500	0.640	1,405,342.000000
26.304167	0.640	1,400,509.000000
26.314833	0.640	1,396,374.000000
26.325500	0.640	1,400,940.000000
26.336167	0.640	1,425,051.000000
26.346833	0.640	1,483,243.000000
26.357500	0.640	1,612,702.000000
26.368167	0.640	1,913,849.000000
26.378833	0.640	2,571,974.000000
26.389500	0.640	3,668,199.000000
26.400167	0.640	4,799,234.000000
26.410833	0.640	5,156,478.000000
26.421500	0.640	4,362,949.000000
26.432167	0.640	2,996,540.000000
26.442833	0.640	1,939,853.000000
26.453500	0.640	1,499,208.000000
26.464167	0.640	1,416,667.000000
26.474833	0.640	1,404,536.000000
26.485500	0.640	1,382,492.000000
26.496167	0.640	1,367,355.000000
26.506833	0.640	1,363,012.000000
26.517500	0.640	1,363,297.000000
26.528167	0.640	1,369,628.000000
26.538833	0.640	1,380,101.000000
26.549500	0.640	1,389,397.000000
26.560167	0.640	1,398,689.000000
26.570833	0.640	1,409,591.000000
26.581500	0.640	1,416,113.000000
26.592167	0.640	1,412,985.000000
26.602833	0.640	1,403,915.000000
26.613500	0.640	1,394,365.000000
26.624167	0.640	1,385,973.000000
26.634833	0.640	1,379,603.000000
26.645500	0.640	1,376,176.000000
26.656167	0.640	1,374,926.000000
26.666833	0.640	1,374,917.000000
26.677500	0.640	1,382,169.000000
26.688167	0.640	1,409,405.000000
26.698833	0.640	1,462,495.000000
26.709500	0.640	1,535,218.000000
26.720167	0.640	1,632,381.000000
26.730833	0.640	1,799,092.000000
26.741500	0.640	2,089,684.000000
26.752167	0.640	2,449,971.000000
26.762833	0.640	2,664,046.000000
26.773500	0.640	2,559,258.000000
26.784167	0.640	2,250,189.000000
26.794833	0.640	2,016,502.000000
26.805500	0.640	1,988,828.000000
26.816167	0.640	2,087,017.000000
26.826833	0.640	2,182,614.000000
26.837500	0.640	2,235,275.000000
26.848167	0.640	2,319,249.000000
26.858833	0.640	2,548,962.000000
26.869500	0.640	3,074,018.000000
26.880167	0.640	4,543,304.000000
26.890833	0.640	9,823,192.000000
26.901500	0.640	27,244,307.000000
26.912167	0.640	67,078,869.000000
26.922833	0.640	120,635,046.000000
26.933500	0.640	149,509,300.000000
26.944167	0.640	124,479,104.000000
26.954833	0.640	67,196,994.000000
26.965500	0.640	22,812,438.000000
26.976167	0.640	7,400,384.000000
26.986833	0.640	6,941,240.000000
26.997500	0.640	7,905,352.000000
27.008167	0.640	9,391,453.000000
27.018833	0.640	18,486,262.000000
27.029500	0.640	49,288,286.000000
27.040167	0.640	50,160,698.000000
27.040333	0.010	85,241,047.000000
27.040500	0.010	50,160,698.000000
27.040667	0.010	85,241,047.000000
27.040833	0.010	50,160,698.000000
27.041000	0.010	85,241,047.000000
27.041167	0.010	50,160,698.000000
27.050833	0.580	50,160,698.000000
27.061500	0.640	50,160,698.000000
27.072167	0.640	50,160,698.000000
27.072333	0.010	85,241,047.000000
27.072500	0.010	50,160,698.000000
27.072667	0.010	85,241,047.000000
27.072833	0.010	50,160,698.000000
27.073000	0.010	85,241,047.000000
27.073167	0.010	50,160,698.000000
27.082833	0.580	122,072,798.000000
27.093500	0.640	55,898,106.000000
27.104167	0.640	33,113,340.000000
27.114833	0.640	25,661,645.000000
27.125500	0.640	19,232,327.000000
27.136167	0.640	16,077,611.000000
27.146833	0.640	16,757,915.000000
27.157500	0.640	16,747,326.000000
27.168167	0.640	13,887,259.000000
27.178833	0.640	10,414,279.000000
27.189500	0.640	8,707,895.000000
27.200167	0.640	8,802,436.000000
27.210833	0.640	9,917,771.000000
27.221500	0.640	11,768,985.000000
27.232167	0.640	13,691,682.000000
27.242833	0.640	15,035,975.000000
27.253500	0.640	21,295,589.000000
27.264167	0.640	22,168,001.000000
27.264333	0.010	43,252,001.000000
27.264500	0.010	22,168,001.000000
27.264667	0.010	43,252,001.000000
27.264833	0.010	22,168,001.000000
27.265000	0.010	43,252,001.000000
27.265167	0.010	22,168,001.000000
27.274833	0.580	22,168,001.000000
27.285500	0.640	22,168,001.000000
27.296167	0.640	22,168,001.000000
27.306833	0.640	22,168,001.000000
27.317500	0.640	22,168,001.000000
27.328167	0.640	22,168,001.000000
27.328333	0.010	43,252,001.000000
27.328500	0.010	22,168,001.000000
27.328667	0.010	43,252,001.000000
27.328833	0.010	22,168,001.000000
27.329000	0.010	43,252,001.000000
27.329167	0.010	22,168,001.000000
27.338833	0.580	177,038,543.000000
27.349500	0.640	87,908,917.000000
27.360167	0.640	59,136,689.000000
27.370833	0.640	60,057,039.000000
27.381500	0.640	67,144,051.000000
27.392167	0.640	68,016,463.000000
27.392333	0.010	112,024,694.000000
27.392500	0.010	68,016,463.000000
27.392667	0.010	112,024,694.000000
27.392833	0.010	68,016,463.000000
27.393000	0.010	112,024,694.000000
27.393167	0.010	68,016,463.000000
27.402833	0.580	68,016,463.000000
27.413500	0.640	68,016,463.000000
27.424167	0.640	68,016,463.000000
27.434833	0.640	68,016,463.000000
27.445500	0.640	68,016,463.000000
27.456167	0.640	68,016,463.000000
27.466833	0.640	68,016,463.000000
27.477500	0.640	68,016,463.000000
27.488167	0.640	68,016,463.000000
27.498833	0.640	68,016,463.000000
27.499000	0.010	112,024,694.000000
27.499167	0.010	68,016,463.000000
27.499333	0.010	112,024,694.000000
27.499500	0.010	68,016,463.000000
27.499667	0.010	112,024,694.000000
27.499833	0.010	68,016,463.000000
27.509500	0.580	103,563,505.000000
27.520167	0.640	92,021,381.000000
27.530833	0.640	101,565,215.000000
27.541500	0.640	103,609,142.000000
27.552167	0.640	90,940,963.000000
27.562833	0.640	76,128,122.000000
27.573500	0.640	66,537,918.000000
27.584167	0.640	59,568,761.000000
27.594833	0.640	52,953,223.000000
27.605500	0.640	47,317,815.000000
27.616167	0.640	43,326,113.000000
27.626833	0.640	40,491,772.000000
27.637500	0.640	37,759,427.000000
27.648167	0.640	34,705,687.000000
27.658833	0.640	32,063,859.000000
27.669500	0.640	30,414,941.000000
27.680167	0.640	29,190,311.000000
27.690833	0.640	27,745,188.000000
27.701500	0.640	26,325,111.000000
27.712167	0.640	25,416,477.000000
27.722833	0.640	24,977,157.000000
27.733500	0.640	24,607,156.000000
27.744167	0.640	24,057,197.000000
27.754833	0.640	23,518,741.000000
27.765500	0.640	23,518,855.000000
27.776167	0.640	24,320,567.000000
27.786833	0.640	25,491,565.000000
27.797500	0.640	26,274,867.000000
27.808167	0.640	26,148,925.000000
27.818833	0.640	25,059,132.000000
27.829500	0.640	23,480,172.000000
27.840167	0.640	22,113,180.000000
27.850833	0.640	21,334,574.000000
27.861500	0.640	21,079,085.000000
27.872167	0.640	21,220,727.000000
27.882833	0.640	22,360,832.000000
27.893500	0.640	27,652,562.000000
27.904167	0.640	47,112,421.000000
27.914833	0.640	47,984,833.000000
27.915000	0.010	81,977,249.000000
27.915167	0.010	47,984,833.000000
27.915333	0.010	81,977,249.000000
27.915500	0.010	47,984,833.000000
27.915667	0.010	81,977,249.000000
27.915833	0.010	47,984,833.000000
27.925500	0.580	47,984,833.000000
27.936167	0.640	47,984,833.000000
27.946833	0.640	47,984,833.000000
27.957500	0.640	47,984,833.000000
27.968167	0.640	47,984,833.000000
27.978833	0.640	47,984,833.000000
27.989500	0.640	47,984,833.000000
28.000167	0.640	47,984,833.000000
28.010833	0.640	47,984,833.000000
28.021500	0.640	47,984,833.000000
28.032167	0.640	47,984,833.000000
28.042833	0.640	47,984,833.000000
28.053500	0.640	47,984,833.000000
28.064167	0.640	47,984,833.000000
28.074833	0.640	47,984,833.000000
28.085500	0.640	47,984,833.000000
28.096167	0.640	47,984,833.000000
28.106833	0.640	47,984,833.000000
28.107000	0.010	81,977,249.000000
28.107167	0.010	47,984,833.000000
28.107333	0.010	81,977,249.000000
28.107500	0.010	47,984,833.000000
28.107667	0.010	81,977,249.000000
28.107833	0.010	47,984,833.000000
28.117500	0.580	255,170,738.000000
28.128167	0.640	137,921,799.000000
28.138833	0.640	93,172,516.000000
28.149500	0.640	82,435,827.000000
28.160167	0.640	72,782,541.000000
28.170833	0.640	62,555,609.000000
28.181500	0.640	53,059,792.000000
28.192167	0.640	41,708,167.000000
28.202833	0.640	32,493,466.000000
28.213500	0.640	33,288,806.000000
28.224167	0.640	51,581,788.000000
28.234833	0.640	92,716,570.000000
28.245500	0.640	149,045,051.000000
28.256167	0.640	196,663,547.000000
28.266833	0.640	219,219,201.000000
28.277500	0.640	225,494,962.000000
28.288167	0.640	230,478,650.000000
28.298833	0.640	233,978,549.000000
28.309500	0.640	228,032,002.000000
28.320167	0.640	211,919,947.000000
28.330833	0.640	192,307,132.000000
28.341500	0.640	175,448,576.000000
28.352167	0.640	163,222,218.000000
28.362833	0.640	153,247,692.000000
28.373500	0.640	139,515,551.000000
28.384167	0.640	115,778,877.000000
28.394833	0.640	83,019,885.000000
28.405500	0.640	51,288,655.000000
28.416167	0.640	30,179,646.000000
28.426833	0.640	20,346,718.000000
28.437500	0.640	16,846,481.000000
28.448167	0.640	16,503,812.000000
28.458833	0.640	18,628,691.000000
28.469500	0.640	21,412,667.000000
28.480167	0.640	21,710,169.000000
28.490833	0.640	18,478,930.000000
28.501500	0.640	13,928,738.000000
28.512167	0.640	10,645,317.000000
28.522833	0.640	9,177,820.000000
28.533500	0.640	8,681,850.000000
28.544167	0.640	8,456,230.000000
28.554833	0.640	8,316,322.000000
28.565500	0.640	8,207,990.000000
28.576167	0.640	8,023,600.000000
28.586833	0.640	7,713,039.000000
28.597500	0.640	7,329,510.000000
28.608167	0.640	6,924,128.000000
28.618833	0.640	6,463,284.000000
28.629500	0.640	5,849,730.000000
28.640167	0.640	5,013,307.000000
28.650833	0.640	4,009,343.000000
28.661500	0.640	3,007,117.000000
28.672167	0.640	2,149,176.000000
28.682833	0.640	1,474,934.000000
28.693500	0.640	983,529.000000
28.704167	0.640	684,240.000000
28.714833	0.640	642,414.000000
28.725500	0.640	876,611.000000
28.736167	0.640	1,048,870.000000
28.746833	0.640	782,550.000000
28.757500	0.640	309,847.000000
28.768167	0.640	71,546.000000
28.778833	0.640	67,431.000000
28.789500	0.640	90,088.000000
28.800167	0.640	75,764.000000
28.810833	0.640	55,559.000000
28.821500	0.640	47,018.000000
28.832167	0.640	43,481.000000
28.842833	0.640	35,534.000000
28.853500	0.640	24,510.000000
28.864167	0.640	18,090.000000
28.874833	0.640	16,574.000000
28.885500	0.640	14,539.000000
28.896167	0.640	10,302.000000
28.906833	0.640	5,715.000000
28.917500	0.640	2,683.000000
28.928167	0.640	2,418.000000
28.938833	0.640	4,496.000000
28.949500	0.640	7,260.000000
28.960167	0.640	8,517.000000
28.970833	0.640	6,695.000000
28.981500	0.640	4,161.000000
28.992167	0.640	3,981.000000
29.002833	0.640	5,016.000000
29.013500	0.640	6,094.000000
29.024167	0.640	7,273.000000
29.034833	0.640	5,874.000000
29.045500	0.640	2,126.000000
29.056167	0.640	2,496.000000
29.066833	0.640	6,512.000000
29.077500	0.640	6,441.000000
29.088167	0.640	3,459.000000
29.098833	0.640	2,477.000000
29.109500	0.640	1,289.000000
29.120167	0.640	-1,431.000000
29.130833	0.640	-3,053.000000
29.141500	0.640	-3,374.000000
29.152167	0.640	-4,159.000000
29.162833	0.640	-4,494.000000
29.173500	0.640	-2,664.000000
29.184167	0.640	1,047.000000
29.194833	0.640	5,466.000000
29.205500	0.640	6,930.000000
29.216167	0.640	2,718.000000
29.226833	0.640	-1,692.000000
29.237500	0.640	457.000000
29.248167	0.640	6,099.000000
29.258833	0.640	8,874.000000
29.269500	0.640	8,276.000000
29.280167	0.640	6,013.000000
29.290833	0.640	4,377.000000
29.301500	0.640	5,316.000000
29.312167	0.640	4,978.000000
29.322833	0.640	546.000000
29.333500	0.640	-1,194.000000
29.344167	0.640	2,855.000000
29.354833	0.640	3,775.000000
29.365500	0.640	-1,766.000000
29.376167	0.640	-5,232.000000
29.386833	0.640	-2,930.000000
29.397500	0.640	57.000000
29.408167	0.640	954.000000
29.418833	0.640	1,787.000000
29.429500	0.640	4,311.000000
29.440167	0.640	6,871.000000
29.450833	0.640	7,344.000000
29.461500	0.640	6,853.000000
29.472167	0.640	5,653.000000
29.482833	0.640	2,689.000000
29.493500	0.640	1,111.000000
29.504167	0.640	3,559.000000
29.514833	0.640	5,130.000000
29.525500	0.640	891.000000
29.536167	0.640	-4,957.000000
29.546833	0.640	-5,981.000000
29.557500	0.640	-2,807.000000
29.568167	0.640	564.000000
29.578833	0.640	2,279.000000
29.589500	0.640	2,907.000000
29.600167	0.640	4,344.000000
29.610833	0.640	6,758.000000
29.621500	0.640	9,058.000000
29.632167	0.640	11,435.000000
29.642833	0.640	12,502.000000
29.653500	0.640	10,207.000000
29.664167	0.640	5,917.000000
29.674833	0.640	2,220.000000
29.685500	0.640	787.000000
29.696167	0.640	1,847.000000
29.706833	0.640	3,304.000000
29.717500	0.640	3,172.000000
29.728167	0.640	2,704.000000
29.738833	0.640	5,134.000000
29.749500	0.640	9,443.000000
29.760167	0.640	9,785.000000
29.770833	0.640	5,090.000000
29.781500	0.640	711.000000
29.792167	0.640	-530.000000
29.802833	0.640	233.000000
29.813500	0.640	2,405.000000
29.824167	0.640	5,386.000000
29.834833	0.640	7,110.000000
29.845500	0.640	6,351.000000
29.856167	0.640	4,878.000000
29.866833	0.640	3,813.000000
29.877500	0.640	602.000000
29.888167	0.640	-3,169.000000
29.898833	0.640	-1,197.000000
29.909500	0.640	4,288.000000
29.920167	0.640	5,422.000000
29.930833	0.640	2,165.000000
29.941500	0.640	-188.000000
29.952167	0.640	616.000000
29.962833	0.640	2,070.000000
29.973500	0.640	2,018.000000
29.984167	0.640	3,917.000000
29.994833	0.640	8,720.000000
30.005500	0.640	9,714.000000
