File Path	chrom://nnfcb-l0495/ChromeleonLocal/20180320_AA_Lars Nielsen samples Vienna_lbpet.seq/980.smp/Emission_1.channel/Emission_1.chm
Channel	Emission_1

Injection Information:
Data Vault	ChromeleonLocal
Injection	20180320_Lars Nielsen samples Vienna_dx20_BA4
Injection Number	17
Position	BA4
Comment	
Processing Method	20171024_Calculated with IS_lbpet
Instrument Method	20161104_AA_GeminiC18_FinalVer7
Type	Unknown
Status	Finished
Injection Date	20-03-2018
Injection Time	20:05:12
Injection Volume (µl)	56.500
Dilution Factor	1.0000
Weight	1.0000

Raw Data Information:
Time Min. (min)	0.003950
Time Max. (min)	30.001617
Data Points	2813
Detector	FLD
Exporting Data System	Chromeleon 7.1.2.1478
Operator	
Signal Quantity	
Signal Unit	counts
Signal Min.	-2,121.000000
Signal Max.	72,000,266.000000
Channel	Emission_1
Driver Name	FLD3000.dll
Channel Type	Evaluation
Min. Step (s)	0.640
Max. Step (s)	0.820
Average Step (s)	0.640

Signal Parameter Information:
Signal Info	340 nm /450 nm

Raw Data:
Time (min)	Step (s)	Value (counts)
0.003950	0.000	0.000000
0.017617	0.820	0.000000
0.028283	0.640	0.000000
0.038950	0.640	447.000000
0.049617	0.640	306.000000
0.060283	0.640	-197.000000
0.070950	0.640	187.000000
0.081617	0.640	1,484.000000
0.092283	0.640	2,380.000000
0.102950	0.640	2,377.000000
0.113617	0.640	2,015.000000
0.124283	0.640	1,391.000000
0.134950	0.640	369.000000
0.145617	0.640	-502.000000
0.156283	0.640	-536.000000
0.166950	0.640	412.000000
0.177617	0.640	1,764.000000
0.188283	0.640	2,004.000000
0.198950	0.640	1,006.000000
0.209617	0.640	647.000000
0.220283	0.640	1,042.000000
0.230950	0.640	1,460.000000
0.241617	0.640	2,330.000000
0.252283	0.640	2,520.000000
0.262950	0.640	934.000000
0.273617	0.640	-549.000000
0.284283	0.640	-187.000000
0.294950	0.640	1,373.000000
0.305617	0.640	2,657.000000
0.316283	0.640	3,216.000000
0.326950	0.640	3,719.000000
0.337617	0.640	4,092.000000
0.348283	0.640	4,008.000000
0.358950	0.640	4,252.000000
0.369617	0.640	4,278.000000
0.380283	0.640	2,714.000000
0.390950	0.640	852.000000
0.401617	0.640	672.000000
0.412283	0.640	1,845.000000
0.422950	0.640	2,778.000000
0.433617	0.640	2,598.000000
0.444283	0.640	1,736.000000
0.454950	0.640	871.000000
0.465617	0.640	680.000000
0.476283	0.640	1,613.000000
0.486950	0.640	2,447.000000
0.497617	0.640	2,023.000000
0.508283	0.640	1,363.000000
0.518950	0.640	1,339.000000
0.529617	0.640	1,104.000000
0.540283	0.640	-120.000000
0.550950	0.640	-1,314.000000
0.561617	0.640	-888.000000
0.572283	0.640	449.000000
0.582950	0.640	926.000000
0.593617	0.640	868.000000
0.604283	0.640	1,295.000000
0.614950	0.640	1,788.000000
0.625617	0.640	1,798.000000
0.636283	0.640	1,563.000000
0.646950	0.640	1,382.000000
0.657617	0.640	1,593.000000
0.668283	0.640	2,194.000000
0.678950	0.640	2,562.000000
0.689617	0.640	2,694.000000
0.700283	0.640	3,012.000000
0.710950	0.640	2,966.000000
0.721617	0.640	1,766.000000
0.732283	0.640	47.000000
0.742950	0.640	-698.000000
0.753617	0.640	2.000000
0.764283	0.640	1,374.000000
0.774950	0.640	2,312.000000
0.785617	0.640	2,432.000000
0.796283	0.640	2,669.000000
0.806950	0.640	3,457.000000
0.817617	0.640	3,954.000000
0.828283	0.640	4,233.000000
0.838950	0.640	4,780.000000
0.849617	0.640	5,189.000000
0.860283	0.640	5,320.000000
0.870950	0.640	5,073.000000
0.881617	0.640	3,967.000000
0.892283	0.640	2,170.000000
0.902950	0.640	612.000000
0.913617	0.640	30.000000
0.924283	0.640	231.000000
0.934950	0.640	576.000000
0.945617	0.640	1,155.000000
0.956283	0.640	2,261.000000
0.966950	0.640	2,933.000000
0.977617	0.640	2,299.000000
0.988283	0.640	1,409.000000
0.998950	0.640	1,215.000000
1.009617	0.640	1,376.000000
1.020283	0.640	1,474.000000
1.030950	0.640	719.000000
1.041617	0.640	-889.000000
1.052283	0.640	-1,385.000000
1.062950	0.640	-100.000000
1.073617	0.640	1,135.000000
1.084283	0.640	1,399.000000
1.094950	0.640	1,635.000000
1.105617	0.640	2,204.000000
1.116283	0.640	2,419.000000
1.126950	0.640	2,180.000000
1.137617	0.640	2,010.000000
1.148283	0.640	1,901.000000
1.158950	0.640	1,416.000000
1.169617	0.640	701.000000
1.180283	0.640	753.000000
1.190950	0.640	2,051.000000
1.201617	0.640	3,600.000000
1.212283	0.640	4,492.000000
1.222950	0.640	4,754.000000
1.233617	0.640	4,187.000000
1.244283	0.640	2,413.000000
1.254950	0.640	192.000000
1.265617	0.640	-579.000000
1.276283	0.640	681.000000
1.286950	0.640	2,052.000000
1.297617	0.640	1,965.000000
1.308283	0.640	1,132.000000
1.318950	0.640	1,161.000000
1.329617	0.640	2,830.000000
1.340283	0.640	4,772.000000
1.350950	0.640	4,498.000000
1.361617	0.640	2,484.000000
1.372283	0.640	1,465.000000
1.382950	0.640	1,658.000000
1.393617	0.640	1,686.000000
1.404283	0.640	946.000000
1.414950	0.640	-729.000000
1.425617	0.640	-2,121.000000
1.436283	0.640	-1,583.000000
1.446950	0.640	313.000000
1.457617	0.640	1,828.000000
1.468283	0.640	2,554.000000
1.478950	0.640	2,794.000000
1.489617	0.640	2,461.000000
1.500283	0.640	1,871.000000
1.510950	0.640	1,463.000000
1.521617	0.640	1,472.000000
1.532283	0.640	2,088.000000
1.542950	0.640	3,041.000000
1.553617	0.640	4,082.000000
1.564283	0.640	4,630.000000
1.574950	0.640	3,857.000000
1.585617	0.640	2,290.000000
1.596283	0.640	1,551.000000
1.606950	0.640	2,331.000000
1.617617	0.640	3,416.000000
1.628283	0.640	3,596.000000
1.638950	0.640	3,594.000000
1.649617	0.640	4,504.000000
1.660283	0.640	5,822.000000
1.670950	0.640	6,524.000000
1.681617	0.640	6,048.000000
1.692283	0.640	4,247.000000
1.702950	0.640	2,654.000000
1.713617	0.640	2,966.000000
1.724283	0.640	4,289.000000
1.734950	0.640	5,252.000000
1.745617	0.640	6,057.000000
1.756283	0.640	6,951.000000
1.766950	0.640	7,556.000000
1.777617	0.640	7,778.000000
1.788283	0.640	7,773.000000
1.798950	0.640	7,384.000000
1.809617	0.640	6,423.000000
1.820283	0.640	5,321.000000
1.830950	0.640	4,569.000000
1.841617	0.640	3,865.000000
1.852283	0.640	2,807.000000
1.862950	0.640	1,478.000000
1.873617	0.640	390.000000
1.884283	0.640	150.000000
1.894950	0.640	348.000000
1.905617	0.640	313.000000
1.916283	0.640	784.000000
1.926950	0.640	2,382.000000
1.937617	0.640	3,991.000000
1.948283	0.640	4,203.000000
1.958950	0.640	2,939.000000
1.969617	0.640	1,320.000000
1.980283	0.640	507.000000
1.990950	0.640	424.000000
2.001617	0.640	356.000000
2.012283	0.640	451.000000
2.022950	0.640	940.000000
2.033617	0.640	1,803.000000
2.044283	0.640	2,883.000000
2.054950	0.640	3,067.000000
2.065617	0.640	2,055.000000
2.076283	0.640	1,112.000000
2.086950	0.640	692.000000
2.097617	0.640	142.000000
2.108283	0.640	-440.000000
2.118950	0.640	3.000000
2.129617	0.640	1,615.000000
2.140283	0.640	3,604.000000
2.150950	0.640	4,881.000000
2.161617	0.640	4,216.000000
2.172283	0.640	2,402.000000
2.182950	0.640	1,241.000000
2.193617	0.640	817.000000
2.204283	0.640	1,376.000000
2.214950	0.640	3,719.000000
2.225617	0.640	6,598.000000
2.236283	0.640	7,756.000000
2.246950	0.640	6,999.000000
2.257617	0.640	6,089.000000
2.268283	0.640	5,951.000000
2.278950	0.640	5,849.000000
2.289617	0.640	5,254.000000
2.300283	0.640	4,345.000000
2.310950	0.640	3,560.000000
2.321617	0.640	3,751.000000
2.332283	0.640	4,640.000000
2.342950	0.640	4,448.000000
2.353617	0.640	3,177.000000
2.364283	0.640	2,639.000000
2.374950	0.640	2,993.000000
2.385617	0.640	3,168.000000
2.396283	0.640	3,159.000000
2.406950	0.640	3,231.000000
2.417617	0.640	2,595.000000
2.428283	0.640	1,039.000000
2.438950	0.640	241.000000
2.449617	0.640	1,454.000000
2.460283	0.640	3,509.000000
2.470950	0.640	4,390.000000
2.481617	0.640	3,681.000000
2.492283	0.640	2,543.000000
2.502950	0.640	1,891.000000
2.513617	0.640	2,162.000000
2.524283	0.640	3,370.000000
2.534950	0.640	4,345.000000
2.545617	0.640	4,080.000000
2.556283	0.640	3,106.000000
2.566950	0.640	2,424.000000
2.577617	0.640	2,311.000000
2.588283	0.640	2,451.000000
2.598950	0.640	2,640.000000
2.609617	0.640	2,777.000000
2.620283	0.640	2,738.000000
2.630950	0.640	2,530.000000
2.641617	0.640	2,181.000000
2.652283	0.640	2,040.000000
2.662950	0.640	2,604.000000
2.673617	0.640	3,370.000000
2.684283	0.640	3,551.000000
2.694950	0.640	4,099.000000
2.705617	0.640	6,926.000000
2.716283	0.640	12,459.000000
2.726950	0.640	18,787.000000
2.737617	0.640	22,306.000000
2.748283	0.640	20,718.000000
2.758950	0.640	16,140.000000
2.769617	0.640	12,401.000000
2.780283	0.640	10,349.000000
2.790950	0.640	8,702.000000
2.801617	0.640	6,984.000000
2.812283	0.640	5,683.000000
2.822950	0.640	4,970.000000
2.833617	0.640	4,224.000000
2.844283	0.640	3,200.000000
2.854950	0.640	2,498.000000
2.865617	0.640	2,264.000000
2.876283	0.640	2,319.000000
2.886950	0.640	2,878.000000
2.897617	0.640	3,380.000000
2.908283	0.640	2,434.000000
2.918950	0.640	516.000000
2.929617	0.640	259.000000
2.940283	0.640	2,199.000000
2.950950	0.640	4,206.000000
2.961617	0.640	5,579.000000
2.972283	0.640	7,623.000000
2.982950	0.640	11,803.000000
2.993617	0.640	19,119.000000
3.004283	0.640	31,036.000000
3.014950	0.640	50,302.000000
3.025617	0.640	80,443.000000
3.036283	0.640	128,506.000000
3.046950	0.640	207,507.000000
3.057617	0.640	337,760.000000
3.068283	0.640	561,347.000000
3.078950	0.640	970,612.000000
3.089617	0.640	1,723,745.000000
3.100283	0.640	3,002,588.000000
3.110950	0.640	4,889,477.000000
3.121617	0.640	7,213,841.000000
3.132283	0.640	9,511,691.000000
3.142950	0.640	11,201,610.000000
3.153617	0.640	11,875,744.000000
3.164283	0.640	11,505,174.000000
3.174950	0.640	10,429,507.000000
3.185617	0.640	9,143,480.000000
3.196283	0.640	8,030,622.000000
3.206950	0.640	7,222,651.000000
3.217617	0.640	6,664,299.000000
3.228283	0.640	6,263,838.000000
3.238950	0.640	5,960,320.000000
3.249617	0.640	5,706,063.000000
3.260283	0.640	5,448,820.000000
3.270950	0.640	5,134,962.000000
3.281617	0.640	4,718,528.000000
3.292283	0.640	4,187,314.000000
3.302950	0.640	3,575,570.000000
3.313617	0.640	2,929,136.000000
3.324283	0.640	2,288,366.000000
3.334950	0.640	1,702,664.000000
3.345617	0.640	1,213,872.000000
3.356283	0.640	834,413.000000
3.366950	0.640	556,088.000000
3.377617	0.640	361,943.000000
3.388283	0.640	231,175.000000
3.398950	0.640	145,588.000000
3.409617	0.640	92,642.000000
3.420283	0.640	61,764.000000
3.430950	0.640	43,225.000000
3.441617	0.640	31,445.000000
3.452283	0.640	23,955.000000
3.462950	0.640	18,780.000000
3.473617	0.640	15,472.000000
3.484283	0.640	13,967.000000
3.494950	0.640	12,496.000000
3.505617	0.640	10,563.000000
3.516283	0.640	9,505.000000
3.526950	0.640	8,816.000000
3.537617	0.640	7,779.000000
3.548283	0.640	7,386.000000
3.558950	0.640	7,454.000000
3.569617	0.640	7,329.000000
3.580283	0.640	7,569.000000
3.590950	0.640	7,946.000000
3.601617	0.640	7,420.000000
3.612283	0.640	6,417.000000
3.622950	0.640	6,252.000000
3.633617	0.640	6,011.000000
3.644283	0.640	4,158.000000
3.654950	0.640	2,683.000000
3.665617	0.640	3,905.000000
3.676283	0.640	5,983.000000
3.686950	0.640	6,121.000000
3.697617	0.640	4,824.000000
3.708283	0.640	4,145.000000
3.718950	0.640	4,340.000000
3.729617	0.640	4,775.000000
3.740283	0.640	5,779.000000
3.750950	0.640	7,172.000000
3.761617	0.640	7,600.000000
3.772283	0.640	6,920.000000
3.782950	0.640	6,728.000000
3.793617	0.640	7,864.000000
3.804283	0.640	9,633.000000
3.814950	0.640	12,146.000000
3.825617	0.640	16,489.000000
3.836283	0.640	21,649.000000
3.846950	0.640	25,020.000000
3.857617	0.640	26,203.000000
3.868283	0.640	27,020.000000
3.878950	0.640	28,416.000000
3.889617	0.640	29,169.000000
3.900283	0.640	28,273.000000
3.910950	0.640	27,482.000000
3.921617	0.640	28,052.000000
3.932283	0.640	27,589.000000
3.942950	0.640	24,395.000000
3.953617	0.640	20,183.000000
3.964283	0.640	16,976.000000
3.974950	0.640	15,254.000000
3.985617	0.640	13,815.000000
3.996283	0.640	11,598.000000
4.006950	0.640	10,069.000000
4.017617	0.640	10,352.000000
4.028283	0.640	10,758.000000
4.038950	0.640	10,323.000000
4.049617	0.640	10,478.000000
4.060283	0.640	11,581.000000
4.070950	0.640	11,681.000000
4.081617	0.640	10,301.000000
4.092283	0.640	9,138.000000
4.102950	0.640	8,025.000000
4.113617	0.640	6,066.000000
4.124283	0.640	5,107.000000
4.134950	0.640	6,657.000000
4.145617	0.640	8,441.000000
4.156283	0.640	8,020.000000
4.166950	0.640	6,956.000000
4.177617	0.640	7,232.000000
4.188283	0.640	7,262.000000
4.198950	0.640	5,533.000000
4.209617	0.640	4,094.000000
4.220283	0.640	5,134.000000
4.230950	0.640	7,045.000000
4.241617	0.640	7,227.000000
4.252283	0.640	6,251.000000
4.262950	0.640	5,983.000000
4.273617	0.640	6,327.000000
4.284283	0.640	5,925.000000
4.294950	0.640	4,423.000000
4.305617	0.640	2,963.000000
4.316283	0.640	2,644.000000
4.326950	0.640	3,235.000000
4.337617	0.640	3,637.000000
4.348283	0.640	3,498.000000
4.358950	0.640	3,753.000000
4.369617	0.640	4,623.000000
4.380283	0.640	4,885.000000
4.390950	0.640	4,248.000000
4.401617	0.640	3,866.000000
4.412283	0.640	4,218.000000
4.422950	0.640	5,002.000000
4.433617	0.640	5,852.000000
4.444283	0.640	6,021.000000
4.454950	0.640	5,549.000000
4.465617	0.640	5,839.000000
4.476283	0.640	7,299.000000
4.486950	0.640	8,550.000000
4.497617	0.640	8,612.000000
4.508283	0.640	7,889.000000
4.518950	0.640	7,366.000000
4.529617	0.640	8,193.000000
4.540283	0.640	11,621.000000
4.550950	0.640	18,059.000000
4.561617	0.640	27,134.000000
4.572283	0.640	41,502.000000
4.582950	0.640	68,116.000000
4.593617	0.640	113,987.000000
4.604283	0.640	189,116.000000
4.614950	0.640	317,517.000000
4.625617	0.640	543,976.000000
4.636283	0.640	933,792.000000
4.646950	0.640	1,567,932.000000
4.657617	0.640	2,551,159.000000
4.668283	0.640	4,099,381.000000
4.678950	0.640	6,727,386.000000
4.689617	0.640	11,259,879.000000
4.700283	0.640	18,231,332.000000
4.710950	0.640	26,817,170.000000
4.721617	0.640	34,315,826.000000
4.732283	0.640	37,269,309.000000
4.742950	0.640	33,936,496.000000
4.753617	0.640	25,872,574.000000
4.764283	0.640	16,734,401.000000
4.774950	0.640	9,559,739.000000
4.785617	0.640	5,246,595.000000
4.796283	0.640	3,061,515.000000
4.806950	0.640	1,944,241.000000
4.817617	0.640	1,265,259.000000
4.828283	0.640	807,144.000000
4.838950	0.640	504,787.000000
4.849617	0.640	315,379.000000
4.860283	0.640	200,327.000000
4.870950	0.640	129,471.000000
4.881617	0.640	85,388.000000
4.892283	0.640	59,326.000000
4.902950	0.640	43,402.000000
4.913617	0.640	32,498.000000
4.924283	0.640	26,069.000000
4.934950	0.640	23,655.000000
4.945617	0.640	22,932.000000
4.956283	0.640	21,283.000000
4.966950	0.640	18,462.000000
4.977617	0.640	16,253.000000
4.988283	0.640	14,734.000000
4.998950	0.640	13,175.000000
5.009617	0.640	12,817.000000
5.020283	0.640	13,521.000000
5.030950	0.640	12,909.000000
5.041617	0.640	11,336.000000
5.052283	0.640	11,160.000000
5.062950	0.640	12,164.000000
5.073617	0.640	12,446.000000
5.084283	0.640	12,053.000000
5.094950	0.640	12,554.000000
5.105617	0.640	15,187.000000
5.116283	0.640	20,511.000000
5.126950	0.640	27,298.000000
5.137617	0.640	33,057.000000
5.148283	0.640	36,073.000000
5.158950	0.640	36,654.000000
5.169617	0.640	36,212.000000
5.180283	0.640	34,691.000000
5.190950	0.640	31,402.000000
5.201617	0.640	27,269.000000
5.212283	0.640	23,843.000000
5.222950	0.640	21,172.000000
5.233617	0.640	18,283.000000
5.244283	0.640	15,388.000000
5.254950	0.640	13,201.000000
5.265617	0.640	11,234.000000
5.276283	0.640	8,994.000000
5.286950	0.640	7,264.000000
5.297617	0.640	7,163.000000
5.308283	0.640	8,711.000000
5.318950	0.640	10,735.000000
5.329617	0.640	12,045.000000
5.340283	0.640	12,592.000000
5.350950	0.640	13,027.000000
5.361617	0.640	13,475.000000
5.372283	0.640	14,509.000000
5.382950	0.640	16,976.000000
5.393617	0.640	20,747.000000
5.404283	0.640	27,666.000000
5.414950	0.640	40,896.000000
5.425617	0.640	58,214.000000
5.436283	0.640	72,726.000000
5.446950	0.640	80,873.000000
5.457617	0.640	83,695.000000
5.468283	0.640	82,865.000000
5.478950	0.640	79,841.000000
5.489617	0.640	74,792.000000
5.500283	0.640	67,201.000000
5.510950	0.640	59,552.000000
5.521617	0.640	55,572.000000
5.532283	0.640	56,238.000000
5.542950	0.640	61,254.000000
5.553617	0.640	70,442.000000
5.564283	0.640	82,328.000000
5.574950	0.640	94,269.000000
5.585617	0.640	103,796.000000
5.596283	0.640	109,317.000000
5.606950	0.640	110,178.000000
5.617617	0.640	107,552.000000
5.628283	0.640	104,141.000000
5.638950	0.640	100,290.000000
5.649617	0.640	93,443.000000
5.660283	0.640	82,567.000000
5.670950	0.640	68,747.000000
5.681617	0.640	52,774.000000
5.692283	0.640	36,663.000000
5.702950	0.640	24,511.000000
5.713617	0.640	18,518.000000
5.724283	0.640	16,584.000000
5.734950	0.640	14,783.000000
5.745617	0.640	11,708.000000
5.756283	0.640	9,502.000000
5.766950	0.640	9,244.000000
5.777617	0.640	8,630.000000
5.788283	0.640	6,965.000000
5.798950	0.640	6,672.000000
5.809617	0.640	7,892.000000
5.820283	0.640	8,100.000000
5.830950	0.640	6,961.000000
5.841617	0.640	6,468.000000
5.852283	0.640	7,080.000000
5.862950	0.640	7,253.000000
5.873617	0.640	6,391.000000
5.884283	0.640	5,594.000000
5.894950	0.640	5,455.000000
5.905617	0.640	5,669.000000
5.916283	0.640	6,319.000000
5.926950	0.640	6,995.000000
5.937617	0.640	6,899.000000
5.948283	0.640	6,941.000000
5.958950	0.640	8,119.000000
5.969617	0.640	9,044.000000
5.980283	0.640	8,615.000000
5.990950	0.640	8,326.000000
6.001617	0.640	9,073.000000
6.012283	0.640	9,484.000000
6.022950	0.640	8,944.000000
6.033617	0.640	8,273.000000
6.044283	0.640	7,834.000000
6.054950	0.640	7,666.000000
6.065617	0.640	8,164.000000
6.076283	0.640	9,295.000000
6.086950	0.640	10,222.000000
6.097617	0.640	10,852.000000
6.108283	0.640	12,518.000000
6.118950	0.640	16,128.000000
6.129617	0.640	21,277.000000
6.140283	0.640	27,475.000000
6.150950	0.640	34,099.000000
6.161617	0.640	39,404.000000
6.172283	0.640	41,978.000000
6.182950	0.640	41,445.000000
6.193617	0.640	36,624.000000
6.204283	0.640	28,339.000000
6.214950	0.640	21,349.000000
6.225617	0.640	17,411.000000
6.236283	0.640	14,207.000000
6.246950	0.640	12,123.000000
6.257617	0.640	12,765.000000
6.268283	0.640	14,588.000000
6.278950	0.640	16,153.000000
6.289617	0.640	18,651.000000
6.300283	0.640	22,536.000000
6.310950	0.640	26,153.000000
6.321617	0.640	27,725.000000
6.332283	0.640	26,805.000000
6.342950	0.640	24,777.000000
6.353617	0.640	23,793.000000
6.364283	0.640	26,644.000000
6.374950	0.640	35,901.000000
6.385617	0.640	51,417.000000
6.396283	0.640	72,165.000000
6.406950	0.640	97,755.000000
6.417617	0.640	126,177.000000
6.428283	0.640	152,341.000000
6.438950	0.640	167,529.000000
6.449617	0.640	164,509.000000
6.460283	0.640	145,237.000000
6.470950	0.640	117,977.000000
6.481617	0.640	89,686.000000
6.492283	0.640	64,289.000000
6.502950	0.640	43,944.000000
6.513617	0.640	30,059.000000
6.524283	0.640	22,540.000000
6.534950	0.640	19,079.000000
6.545617	0.640	17,213.000000
6.556283	0.640	16,758.000000
6.566950	0.640	19,662.000000
6.577617	0.640	27,174.000000
6.588283	0.640	38,334.000000
6.598950	0.640	51,231.000000
6.609617	0.640	64,382.000000
6.620283	0.640	76,087.000000
6.630950	0.640	82,655.000000
6.641617	0.640	80,794.000000
6.652283	0.640	71,286.000000
6.662950	0.640	57,556.000000
6.673617	0.640	43,960.000000
6.684283	0.640	35,049.000000
6.694950	0.640	31,130.000000
6.705617	0.640	27,709.000000
6.716283	0.640	22,894.000000
6.726950	0.640	19,554.000000
6.737617	0.640	19,634.000000
6.748283	0.640	21,860.000000
6.758950	0.640	23,831.000000
6.769617	0.640	23,884.000000
6.780283	0.640	22,640.000000
6.790950	0.640	22,137.000000
6.801617	0.640	22,492.000000
6.812283	0.640	21,905.000000
6.822950	0.640	20,446.000000
6.833617	0.640	20,758.000000
6.844283	0.640	24,369.000000
6.854950	0.640	30,276.000000
6.865617	0.640	36,190.000000
6.876283	0.640	39,394.000000
6.886950	0.640	38,809.000000
6.897617	0.640	35,590.000000
6.908283	0.640	31,148.000000
6.918950	0.640	26,874.000000
6.929617	0.640	24,337.000000
6.940283	0.640	24,202.000000
6.950950	0.640	26,308.000000
6.961617	0.640	30,103.000000
6.972283	0.640	34,852.000000
6.982950	0.640	40,499.000000
6.993617	0.640	46,652.000000
7.004283	0.640	51,110.000000
7.014950	0.640	51,477.000000
7.025617	0.640	47,935.000000
7.036283	0.640	42,664.000000
7.046950	0.640	36,578.000000
7.057617	0.640	30,105.000000
7.068283	0.640	25,260.000000
7.078950	0.640	23,243.000000
7.089617	0.640	22,483.000000
7.100283	0.640	20,671.000000
7.110950	0.640	18,643.000000
7.121617	0.640	20,540.000000
7.132283	0.640	28,413.000000
7.142950	0.640	39,190.000000
7.153617	0.640	48,126.000000
7.164283	0.640	52,938.000000
7.174950	0.640	53,252.000000
7.185617	0.640	48,852.000000
7.196283	0.640	40,652.000000
7.206950	0.640	31,222.000000
7.217617	0.640	23,019.000000
7.228283	0.640	17,094.000000
7.238950	0.640	13,440.000000
7.249617	0.640	11,105.000000
7.260283	0.640	8,913.000000
7.270950	0.640	7,559.000000
7.281617	0.640	8,649.000000
7.292283	0.640	10,834.000000
7.302950	0.640	11,081.000000
7.313617	0.640	9,367.000000
7.324283	0.640	7,951.000000
7.334950	0.640	8,076.000000
7.345617	0.640	9,339.000000
7.356283	0.640	10,165.000000
7.366950	0.640	9,088.000000
7.377617	0.640	7,001.000000
7.388283	0.640	6,215.000000
7.398950	0.640	7,034.000000
7.409617	0.640	8,484.000000
7.420283	0.640	9,860.000000
7.430950	0.640	10,356.000000
7.441617	0.640	10,438.000000
7.452283	0.640	10,948.000000
7.462950	0.640	10,919.000000
7.473617	0.640	10,017.000000
7.484283	0.640	9,554.000000
7.494950	0.640	9,444.000000
7.505617	0.640	8,839.000000
7.516283	0.640	8,510.000000
7.526950	0.640	8,991.000000
7.537617	0.640	9,374.000000
7.548283	0.640	9,301.000000
7.558950	0.640	9,034.000000
7.569617	0.640	8,651.000000
7.580283	0.640	9,054.000000
7.590950	0.640	10,711.000000
7.601617	0.640	12,102.000000
7.612283	0.640	11,800.000000
7.622950	0.640	10,003.000000
7.633617	0.640	8,571.000000
7.644283	0.640	9,785.000000
7.654950	0.640	12,905.000000
7.665617	0.640	14,764.000000
7.676283	0.640	14,784.000000
7.686950	0.640	15,248.000000
7.697617	0.640	17,663.000000
7.708283	0.640	22,601.000000
7.718950	0.640	31,492.000000
7.729617	0.640	46,118.000000
7.740283	0.640	68,097.000000
7.750950	0.640	98,646.000000
7.761617	0.640	135,395.000000
7.772283	0.640	173,895.000000
7.782950	0.640	217,263.000000
7.793617	0.640	280,764.000000
7.804283	0.640	388,808.000000
7.814950	0.640	568,168.000000
7.825617	0.640	841,221.000000
7.836283	0.640	1,235,033.000000
7.846950	0.640	1,807,581.000000
7.857617	0.640	2,675,881.000000
7.868283	0.640	4,025,708.000000
7.878950	0.640	6,067,442.000000
7.889617	0.640	8,896,920.000000
7.900283	0.640	12,265,523.000000
7.910950	0.640	15,442,561.000000
7.921617	0.640	17,443,115.000000
7.932283	0.640	17,542,388.000000
7.942950	0.640	15,659,370.000000
7.953617	0.640	12,396,614.000000
7.964283	0.640	8,754,834.000000
7.974950	0.640	5,614,348.000000
7.985617	0.640	3,355,111.000000
7.996283	0.640	1,921,459.000000
8.006950	0.640	1,093,507.000000
8.017617	0.640	645,429.000000
8.028283	0.640	399,814.000000
8.038950	0.640	252,176.000000
8.049617	0.640	158,358.000000
8.060283	0.640	100,662.000000
8.070950	0.640	67,783.000000
8.081617	0.640	50,144.000000
8.092283	0.640	40,574.000000
8.102950	0.640	35,979.000000
8.113617	0.640	35,252.000000
8.124283	0.640	36,170.000000
8.134950	0.640	36,602.000000
8.145617	0.640	36,480.000000
8.156283	0.640	35,314.000000
8.166950	0.640	31,442.000000
8.177617	0.640	26,086.000000
8.188283	0.640	21,998.000000
8.198950	0.640	19,243.000000
8.209617	0.640	17,661.000000
8.220283	0.640	18,273.000000
8.230950	0.640	19,942.000000
8.241617	0.640	20,561.000000
8.252283	0.640	19,965.000000
8.262950	0.640	18,346.000000
8.273617	0.640	16,212.000000
8.284283	0.640	15,601.000000
8.294950	0.640	17,009.000000
8.305617	0.640	17,685.000000
8.316283	0.640	15,610.000000
8.326950	0.640	12,664.000000
8.337617	0.640	11,819.000000
8.348283	0.640	12,779.000000
8.358950	0.640	12,862.000000
8.369617	0.640	11,273.000000
8.380283	0.640	10,034.000000
8.390950	0.640	10,752.000000
8.401617	0.640	12,169.000000
8.412283	0.640	12,597.000000
8.422950	0.640	13,039.000000
8.433617	0.640	14,616.000000
8.444283	0.640	16,523.000000
8.454950	0.640	18,773.000000
8.465617	0.640	22,823.000000
8.476283	0.640	29,349.000000
8.486950	0.640	38,313.000000
8.497617	0.640	50,704.000000
8.508283	0.640	66,193.000000
8.518950	0.640	79,897.000000
8.529617	0.640	87,231.000000
8.540283	0.640	89,102.000000
8.550950	0.640	88,547.000000
8.561617	0.640	88,949.000000
8.572283	0.640	97,412.000000
8.582950	0.640	123,775.000000
8.593617	0.640	176,570.000000
8.604283	0.640	262,473.000000
8.614950	0.640	391,234.000000
8.625617	0.640	582,427.000000
8.636283	0.640	861,124.000000
8.646950	0.640	1,260,785.000000
8.657617	0.640	1,858,000.000000
8.668283	0.640	2,799,492.000000
8.678950	0.640	4,292,280.000000
8.689617	0.640	6,580,799.000000
8.700283	0.640	9,886,215.000000
8.710950	0.640	14,209,461.000000
8.721617	0.640	19,048,272.000000
8.732283	0.640	23,346,964.000000
8.742950	0.640	25,864,834.000000
8.753617	0.640	25,753,034.000000
8.764283	0.640	22,997,968.000000
8.774950	0.640	18,451,980.000000
8.785617	0.640	13,388,469.000000
8.796283	0.640	8,893,090.000000
8.806950	0.640	5,507,923.000000
8.817617	0.640	3,259,854.000000
8.828283	0.640	1,898,957.000000
8.838950	0.640	1,120,332.000000
8.849617	0.640	681,026.000000
8.860283	0.640	426,436.000000
8.870950	0.640	271,201.000000
8.881617	0.640	174,660.000000
8.892283	0.640	117,747.000000
8.902950	0.640	84,999.000000
8.913617	0.640	62,809.000000
8.924283	0.640	46,235.000000
8.934950	0.640	36,647.000000
8.945617	0.640	32,467.000000
8.956283	0.640	29,331.000000
8.966950	0.640	26,608.000000
8.977617	0.640	25,227.000000
8.988283	0.640	23,809.000000
8.998950	0.640	22,349.000000
9.009617	0.640	22,111.000000
9.020283	0.640	21,421.000000
9.030950	0.640	18,590.000000
9.041617	0.640	15,792.000000
9.052283	0.640	15,678.000000
9.062950	0.640	17,657.000000
9.073617	0.640	18,931.000000
9.084283	0.640	17,948.000000
9.094950	0.640	16,064.000000
9.105617	0.640	15,023.000000
9.116283	0.640	15,579.000000
9.126950	0.640	17,880.000000
9.137617	0.640	19,842.000000
9.148283	0.640	19,441.000000
9.158950	0.640	18,931.000000
9.169617	0.640	21,131.000000
9.180283	0.640	24,311.000000
9.190950	0.640	25,553.000000
9.201617	0.640	25,328.000000
9.212283	0.640	24,609.000000
9.222950	0.640	22,633.000000
9.233617	0.640	19,877.000000
9.244283	0.640	17,631.000000
9.254950	0.640	15,853.000000
9.265617	0.640	14,727.000000
9.276283	0.640	14,991.000000
9.286950	0.640	15,873.000000
9.297617	0.640	15,807.000000
9.308283	0.640	15,299.000000
9.318950	0.640	15,936.000000
9.329617	0.640	17,037.000000
9.340283	0.640	17,039.000000
9.350950	0.640	16,396.000000
9.361617	0.640	16,108.000000
9.372283	0.640	15,975.000000
9.382950	0.640	15,629.000000
9.393617	0.640	15,393.000000
9.404283	0.640	15,503.000000
9.414950	0.640	15,468.000000
9.425617	0.640	15,537.000000
9.436283	0.640	16,610.000000
9.446950	0.640	17,835.000000
9.457617	0.640	18,091.000000
9.468283	0.640	17,794.000000
9.478950	0.640	17,583.000000
9.489617	0.640	18,465.000000
9.500283	0.640	21,339.000000
9.510950	0.640	25,620.000000
9.521617	0.640	30,713.000000
9.532283	0.640	36,805.000000
9.542950	0.640	43,537.000000
9.553617	0.640	50,345.000000
9.564283	0.640	57,499.000000
9.574950	0.640	66,473.000000
9.585617	0.640	80,605.000000
9.596283	0.640	103,896.000000
9.606950	0.640	139,868.000000
9.617617	0.640	195,739.000000
9.628283	0.640	286,178.000000
9.638950	0.640	429,293.000000
9.649617	0.640	638,098.000000
9.660283	0.640	908,163.000000
9.670950	0.640	1,199,679.000000
9.681617	0.640	1,433,866.000000
9.692283	0.640	1,527,215.000000
9.702950	0.640	1,443,558.000000
9.713617	0.640	1,216,304.000000
9.724283	0.640	922,204.000000
9.734950	0.640	635,923.000000
9.745617	0.640	404,518.000000
9.756283	0.640	245,746.000000
9.766950	0.640	152,379.000000
9.777617	0.640	101,700.000000
9.788283	0.640	72,279.000000
9.798950	0.640	54,196.000000
9.809617	0.640	45,117.000000
9.820283	0.640	41,267.000000
9.830950	0.640	37,537.000000
9.841617	0.640	32,986.000000
9.852283	0.640	29,316.000000
9.862950	0.640	28,437.000000
9.873617	0.640	31,662.000000
9.884283	0.640	36,611.000000
9.894950	0.640	40,536.000000
9.905617	0.640	46,480.000000
9.916283	0.640	59,353.000000
9.926950	0.640	80,027.000000
9.937617	0.640	106,771.000000
9.948283	0.640	140,998.000000
9.958950	0.640	191,121.000000
9.969617	0.640	269,373.000000
9.980283	0.640	392,741.000000
9.990950	0.640	590,420.000000
10.001617	0.640	904,101.000000
10.012283	0.640	1,382,578.000000
10.022950	0.640	2,058,100.000000
10.033617	0.640	2,888,968.000000
10.044283	0.640	3,718,410.000000
10.054950	0.640	4,313,433.000000
10.065617	0.640	4,465,317.000000
10.076283	0.640	4,098,207.000000
10.086950	0.640	3,329,841.000000
10.097617	0.640	2,413,388.000000
10.108283	0.640	1,588,453.000000
10.118950	0.640	975,176.000000
10.129617	0.640	578,080.000000
10.140283	0.640	347,383.000000
10.150950	0.640	225,897.000000
10.161617	0.640	165,928.000000
10.172283	0.640	134,510.000000
10.182950	0.640	115,979.000000
10.193617	0.640	107,076.000000
10.204283	0.640	104,512.000000
10.214950	0.640	100,960.000000
10.225617	0.640	93,918.000000
10.236283	0.640	87,991.000000
10.246950	0.640	84,752.000000
10.257617	0.640	79,513.000000
10.268283	0.640	69,725.000000
10.278950	0.640	58,076.000000
10.289617	0.640	48,064.000000
10.300283	0.640	41,170.000000
10.310950	0.640	36,925.000000
10.321617	0.640	34,105.000000
10.332283	0.640	32,033.000000
10.342950	0.640	31,567.000000
10.353617	0.640	34,308.000000
10.364283	0.640	39,770.000000
10.374950	0.640	45,460.000000
10.385617	0.640	50,996.000000
10.396283	0.640	56,609.000000
10.406950	0.640	59,009.000000
10.417617	0.640	56,261.000000
10.428283	0.640	50,682.000000
10.438950	0.640	44,270.000000
10.449617	0.640	38,081.000000
10.460283	0.640	33,349.000000
10.470950	0.640	30,028.000000
10.481617	0.640	27,438.000000
10.492283	0.640	25,757.000000
10.502950	0.640	24,661.000000
10.513617	0.640	23,216.000000
10.524283	0.640	22,336.000000
10.534950	0.640	23,562.000000
10.545617	0.640	25,746.000000
10.556283	0.640	26,624.000000
10.566950	0.640	26,198.000000
10.577617	0.640	25,668.000000
10.588283	0.640	25,392.000000
10.598950	0.640	25,902.000000
10.609617	0.640	27,730.000000
10.620283	0.640	29,660.000000
10.630950	0.640	30,132.000000
10.641617	0.640	29,631.000000
10.652283	0.640	29,512.000000
10.662950	0.640	29,505.000000
10.673617	0.640	29,120.000000
10.684283	0.640	29,894.000000
10.694950	0.640	33,110.000000
10.705617	0.640	36,496.000000
10.716283	0.640	36,537.000000
10.726950	0.640	34,125.000000
10.737617	0.640	32,389.000000
10.748283	0.640	30,376.000000
10.758950	0.640	26,235.000000
10.769617	0.640	22,156.000000
10.780283	0.640	20,996.000000
10.790950	0.640	22,470.000000
10.801617	0.640	23,957.000000
10.812283	0.640	23,759.000000
10.822950	0.640	22,967.000000
10.833617	0.640	22,549.000000
10.844283	0.640	22,117.000000
10.854950	0.640	22,422.000000
10.865617	0.640	24,337.000000
10.876283	0.640	27,614.000000
10.886950	0.640	32,692.000000
10.897617	0.640	40,928.000000
10.908283	0.640	53,764.000000
10.918950	0.640	72,690.000000
10.929617	0.640	100,303.000000
10.940283	0.640	142,306.000000
10.950950	0.640	205,541.000000
10.961617	0.640	294,869.000000
10.972283	0.640	420,243.000000
10.982950	0.640	603,908.000000
10.993617	0.640	877,634.000000
11.004283	0.640	1,287,972.000000
11.014950	0.640	1,913,273.000000
11.025617	0.640	2,864,212.000000
11.036283	0.640	4,240,462.000000
11.046950	0.640	6,050,452.000000
11.057617	0.640	8,125,296.000000
11.068283	0.640	10,078,557.000000
11.078950	0.640	11,398,112.000000
11.089617	0.640	11,672,215.000000
11.100283	0.640	10,791,761.000000
11.110950	0.640	8,997,202.000000
11.121617	0.640	6,777,480.000000
11.132283	0.640	4,664,785.000000
11.142950	0.640	3,011,870.000000
11.153617	0.640	1,902,160.000000
11.164283	0.640	1,240,418.000000
11.174950	0.640	894,913.000000
11.185617	0.640	761,713.000000
11.196283	0.640	766,035.000000
11.206950	0.640	863,644.000000
11.217617	0.640	1,044,357.000000
11.228283	0.640	1,326,571.000000
11.238950	0.640	1,753,334.000000
11.249617	0.640	2,406,459.000000
11.260283	0.640	3,431,650.000000
11.270950	0.640	5,042,309.000000
11.281617	0.640	7,479,635.000000
11.292283	0.640	10,879,507.000000
11.302950	0.640	15,038,148.000000
11.313617	0.640	19,261,946.000000
11.324283	0.640	22,508,811.000000
11.334950	0.640	23,785,826.000000
11.345617	0.640	22,621,732.000000
11.356283	0.640	19,348,969.000000
11.366950	0.640	14,941,929.000000
11.377617	0.640	10,520,271.000000
11.388283	0.640	6,873,157.000000
11.398950	0.640	4,274,088.000000
11.409617	0.640	2,617,922.000000
11.420283	0.640	1,645,236.000000
11.430950	0.640	1,085,287.000000
11.441617	0.640	740,781.000000
11.452283	0.640	511,362.000000
11.462950	0.640	353,795.000000
11.473617	0.640	244,844.000000
11.484283	0.640	172,240.000000
11.494950	0.640	128,155.000000
11.505617	0.640	102,870.000000
11.516283	0.640	87,628.000000
11.526950	0.640	77,724.000000
11.537617	0.640	70,499.000000
11.548283	0.640	66,077.000000
11.558950	0.640	65,927.000000
11.569617	0.640	66,282.000000
11.580283	0.640	62,105.000000
11.590950	0.640	54,573.000000
11.601617	0.640	47,759.000000
11.612283	0.640	43,960.000000
11.622950	0.640	42,218.000000
11.633617	0.640	40,354.000000
11.644283	0.640	38,583.000000
11.654950	0.640	37,659.000000
11.665617	0.640	37,654.000000
11.676283	0.640	39,154.000000
11.686950	0.640	41,907.000000
11.697617	0.640	45,946.000000
11.708283	0.640	52,209.000000
11.718950	0.640	59,059.000000
11.729617	0.640	63,452.000000
11.740283	0.640	65,114.000000
11.750950	0.640	65,854.000000
11.761617	0.640	66,559.000000
11.772283	0.640	67,413.000000
11.782950	0.640	70,166.000000
11.793617	0.640	76,580.000000
11.804283	0.640	85,994.000000
11.814950	0.640	99,239.000000
11.825617	0.640	120,694.000000
11.836283	0.640	154,382.000000
11.846950	0.640	206,198.000000
11.857617	0.640	286,355.000000
11.868283	0.640	404,456.000000
11.878950	0.640	570,693.000000
11.889617	0.640	804,668.000000
11.900283	0.640	1,145,991.000000
11.910950	0.640	1,667,738.000000
11.921617	0.640	2,494,658.000000
11.932283	0.640	3,812,195.000000
11.942950	0.640	5,820,876.000000
11.953617	0.640	8,609,522.000000
11.964283	0.640	11,971,847.000000
11.974950	0.640	15,269,285.000000
11.985617	0.640	17,552,161.000000
11.996283	0.640	18,017,421.000000
12.006950	0.640	16,477,740.000000
12.017617	0.640	13,441,217.000000
12.028283	0.640	9,812,180.000000
12.038950	0.640	6,474,068.000000
12.049617	0.640	3,950,820.000000
12.060283	0.640	2,312,316.000000
12.070950	0.640	1,351,095.000000
12.081617	0.640	814,286.000000
12.092283	0.640	514,118.000000
12.102950	0.640	339,382.000000
12.113617	0.640	233,724.000000
12.124283	0.640	168,287.000000
12.134950	0.640	125,474.000000
12.145617	0.640	95,312.000000
12.156283	0.640	74,410.000000
12.166950	0.640	62,030.000000
12.177617	0.640	55,402.000000
12.188283	0.640	51,191.000000
12.198950	0.640	48,169.000000
12.209617	0.640	45,492.000000
12.220283	0.640	42,874.000000
12.230950	0.640	41,333.000000
12.241617	0.640	40,976.000000
12.252283	0.640	40,819.000000
12.262950	0.640	40,280.000000
12.273617	0.640	39,306.000000
12.284283	0.640	39,159.000000
12.294950	0.640	41,007.000000
12.305617	0.640	42,725.000000
12.316283	0.640	41,618.000000
12.326950	0.640	38,810.000000
12.337617	0.640	37,140.000000
12.348283	0.640	37,687.000000
12.358950	0.640	40,120.000000
12.369617	0.640	43,269.000000
12.380283	0.640	45,423.000000
12.390950	0.640	46,019.000000
12.401617	0.640	45,926.000000
12.412283	0.640	46,208.000000
12.422950	0.640	47,598.000000
12.433617	0.640	49,838.000000
12.444283	0.640	51,428.000000
12.454950	0.640	51,616.000000
12.465617	0.640	51,424.000000
12.476283	0.640	51,948.000000
12.486950	0.640	53,111.000000
12.497617	0.640	54,094.000000
12.508283	0.640	54,815.000000
12.518950	0.640	56,137.000000
12.529617	0.640	58,564.000000
12.540283	0.640	61,617.000000
12.550950	0.640	63,995.000000
12.561617	0.640	65,136.000000
12.572283	0.640	66,379.000000
12.582950	0.640	68,918.000000
12.593617	0.640	71,370.000000
12.604283	0.640	70,927.000000
12.614950	0.640	67,142.000000
12.625617	0.640	63,153.000000
12.636283	0.640	61,490.000000
12.646950	0.640	60,558.000000
12.657617	0.640	58,003.000000
12.668283	0.640	54,510.000000
12.678950	0.640	52,360.000000
12.689617	0.640	52,405.000000
12.700283	0.640	52,609.000000
12.710950	0.640	50,661.000000
12.721617	0.640	47,626.000000
12.732283	0.640	45,873.000000
12.742950	0.640	45,784.000000
12.753617	0.640	46,793.000000
12.764283	0.640	48,411.000000
12.774950	0.640	49,983.000000
12.785617	0.640	52,166.000000
12.796283	0.640	56,302.000000
12.806950	0.640	60,763.000000
12.817617	0.640	62,494.000000
12.828283	0.640	61,308.000000
12.838950	0.640	58,631.000000
12.849617	0.640	54,731.000000
12.860283	0.640	49,808.000000
12.870950	0.640	45,021.000000
12.881617	0.640	41,227.000000
12.892283	0.640	38,521.000000
12.902950	0.640	36,382.000000
12.913617	0.640	34,608.000000
12.924283	0.640	33,539.000000
12.934950	0.640	32,587.000000
12.945617	0.640	31,515.000000
12.956283	0.640	30,390.000000
12.966950	0.640	28,715.000000
12.977617	0.640	28,043.000000
12.988283	0.640	29,486.000000
12.998950	0.640	31,078.000000
13.009617	0.640	31,478.000000
13.020283	0.640	30,759.000000
13.030950	0.640	29,881.000000
13.041617	0.640	30,293.000000
13.052283	0.640	31,302.000000
13.062950	0.640	31,568.000000
13.073617	0.640	31,432.000000
13.084283	0.640	31,331.000000
13.094950	0.640	31,800.000000
13.105617	0.640	33,547.000000
13.116283	0.640	35,789.000000
13.126950	0.640	37,254.000000
13.137617	0.640	38,128.000000
13.148283	0.640	39,411.000000
13.158950	0.640	40,299.000000
13.169617	0.640	38,841.000000
13.180283	0.640	36,416.000000
13.190950	0.640	35,951.000000
13.201617	0.640	36,964.000000
13.212283	0.640	37,714.000000
13.222950	0.640	38,438.000000
13.233617	0.640	40,026.000000
13.244283	0.640	41,611.000000
13.254950	0.640	41,991.000000
13.265617	0.640	42,562.000000
13.276283	0.640	44,760.000000
13.286950	0.640	47,118.000000
13.297617	0.640	48,034.000000
13.308283	0.640	48,294.000000
13.318950	0.640	48,852.000000
13.329617	0.640	48,909.000000
13.340283	0.640	47,833.000000
13.350950	0.640	45,642.000000
13.361617	0.640	42,525.000000
13.372283	0.640	40,150.000000
13.382950	0.640	39,502.000000
13.393617	0.640	38,863.000000
13.404283	0.640	36,678.000000
13.414950	0.640	33,458.000000
13.425617	0.640	30,808.000000
13.436283	0.640	29,661.000000
13.446950	0.640	29,852.000000
13.457617	0.640	30,968.000000
13.468283	0.640	31,738.000000
13.478950	0.640	31,107.000000
13.489617	0.640	30,770.000000
13.500283	0.640	31,986.000000
13.510950	0.640	32,472.000000
13.521617	0.640	31,288.000000
13.532283	0.640	30,714.000000
13.542950	0.640	31,161.000000
13.553617	0.640	30,879.000000
13.564283	0.640	29,566.000000
13.574950	0.640	28,305.000000
13.585617	0.640	27,799.000000
13.596283	0.640	27,943.000000
13.606950	0.640	28,618.000000
13.617617	0.640	29,982.000000
13.628283	0.640	31,671.000000
13.638950	0.640	33,295.000000
13.649617	0.640	34,976.000000
13.660283	0.640	36,746.000000
13.670950	0.640	39,095.000000
13.681617	0.640	43,046.000000
13.692283	0.640	49,173.000000
13.702950	0.640	58,655.000000
13.713617	0.640	73,751.000000
13.724283	0.640	95,479.000000
13.734950	0.640	124,738.000000
13.745617	0.640	164,682.000000
13.756283	0.640	220,345.000000
13.766950	0.640	298,703.000000
13.777617	0.640	405,675.000000
13.788283	0.640	545,178.000000
13.798950	0.640	721,928.000000
13.809617	0.640	945,479.000000
13.820283	0.640	1,240,995.000000
13.830950	0.640	1,646,271.000000
13.841617	0.640	2,202,996.000000
13.852283	0.640	2,976,640.000000
13.862950	0.640	4,066,584.000000
13.873617	0.640	5,590,239.000000
13.884283	0.640	7,673,333.000000
13.894950	0.640	10,382,843.000000
13.905617	0.640	13,609,335.000000
13.916283	0.640	17,049,654.000000
13.926950	0.640	20,248,019.000000
13.937617	0.640	22,616,274.000000
13.948283	0.640	23,596,165.000000
13.958950	0.640	22,931,456.000000
13.969617	0.640	20,761,029.000000
13.980283	0.640	17,514,044.000000
13.990950	0.640	13,778,928.000000
14.001617	0.640	10,150,361.000000
14.012283	0.640	7,049,925.000000
14.022950	0.640	4,653,979.000000
14.033617	0.640	2,956,426.000000
14.044283	0.640	1,843,743.000000
14.054950	0.640	1,152,364.000000
14.065617	0.640	736,776.000000
14.076283	0.640	495,861.000000
14.086950	0.640	356,893.000000
14.097617	0.640	274,469.000000
14.108283	0.640	224,746.000000
14.118950	0.640	188,644.000000
14.129617	0.640	155,639.000000
14.140283	0.640	127,618.000000
14.150950	0.640	107,830.000000
14.161617	0.640	93,771.000000
14.172283	0.640	80,400.000000
14.182950	0.640	66,917.000000
14.193617	0.640	56,561.000000
14.204283	0.640	49,998.000000
14.214950	0.640	45,238.000000
14.225617	0.640	42,241.000000
14.236283	0.640	41,431.000000
14.246950	0.640	41,289.000000
14.257617	0.640	41,107.000000
14.268283	0.640	41,843.000000
14.278950	0.640	43,284.000000
14.289617	0.640	43,710.000000
14.300283	0.640	42,461.000000
14.310950	0.640	41,147.000000
14.321617	0.640	41,571.000000
14.332283	0.640	44,198.000000
14.342950	0.640	48,268.000000
14.353617	0.640	51,482.000000
14.364283	0.640	53,262.000000
14.374950	0.640	55,798.000000
14.385617	0.640	58,621.000000
14.396283	0.640	59,324.000000
14.406950	0.640	58,431.000000
14.417617	0.640	57,367.000000
14.428283	0.640	55,468.000000
14.438950	0.640	52,593.000000
14.449617	0.640	51,250.000000
14.460283	0.640	53,240.000000
14.470950	0.640	57,085.000000
14.481617	0.640	60,611.000000
14.492283	0.640	63,331.000000
14.502950	0.640	65,820.000000
14.513617	0.640	68,418.000000
14.524283	0.640	70,902.000000
14.534950	0.640	74,109.000000
14.545617	0.640	80,978.000000
14.556283	0.640	94,019.000000
14.566950	0.640	113,418.000000
14.577617	0.640	138,444.000000
14.588283	0.640	166,882.000000
14.598950	0.640	191,529.000000
14.609617	0.640	202,638.000000
14.620283	0.640	197,714.000000
14.630950	0.640	183,184.000000
14.641617	0.640	165,166.000000
14.652283	0.640	146,275.000000
14.662950	0.640	128,284.000000
14.673617	0.640	111,539.000000
14.684283	0.640	96,126.000000
14.694950	0.640	83,496.000000
14.705617	0.640	74,121.000000
14.716283	0.640	66,797.000000
14.726950	0.640	61,010.000000
14.737617	0.640	58,096.000000
14.748283	0.640	58,850.000000
14.758950	0.640	62,058.000000
14.769617	0.640	67,523.000000
14.780283	0.640	75,715.000000
14.790950	0.640	83,988.000000
14.801617	0.640	89,063.000000
14.812283	0.640	92,257.000000
14.822950	0.640	97,100.000000
14.833617	0.640	103,523.000000
14.844283	0.640	108,313.000000
14.854950	0.640	109,674.000000
14.865617	0.640	109,273.000000
14.876283	0.640	108,554.000000
14.886950	0.640	105,895.000000
14.897617	0.640	99,740.000000
14.908283	0.640	89,581.000000
14.918950	0.640	76,734.000000
14.929617	0.640	66,026.000000
14.940283	0.640	60,205.000000
14.950950	0.640	57,215.000000
14.961617	0.640	56,257.000000
14.972283	0.640	58,905.000000
14.982950	0.640	64,498.000000
14.993617	0.640	69,921.000000
15.004283	0.640	72,620.000000
15.014950	0.640	72,480.000000
15.025617	0.640	71,128.000000
15.036283	0.640	68,973.000000
15.046950	0.640	66,084.000000
15.057617	0.640	64,016.000000
15.068283	0.640	62,564.000000
15.078950	0.640	60,923.000000
15.089617	0.640	61,261.000000
15.100283	0.640	65,389.000000
15.110950	0.640	71,954.000000
15.121617	0.640	77,542.000000
15.132283	0.640	79,512.000000
15.142950	0.640	79,445.000000
15.153617	0.640	80,605.000000
15.164283	0.640	81,572.000000
15.174950	0.640	78,155.000000
15.185617	0.640	70,845.000000
15.196283	0.640	64,755.000000
15.206950	0.640	63,510.000000
15.217617	0.640	65,643.000000
15.228283	0.640	67,385.000000
15.238950	0.640	67,920.000000
15.249617	0.640	68,354.000000
15.260283	0.640	68,070.000000
15.270950	0.640	66,123.000000
15.281617	0.640	63,639.000000
15.292283	0.640	62,522.000000
15.302950	0.640	62,964.000000
15.313617	0.640	64,301.000000
15.324283	0.640	66,189.000000
15.334950	0.640	66,956.000000
15.345617	0.640	65,762.000000
15.356283	0.640	64,994.000000
15.366950	0.640	65,236.000000
15.377617	0.640	64,994.000000
15.388283	0.640	66,298.000000
15.398950	0.640	71,259.000000
15.409617	0.640	77,280.000000
15.420283	0.640	81,221.000000
15.430950	0.640	82,561.000000
15.441617	0.640	81,408.000000
15.452283	0.640	78,610.000000
15.462950	0.640	76,961.000000
15.473617	0.640	78,255.000000
15.484283	0.640	80,817.000000
15.494950	0.640	81,821.000000
15.505617	0.640	81,466.000000
15.516283	0.640	82,901.000000
15.526950	0.640	88,049.000000
15.537617	0.640	97,806.000000
15.548283	0.640	113,229.000000
15.558950	0.640	133,036.000000
15.569617	0.640	153,387.000000
15.580283	0.640	167,915.000000
15.590950	0.640	170,512.000000
15.601617	0.640	163,593.000000
15.612283	0.640	156,257.000000
15.622950	0.640	153,245.000000
15.633617	0.640	152,781.000000
15.644283	0.640	150,499.000000
15.654950	0.640	142,267.000000
15.665617	0.640	128,746.000000
15.676283	0.640	116,268.000000
15.686950	0.640	110,137.000000
15.697617	0.640	108,347.000000
15.708283	0.640	104,548.000000
15.718950	0.640	96,885.000000
15.729617	0.640	89,495.000000
15.740283	0.640	86,326.000000
15.750950	0.640	88,276.000000
15.761617	0.640	95,240.000000
15.772283	0.640	107,699.000000
15.782950	0.640	129,134.000000
15.793617	0.640	169,106.000000
15.804283	0.640	241,642.000000
15.814950	0.640	364,833.000000
15.825617	0.640	570,494.000000
15.836283	0.640	928,173.000000
15.846950	0.640	1,580,058.000000
15.857617	0.640	2,740,706.000000
15.868283	0.640	4,571,877.000000
15.878950	0.640	6,905,578.000000
15.889617	0.640	9,040,131.000000
15.900283	0.640	10,003,818.000000
15.910950	0.640	9,258,100.000000
15.921617	0.640	7,164,438.000000
15.932283	0.640	4,690,899.000000
15.942950	0.640	2,687,181.000000
15.953617	0.640	1,450,259.000000
15.964283	0.640	826,288.000000
15.974950	0.640	534,422.000000
15.985617	0.640	378,654.000000
15.996283	0.640	279,053.000000
16.006950	0.640	214,215.000000
16.017617	0.640	174,371.000000
16.028283	0.640	152,531.000000
16.038950	0.640	143,930.000000
16.049617	0.640	142,393.000000
16.060283	0.640	143,890.000000
16.070950	0.640	149,795.000000
16.081617	0.640	161,060.000000
16.092283	0.640	173,903.000000
16.102950	0.640	183,107.000000
16.113617	0.640	186,602.000000
16.124283	0.640	187,391.000000
16.134950	0.640	189,624.000000
16.145617	0.640	193,791.000000
16.156283	0.640	197,612.000000
16.166950	0.640	199,450.000000
16.177617	0.640	199,797.000000
16.188283	0.640	198,364.000000
16.198950	0.640	196,201.000000
16.209617	0.640	203,651.000000
16.220283	0.640	236,155.000000
16.230950	0.640	303,480.000000
16.241617	0.640	406,641.000000
16.252283	0.640	528,765.000000
16.262950	0.640	623,857.000000
16.273617	0.640	639,363.000000
16.284283	0.640	562,039.000000
16.294950	0.640	431,236.000000
16.305617	0.640	304,265.000000
16.316283	0.640	215,026.000000
16.326950	0.640	165,401.000000
16.337617	0.640	141,644.000000
16.348283	0.640	130,476.000000
16.358950	0.640	125,786.000000
16.369617	0.640	124,558.000000
16.380283	0.640	123,847.000000
16.390950	0.640	123,587.000000
16.401617	0.640	125,241.000000
16.412283	0.640	130,847.000000
16.422950	0.640	143,321.000000
16.433617	0.640	163,097.000000
16.444283	0.640	188,561.000000
16.454950	0.640	219,213.000000
16.465617	0.640	255,363.000000
16.476283	0.640	301,159.000000
16.486950	0.640	373,260.000000
16.497617	0.640	503,391.000000
16.508283	0.640	737,141.000000
16.518950	0.640	1,141,894.000000
16.529617	0.640	1,828,912.000000
16.540283	0.640	3,017,430.000000
16.550950	0.640	5,142,779.000000
16.561617	0.640	8,826,484.000000
16.572283	0.640	14,432,264.000000
16.582950	0.640	21,296,651.000000
16.593617	0.640	27,341,273.000000
16.604283	0.640	29,914,669.000000
16.614950	0.640	27,636,386.000000
16.625617	0.640	21,545,058.000000
16.636283	0.640	14,310,122.000000
16.646950	0.640	8,337,706.000000
16.657617	0.640	4,537,821.000000
16.668283	0.640	2,526,151.000000
16.678950	0.640	1,535,729.000000
16.689617	0.640	1,012,739.000000
16.700283	0.640	699,737.000000
16.710950	0.640	510,988.000000
16.721617	0.640	413,847.000000
16.732283	0.640	383,284.000000
16.742950	0.640	408,314.000000
16.753617	0.640	504,755.000000
16.764283	0.640	717,754.000000
16.774950	0.640	1,108,028.000000
16.785617	0.640	1,699,005.000000
16.796283	0.640	2,389,260.000000
16.806950	0.640	2,932,383.000000
16.817617	0.640	3,078,680.000000
16.828283	0.640	2,763,633.000000
16.838950	0.640	2,145,532.000000
16.849617	0.640	1,480,917.000000
16.860283	0.640	964,362.000000
16.870950	0.640	648,750.000000
16.881617	0.640	482,023.000000
16.892283	0.640	392,370.000000
16.902950	0.640	335,637.000000
16.913617	0.640	292,583.000000
16.924283	0.640	256,574.000000
16.934950	0.640	228,144.000000
16.945617	0.640	207,811.000000
16.956283	0.640	193,817.000000
16.966950	0.640	185,551.000000
16.977617	0.640	181,601.000000
16.988283	0.640	178,746.000000
16.998950	0.640	176,504.000000
17.009617	0.640	176,389.000000
17.020283	0.640	178,762.000000
17.030950	0.640	183,427.000000
17.041617	0.640	189,104.000000
17.052283	0.640	196,615.000000
17.062950	0.640	212,685.000000
17.073617	0.640	242,247.000000
17.084283	0.640	284,450.000000
17.094950	0.640	342,010.000000
17.105617	0.640	425,919.000000
17.116283	0.640	550,534.000000
17.126950	0.640	728,478.000000
17.137617	0.640	969,569.000000
17.148283	0.640	1,272,050.000000
17.158950	0.640	1,610,162.000000
17.169617	0.640	1,945,650.000000
17.180283	0.640	2,233,915.000000
17.190950	0.640	2,412,087.000000
17.201617	0.640	2,427,374.000000
17.212283	0.640	2,276,554.000000
17.222950	0.640	1,995,183.000000
17.233617	0.640	1,634,829.000000
17.244283	0.640	1,257,513.000000
17.254950	0.640	921,371.000000
17.265617	0.640	658,006.000000
17.276283	0.640	469,774.000000
17.286950	0.640	345,497.000000
17.297617	0.640	269,499.000000
17.308283	0.640	224,167.000000
17.318950	0.640	196,654.000000
17.329617	0.640	181,405.000000
17.340283	0.640	174,931.000000
17.350950	0.640	171,918.000000
17.361617	0.640	168,073.000000
17.372283	0.640	164,991.000000
17.382950	0.640	166,104.000000
17.393617	0.640	169,372.000000
17.404283	0.640	171,210.000000
17.414950	0.640	172,669.000000
17.425617	0.640	176,645.000000
17.436283	0.640	183,974.000000
17.446950	0.640	193,234.000000
17.457617	0.640	203,601.000000
17.468283	0.640	217,988.000000
17.478950	0.640	238,612.000000
17.489617	0.640	260,505.000000
17.500283	0.640	277,431.000000
17.510950	0.640	291,182.000000
17.521617	0.640	306,323.000000
17.532283	0.640	322,776.000000
17.542950	0.640	341,106.000000
17.553617	0.640	367,603.000000
17.564283	0.640	408,985.000000
17.574950	0.640	464,452.000000
17.585617	0.640	523,875.000000
17.596283	0.640	571,803.000000
17.606950	0.640	593,651.000000
17.617617	0.640	580,800.000000
17.628283	0.640	533,885.000000
17.638950	0.640	466,109.000000
17.649617	0.640	399,130.000000
17.660283	0.640	348,390.000000
17.670950	0.640	314,703.000000
17.681617	0.640	291,713.000000
17.692283	0.640	276,199.000000
17.702950	0.640	267,392.000000
17.713617	0.640	262,433.000000
17.724283	0.640	259,674.000000
17.734950	0.640	260,739.000000
17.745617	0.640	263,991.000000
17.756283	0.640	263,897.000000
17.766950	0.640	260,199.000000
17.777617	0.640	258,573.000000
17.788283	0.640	261,435.000000
17.798950	0.640	265,424.000000
17.809617	0.640	267,488.000000
17.820283	0.640	268,575.000000
17.830950	0.640	270,056.000000
17.841617	0.640	272,517.000000
17.852283	0.640	278,169.000000
17.862950	0.640	286,426.000000
17.873617	0.640	292,401.000000
17.884283	0.640	294,270.000000
17.894950	0.640	294,340.000000
17.905617	0.640	294,657.000000
17.916283	0.640	296,740.000000
17.926950	0.640	300,410.000000
17.937617	0.640	301,840.000000
17.948283	0.640	299,284.000000
17.958950	0.640	297,699.000000
17.969617	0.640	303,094.000000
17.980283	0.640	314,777.000000
17.990950	0.640	325,188.000000
18.001617	0.640	329,895.000000
18.012283	0.640	333,094.000000
18.022950	0.640	339,084.000000
18.033617	0.640	345,813.000000
18.044283	0.640	350,395.000000
18.054950	0.640	354,594.000000
18.065617	0.640	361,240.000000
18.076283	0.640	371,069.000000
18.086950	0.640	385,282.000000
18.097617	0.640	406,912.000000
18.108283	0.640	438,488.000000
18.118950	0.640	481,921.000000
18.129617	0.640	544,917.000000
18.140283	0.640	641,336.000000
18.150950	0.640	782,644.000000
18.161617	0.640	981,376.000000
18.172283	0.640	1,263,761.000000
18.182950	0.640	1,664,729.000000
18.193617	0.640	2,217,007.000000
18.204283	0.640	2,968,469.000000
18.214950	0.640	4,004,981.000000
18.225617	0.640	5,454,279.000000
18.236283	0.640	7,503,035.000000
18.246950	0.640	10,438,201.000000
18.257617	0.640	14,666,272.000000
18.268283	0.640	20,632,906.000000
18.278950	0.640	28,625,285.000000
18.289617	0.640	38,525,402.000000
18.300283	0.640	49,562,459.000000
18.310950	0.640	60,183,867.000000
18.321617	0.640	68,305,935.000000
18.332283	0.640	72,000,266.000000
18.342950	0.640	70,285,839.000000
18.353617	0.640	63,547,818.000000
18.364283	0.640	53,304,466.000000
18.374950	0.640	41,578,572.000000
18.385617	0.640	30,277,611.000000
18.396283	0.640	20,715,880.000000
18.406950	0.640	13,444,218.000000
18.417617	0.640	8,402,872.000000
18.428283	0.640	5,163,518.000000
18.438950	0.640	3,183,602.000000
18.449617	0.640	2,013,713.000000
18.460283	0.640	1,348,097.000000
18.470950	0.640	985,242.000000
18.481617	0.640	804,494.000000
18.492283	0.640	747,484.000000
18.502950	0.640	786,364.000000
18.513617	0.640	907,631.000000
18.524283	0.640	1,110,457.000000
18.534950	0.640	1,406,782.000000
18.545617	0.640	1,828,995.000000
18.556283	0.640	2,438,089.000000
18.566950	0.640	3,334,035.000000
18.577617	0.640	4,662,356.000000
18.588283	0.640	6,591,944.000000
18.598950	0.640	9,252,273.000000
18.609617	0.640	12,637,995.000000
18.620283	0.640	16,513,141.000000
18.630950	0.640	20,350,615.000000
18.641617	0.640	23,404,210.000000
18.652283	0.640	24,972,260.000000
18.662950	0.640	24,663,094.000000
18.673617	0.640	22,501,894.000000
18.684283	0.640	18,946,454.000000
18.694950	0.640	14,772,338.000000
18.705617	0.640	10,755,788.000000
18.716283	0.640	7,384,781.000000
18.726950	0.640	4,822,010.000000
18.737617	0.640	3,027,151.000000
18.748283	0.640	1,864,604.000000
18.758950	0.640	1,159,237.000000
18.769617	0.640	742,532.000000
18.780283	0.640	492,880.000000
18.790950	0.640	342,733.000000
18.801617	0.640	255,993.000000
18.812283	0.640	205,071.000000
18.822950	0.640	170,002.000000
18.833617	0.640	145,770.000000
18.844283	0.640	133,498.000000
18.854950	0.640	129,017.000000
18.865617	0.640	127,338.000000
18.876283	0.640	129,428.000000
18.886950	0.640	137,241.000000
18.897617	0.640	148,195.000000
18.908283	0.640	160,073.000000
18.918950	0.640	174,968.000000
18.929617	0.640	195,500.000000
18.940283	0.640	222,513.000000
18.950950	0.640	256,572.000000
18.961617	0.640	301,316.000000
18.972283	0.640	363,868.000000
18.982950	0.640	447,930.000000
18.993617	0.640	554,922.000000
19.004283	0.640	699,453.000000
19.014950	0.640	912,558.000000
19.025617	0.640	1,227,596.000000
19.036283	0.640	1,671,304.000000
19.046950	0.640	2,254,613.000000
19.057617	0.640	2,963,103.000000
19.068283	0.640	3,752,718.000000
19.078950	0.640	4,534,342.000000
19.089617	0.640	5,176,113.000000
19.100283	0.640	5,552,915.000000
19.110950	0.640	5,590,495.000000
19.121617	0.640	5,274,257.000000
19.132283	0.640	4,657,683.000000
19.142950	0.640	3,855,724.000000
19.153617	0.640	3,002,608.000000
19.164283	0.640	2,212,714.000000
19.174950	0.640	1,556,816.000000
19.185617	0.640	1,056,606.000000
19.196283	0.640	703,445.000000
19.206950	0.640	473,609.000000
19.217617	0.640	334,492.000000
19.228283	0.640	253,388.000000
19.238950	0.640	204,576.000000
19.249617	0.640	173,414.000000
19.260283	0.640	154,578.000000
19.270950	0.640	145,001.000000
19.281617	0.640	140,733.000000
19.292283	0.640	138,157.000000
19.302950	0.640	135,368.000000
19.313617	0.640	132,736.000000
19.324283	0.640	132,094.000000
19.334950	0.640	133,833.000000
19.345617	0.640	135,456.000000
19.356283	0.640	136,261.000000
19.366950	0.640	139,010.000000
19.377617	0.640	143,347.000000
19.388283	0.640	145,331.000000
19.398950	0.640	144,467.000000
19.409617	0.640	144,038.000000
19.420283	0.640	145,444.000000
19.430950	0.640	148,599.000000
19.441617	0.640	154,784.000000
19.452283	0.640	162,518.000000
19.462950	0.640	167,025.000000
19.473617	0.640	168,060.000000
19.484283	0.640	170,927.000000
19.494950	0.640	178,007.000000
19.505617	0.640	184,332.000000
19.516283	0.640	183,507.000000
19.526950	0.640	177,222.000000
19.537617	0.640	172,898.000000
19.548283	0.640	170,412.000000
19.558950	0.640	163,900.000000
19.569617	0.640	155,537.000000
19.580283	0.640	152,440.000000
19.590950	0.640	154,681.000000
19.601617	0.640	157,532.000000
19.612283	0.640	159,412.000000
19.622950	0.640	161,490.000000
19.633617	0.640	165,537.000000
19.644283	0.640	173,589.000000
19.654950	0.640	184,024.000000
19.665617	0.640	192,545.000000
19.676283	0.640	200,628.000000
19.686950	0.640	212,544.000000
19.697617	0.640	226,864.000000
19.708283	0.640	240,815.000000
19.718950	0.640	255,019.000000
19.729617	0.640	271,973.000000
19.740283	0.640	294,687.000000
19.750950	0.640	323,693.000000
19.761617	0.640	357,716.000000
19.772283	0.640	398,111.000000
19.782950	0.640	448,793.000000
19.793617	0.640	515,331.000000
19.804283	0.640	604,274.000000
19.814950	0.640	717,955.000000
19.825617	0.640	849,835.000000
19.836283	0.640	989,125.000000
19.846950	0.640	1,129,464.000000
19.857617	0.640	1,264,674.000000
19.868283	0.640	1,381,711.000000
19.878950	0.640	1,468,419.000000
19.889617	0.640	1,515,218.000000
19.900283	0.640	1,510,272.000000
19.910950	0.640	1,450,014.000000
19.921617	0.640	1,344,853.000000
19.932283	0.640	1,209,542.000000
19.942950	0.640	1,057,295.000000
19.953617	0.640	897,587.000000
19.964283	0.640	737,672.000000
19.974950	0.640	588,931.000000
19.985617	0.640	464,392.000000
19.996283	0.640	367,986.000000
20.006950	0.640	292,926.000000
20.017617	0.640	232,689.000000
20.028283	0.640	186,287.000000
20.038950	0.640	152,418.000000
20.049617	0.640	128,194.000000
20.060283	0.640	112,644.000000
20.070950	0.640	103,734.000000
20.081617	0.640	96,324.000000
20.092283	0.640	88,528.000000
20.102950	0.640	83,196.000000
20.113617	0.640	81,519.000000
20.124283	0.640	81,182.000000
20.134950	0.640	80,484.000000
20.145617	0.640	80,380.000000
20.156283	0.640	81,182.000000
20.166950	0.640	81,534.000000
20.177617	0.640	81,260.000000
20.188283	0.640	81,243.000000
20.198950	0.640	82,048.000000
20.209617	0.640	83,817.000000
20.220283	0.640	85,449.000000
20.230950	0.640	84,500.000000
20.241617	0.640	80,374.000000
20.252283	0.640	75,739.000000
20.262950	0.640	72,110.000000
20.273617	0.640	68,414.000000
20.284283	0.640	64,548.000000
20.294950	0.640	61,915.000000
20.305617	0.640	61,438.000000
20.316283	0.640	61,565.000000
20.326950	0.640	59,675.000000
20.337617	0.640	56,771.000000
20.348283	0.640	55,591.000000
20.358950	0.640	55,792.000000
20.369617	0.640	55,944.000000
20.380283	0.640	56,297.000000
20.390950	0.640	57,448.000000
20.401617	0.640	58,807.000000
20.412283	0.640	59,480.000000
20.422950	0.640	59,636.000000
20.433617	0.640	59,954.000000
20.444283	0.640	60,196.000000
20.454950	0.640	59,252.000000
20.465617	0.640	57,239.000000
20.476283	0.640	55,298.000000
20.486950	0.640	53,368.000000
20.497617	0.640	51,652.000000
20.508283	0.640	51,420.000000
20.518950	0.640	52,107.000000
20.529617	0.640	52,041.000000
20.540283	0.640	51,639.000000
20.550950	0.640	52,169.000000
20.561617	0.640	53,121.000000
20.572283	0.640	53,019.000000
20.582950	0.640	51,762.000000
20.593617	0.640	50,451.000000
20.604283	0.640	50,026.000000
20.614950	0.640	51,248.000000
20.625617	0.640	53,749.000000
20.636283	0.640	56,335.000000
20.646950	0.640	59,252.000000
20.657617	0.640	63,488.000000
20.668283	0.640	68,925.000000
20.678950	0.640	74,520.000000
20.689617	0.640	79,601.000000
20.700283	0.640	84,921.000000
20.710950	0.640	92,317.000000
20.721617	0.640	103,098.000000
20.732283	0.640	117,089.000000
20.742950	0.640	133,089.000000
20.753617	0.640	150,158.000000
20.764283	0.640	170,047.000000
20.774950	0.640	196,136.000000
20.785617	0.640	230,080.000000
20.796283	0.640	273,762.000000
20.806950	0.640	331,184.000000
20.817617	0.640	406,027.000000
20.828283	0.640	500,411.000000
20.838950	0.640	617,549.000000
20.849617	0.640	759,183.000000
20.860283	0.640	917,935.000000
20.870950	0.640	1,086,159.000000
20.881617	0.640	1,261,526.000000
20.892283	0.640	1,429,496.000000
20.902950	0.640	1,566,303.000000
20.913617	0.640	1,658,924.000000
20.924283	0.640	1,701,885.000000
20.934950	0.640	1,691,276.000000
20.945617	0.640	1,631,321.000000
20.956283	0.640	1,534,254.000000
20.966950	0.640	1,413,808.000000
20.977617	0.640	1,285,859.000000
20.988283	0.640	1,170,506.000000
20.998950	0.640	1,084,662.000000
21.009617	0.640	1,035,036.000000
21.020283	0.640	1,020,760.000000
21.030950	0.640	1,043,516.000000
21.041617	0.640	1,112,940.000000
21.052283	0.640	1,232,489.000000
21.062950	0.640	1,391,423.000000
21.073617	0.640	1,580,498.000000
21.084283	0.640	1,801,852.000000
21.094950	0.640	2,067,917.000000
21.105617	0.640	2,395,104.000000
21.116283	0.640	2,791,244.000000
21.126950	0.640	3,250,315.000000
21.137617	0.640	3,757,127.000000
21.148283	0.640	4,295,183.000000
21.158950	0.640	4,839,251.000000
21.169617	0.640	5,344,299.000000
21.180283	0.640	5,760,570.000000
21.190950	0.640	6,042,962.000000
21.201617	0.640	6,148,866.000000
21.212283	0.640	6,048,965.000000
21.222950	0.640	5,738,403.000000
21.233617	0.640	5,249,977.000000
21.244283	0.640	4,646,656.000000
21.254950	0.640	3,981,852.000000
21.265617	0.640	3,293,888.000000
21.276283	0.640	2,634,130.000000
21.286950	0.640	2,054,133.000000
21.297617	0.640	1,570,427.000000
21.308283	0.640	1,172,436.000000
21.318950	0.640	853,388.000000
21.329617	0.640	613,648.000000
21.340283	0.640	444,878.000000
21.350950	0.640	328,080.000000
21.361617	0.640	246,209.000000
21.372283	0.640	191,155.000000
21.382950	0.640	158,448.000000
21.393617	0.640	140,112.000000
21.404283	0.640	127,930.000000
21.414950	0.640	120,877.000000
21.425617	0.640	120,805.000000
21.436283	0.640	124,279.000000
21.446950	0.640	126,756.000000
21.457617	0.640	128,006.000000
21.468283	0.640	128,239.000000
21.478950	0.640	127,400.000000
21.489617	0.640	126,082.000000
21.500283	0.640	122,695.000000
21.510950	0.640	116,682.000000
21.521617	0.640	110,385.000000
21.532283	0.640	103,605.000000
21.542950	0.640	94,436.000000
21.553617	0.640	84,906.000000
21.564283	0.640	78,942.000000
21.574950	0.640	76,398.000000
21.585617	0.640	73,445.000000
21.596283	0.640	68,092.000000
21.606950	0.640	63,252.000000
21.617617	0.640	62,086.000000
21.628283	0.640	62,543.000000
21.638950	0.640	61,444.000000
21.649617	0.640	59,747.000000
21.660283	0.640	59,589.000000
21.670950	0.640	59,888.000000
21.681617	0.640	58,579.000000
21.692283	0.640	57,093.000000
21.702950	0.640	58,093.000000
21.713617	0.640	60,711.000000
21.724283	0.640	61,930.000000
21.734950	0.640	60,936.000000
21.745617	0.640	59,658.000000
21.756283	0.640	59,322.000000
21.766950	0.640	59,290.000000
21.777617	0.640	59,738.000000
21.788283	0.640	61,181.000000
21.798950	0.640	62,323.000000
21.809617	0.640	62,191.000000
21.820283	0.640	61,424.000000
21.830950	0.640	60,811.000000
21.841617	0.640	61,330.000000
21.852283	0.640	63,149.000000
21.862950	0.640	64,500.000000
21.873617	0.640	64,301.000000
21.884283	0.640	63,492.000000
21.894950	0.640	63,038.000000
21.905617	0.640	63,427.000000
21.916283	0.640	64,985.000000
21.926950	0.640	66,357.000000
21.937617	0.640	65,968.000000
21.948283	0.640	65,610.000000
21.958950	0.640	66,688.000000
21.969617	0.640	66,850.000000
21.980283	0.640	65,358.000000
21.990950	0.640	64,318.000000
22.001617	0.640	64,116.000000
22.012283	0.640	63,709.000000
22.022950	0.640	63,851.000000
22.033617	0.640	65,968.000000
22.044283	0.640	68,026.000000
22.054950	0.640	67,216.000000
22.065617	0.640	65,747.000000
22.076283	0.640	66,857.000000
22.086950	0.640	69,095.000000
22.097617	0.640	69,879.000000
22.108283	0.640	69,912.000000
22.118950	0.640	70,978.000000
22.129617	0.640	72,794.000000
22.140283	0.640	74,594.000000
22.150950	0.640	77,477.000000
22.161617	0.640	82,174.000000
22.172283	0.640	86,973.000000
22.182950	0.640	90,459.000000
22.193617	0.640	93,228.000000
22.204283	0.640	96,746.000000
22.214950	0.640	103,036.000000
22.225617	0.640	113,228.000000
22.236283	0.640	126,491.000000
22.246950	0.640	142,721.000000
22.257617	0.640	162,991.000000
22.268283	0.640	186,548.000000
22.278950	0.640	212,674.000000
22.289617	0.640	243,630.000000
22.300283	0.640	280,742.000000
22.310950	0.640	322,591.000000
22.321617	0.640	370,261.000000
22.332283	0.640	428,080.000000
22.342950	0.640	499,606.000000
22.353617	0.640	588,265.000000
22.364283	0.640	697,983.000000
22.374950	0.640	833,882.000000
22.385617	0.640	1,005,966.000000
22.396283	0.640	1,224,177.000000
22.406950	0.640	1,494,931.000000
22.417617	0.640	1,824,662.000000
22.428283	0.640	2,212,683.000000
22.438950	0.640	2,654,661.000000
22.449617	0.640	3,154,819.000000
22.460283	0.640	3,706,011.000000
22.470950	0.640	4,275,031.000000
22.481617	0.640	4,825,945.000000
22.492283	0.640	5,323,367.000000
22.502950	0.640	5,713,662.000000
22.513617	0.640	5,949,084.000000
22.524283	0.640	6,024,925.000000
22.534950	0.640	5,952,260.000000
22.545617	0.640	5,717,289.000000
22.556283	0.640	5,314,367.000000
22.566950	0.640	4,780,628.000000
22.577617	0.640	4,167,726.000000
22.588283	0.640	3,521,843.000000
22.598950	0.640	2,887,074.000000
22.609617	0.640	2,300,158.000000
22.620283	0.640	1,785,729.000000
22.630950	0.640	1,354,240.000000
22.641617	0.640	1,005,616.000000
22.652283	0.640	734,347.000000
22.662950	0.640	529,449.000000
22.673617	0.640	379,328.000000
22.684283	0.640	274,945.000000
22.694950	0.640	205,462.000000
22.705617	0.640	158,018.000000
22.716283	0.640	124,205.000000
22.726950	0.640	102,457.000000
22.737617	0.640	90,543.000000
22.748283	0.640	82,585.000000
22.758950	0.640	75,994.000000
22.769617	0.640	71,914.000000
22.780283	0.640	70,266.000000
22.790950	0.640	69,491.000000
22.801617	0.640	67,818.000000
22.812283	0.640	64,938.000000
22.822950	0.640	63,047.000000
22.833617	0.640	64,293.000000
22.844283	0.640	67,635.000000
22.854950	0.640	70,349.000000
22.865617	0.640	72,378.000000
22.876283	0.640	74,927.000000
22.886950	0.640	77,548.000000
22.897617	0.640	80,822.000000
22.908283	0.640	85,882.000000
22.918950	0.640	91,478.000000
22.929617	0.640	97,299.000000
22.940283	0.640	105,860.000000
22.950950	0.640	119,114.000000
22.961617	0.640	136,795.000000
22.972283	0.640	156,768.000000
22.982950	0.640	178,750.000000
22.993617	0.640	207,211.000000
23.004283	0.640	246,503.000000
23.014950	0.640	299,097.000000
23.025617	0.640	367,137.000000
23.036283	0.640	450,169.000000
23.046950	0.640	548,805.000000
23.057617	0.640	671,132.000000
23.068283	0.640	831,103.000000
23.078950	0.640	1,039,107.000000
23.089617	0.640	1,298,501.000000
23.100283	0.640	1,622,840.000000
23.110950	0.640	2,045,693.000000
23.121617	0.640	2,605,500.000000
23.132283	0.640	3,340,616.000000
23.142950	0.640	4,303,024.000000
23.153617	0.640	5,550,204.000000
23.164283	0.640	7,111,178.000000
23.174950	0.640	8,966,267.000000
23.185617	0.640	11,032,052.000000
23.196283	0.640	13,156,636.000000
23.206950	0.640	15,144,473.000000
23.217617	0.640	16,765,771.000000
23.228283	0.640	17,770,085.000000
23.238950	0.640	17,957,812.000000
23.249617	0.640	17,266,037.000000
23.260283	0.640	15,793,624.000000
23.270950	0.640	13,750,693.000000
23.281617	0.640	11,397,369.000000
23.292283	0.640	8,998,502.000000
23.302950	0.640	6,775,163.000000
23.313617	0.640	4,877,009.000000
23.324283	0.640	3,373,338.000000
23.334950	0.640	2,257,120.000000
23.345617	0.640	1,475,501.000000
23.356283	0.640	958,632.000000
23.366950	0.640	633,148.000000
23.377617	0.640	434,690.000000
23.388283	0.640	315,825.000000
23.398950	0.640	246,058.000000
23.409617	0.640	208,100.000000
23.420283	0.640	189,644.000000
23.430950	0.640	178,941.000000
23.441617	0.640	169,616.000000
23.452283	0.640	161,833.000000
23.462950	0.640	155,115.000000
23.473617	0.640	145,485.000000
23.484283	0.640	132,410.000000
23.494950	0.640	121,408.000000
23.505617	0.640	115,597.000000
23.516283	0.640	112,311.000000
23.526950	0.640	109,711.000000
23.537617	0.640	109,390.000000
23.548283	0.640	110,810.000000
23.558950	0.640	110,727.000000
23.569617	0.640	109,574.000000
23.580283	0.640	110,025.000000
23.590950	0.640	111,301.000000
23.601617	0.640	109,779.000000
23.612283	0.640	103,640.000000
23.622950	0.640	95,519.000000
23.633617	0.640	89,067.000000
23.644283	0.640	85,635.000000
23.654950	0.640	84,310.000000
23.665617	0.640	82,881.000000
23.676283	0.640	80,414.000000
23.686950	0.640	77,157.000000
23.697617	0.640	73,445.000000
23.708283	0.640	71,268.000000
23.718950	0.640	71,963.000000
23.729617	0.640	73,705.000000
23.740283	0.640	75,330.000000
23.750950	0.640	77,408.000000
23.761617	0.640	78,988.000000
23.772283	0.640	79,417.000000
23.782950	0.640	80,711.000000
23.793617	0.640	83,421.000000
23.804283	0.640	84,661.000000
23.814950	0.640	83,129.000000
23.825617	0.640	80,641.000000
23.836283	0.640	78,094.000000
23.846950	0.640	75,151.000000
23.857617	0.640	73,330.000000
23.868283	0.640	74,657.000000
23.878950	0.640	76,966.000000
23.889617	0.640	76,818.000000
23.900283	0.640	75,721.000000
23.910950	0.640	76,156.000000
23.921617	0.640	76,766.000000
23.932283	0.640	76,898.000000
23.942950	0.640	78,484.000000
23.953617	0.640	81,477.000000
23.964283	0.640	84,867.000000
23.974950	0.640	88,901.000000
23.985617	0.640	91,903.000000
23.996283	0.640	92,593.000000
24.006950	0.640	94,123.000000
24.017617	0.640	98,670.000000
24.028283	0.640	103,104.000000
24.038950	0.640	104,444.000000
24.049617	0.640	104,485.000000
24.060283	0.640	105,867.000000
24.070950	0.640	108,010.000000
24.081617	0.640	109,262.000000
24.092283	0.640	108,690.000000
24.102950	0.640	105,609.000000
24.113617	0.640	100,389.000000
24.124283	0.640	94,460.000000
24.134950	0.640	89,347.000000
24.145617	0.640	85,813.000000
24.156283	0.640	83,960.000000
24.166950	0.640	83,722.000000
24.177617	0.640	83,908.000000
24.188283	0.640	83,664.000000
24.198950	0.640	84,529.000000
24.209617	0.640	87,169.000000
24.220283	0.640	89,127.000000
24.230950	0.640	89,343.000000
24.241617	0.640	89,602.000000
24.252283	0.640	90,505.000000
24.262950	0.640	92,695.000000
24.273617	0.640	98,143.000000
24.284283	0.640	106,423.000000
24.294950	0.640	115,813.000000
24.305617	0.640	125,529.000000
24.316283	0.640	133,426.000000
24.326950	0.640	137,433.000000
24.337617	0.640	138,661.000000
24.348283	0.640	139,125.000000
24.358950	0.640	140,387.000000
24.369617	0.640	147,604.000000
24.380283	0.640	169,403.000000
24.390950	0.640	213,128.000000
24.401617	0.640	288,127.000000
24.412283	0.640	412,832.000000
24.422950	0.640	614,689.000000
24.433617	0.640	929,226.000000
24.444283	0.640	1,411,181.000000
24.454950	0.640	2,155,342.000000
24.465617	0.640	3,317,482.000000
24.476283	0.640	5,154,288.000000
24.486950	0.640	8,070,866.000000
24.497617	0.640	12,555,347.000000
24.508283	0.640	18,876,859.000000
24.518950	0.640	26,593,697.000000
24.529617	0.640	34,210,613.000000
24.540283	0.640	39,486,289.000000
24.550950	0.640	40,470,139.000000
24.561617	0.640	36,641,592.000000
24.572283	0.640	29,312,631.000000
24.582950	0.640	20,872,941.000000
24.593617	0.640	13,428,720.000000
24.604283	0.640	7,989,377.000000
24.614950	0.640	4,563,582.000000
24.625617	0.640	2,635,173.000000
24.636283	0.640	1,598,473.000000
24.646950	0.640	1,019,016.000000
24.657617	0.640	675,712.000000
24.668283	0.640	467,291.000000
24.678950	0.640	336,461.000000
24.689617	0.640	253,034.000000
24.700283	0.640	202,866.000000
24.710950	0.640	174,748.000000
24.721617	0.640	160,319.000000
24.732283	0.640	156,646.000000
24.742950	0.640	162,028.000000
24.753617	0.640	172,529.000000
24.764283	0.640	183,350.000000
24.774950	0.640	190,145.000000
24.785617	0.640	192,067.000000
24.796283	0.640	192,260.000000
24.806950	0.640	192,220.000000
24.817617	0.640	192,084.000000
24.828283	0.640	193,983.000000
24.838950	0.640	199,741.000000
24.849617	0.640	211,199.000000
24.860283	0.640	230,003.000000
24.870950	0.640	253,945.000000
24.881617	0.640	280,849.000000
24.892283	0.640	315,011.000000
24.902950	0.640	365,956.000000
24.913617	0.640	442,542.000000
24.924283	0.640	551,744.000000
24.934950	0.640	712,534.000000
24.945617	0.640	978,223.000000
24.956283	0.640	1,465,130.000000
24.966950	0.640	2,418,588.000000
24.977617	0.640	4,252,439.000000
24.988283	0.640	7,315,831.000000
24.998950	0.640	11,292,502.000000
25.009617	0.640	14,801,529.000000
25.020283	0.640	16,061,376.000000
25.030950	0.640	14,341,014.000000
25.041617	0.640	10,642,091.000000
25.052283	0.640	6,817,088.000000
25.062950	0.640	4,137,665.000000
25.073617	0.640	2,723,649.000000
25.084283	0.640	2,048,198.000000
25.094950	0.640	1,637,476.000000
25.105617	0.640	1,301,442.000000
25.116283	0.640	1,023,096.000000
25.126950	0.640	825,242.000000
25.137617	0.640	718,282.000000
25.148283	0.640	698,278.000000
25.158950	0.640	745,985.000000
25.169617	0.640	819,863.000000
25.180283	0.640	860,884.000000
25.190950	0.640	818,430.000000
25.201617	0.640	686,942.000000
25.212283	0.640	513,386.000000
25.222950	0.640	358,553.000000
25.233617	0.640	255,253.000000
25.244283	0.640	200,228.000000
25.254950	0.640	171,930.000000
25.265617	0.640	153,058.000000
25.276283	0.640	139,293.000000
25.286950	0.640	130,688.000000
25.297617	0.640	123,981.000000
25.308283	0.640	116,831.000000
25.318950	0.640	111,584.000000
25.329617	0.640	109,923.000000
25.340283	0.640	110,730.000000
25.350950	0.640	113,625.000000
25.361617	0.640	117,573.000000
25.372283	0.640	120,933.000000
25.382950	0.640	125,583.000000
25.393617	0.640	135,800.000000
25.404283	0.640	156,541.000000
25.414950	0.640	197,035.000000
25.425617	0.640	269,278.000000
25.436283	0.640	375,971.000000
25.446950	0.640	500,473.000000
25.457617	0.640	606,746.000000
25.468283	0.640	653,376.000000
25.478950	0.640	623,108.000000
25.489617	0.640	535,720.000000
25.500283	0.640	426,911.000000
25.510950	0.640	332,003.000000
25.521617	0.640	283,853.000000
25.532283	0.640	299,939.000000
25.542950	0.640	374,189.000000
25.553617	0.640	483,280.000000
25.564283	0.640	585,643.000000
25.574950	0.640	629,227.000000
25.585617	0.640	586,284.000000
25.596283	0.640	477,761.000000
25.606950	0.640	356,299.000000
25.617617	0.640	264,858.000000
25.628283	0.640	212,127.000000
25.638950	0.640	185,172.000000
25.649617	0.640	170,633.000000
25.660283	0.640	159,367.000000
25.670950	0.640	146,375.000000
25.681617	0.640	131,580.000000
25.692283	0.640	118,351.000000
25.702950	0.640	110,909.000000
25.713617	0.640	108,680.000000
25.724283	0.640	106,654.000000
25.734950	0.640	103,832.000000
25.745617	0.640	103,085.000000
25.756283	0.640	104,130.000000
25.766950	0.640	104,251.000000
25.777617	0.640	103,022.000000
25.788283	0.640	102,228.000000
25.798950	0.640	104,274.000000
25.809617	0.640	110,221.000000
25.820283	0.640	118,010.000000
25.830950	0.640	126,143.000000
25.841617	0.640	136,753.000000
25.852283	0.640	152,757.000000
25.862950	0.640	177,305.000000
25.873617	0.640	216,745.000000
25.884283	0.640	282,605.000000
25.894950	0.640	397,813.000000
25.905617	0.640	609,857.000000
25.916283	0.640	1,022,146.000000
25.926950	0.640	1,845,829.000000
25.937617	0.640	3,361,277.000000
25.948283	0.640	5,657,241.000000
25.958950	0.640	8,277,043.000000
25.969617	0.640	10,192,684.000000
25.980283	0.640	10,413,879.000000
25.990950	0.640	8,810,649.000000
26.001617	0.640	6,243,855.000000
26.012283	0.640	3,846,342.000000
26.022950	0.640	2,265,757.000000
26.033617	0.640	1,534,659.000000
26.044283	0.640	1,444,455.000000
26.054950	0.640	1,913,169.000000
26.065617	0.640	3,035,970.000000
26.076283	0.640	4,796,367.000000
26.086950	0.640	6,663,118.000000
26.097617	0.640	7,604,178.000000
26.108283	0.640	6,855,948.000000
26.118950	0.640	4,756,447.000000
26.129617	0.640	2,507,807.000000
26.140283	0.640	1,060,379.000000
26.150950	0.640	486,172.000000
26.161617	0.640	350,570.000000
26.172283	0.640	302,736.000000
26.182950	0.640	241,612.000000
26.193617	0.640	185,849.000000
26.204283	0.640	156,225.000000
26.214950	0.640	149,067.000000
26.225617	0.640	150,484.000000
26.236283	0.640	152,918.000000
26.246950	0.640	161,819.000000
26.257617	0.640	182,218.000000
26.268283	0.640	202,243.000000
26.278950	0.640	203,779.000000
26.289617	0.640	184,662.000000
26.300283	0.640	159,884.000000
26.310950	0.640	145,089.000000
26.321617	0.640	144,011.000000
26.332283	0.640	148,709.000000
26.342950	0.640	149,537.000000
26.353617	0.640	145,913.000000
26.364283	0.640	144,664.000000
26.374950	0.640	147,379.000000
26.385617	0.640	148,114.000000
26.396283	0.640	144,882.000000
26.406950	0.640	143,203.000000
26.417617	0.640	147,930.000000
26.428283	0.640	159,706.000000
26.438950	0.640	179,237.000000
26.449617	0.640	208,952.000000
26.460283	0.640	252,437.000000
26.470950	0.640	319,597.000000
26.481617	0.640	420,731.000000
26.492283	0.640	536,816.000000
26.502950	0.640	607,405.000000
26.513617	0.640	576,104.000000
26.524283	0.640	454,030.000000
26.534950	0.640	316,014.000000
26.545617	0.640	226,867.000000
26.556283	0.640	193,153.000000
26.566950	0.640	184,407.000000
26.577617	0.640	176,530.000000
26.588283	0.640	168,453.000000
26.598950	0.640	167,958.000000
26.609617	0.640	174,330.000000
26.620283	0.640	176,921.000000
26.630950	0.640	167,079.000000
26.641617	0.640	149,241.000000
26.652283	0.640	136,061.000000
26.662950	0.640	134,100.000000
26.673617	0.640	141,053.000000
26.684283	0.640	154,299.000000
26.694950	0.640	174,633.000000
26.705617	0.640	200,816.000000
26.716283	0.640	224,836.000000
26.726950	0.640	238,721.000000
26.737617	0.640	241,463.000000
26.748283	0.640	234,278.000000
26.758950	0.640	220,895.000000
26.769617	0.640	212,021.000000
26.780283	0.640	216,584.000000
26.790950	0.640	232,314.000000
26.801617	0.640	252,070.000000
26.812283	0.640	277,984.000000
26.822950	0.640	329,383.000000
26.833617	0.640	428,872.000000
26.844283	0.640	566,358.000000
26.854950	0.640	685,340.000000
26.865617	0.640	721,045.000000
26.876283	0.640	656,651.000000
26.886950	0.640	549,611.000000
26.897617	0.640	493,783.000000
26.908283	0.640	524,700.000000
26.918950	0.640	572,317.000000
26.929617	0.640	551,835.000000
26.940283	0.640	470,174.000000
26.950950	0.640	391,620.000000
26.961617	0.640	350,417.000000
26.972283	0.640	340,601.000000
26.982950	0.640	348,978.000000
26.993617	0.640	369,359.000000
27.004283	0.640	408,446.000000
27.014950	0.640	506,343.000000
27.025617	0.640	706,317.000000
27.036283	0.640	933,181.000000
27.046950	0.640	1,008,961.000000
27.057617	0.640	904,863.000000
27.068283	0.640	795,044.000000
27.078950	0.640	773,329.000000
27.089617	0.640	759,392.000000
27.100283	0.640	713,823.000000
27.110950	0.640	712,026.000000
27.121617	0.640	831,523.000000
27.132283	0.640	1,173,346.000000
27.142950	0.640	1,819,749.000000
27.153617	0.640	2,482,226.000000
27.164283	0.640	2,604,239.000000
27.174950	0.640	2,137,493.000000
27.185617	0.640	1,647,963.000000
27.196283	0.640	1,534,807.000000
27.206950	0.640	1,725,939.000000
27.217617	0.640	2,095,251.000000
27.228283	0.640	2,822,473.000000
27.238950	0.640	4,663,548.000000
27.249617	0.640	8,802,550.000000
27.260283	0.640	14,583,847.000000
27.270950	0.640	17,610,871.000000
27.281617	0.640	14,248,265.000000
27.292283	0.640	7,261,925.000000
27.302950	0.640	2,223,633.000000
27.313617	0.640	725,354.000000
27.324283	0.640	790,660.000000
27.334950	0.640	816,822.000000
27.345617	0.640	632,980.000000
27.356283	0.640	500,460.000000
27.366950	0.640	516,535.000000
27.377617	0.640	624,941.000000
27.388283	0.640	699,039.000000
27.398950	0.640	649,690.000000
27.409617	0.640	530,811.000000
27.420283	0.640	444,903.000000
27.430950	0.640	400,151.000000
27.441617	0.640	358,381.000000
27.452283	0.640	319,940.000000
27.462950	0.640	303,269.000000
27.473617	0.640	311,440.000000
27.484283	0.640	334,359.000000
27.494950	0.640	366,870.000000
27.505617	0.640	420,695.000000
27.516283	0.640	490,615.000000
27.526950	0.640	520,791.000000
27.537617	0.640	469,940.000000
27.548283	0.640	387,088.000000
27.558950	0.640	350,858.000000
27.569617	0.640	374,335.000000
27.580283	0.640	418,350.000000
27.590950	0.640	452,953.000000
27.601617	0.640	478,120.000000
27.612283	0.640	508,700.000000
27.622950	0.640	557,943.000000
27.633617	0.640	636,018.000000
27.644283	0.640	757,986.000000
27.654950	0.640	935,265.000000
27.665617	0.640	1,125,458.000000
27.676283	0.640	1,209,196.000000
27.686950	0.640	1,094,016.000000
27.697617	0.640	824,570.000000
27.708283	0.640	529,993.000000
27.718950	0.640	311,657.000000
27.729617	0.640	206,495.000000
27.740283	0.640	217,070.000000
27.750950	0.640	363,319.000000
27.761617	0.640	633,881.000000
27.772283	0.640	859,061.000000
27.782950	0.640	818,695.000000
27.793617	0.640	537,050.000000
27.804283	0.640	259,605.000000
27.814950	0.640	136,151.000000
27.825617	0.640	120,055.000000
27.836283	0.640	124,520.000000
27.846950	0.640	121,567.000000
27.857617	0.640	117,462.000000
27.868283	0.640	117,955.000000
27.878950	0.640	122,109.000000
27.889617	0.640	126,383.000000
27.900283	0.640	130,241.000000
27.910950	0.640	136,622.000000
27.921617	0.640	145,739.000000
27.932283	0.640	153,919.000000
27.942950	0.640	159,686.000000
27.953617	0.640	165,444.000000
27.964283	0.640	173,989.000000
27.974950	0.640	185,690.000000
27.985617	0.640	196,178.000000
27.996283	0.640	199,412.000000
28.006950	0.640	195,960.000000
28.017617	0.640	191,413.000000
28.028283	0.640	188,564.000000
28.038950	0.640	189,636.000000
28.049617	0.640	198,284.000000
28.060283	0.640	213,004.000000
28.070950	0.640	225,003.000000
28.081617	0.640	224,666.000000
28.092283	0.640	208,762.000000
28.102950	0.640	182,067.000000
28.113617	0.640	153,681.000000
28.124283	0.640	131,446.000000
28.134950	0.640	118,713.000000
28.145617	0.640	114,328.000000
28.156283	0.640	113,743.000000
28.166950	0.640	112,588.000000
28.177617	0.640	109,850.000000
28.188283	0.640	108,681.000000
28.198950	0.640	115,555.000000
28.209617	0.640	134,800.000000
28.220283	0.640	160,891.000000
28.230950	0.640	178,936.000000
28.241617	0.640	176,757.000000
28.252283	0.640	155,269.000000
28.262950	0.640	127,941.000000
28.273617	0.640	109,800.000000
28.284283	0.640	103,984.000000
28.294950	0.640	104,355.000000
28.305617	0.640	106,955.000000
28.316283	0.640	108,682.000000
28.326950	0.640	105,885.000000
28.337617	0.640	101,732.000000
28.348283	0.640	103,266.000000
28.358950	0.640	111,692.000000
28.369617	0.640	122,811.000000
28.380283	0.640	130,334.000000
28.390950	0.640	128,078.000000
28.401617	0.640	116,232.000000
28.412283	0.640	102,540.000000
28.422950	0.640	94,452.000000
28.433617	0.640	93,264.000000
28.444283	0.640	95,833.000000
28.454950	0.640	99,668.000000
28.465617	0.640	104,518.000000
28.476283	0.640	109,909.000000
28.486950	0.640	114,456.000000
28.497617	0.640	118,069.000000
28.508283	0.640	121,948.000000
28.518950	0.640	125,822.000000
28.529617	0.640	127,979.000000
28.540283	0.640	128,870.000000
28.550950	0.640	132,506.000000
28.561617	0.640	141,900.000000
28.572283	0.640	156,263.000000
28.582950	0.640	177,886.000000
28.593617	0.640	216,669.000000
28.604283	0.640	275,181.000000
28.614950	0.640	324,744.000000
28.625617	0.640	319,249.000000
28.636283	0.640	252,277.000000
28.646950	0.640	170,261.000000
28.657617	0.640	114,496.000000
28.668283	0.640	85,995.000000
28.678950	0.640	68,921.000000
28.689617	0.640	55,725.000000
28.700283	0.640	46,568.000000
28.710950	0.640	48,068.000000
28.721617	0.640	69,612.000000
28.732283	0.640	93,936.000000
28.742950	0.640	85,134.000000
28.753617	0.640	48,236.000000
28.764283	0.640	21,936.000000
28.774950	0.640	18,313.000000
28.785617	0.640	20,771.000000
28.796283	0.640	18,711.000000
28.806950	0.640	14,931.000000
28.817617	0.640	12,899.000000
28.828283	0.640	12,284.000000
28.838950	0.640	12,105.000000
28.849617	0.640	11,432.000000
28.860283	0.640	10,159.000000
28.870950	0.640	9,461.000000
28.881617	0.640	9,772.000000
28.892283	0.640	10,350.000000
28.902950	0.640	10,493.000000
28.913617	0.640	9,777.000000
28.924283	0.640	8,529.000000
28.934950	0.640	7,949.000000
28.945617	0.640	8,136.000000
28.956283	0.640	8,000.000000
28.966950	0.640	7,423.000000
28.977617	0.640	6,803.000000
28.988283	0.640	6,359.000000
28.998950	0.640	6,416.000000
29.009617	0.640	6,534.000000
29.020283	0.640	5,968.000000
29.030950	0.640	4,808.000000
29.041617	0.640	3,825.000000
29.052283	0.640	4,024.000000
29.062950	0.640	5,133.000000
29.073617	0.640	5,382.000000
29.084283	0.640	4,612.000000
29.094950	0.640	4,247.000000
29.105617	0.640	3,866.000000
29.116283	0.640	2,483.000000
29.126950	0.640	1,570.000000
29.137617	0.640	2,346.000000
29.148283	0.640	3,133.000000
29.158950	0.640	2,940.000000
29.169617	0.640	3,148.000000
29.180283	0.640	3,972.000000
29.190950	0.640	4,155.000000
29.201617	0.640	3,634.000000
29.212283	0.640	3,529.000000
29.222950	0.640	4,295.000000
29.233617	0.640	4,842.000000
29.244283	0.640	4,385.000000
29.254950	0.640	3,872.000000
29.265617	0.640	3,529.000000
29.276283	0.640	2,389.000000
29.286950	0.640	1,003.000000
29.297617	0.640	829.000000
29.308283	0.640	2,027.000000
29.318950	0.640	3,374.000000
29.329617	0.640	3,812.000000
29.340283	0.640	4,070.000000
29.350950	0.640	4,857.000000
29.361617	0.640	4,730.000000
29.372283	0.640	3,022.000000
29.382950	0.640	1,660.000000
29.393617	0.640	2,039.000000
29.404283	0.640	3,138.000000
29.414950	0.640	3,025.000000
29.425617	0.640	1,237.000000
29.436283	0.640	-446.000000
29.446950	0.640	-150.000000
29.457617	0.640	1,709.000000
29.468283	0.640	2,994.000000
29.478950	0.640	2,534.000000
29.489617	0.640	1,368.000000
29.500283	0.640	683.000000
29.510950	0.640	457.000000
29.521617	0.640	1,022.000000
29.532283	0.640	2,313.000000
29.542950	0.640	2,654.000000
29.553617	0.640	1,748.000000
29.564283	0.640	1,210.000000
29.574950	0.640	1,564.000000
29.585617	0.640	1,889.000000
29.596283	0.640	1,163.000000
29.606950	0.640	-405.000000
29.617617	0.640	-1,333.000000
29.628283	0.640	-1,008.000000
29.638950	0.640	64.000000
29.649617	0.640	1,355.000000
29.660283	0.640	1,788.000000
29.670950	0.640	964.000000
29.681617	0.640	442.000000
29.692283	0.640	954.000000
29.702950	0.640	918.000000
29.713617	0.640	-488.000000
29.724283	0.640	-1,340.000000
29.734950	0.640	-106.000000
29.745617	0.640	1,765.000000
29.756283	0.640	2,751.000000
29.766950	0.640	3,058.000000
29.777617	0.640	2,618.000000
29.788283	0.640	1,356.000000
29.798950	0.640	704.000000
29.809617	0.640	1,825.000000
29.820283	0.640	3,505.000000
29.830950	0.640	3,761.000000
29.841617	0.640	2,352.000000
29.852283	0.640	1,036.000000
29.862950	0.640	1,612.000000
29.873617	0.640	3,081.000000
29.884283	0.640	2,876.000000
29.894950	0.640	848.000000
29.905617	0.640	-870.000000
29.916283	0.640	-721.000000
29.926950	0.640	528.000000
29.937617	0.640	1,072.000000
29.948283	0.640	1,146.000000
29.958950	0.640	1,953.000000
29.969617	0.640	2,538.000000
29.980283	0.640	1,702.000000
29.990950	0.640	588.000000
30.001617	0.640	4.000000
