File Path	chrom://nnfcb-l0495/ChromeleonLocal/20180320_AA_Lars Nielsen samples Vienna_lbpet.seq/380.smp/Emission_2.channel/Emission_2.chm
Channel	Emission_2

Injection Information:
Data Vault	ChromeleonLocal
Injection	20180320_Lars Nielsen samples Vienna_dx20_BB5
Injection Number	30
Position	BB5
Comment	
Processing Method	20171024_Calculated with IS_lbpet
Instrument Method	20161104_AA_GeminiC18_FinalVer7
Type	Unknown
Status	Finished
Injection Date	21-03-2018
Injection Time	04:05:07
Injection Volume (µl)	56.500
Dilution Factor	1.0000
Weight	1.0000

Raw Data Information:
Time Min. (min)	0.007833
Time Max. (min)	30.005500
Data Points	2849
Detector	FLD
Exporting Data System	Chromeleon 7.1.2.1478
Operator	
Signal Quantity	
Signal Unit	counts
Signal Min.	-21,507.000000
Signal Max.	249,322,809.000000
Channel	Emission_2
Driver Name	FLD3000.dll
Channel Type	Evaluation
Min. Step (s)	0.010
Max. Step (s)	0.820
Average Step (s)	0.632

Signal Parameter Information:
Signal Info	266 nm /305 nm

Raw Data:
Time (min)	Step (s)	Value (counts)
0.007833	0.000	0.000000
0.021500	0.820	0.000000
0.032167	0.640	0.000000
0.042833	0.640	941.000000
0.053500	0.640	2,257.000000
0.064167	0.640	528.000000
0.074833	0.640	-2,708.000000
0.085500	0.640	-2,775.000000
0.096167	0.640	-1,876.000000
0.106833	0.640	-3,534.000000
0.117500	0.640	-4,578.000000
0.128167	0.640	-3,424.000000
0.138833	0.640	-2,943.000000
0.149500	0.640	-1,835.000000
0.160167	0.640	1,335.000000
0.170833	0.640	3,233.000000
0.181500	0.640	1,453.000000
0.192167	0.640	-2,751.000000
0.202833	0.640	-3,659.000000
0.213500	0.640	1,976.000000
0.224167	0.640	5,818.000000
0.234833	0.640	1.000000
0.245500	0.640	-7,823.000000
0.256167	0.640	-7,027.000000
0.266833	0.640	-2,099.000000
0.277500	0.640	-2,707.000000
0.288167	0.640	-6,559.000000
0.298833	0.640	-5,730.000000
0.309500	0.640	-905.000000
0.320167	0.640	1,862.000000
0.330833	0.640	2,080.000000
0.341500	0.640	2,379.000000
0.352167	0.640	1,423.000000
0.362833	0.640	-1,347.000000
0.373500	0.640	-664.000000
0.384167	0.640	5,888.000000
0.394833	0.640	12,280.000000
0.405500	0.640	12,338.000000
0.416167	0.640	6,467.000000
0.426833	0.640	971.000000
0.437500	0.640	719.000000
0.448167	0.640	1,620.000000
0.458833	0.640	-1,686.000000
0.469500	0.640	-5,201.000000
0.480167	0.640	-2,895.000000
0.490833	0.640	2,990.000000
0.501500	0.640	5,788.000000
0.512167	0.640	3,120.000000
0.522833	0.640	-918.000000
0.533500	0.640	-1,809.000000
0.544167	0.640	-280.000000
0.554833	0.640	968.000000
0.565500	0.640	1,792.000000
0.576167	0.640	2,021.000000
0.586833	0.640	-40.000000
0.597500	0.640	-3,087.000000
0.608167	0.640	-3,544.000000
0.618833	0.640	-1,165.000000
0.629500	0.640	801.000000
0.640167	0.640	-326.000000
0.650833	0.640	-3,134.000000
0.661500	0.640	-3,758.000000
0.672167	0.640	-150.000000
0.682833	0.640	5,109.000000
0.693500	0.640	6,365.000000
0.704167	0.640	3,156.000000
0.714833	0.640	-152.000000
0.725500	0.640	-1,935.000000
0.736167	0.640	-1,551.000000
0.746833	0.640	1,881.000000
0.757500	0.640	6,030.000000
0.768167	0.640	7,534.000000
0.778833	0.640	6,666.000000
0.789500	0.640	6,959.000000
0.800167	0.640	9,373.000000
0.810833	0.640	8,888.000000
0.821500	0.640	3,507.000000
0.832167	0.640	-525.000000
0.842833	0.640	-1,684.000000
0.853500	0.640	-4,085.000000
0.864167	0.640	-5,581.000000
0.874833	0.640	-2,964.000000
0.885500	0.640	1,575.000000
0.896167	0.640	4,780.000000
0.906833	0.640	4,604.000000
0.917500	0.640	1,791.000000
0.928167	0.640	282.000000
0.938833	0.640	2,130.000000
0.949500	0.640	3,920.000000
0.960167	0.640	2,370.000000
0.970833	0.640	-147.000000
0.981500	0.640	-1,090.000000
0.992167	0.640	-1,626.000000
1.002833	0.640	-1,926.000000
1.013500	0.640	-187.000000
1.024167	0.640	2,981.000000
1.034833	0.640	3,761.000000
1.045500	0.640	1,238.000000
1.056167	0.640	-1,016.000000
1.066833	0.640	-1,717.000000
1.077500	0.640	-3,209.000000
1.088167	0.640	-7,785.000000
1.098833	0.640	-13,697.000000
1.109500	0.640	-14,612.000000
1.120167	0.640	-8,765.000000
1.130833	0.640	-2,240.000000
1.141500	0.640	-248.000000
1.152167	0.640	-2,634.000000
1.162833	0.640	-4,866.000000
1.173500	0.640	-3,721.000000
1.184167	0.640	-2,354.000000
1.194833	0.640	-3,377.000000
1.205500	0.640	-3,803.000000
1.216167	0.640	-172.000000
1.226833	0.640	5,639.000000
1.237500	0.640	7,540.000000
1.248167	0.640	5,163.000000
1.258833	0.640	3,035.000000
1.269500	0.640	880.000000
1.280167	0.640	-1,885.000000
1.290833	0.640	-2,802.000000
1.301500	0.640	-2,562.000000
1.312167	0.640	-4,111.000000
1.322833	0.640	-7,450.000000
1.333500	0.640	-9,039.000000
1.344167	0.640	-6,237.000000
1.354833	0.640	-571.000000
1.365500	0.640	3,883.000000
1.376167	0.640	3,029.000000
1.386833	0.640	-2,991.000000
1.397500	0.640	-6,440.000000
1.408167	0.640	-1,142.000000
1.418833	0.640	6,653.000000
1.429500	0.640	7,898.000000
1.440167	0.640	4,761.000000
1.450833	0.640	3,765.000000
1.461500	0.640	2,630.000000
1.472167	0.640	-2,687.000000
1.482833	0.640	-6,864.000000
1.493500	0.640	-4,877.000000
1.504167	0.640	646.000000
1.514833	0.640	5,515.000000
1.525500	0.640	5,893.000000
1.536167	0.640	27.000000
1.546833	0.640	-6,952.000000
1.557500	0.640	-6,894.000000
1.568167	0.640	808.000000
1.578833	0.640	9,127.000000
1.589500	0.640	12,341.000000
1.600167	0.640	9,265.000000
1.610833	0.640	3,184.000000
1.621500	0.640	57.000000
1.632167	0.640	344.000000
1.642833	0.640	-1,148.000000
1.653500	0.640	-3,002.000000
1.664167	0.640	-742.000000
1.674833	0.640	1,073.000000
1.685500	0.640	-1,755.000000
1.696167	0.640	-4,625.000000
1.706833	0.640	-4,278.000000
1.717500	0.640	-2,811.000000
1.728167	0.640	-159.000000
1.738833	0.640	5,602.000000
1.749500	0.640	10,912.000000
1.760167	0.640	10,532.000000
1.770833	0.640	7,664.000000
1.781500	0.640	7,918.000000
1.792167	0.640	9,188.000000
1.802833	0.640	9,587.000000
1.813500	0.640	10,749.000000
1.824167	0.640	9,376.000000
1.834833	0.640	3,973.000000
1.845500	0.640	1,633.000000
1.856167	0.640	5,702.000000
1.866833	0.640	11,272.000000
1.877500	0.640	14,356.000000
1.888167	0.640	14,529.000000
1.898833	0.640	12,819.000000
1.909500	0.640	10,016.000000
1.920167	0.640	7,144.000000
1.930833	0.640	7,513.000000
1.941500	0.640	11,266.000000
1.952167	0.640	12,368.000000
1.962833	0.640	8,699.000000
1.973500	0.640	5,202.000000
1.984167	0.640	4,258.000000
1.994833	0.640	3,865.000000
2.005500	0.640	3,854.000000
2.016167	0.640	5,628.000000
2.026833	0.640	8,101.000000
2.037500	0.640	7,915.000000
2.048167	0.640	3,625.000000
2.058833	0.640	47.000000
2.069500	0.640	2,924.000000
2.080167	0.640	8,759.000000
2.090833	0.640	10,285.000000
2.101500	0.640	7,095.000000
2.112167	0.640	2,880.000000
2.122833	0.640	1,248.000000
2.133500	0.640	4,019.000000
2.144167	0.640	8,144.000000
2.154833	0.640	9,649.000000
2.165500	0.640	9,083.000000
2.176167	0.640	9,482.000000
2.186833	0.640	11,071.000000
2.197500	0.640	10,341.000000
2.208167	0.640	7,847.000000
2.218833	0.640	8,910.000000
2.229500	0.640	10,928.000000
2.240167	0.640	6,434.000000
2.250833	0.640	-710.000000
2.261500	0.640	1,363.000000
2.272167	0.640	15,492.000000
2.282833	0.640	28,739.000000
2.293500	0.640	28,490.000000
2.304167	0.640	19,420.000000
2.314833	0.640	11,941.000000
2.325500	0.640	9,475.000000
2.336167	0.640	10,942.000000
2.346833	0.640	12,442.000000
2.357500	0.640	11,633.000000
2.368167	0.640	10,317.000000
2.378833	0.640	10,483.000000
2.389500	0.640	10,870.000000
2.400167	0.640	8,363.000000
2.410833	0.640	4,867.000000
2.421500	0.640	5,493.000000
2.432167	0.640	9,244.000000
2.442883	0.643	12,224.000000
2.453500	0.637	13,947.000000
2.464167	0.640	13,786.000000
2.474833	0.640	11,072.000000
2.485500	0.640	8,422.000000
2.496167	0.640	7,820.000000
2.506833	0.640	6,979.000000
2.517500	0.640	3,762.000000
2.528167	0.640	89.000000
2.538833	0.640	-2,477.000000
2.549500	0.640	-3,786.000000
2.560167	0.640	-1,751.000000
2.570833	0.640	3,329.000000
2.581500	0.640	6,380.000000
2.592167	0.640	4,879.000000
2.602833	0.640	3,429.000000
2.613500	0.640	6,726.000000
2.624167	0.640	11,297.000000
2.634833	0.640	9,977.000000
2.645500	0.640	1,976.000000
2.656167	0.640	-5,823.000000
2.666833	0.640	-7,149.000000
2.677500	0.640	-2,090.000000
2.688167	0.640	5,397.000000
2.698833	0.640	9,340.000000
2.709500	0.640	6,511.000000
2.720167	0.640	2,466.000000
2.730833	0.640	2,416.000000
2.741500	0.640	2,529.000000
2.752167	0.640	-75.000000
2.762833	0.640	-1,481.000000
2.773500	0.640	-786.000000
2.784167	0.640	-1,038.000000
2.794833	0.640	-419.000000
2.805500	0.640	4,155.000000
2.816167	0.640	8,899.000000
2.826833	0.640	8,080.000000
2.837500	0.640	3,750.000000
2.848167	0.640	1,527.000000
2.858833	0.640	829.000000
2.869500	0.640	-1,094.000000
2.880167	0.640	-3,606.000000
2.890833	0.640	-5,438.000000
2.901500	0.640	-5,216.000000
2.912167	0.640	-2,347.000000
2.922833	0.640	-505.000000
2.933500	0.640	-2,459.000000
2.944167	0.640	-3,238.000000
2.954833	0.640	1,637.000000
2.965500	0.640	7,798.000000
2.976167	0.640	10,272.000000
2.986833	0.640	10,245.000000
2.997500	0.640	10,570.000000
3.008167	0.640	10,591.000000
3.018833	0.640	6,027.000000
3.029500	0.640	-2,186.000000
3.040167	0.640	-5,775.000000
3.050833	0.640	-1,907.000000
3.061500	0.640	4,729.000000
3.072167	0.640	9,646.000000
3.082833	0.640	9,923.000000
3.093500	0.640	5,893.000000
3.104167	0.640	1,795.000000
3.114833	0.640	-256.000000
3.125500	0.640	-2,078.000000
3.136167	0.640	-3,932.000000
3.146833	0.640	-3,151.000000
3.157500	0.640	1,945.000000
3.168167	0.640	7,135.000000
3.178833	0.640	5,710.000000
3.189500	0.640	302.000000
3.200167	0.640	-1,301.000000
3.210833	0.640	1,565.000000
3.221500	0.640	5,926.000000
3.232167	0.640	7,564.000000
3.242833	0.640	1,604.000000
3.253500	0.640	-7,366.000000
3.264167	0.640	-9,312.000000
3.274833	0.640	-3,638.000000
3.285500	0.640	882.000000
3.296167	0.640	-2,227.000000
3.306833	0.640	-6,923.000000
3.317500	0.640	-4,392.000000
3.328167	0.640	775.000000
3.338833	0.640	1,041.000000
3.349500	0.640	-1,282.000000
3.360167	0.640	-1,540.000000
3.370833	0.640	-980.000000
3.381500	0.640	-2,962.000000
3.392167	0.640	-4,418.000000
3.402833	0.640	-877.000000
3.413500	0.640	3,999.000000
3.424167	0.640	4,963.000000
3.434833	0.640	3,085.000000
3.445500	0.640	1,680.000000
3.456167	0.640	59.000000
3.466833	0.640	-2,709.000000
3.477500	0.640	-2,104.000000
3.488167	0.640	2,207.000000
3.498833	0.640	3,018.000000
3.509500	0.640	495.000000
3.520167	0.640	1,374.000000
3.530833	0.640	5,332.000000
3.541500	0.640	7,217.000000
3.552167	0.640	4,332.000000
3.562833	0.640	-2,583.000000
3.573500	0.640	-9,228.000000
3.584167	0.640	-10,057.000000
3.594833	0.640	-3,575.000000
3.605500	0.640	3,370.000000
3.616167	0.640	2,515.000000
3.626833	0.640	-3,627.000000
3.637500	0.640	-7,699.000000
3.648167	0.640	-8,797.000000
3.658833	0.640	-8,243.000000
3.669500	0.640	-5,147.000000
3.680167	0.640	-133.000000
3.690833	0.640	3,887.000000
3.701500	0.640	4,426.000000
3.712167	0.640	1,510.000000
3.722833	0.640	-874.000000
3.733500	0.640	387.000000
3.744167	0.640	2,880.000000
3.754833	0.640	2,925.000000
3.765500	0.640	-516.000000
3.776167	0.640	-5,430.000000
3.786833	0.640	-8,268.000000
3.797500	0.640	-7,033.000000
3.808167	0.640	-4,205.000000
3.818833	0.640	-2,286.000000
3.829500	0.640	1,688.000000
3.840167	0.640	6,061.000000
3.850833	0.640	3,828.000000
3.861500	0.640	-1,690.000000
3.872167	0.640	-1,283.000000
3.882833	0.640	3,514.000000
3.893500	0.640	4,715.000000
3.904167	0.640	2,879.000000
3.914833	0.640	3,691.000000
3.925500	0.640	4,923.000000
3.936167	0.640	-87.000000
3.946833	0.640	-7,653.000000
3.957500	0.640	-7,648.000000
3.968167	0.640	-2,319.000000
3.978833	0.640	-274.000000
3.989500	0.640	-881.000000
4.000167	0.640	-690.000000
4.010833	0.640	-77.000000
4.021500	0.640	-219.000000
4.032167	0.640	-557.000000
4.042833	0.640	649.000000
4.053500	0.640	2,050.000000
4.064167	0.640	333.000000
4.074833	0.640	-2,554.000000
4.085500	0.640	-1,665.000000
4.096167	0.640	1,212.000000
4.106833	0.640	298.000000
4.117500	0.640	-4,001.000000
4.128167	0.640	-7,758.000000
4.138833	0.640	-10,033.000000
4.149500	0.640	-10,607.000000
4.160167	0.640	-6,631.000000
4.170833	0.640	3,253.000000
4.181500	0.640	10,397.000000
4.192167	0.640	5,559.000000
4.202833	0.640	-4,154.000000
4.213500	0.640	-7,314.000000
4.224167	0.640	-5,482.000000
4.234833	0.640	-5,060.000000
4.245500	0.640	-6,112.000000
4.256167	0.640	-5,240.000000
4.266833	0.640	-3,762.000000
4.277500	0.640	-6,299.000000
4.288167	0.640	-10,179.000000
4.298833	0.640	-8,791.000000
4.309500	0.640	-3,922.000000
4.320167	0.640	-1,619.000000
4.330833	0.640	-3,419.000000
4.341500	0.640	-7,661.000000
4.352167	0.640	-10,495.000000
4.362833	0.640	-8,040.000000
4.373500	0.640	-2,697.000000
4.384167	0.640	-225.000000
4.394833	0.640	-214.000000
4.405500	0.640	2,407.000000
4.416167	0.640	5,724.000000
4.426833	0.640	2,404.000000
4.437500	0.640	-4,912.000000
4.448167	0.640	-7,262.000000
4.458833	0.640	-5,370.000000
4.469500	0.640	-5,063.000000
4.480167	0.640	-5,732.000000
4.490833	0.640	-4,170.000000
4.501500	0.640	-1,283.000000
4.512167	0.640	-452.000000
4.522833	0.640	-2,747.000000
4.533500	0.640	-5,462.000000
4.544167	0.640	-7,278.000000
4.554833	0.640	-8,303.000000
4.565500	0.640	-5,029.000000
4.576167	0.640	948.000000
4.586833	0.640	1,738.000000
4.597500	0.640	-662.000000
4.608167	0.640	-448.000000
4.618833	0.640	-1,937.000000
4.629500	0.640	-7,813.000000
4.640167	0.640	-11,305.000000
4.650833	0.640	-7,893.000000
4.661500	0.640	-1,854.000000
4.672167	0.640	326.000000
4.682833	0.640	-1,945.000000
4.693500	0.640	-3,809.000000
4.704167	0.640	-2,466.000000
4.714833	0.640	94.000000
4.725500	0.640	1,150.000000
4.736167	0.640	358.000000
4.746833	0.640	-1,502.000000
4.757500	0.640	-4,522.000000
4.768167	0.640	-6,000.000000
4.778833	0.640	-3,039.000000
4.789500	0.640	-1,786.000000
4.800167	0.640	-7,954.000000
4.810833	0.640	-14,786.000000
4.821500	0.640	-15,811.000000
4.832167	0.640	-14,537.000000
4.842833	0.640	-15,327.000000
4.853500	0.640	-17,977.000000
4.864167	0.640	-19,003.000000
4.874833	0.640	-15,546.000000
4.885500	0.640	-9,798.000000
4.896167	0.640	-6,081.000000
4.906833	0.640	-6,191.000000
4.917500	0.640	-8,676.000000
4.928167	0.640	-11,722.000000
4.938833	0.640	-14,110.000000
4.949500	0.640	-9,794.000000
4.960167	0.640	7,383.000000
4.970833	0.640	36,615.000000
4.981500	0.640	78,305.000000
4.992167	0.640	129,464.000000
5.002833	0.640	173,784.000000
5.013500	0.640	195,593.000000
5.024167	0.640	191,712.000000
5.034833	0.640	169,457.000000
5.045500	0.640	141,608.000000
5.056167	0.640	118,753.000000
5.066833	0.640	103,788.000000
5.077500	0.640	89,901.000000
5.088167	0.640	69,982.000000
5.098833	0.640	50,703.000000
5.109500	0.640	41,519.000000
5.120167	0.640	36,679.000000
5.130833	0.640	27,915.000000
5.141500	0.640	18,080.000000
5.152167	0.640	10,114.000000
5.162833	0.640	4,331.000000
5.173500	0.640	2,920.000000
5.184167	0.640	3,243.000000
5.194833	0.640	636.000000
5.205500	0.640	-3,953.000000
5.216167	0.640	-7,714.000000
5.226833	0.640	-9,020.000000
5.237500	0.640	-6,814.000000
5.248167	0.640	-3,276.000000
5.258833	0.640	-3,802.000000
5.269500	0.640	-8,499.000000
5.280167	0.640	-10,679.000000
5.290833	0.640	-7,266.000000
5.301500	0.640	-2,518.000000
5.312167	0.640	-574.000000
5.322833	0.640	-253.000000
5.333500	0.640	-78.000000
5.344167	0.640	-1,271.000000
5.354833	0.640	-3,474.000000
5.365500	0.640	-5,426.000000
5.376167	0.640	-8,155.000000
5.386833	0.640	-11,789.000000
5.397500	0.640	-12,273.000000
5.408167	0.640	-7,517.000000
5.418833	0.640	-2,264.000000
5.429500	0.640	-1,132.000000
5.440167	0.640	-5,000.000000
5.450833	0.640	-11,957.000000
5.461500	0.640	-14,505.000000
5.472167	0.640	-9,591.000000
5.482833	0.640	-6,797.000000
5.493500	0.640	-10,550.000000
5.504167	0.640	-13,163.000000
5.514833	0.640	-11,671.000000
5.525500	0.640	-11,015.000000
5.536167	0.640	-11,649.000000
5.546833	0.640	-9,432.000000
5.557500	0.640	-5,291.000000
5.568167	0.640	-2,663.000000
5.578833	0.640	-1,605.000000
5.589500	0.640	-886.000000
5.600167	0.640	-560.000000
5.610833	0.640	-2,477.000000
5.621500	0.640	-5,819.000000
5.632167	0.640	-7,746.000000
5.642833	0.640	-9,524.000000
5.653500	0.640	-11,761.000000
5.664167	0.640	-12,241.000000
5.674833	0.640	-10,987.000000
5.685500	0.640	-9,166.000000
5.696167	0.640	-7,044.000000
5.706833	0.640	-3,287.000000
5.717500	0.640	1,114.000000
5.728167	0.640	460.000000
5.738833	0.640	-4,049.000000
5.749500	0.640	-4,703.000000
5.760167	0.640	-3,320.000000
5.770833	0.640	-6,391.000000
5.781500	0.640	-10,953.000000
5.792167	0.640	-10,586.000000
5.802833	0.640	-6,807.000000
5.813500	0.640	-5,203.000000
5.824167	0.640	-5,411.000000
5.834833	0.640	-4,093.000000
5.845500	0.640	-3,245.000000
5.856167	0.640	-5,959.000000
5.866833	0.640	-9,368.000000
5.877500	0.640	-9,270.000000
5.888167	0.640	-7,193.000000
5.898833	0.640	-6,237.000000
5.909500	0.640	-5,913.000000
5.920167	0.640	-6,395.000000
5.930833	0.640	-8,085.000000
5.941500	0.640	-7,860.000000
5.952167	0.640	-5,327.000000
5.962833	0.640	-4,854.000000
5.973500	0.640	-6,166.000000
5.984167	0.640	-4,490.000000
5.994833	0.640	-752.000000
6.005500	0.640	149.000000
6.016167	0.640	-2,512.000000
6.026833	0.640	-6,311.000000
6.037500	0.640	-8,905.000000
6.048167	0.640	-8,299.000000
6.058833	0.640	-3,908.000000
6.069500	0.640	1,430.000000
6.080167	0.640	3,739.000000
6.090833	0.640	2,936.000000
6.101500	0.640	1,061.000000
6.112167	0.640	-1,252.000000
6.122833	0.640	-2,853.000000
6.133500	0.640	-3,090.000000
6.144167	0.640	-4,356.000000
6.154833	0.640	-6,156.000000
6.165500	0.640	-5,244.000000
6.176167	0.640	-5,410.000000
6.186833	0.640	-9,505.000000
6.197500	0.640	-9,510.000000
6.208167	0.640	-4,756.000000
6.218833	0.640	-7,162.000000
6.229500	0.640	-15,338.000000
6.240167	0.640	-15,863.000000
6.250833	0.640	-8,745.000000
6.261500	0.640	-4,534.000000
6.272167	0.640	-6,927.000000
6.282833	0.640	-11,166.000000
6.293500	0.640	-11,968.000000
6.304167	0.640	-7,412.000000
6.314833	0.640	-200.000000
6.325500	0.640	1,796.000000
6.336167	0.640	-3,806.000000
6.346833	0.640	-7,140.000000
6.357500	0.640	-3,129.000000
6.368167	0.640	-1,495.000000
6.378833	0.640	-7,458.000000
6.389500	0.640	-12,248.000000
6.400167	0.640	-11,017.000000
6.410833	0.640	-9,643.000000
6.421500	0.640	-10,485.000000
6.432167	0.640	-7,594.000000
6.442833	0.640	56.000000
6.453500	0.640	4,058.000000
6.464167	0.640	78.000000
6.474833	0.640	-6,362.000000
6.485500	0.640	-8,899.000000
6.496167	0.640	-7,729.000000
6.506833	0.640	-6,997.000000
6.517500	0.640	-7,656.000000
6.528167	0.640	-7,615.000000
6.538833	0.640	-5,382.000000
6.549500	0.640	-1,760.000000
6.560167	0.640	-670.000000
6.570833	0.640	-3,541.000000
6.581500	0.640	-7,225.000000
6.592167	0.640	-9,527.000000
6.602833	0.640	-9,579.000000
6.613500	0.640	-7,142.000000
6.624167	0.640	-3,352.000000
6.634833	0.640	356.000000
6.645500	0.640	1,923.000000
6.656167	0.640	665.000000
6.666833	0.640	-432.000000
6.677500	0.640	-34.000000
6.688167	0.640	-1,178.000000
6.698833	0.640	-4,838.000000
6.709500	0.640	-7,679.000000
6.720167	0.640	-6,986.000000
6.730833	0.640	-4,651.000000
6.741500	0.640	-5,670.000000
6.752167	0.640	-11,272.000000
6.762833	0.640	-16,666.000000
6.773500	0.640	-17,329.000000
6.784167	0.640	-13,069.000000
6.794833	0.640	-5,137.000000
6.805500	0.640	4,252.000000
6.816167	0.640	8,411.000000
6.826833	0.640	2,634.000000
6.837500	0.640	-6,220.000000
6.848167	0.640	-8,539.000000
6.858833	0.640	-4,612.000000
6.869500	0.640	-605.000000
6.880167	0.640	-1,723.000000
6.890833	0.640	-8,185.000000
6.901500	0.640	-12,563.000000
6.912167	0.640	-9,781.000000
6.922833	0.640	-5,376.000000
6.933500	0.640	-4,126.000000
6.944167	0.640	-4,034.000000
6.954833	0.640	-5,142.000000
6.965500	0.640	-7,584.000000
6.976167	0.640	-8,385.000000
6.986833	0.640	-7,588.000000
6.997500	0.640	-6,076.000000
7.008167	0.640	-3,745.000000
7.018833	0.640	-4,043.000000
7.029500	0.640	-9,057.000000
7.040167	0.640	-12,777.000000
7.050833	0.640	-10,398.000000
7.061500	0.640	-6,859.000000
7.072167	0.640	-6,124.000000
7.082833	0.640	-6,033.000000
7.093500	0.640	-5,772.000000
7.104167	0.640	-5,493.000000
7.114833	0.640	-5,558.000000
7.125500	0.640	-7,246.000000
7.136167	0.640	-8,514.000000
7.146833	0.640	-7,475.000000
7.157500	0.640	-6,854.000000
7.168167	0.640	-7,090.000000
7.178833	0.640	-5,807.000000
7.189500	0.640	-4,770.000000
7.200167	0.640	-5,634.000000
7.210833	0.640	-5,146.000000
7.221500	0.640	-1,797.000000
7.232167	0.640	490.000000
7.242833	0.640	-2,019.000000
7.253500	0.640	-7,901.000000
7.264167	0.640	-11,760.000000
7.274833	0.640	-9,576.000000
7.285500	0.640	-4,249.000000
7.296167	0.640	-2,167.000000
7.306833	0.640	-4,567.000000
7.317500	0.640	-8,363.000000
7.328167	0.640	-9,120.000000
7.338833	0.640	-3,422.000000
7.349500	0.640	4,691.000000
7.360167	0.640	7,269.000000
7.370833	0.640	3,759.000000
7.381500	0.640	156.000000
7.392167	0.640	-626.000000
7.402833	0.640	-1,475.000000
7.413500	0.640	-6,145.000000
7.424167	0.640	-12,887.000000
7.434833	0.640	-15,045.000000
7.445500	0.640	-10,310.000000
7.456167	0.640	-3,425.000000
7.466833	0.640	1,558.000000
7.477500	0.640	3,709.000000
7.488167	0.640	3,159.000000
7.498833	0.640	1,351.000000
7.509500	0.640	-2,656.000000
7.520167	0.640	-9,752.000000
7.530833	0.640	-14,795.000000
7.541500	0.640	-13,878.000000
7.552167	0.640	-10,259.000000
7.562833	0.640	-9,175.000000
7.573500	0.640	-10,358.000000
7.584167	0.640	-9,577.000000
7.594833	0.640	-6,847.000000
7.605500	0.640	-3,944.000000
7.616167	0.640	-1,583.000000
7.626833	0.640	-2,537.000000
7.637500	0.640	-6,042.000000
7.648167	0.640	-7,549.000000
7.658833	0.640	-7,691.000000
7.669500	0.640	-9,564.000000
7.680167	0.640	-12,237.000000
7.690833	0.640	-11,192.000000
7.701500	0.640	-5,009.000000
7.712167	0.640	-782.000000
7.722833	0.640	-3,106.000000
7.733500	0.640	-8,019.000000
7.744167	0.640	-11,330.000000
7.754833	0.640	-10,811.000000
7.765500	0.640	-7,667.000000
7.776167	0.640	-6,300.000000
7.786833	0.640	-8,470.000000
7.797500	0.640	-11,245.000000
7.808167	0.640	-10,437.000000
7.818833	0.640	-7,152.000000
7.829500	0.640	-6,303.000000
7.840167	0.640	-7,626.000000
7.850833	0.640	-7,440.000000
7.861500	0.640	-5,801.000000
7.872167	0.640	-4,770.000000
7.882833	0.640	-5,123.000000
7.893500	0.640	-6,884.000000
7.904167	0.640	-8,415.000000
7.914833	0.640	-5,979.000000
7.925500	0.640	-494.000000
7.936167	0.640	477.000000
7.946833	0.640	-5,531.000000
7.957500	0.640	-12,546.000000
7.968167	0.640	-15,127.000000
7.978833	0.640	-11,906.000000
7.989500	0.640	-6,848.000000
8.000167	0.640	-5,319.000000
8.010833	0.640	-5,624.000000
8.021500	0.640	-4,627.000000
8.032167	0.640	-4,132.000000
8.042833	0.640	-5,034.000000
8.053500	0.640	-6,062.000000
8.064167	0.640	-7,525.000000
8.074833	0.640	-10,725.000000
8.085500	0.640	-14,412.000000
8.096167	0.640	-15,034.000000
8.106833	0.640	-12,558.000000
8.117500	0.640	-10,597.000000
8.128167	0.640	-10,130.000000
8.138833	0.640	-9,022.000000
8.149500	0.640	-6,576.000000
8.160167	0.640	-4,717.000000
8.170833	0.640	-4,880.000000
8.181500	0.640	-5,817.000000
8.192167	0.640	-5,661.000000
8.202833	0.640	-4,992.000000
8.213500	0.640	-5,955.000000
8.224167	0.640	-8,858.000000
8.234833	0.640	-11,796.000000
8.245500	0.640	-13,732.000000
8.256167	0.640	-14,485.000000
8.266833	0.640	-12,907.000000
8.277500	0.640	-10,580.000000
8.288167	0.640	-10,469.000000
8.298833	0.640	-10,474.000000
8.309500	0.640	-8,081.000000
8.320167	0.640	-3,749.000000
8.330833	0.640	2,274.000000
8.341500	0.640	6,206.000000
8.352167	0.640	3,411.000000
8.362833	0.640	-2,751.000000
8.373500	0.640	-7,147.000000
8.384167	0.640	-10,796.000000
8.394833	0.640	-13,866.000000
8.405500	0.640	-11,693.000000
8.416167	0.640	-5,101.000000
8.426833	0.640	-2,520.000000
8.437500	0.640	-6,810.000000
8.448167	0.640	-12,219.000000
8.458833	0.640	-13,551.000000
8.469500	0.640	-11,237.000000
8.480167	0.640	-9,855.000000
8.490833	0.640	-11,610.000000
8.501500	0.640	-12,494.000000
8.512167	0.640	-9,714.000000
8.522833	0.640	-6,782.000000
8.533500	0.640	-5,308.000000
8.544167	0.640	-3,509.000000
8.554833	0.640	-3,418.000000
8.565500	0.640	-6,409.000000
8.576167	0.640	-9,088.000000
8.586833	0.640	-9,740.000000
8.597500	0.640	-9,976.000000
8.608167	0.640	-10,963.000000
8.618833	0.640	-11,651.000000
8.629500	0.640	-9,241.000000
8.640167	0.640	-3,827.000000
8.650833	0.640	-1,141.000000
8.661500	0.640	-2,484.000000
8.672167	0.640	-2,965.000000
8.682833	0.640	-4,925.000000
8.693500	0.640	-10,786.000000
8.704167	0.640	-12,402.000000
8.714833	0.640	-5,756.000000
8.725500	0.640	1,029.000000
8.736167	0.640	816.000000
8.746833	0.640	-2,642.000000
8.757500	0.640	-2,417.000000
8.768167	0.640	30.000000
8.778833	0.640	-923.000000
8.789500	0.640	-4,389.000000
8.800167	0.640	-5,062.000000
8.810833	0.640	-2,684.000000
8.821500	0.640	-2,950.000000
8.832167	0.640	-7,154.000000
8.842833	0.640	-9,093.000000
8.853500	0.640	-7,407.000000
8.864167	0.640	-7,982.000000
8.874833	0.640	-13,609.000000
8.885500	0.640	-20,660.000000
8.896167	0.640	-21,507.000000
8.906833	0.640	-13,676.000000
8.917500	0.640	-6,020.000000
8.928167	0.640	-5,460.000000
8.938833	0.640	-8,602.000000
8.949500	0.640	-11,107.000000
8.960167	0.640	-11,989.000000
8.970833	0.640	-11,818.000000
8.981500	0.640	-11,483.000000
8.992167	0.640	-10,859.000000
9.002833	0.640	-10,707.000000
9.013500	0.640	-12,657.000000
9.024167	0.640	-15,316.000000
9.034833	0.640	-14,225.000000
9.045500	0.640	-9,010.000000
9.056167	0.640	-6,762.000000
9.066883	0.643	-10,408.000000
9.077500	0.637	-12,461.000000
9.088167	0.640	-9,450.000000
9.098833	0.640	-6,874.000000
9.109500	0.640	-6,730.000000
9.120167	0.640	-6,041.000000
9.130833	0.640	-3,707.000000
9.141500	0.640	-2,000.000000
9.152167	0.640	-4,523.000000
9.162833	0.640	-9,851.000000
9.173500	0.640	-11,125.000000
9.184167	0.640	-7,963.000000
9.194833	0.640	-7,863.000000
9.205500	0.640	-11,742.000000
9.216167	0.640	-12,448.000000
9.226833	0.640	-8,575.000000
9.237500	0.640	-5,644.000000
9.248167	0.640	-4,951.000000
9.258833	0.640	-4,011.000000
9.269500	0.640	-3,555.000000
9.280167	0.640	-4,241.000000
9.290833	0.640	-4,241.000000
9.301500	0.640	-3,617.000000
9.312167	0.640	-3,584.000000
9.322833	0.640	-3,327.000000
9.333500	0.640	-2,709.000000
9.344167	0.640	-2,839.000000
9.354833	0.640	-2,170.000000
9.365500	0.640	-435.000000
9.376167	0.640	48.000000
9.386833	0.640	1,102.000000
9.397500	0.640	4,247.000000
9.408167	0.640	5,103.000000
9.418833	0.640	2,473.000000
9.429500	0.640	2,062.000000
9.440167	0.640	4,008.000000
9.450833	0.640	2,300.000000
9.461500	0.640	-1,538.000000
9.472167	0.640	-1,025.000000
9.482833	0.640	3,975.000000
9.493500	0.640	7,456.000000
9.504167	0.640	6,840.000000
9.514833	0.640	6,526.000000
9.525500	0.640	7,759.000000
9.536167	0.640	7,270.000000
9.546833	0.640	6,399.000000
9.557500	0.640	7,009.000000
9.568167	0.640	6,031.000000
9.578833	0.640	2,333.000000
9.589500	0.640	-24.000000
9.600167	0.640	3,010.000000
9.610833	0.640	8,724.000000
9.621500	0.640	10,472.000000
9.632167	0.640	9,449.000000
9.642833	0.640	10,769.000000
9.653500	0.640	13,455.000000
9.664167	0.640	15,090.000000
9.674833	0.640	15,639.000000
9.685500	0.640	16,365.000000
9.696167	0.640	18,732.000000
9.706833	0.640	21,577.000000
9.717500	0.640	21,629.000000
9.728167	0.640	18,168.000000
9.738833	0.640	15,168.000000
9.749500	0.640	15,955.000000
9.760167	0.640	19,198.000000
9.770833	0.640	21,966.000000
9.781500	0.640	21,818.000000
9.792167	0.640	18,667.000000
9.802833	0.640	16,800.000000
9.813500	0.640	19,491.000000
9.824167	0.640	22,710.000000
9.834833	0.640	21,804.000000
9.845500	0.640	20,021.000000
9.856167	0.640	21,666.000000
9.866833	0.640	24,597.000000
9.877500	0.640	25,588.000000
9.888167	0.640	25,612.000000
9.898833	0.640	26,447.000000
9.909500	0.640	26,877.000000
9.920167	0.640	25,204.000000
9.930833	0.640	23,861.000000
9.941500	0.640	26,765.000000
9.952167	0.640	31,693.000000
9.962833	0.640	34,814.000000
9.973500	0.640	36,992.000000
9.984167	0.640	36,618.000000
9.994833	0.640	31,620.000000
10.005500	0.640	26,679.000000
10.016167	0.640	25,145.000000
10.026833	0.640	24,184.000000
10.037500	0.640	23,054.000000
10.048167	0.640	27,089.000000
10.058833	0.640	37,291.000000
10.069500	0.640	44,748.000000
10.080167	0.640	44,784.000000
10.090833	0.640	42,340.000000
10.101500	0.640	41,103.000000
10.112167	0.640	42,349.000000
10.122833	0.640	45,927.000000
10.133500	0.640	47,033.000000
10.144167	0.640	43,737.000000
10.154833	0.640	42,468.000000
10.165500	0.640	47,455.000000
10.176167	0.640	53,074.000000
10.186833	0.640	52,787.000000
10.197500	0.640	48,902.000000
10.208167	0.640	48,368.000000
10.218833	0.640	53,233.000000
10.229500	0.640	59,647.000000
10.240167	0.640	63,031.000000
10.250833	0.640	61,135.000000
10.261500	0.640	57,170.000000
10.272167	0.640	56,361.000000
10.282833	0.640	56,200.000000
10.293500	0.640	52,794.000000
10.304167	0.640	50,212.000000
10.314833	0.640	52,294.000000
10.325500	0.640	57,211.000000
10.336167	0.640	60,549.000000
10.346833	0.640	60,247.000000
10.357500	0.640	61,895.000000
10.368167	0.640	69,284.000000
10.378833	0.640	74,699.000000
10.389500	0.640	73,299.000000
10.400167	0.640	72,271.000000
10.410833	0.640	76,642.000000
10.421500	0.640	82,269.000000
10.432167	0.640	84,011.000000
10.442833	0.640	81,850.000000
10.453500	0.640	79,924.000000
10.464167	0.640	79,629.000000
10.474833	0.640	79,034.000000
10.485500	0.640	79,895.000000
10.496167	0.640	83,650.000000
10.506833	0.640	85,684.000000
10.517500	0.640	83,417.000000
10.528167	0.640	81,911.000000
10.538833	0.640	84,911.000000
10.549500	0.640	88,869.000000
10.560167	0.640	90,749.000000
10.570833	0.640	92,612.000000
10.581500	0.640	95,861.000000
10.592167	0.640	97,583.000000
10.602833	0.640	96,250.000000
10.613500	0.640	96,558.000000
10.624167	0.640	100,942.000000
10.634833	0.640	103,705.000000
10.645500	0.640	102,143.000000
10.656167	0.640	101,789.000000
10.666833	0.640	106,073.000000
10.677500	0.640	112,639.000000
10.688167	0.640	117,504.000000
10.698833	0.640	118,276.000000
10.709500	0.640	117,364.000000
10.720167	0.640	118,709.000000
10.730833	0.640	122,510.000000
10.741500	0.640	124,871.000000
10.752167	0.640	122,448.000000
10.762833	0.640	118,525.000000
10.773500	0.640	117,291.000000
10.784167	0.640	118,000.000000
10.794833	0.640	120,668.000000
10.805500	0.640	125,526.000000
10.816167	0.640	128,425.000000
10.826833	0.640	127,461.000000
10.837500	0.640	127,616.000000
10.848167	0.640	131,688.000000
10.858833	0.640	138,042.000000
10.869500	0.640	144,343.000000
10.880167	0.640	145,102.000000
10.890833	0.640	140,137.000000
10.901500	0.640	138,231.000000
10.912167	0.640	140,939.000000
10.922833	0.640	142,931.000000
10.933500	0.640	145,814.000000
10.944167	0.640	151,299.000000
10.954833	0.640	154,527.000000
10.965500	0.640	153,758.000000
10.976167	0.640	151,559.000000
10.986833	0.640	150,537.000000
10.997500	0.640	152,471.000000
11.008167	0.640	156,415.000000
11.018833	0.640	160,859.000000
11.029500	0.640	163,545.000000
11.040167	0.640	162,328.000000
11.050833	0.640	160,811.000000
11.061500	0.640	163,897.000000
11.072167	0.640	169,823.000000
11.082833	0.640	173,369.000000
11.093500	0.640	173,460.000000
11.104167	0.640	172,894.000000
11.114833	0.640	174,240.000000
11.125500	0.640	178,124.000000
11.136167	0.640	181,294.000000
11.146833	0.640	181,233.000000
11.157500	0.640	181,827.000000
11.168167	0.640	186,141.000000
11.178833	0.640	189,972.000000
11.189500	0.640	189,386.000000
11.200167	0.640	189,581.000000
11.210833	0.640	196,858.000000
11.221500	0.640	206,560.000000
11.232167	0.640	210,785.000000
11.242833	0.640	208,827.000000
11.253500	0.640	203,757.000000
11.264167	0.640	199,355.000000
11.274833	0.640	199,749.000000
11.285500	0.640	204,685.000000
11.296167	0.640	209,540.000000
11.306833	0.640	212,936.000000
11.317500	0.640	216,889.000000
11.328167	0.640	219,607.000000
11.338833	0.640	218,293.000000
11.349500	0.640	217,211.000000
11.360167	0.640	222,255.000000
11.370833	0.640	230,546.000000
11.381500	0.640	234,499.000000
11.392167	0.640	233,231.000000
11.402833	0.640	231,874.000000
11.413500	0.640	233,110.000000
11.424167	0.640	236,111.000000
11.434833	0.640	239,367.000000
11.445500	0.640	242,521.000000
11.456167	0.640	246,920.000000
11.466833	0.640	251,139.000000
11.477500	0.640	250,571.000000
11.488167	0.640	246,609.000000
11.498833	0.640	247,016.000000
11.509500	0.640	253,677.000000
11.520167	0.640	259,685.000000
11.530833	0.640	261,395.000000
11.541500	0.640	263,890.000000
11.552217	0.643	269,081.000000
11.562833	0.637	271,011.000000
11.573500	0.640	268,626.000000
11.584167	0.640	268,089.000000
11.594833	0.640	271,399.000000
11.605500	0.640	276,081.000000
11.616167	0.640	280,962.000000
11.626833	0.640	285,116.000000
11.637500	0.640	288,092.000000
11.648167	0.640	290,207.000000
11.658833	0.640	291,408.000000
11.669500	0.640	292,992.000000
11.680167	0.640	296,109.000000
11.690833	0.640	299,634.000000
11.701500	0.640	301,971.000000
11.712167	0.640	303,678.000000
11.722833	0.640	306,535.000000
11.733500	0.640	308,879.000000
11.744167	0.640	308,633.000000
11.754833	0.640	308,559.000000
11.765500	0.640	311,892.000000
11.776167	0.640	316,996.000000
11.786833	0.640	319,435.000000
11.797500	0.640	319,363.000000
11.808167	0.640	320,715.000000
11.818833	0.640	323,804.000000
11.829500	0.640	327,249.000000
11.840167	0.640	330,877.000000
11.850833	0.640	334,746.000000
11.861500	0.640	340,001.000000
11.872167	0.640	345,961.000000
11.882833	0.640	349,077.000000
11.893500	0.640	348,286.000000
11.904167	0.640	346,433.000000
11.914833	0.640	346,216.000000
11.925500	0.640	348,343.000000
11.936167	0.640	352,122.000000
11.946833	0.640	356,053.000000
11.957500	0.640	358,326.000000
11.968167	0.640	357,702.000000
11.978833	0.640	357,482.000000
11.989500	0.640	361,966.000000
12.000167	0.640	368,349.000000
12.010833	0.640	371,286.000000
12.021500	0.640	370,057.000000
12.032167	0.640	369,356.000000
12.042833	0.640	373,390.000000
12.053500	0.640	378,891.000000
12.064167	0.640	381,462.000000
12.074833	0.640	381,817.000000
12.085500	0.640	380,978.000000
12.096167	0.640	379,445.000000
12.106833	0.640	378,497.000000
12.117500	0.640	378,966.000000
12.128167	0.640	383,821.000000
12.138833	0.640	394,361.000000
12.149500	0.640	403,839.000000
12.160167	0.640	407,942.000000
12.170833	0.640	410,601.000000
12.181500	0.640	413,715.000000
12.192167	0.640	414,825.000000
12.202833	0.640	411,692.000000
12.213500	0.640	406,102.000000
12.224167	0.640	404,140.000000
12.234833	0.640	409,339.000000
12.245500	0.640	418,399.000000
12.256167	0.640	425,631.000000
12.266833	0.640	429,215.000000
12.277500	0.640	429,564.000000
12.288167	0.640	426,500.000000
12.298833	0.640	423,689.000000
12.309500	0.640	427,065.000000
12.320167	0.640	435,782.000000
12.330833	0.640	442,666.000000
12.341500	0.640	443,747.000000
12.352167	0.640	442,119.000000
12.362833	0.640	441,226.000000
12.373500	0.640	440,860.000000
12.384167	0.640	442,067.000000
12.394833	0.640	446,971.000000
12.405550	0.643	452,355.000000
12.416167	0.637	453,137.000000
12.426833	0.640	451,563.000000
12.437500	0.640	452,797.000000
12.448167	0.640	455,800.000000
12.458833	0.640	456,214.000000
12.469500	0.640	452,406.000000
12.480167	0.640	447,863.000000
12.490833	0.640	449,866.000000
12.501500	0.640	460,384.000000
12.512167	0.640	471,308.000000
12.522833	0.640	475,631.000000
12.533500	0.640	475,647.000000
12.544167	0.640	474,481.000000
12.554833	0.640	470,425.000000
12.565500	0.640	465,549.000000
12.576167	0.640	466,479.000000
12.586833	0.640	472,468.000000
12.597500	0.640	478,005.000000
12.608167	0.640	482,207.000000
12.618833	0.640	484,367.000000
12.629500	0.640	483,639.000000
12.640167	0.640	484,039.000000
12.650833	0.640	487,439.000000
12.661500	0.640	488,352.000000
12.672167	0.640	483,783.000000
12.682833	0.640	479,216.000000
12.693500	0.640	479,058.000000
12.704167	0.640	480,747.000000
12.714833	0.640	481,790.000000
12.725500	0.640	482,827.000000
12.736167	0.640	483,526.000000
12.746833	0.640	485,093.000000
12.757500	0.640	489,181.000000
12.768167	0.640	490,567.000000
12.778833	0.640	487,379.000000
12.789500	0.640	486,807.000000
12.800167	0.640	489,573.000000
12.810833	0.640	491,659.000000
12.821500	0.640	494,556.000000
12.832167	0.640	497,990.000000
12.842833	0.640	497,719.000000
12.853500	0.640	492,257.000000
12.864167	0.640	486,267.000000
12.874833	0.640	487,141.000000
12.885500	0.640	493,718.000000
12.896167	0.640	497,078.000000
12.906833	0.640	494,330.000000
12.917500	0.640	490,417.000000
12.928167	0.640	490,523.000000
12.938833	0.640	495,318.000000
12.949500	0.640	499,587.000000
12.960167	0.640	497,973.000000
12.970833	0.640	493,796.000000
12.981500	0.640	494,563.000000
12.992167	0.640	498,125.000000
13.002833	0.640	497,638.000000
13.013500	0.640	495,967.000000
13.024167	0.640	498,754.000000
13.034833	0.640	503,714.000000
13.045500	0.640	504,583.000000
13.056167	0.640	500,460.000000
13.066833	0.640	499,528.000000
13.077500	0.640	505,662.000000
13.088167	0.640	508,245.000000
13.098833	0.640	499,136.000000
13.109500	0.640	487,679.000000
13.120167	0.640	486,718.000000
13.130833	0.640	493,514.000000
13.141500	0.640	494,946.000000
13.152167	0.640	487,951.000000
13.162833	0.640	482,955.000000
13.173500	0.640	485,296.000000
13.184167	0.640	488,835.000000
13.194833	0.640	489,838.000000
13.205500	0.640	489,132.000000
13.216167	0.640	485,304.000000
13.226833	0.640	480,067.000000
13.237500	0.640	479,914.000000
13.248167	0.640	485,877.000000
13.258833	0.640	490,600.000000
13.269500	0.640	488,733.000000
13.280167	0.640	484,416.000000
13.290833	0.640	483,486.000000
13.301500	0.640	484,686.000000
13.312167	0.640	485,673.000000
13.322833	0.640	487,772.000000
13.333500	0.640	488,445.000000
13.344167	0.640	482,691.000000
13.354833	0.640	474,957.000000
13.365500	0.640	474,042.000000
13.376167	0.640	477,392.000000
13.386833	0.640	475,995.000000
13.397500	0.640	469,337.000000
13.408167	0.640	464,884.000000
13.418833	0.640	466,655.000000
13.429500	0.640	469,670.000000
13.440167	0.640	469,036.000000
13.450833	0.640	466,003.000000
13.461500	0.640	462,686.000000
13.472167	0.640	460,885.000000
13.482833	0.640	459,587.000000
13.493500	0.640	454,506.000000
13.504167	0.640	448,625.000000
13.514833	0.640	450,182.000000
13.525500	0.640	456,405.000000
13.536167	0.640	457,471.000000
13.546833	0.640	454,952.000000
13.557500	0.640	456,698.000000
13.568167	0.640	463,117.000000
13.578833	0.640	471,662.000000
13.589500	0.640	480,528.000000
13.600167	0.640	488,231.000000
13.610833	0.640	497,693.000000
13.621500	0.640	513,137.000000
13.632167	0.640	534,075.000000
13.642833	0.640	559,204.000000
13.653500	0.640	593,429.000000
13.664167	0.640	642,282.000000
13.674833	0.640	703,168.000000
13.685500	0.640	774,847.000000
13.696167	0.640	862,591.000000
13.706833	0.640	961,951.000000
13.717500	0.640	1,055,128.000000
13.728167	0.640	1,130,475.000000
13.738833	0.640	1,191,946.000000
13.749500	0.640	1,243,901.000000
13.760167	0.640	1,277,048.000000
13.770833	0.640	1,276,070.000000
13.781500	0.640	1,235,355.000000
13.792167	0.640	1,164,012.000000
13.802833	0.640	1,073,632.000000
13.813500	0.640	968,508.000000
13.824167	0.640	858,675.000000
13.834833	0.640	761,016.000000
13.845500	0.640	678,462.000000
13.856167	0.640	605,012.000000
13.866833	0.640	543,934.000000
13.877500	0.640	500,569.000000
13.888167	0.640	471,158.000000
13.898833	0.640	448,310.000000
13.909500	0.640	429,703.000000
13.920167	0.640	417,629.000000
13.930833	0.640	412,585.000000
13.941500	0.640	411,348.000000
13.952167	0.640	410,018.000000
13.962833	0.640	405,578.000000
13.973500	0.640	398,813.000000
13.984167	0.640	395,793.000000
13.994833	0.640	398,452.000000
14.005500	0.640	400,576.000000
14.016167	0.640	398,599.000000
14.026833	0.640	394,374.000000
14.037500	0.640	389,855.000000
14.048167	0.640	387,084.000000
14.058833	0.640	387,168.000000
14.069500	0.640	387,584.000000
14.080167	0.640	384,938.000000
14.090833	0.640	379,663.000000
14.101500	0.640	374,440.000000
14.112167	0.640	370,877.000000
14.122833	0.640	370,760.000000
14.133500	0.640	373,514.000000
14.144167	0.640	372,847.000000
14.154833	0.640	366,475.000000
14.165500	0.640	361,888.000000
14.176167	0.640	364,193.000000
14.186833	0.640	368,972.000000
14.197500	0.640	369,728.000000
14.208167	0.640	365,742.000000
14.218833	0.640	361,168.000000
14.229500	0.640	359,049.000000
14.240167	0.640	359,156.000000
14.250833	0.640	359,582.000000
14.261500	0.640	357,781.000000
14.272167	0.640	352,625.000000
14.282833	0.640	347,495.000000
14.293500	0.640	346,447.000000
14.304167	0.640	347,042.000000
14.314833	0.640	344,454.000000
14.325500	0.640	340,295.000000
14.336167	0.640	338,867.000000
14.346833	0.640	339,012.000000
14.357500	0.640	336,482.000000
14.368167	0.640	331,212.000000
14.378833	0.640	328,415.000000
14.389500	0.640	329,163.000000
14.400167	0.640	326,474.000000
14.410833	0.640	318,788.000000
14.421500	0.640	313,711.000000
14.432167	0.640	313,661.000000
14.442833	0.640	313,838.000000
14.453500	0.640	312,004.000000
14.464167	0.640	310,614.000000
14.474833	0.640	311,787.000000
14.485500	0.640	310,449.000000
14.496167	0.640	300,894.000000
14.506833	0.640	290,181.000000
14.517500	0.640	287,990.000000
14.528167	0.640	291,205.000000
14.538833	0.640	292,023.000000
14.549500	0.640	288,505.000000
14.560167	0.640	282,511.000000
14.570833	0.640	278,057.000000
14.581500	0.640	278,753.000000
14.592167	0.640	281,623.000000
14.602833	0.640	280,929.000000
14.613500	0.640	277,292.000000
14.624167	0.640	274,080.000000
14.634833	0.640	270,919.000000
14.645500	0.640	267,999.000000
14.656167	0.640	266,421.000000
14.666833	0.640	263,263.000000
14.677500	0.640	257,940.000000
14.688167	0.640	255,201.000000
14.698833	0.640	254,648.000000
14.709500	0.640	251,168.000000
14.720167	0.640	244,887.000000
14.730833	0.640	239,997.000000
14.741500	0.640	239,598.000000
14.752167	0.640	244,054.000000
14.762833	0.640	248,735.000000
14.773500	0.640	246,986.000000
14.784167	0.640	238,382.000000
14.794833	0.640	228,515.000000
14.805500	0.640	221,188.000000
14.816167	0.640	216,874.000000
14.826833	0.640	214,394.000000
14.837500	0.640	212,215.000000
14.848167	0.640	211,038.000000
14.858833	0.640	209,677.000000
14.869500	0.640	204,630.000000
14.880167	0.640	199,016.000000
14.890833	0.640	197,855.000000
14.901500	0.640	197,913.000000
14.912167	0.640	195,990.000000
14.922833	0.640	196,186.000000
14.933500	0.640	198,576.000000
14.944167	0.640	195,703.000000
14.954833	0.640	186,488.000000
14.965500	0.640	178,016.000000
14.976167	0.640	174,849.000000
14.986833	0.640	176,285.000000
14.997500	0.640	177,667.000000
15.008167	0.640	173,313.000000
15.018833	0.640	164,290.000000
15.029500	0.640	159,053.000000
15.040167	0.640	160,039.000000
15.050833	0.640	158,619.000000
15.061500	0.640	151,352.000000
15.072167	0.640	146,616.000000
15.082833	0.640	148,488.000000
15.093500	0.640	150,185.000000
15.104167	0.640	146,926.000000
15.114833	0.640	141,376.000000
15.125500	0.640	135,433.000000
15.136167	0.640	129,078.000000
15.146833	0.640	125,158.000000
15.157500	0.640	125,394.000000
15.168167	0.640	126,088.000000
15.178833	0.640	123,238.000000
15.189500	0.640	117,967.000000
15.200167	0.640	113,462.000000
15.210833	0.640	108,601.000000
15.221500	0.640	101,282.000000
15.232167	0.640	96,887.000000
15.242833	0.640	99,805.000000
15.253500	0.640	102,916.000000
15.264167	0.640	100,851.000000
15.274833	0.640	97,882.000000
15.285500	0.640	96,397.000000
15.296167	0.640	94,700.000000
15.306833	0.640	92,671.000000
15.317500	0.640	91,028.000000
15.328167	0.640	89,895.000000
15.338833	0.640	89,544.000000
15.349500	0.640	90,677.000000
15.360167	0.640	94,168.000000
15.370833	0.640	98,673.000000
15.381500	0.640	100,716.000000
15.392167	0.640	100,048.000000
15.402833	0.640	98,889.000000
15.413500	0.640	97,141.000000
15.424167	0.640	94,459.000000
15.434833	0.640	92,999.000000
15.445500	0.640	95,189.000000
15.456167	0.640	98,537.000000
15.466833	0.640	96,912.000000
15.477500	0.640	90,275.000000
15.488167	0.640	82,706.000000
15.498833	0.640	74,844.000000
15.509500	0.640	68,314.000000
15.520167	0.640	64,809.000000
15.530833	0.640	59,751.000000
15.541500	0.640	50,300.000000
15.552167	0.640	42,313.000000
15.562833	0.640	39,309.000000
15.573500	0.640	38,569.000000
15.584167	0.640	40,664.000000
15.594833	0.640	45,478.000000
15.605500	0.640	48,145.000000
15.616167	0.640	49,347.000000
15.626833	0.640	55,803.000000
15.637500	0.640	70,625.000000
15.648167	0.640	91,459.000000
15.658833	0.640	116,333.000000
15.669500	0.640	145,219.000000
15.680167	0.640	173,350.000000
15.690833	0.640	195,015.000000
15.701500	0.640	215,256.000000
15.712167	0.640	238,615.000000
15.722833	0.640	251,828.000000
15.733500	0.640	241,161.000000
15.744167	0.640	215,981.000000
15.754833	0.640	191,730.000000
15.765500	0.640	167,415.000000
15.776167	0.640	138,889.000000
15.786833	0.640	110,146.000000
15.797500	0.640	83,255.000000
15.808167	0.640	57,002.000000
15.818833	0.640	34,559.000000
15.829500	0.640	22,880.000000
15.840167	0.640	22,383.000000
15.850833	0.640	24,474.000000
15.861500	0.640	23,767.000000
15.872167	0.640	21,238.000000
15.882833	0.640	19,273.000000
15.893500	0.640	20,942.000000
15.904167	0.640	24,738.000000
15.914833	0.640	25,626.000000
15.925500	0.640	23,648.000000
15.936167	0.640	19,397.000000
15.946833	0.640	12,475.000000
15.957500	0.640	9,380.000000
15.968167	0.640	13,295.000000
15.978833	0.640	15,775.000000
15.989500	0.640	12,877.000000
16.000167	0.640	11,644.000000
16.010833	0.640	16,749.000000
16.021500	0.640	24,317.000000
16.032167	0.640	27,255.000000
16.042833	0.640	24,167.000000
16.053500	0.640	21,347.000000
16.064167	0.640	20,462.000000
16.074833	0.640	16,050.000000
16.085500	0.640	8,075.000000
16.096167	0.640	2,571.000000
16.106833	0.640	3,109.000000
16.117500	0.640	8,197.000000
16.128167	0.640	13,711.000000
16.138833	0.640	16,380.000000
16.149550	0.643	15,996.000000
16.160167	0.637	15,132.000000
16.170833	0.640	15,559.000000
16.181500	0.640	15,843.000000
16.192167	0.640	15,390.000000
16.202833	0.640	15,376.000000
16.213500	0.640	14,308.000000
16.224167	0.640	11,384.000000
16.234833	0.640	9,016.000000
16.245500	0.640	8,054.000000
16.256167	0.640	9,542.000000
16.266833	0.640	16,173.000000
16.277500	0.640	24,535.000000
16.288167	0.640	26,258.000000
16.298833	0.640	21,497.000000
16.309500	0.640	18,288.000000
16.320167	0.640	18,965.000000
16.330833	0.640	19,978.000000
16.341500	0.640	19,987.000000
16.352167	0.640	19,490.000000
16.362833	0.640	19,000.000000
16.373500	0.640	20,123.000000
16.384167	0.640	21,787.000000
16.394833	0.640	21,133.000000
16.405500	0.640	20,195.000000
16.416167	0.640	21,222.000000
16.426833	0.640	22,119.000000
16.437500	0.640	22,328.000000
16.448167	0.640	22,189.000000
16.458833	0.640	20,097.000000
16.469500	0.640	17,159.000000
16.480167	0.640	15,593.000000
16.490833	0.640	14,372.000000
16.501500	0.640	12,268.000000
16.512167	0.640	9,696.000000
16.522833	0.640	8,011.000000
16.533500	0.640	8,362.000000
16.544167	0.640	10,206.000000
16.554833	0.640	12,532.000000
16.565500	0.640	14,143.000000
16.576167	0.640	14,048.000000
16.586833	0.640	14,483.000000
16.597500	0.640	18,075.000000
16.608167	0.640	21,771.000000
16.618833	0.640	21,883.000000
16.629500	0.640	20,928.000000
16.640167	0.640	20,858.000000
16.650833	0.640	19,406.000000
16.661500	0.640	16,210.000000
16.672167	0.640	13,314.000000
16.682833	0.640	12,609.000000
16.693500	0.640	14,350.000000
16.704167	0.640	15,840.000000
16.714833	0.640	14,159.000000
16.725500	0.640	9,400.000000
16.736167	0.640	4,619.000000
16.746833	0.640	4,605.000000
16.757500	0.640	10,276.000000
16.768167	0.640	15,409.000000
16.778833	0.640	16,063.000000
16.789500	0.640	15,806.000000
16.800167	0.640	18,669.000000
16.810833	0.640	23,242.000000
16.821500	0.640	23,693.000000
16.832167	0.640	17,734.000000
16.842833	0.640	9,345.000000
16.853500	0.640	3,741.000000
16.864167	0.640	5,105.000000
16.874833	0.640	12,538.000000
16.885500	0.640	18,878.000000
16.896167	0.640	19,482.000000
16.906833	0.640	17,399.000000
16.917500	0.640	16,697.000000
16.928167	0.640	16,081.000000
16.938833	0.640	13,507.000000
16.949500	0.640	11,140.000000
16.960167	0.640	11,763.000000
16.970833	0.640	14,342.000000
16.981500	0.640	16,408.000000
16.992167	0.640	18,688.000000
17.002833	0.640	21,964.000000
17.013500	0.640	23,378.000000
17.024167	0.640	22,112.000000
17.034833	0.640	21,124.000000
17.045500	0.640	21,406.000000
17.056167	0.640	22,204.000000
17.066833	0.640	22,854.000000
17.077500	0.640	22,713.000000
17.088167	0.640	22,445.000000
17.098833	0.640	22,209.000000
17.109500	0.640	20,116.000000
17.120167	0.640	16,682.000000
17.130833	0.640	16,782.000000
17.141500	0.640	22,554.000000
17.152167	0.640	29,913.000000
17.162833	0.640	33,133.000000
17.173500	0.640	30,273.000000
17.184167	0.640	25,641.000000
17.194833	0.640	23,488.000000
17.205500	0.640	23,522.000000
17.216167	0.640	25,668.000000
17.226833	0.640	30,455.000000
17.237500	0.640	35,358.000000
17.248167	0.640	36,401.000000
17.258833	0.640	36,215.000000
17.269500	0.640	42,154.000000
17.280167	0.640	50,658.000000
17.290833	0.640	52,517.000000
17.301500	0.640	50,132.000000
17.312167	0.640	50,351.000000
17.322833	0.640	53,123.000000
17.333500	0.640	55,141.000000
17.344167	0.640	54,699.000000
17.354833	0.640	52,471.000000
17.365500	0.640	50,190.000000
17.376167	0.640	50,292.000000
17.386833	0.640	54,680.000000
17.397500	0.640	58,354.000000
17.408167	0.640	55,435.000000
17.418833	0.640	50,972.000000
17.429500	0.640	49,294.000000
17.440167	0.640	46,216.000000
17.450833	0.640	42,266.000000
17.461500	0.640	43,001.000000
17.472167	0.640	47,689.000000
17.482833	0.640	51,834.000000
17.493500	0.640	54,906.000000
17.504167	0.640	54,871.000000
17.514833	0.640	48,329.000000
17.525500	0.640	42,755.000000
17.536167	0.640	45,757.000000
17.546833	0.640	50,256.000000
17.557500	0.640	50,699.000000
17.568167	0.640	50,212.000000
17.578833	0.640	48,381.000000
17.589500	0.640	46,357.000000
17.600167	0.640	49,830.000000
17.610833	0.640	55,661.000000
17.621500	0.640	55,262.000000
17.632167	0.640	50,108.000000
17.642833	0.640	48,002.000000
17.653500	0.640	49,252.000000
17.664167	0.640	49,144.000000
17.674833	0.640	47,944.000000
17.685500	0.640	48,927.000000
17.696167	0.640	51,630.000000
17.706833	0.640	51,958.000000
17.717500	0.640	49,225.000000
17.728167	0.640	48,555.000000
17.738833	0.640	50,756.000000
17.749500	0.640	50,125.000000
17.760167	0.640	47,055.000000
17.770833	0.640	45,931.000000
17.781500	0.640	46,753.000000
17.792167	0.640	51,673.000000
17.802833	0.640	59,609.000000
17.813500	0.640	60,417.000000
17.824167	0.640	53,187.000000
17.834833	0.640	48,869.000000
17.845500	0.640	50,368.000000
17.856167	0.640	51,226.000000
17.866833	0.640	50,552.000000
17.877500	0.640	52,572.000000
17.888167	0.640	54,646.000000
17.898833	0.640	52,016.000000
17.909500	0.640	48,429.000000
17.920167	0.640	47,261.000000
17.930833	0.640	45,467.000000
17.941500	0.640	43,495.000000
17.952167	0.640	45,425.000000
17.962833	0.640	49,447.000000
17.973500	0.640	49,608.000000
17.984167	0.640	46,471.000000
17.994833	0.640	46,747.000000
18.005500	0.640	51,699.000000
18.016167	0.640	54,984.000000
18.026833	0.640	51,895.000000
18.037500	0.640	45,554.000000
18.048167	0.640	42,062.000000
18.058833	0.640	41,952.000000
18.069500	0.640	41,796.000000
18.080167	0.640	39,883.000000
18.090833	0.640	36,618.000000
18.101500	0.640	34,736.000000
18.112167	0.640	36,404.000000
18.122833	0.640	38,822.000000
18.133500	0.640	38,530.000000
18.144167	0.640	36,162.000000
18.154833	0.640	34,265.000000
18.165500	0.640	33,640.000000
18.176167	0.640	32,809.000000
18.186833	0.640	31,097.000000
18.197500	0.640	29,929.000000
18.208167	0.640	32,025.000000
18.218833	0.640	38,989.000000
18.229500	0.640	47,473.000000
18.240167	0.640	53,570.000000
18.250833	0.640	60,924.000000
18.261500	0.640	75,829.000000
18.272167	0.640	96,914.000000
18.282833	0.640	120,006.000000
18.293500	0.640	149,259.000000
18.304167	0.640	190,945.000000
18.314833	0.640	243,339.000000
18.325500	0.640	300,057.000000
18.336167	0.640	351,270.000000
18.346833	0.640	388,049.000000
18.357500	0.640	410,837.000000
18.368167	0.640	419,857.000000
18.378833	0.640	408,722.000000
18.389500	0.640	376,238.000000
18.400167	0.640	328,444.000000
18.410833	0.640	271,786.000000
18.421500	0.640	215,008.000000
18.432167	0.640	168,039.000000
18.442833	0.640	133,607.000000
18.453500	0.640	108,427.000000
18.464167	0.640	89,628.000000
18.474833	0.640	74,691.000000
18.485500	0.640	63,275.000000
18.496167	0.640	57,968.000000
18.506833	0.640	57,155.000000
18.517500	0.640	55,836.000000
18.528167	0.640	53,459.000000
18.538833	0.640	51,340.000000
18.549500	0.640	49,727.000000
18.560167	0.640	49,599.000000
18.570833	0.640	50,150.000000
18.581500	0.640	50,645.000000
18.592167	0.640	50,270.000000
18.602833	0.640	46,121.000000
18.613500	0.640	42,024.000000
18.624167	0.640	42,634.000000
18.634833	0.640	41,495.000000
18.645500	0.640	36,056.000000
18.656167	0.640	34,642.000000
18.666833	0.640	38,373.000000
18.677500	0.640	39,392.000000
18.688167	0.640	37,106.000000
18.698833	0.640	37,843.000000
18.709500	0.640	42,478.000000
18.720167	0.640	45,820.000000
18.730833	0.640	42,360.000000
18.741500	0.640	32,686.000000
18.752167	0.640	25,797.000000
18.762833	0.640	26,835.000000
18.773500	0.640	30,464.000000
18.784167	0.640	31,579.000000
18.794833	0.640	30,393.000000
18.805500	0.640	28,662.000000
18.816167	0.640	29,667.000000
18.826833	0.640	34,405.000000
18.837500	0.640	36,396.000000
18.848167	0.640	31,847.000000
18.858833	0.640	27,748.000000
18.869500	0.640	29,571.000000
18.880167	0.640	32,585.000000
18.890833	0.640	31,376.000000
18.901500	0.640	27,663.000000
18.912167	0.640	25,884.000000
18.922833	0.640	27,690.000000
18.933500	0.640	30,675.000000
18.944167	0.640	31,908.000000
18.954833	0.640	32,372.000000
18.965500	0.640	32,348.000000
18.976167	0.640	29,513.000000
18.986833	0.640	25,892.000000
18.997500	0.640	25,408.000000
19.008167	0.640	26,968.000000
19.018833	0.640	27,475.000000
19.029500	0.640	26,666.000000
19.040167	0.640	25,048.000000
19.050833	0.640	22,919.000000
19.061500	0.640	23,064.000000
19.072167	0.640	26,647.000000
19.082833	0.640	30,237.000000
19.093500	0.640	30,562.000000
19.104167	0.640	27,137.000000
19.114833	0.640	23,069.000000
19.125500	0.640	23,207.000000
19.136167	0.640	27,038.000000
19.146833	0.640	28,425.000000
19.157500	0.640	25,360.000000
19.168167	0.640	21,862.000000
19.178833	0.640	20,736.000000
19.189500	0.640	21,798.000000
19.200167	0.640	24,256.000000
19.210833	0.640	26,550.000000
19.221500	0.640	25,132.000000
19.232167	0.640	20,264.000000
19.242833	0.640	19,413.000000
19.253500	0.640	25,578.000000
19.264167	0.640	32,311.000000
19.274833	0.640	33,848.000000
19.285500	0.640	30,694.000000
19.296167	0.640	26,829.000000
19.306833	0.640	25,522.000000
19.317500	0.640	25,987.000000
19.328167	0.640	23,962.000000
19.338833	0.640	17,820.000000
19.349500	0.640	12,370.000000
19.360167	0.640	13,393.000000
19.370833	0.640	18,827.000000
19.381500	0.640	20,930.000000
19.392167	0.640	18,163.000000
19.402833	0.640	15,727.000000
19.413500	0.640	16,198.000000
19.424167	0.640	18,462.000000
19.434833	0.640	20,201.000000
19.445500	0.640	19,139.000000
19.456167	0.640	17,231.000000
19.466833	0.640	18,675.000000
19.477500	0.640	22,007.000000
19.488167	0.640	22,739.000000
19.498833	0.640	20,660.000000
19.509500	0.640	17,499.000000
19.520167	0.640	14,868.000000
19.530833	0.640	15,091.000000
19.541500	0.640	16,086.000000
19.552167	0.640	13,201.000000
19.562833	0.640	9,648.000000
19.573500	0.640	11,605.000000
19.584217	0.643	16,536.000000
19.594833	0.637	18,491.000000
19.605500	0.640	16,561.000000
19.616167	0.640	13,759.000000
19.626833	0.640	14,470.000000
19.637500	0.640	19,698.000000
19.648167	0.640	23,723.000000
19.658833	0.640	21,419.000000
19.669500	0.640	15,654.000000
19.680167	0.640	12,932.000000
19.690833	0.640	15,582.000000
19.701500	0.640	20,852.000000
19.712167	0.640	24,158.000000
19.722833	0.640	21,727.000000
19.733500	0.640	14,821.000000
19.744167	0.640	9,553.000000
19.754833	0.640	8,257.000000
19.765500	0.640	9,279.000000
19.776167	0.640	13,458.000000
19.786833	0.640	19,440.000000
19.797500	0.640	21,591.000000
19.808167	0.640	18,982.000000
19.818833	0.640	16,355.000000
19.829500	0.640	15,743.000000
19.840167	0.640	14,254.000000
19.850833	0.640	11,103.000000
19.861500	0.640	10,786.000000
19.872167	0.640	16,401.000000
19.882833	0.640	23,728.000000
19.893500	0.640	24,883.000000
19.904167	0.640	19,101.000000
19.914833	0.640	13,465.000000
19.925500	0.640	12,655.000000
19.936167	0.640	15,327.000000
19.946833	0.640	16,035.000000
19.957500	0.640	12,135.000000
19.968167	0.640	9,937.000000
19.978833	0.640	14,423.000000
19.989500	0.640	19,497.000000
20.000167	0.640	18,928.000000
20.010833	0.640	16,397.000000
20.021500	0.640	15,646.000000
20.032167	0.640	12,772.000000
20.042833	0.640	5,410.000000
20.053500	0.640	-650.000000
20.064167	0.640	889.000000
20.074833	0.640	7,948.000000
20.085500	0.640	13,322.000000
20.096167	0.640	13,789.000000
20.106833	0.640	12,192.000000
20.117500	0.640	12,354.000000
20.128167	0.640	14,169.000000
20.138833	0.640	12,972.000000
20.149500	0.640	6,115.000000
20.160167	0.640	-163.000000
20.170833	0.640	557.000000
20.181500	0.640	5,200.000000
20.192167	0.640	9,044.000000
20.202833	0.640	12,389.000000
20.213500	0.640	15,046.000000
20.224167	0.640	13,253.000000
20.234833	0.640	8,420.000000
20.245500	0.640	8,381.000000
20.256167	0.640	14,124.000000
20.266833	0.640	18,943.000000
20.277500	0.640	17,952.000000
20.288167	0.640	13,173.000000
20.298833	0.640	11,297.000000
20.309500	0.640	12,707.000000
20.320167	0.640	11,400.000000
20.330833	0.640	6,807.000000
20.341500	0.640	4,564.000000
20.352167	0.640	6,912.000000
20.362833	0.640	10,663.000000
20.373500	0.640	14,752.000000
20.384167	0.640	19,306.000000
20.394833	0.640	21,082.000000
20.405500	0.640	20,591.000000
20.416167	0.640	24,259.000000
20.426833	0.640	34,365.000000
20.437500	0.640	46,412.000000
20.448167	0.640	56,430.000000
20.458833	0.640	65,576.000000
20.469500	0.640	77,953.000000
20.480167	0.640	95,832.000000
20.490833	0.640	120,316.000000
20.501500	0.640	153,274.000000
20.512167	0.640	193,797.000000
20.522833	0.640	241,675.000000
20.533500	0.640	304,175.000000
20.544167	0.640	387,733.000000
20.554833	0.640	491,203.000000
20.565500	0.640	614,726.000000
20.576167	0.640	763,487.000000
20.586833	0.640	944,479.000000
20.597500	0.640	1,167,078.000000
20.608167	0.640	1,443,438.000000
20.618833	0.640	1,788,630.000000
20.629500	0.640	2,216,827.000000
20.640167	0.640	2,743,727.000000
20.650833	0.640	3,406,089.000000
20.661500	0.640	4,263,381.000000
20.672167	0.640	5,372,872.000000
20.682833	0.640	6,785,483.000000
20.693500	0.640	8,550,592.000000
20.704167	0.640	10,689,520.000000
20.714833	0.640	13,182,277.000000
20.725500	0.640	15,960,502.000000
20.736167	0.640	18,849,892.000000
20.746833	0.640	21,576,281.000000
20.757500	0.640	23,897,694.000000
20.768167	0.640	25,655,836.000000
20.778833	0.640	26,684,642.000000
20.789500	0.640	26,802,211.000000
20.800167	0.640	25,942,420.000000
20.810833	0.640	24,239,905.000000
20.821500	0.640	21,944,986.000000
20.832167	0.640	19,287,719.000000
20.842833	0.640	16,482,531.000000
20.853500	0.640	13,764,625.000000
20.864167	0.640	11,324,758.000000
20.874833	0.640	9,259,481.000000
20.885500	0.640	7,587,741.000000
20.896167	0.640	6,286,890.000000
20.906833	0.640	5,310,361.000000
20.917500	0.640	4,586,475.000000
20.928167	0.640	4,047,842.000000
20.938833	0.640	3,654,328.000000
20.949500	0.640	3,370,009.000000
20.960167	0.640	3,154,441.000000
20.970833	0.640	2,982,704.000000
20.981500	0.640	2,849,306.000000
20.992167	0.640	2,747,916.000000
21.002833	0.640	2,660,109.000000
21.013500	0.640	2,571,469.000000
21.024167	0.640	2,487,626.000000
21.034833	0.640	2,419,998.000000
21.045500	0.640	2,364,933.000000
21.056167	0.640	2,312,390.000000
21.066833	0.640	2,261,333.000000
21.077500	0.640	2,211,189.000000
21.088167	0.640	2,155,420.000000
21.098833	0.640	2,096,579.000000
21.109500	0.640	2,045,875.000000
21.120167	0.640	2,004,666.000000
21.130833	0.640	1,966,951.000000
21.141500	0.640	1,931,985.000000
21.152167	0.640	1,900,277.000000
21.162833	0.640	1,865,987.000000
21.173500	0.640	1,825,877.000000
21.184167	0.640	1,787,450.000000
21.194833	0.640	1,757,101.000000
21.205500	0.640	1,731,965.000000
21.216167	0.640	1,706,675.000000
21.226833	0.640	1,680,947.000000
21.237500	0.640	1,658,943.000000
21.248167	0.640	1,637,338.000000
21.258833	0.640	1,606,609.000000
21.269500	0.640	1,570,596.000000
21.280167	0.640	1,542,835.000000
21.290833	0.640	1,524,226.000000
21.301500	0.640	1,505,680.000000
21.312167	0.640	1,485,138.000000
21.322833	0.640	1,466,900.000000
21.333500	0.640	1,451,215.000000
21.344167	0.640	1,434,075.000000
21.354833	0.640	1,416,620.000000
21.365500	0.640	1,403,523.000000
21.376167	0.640	1,391,117.000000
21.386833	0.640	1,373,676.000000
21.397500	0.640	1,355,286.000000
21.408167	0.640	1,342,145.000000
21.418833	0.640	1,334,245.000000
21.429500	0.640	1,326,869.000000
21.440167	0.640	1,315,493.000000
21.450833	0.640	1,302,008.000000
21.461500	0.640	1,293,496.000000
21.472167	0.640	1,292,170.000000
21.482833	0.640	1,289,737.000000
21.493500	0.640	1,279,229.000000
21.504167	0.640	1,265,268.000000
21.514833	0.640	1,254,081.000000
21.525500	0.640	1,247,244.000000
21.536167	0.640	1,243,756.000000
21.546833	0.640	1,238,892.000000
21.557500	0.640	1,228,725.000000
21.568167	0.640	1,215,034.000000
21.578833	0.640	1,200,766.000000
21.589500	0.640	1,185,018.000000
21.600167	0.640	1,169,142.000000
21.610833	0.640	1,158,661.000000
21.621500	0.640	1,150,050.000000
21.632167	0.640	1,133,789.000000
21.642833	0.640	1,111,258.000000
21.653500	0.640	1,091,759.000000
21.664167	0.640	1,080,339.000000
21.674833	0.640	1,072,008.000000
21.685500	0.640	1,056,739.000000
21.696167	0.640	1,035,040.000000
21.706833	0.640	1,016,085.000000
21.717500	0.640	1,001,105.000000
21.728167	0.640	986,644.000000
21.738833	0.640	973,776.000000
21.749500	0.640	962,951.000000
21.760167	0.640	952,445.000000
21.770833	0.640	941,406.000000
21.781500	0.640	927,765.000000
21.792167	0.640	911,426.000000
21.802833	0.640	896,299.000000
21.813500	0.640	883,696.000000
21.824167	0.640	873,797.000000
21.834833	0.640	865,881.000000
21.845500	0.640	853,823.000000
21.856167	0.640	836,947.000000
21.866833	0.640	823,782.000000
21.877500	0.640	816,850.000000
21.888167	0.640	810,252.000000
21.898833	0.640	801,580.000000
21.909500	0.640	793,979.000000
21.920167	0.640	788,734.000000
21.930833	0.640	784,558.000000
21.941500	0.640	780,919.000000
21.952167	0.640	775,743.000000
21.962833	0.640	765,121.000000
21.973500	0.640	751,293.000000
21.984167	0.640	743,103.000000
21.994833	0.640	742,161.000000
22.005500	0.640	740,239.000000
22.016167	0.640	732,715.000000
22.026833	0.640	721,968.000000
22.037500	0.640	710,936.000000
22.048167	0.640	703,359.000000
22.058833	0.640	701,030.000000
22.069500	0.640	700,108.000000
22.080167	0.640	698,865.000000
22.090833	0.640	696,145.000000
22.101500	0.640	686,943.000000
22.112167	0.640	673,837.000000
22.122833	0.640	666,342.000000
22.133500	0.640	665,623.000000
22.144167	0.640	664,377.000000
22.154833	0.640	657,521.000000
22.165500	0.640	647,974.000000
22.176167	0.640	643,143.000000
22.186833	0.640	642,956.000000
22.197500	0.640	640,621.000000
22.208167	0.640	636,592.000000
22.218833	0.640	634,927.000000
22.229500	0.640	633,080.000000
22.240167	0.640	626,681.000000
22.250833	0.640	615,754.000000
22.261500	0.640	607,371.000000
22.272167	0.640	608,267.000000
22.282833	0.640	613,068.000000
22.293500	0.640	612,298.000000
22.304167	0.640	605,136.000000
22.314833	0.640	597,391.000000
22.325500	0.640	592,411.000000
22.336167	0.640	587,784.000000
22.346833	0.640	582,484.000000
22.357500	0.640	580,073.000000
22.368167	0.640	583,007.000000
22.378833	0.640	588,440.000000
22.389500	0.640	589,265.000000
22.400167	0.640	582,062.000000
22.410833	0.640	574,448.000000
22.421500	0.640	574,841.000000
22.432167	0.640	578,298.000000
22.442833	0.640	574,168.000000
22.453500	0.640	560,773.000000
22.464167	0.640	548,487.000000
22.474833	0.640	549,083.000000
22.485500	0.640	558,711.000000
22.496167	0.640	562,357.000000
22.506833	0.640	556,642.000000
22.517500	0.640	550,566.000000
22.528167	0.640	547,772.000000
22.538833	0.640	545,823.000000
22.549500	0.640	545,636.000000
22.560167	0.640	548,692.000000
22.570833	0.640	552,162.000000
22.581500	0.640	553,365.000000
22.592167	0.640	552,140.000000
22.602833	0.640	548,166.000000
22.613500	0.640	542,877.000000
22.624167	0.640	538,931.000000
22.634833	0.640	536,281.000000
22.645500	0.640	534,902.000000
22.656167	0.640	534,835.000000
22.666833	0.640	532,595.000000
22.677500	0.640	527,004.000000
22.688167	0.640	522,074.000000
22.698833	0.640	519,188.000000
22.709500	0.640	517,429.000000
22.720167	0.640	517,691.000000
22.730833	0.640	519,149.000000
22.741500	0.640	519,580.000000
22.752167	0.640	518,319.000000
22.762833	0.640	513,838.000000
22.773500	0.640	504,934.000000
22.784167	0.640	498,249.000000
22.794833	0.640	501,177.000000
22.805500	0.640	506,435.000000
22.816167	0.640	504,423.000000
22.826833	0.640	500,201.000000
22.837500	0.640	499,555.000000
22.848167	0.640	498,770.000000
22.858833	0.640	496,084.000000
22.869500	0.640	495,859.000000
22.880167	0.640	501,642.000000
22.890833	0.640	508,978.000000
22.901500	0.640	508,495.000000
22.912167	0.640	500,057.000000
22.922833	0.640	493,481.000000
22.933500	0.640	494,590.000000
22.944167	0.640	497,625.000000
22.954833	0.640	495,705.000000
22.965500	0.640	493,883.000000
22.976167	0.640	496,399.000000
22.986833	0.640	496,955.000000
22.997500	0.640	494,559.000000
23.008167	0.640	494,067.000000
23.018833	0.640	494,622.000000
23.029500	0.640	494,587.000000
23.040167	0.640	496,364.000000
23.050833	0.640	502,810.000000
23.061500	0.640	511,803.000000
23.072167	0.640	516,707.000000
23.082833	0.640	516,961.000000
23.093500	0.640	518,617.000000
23.104167	0.640	522,657.000000
23.114833	0.640	523,507.000000
23.125500	0.640	519,965.000000
23.136167	0.640	519,402.000000
23.146833	0.640	523,248.000000
23.157500	0.640	522,157.000000
23.168167	0.640	515,440.000000
23.178833	0.640	513,284.000000
23.189500	0.640	517,607.000000
23.200167	0.640	520,352.000000
23.210833	0.640	518,394.000000
23.221500	0.640	515,202.000000
23.232167	0.640	511,285.000000
23.242833	0.640	507,999.000000
23.253500	0.640	509,843.000000
23.264167	0.640	514,742.000000
23.274833	0.640	517,291.000000
23.285500	0.640	516,217.000000
23.296167	0.640	512,181.000000
23.306833	0.640	508,672.000000
23.317500	0.640	510,748.000000
23.328167	0.640	517,972.000000
23.338833	0.640	524,951.000000
23.349500	0.640	528,483.000000
23.360167	0.640	529,529.000000
23.370833	0.640	530,078.000000
23.381500	0.640	530,967.000000
23.392167	0.640	532,809.000000
23.402833	0.640	536,661.000000
23.413500	0.640	540,738.000000
23.424167	0.640	543,771.000000
23.434833	0.640	548,507.000000
23.445500	0.640	553,281.000000
23.456167	0.640	553,978.000000
23.466833	0.640	554,430.000000
23.477500	0.640	558,815.000000
23.488167	0.640	562,027.000000
23.498833	0.640	560,893.000000
23.509500	0.640	562,085.000000
23.520167	0.640	569,303.000000
23.530833	0.640	577,452.000000
23.541500	0.640	582,532.000000
23.552167	0.640	586,503.000000
23.562833	0.640	592,153.000000
23.573500	0.640	596,678.000000
23.584167	0.640	595,809.000000
23.594833	0.640	592,500.000000
23.605500	0.640	590,855.000000
23.616167	0.640	588,281.000000
23.626833	0.640	583,706.000000
23.637500	0.640	582,943.000000
23.648167	0.640	587,456.000000
23.658833	0.640	589,570.000000
23.669500	0.640	587,470.000000
23.680167	0.640	589,227.000000
23.690833	0.640	595,576.000000
23.701500	0.640	597,637.000000
23.712167	0.640	594,042.000000
23.722833	0.640	592,407.000000
23.733500	0.640	594,685.000000
23.744167	0.640	598,089.000000
23.754833	0.640	603,159.000000
23.765500	0.640	608,324.000000
23.776167	0.640	609,598.000000
23.786833	0.640	606,251.000000
23.797500	0.640	600,908.000000
23.808167	0.640	599,263.000000
23.818833	0.640	603,435.000000
23.829500	0.640	609,251.000000
23.840167	0.640	616,519.000000
23.850833	0.640	627,769.000000
23.861500	0.640	637,135.000000
23.872167	0.640	637,478.000000
23.882833	0.640	632,089.000000
23.893500	0.640	627,670.000000
23.904167	0.640	626,875.000000
23.914833	0.640	630,565.000000
23.925500	0.640	638,390.000000
23.936167	0.640	647,976.000000
23.946833	0.640	655,830.000000
23.957500	0.640	657,985.000000
23.968167	0.640	654,406.000000
23.978833	0.640	653,159.000000
23.989500	0.640	660,118.000000
24.000167	0.640	669,760.000000
24.010833	0.640	674,143.000000
24.021500	0.640	673,387.000000
24.032167	0.640	673,534.000000
24.042833	0.640	677,151.000000
24.053500	0.640	681,861.000000
24.064167	0.640	685,981.000000
24.074833	0.640	689,827.000000
24.085500	0.640	694,022.000000
24.096167	0.640	696,363.000000
24.106833	0.640	693,685.000000
24.117500	0.640	688,888.000000
24.128167	0.640	688,194.000000
24.138833	0.640	692,121.000000
24.149500	0.640	695,819.000000
24.160167	0.640	696,849.000000
24.170833	0.640	696,601.000000
24.181500	0.640	696,670.000000
24.192167	0.640	697,717.000000
24.202833	0.640	697,490.000000
24.213500	0.640	694,074.000000
24.224167	0.640	691,483.000000
24.234833	0.640	694,566.000000
24.245500	0.640	702,628.000000
24.256167	0.640	709,488.000000
24.266833	0.640	709,645.000000
24.277500	0.640	705,266.000000
24.288167	0.640	702,114.000000
24.298833	0.640	704,297.000000
24.309500	0.640	713,079.000000
24.320167	0.640	723,042.000000
24.330833	0.640	726,768.000000
24.341500	0.640	725,160.000000
24.352167	0.640	723,635.000000
24.362833	0.640	722,575.000000
24.373500	0.640	720,989.000000
24.384167	0.640	719,811.000000
24.394833	0.640	717,659.000000
24.405500	0.640	715,815.000000
24.416167	0.640	719,566.000000
24.426833	0.640	727,206.000000
24.437500	0.640	731,311.000000
24.448167	0.640	729,082.000000
24.458833	0.640	724,047.000000
24.469500	0.640	722,278.000000
24.480167	0.640	725,361.000000
24.490833	0.640	728,811.000000
24.501500	0.640	732,267.000000
24.512167	0.640	739,791.000000
24.522833	0.640	748,650.000000
24.533500	0.640	752,674.000000
24.544167	0.640	751,387.000000
24.554833	0.640	748,486.000000
24.565500	0.640	748,835.000000
24.576167	0.640	753,801.000000
24.586833	0.640	757,417.000000
24.597500	0.640	756,106.000000
24.608167	0.640	755,369.000000
24.618833	0.640	757,605.000000
24.629500	0.640	759,372.000000
24.640167	0.640	760,521.000000
24.650833	0.640	762,575.000000
24.661500	0.640	767,639.000000
24.672167	0.640	774,703.000000
24.682833	0.640	776,125.000000
24.693500	0.640	768,835.000000
24.704167	0.640	759,287.000000
24.714833	0.640	755,194.000000
24.725500	0.640	758,285.000000
24.736167	0.640	764,914.000000
24.746833	0.640	769,222.000000
24.757500	0.640	767,021.000000
24.768167	0.640	763,747.000000
24.778833	0.640	768,972.000000
24.789500	0.640	781,494.000000
24.800167	0.640	791,427.000000
24.810833	0.640	794,394.000000
24.821500	0.640	796,252.000000
24.832167	0.640	801,642.000000
24.842833	0.640	806,805.000000
24.853500	0.640	809,916.000000
24.864167	0.640	812,851.000000
24.874833	0.640	810,807.000000
24.885500	0.640	800,187.000000
24.896167	0.640	790,328.000000
24.906833	0.640	787,801.000000
24.917500	0.640	784,616.000000
24.928167	0.640	778,336.000000
24.938833	0.640	778,749.000000
24.949500	0.640	786,875.000000
24.960167	0.640	793,872.000000
24.970833	0.640	797,747.000000
24.981500	0.640	800,144.000000
24.992167	0.640	796,336.000000
25.002833	0.640	787,732.000000
25.013500	0.640	785,633.000000
25.024167	0.640	790,054.000000
25.034833	0.640	791,998.000000
25.045500	0.640	792,506.000000
25.056167	0.640	796,238.000000
25.066833	0.640	799,830.000000
25.077500	0.640	799,337.000000
25.088167	0.640	798,276.000000
25.098833	0.640	799,771.000000
25.109500	0.640	800,262.000000
25.120167	0.640	797,398.000000
25.130833	0.640	794,315.000000
25.141500	0.640	795,256.000000
25.152167	0.640	801,489.000000
25.162833	0.640	811,646.000000
25.173500	0.640	825,161.000000
25.184167	0.640	843,876.000000
25.194833	0.640	875,065.000000
25.205500	0.640	930,894.000000
25.216167	0.640	1,023,743.000000
25.226833	0.640	1,170,256.000000
25.237500	0.640	1,399,819.000000
25.248167	0.640	1,761,177.000000
25.258833	0.640	2,322,493.000000
25.269500	0.640	3,163,082.000000
25.280167	0.640	4,379,162.000000
25.290833	0.640	6,094,218.000000
25.301500	0.640	8,439,853.000000
25.312167	0.640	11,517,489.000000
25.322833	0.640	15,355,118.000000
25.333500	0.640	19,885,603.000000
25.344167	0.640	24,951,240.000000
25.354833	0.640	30,256,992.000000
25.365500	0.640	35,335,265.000000
25.376167	0.640	39,648,631.000000
25.386833	0.640	42,708,640.000000
25.397500	0.640	44,138,943.000000
25.408167	0.640	43,732,145.000000
25.418833	0.640	41,486,007.000000
25.429500	0.640	37,680,386.000000
25.440167	0.640	32,834,746.000000
25.450833	0.640	27,471,190.000000
25.461500	0.640	22,052,942.000000
25.472167	0.640	17,022,777.000000
25.482833	0.640	12,687,871.000000
25.493500	0.640	9,173,587.000000
25.504167	0.640	6,485,778.000000
25.514833	0.640	4,536,749.000000
25.525500	0.640	3,183,514.000000
25.536167	0.640	2,277,335.000000
25.546833	0.640	1,684,065.000000
25.557500	0.640	1,305,657.000000
25.568167	0.640	1,077,530.000000
25.578833	0.640	941,093.000000
25.589500	0.640	851,799.000000
25.600167	0.640	792,180.000000
25.610833	0.640	755,430.000000
25.621500	0.640	737,066.000000
25.632167	0.640	733,759.000000
25.642833	0.640	735,244.000000
25.653500	0.640	731,061.000000
25.664167	0.640	722,517.000000
25.674833	0.640	715,770.000000
25.685500	0.640	711,848.000000
25.696167	0.640	707,061.000000
25.706833	0.640	699,484.000000
25.717500	0.640	694,227.000000
25.728167	0.640	697,260.000000
25.738833	0.640	704,775.000000
25.749500	0.640	707,219.000000
25.760167	0.640	704,872.000000
25.770833	0.640	706,044.000000
25.781500	0.640	711,461.000000
25.792167	0.640	717,173.000000
25.802833	0.640	723,765.000000
25.813500	0.640	731,312.000000
25.824167	0.640	737,667.000000
25.834833	0.640	744,186.000000
25.845500	0.640	758,298.000000
25.856167	0.640	789,147.000000
25.866833	0.640	835,632.000000
25.877500	0.640	886,851.000000
25.888167	0.640	932,210.000000
25.898833	0.640	960,860.000000
25.909500	0.640	962,474.000000
25.920167	0.640	934,891.000000
25.930833	0.640	888,638.000000
25.941500	0.640	840,043.000000
25.952167	0.640	798,804.000000
25.962833	0.640	767,682.000000
25.973500	0.640	748,176.000000
25.984167	0.640	739,064.000000
25.994833	0.640	736,719.000000
26.005500	0.640	738,208.000000
26.016167	0.640	739,782.000000
26.026833	0.640	740,086.000000
26.037500	0.640	741,869.000000
26.048167	0.640	745,413.000000
26.058833	0.640	749,162.000000
26.069500	0.640	752,659.000000
26.080167	0.640	755,820.000000
26.090833	0.640	760,867.000000
26.101500	0.640	770,489.000000
26.112167	0.640	783,238.000000
26.122833	0.640	795,357.000000
26.133500	0.640	805,468.000000
26.144167	0.640	814,490.000000
26.154833	0.640	820,564.000000
26.165500	0.640	817,302.000000
26.176167	0.640	804,020.000000
26.186833	0.640	792,527.000000
26.197500	0.640	792,840.000000
26.208167	0.640	800,970.000000
26.218833	0.640	810,099.000000
26.229500	0.640	823,884.000000
26.240167	0.640	849,030.000000
26.250833	0.640	879,756.000000
26.261500	0.640	900,459.000000
26.272167	0.640	902,137.000000
26.282833	0.640	890,023.000000
26.293500	0.640	877,680.000000
26.304167	0.640	873,256.000000
26.314833	0.640	873,935.000000
26.325500	0.640	880,964.000000
26.336167	0.640	912,679.000000
26.346833	0.640	1,000,723.000000
26.357500	0.640	1,211,451.000000
26.368167	0.640	1,704,091.000000
26.378833	0.640	2,651,519.000000
26.389500	0.640	3,875,465.000000
26.400167	0.640	4,652,330.000000
26.410833	0.640	4,321,263.000000
26.421500	0.640	3,099,842.000000
26.432167	0.640	1,867,970.000000
26.442833	0.640	1,207,046.000000
26.453500	0.640	1,035,407.000000
26.464167	0.640	1,032,319.000000
26.474833	0.640	1,030,278.000000
26.485500	0.640	1,019,190.000000
26.496167	0.640	1,019,012.000000
26.506833	0.640	1,032,606.000000
26.517500	0.640	1,054,827.000000
26.528167	0.640	1,080,965.000000
26.538833	0.640	1,108,509.000000
26.549500	0.640	1,136,851.000000
26.560167	0.640	1,166,631.000000
26.570833	0.640	1,194,594.000000
26.581500	0.640	1,211,355.000000
26.592167	0.640	1,212,807.000000
26.602833	0.640	1,208,614.000000
26.613500	0.640	1,209,109.000000
26.624167	0.640	1,211,646.000000
26.634833	0.640	1,211,083.000000
26.645500	0.640	1,210,299.000000
26.656167	0.640	1,213,256.000000
26.666833	0.640	1,222,553.000000
26.677500	0.640	1,243,466.000000
26.688167	0.640	1,280,342.000000
26.698833	0.640	1,335,462.000000
26.709500	0.640	1,421,462.000000
26.720167	0.640	1,576,950.000000
26.730833	0.640	1,855,101.000000
26.741500	0.640	2,234,797.000000
26.752167	0.640	2,525,710.000000
26.762833	0.640	2,502,944.000000
26.773500	0.640	2,202,133.000000
26.784167	0.640	1,911,961.000000
26.794833	0.640	1,834,044.000000
26.805500	0.640	1,920,851.000000
26.816167	0.640	2,031,857.000000
26.826833	0.640	2,099,933.000000
26.837500	0.640	2,160,461.000000
26.848167	0.640	2,291,820.000000
26.858833	0.640	2,555,010.000000
26.869500	0.640	3,114,403.000000
26.880167	0.640	4,897,020.000000
26.890833	0.640	11,918,907.000000
26.901500	0.640	34,484,226.000000
26.912167	0.640	81,107,738.000000
26.922833	0.640	134,058,235.000000
26.933500	0.640	149,954,188.000000
26.944167	0.640	110,774,096.000000
26.954833	0.640	51,713,674.000000
26.965500	0.640	15,145,159.000000
26.976167	0.640	6,098,729.000000
26.986833	0.640	7,009,049.000000
26.997500	0.640	7,466,066.000000
27.008167	0.640	8,993,808.000000
27.018833	0.640	19,021,100.000000
27.029500	0.640	50,126,395.000000
27.040167	0.640	113,614,280.000000
27.050833	0.640	196,298,299.000000
27.061500	0.640	249,322,809.000000
27.072167	0.640	228,425,731.000000
27.082833	0.640	147,768,080.000000
27.093500	0.640	66,369,553.000000
27.104167	0.640	23,485,669.000000
27.114833	0.640	13,294,984.000000
27.125500	0.640	14,412,412.000000
27.136167	0.640	16,101,340.000000
27.146833	0.640	16,445,350.000000
27.157500	0.640	14,721,600.000000
27.168167	0.640	11,494,441.000000
27.178833	0.640	8,924,365.000000
27.189500	0.640	8,178,877.000000
27.200167	0.640	8,803,404.000000
27.210833	0.640	10,220,626.000000
27.221500	0.640	11,965,686.000000
27.232167	0.640	13,085,082.000000
27.242833	0.640	14,543,309.000000
27.253500	0.640	29,019,229.000000
27.264167	0.640	29,892,347.000000
27.264333	0.010	54,838,520.000000
27.264500	0.010	29,892,347.000000
27.264667	0.010	54,838,520.000000
27.264833	0.010	29,892,347.000000
27.265000	0.010	54,838,520.000000
27.265167	0.010	29,892,347.000000
27.274833	0.580	29,892,347.000000
27.285500	0.640	29,892,347.000000
27.296167	0.640	29,892,347.000000
27.306833	0.640	29,892,347.000000
27.317500	0.640	29,892,347.000000
27.317667	0.010	54,838,520.000000
27.317833	0.010	29,892,347.000000
27.318000	0.010	54,838,520.000000
27.318167	0.010	29,892,347.000000
27.318333	0.010	54,838,520.000000
27.318500	0.010	29,892,347.000000
27.328167	0.580	184,927,080.000000
27.338833	0.640	90,143,881.000000
27.349500	0.640	57,901,220.000000
27.360167	0.640	57,186,876.000000
27.370833	0.640	58,444,145.000000
27.381500	0.640	59,317,263.000000
27.381667	0.010	98,975,894.000000
27.381833	0.010	59,317,263.000000
27.382000	0.010	98,975,894.000000
27.382167	0.010	59,317,263.000000
27.382333	0.010	98,975,894.000000
27.382500	0.010	59,317,263.000000
27.392167	0.580	59,317,263.000000
27.402833	0.640	59,317,263.000000
27.413500	0.640	59,317,263.000000
27.424167	0.640	59,317,263.000000
27.434833	0.640	59,317,263.000000
27.445500	0.640	59,317,263.000000
27.456167	0.640	59,317,263.000000
27.466833	0.640	59,317,263.000000
27.477500	0.640	59,317,263.000000
27.477667	0.010	98,975,894.000000
27.477833	0.010	59,317,263.000000
27.478000	0.010	98,975,894.000000
27.478167	0.010	59,317,263.000000
27.478333	0.010	98,975,894.000000
27.478500	0.010	59,317,263.000000
27.488167	0.580	162,745,165.000000
27.498833	0.640	112,648,588.000000
27.509500	0.640	101,651,811.000000
27.520167	0.640	93,280,714.000000
27.530833	0.640	72,334,102.000000
27.541500	0.640	52,765,962.000000
27.552167	0.640	42,981,411.000000
27.562833	0.640	38,241,468.000000
27.573500	0.640	33,980,054.000000
27.584167	0.640	30,210,566.000000
27.594833	0.640	28,135,772.000000
27.605500	0.640	27,650,151.000000
27.616167	0.640	27,305,435.000000
27.626833	0.640	25,715,862.000000
27.637500	0.640	23,265,450.000000
27.648167	0.640	21,466,020.000000
27.658833	0.640	20,664,105.000000
27.669500	0.640	19,898,078.000000
27.680167	0.640	18,702,362.000000
27.690833	0.640	17,666,234.000000
27.701500	0.640	17,309,650.000000
27.712167	0.640	17,415,447.000000
27.722833	0.640	17,496,199.000000
27.733500	0.640	17,331,790.000000
27.744167	0.640	17,162,644.000000
27.754833	0.640	17,521,678.000000
27.765500	0.640	18,619,998.000000
27.776167	0.640	19,986,482.000000
27.786833	0.640	20,886,903.000000
27.797500	0.640	20,867,528.000000
27.808167	0.640	19,937,596.000000
27.818833	0.640	18,593,212.000000
27.829500	0.640	17,553,950.000000
27.840167	0.640	17,226,768.000000
27.850833	0.640	17,475,365.000000
27.861500	0.640	17,983,686.000000
27.872167	0.640	19,275,038.000000
27.882833	0.640	24,770,159.000000
27.893500	0.640	46,278,701.000000
27.904167	0.640	47,151,819.000000
27.904333	0.010	80,727,728.000000
27.904500	0.010	47,151,819.000000
27.904667	0.010	80,727,728.000000
27.904833	0.010	47,151,819.000000
27.905000	0.010	80,727,728.000000
27.905167	0.010	47,151,819.000000
27.914833	0.580	47,151,819.000000
27.925500	0.640	47,151,819.000000
27.936167	0.640	47,151,819.000000
27.946833	0.640	47,151,819.000000
27.957500	0.640	47,151,819.000000
27.968167	0.640	47,151,819.000000
27.978833	0.640	47,151,819.000000
27.989500	0.640	47,151,819.000000
28.000167	0.640	47,151,819.000000
28.010833	0.640	47,151,819.000000
28.021500	0.640	47,151,819.000000
28.032167	0.640	47,151,819.000000
28.042833	0.640	47,151,819.000000
28.053500	0.640	47,151,819.000000
28.064167	0.640	47,151,819.000000
28.074833	0.640	47,151,819.000000
28.085500	0.640	47,151,819.000000
28.096167	0.640	47,151,819.000000
28.096333	0.010	80,727,728.000000
28.096500	0.010	47,151,819.000000
28.096667	0.010	80,727,728.000000
28.096833	0.010	47,151,819.000000
28.097000	0.010	80,727,728.000000
28.097167	0.010	47,151,819.000000
28.106833	0.580	187,831,155.000000
28.117500	0.640	87,136,440.000000
28.128167	0.640	61,935,923.000000
28.138833	0.640	63,722,949.000000
28.149500	0.640	61,053,537.000000
28.160167	0.640	53,854,004.000000
28.170833	0.640	44,260,118.000000
28.181500	0.640	32,651,995.000000
28.192167	0.640	24,984,976.000000
28.202833	0.640	28,833,030.000000
28.213500	0.640	50,828,855.000000
28.224167	0.640	93,834,638.000000
28.234833	0.640	146,423,235.000000
28.245500	0.640	185,921,904.000000
28.256167	0.640	202,956,835.000000
28.266833	0.640	209,451,404.000000
28.277500	0.640	216,142,334.000000
28.288167	0.640	218,979,150.000000
28.298833	0.640	211,174,500.000000
28.309500	0.640	194,742,655.000000
28.320167	0.640	177,192,796.000000
28.330833	0.640	163,837,483.000000
28.341500	0.640	154,817,868.000000
28.352167	0.640	145,740,764.000000
28.362833	0.640	129,724,471.000000
28.373500	0.640	102,678,314.000000
28.384167	0.640	69,466,931.000000
28.394833	0.640	41,330,919.000000
28.405500	0.640	25,004,889.000000
28.416167	0.640	18,177,366.000000
28.426833	0.640	15,915,037.000000
28.437500	0.640	16,390,171.000000
28.448167	0.640	19,115,536.000000
28.458833	0.640	21,645,293.000000
28.469500	0.640	20,974,588.000000
28.480167	0.640	17,064,249.000000
28.490833	0.640	12,650,650.000000
28.501500	0.640	9,890,851.000000
28.512167	0.640	8,790,786.000000
28.522833	0.640	8,431,790.000000
28.533500	0.640	8,270,476.000000
28.544167	0.640	8,181,815.000000
28.554833	0.640	8,076,929.000000
28.565500	0.640	7,867,513.000000
28.576167	0.640	7,582,106.000000
28.586833	0.640	7,318,763.000000
28.597500	0.640	7,132,225.000000
28.608167	0.640	6,984,280.000000
28.618833	0.640	6,748,811.000000
28.629500	0.640	6,266,841.000000
28.640167	0.640	5,446,835.000000
28.650833	0.640	4,359,192.000000
28.661500	0.640	3,226,798.000000
28.672167	0.640	2,265,261.000000
28.682833	0.640	1,543,436.000000
28.693500	0.640	1,035,119.000000
28.704167	0.640	729,631.000000
28.714833	0.640	687,859.000000
28.725500	0.640	910,511.000000
28.736167	0.640	1,055,380.000000
28.746833	0.640	774,029.000000
28.757500	0.640	312,519.000000
28.768167	0.640	91,530.000000
28.778833	0.640	90,069.000000
28.789500	0.640	100,333.000000
28.800167	0.640	72,176.000000
28.810833	0.640	46,668.000000
28.821500	0.640	39,393.000000
28.832167	0.640	38,192.000000
28.842833	0.640	32,448.000000
28.853500	0.640	23,670.000000
28.864167	0.640	17,594.000000
28.874833	0.640	13,941.000000
28.885500	0.640	10,694.000000
28.896167	0.640	10,333.000000
28.906833	0.640	12,970.000000
28.917500	0.640	12,648.000000
28.928167	0.640	8,837.000000
28.938833	0.640	8,805.000000
28.949500	0.640	13,175.000000
28.960167	0.640	12,568.000000
28.970833	0.640	2,935.000000
28.981500	0.640	-5,534.000000
28.992167	0.640	-3,186.000000
29.002833	0.640	5,692.000000
29.013500	0.640	11,905.000000
29.024167	0.640	11,274.000000
29.034833	0.640	5,919.000000
29.045500	0.640	3,488.000000
29.056167	0.640	7,830.000000
29.066833	0.640	10,835.000000
29.077500	0.640	4,764.000000
29.088167	0.640	-3,804.000000
29.098833	0.640	-3,827.000000
29.109500	0.640	3,165.000000
29.120167	0.640	6,876.000000
29.130833	0.640	4,730.000000
29.141500	0.640	2,445.000000
29.152167	0.640	3,296.000000
29.162833	0.640	4,740.000000
29.173500	0.640	2,360.000000
29.184167	0.640	-2,929.000000
29.194833	0.640	-4,450.000000
29.205500	0.640	69.000000
29.216167	0.640	5,082.000000
29.226833	0.640	6,645.000000
29.237500	0.640	5,826.000000
29.248167	0.640	4,380.000000
29.258833	0.640	4,018.000000
29.269500	0.640	4,434.000000
29.280167	0.640	3,636.000000
29.290833	0.640	1,904.000000
29.301500	0.640	1,194.000000
29.312167	0.640	3,590.000000
29.322833	0.640	7,875.000000
29.333500	0.640	8,404.000000
29.344167	0.640	4,149.000000
29.354833	0.640	877.000000
29.365500	0.640	951.000000
29.376167	0.640	2,592.000000
29.386833	0.640	4,585.000000
29.397500	0.640	4,449.000000
29.408167	0.640	3,122.000000
29.418833	0.640	5,588.000000
29.429500	0.640	9,158.000000
29.440167	0.640	7,564.000000
29.450833	0.640	2,576.000000
29.461500	0.640	-971.000000
29.472167	0.640	-715.000000
29.482833	0.640	2,962.000000
29.493500	0.640	5,723.000000
29.504167	0.640	4,956.000000
29.514833	0.640	3,727.000000
29.525500	0.640	4,333.000000
29.536167	0.640	5,377.000000
29.546833	0.640	6,387.000000
29.557500	0.640	7,697.000000
29.568167	0.640	6,366.000000
29.578833	0.640	2,715.000000
29.589500	0.640	4,129.000000
29.600167	0.640	10,603.000000
29.610833	0.640	12,263.000000
29.621500	0.640	7,654.000000
29.632167	0.640	5,818.000000
29.642833	0.640	9,202.000000
29.653500	0.640	11,636.000000
29.664167	0.640	10,885.000000
29.674833	0.640	9,099.000000
29.685500	0.640	6,931.000000
29.696167	0.640	5,090.000000
29.706833	0.640	4,996.000000
29.717500	0.640	6,030.000000
29.728167	0.640	5,397.000000
29.738833	0.640	2,057.000000
29.749500	0.640	-902.000000
29.760167	0.640	-772.000000
29.770833	0.640	1,835.000000
29.781500	0.640	4,990.000000
29.792167	0.640	5,578.000000
29.802833	0.640	3,147.000000
29.813500	0.640	2,833.000000
29.824167	0.640	6,580.000000
29.834833	0.640	9,337.000000
29.845500	0.640	8,164.000000
29.856167	0.640	5,770.000000
29.866833	0.640	4,175.000000
29.877500	0.640	2,341.000000
29.888167	0.640	794.000000
29.898833	0.640	3,544.000000
29.909500	0.640	10,974.000000
29.920167	0.640	15,267.000000
29.930833	0.640	10,738.000000
29.941500	0.640	2,024.000000
29.952167	0.640	-2,619.000000
29.962833	0.640	436.000000
29.973500	0.640	8,641.000000
29.984167	0.640	15,574.000000
29.994833	0.640	15,803.000000
30.005500	0.640	9,912.000000
