File Path	chrom://nnfcb-l0495/ChromeleonLocal/20180320_AA_Lars Nielsen samples Vienna_lbpet.seq/640.smp/Emission_1.channel/Emission_1.chm
Channel	Emission_1

Injection Information:
Data Vault	ChromeleonLocal
Injection	20180320_Lars Nielsen samples Vienna_dx20_BB9
Injection Number	34
Position	BB9
Comment	
Processing Method	20171024_Calculated with IS_lbpet
Instrument Method	20161104_AA_GeminiC18_FinalVer7
Type	Unknown
Status	Finished
Injection Date	21-03-2018
Injection Time	06:32:51
Injection Volume (µl)	56.500
Dilution Factor	1.0000
Weight	1.0000

Raw Data Information:
Time Min. (min)	0.003883
Time Max. (min)	30.001550
Data Points	2813
Detector	FLD
Exporting Data System	Chromeleon 7.1.2.1478
Operator	
Signal Quantity	
Signal Unit	counts
Signal Min.	-2,095.000000
Signal Max.	70,781,847.000000
Channel	Emission_1
Driver Name	FLD3000.dll
Channel Type	Evaluation
Min. Step (s)	0.640
Max. Step (s)	0.820
Average Step (s)	0.640

Signal Parameter Information:
Signal Info	340 nm /450 nm

Raw Data:
Time (min)	Step (s)	Value (counts)
0.003883	0.000	0.000000
0.017550	0.820	0.000000
0.028217	0.640	0.000000
0.038883	0.640	725.000000
0.049550	0.640	1,860.000000
0.060217	0.640	2,818.000000
0.070883	0.640	2,901.000000
0.081550	0.640	2,094.000000
0.092217	0.640	1,554.000000
0.102883	0.640	2,307.000000
0.113550	0.640	3,793.000000
0.124217	0.640	4,827.000000
0.134883	0.640	4,969.000000
0.145550	0.640	4,103.000000
0.156217	0.640	2,282.000000
0.166883	0.640	586.000000
0.177550	0.640	563.000000
0.188217	0.640	2,199.000000
0.198883	0.640	3,722.000000
0.209550	0.640	3,874.000000
0.220217	0.640	3,162.000000
0.230883	0.640	2,547.000000
0.241550	0.640	2,371.000000
0.252217	0.640	2,633.000000
0.262883	0.640	2,812.000000
0.273550	0.640	2,526.000000
0.284217	0.640	2,300.000000
0.294883	0.640	2,214.000000
0.305550	0.640	1,762.000000
0.316217	0.640	1,510.000000
0.326883	0.640	2,404.000000
0.337550	0.640	3,562.000000
0.348217	0.640	3,415.000000
0.358883	0.640	2,516.000000
0.369550	0.640	2,222.000000
0.380217	0.640	2,522.000000
0.390883	0.640	2,777.000000
0.401550	0.640	2,483.000000
0.412217	0.640	2,002.000000
0.422883	0.640	2,187.000000
0.433550	0.640	2,509.000000
0.444217	0.640	2,180.000000
0.454883	0.640	1,726.000000
0.465550	0.640	1,634.000000
0.476217	0.640	1,988.000000
0.486883	0.640	2,631.000000
0.497550	0.640	2,710.000000
0.508217	0.640	1,987.000000
0.518883	0.640	1,285.000000
0.529550	0.640	1,128.000000
0.540217	0.640	1,493.000000
0.550883	0.640	1,895.000000
0.561550	0.640	1,957.000000
0.572217	0.640	2,238.000000
0.582883	0.640	3,001.000000
0.593550	0.640	3,315.000000
0.604217	0.640	2,724.000000
0.614883	0.640	1,893.000000
0.625550	0.640	1,188.000000
0.636217	0.640	798.000000
0.646883	0.640	1,339.000000
0.657550	0.640	2,189.000000
0.668217	0.640	2,122.000000
0.678883	0.640	1,945.000000
0.689550	0.640	2,584.000000
0.700217	0.640	3,364.000000
0.710883	0.640	4,104.000000
0.721550	0.640	4,748.000000
0.732217	0.640	4,371.000000
0.742883	0.640	3,579.000000
0.753550	0.640	3,670.000000
0.764217	0.640	3,516.000000
0.774883	0.640	2,433.000000
0.785550	0.640	2,092.000000
0.796217	0.640	2,521.000000
0.806883	0.640	1,856.000000
0.817550	0.640	225.000000
0.828217	0.640	-332.000000
0.838883	0.640	940.000000
0.849550	0.640	2,801.000000
0.860217	0.640	3,865.000000
0.870883	0.640	3,916.000000
0.881550	0.640	3,506.000000
0.892217	0.640	2,855.000000
0.902883	0.640	1,796.000000
0.913550	0.640	814.000000
0.924217	0.640	856.000000
0.934883	0.640	1,794.000000
0.945550	0.640	2,814.000000
0.956217	0.640	3,249.000000
0.966883	0.640	2,803.000000
0.977550	0.640	2,513.000000
0.988217	0.640	3,132.000000
0.998883	0.640	3,652.000000
1.009550	0.640	3,222.000000
1.020217	0.640	2,338.000000
1.030883	0.640	2,224.000000
1.041550	0.640	2,768.000000
1.052217	0.640	2,238.000000
1.062883	0.640	661.000000
1.073550	0.640	56.000000
1.084217	0.640	960.000000
1.094883	0.640	2,039.000000
1.105550	0.640	2,257.000000
1.116217	0.640	1,887.000000
1.126883	0.640	1,867.000000
1.137550	0.640	2,425.000000
1.148217	0.640	3,035.000000
1.158883	0.640	3,635.000000
1.169550	0.640	4,358.000000
1.180217	0.640	4,530.000000
1.190883	0.640	3,766.000000
1.201550	0.640	2,816.000000
1.212217	0.640	2,273.000000
1.222883	0.640	2,400.000000
1.233550	0.640	3,180.000000
1.244217	0.640	3,438.000000
1.254883	0.640	2,409.000000
1.265550	0.640	1,254.000000
1.276217	0.640	964.000000
1.286883	0.640	648.000000
1.297550	0.640	-489.000000
1.308217	0.640	-1,333.000000
1.318883	0.640	-761.000000
1.329550	0.640	372.000000
1.340217	0.640	835.000000
1.350883	0.640	1,016.000000
1.361550	0.640	1,683.000000
1.372217	0.640	2,516.000000
1.382883	0.640	3,198.000000
1.393550	0.640	3,851.000000
1.404217	0.640	4,448.000000
1.414883	0.640	4,604.000000
1.425550	0.640	3,488.000000
1.436217	0.640	1,607.000000
1.446883	0.640	1,085.000000
1.457550	0.640	2,129.000000
1.468217	0.640	2,468.000000
1.478883	0.640	1,332.000000
1.489550	0.640	984.000000
1.500217	0.640	2,392.000000
1.510883	0.640	3,563.000000
1.521550	0.640	3,839.000000
1.532217	0.640	4,236.000000
1.542883	0.640	4,521.000000
1.553550	0.640	3,847.000000
1.564217	0.640	2,544.000000
1.574883	0.640	1,833.000000
1.585550	0.640	2,633.000000
1.596217	0.640	4,792.000000
1.606883	0.640	6,844.000000
1.617550	0.640	7,120.000000
1.628217	0.640	5,637.000000
1.638883	0.640	4,308.000000
1.649550	0.640	4,381.000000
1.660217	0.640	4,877.000000
1.670883	0.640	4,751.000000
1.681550	0.640	4,298.000000
1.692217	0.640	4,098.000000
1.702883	0.640	4,108.000000
1.713550	0.640	3,763.000000
1.724217	0.640	3,888.000000
1.734883	0.640	6,989.000000
1.745550	0.640	13,381.000000
1.756217	0.640	19,881.000000
1.766883	0.640	22,767.000000
1.777550	0.640	20,494.000000
1.788217	0.640	14,904.000000
1.798883	0.640	9,471.000000
1.809550	0.640	6,123.000000
1.820217	0.640	4,540.000000
1.830883	0.640	3,855.000000
1.841550	0.640	3,972.000000
1.852217	0.640	4,614.000000
1.862883	0.640	4,493.000000
1.873550	0.640	3,282.000000
1.884217	0.640	2,572.000000
1.894883	0.640	3,177.000000
1.905550	0.640	3,667.000000
1.916217	0.640	2,778.000000
1.926883	0.640	1,555.000000
1.937550	0.640	1,630.000000
1.948217	0.640	2,843.000000
1.958883	0.640	3,422.000000
1.969550	0.640	2,515.000000
1.980217	0.640	1,829.000000
1.990883	0.640	2,301.000000
2.001550	0.640	2,771.000000
2.012217	0.640	2,827.000000
2.022883	0.640	2,665.000000
2.033550	0.640	2,820.000000
2.044217	0.640	3,771.000000
2.054883	0.640	4,271.000000
2.065550	0.640	3,561.000000
2.076217	0.640	2,897.000000
2.086883	0.640	2,548.000000
2.097550	0.640	1,485.000000
2.108217	0.640	301.000000
2.118883	0.640	613.000000
2.129550	0.640	2,356.000000
2.140217	0.640	4,008.000000
2.150883	0.640	4,543.000000
2.161550	0.640	4,071.000000
2.172217	0.640	3,354.000000
2.182883	0.640	2,973.000000
2.193550	0.640	2,824.000000
2.204217	0.640	3,138.000000
2.214883	0.640	4,224.000000
2.225550	0.640	4,963.000000
2.236217	0.640	4,408.000000
2.246883	0.640	3,548.000000
2.257550	0.640	4,478.000000
2.268217	0.640	7,980.000000
2.278883	0.640	11,084.000000
2.289550	0.640	10,180.000000
2.300217	0.640	6,439.000000
2.310883	0.640	3,526.000000
2.321550	0.640	2,299.000000
2.332217	0.640	1,659.000000
2.342883	0.640	1,716.000000
2.353550	0.640	2,576.000000
2.364217	0.640	2,826.000000
2.374883	0.640	2,521.000000
2.385550	0.640	3,316.000000
2.396217	0.640	4,198.000000
2.406883	0.640	3,163.000000
2.417550	0.640	1,348.000000
2.428217	0.640	837.000000
2.438883	0.640	1,836.000000
2.449550	0.640	3,153.000000
2.460217	0.640	3,629.000000
2.470883	0.640	3,497.000000
2.481550	0.640	3,343.000000
2.492217	0.640	2,829.000000
2.502883	0.640	2,427.000000
2.513550	0.640	3,251.000000
2.524217	0.640	4,560.000000
2.534883	0.640	4,698.000000
2.545550	0.640	3,746.000000
2.556217	0.640	3,040.000000
2.566883	0.640	3,028.000000
2.577550	0.640	3,080.000000
2.588217	0.640	2,927.000000
2.598883	0.640	2,802.000000
2.609550	0.640	2,545.000000
2.620217	0.640	2,303.000000
2.630883	0.640	2,786.000000
2.641550	0.640	3,730.000000
2.652217	0.640	4,185.000000
2.662883	0.640	4,084.000000
2.673550	0.640	3,950.000000
2.684217	0.640	4,076.000000
2.694883	0.640	4,630.000000
2.705550	0.640	5,662.000000
2.716217	0.640	7,908.000000
2.726883	0.640	11,889.000000
2.737550	0.640	14,799.000000
2.748217	0.640	13,621.000000
2.758883	0.640	10,238.000000
2.769550	0.640	8,244.000000
2.780217	0.640	8,304.000000
2.790883	0.640	8,141.000000
2.801550	0.640	5,957.000000
2.812217	0.640	3,523.000000
2.822883	0.640	2,863.000000
2.833550	0.640	3,186.000000
2.844217	0.640	3,575.000000
2.854883	0.640	3,719.000000
2.865550	0.640	2,999.000000
2.876217	0.640	1,964.000000
2.886883	0.640	2,228.000000
2.897550	0.640	3,903.000000
2.908217	0.640	5,156.000000
2.918883	0.640	4,754.000000
2.929550	0.640	3,729.000000
2.940217	0.640	3,592.000000
2.950883	0.640	4,003.000000
2.961550	0.640	3,933.000000
2.972217	0.640	3,942.000000
2.982883	0.640	5,262.000000
2.993550	0.640	8,364.000000
3.004217	0.640	13,816.000000
3.014883	0.640	22,714.000000
3.025550	0.640	37,042.000000
3.036217	0.640	61,618.000000
3.046883	0.640	104,428.000000
3.057550	0.640	177,469.000000
3.068217	0.640	304,365.000000
3.078883	0.640	534,569.000000
3.089550	0.640	958,598.000000
3.100217	0.640	1,697,704.000000
3.110883	0.640	2,835,913.000000
3.121550	0.640	4,315,180.000000
3.132217	0.640	5,878,735.000000
3.142883	0.640	7,147,072.000000
3.153550	0.640	7,800,452.000000
3.164217	0.640	7,740,122.000000
3.174883	0.640	7,128,918.000000
3.185550	0.640	6,288,645.000000
3.196217	0.640	5,511,912.000000
3.206883	0.640	4,924,943.000000
3.217550	0.640	4,510,909.000000
3.228217	0.640	4,223,755.000000
3.238883	0.640	4,026,308.000000
3.249550	0.640	3,862,372.000000
3.260217	0.640	3,676,888.000000
3.270883	0.640	3,448,436.000000
3.281550	0.640	3,168,914.000000
3.292217	0.640	2,826,285.000000
3.302883	0.640	2,422,430.000000
3.313550	0.640	1,984,487.000000
3.324217	0.640	1,554,041.000000
3.334883	0.640	1,166,885.000000
3.345550	0.640	840,812.000000
3.356217	0.640	580,523.000000
3.366883	0.640	385,193.000000
3.377550	0.640	249,046.000000
3.388217	0.640	160,877.000000
3.398883	0.640	105,634.000000
3.409550	0.640	68,718.000000
3.420217	0.640	42,665.000000
3.430883	0.640	27,330.000000
3.441550	0.640	21,678.000000
3.452217	0.640	20,207.000000
3.462883	0.640	17,699.000000
3.473550	0.640	13,672.000000
3.484217	0.640	10,670.000000
3.494883	0.640	10,121.000000
3.505550	0.640	11,127.000000
3.516217	0.640	11,190.000000
3.526883	0.640	9,147.000000
3.537550	0.640	7,016.000000
3.548217	0.640	6,475.000000
3.558883	0.640	6,925.000000
3.569550	0.640	7,180.000000
3.580217	0.640	6,489.000000
3.590883	0.640	5,594.000000
3.601550	0.640	6,065.000000
3.612217	0.640	7,387.000000
3.622883	0.640	7,412.000000
3.633550	0.640	6,257.000000
3.644217	0.640	6,026.000000
3.654883	0.640	6,377.000000
3.665550	0.640	5,562.000000
3.676217	0.640	4,591.000000
3.686883	0.640	4,710.000000
3.697550	0.640	4,684.000000
3.708217	0.640	3,989.000000
3.718883	0.640	3,727.000000
3.729550	0.640	4,478.000000
3.740217	0.640	5,880.000000
3.750883	0.640	6,759.000000
3.761550	0.640	6,716.000000
3.772217	0.640	7,362.000000
3.782883	0.640	9,244.000000
3.793550	0.640	11,019.000000
3.804217	0.640	12,861.000000
3.814883	0.640	16,354.000000
3.825550	0.640	21,623.000000
3.836217	0.640	26,630.000000
3.846883	0.640	29,943.000000
3.857550	0.640	32,522.000000
3.868217	0.640	34,592.000000
3.878883	0.640	34,805.000000
3.889550	0.640	33,525.000000
3.900217	0.640	32,032.000000
3.910883	0.640	29,396.000000
3.921550	0.640	24,724.000000
3.932217	0.640	20,415.000000
3.942883	0.640	18,783.000000
3.953550	0.640	18,467.000000
3.964217	0.640	16,983.000000
3.974883	0.640	13,601.000000
3.985550	0.640	9,599.000000
3.996217	0.640	7,262.000000
4.006883	0.640	7,151.000000
4.017550	0.640	7,406.000000
4.028217	0.640	7,125.000000
4.038883	0.640	7,107.000000
4.049550	0.640	7,226.000000
4.060217	0.640	7,142.000000
4.070883	0.640	7,761.000000
4.081550	0.640	9,418.000000
4.092217	0.640	10,615.000000
4.102883	0.640	9,897.000000
4.113550	0.640	8,409.000000
4.124217	0.640	8,273.000000
4.134883	0.640	9,115.000000
4.145550	0.640	9,093.000000
4.156217	0.640	7,717.000000
4.166883	0.640	6,755.000000
4.177550	0.640	8,084.000000
4.188217	0.640	9,931.000000
4.198883	0.640	9,249.000000
4.209550	0.640	6,939.000000
4.220217	0.640	5,506.000000
4.230883	0.640	5,291.000000
4.241550	0.640	5,927.000000
4.252217	0.640	6,663.000000
4.262883	0.640	5,991.000000
4.273550	0.640	4,312.000000
4.284217	0.640	3,693.000000
4.294883	0.640	4,158.000000
4.305550	0.640	4,136.000000
4.316217	0.640	3,992.000000
4.326883	0.640	4,921.000000
4.337550	0.640	5,905.000000
4.348217	0.640	5,718.000000
4.358883	0.640	5,319.000000
4.369550	0.640	6,068.000000
4.380217	0.640	7,847.000000
4.390883	0.640	9,185.000000
4.401550	0.640	8,644.000000
4.412217	0.640	7,090.000000
4.422883	0.640	6,797.000000
4.433550	0.640	7,739.000000
4.444217	0.640	8,642.000000
4.454883	0.640	9,629.000000
4.465550	0.640	10,092.000000
4.476217	0.640	8,729.000000
4.486883	0.640	6,731.000000
4.497550	0.640	6,132.000000
4.508217	0.640	6,504.000000
4.518883	0.640	6,336.000000
4.529550	0.640	6,146.000000
4.540217	0.640	7,719.000000
4.550883	0.640	11,155.000000
4.561550	0.640	15,828.000000
4.572217	0.640	22,544.000000
4.582883	0.640	33,121.000000
4.593550	0.640	50,264.000000
4.604217	0.640	78,255.000000
4.614883	0.640	125,600.000000
4.625550	0.640	209,602.000000
4.636217	0.640	358,575.000000
4.646883	0.640	612,123.000000
4.657550	0.640	1,015,977.000000
4.668217	0.640	1,623,490.000000
4.678883	0.640	2,555,207.000000
4.689550	0.640	4,092,077.000000
4.700217	0.640	6,640,095.000000
4.710883	0.640	10,403,914.000000
4.721550	0.640	14,811,648.000000
4.732217	0.640	18,273,606.000000
4.742883	0.640	19,021,638.000000
4.753550	0.640	16,547,924.000000
4.764217	0.640	12,079,040.000000
4.774883	0.640	7,558,024.000000
4.785550	0.640	4,278,381.000000
4.796217	0.640	2,404,244.000000
4.806883	0.640	1,448,907.000000
4.817550	0.640	926,770.000000
4.828217	0.640	597,916.000000
4.838883	0.640	380,875.000000
4.849550	0.640	239,936.000000
4.860217	0.640	151,172.000000
4.870883	0.640	97,017.000000
4.881550	0.640	64,313.000000
4.892217	0.640	44,487.000000
4.902883	0.640	32,083.000000
4.913550	0.640	24,468.000000
4.924217	0.640	20,569.000000
4.934883	0.640	18,214.000000
4.945550	0.640	15,278.000000
4.956217	0.640	12,206.000000
4.966883	0.640	10,775.000000
4.977550	0.640	11,057.000000
4.988217	0.640	11,183.000000
4.998883	0.640	10,049.000000
5.009550	0.640	8,477.000000
5.020217	0.640	7,804.000000
5.030883	0.640	8,309.000000
5.041550	0.640	8,955.000000
5.052217	0.640	8,957.000000
5.062883	0.640	8,468.000000
5.073550	0.640	8,046.000000
5.084217	0.640	8,431.000000
5.094883	0.640	9,181.000000
5.105550	0.640	8,557.000000
5.116217	0.640	6,403.000000
5.126883	0.640	5,058.000000
5.137550	0.640	6,503.000000
5.148217	0.640	9,971.000000
5.158883	0.640	12,873.000000
5.169550	0.640	13,110.000000
5.180217	0.640	10,586.000000
5.190883	0.640	7,838.000000
5.201550	0.640	7,562.000000
5.212217	0.640	8,747.000000
5.222883	0.640	8,458.000000
5.233550	0.640	6,777.000000
5.244217	0.640	6,143.000000
5.254883	0.640	7,318.000000
5.265550	0.640	8,963.000000
5.276217	0.640	9,607.000000
5.286883	0.640	8,847.000000
5.297550	0.640	7,659.000000
5.308217	0.640	8,041.000000
5.318883	0.640	10,699.000000
5.329550	0.640	12,905.000000
5.340217	0.640	12,490.000000
5.350883	0.640	11,538.000000
5.361550	0.640	12,245.000000
5.372217	0.640	13,809.000000
5.382883	0.640	14,532.000000
5.393550	0.640	13,668.000000
5.404217	0.640	12,118.000000
5.414883	0.640	11,405.000000
5.425550	0.640	11,373.000000
5.436217	0.640	11,142.000000
5.446883	0.640	11,754.000000
5.457550	0.640	14,726.000000
5.468217	0.640	18,520.000000
5.478883	0.640	20,267.000000
5.489550	0.640	20,398.000000
5.500217	0.640	21,412.000000
5.510883	0.640	23,820.000000
5.521550	0.640	27,272.000000
5.532217	0.640	33,152.000000
5.542883	0.640	42,598.000000
5.553550	0.640	55,041.000000
5.564217	0.640	69,779.000000
5.574883	0.640	84,606.000000
5.585550	0.640	94,848.000000
5.596217	0.640	97,634.000000
5.606883	0.640	93,365.000000
5.617550	0.640	83,059.000000
5.628217	0.640	69,148.000000
5.638883	0.640	55,854.000000
5.649550	0.640	45,252.000000
5.660217	0.640	35,936.000000
5.670883	0.640	26,855.000000
5.681550	0.640	19,596.000000
5.692217	0.640	15,304.000000
5.702883	0.640	13,127.000000
5.713550	0.640	12,578.000000
5.724217	0.640	12,628.000000
5.734883	0.640	11,367.000000
5.745550	0.640	9,694.000000
5.756217	0.640	9,668.000000
5.766883	0.640	10,457.000000
5.777550	0.640	10,149.000000
5.788217	0.640	8,734.000000
5.798883	0.640	7,898.000000
5.809550	0.640	8,756.000000
5.820217	0.640	10,199.000000
5.830883	0.640	10,352.000000
5.841550	0.640	9,485.000000
5.852217	0.640	9,337.000000
5.862883	0.640	9,550.000000
5.873550	0.640	8,656.000000
5.884217	0.640	7,740.000000
5.894883	0.640	8,135.000000
5.905550	0.640	8,466.000000
5.916217	0.640	8,010.000000
5.926883	0.640	7,987.000000
5.937550	0.640	7,974.000000
5.948217	0.640	6,981.000000
5.958883	0.640	6,596.000000
5.969550	0.640	7,596.000000
5.980217	0.640	8,144.000000
5.990883	0.640	8,193.000000
6.001550	0.640	9,266.000000
6.012217	0.640	10,433.000000
6.022883	0.640	9,847.000000
6.033550	0.640	8,225.000000
6.044217	0.640	7,204.000000
6.054883	0.640	6,595.000000
6.065550	0.640	6,666.000000
6.076217	0.640	8,542.000000
6.086883	0.640	10,280.000000
6.097550	0.640	9,930.000000
6.108217	0.640	10,137.000000
6.118883	0.640	13,581.000000
6.129550	0.640	19,720.000000
6.140217	0.640	27,199.000000
6.150883	0.640	35,221.000000
6.161550	0.640	43,730.000000
6.172217	0.640	52,529.000000
6.182883	0.640	59,898.000000
6.193550	0.640	61,898.000000
6.204217	0.640	54,921.000000
6.214883	0.640	41,635.000000
6.225550	0.640	29,023.000000
6.236217	0.640	20,487.000000
6.246883	0.640	15,833.000000
6.257550	0.640	13,871.000000
6.268217	0.640	12,386.000000
6.278883	0.640	10,782.000000
6.289550	0.640	10,809.000000
6.300217	0.640	12,788.000000
6.310883	0.640	15,715.000000
6.321550	0.640	19,188.000000
6.332217	0.640	22,253.000000
6.342883	0.640	25,451.000000
6.353550	0.640	32,503.000000
6.364217	0.640	45,381.000000
6.374883	0.640	64,031.000000
6.385550	0.640	93,538.000000
6.396217	0.640	145,098.000000
6.406883	0.640	228,733.000000
6.417550	0.640	345,520.000000
6.428217	0.640	482,103.000000
6.438883	0.640	610,622.000000
6.449550	0.640	697,714.000000
6.460217	0.640	718,698.000000
6.470883	0.640	668,367.000000
6.481550	0.640	561,784.000000
6.492217	0.640	426,757.000000
6.502883	0.640	294,849.000000
6.513550	0.640	190,478.000000
6.524217	0.640	120,538.000000
6.534883	0.640	76,952.000000
6.545550	0.640	50,028.000000
6.556217	0.640	35,123.000000
6.566883	0.640	29,130.000000
6.577550	0.640	27,946.000000
6.588217	0.640	29,034.000000
6.598883	0.640	32,807.000000
6.609550	0.640	40,614.000000
6.620217	0.640	52,362.000000
6.630883	0.640	64,668.000000
6.641550	0.640	72,110.000000
6.652217	0.640	71,401.000000
6.662883	0.640	63,379.000000
6.673550	0.640	51,774.000000
6.684217	0.640	41,154.000000
6.694883	0.640	33,949.000000
6.705550	0.640	28,944.000000
6.716217	0.640	24,621.000000
6.726883	0.640	21,077.000000
6.737550	0.640	18,400.000000
6.748217	0.640	16,867.000000
6.758883	0.640	16,337.000000
6.769550	0.640	15,419.000000
6.780217	0.640	14,132.000000
6.790883	0.640	13,861.000000
6.801550	0.640	14,127.000000
6.812217	0.640	14,003.000000
6.822883	0.640	14,808.000000
6.833550	0.640	17,669.000000
6.844217	0.640	20,799.000000
6.854883	0.640	21,954.000000
6.865550	0.640	22,511.000000
6.876217	0.640	25,380.000000
6.886883	0.640	28,562.000000
6.897550	0.640	27,559.000000
6.908217	0.640	23,842.000000
6.918883	0.640	21,722.000000
6.929550	0.640	20,839.000000
6.940217	0.640	20,005.000000
6.950883	0.640	20,789.000000
6.961550	0.640	23,529.000000
6.972217	0.640	26,783.000000
6.982883	0.640	29,958.000000
6.993550	0.640	33,297.000000
7.004217	0.640	36,104.000000
7.014883	0.640	35,948.000000
7.025550	0.640	31,287.000000
7.036217	0.640	24,063.000000
7.046883	0.640	17,950.000000
7.057550	0.640	14,629.000000
7.068217	0.640	12,863.000000
7.078883	0.640	11,428.000000
7.089550	0.640	10,744.000000
7.100217	0.640	10,569.000000
7.110883	0.640	9,672.000000
7.121550	0.640	8,716.000000
7.132217	0.640	9,197.000000
7.142883	0.640	9,749.000000
7.153550	0.640	8,569.000000
7.164217	0.640	7,470.000000
7.174883	0.640	8,396.000000
7.185550	0.640	9,941.000000
7.196217	0.640	10,520.000000
7.206883	0.640	10,446.000000
7.217550	0.640	9,840.000000
7.228217	0.640	8,383.000000
7.238883	0.640	7,221.000000
7.249550	0.640	7,839.000000
7.260217	0.640	9,666.000000
7.270883	0.640	10,774.000000
7.281550	0.640	10,394.000000
7.292217	0.640	9,901.000000
7.302883	0.640	10,539.000000
7.313550	0.640	11,500.000000
7.324217	0.640	11,585.000000
7.334883	0.640	11,034.000000
7.345550	0.640	10,471.000000
7.356217	0.640	9,472.000000
7.366883	0.640	7,991.000000
7.377550	0.640	7,112.000000
7.388217	0.640	7,602.000000
7.398883	0.640	9,207.000000
7.409550	0.640	10,132.000000
7.420217	0.640	9,405.000000
7.430883	0.640	8,953.000000
7.441550	0.640	9,701.000000
7.452217	0.640	10,556.000000
7.462883	0.640	11,393.000000
7.473550	0.640	11,942.000000
7.484217	0.640	11,233.000000
7.494883	0.640	9,875.000000
7.505550	0.640	9,018.000000
7.516217	0.640	8,527.000000
7.526883	0.640	8,406.000000
7.537550	0.640	8,977.000000
7.548217	0.640	9,682.000000
7.558883	0.640	10,004.000000
7.569550	0.640	10,389.000000
7.580217	0.640	11,565.000000
7.590883	0.640	13,038.000000
7.601550	0.640	12,794.000000
7.612217	0.640	10,450.000000
7.622883	0.640	8,812.000000
7.633550	0.640	9,569.000000
7.644217	0.640	11,230.000000
7.654883	0.640	12,552.000000
7.665550	0.640	13,126.000000
7.676217	0.640	12,134.000000
7.686883	0.640	10,555.000000
7.697550	0.640	11,166.000000
7.708217	0.640	15,080.000000
7.718883	0.640	21,959.000000
7.729550	0.640	32,376.000000
7.740217	0.640	48,076.000000
7.750883	0.640	71,586.000000
7.761550	0.640	105,585.000000
7.772217	0.640	151,974.000000
7.782883	0.640	210,641.000000
7.793550	0.640	282,699.000000
7.804217	0.640	380,529.000000
7.814883	0.640	531,235.000000
7.825550	0.640	770,658.000000
7.836217	0.640	1,144,000.000000
7.846883	0.640	1,719,357.000000
7.857550	0.640	2,615,275.000000
7.868217	0.640	4,046,650.000000
7.878883	0.640	6,371,062.000000
7.889550	0.640	10,046,207.000000
7.900217	0.640	15,365,789.000000
7.910883	0.640	22,020,068.000000
7.921550	0.640	28,787,116.000000
7.932217	0.640	33,734,882.000000
7.942883	0.640	35,102,962.000000
7.953550	0.640	32,351,522.000000
7.964217	0.640	26,465,976.000000
7.974883	0.640	19,323,389.000000
7.985550	0.640	12,725,580.000000
7.996217	0.640	7,714,824.000000
8.006883	0.640	4,449,936.000000
8.017550	0.640	2,540,265.000000
8.028217	0.640	1,479,858.000000
8.038883	0.640	889,513.000000
8.049550	0.640	548,682.000000
8.060217	0.640	347,079.000000
8.070883	0.640	228,054.000000
8.081550	0.640	153,763.000000
8.092217	0.640	103,219.000000
8.102883	0.640	71,337.000000
8.113550	0.640	55,288.000000
8.124217	0.640	48,654.000000
8.134883	0.640	46,405.000000
8.145550	0.640	45,951.000000
8.156217	0.640	44,848.000000
8.166883	0.640	41,848.000000
8.177550	0.640	37,049.000000
8.188217	0.640	31,029.000000
8.198883	0.640	25,523.000000
8.209550	0.640	22,524.000000
8.220217	0.640	22,324.000000
8.230883	0.640	23,459.000000
8.241550	0.640	24,306.000000
8.252217	0.640	24,399.000000
8.262883	0.640	23,780.000000
8.273550	0.640	22,359.000000
8.284217	0.640	20,415.000000
8.294883	0.640	18,204.000000
8.305550	0.640	16,011.000000
8.316217	0.640	14,623.000000
8.326883	0.640	14,747.000000
8.337550	0.640	16,039.000000
8.348217	0.640	16,704.000000
8.358883	0.640	15,044.000000
8.369550	0.640	11,862.000000
8.380217	0.640	10,043.000000
8.390883	0.640	10,683.000000
8.401550	0.640	11,868.000000
8.412217	0.640	12,456.000000
8.422883	0.640	13,248.000000
8.433550	0.640	14,347.000000
8.444217	0.640	15,248.000000
8.454883	0.640	16,650.000000
8.465550	0.640	19,247.000000
8.476217	0.640	23,173.000000
8.486883	0.640	29,606.000000
8.497550	0.640	39,083.000000
8.508217	0.640	51,569.000000
8.518883	0.640	68,802.000000
8.529550	0.640	89,163.000000
8.540217	0.640	105,054.000000
8.550883	0.640	112,418.000000
8.561550	0.640	116,287.000000
8.572217	0.640	124,793.000000
8.582883	0.640	144,849.000000
8.593550	0.640	183,196.000000
8.604217	0.640	250,099.000000
8.614883	0.640	364,901.000000
8.625550	0.640	552,333.000000
8.636217	0.640	835,976.000000
8.646883	0.640	1,250,231.000000
8.657550	0.640	1,856,409.000000
8.668217	0.640	2,749,873.000000
8.678883	0.640	4,101,728.000000
8.689550	0.640	6,230,815.000000
8.700217	0.640	9,607,215.000000
8.710883	0.640	14,711,321.000000
8.721550	0.640	21,713,943.000000
8.732217	0.640	30,064,141.000000
8.742883	0.640	38,263,385.000000
8.753550	0.640	44,167,089.000000
8.764217	0.640	45,897,418.000000
8.774883	0.640	42,819,731.000000
8.785550	0.640	35,867,388.000000
8.796217	0.640	27,062,299.000000
8.806883	0.640	18,554,503.000000
8.817550	0.640	11,751,489.000000
8.828217	0.640	7,042,436.000000
8.838883	0.640	4,109,711.000000
8.849550	0.640	2,402,884.000000
8.860217	0.640	1,435,655.000000
8.870883	0.640	879,743.000000
8.881550	0.640	551,739.000000
8.892217	0.640	356,641.000000
8.902883	0.640	239,196.000000
8.913550	0.640	166,262.000000
8.924217	0.640	119,926.000000
8.934883	0.640	89,744.000000
8.945550	0.640	69,808.000000
8.956217	0.640	56,544.000000
8.966883	0.640	47,819.000000
8.977550	0.640	42,997.000000
8.988217	0.640	40,535.000000
8.998883	0.640	37,728.000000
9.009550	0.640	33,549.000000
9.020217	0.640	29,991.000000
9.030883	0.640	28,504.000000
9.041550	0.640	27,913.000000
9.052217	0.640	27,291.000000
9.062883	0.640	26,327.000000
9.073550	0.640	24,661.000000
9.084217	0.640	23,428.000000
9.094883	0.640	24,129.000000
9.105550	0.640	25,660.000000
9.116217	0.640	25,589.000000
9.126883	0.640	23,816.000000
9.137550	0.640	22,162.000000
9.148217	0.640	21,508.000000
9.158883	0.640	21,751.000000
9.169550	0.640	22,813.000000
9.180217	0.640	24,270.000000
9.190883	0.640	25,934.000000
9.201550	0.640	27,632.000000
9.212217	0.640	27,900.000000
9.222883	0.640	26,104.000000
9.233550	0.640	23,974.000000
9.244217	0.640	22,411.000000
9.254883	0.640	20,476.000000
9.265550	0.640	18,609.000000
9.276217	0.640	18,517.000000
9.286883	0.640	20,036.000000
9.297550	0.640	21,361.000000
9.308217	0.640	21,471.000000
9.318883	0.640	20,633.000000
9.329550	0.640	19,424.000000
9.340217	0.640	17,926.000000
9.350883	0.640	16,737.000000
9.361550	0.640	17,422.000000
9.372217	0.640	19,220.000000
9.382883	0.640	20,076.000000
9.393550	0.640	21,111.000000
9.404217	0.640	23,068.000000
9.414883	0.640	23,585.000000
9.425550	0.640	21,753.000000
9.436217	0.640	19,374.000000
9.446883	0.640	18,218.000000
9.457550	0.640	18,564.000000
9.468217	0.640	19,668.000000
9.478883	0.640	20,920.000000
9.489550	0.640	22,035.000000
9.500217	0.640	23,015.000000
9.510883	0.640	24,519.000000
9.521550	0.640	27,820.000000
9.532217	0.640	33,421.000000
9.542883	0.640	40,283.000000
9.553550	0.640	48,059.000000
9.564217	0.640	57,155.000000
9.574883	0.640	66,392.000000
9.585550	0.640	75,886.000000
9.596217	0.640	89,911.000000
9.606883	0.640	114,218.000000
9.617550	0.640	155,501.000000
9.628217	0.640	222,465.000000
9.638883	0.640	327,254.000000
9.649550	0.640	490,341.000000
9.660217	0.640	735,243.000000
9.670883	0.640	1,068,460.000000
9.681550	0.640	1,457,084.000000
9.692217	0.640	1,817,111.000000
9.702883	0.640	2,035,125.000000
9.713550	0.640	2,026,316.000000
9.724217	0.640	1,789,801.000000
9.734883	0.640	1,410,621.000000
9.745550	0.640	1,003,069.000000
9.756217	0.640	653,333.000000
9.766883	0.640	401,640.000000
9.777550	0.640	245,805.000000
9.788217	0.640	156,147.000000
9.798883	0.640	104,025.000000
9.809550	0.640	75,404.000000
9.820217	0.640	60,815.000000
9.830883	0.640	51,297.000000
9.841550	0.640	43,454.000000
9.852217	0.640	38,029.000000
9.862883	0.640	35,381.000000
9.873550	0.640	34,548.000000
9.884217	0.640	34,494.000000
9.894883	0.640	35,246.000000
9.905550	0.640	38,490.000000
9.916217	0.640	46,792.000000
9.926883	0.640	61,054.000000
9.937550	0.640	81,179.000000
9.948217	0.640	109,139.000000
9.958883	0.640	148,355.000000
9.969550	0.640	203,936.000000
9.980217	0.640	285,835.000000
9.990883	0.640	409,461.000000
10.001550	0.640	599,388.000000
10.012217	0.640	901,207.000000
10.022883	0.640	1,382,473.000000
10.033550	0.640	2,097,756.000000
10.044217	0.640	3,032,000.000000
10.054883	0.640	4,056,048.000000
10.065550	0.640	4,914,118.000000
10.076217	0.640	5,304,185.000000
10.086883	0.640	5,065,713.000000
10.097550	0.640	4,296,583.000000
10.108217	0.640	3,262,381.000000
10.118883	0.640	2,232,436.000000
10.129550	0.640	1,396,218.000000
10.140217	0.640	831,548.000000
10.150883	0.640	502,873.000000
10.161550	0.640	323,842.000000
10.172217	0.640	225,905.000000
10.182883	0.640	171,025.000000
10.193550	0.640	140,482.000000
10.204217	0.640	125,521.000000
10.214883	0.640	118,595.000000
10.225550	0.640	113,161.000000
10.236217	0.640	107,082.000000
10.246883	0.640	100,745.000000
10.257550	0.640	94,933.000000
10.268217	0.640	89,357.000000
10.278883	0.640	81,118.000000
10.289550	0.640	69,108.000000
10.300217	0.640	57,092.000000
10.310883	0.640	47,390.000000
10.321550	0.640	38,805.000000
10.332217	0.640	32,017.000000
10.342883	0.640	29,113.000000
10.353550	0.640	29,579.000000
10.364217	0.640	30,530.000000
10.374883	0.640	30,003.000000
10.385550	0.640	29,191.000000
10.396217	0.640	29,630.000000
10.406883	0.640	30,533.000000
10.417550	0.640	31,340.000000
10.428217	0.640	32,675.000000
10.438883	0.640	34,033.000000
10.449550	0.640	34,218.000000
10.460217	0.640	33,345.000000
10.470883	0.640	31,994.000000
10.481550	0.640	30,195.000000
10.492217	0.640	27,839.000000
10.502883	0.640	25,103.000000
10.513550	0.640	23,393.000000
10.524217	0.640	23,505.000000
10.534883	0.640	23,665.000000
10.545550	0.640	23,369.000000
10.556217	0.640	23,924.000000
10.566883	0.640	24,511.000000
10.577550	0.640	23,908.000000
10.588217	0.640	22,860.000000
10.598883	0.640	22,854.000000
10.609550	0.640	24,196.000000
10.620217	0.640	24,733.000000
10.630883	0.640	23,640.000000
10.641550	0.640	23,847.000000
10.652217	0.640	26,564.000000
10.662883	0.640	29,271.000000
10.673550	0.640	30,158.000000
10.684217	0.640	29,970.000000
10.694883	0.640	30,092.000000
10.705550	0.640	30,748.000000
10.716217	0.640	31,284.000000
10.726883	0.640	31,398.000000
10.737550	0.640	31,361.000000
10.748217	0.640	31,020.000000
10.758883	0.640	29,016.000000
10.769550	0.640	25,138.000000
10.780217	0.640	22,574.000000
10.790883	0.640	23,214.000000
10.801550	0.640	24,090.000000
10.812217	0.640	22,931.000000
10.822883	0.640	21,658.000000
10.833550	0.640	22,273.000000
10.844217	0.640	24,067.000000
10.854883	0.640	25,357.000000
10.865550	0.640	25,932.000000
10.876217	0.640	26,960.000000
10.886883	0.640	28,454.000000
10.897550	0.640	30,084.000000
10.908217	0.640	33,436.000000
10.918883	0.640	39,348.000000
10.929550	0.640	47,670.000000
10.940217	0.640	59,840.000000
10.950883	0.640	78,169.000000
10.961550	0.640	106,305.000000
10.972217	0.640	149,226.000000
10.982883	0.640	211,247.000000
10.993550	0.640	296,918.000000
11.004217	0.640	417,062.000000
11.014883	0.640	596,557.000000
11.025550	0.640	874,577.000000
11.036217	0.640	1,299,942.000000
11.046883	0.640	1,921,143.000000
11.057550	0.640	2,757,905.000000
11.068217	0.640	3,755,256.000000
11.078883	0.640	4,750,000.000000
11.089550	0.640	5,499,088.000000
11.100217	0.640	5,774,605.000000
11.110883	0.640	5,475,015.000000
11.121550	0.640	4,689,474.000000
11.132217	0.640	3,654,675.000000
11.142883	0.640	2,626,360.000000
11.153550	0.640	1,779,503.000000
11.164217	0.640	1,189,825.000000
11.174883	0.640	854,755.000000
11.185550	0.640	723,289.000000
11.196217	0.640	729,523.000000
11.206883	0.640	825,148.000000
11.217550	0.640	996,919.000000
11.228217	0.640	1,253,209.000000
11.238883	0.640	1,612,903.000000
11.249550	0.640	2,128,241.000000
11.260217	0.640	2,907,551.000000
11.270883	0.640	4,130,143.000000
11.281550	0.640	6,060,985.000000
11.292217	0.640	8,987,807.000000
11.302883	0.640	13,040,109.000000
11.313550	0.640	17,963,128.000000
11.324217	0.640	22,961,933.000000
11.334883	0.640	26,803,087.000000
11.345550	0.640	28,277,119.000000
11.356217	0.640	26,811,767.000000
11.366883	0.640	22,830,174.000000
11.377550	0.640	17,533,461.000000
11.388217	0.640	12,243,255.000000
11.398883	0.640	7,862,455.000000
11.409550	0.640	4,739,179.000000
11.420217	0.640	2,777,776.000000
11.430883	0.640	1,649,933.000000
11.441550	0.640	1,015,133.000000
11.452217	0.640	643,087.000000
11.462883	0.640	416,420.000000
11.473550	0.640	276,661.000000
11.484217	0.640	189,390.000000
11.494883	0.640	136,200.000000
11.505550	0.640	105,084.000000
11.516217	0.640	86,542.000000
11.526883	0.640	75,005.000000
11.537550	0.640	67,048.000000
11.548217	0.640	62,135.000000
11.558883	0.640	60,853.000000
11.569550	0.640	61,655.000000
11.580217	0.640	63,023.000000
11.590883	0.640	63,687.000000
11.601550	0.640	61,558.000000
11.612217	0.640	56,492.000000
11.622883	0.640	50,589.000000
11.633550	0.640	45,368.000000
11.644217	0.640	41,474.000000
11.654883	0.640	38,942.000000
11.665550	0.640	36,952.000000
11.676217	0.640	35,392.000000
11.686883	0.640	34,642.000000
11.697550	0.640	34,572.000000
11.708217	0.640	35,850.000000
11.718883	0.640	38,945.000000
11.729550	0.640	42,568.000000
11.740217	0.640	45,147.000000
11.750883	0.640	46,513.000000
11.761550	0.640	47,647.000000
11.772217	0.640	49,041.000000
11.782883	0.640	51,069.000000
11.793550	0.640	55,606.000000
11.804217	0.640	65,222.000000
11.814883	0.640	80,993.000000
11.825550	0.640	103,807.000000
11.836217	0.640	138,037.000000
11.846883	0.640	188,967.000000
11.857550	0.640	262,661.000000
11.868217	0.640	372,281.000000
11.878883	0.640	532,122.000000
11.889550	0.640	753,968.000000
11.900217	0.640	1,063,823.000000
11.910883	0.640	1,513,311.000000
11.921550	0.640	2,193,063.000000
11.932217	0.640	3,269,299.000000
11.942883	0.640	4,990,996.000000
11.953550	0.640	7,613,914.000000
11.964217	0.640	11,217,853.000000
11.974883	0.640	15,462,111.000000
11.985550	0.640	19,494,697.000000
11.996217	0.640	22,177,336.000000
12.006883	0.640	22,565,362.000000
12.017550	0.640	20,436,004.000000
12.028217	0.640	16,478,334.000000
12.038883	0.640	11,901,899.000000
12.049550	0.640	7,790,531.000000
12.060217	0.640	4,716,891.000000
12.070883	0.640	2,740,598.000000
12.081550	0.640	1,605,811.000000
12.092217	0.640	978,582.000000
12.102883	0.640	617,287.000000
12.113550	0.640	401,452.000000
12.124217	0.640	271,857.000000
12.134883	0.640	191,492.000000
12.145550	0.640	140,063.000000
12.156217	0.640	107,224.000000
12.166883	0.640	86,546.000000
12.177550	0.640	73,892.000000
12.188217	0.640	65,366.000000
12.198883	0.640	58,044.000000
12.209550	0.640	51,908.000000
12.220217	0.640	48,466.000000
12.230883	0.640	47,695.000000
12.241550	0.640	47,649.000000
12.252217	0.640	47,127.000000
12.262883	0.640	46,549.000000
12.273550	0.640	46,142.000000
12.284217	0.640	45,575.000000
12.294883	0.640	44,883.000000
12.305550	0.640	44,301.000000
12.316217	0.640	43,708.000000
12.326883	0.640	42,827.000000
12.337550	0.640	41,704.000000
12.348217	0.640	40,951.000000
12.358883	0.640	40,879.000000
12.369550	0.640	40,685.000000
12.380217	0.640	40,299.000000
12.390883	0.640	40,524.000000
12.401550	0.640	40,643.000000
12.412217	0.640	40,491.000000
12.422883	0.640	42,027.000000
12.433550	0.640	44,961.000000
12.444217	0.640	46,466.000000
12.454883	0.640	46,034.000000
12.465550	0.640	45,809.000000
12.476217	0.640	46,799.000000
12.486883	0.640	47,389.000000
12.497550	0.640	46,890.000000
12.508217	0.640	47,469.000000
12.518883	0.640	49,783.000000
12.529550	0.640	51,473.000000
12.540217	0.640	51,444.000000
12.550883	0.640	51,576.000000
12.561550	0.640	53,371.000000
12.572217	0.640	55,548.000000
12.582883	0.640	56,365.000000
12.593550	0.640	55,685.000000
12.604217	0.640	54,343.000000
12.614883	0.640	53,030.000000
12.625550	0.640	51,825.000000
12.636217	0.640	50,657.000000
12.646883	0.640	48,669.000000
12.657550	0.640	45,628.000000
12.668217	0.640	43,988.000000
12.678883	0.640	44,802.000000
12.689550	0.640	45,459.000000
12.700217	0.640	44,256.000000
12.710883	0.640	42,649.000000
12.721550	0.640	42,272.000000
12.732217	0.640	42,364.000000
12.742883	0.640	41,741.000000
12.753550	0.640	41,478.000000
12.764217	0.640	43,296.000000
12.774883	0.640	46,228.000000
12.785550	0.640	47,558.000000
12.796217	0.640	48,138.000000
12.806883	0.640	51,256.000000
12.817550	0.640	55,645.000000
12.828217	0.640	57,414.000000
12.838883	0.640	56,331.000000
12.849550	0.640	54,512.000000
12.860217	0.640	52,572.000000
12.870883	0.640	49,514.000000
12.881550	0.640	45,067.000000
12.892217	0.640	41,036.000000
12.902883	0.640	38,640.000000
12.913550	0.640	36,956.000000
12.924217	0.640	36,043.000000
12.934883	0.640	36,266.000000
12.945550	0.640	36,261.000000
12.956217	0.640	35,818.000000
12.966883	0.640	35,282.000000
12.977550	0.640	33,949.000000
12.988217	0.640	32,422.000000
12.998883	0.640	31,540.000000
13.009550	0.640	31,161.000000
13.020217	0.640	31,610.000000
13.030883	0.640	32,635.000000
13.041550	0.640	33,303.000000
13.052217	0.640	33,852.000000
13.062883	0.640	34,963.000000
13.073550	0.640	36,186.000000
13.084217	0.640	36,627.000000
13.094883	0.640	36,345.000000
13.105550	0.640	36,076.000000
13.116217	0.640	35,996.000000
13.126883	0.640	35,344.000000
13.137550	0.640	33,925.000000
13.148217	0.640	33,630.000000
13.158883	0.640	35,243.000000
13.169550	0.640	36,335.000000
13.180217	0.640	36,012.000000
13.190883	0.640	36,078.000000
13.201550	0.640	36,509.000000
13.212217	0.640	35,614.000000
13.222883	0.640	33,783.000000
13.233550	0.640	32,759.000000
13.244217	0.640	33,086.000000
13.254883	0.640	34,554.000000
13.265550	0.640	36,352.000000
13.276217	0.640	37,194.000000
13.286883	0.640	36,714.000000
13.297550	0.640	35,631.000000
13.308217	0.640	35,055.000000
13.318883	0.640	35,023.000000
13.329550	0.640	33,909.000000
13.340217	0.640	31,496.000000
13.350883	0.640	29,764.000000
13.361550	0.640	29,442.000000
13.372217	0.640	29,560.000000
13.382883	0.640	29,354.000000
13.393550	0.640	28,874.000000
13.404217	0.640	28,604.000000
13.414883	0.640	28,862.000000
13.425550	0.640	30,039.000000
13.436217	0.640	31,591.000000
13.446883	0.640	31,737.000000
13.457550	0.640	30,670.000000
13.468217	0.640	30,533.000000
13.478883	0.640	31,649.000000
13.489550	0.640	32,177.000000
13.500217	0.640	31,222.000000
13.510883	0.640	30,463.000000
13.521550	0.640	31,453.000000
13.532217	0.640	32,640.000000
13.542883	0.640	31,583.000000
13.553550	0.640	29,174.000000
13.564217	0.640	28,280.000000
13.574883	0.640	28,918.000000
13.585550	0.640	29,073.000000
13.596217	0.640	28,799.000000
13.606883	0.640	29,204.000000
13.617550	0.640	29,861.000000
13.628217	0.640	30,476.000000
13.638883	0.640	31,480.000000
13.649550	0.640	32,089.000000
13.660217	0.640	31,686.000000
13.670883	0.640	31,625.000000
13.681550	0.640	33,156.000000
13.692217	0.640	35,406.000000
13.702883	0.640	37,018.000000
13.713550	0.640	38,741.000000
13.724217	0.640	42,369.000000
13.734883	0.640	47,785.000000
13.745550	0.640	53,487.000000
13.756217	0.640	59,961.000000
13.766883	0.640	70,248.000000
13.777550	0.640	86,098.000000
13.788217	0.640	106,827.000000
13.798883	0.640	132,696.000000
13.809550	0.640	164,731.000000
13.820217	0.640	204,109.000000
13.830883	0.640	254,306.000000
13.841550	0.640	320,317.000000
13.852217	0.640	409,281.000000
13.862883	0.640	533,491.000000
13.873550	0.640	710,922.000000
13.884217	0.640	962,312.000000
13.894883	0.640	1,303,980.000000
13.905550	0.640	1,744,907.000000
13.916217	0.640	2,284,305.000000
13.926883	0.640	2,888,954.000000
13.937550	0.640	3,474,750.000000
13.948217	0.640	3,933,773.000000
13.958883	0.640	4,175,271.000000
13.969550	0.640	4,140,935.000000
13.980217	0.640	3,822,951.000000
13.990883	0.640	3,284,648.000000
14.001550	0.640	2,634,964.000000
14.012217	0.640	1,980,152.000000
14.022883	0.640	1,403,726.000000
14.033550	0.640	954,622.000000
14.044217	0.640	635,421.000000
14.054883	0.640	420,410.000000
14.065550	0.640	285,108.000000
14.076217	0.640	209,470.000000
14.086883	0.640	171,032.000000
14.097550	0.640	151,738.000000
14.108217	0.640	141,087.000000
14.118883	0.640	132,090.000000
14.129550	0.640	122,085.000000
14.140217	0.640	111,202.000000
14.150883	0.640	99,270.000000
14.161550	0.640	86,524.000000
14.172217	0.640	74,044.000000
14.182883	0.640	62,675.000000
14.193550	0.640	53,081.000000
14.204217	0.640	47,306.000000
14.214883	0.640	46,298.000000
14.225550	0.640	46,456.000000
14.236217	0.640	44,220.000000
14.246883	0.640	41,206.000000
14.257550	0.640	40,406.000000
14.268217	0.640	41,259.000000
14.278883	0.640	41,288.000000
14.289550	0.640	39,680.000000
14.300217	0.640	38,335.000000
14.310883	0.640	39,492.000000
14.321550	0.640	42,227.000000
14.332217	0.640	44,105.000000
14.342883	0.640	45,816.000000
14.353550	0.640	49,304.000000
14.364217	0.640	52,810.000000
14.374883	0.640	53,889.000000
14.385550	0.640	54,337.000000
14.396217	0.640	56,203.000000
14.406883	0.640	57,463.000000
14.417550	0.640	56,116.000000
14.428217	0.640	53,653.000000
14.438883	0.640	51,425.000000
14.449550	0.640	48,528.000000
14.460217	0.640	45,878.000000
14.470883	0.640	46,303.000000
14.481550	0.640	48,640.000000
14.492217	0.640	49,122.000000
14.502883	0.640	47,546.000000
14.513550	0.640	45,820.000000
14.524217	0.640	44,720.000000
14.534883	0.640	44,386.000000
14.545550	0.640	44,361.000000
14.556217	0.640	44,116.000000
14.566883	0.640	43,934.000000
14.577550	0.640	44,230.000000
14.588217	0.640	45,124.000000
14.598883	0.640	46,977.000000
14.609550	0.640	50,633.000000
14.620217	0.640	55,481.000000
14.630883	0.640	59,371.000000
14.641550	0.640	62,983.000000
14.652217	0.640	69,644.000000
14.662883	0.640	79,908.000000
14.673550	0.640	90,153.000000
14.684217	0.640	96,569.000000
14.694883	0.640	98,063.000000
14.705550	0.640	94,768.000000
14.716217	0.640	87,398.000000
14.726883	0.640	78,025.000000
14.737550	0.640	69,141.000000
14.748217	0.640	63,653.000000
14.758883	0.640	63,997.000000
14.769550	0.640	69,354.000000
14.780217	0.640	77,274.000000
14.790883	0.640	86,613.000000
14.801550	0.640	95,818.000000
14.812217	0.640	103,331.000000
14.822883	0.640	110,867.000000
14.833550	0.640	120,179.000000
14.844217	0.640	127,879.000000
14.854883	0.640	128,772.000000
14.865550	0.640	121,877.000000
14.876217	0.640	109,550.000000
14.886883	0.640	94,389.000000
14.897550	0.640	80,194.000000
14.908217	0.640	70,245.000000
14.918883	0.640	64,169.000000
14.929550	0.640	60,249.000000
14.940217	0.640	57,198.000000
14.950883	0.640	54,589.000000
14.961550	0.640	53,082.000000
14.972217	0.640	52,897.000000
14.982883	0.640	54,202.000000
14.993550	0.640	56,993.000000
15.004217	0.640	59,978.000000
15.014883	0.640	62,011.000000
15.025550	0.640	62,518.000000
15.036217	0.640	61,285.000000
15.046883	0.640	59,575.000000
15.057550	0.640	59,429.000000
15.068217	0.640	60,933.000000
15.078883	0.640	62,042.000000
15.089550	0.640	62,714.000000
15.100217	0.640	65,408.000000
15.110883	0.640	70,675.000000
15.121550	0.640	76,942.000000
15.132217	0.640	82,936.000000
15.142883	0.640	87,469.000000
15.153550	0.640	89,177.000000
15.164217	0.640	87,141.000000
15.174883	0.640	81,211.000000
15.185550	0.640	73,641.000000
15.196217	0.640	68,206.000000
15.206883	0.640	65,462.000000
15.217550	0.640	63,931.000000
15.228217	0.640	64,735.000000
15.238883	0.640	68,208.000000
15.249550	0.640	70,830.000000
15.260217	0.640	70,421.000000
15.270883	0.640	68,133.000000
15.281550	0.640	65,263.000000
15.292217	0.640	62,936.000000
15.302883	0.640	62,211.000000
15.313550	0.640	63,075.000000
15.324217	0.640	65,085.000000
15.334883	0.640	67,692.000000
15.345550	0.640	69,855.000000
15.356217	0.640	70,833.000000
15.366883	0.640	70,706.000000
15.377550	0.640	70,159.000000
15.388217	0.640	70,401.000000
15.398883	0.640	71,730.000000
15.409550	0.640	72,708.000000
15.420217	0.640	72,571.000000
15.430883	0.640	72,848.000000
15.441550	0.640	74,638.000000
15.452217	0.640	76,204.000000
15.462883	0.640	75,844.000000
15.473550	0.640	74,702.000000
15.484217	0.640	75,001.000000
15.494883	0.640	77,117.000000
15.505550	0.640	79,817.000000
15.516217	0.640	82,828.000000
15.526883	0.640	86,395.000000
15.537550	0.640	91,166.000000
15.548217	0.640	100,299.000000
15.558883	0.640	116,328.000000
15.569550	0.640	136,608.000000
15.580217	0.640	153,980.000000
15.590883	0.640	161,051.000000
15.601550	0.640	154,889.000000
15.612217	0.640	138,216.000000
15.622883	0.640	117,846.000000
15.633550	0.640	101,203.000000
15.644217	0.640	91,934.000000
15.654883	0.640	89,222.000000
15.665550	0.640	89,780.000000
15.676217	0.640	90,110.000000
15.686883	0.640	88,483.000000
15.697550	0.640	84,872.000000
15.708217	0.640	80,668.000000
15.718883	0.640	78,544.000000
15.729550	0.640	79,168.000000
15.740217	0.640	80,374.000000
15.750883	0.640	82,756.000000
15.761550	0.640	90,994.000000
15.772217	0.640	107,903.000000
15.782883	0.640	134,897.000000
15.793550	0.640	179,259.000000
15.804217	0.640	253,663.000000
15.814883	0.640	374,918.000000
15.825550	0.640	575,893.000000
15.836217	0.640	925,819.000000
15.846883	0.640	1,562,924.000000
15.857550	0.640	2,729,083.000000
15.868217	0.640	4,696,318.000000
15.878883	0.640	7,471,771.000000
15.889550	0.640	10,449,389.000000
15.900217	0.640	12,463,003.000000
15.910883	0.640	12,479,252.000000
15.921550	0.640	10,425,483.000000
15.932217	0.640	7,292,948.000000
15.942883	0.640	4,369,738.000000
15.953550	0.640	2,380,703.000000
15.964217	0.640	1,304,890.000000
15.974883	0.640	787,586.000000
15.985550	0.640	528,558.000000
15.996217	0.640	378,282.000000
16.006883	0.640	283,688.000000
16.017550	0.640	223,947.000000
16.028217	0.640	185,448.000000
16.038883	0.640	163,251.000000
16.049550	0.640	155,477.000000
16.060217	0.640	156,532.000000
16.070883	0.640	163,251.000000
16.081550	0.640	176,397.000000
16.092217	0.640	191,757.000000
16.102883	0.640	200,827.000000
16.113550	0.640	200,538.000000
16.124217	0.640	195,056.000000
16.134883	0.640	189,834.000000
16.145550	0.640	186,311.000000
16.156217	0.640	182,679.000000
16.166883	0.640	178,851.000000
16.177550	0.640	175,090.000000
16.188217	0.640	170,266.000000
16.198883	0.640	165,578.000000
16.209550	0.640	162,208.000000
16.220217	0.640	161,915.000000
16.230883	0.640	173,831.000000
16.241550	0.640	204,779.000000
16.252217	0.640	244,688.000000
16.262883	0.640	273,909.000000
16.273550	0.640	279,246.000000
16.284217	0.640	260,088.000000
16.294883	0.640	225,139.000000
16.305550	0.640	185,873.000000
16.316217	0.640	153,744.000000
16.326883	0.640	135,633.000000
16.337550	0.640	127,750.000000
16.348217	0.640	122,714.000000
16.358883	0.640	120,081.000000
16.369550	0.640	121,551.000000
16.380217	0.640	124,294.000000
16.390883	0.640	126,240.000000
16.401550	0.640	128,115.000000
16.412217	0.640	129,194.000000
16.422883	0.640	130,062.000000
16.433550	0.640	133,499.000000
16.444217	0.640	138,988.000000
16.454883	0.640	146,499.000000
16.465550	0.640	163,395.000000
16.476217	0.640	200,210.000000
16.486883	0.640	269,889.000000
16.497550	0.640	395,832.000000
16.508217	0.640	612,314.000000
16.518883	0.640	969,058.000000
16.529550	0.640	1,559,287.000000
16.540217	0.640	2,572,671.000000
16.550883	0.640	4,386,688.000000
16.561550	0.640	7,601,758.000000
16.572217	0.640	12,737,119.000000
16.582883	0.640	19,495,416.000000
16.593550	0.640	26,144,192.000000
16.604217	0.640	29,985,751.000000
16.614883	0.640	29,098,955.000000
16.625550	0.640	23,855,914.000000
16.636217	0.640	16,622,848.000000
16.646883	0.640	10,034,730.000000
16.657550	0.640	5,503,026.000000
16.668217	0.640	2,990,582.000000
16.678883	0.640	1,760,901.000000
16.689550	0.640	1,140,424.000000
16.700217	0.640	776,892.000000
16.710883	0.640	545,109.000000
16.721550	0.640	400,266.000000
16.732217	0.640	310,044.000000
16.742883	0.640	250,280.000000
16.753550	0.640	211,564.000000
16.764217	0.640	189,417.000000
16.774883	0.640	176,851.000000
16.785550	0.640	169,471.000000
16.796217	0.640	165,569.000000
16.806883	0.640	165,009.000000
16.817550	0.640	169,720.000000
16.828217	0.640	180,068.000000
16.838883	0.640	194,456.000000
16.849550	0.640	210,350.000000
16.860217	0.640	223,508.000000
16.870883	0.640	229,216.000000
16.881550	0.640	224,722.000000
16.892217	0.640	212,093.000000
16.902883	0.640	197,535.000000
16.913550	0.640	186,406.000000
16.924217	0.640	179,819.000000
16.934883	0.640	174,498.000000
16.945550	0.640	167,351.000000
16.956217	0.640	160,273.000000
16.966883	0.640	156,553.000000
16.977550	0.640	156,618.000000
16.988217	0.640	159,261.000000
16.998883	0.640	162,005.000000
17.009550	0.640	162,515.000000
17.020217	0.640	162,023.000000
17.030883	0.640	164,000.000000
17.041550	0.640	169,750.000000
17.052217	0.640	177,756.000000
17.062883	0.640	186,844.000000
17.073550	0.640	198,554.000000
17.084217	0.640	216,753.000000
17.094883	0.640	245,172.000000
17.105550	0.640	287,219.000000
17.116217	0.640	348,002.000000
17.126883	0.640	433,907.000000
17.137550	0.640	550,779.000000
17.148217	0.640	700,425.000000
17.158883	0.640	873,143.000000
17.169550	0.640	1,043,470.000000
17.180217	0.640	1,181,798.000000
17.190883	0.640	1,267,647.000000
17.201550	0.640	1,285,805.000000
17.212217	0.640	1,226,244.000000
17.222883	0.640	1,097,533.000000
17.233550	0.640	926,843.000000
17.244217	0.640	742,798.000000
17.254883	0.640	570,014.000000
17.265550	0.640	430,417.000000
17.276217	0.640	332,144.000000
17.286883	0.640	267,881.000000
17.297550	0.640	226,916.000000
17.308217	0.640	200,549.000000
17.318883	0.640	183,321.000000
17.329550	0.640	173,536.000000
17.340217	0.640	170,409.000000
17.350883	0.640	170,552.000000
17.361550	0.640	169,805.000000
17.372217	0.640	168,445.000000
17.382883	0.640	169,411.000000
17.393550	0.640	173,038.000000
17.404217	0.640	177,145.000000
17.414883	0.640	181,463.000000
17.425550	0.640	188,340.000000
17.436217	0.640	197,128.000000
17.446883	0.640	204,459.000000
17.457550	0.640	210,082.000000
17.468217	0.640	216,809.000000
17.478883	0.640	227,713.000000
17.489550	0.640	244,603.000000
17.500217	0.640	265,450.000000
17.510883	0.640	284,355.000000
17.521550	0.640	298,153.000000
17.532217	0.640	310,364.000000
17.542883	0.640	325,911.000000
17.553550	0.640	349,596.000000
17.564217	0.640	389,111.000000
17.574883	0.640	447,769.000000
17.585550	0.640	515,370.000000
17.596217	0.640	572,048.000000
17.606883	0.640	600,380.000000
17.617550	0.640	593,752.000000
17.628217	0.640	554,339.000000
17.638883	0.640	491,465.000000
17.649550	0.640	422,610.000000
17.660217	0.640	363,689.000000
17.670883	0.640	321,633.000000
17.681550	0.640	296,679.000000
17.692217	0.640	282,805.000000
17.702883	0.640	272,815.000000
17.713550	0.640	264,534.000000
17.724217	0.640	258,540.000000
17.734883	0.640	255,784.000000
17.745550	0.640	255,907.000000
17.756217	0.640	256,502.000000
17.766883	0.640	257,270.000000
17.777550	0.640	259,389.000000
17.788217	0.640	261,604.000000
17.798883	0.640	262,517.000000
17.809550	0.640	262,556.000000
17.820217	0.640	262,340.000000
17.830883	0.640	262,564.000000
17.841550	0.640	265,419.000000
17.852217	0.640	272,149.000000
17.862883	0.640	279,395.000000
17.873550	0.640	283,164.000000
17.884217	0.640	283,696.000000
17.894883	0.640	284,144.000000
17.905550	0.640	287,887.000000
17.916217	0.640	294,877.000000
17.926883	0.640	301,097.000000
17.937550	0.640	304,390.000000
17.948217	0.640	306,291.000000
17.958883	0.640	308,874.000000
17.969550	0.640	314,416.000000
17.980217	0.640	323,473.000000
17.990883	0.640	332,057.000000
18.001550	0.640	337,188.000000
18.012217	0.640	342,076.000000
18.022883	0.640	349,096.000000
18.033550	0.640	355,031.000000
18.044217	0.640	359,439.000000
18.054883	0.640	367,387.000000
18.065550	0.640	380,856.000000
18.076217	0.640	395,985.000000
18.086883	0.640	409,791.000000
18.097550	0.640	424,942.000000
18.108217	0.640	447,782.000000
18.118883	0.640	487,780.000000
18.129550	0.640	554,517.000000
18.140217	0.640	651,157.000000
18.150883	0.640	781,518.000000
18.161550	0.640	961,519.000000
18.172217	0.640	1,218,154.000000
18.182883	0.640	1,579,796.000000
18.193550	0.640	2,072,620.000000
18.204217	0.640	2,739,723.000000
18.214883	0.640	3,657,225.000000
18.225550	0.640	4,927,924.000000
18.236217	0.640	6,699,526.000000
18.246883	0.640	9,221,010.000000
18.257550	0.640	12,858,432.000000
18.268217	0.640	18,032,911.000000
18.278883	0.640	25,111,493.000000
18.289550	0.640	34,198,871.000000
18.300217	0.640	44,821,505.000000
18.310883	0.640	55,701,250.000000
18.321550	0.640	64,887,190.000000
18.332217	0.640	70,356,091.000000
18.342883	0.640	70,781,847.000000
18.353550	0.640	66,007,899.000000
18.364217	0.640	57,063,987.000000
18.374883	0.640	45,787,173.000000
18.385550	0.640	34,207,934.000000
18.396217	0.640	23,951,279.000000
18.406883	0.640	15,876,557.000000
18.417550	0.640	10,090,900.000000
18.428217	0.640	6,241,193.000000
18.438883	0.640	3,825,293.000000
18.449550	0.640	2,382,990.000000
18.460217	0.640	1,567,481.000000
18.470883	0.640	1,135,060.000000
18.481550	0.640	924,058.000000
18.492217	0.640	851,078.000000
18.502883	0.640	889,312.000000
18.513550	0.640	1,031,401.000000
18.524217	0.640	1,274,227.000000
18.534883	0.640	1,627,898.000000
18.545550	0.640	2,122,651.000000
18.556217	0.640	2,825,524.000000
18.566883	0.640	3,862,482.000000
18.577550	0.640	5,406,746.000000
18.588217	0.640	7,649,109.000000
18.598883	0.640	10,767,011.000000
18.609550	0.640	14,829,591.000000
18.620217	0.640	19,608,549.000000
18.630883	0.640	24,468,068.000000
18.641550	0.640	28,509,890.000000
18.652217	0.640	30,864,031.000000
18.662883	0.640	30,940,041.000000
18.673550	0.640	28,635,105.000000
18.684217	0.640	24,463,948.000000
18.694883	0.640	19,379,135.000000
18.705550	0.640	14,320,928.000000
18.716217	0.640	9,923,380.000000
18.726883	0.640	6,495,860.000000
18.737550	0.640	4,072,530.000000
18.748217	0.640	2,494,152.000000
18.758883	0.640	1,529,455.000000
18.769550	0.640	960,540.000000
18.780217	0.640	624,343.000000
18.790883	0.640	423,034.000000
18.801550	0.640	302,146.000000
18.812217	0.640	227,854.000000
18.822883	0.640	180,614.000000
18.833550	0.640	150,385.000000
18.844217	0.640	130,941.000000
18.854883	0.640	119,438.000000
18.865550	0.640	114,719.000000
18.876217	0.640	114,313.000000
18.886883	0.640	117,271.000000
18.897550	0.640	125,988.000000
18.908217	0.640	141,866.000000
18.918883	0.640	162,777.000000
18.929550	0.640	187,515.000000
18.940217	0.640	219,632.000000
18.950883	0.640	262,934.000000
18.961550	0.640	318,792.000000
18.972217	0.640	390,514.000000
18.982883	0.640	484,471.000000
18.993550	0.640	612,541.000000
19.004217	0.640	796,054.000000
19.014883	0.640	1,056,627.000000
19.025550	0.640	1,413,463.000000
19.036217	0.640	1,900,803.000000
19.046883	0.640	2,561,666.000000
19.057550	0.640	3,406,113.000000
19.068217	0.640	4,384,457.000000
19.078883	0.640	5,391,886.000000
19.089550	0.640	6,285,022.000000
19.100217	0.640	6,903,430.000000
19.110883	0.640	7,107,947.000000
19.121550	0.640	6,839,622.000000
19.132217	0.640	6,146,485.000000
19.142883	0.640	5,158,829.000000
19.153550	0.640	4,055,833.000000
19.164217	0.640	3,011,797.000000
19.174883	0.640	2,132,846.000000
19.185550	0.640	1,451,377.000000
19.196217	0.640	961,374.000000
19.206883	0.640	634,054.000000
19.217550	0.640	425,413.000000
19.228217	0.640	296,568.000000
19.238883	0.640	220,127.000000
19.249550	0.640	174,078.000000
19.260217	0.640	145,535.000000
19.270883	0.640	129,838.000000
19.281550	0.640	122,222.000000
19.292217	0.640	118,996.000000
19.302883	0.640	118,591.000000
19.313550	0.640	116,948.000000
19.324217	0.640	112,158.000000
19.334883	0.640	109,033.000000
19.345550	0.640	110,268.000000
19.356217	0.640	112,355.000000
19.366883	0.640	113,783.000000
19.377550	0.640	116,389.000000
19.388217	0.640	119,170.000000
19.398883	0.640	120,364.000000
19.409550	0.640	121,797.000000
19.420217	0.640	124,627.000000
19.430883	0.640	127,133.000000
19.441550	0.640	129,478.000000
19.452217	0.640	133,456.000000
19.462883	0.640	138,962.000000
19.473550	0.640	146,151.000000
19.484217	0.640	154,774.000000
19.494883	0.640	160,568.000000
19.505550	0.640	160,768.000000
19.516217	0.640	158,891.000000
19.526883	0.640	157,388.000000
19.537550	0.640	153,281.000000
19.548217	0.640	145,521.000000
19.558883	0.640	138,439.000000
19.569550	0.640	135,317.000000
19.580217	0.640	134,336.000000
19.590883	0.640	132,457.000000
19.601550	0.640	130,204.000000
19.612217	0.640	130,263.000000
19.622883	0.640	133,133.000000
19.633550	0.640	137,893.000000
19.644217	0.640	144,584.000000
19.654883	0.640	152,580.000000
19.665550	0.640	160,032.000000
19.676217	0.640	165,991.000000
19.686883	0.640	171,723.000000
19.697550	0.640	179,894.000000
19.708217	0.640	191,787.000000
19.718883	0.640	205,350.000000
19.729550	0.640	218,263.000000
19.740217	0.640	232,515.000000
19.750883	0.640	250,774.000000
19.761550	0.640	273,183.000000
19.772217	0.640	302,313.000000
19.782883	0.640	342,783.000000
19.793550	0.640	396,464.000000
19.804217	0.640	462,948.000000
19.814883	0.640	540,936.000000
19.825550	0.640	629,282.000000
19.836217	0.640	730,825.000000
19.846883	0.640	847,803.000000
19.857550	0.640	969,270.000000
19.868217	0.640	1,078,475.000000
19.878883	0.640	1,167,021.000000
19.889550	0.640	1,225,472.000000
19.900217	0.640	1,242,005.000000
19.910883	0.640	1,218,219.000000
19.921550	0.640	1,162,311.000000
19.932217	0.640	1,074,739.000000
19.942883	0.640	958,982.000000
19.953550	0.640	829,382.000000
19.964217	0.640	697,415.000000
19.974883	0.640	569,743.000000
19.985550	0.640	457,477.000000
19.996217	0.640	367,291.000000
20.006883	0.640	294,843.000000
20.017550	0.640	235,799.000000
20.028217	0.640	189,766.000000
20.038883	0.640	155,031.000000
20.049550	0.640	128,787.000000
20.060217	0.640	109,818.000000
20.070883	0.640	97,399.000000
20.081550	0.640	89,468.000000
20.092217	0.640	83,673.000000
20.102883	0.640	79,405.000000
20.113550	0.640	77,038.000000
20.124217	0.640	76,451.000000
20.134883	0.640	77,189.000000
20.145550	0.640	78,388.000000
20.156217	0.640	81,253.000000
20.166883	0.640	88,134.000000
20.177550	0.640	94,871.000000
20.188217	0.640	95,665.000000
20.198883	0.640	94,191.000000
20.209550	0.640	96,211.000000
20.220217	0.640	99,099.000000
20.230883	0.640	97,767.000000
20.241550	0.640	92,782.000000
20.252217	0.640	87,848.000000
20.262883	0.640	83,446.000000
20.273550	0.640	76,499.000000
20.284217	0.640	66,880.000000
20.294883	0.640	59,458.000000
20.305550	0.640	56,328.000000
20.316217	0.640	54,387.000000
20.326883	0.640	52,166.000000
20.337550	0.640	51,335.000000
20.348217	0.640	52,143.000000
20.358883	0.640	51,910.000000
20.369550	0.640	48,997.000000
20.380217	0.640	45,624.000000
20.390883	0.640	44,384.000000
20.401550	0.640	45,467.000000
20.412217	0.640	48,002.000000
20.422883	0.640	50,810.000000
20.433550	0.640	52,358.000000
20.444217	0.640	51,779.000000
20.454883	0.640	50,236.000000
20.465550	0.640	49,570.000000
20.476217	0.640	49,684.000000
20.486883	0.640	49,507.000000
20.497550	0.640	48,681.000000
20.508217	0.640	46,827.000000
20.518883	0.640	44,152.000000
20.529550	0.640	42,119.000000
20.540217	0.640	41,194.000000
20.550883	0.640	41,271.000000
20.561550	0.640	43,271.000000
20.572217	0.640	46,135.000000
20.582883	0.640	47,167.000000
20.593550	0.640	46,515.000000
20.604217	0.640	45,522.000000
20.614883	0.640	44,361.000000
20.625550	0.640	44,181.000000
20.636217	0.640	46,252.000000
20.646883	0.640	49,469.000000
20.657550	0.640	52,265.000000
20.668217	0.640	55,013.000000
20.678883	0.640	58,567.000000
20.689550	0.640	62,952.000000
20.700217	0.640	67,884.000000
20.710883	0.640	73,419.000000
20.721550	0.640	80,571.000000
20.732217	0.640	89,628.000000
20.742883	0.640	99,997.000000
20.753550	0.640	112,469.000000
20.764217	0.640	127,378.000000
20.774883	0.640	143,729.000000
20.785550	0.640	162,614.000000
20.796217	0.640	187,622.000000
20.806883	0.640	221,984.000000
20.817550	0.640	267,397.000000
20.828217	0.640	325,217.000000
20.838883	0.640	397,112.000000
20.849550	0.640	482,654.000000
20.860217	0.640	579,915.000000
20.870883	0.640	691,018.000000
20.881550	0.640	815,510.000000
20.892217	0.640	940,561.000000
20.902883	0.640	1,049,692.000000
20.913550	0.640	1,131,910.000000
20.924217	0.640	1,182,241.000000
20.934883	0.640	1,200,823.000000
20.945550	0.640	1,188,688.000000
20.956217	0.640	1,148,119.000000
20.966883	0.640	1,085,398.000000
20.977550	0.640	1,009,456.000000
20.988217	0.640	932,894.000000
20.998883	0.640	868,817.000000
21.009550	0.640	825,427.000000
21.020217	0.640	810,119.000000
21.030883	0.640	828,535.000000
21.041550	0.640	879,605.000000
21.052217	0.640	963,016.000000
21.062883	0.640	1,081,940.000000
21.073550	0.640	1,236,136.000000
21.084217	0.640	1,427,370.000000
21.094883	0.640	1,665,739.000000
21.105550	0.640	1,964,028.000000
21.116217	0.640	2,330,020.000000
21.126883	0.640	2,760,047.000000
21.137550	0.640	3,254,144.000000
21.148217	0.640	3,823,877.000000
21.158883	0.640	4,451,920.000000
21.169550	0.640	5,082,703.000000
21.180217	0.640	5,656,011.000000
21.190883	0.640	6,115,741.000000
21.201550	0.640	6,416,998.000000
21.212217	0.640	6,526,113.000000
21.222883	0.640	6,413,368.000000
21.233550	0.640	6,073,985.000000
21.244217	0.640	5,541,582.000000
21.254883	0.640	4,876,326.000000
21.265550	0.640	4,146,202.000000
21.276217	0.640	3,409,558.000000
21.286883	0.640	2,712,393.000000
21.297550	0.640	2,090,296.000000
21.308217	0.640	1,563,472.000000
21.318883	0.640	1,139,959.000000
21.329550	0.640	819,023.000000
21.340217	0.640	586,237.000000
21.350883	0.640	420,027.000000
21.361550	0.640	303,153.000000
21.372217	0.640	223,738.000000
21.382883	0.640	173,813.000000
21.393550	0.640	146,341.000000
21.404217	0.640	131,642.000000
21.414883	0.640	122,044.000000
21.425550	0.640	116,100.000000
21.436217	0.640	114,415.000000
21.446883	0.640	116,095.000000
21.457550	0.640	119,118.000000
21.468217	0.640	122,237.000000
21.478883	0.640	124,630.000000
21.489550	0.640	123,621.000000
21.500217	0.640	118,535.000000
21.510883	0.640	113,350.000000
21.521550	0.640	109,209.000000
21.532217	0.640	102,371.000000
21.542883	0.640	93,021.000000
21.553550	0.640	85,457.000000
21.564217	0.640	79,740.000000
21.574883	0.640	72,879.000000
21.585550	0.640	64,915.000000
21.596217	0.640	57,702.000000
21.606883	0.640	52,275.000000
21.617550	0.640	49,395.000000
21.628217	0.640	49,003.000000
21.638883	0.640	49,801.000000
21.649550	0.640	50,286.000000
21.660217	0.640	49,711.000000
21.670883	0.640	48,425.000000
21.681550	0.640	47,057.000000
21.692217	0.640	46,783.000000
21.702883	0.640	48,700.000000
21.713550	0.640	51,117.000000
21.724217	0.640	51,130.000000
21.734883	0.640	48,422.000000
21.745550	0.640	45,469.000000
21.756217	0.640	45,552.000000
21.766883	0.640	49,338.000000
21.777550	0.640	53,281.000000
21.788217	0.640	53,889.000000
21.798883	0.640	51,626.000000
21.809550	0.640	49,355.000000
21.820217	0.640	48,767.000000
21.830883	0.640	48,666.000000
21.841550	0.640	48,073.000000
21.852217	0.640	49,040.000000
21.862883	0.640	52,104.000000
21.873550	0.640	53,814.000000
21.884217	0.640	52,665.000000
21.894883	0.640	51,368.000000
21.905550	0.640	51,644.000000
21.916217	0.640	51,894.000000
21.926883	0.640	51,180.000000
21.937550	0.640	51,552.000000
21.948217	0.640	53,985.000000
21.958883	0.640	55,871.000000
21.969550	0.640	55,016.000000
21.980217	0.640	52,305.000000
21.990883	0.640	49,588.000000
22.001550	0.640	48,766.000000
22.012217	0.640	51,471.000000
22.022883	0.640	55,421.000000
22.033550	0.640	56,148.000000
22.044217	0.640	54,623.000000
22.054883	0.640	54,484.000000
22.065550	0.640	54,281.000000
22.076217	0.640	51,881.000000
22.086883	0.640	50,610.000000
22.097550	0.640	53,548.000000
22.108217	0.640	57,918.000000
22.118883	0.640	60,187.000000
22.129550	0.640	60,814.000000
22.140217	0.640	61,989.000000
22.150883	0.640	65,275.000000
22.161550	0.640	70,307.000000
22.172217	0.640	75,167.000000
22.182883	0.640	79,642.000000
22.193550	0.640	85,131.000000
22.204217	0.640	92,409.000000
22.214883	0.640	101,908.000000
22.225550	0.640	113,513.000000
22.236217	0.640	127,456.000000
22.246883	0.640	145,271.000000
22.257550	0.640	166,605.000000
22.268217	0.640	189,397.000000
22.278883	0.640	215,086.000000
22.289550	0.640	248,792.000000
22.300217	0.640	293,012.000000
22.310883	0.640	345,493.000000
22.321550	0.640	405,432.000000
22.332217	0.640	477,191.000000
22.342883	0.640	565,508.000000
22.353550	0.640	670,879.000000
22.364217	0.640	795,345.000000
22.374883	0.640	947,404.000000
22.385550	0.640	1,136,244.000000
22.396217	0.640	1,370,614.000000
22.406883	0.640	1,662,312.000000
22.417550	0.640	2,025,115.000000
22.428217	0.640	2,470,052.000000
22.438883	0.640	2,998,891.000000
22.449550	0.640	3,605,960.000000
22.460217	0.640	4,281,931.000000
22.470883	0.640	5,006,668.000000
22.481550	0.640	5,742,860.000000
22.492217	0.640	6,440,116.000000
22.502883	0.640	7,048,411.000000
22.513550	0.640	7,515,934.000000
22.524217	0.640	7,785,543.000000
22.534883	0.640	7,828,663.000000
22.545550	0.640	7,646,170.000000
22.556217	0.640	7,243,641.000000
22.566883	0.640	6,655,660.000000
22.577550	0.640	5,939,978.000000
22.588217	0.640	5,143,553.000000
22.598883	0.640	4,314,670.000000
22.609550	0.640	3,508,657.000000
22.620217	0.640	2,773,341.000000
22.630883	0.640	2,138,444.000000
22.641550	0.640	1,606,507.000000
22.652217	0.640	1,170,738.000000
22.662883	0.640	832,749.000000
22.673550	0.640	586,091.000000
22.684217	0.640	410,483.000000
22.694883	0.640	287,989.000000
22.705550	0.640	206,285.000000
22.716217	0.640	152,972.000000
22.726883	0.640	117,170.000000
22.737550	0.640	92,987.000000
22.748217	0.640	78,361.000000
22.758883	0.640	70,895.000000
22.769550	0.640	66,365.000000
22.780217	0.640	62,226.000000
22.790883	0.640	59,071.000000
22.801550	0.640	57,742.000000
22.812217	0.640	57,628.000000
22.822883	0.640	56,756.000000
22.833550	0.640	54,724.000000
22.844217	0.640	54,342.000000
22.854883	0.640	56,254.000000
22.865550	0.640	57,899.000000
22.876217	0.640	59,199.000000
22.886883	0.640	61,838.000000
22.897550	0.640	65,701.000000
22.908217	0.640	70,480.000000
22.918883	0.640	76,753.000000
22.929550	0.640	84,454.000000
22.940217	0.640	93,358.000000
22.950883	0.640	104,836.000000
22.961550	0.640	121,518.000000
22.972217	0.640	144,958.000000
22.982883	0.640	174,531.000000
22.993550	0.640	210,329.000000
23.004217	0.640	255,435.000000
23.014883	0.640	313,091.000000
23.025550	0.640	384,812.000000
23.036217	0.640	474,635.000000
23.046883	0.640	591,472.000000
23.057550	0.640	741,628.000000
23.068217	0.640	925,367.000000
23.078883	0.640	1,146,830.000000
23.089550	0.640	1,421,948.000000
23.100217	0.640	1,777,293.000000
23.110883	0.640	2,244,965.000000
23.121550	0.640	2,861,037.000000
23.132217	0.640	3,671,978.000000
23.142883	0.640	4,738,637.000000
23.153550	0.640	6,126,218.000000
23.164217	0.640	7,884,781.000000
23.174883	0.640	10,024,402.000000
23.185550	0.640	12,481,220.000000
23.196217	0.640	15,110,485.000000
23.206883	0.640	17,696,092.000000
23.217550	0.640	19,930,771.000000
23.228217	0.640	21,473,826.000000
23.238883	0.640	22,081,644.000000
23.249550	0.640	21,652,094.000000
23.260217	0.640	20,225,631.000000
23.270883	0.640	17,984,883.000000
23.281550	0.640	15,215,177.000000
23.292217	0.640	12,251,522.000000
23.302883	0.640	9,403,885.000000
23.313550	0.640	6,893,234.000000
23.324217	0.640	4,839,287.000000
23.334883	0.640	3,270,323.000000
23.345550	0.640	2,146,862.000000
23.356217	0.640	1,390,222.000000
23.366883	0.640	905,357.000000
23.377550	0.640	604,003.000000
23.388217	0.640	421,020.000000
23.398883	0.640	315,447.000000
23.409550	0.640	258,227.000000
23.420217	0.640	225,964.000000
23.430883	0.640	205,709.000000
23.441550	0.640	191,805.000000
23.452217	0.640	178,921.000000
23.462883	0.640	164,643.000000
23.473550	0.640	151,674.000000
23.484217	0.640	141,456.000000
23.494883	0.640	130,891.000000
23.505550	0.640	118,757.000000
23.516217	0.640	108,895.000000
23.526883	0.640	103,843.000000
23.537550	0.640	100,553.000000
23.548217	0.640	95,988.000000
23.558883	0.640	92,329.000000
23.569550	0.640	91,985.000000
23.580217	0.640	92,942.000000
23.590883	0.640	91,729.000000
23.601550	0.640	87,077.000000
23.612217	0.640	81,165.000000
23.622883	0.640	76,807.000000
23.633550	0.640	73,562.000000
23.644217	0.640	69,937.000000
23.654883	0.640	66,570.000000
23.665550	0.640	64,289.000000
23.676217	0.640	62,691.000000
23.686883	0.640	61,944.000000
23.697550	0.640	62,578.000000
23.708217	0.640	63,214.000000
23.718883	0.640	62,398.000000
23.729550	0.640	61,710.000000
23.740217	0.640	62,757.000000
23.750883	0.640	63,916.000000
23.761550	0.640	63,666.000000
23.772217	0.640	63,614.000000
23.782883	0.640	65,601.000000
23.793550	0.640	68,661.000000
23.804217	0.640	70,124.000000
23.814883	0.640	69,119.000000
23.825550	0.640	67,768.000000
23.836217	0.640	67,172.000000
23.846883	0.640	66,279.000000
23.857550	0.640	65,207.000000
23.868217	0.640	64,633.000000
23.878883	0.640	64,316.000000
23.889550	0.640	64,397.000000
23.900217	0.640	65,636.000000
23.910883	0.640	67,672.000000
23.921550	0.640	68,895.000000
23.932217	0.640	69,262.000000
23.942883	0.640	71,442.000000
23.953550	0.640	77,845.000000
23.964217	0.640	87,922.000000
23.974883	0.640	101,285.000000
23.985550	0.640	121,290.000000
23.996217	0.640	148,687.000000
24.006883	0.640	175,518.000000
24.017550	0.640	191,627.000000
24.028217	0.640	191,538.000000
24.038883	0.640	175,011.000000
24.049550	0.640	147,790.000000
24.060217	0.640	119,118.000000
24.070883	0.640	96,196.000000
24.081550	0.640	82,091.000000
24.092217	0.640	75,492.000000
24.102883	0.640	72,170.000000
24.113550	0.640	69,545.000000
24.124217	0.640	68,058.000000
24.134883	0.640	67,111.000000
24.145550	0.640	64,716.000000
24.156217	0.640	62,715.000000
24.166883	0.640	64,915.000000
24.177550	0.640	69,320.000000
24.188217	0.640	71,125.000000
24.198883	0.640	70,511.000000
24.209550	0.640	70,033.000000
24.220217	0.640	70,182.000000
24.230883	0.640	70,835.000000
24.241550	0.640	72,305.000000
24.252217	0.640	74,591.000000
24.262883	0.640	76,762.000000
24.273550	0.640	78,270.000000
24.284217	0.640	80,967.000000
24.294883	0.640	86,204.000000
24.305550	0.640	92,131.000000
24.316217	0.640	96,550.000000
24.326883	0.640	99,602.000000
24.337550	0.640	103,563.000000
24.348217	0.640	110,196.000000
24.358883	0.640	120,131.000000
24.369550	0.640	136,380.000000
24.380217	0.640	165,044.000000
24.390883	0.640	215,406.000000
24.401550	0.640	303,606.000000
24.412217	0.640	454,564.000000
24.422883	0.640	700,464.000000
24.433550	0.640	1,080,173.000000
24.444217	0.640	1,651,041.000000
24.454883	0.640	2,515,779.000000
24.465550	0.640	3,853,361.000000
24.476217	0.640	5,970,694.000000
24.486883	0.640	9,364,575.000000
24.497550	0.640	14,651,972.000000
24.508217	0.640	22,226,811.000000
24.518883	0.640	31,702,495.000000
24.529550	0.640	41,460,768.000000
24.540217	0.640	48,827,909.000000
24.550883	0.640	51,171,249.000000
24.561550	0.640	47,422,553.000000
24.572217	0.640	38,835,214.000000
24.582883	0.640	28,241,360.000000
24.593550	0.640	18,462,375.000000
24.604217	0.640	11,104,473.000000
24.614883	0.640	6,370,950.000000
24.625550	0.640	3,648,029.000000
24.636217	0.640	2,169,189.000000
24.646883	0.640	1,357,697.000000
24.657550	0.640	885,413.000000
24.668217	0.640	595,747.000000
24.678883	0.640	414,176.000000
24.689550	0.640	298,033.000000
24.700217	0.640	221,581.000000
24.710883	0.640	174,391.000000
24.721550	0.640	150,763.000000
24.732217	0.640	140,494.000000
24.742883	0.640	134,138.000000
24.753550	0.640	129,649.000000
24.764217	0.640	129,920.000000
24.774883	0.640	136,894.000000
24.785550	0.640	149,254.000000
24.796217	0.640	163,318.000000
24.806883	0.640	175,386.000000
24.817550	0.640	185,672.000000
24.828217	0.640	198,395.000000
24.838883	0.640	215,187.000000
24.849550	0.640	233,959.000000
24.860217	0.640	254,880.000000
24.870883	0.640	280,401.000000
24.881550	0.640	313,251.000000
24.892217	0.640	357,166.000000
24.902883	0.640	415,487.000000
24.913550	0.640	497,138.000000
24.924217	0.640	623,482.000000
24.934883	0.640	822,673.000000
24.945550	0.640	1,143,361.000000
24.956217	0.640	1,709,175.000000
24.966883	0.640	2,798,031.000000
24.977550	0.640	4,894,950.000000
24.988217	0.640	8,486,286.000000
24.998883	0.640	13,376,943.000000
25.009550	0.640	18,057,979.000000
25.020217	0.640	20,247,389.000000
25.030883	0.640	18,657,572.000000
25.041550	0.640	14,212,891.000000
25.052217	0.640	9,222,901.000000
25.062883	0.640	5,492,265.000000
25.073550	0.640	3,406,443.000000
25.084217	0.640	2,417,607.000000
25.094883	0.640	1,886,520.000000
25.105550	0.640	1,478,364.000000
25.116217	0.640	1,119,173.000000
25.126883	0.640	827,857.000000
25.137550	0.640	613,381.000000
25.148217	0.640	460,569.000000
25.158883	0.640	350,348.000000
25.169550	0.640	271,034.000000
25.180217	0.640	216,262.000000
25.190883	0.640	179,961.000000
25.201550	0.640	156,016.000000
25.212217	0.640	139,371.000000
25.222883	0.640	126,720.000000
25.233550	0.640	117,292.000000
25.244217	0.640	111,093.000000
25.254883	0.640	107,105.000000
25.265550	0.640	104,014.000000
25.276217	0.640	101,225.000000
25.286883	0.640	98,118.000000
25.297550	0.640	93,787.000000
25.308217	0.640	89,441.000000
25.318883	0.640	87,489.000000
25.329550	0.640	86,951.000000
25.340217	0.640	85,382.000000
25.350883	0.640	83,912.000000
25.361550	0.640	85,111.000000
25.372217	0.640	88,702.000000
25.382883	0.640	92,702.000000
25.393550	0.640	96,312.000000
25.404217	0.640	99,264.000000
25.414883	0.640	102,411.000000
25.425550	0.640	108,355.000000
25.436217	0.640	115,633.000000
25.446883	0.640	119,595.000000
25.457550	0.640	121,070.000000
25.468217	0.640	124,241.000000
25.478883	0.640	129,455.000000
25.489550	0.640	133,863.000000
25.500217	0.640	134,937.000000
25.510883	0.640	131,773.000000
25.521550	0.640	126,433.000000
25.532217	0.640	122,679.000000
25.542883	0.640	120,404.000000
25.553550	0.640	116,619.000000
25.564217	0.640	111,395.000000
25.574883	0.640	106,061.000000
25.585550	0.640	100,879.000000
25.596217	0.640	97,484.000000
25.606883	0.640	95,858.000000
25.617550	0.640	92,659.000000
25.628217	0.640	88,243.000000
25.638883	0.640	86,645.000000
25.649550	0.640	87,825.000000
25.660217	0.640	88,121.000000
25.670883	0.640	86,566.000000
25.681550	0.640	85,154.000000
25.692217	0.640	85,047.000000
25.702883	0.640	86,046.000000
25.713550	0.640	87,023.000000
25.724217	0.640	86,862.000000
25.734883	0.640	86,405.000000
25.745550	0.640	86,962.000000
25.756217	0.640	88,213.000000
25.766883	0.640	89,055.000000
25.777550	0.640	88,743.000000
25.788217	0.640	87,942.000000
25.798883	0.640	89,421.000000
25.809550	0.640	94,081.000000
25.820217	0.640	98,559.000000
25.830883	0.640	101,303.000000
25.841550	0.640	104,371.000000
25.852217	0.640	108,230.000000
25.862883	0.640	112,073.000000
25.873550	0.640	116,437.000000
25.884217	0.640	121,760.000000
25.894883	0.640	128,502.000000
25.905550	0.640	138,313.000000
25.916217	0.640	151,169.000000
25.926883	0.640	164,564.000000
25.937550	0.640	175,602.000000
25.948217	0.640	179,931.000000
25.958883	0.640	175,144.000000
25.969550	0.640	166,712.000000
25.980217	0.640	163,024.000000
25.990883	0.640	168,298.000000
26.001550	0.640	186,082.000000
26.012217	0.640	226,056.000000
26.022883	0.640	305,130.000000
26.033550	0.640	454,422.000000
26.044217	0.640	756,335.000000
26.054883	0.640	1,404,076.000000
26.065550	0.640	2,689,452.000000
26.076217	0.640	4,778,194.000000
26.086883	0.640	7,295,607.000000
26.097550	0.640	9,147,377.000000
26.108217	0.640	9,140,970.000000
26.118883	0.640	7,111,309.000000
26.129550	0.640	4,226,737.000000
26.140217	0.640	1,927,004.000000
26.150883	0.640	761,891.000000
26.161550	0.640	383,275.000000
26.172217	0.640	278,603.000000
26.182883	0.640	211,673.000000
26.193550	0.640	157,464.000000
26.204217	0.640	127,208.000000
26.214883	0.640	114,416.000000
26.225550	0.640	109,369.000000
26.236217	0.640	107,762.000000
26.246883	0.640	108,027.000000
26.257550	0.640	108,707.000000
26.268217	0.640	108,538.000000
26.278883	0.640	106,831.000000
26.289550	0.640	103,812.000000
26.300217	0.640	101,227.000000
26.310883	0.640	100,571.000000
26.321550	0.640	99,889.000000
26.332217	0.640	97,028.000000
26.342883	0.640	95,143.000000
26.353550	0.640	97,473.000000
26.364217	0.640	101,706.000000
26.374883	0.640	105,039.000000
26.385550	0.640	106,870.000000
26.396217	0.640	106,853.000000
26.406883	0.640	107,025.000000
26.417550	0.640	110,684.000000
26.428217	0.640	117,265.000000
26.438883	0.640	125,286.000000
26.449550	0.640	138,345.000000
26.460217	0.640	162,455.000000
26.470883	0.640	201,071.000000
26.481550	0.640	256,709.000000
26.492217	0.640	327,678.000000
26.502883	0.640	391,399.000000
26.513550	0.640	403,110.000000
26.524217	0.640	338,634.000000
26.534883	0.640	233,776.000000
26.545550	0.640	150,288.000000
26.556217	0.640	113,186.000000
26.566883	0.640	105,739.000000
26.577550	0.640	104,355.000000
26.588217	0.640	99,384.000000
26.598883	0.640	94,105.000000
26.609550	0.640	93,042.000000
26.620217	0.640	94,864.000000
26.630883	0.640	97,230.000000
26.641550	0.640	100,274.000000
26.652217	0.640	103,810.000000
26.662883	0.640	106,645.000000
26.673550	0.640	108,159.000000
26.684217	0.640	109,711.000000
26.694883	0.640	113,063.000000
26.705550	0.640	117,748.000000
26.716217	0.640	123,460.000000
26.726883	0.640	131,069.000000
26.737550	0.640	138,925.000000
26.748217	0.640	143,712.000000
26.758883	0.640	146,110.000000
26.769550	0.640	150,284.000000
26.780217	0.640	158,540.000000
26.790883	0.640	171,846.000000
26.801550	0.640	189,246.000000
26.812217	0.640	206,584.000000
26.822883	0.640	230,552.000000
26.833550	0.640	286,203.000000
26.844217	0.640	390,067.000000
26.854883	0.640	518,535.000000
26.865550	0.640	612,570.000000
26.876217	0.640	620,445.000000
26.886883	0.640	544,666.000000
26.897550	0.640	447,629.000000
26.908217	0.640	401,109.000000
26.918883	0.640	415,466.000000
26.929550	0.640	428,222.000000
26.940217	0.640	386,947.000000
26.950883	0.640	317,187.000000
26.961550	0.640	275,099.000000
26.972217	0.640	272,036.000000
26.982883	0.640	280,750.000000
26.993550	0.640	284,009.000000
27.004217	0.640	290,089.000000
27.014883	0.640	319,655.000000
27.025550	0.640	402,402.000000
27.036217	0.640	549,930.000000
27.046883	0.640	685,223.000000
27.057550	0.640	687,825.000000
27.068217	0.640	568,600.000000
27.078883	0.640	469,011.000000
27.089550	0.640	461,924.000000
27.100217	0.640	493,047.000000
27.110883	0.640	509,833.000000
27.121550	0.640	526,507.000000
27.132217	0.640	569,544.000000
27.142883	0.640	638,033.000000
27.153550	0.640	715,645.000000
27.164217	0.640	789,196.000000
27.174883	0.640	861,298.000000
27.185550	0.640	946,720.000000
27.196217	0.640	1,048,069.000000
27.206883	0.640	1,154,544.000000
27.217550	0.640	1,290,014.000000
27.228217	0.640	1,554,439.000000
27.238883	0.640	2,180,843.000000
27.249550	0.640	3,798,053.000000
27.260217	0.640	7,157,260.000000
27.270883	0.640	11,174,623.000000
27.281550	0.640	12,351,142.000000
27.292217	0.640	8,977,164.000000
27.302883	0.640	4,008,033.000000
27.313550	0.640	1,065,088.000000
27.324217	0.640	423,368.000000
27.334883	0.640	498,731.000000
27.345550	0.640	446,253.000000
27.356217	0.640	325,075.000000
27.366883	0.640	286,138.000000
27.377550	0.640	302,296.000000
27.388217	0.640	303,525.000000
27.398883	0.640	280,381.000000
27.409550	0.640	270,440.000000
27.420217	0.640	291,431.000000
27.430883	0.640	308,218.000000
27.441550	0.640	285,653.000000
27.452217	0.640	244,365.000000
27.462883	0.640	225,128.000000
27.473550	0.640	231,389.000000
27.484217	0.640	241,553.000000
27.494883	0.640	249,617.000000
27.505550	0.640	274,249.000000
27.516217	0.640	333,381.000000
27.526883	0.640	400,150.000000
27.537550	0.640	411,450.000000
27.548217	0.640	353,807.000000
27.558883	0.640	288,697.000000
27.569550	0.640	270,607.000000
27.580217	0.640	298,112.000000
27.590883	0.640	340,845.000000
27.601550	0.640	371,044.000000
27.612217	0.640	382,967.000000
27.622883	0.640	396,616.000000
27.633550	0.640	434,698.000000
27.644217	0.640	504,474.000000
27.654883	0.640	609,140.000000
27.665550	0.640	748,485.000000
27.676217	0.640	877,339.000000
27.686883	0.640	908,294.000000
27.697550	0.640	797,867.000000
27.708217	0.640	587,519.000000
27.718883	0.640	363,373.000000
27.729550	0.640	209,288.000000
27.740217	0.640	168,236.000000
27.750883	0.640	252,820.000000
27.761550	0.640	474,874.000000
27.772217	0.640	749,846.000000
27.782883	0.640	846,047.000000
27.793550	0.640	643,881.000000
27.804217	0.640	328,574.000000
27.814883	0.640	137,847.000000
27.825550	0.640	96,668.000000
27.836217	0.640	105,663.000000
27.846883	0.640	108,714.000000
27.857550	0.640	106,710.000000
27.868217	0.640	106,186.000000
27.878883	0.640	104,635.000000
27.889550	0.640	102,299.000000
27.900217	0.640	102,790.000000
27.910883	0.640	106,335.000000
27.921550	0.640	112,258.000000
27.932217	0.640	120,296.000000
27.942883	0.640	127,169.000000
27.953550	0.640	130,610.000000
27.964217	0.640	132,863.000000
27.974883	0.640	136,767.000000
27.985550	0.640	144,204.000000
27.996217	0.640	154,347.000000
28.006883	0.640	161,503.000000
28.017550	0.640	162,870.000000
28.028217	0.640	163,951.000000
28.038883	0.640	170,820.000000
28.049550	0.640	184,864.000000
28.060217	0.640	203,339.000000
28.070883	0.640	219,195.000000
28.081550	0.640	224,982.000000
28.092217	0.640	216,717.000000
28.102883	0.640	194,479.000000
28.113550	0.640	165,392.000000
28.124217	0.640	141,275.000000
28.134883	0.640	128,076.000000
28.145550	0.640	122,122.000000
28.156217	0.640	116,807.000000
28.166883	0.640	109,423.000000
28.177550	0.640	103,053.000000
28.188217	0.640	103,409.000000
28.198883	0.640	114,080.000000
28.209550	0.640	135,104.000000
28.220217	0.640	161,715.000000
28.230883	0.640	182,071.000000
28.241550	0.640	183,369.000000
28.252217	0.640	164,070.000000
28.262883	0.640	136,417.000000
28.273550	0.640	115,472.000000
28.284217	0.640	106,602.000000
28.294883	0.640	106,034.000000
28.305550	0.640	109,041.000000
28.316217	0.640	111,452.000000
28.326883	0.640	110,110.000000
28.337550	0.640	105,949.000000
28.348217	0.640	104,468.000000
28.358883	0.640	111,517.000000
28.369550	0.640	125,238.000000
28.380217	0.640	134,531.000000
28.390883	0.640	129,808.000000
28.401550	0.640	114,388.000000
28.412217	0.640	100,408.000000
28.422883	0.640	94,137.000000
28.433550	0.640	93,414.000000
28.444217	0.640	95,767.000000
28.454883	0.640	99,720.000000
28.465550	0.640	103,903.000000
28.476217	0.640	108,923.000000
28.486883	0.640	113,967.000000
28.497550	0.640	116,016.000000
28.508217	0.640	116,406.000000
28.518883	0.640	118,611.000000
28.529550	0.640	122,640.000000
28.540217	0.640	128,542.000000
28.550883	0.640	136,276.000000
28.561550	0.640	144,394.000000
28.572217	0.640	155,605.000000
28.582883	0.640	175,732.000000
28.593550	0.640	211,663.000000
28.604217	0.640	267,898.000000
28.614883	0.640	322,584.000000
28.625550	0.640	326,994.000000
28.636217	0.640	263,255.000000
28.646883	0.640	174,561.000000
28.657550	0.640	112,248.000000
28.668217	0.640	84,412.000000
28.678883	0.640	70,815.000000
28.689550	0.640	58,567.000000
28.700217	0.640	47,986.000000
28.710883	0.640	45,890.000000
28.721550	0.640	61,497.000000
28.732217	0.640	82,933.000000
28.742883	0.640	78,536.000000
28.753550	0.640	47,839.000000
28.764217	0.640	23,107.000000
28.774883	0.640	17,598.000000
28.785550	0.640	19,574.000000
28.796217	0.640	19,567.000000
28.806883	0.640	17,326.000000
28.817550	0.640	15,669.000000
28.828217	0.640	15,694.000000
28.838883	0.640	15,751.000000
28.849550	0.640	14,235.000000
28.860217	0.640	12,311.000000
28.870883	0.640	12,534.000000
28.881550	0.640	14,298.000000
28.892217	0.640	14,331.000000
28.902883	0.640	12,330.000000
28.913550	0.640	10,562.000000
28.924217	0.640	9,332.000000
28.934883	0.640	8,055.000000
28.945550	0.640	7,375.000000
28.956217	0.640	7,267.000000
28.966883	0.640	6,841.000000
28.977550	0.640	6,553.000000
28.988217	0.640	7,200.000000
28.998883	0.640	7,853.000000
29.009550	0.640	7,746.000000
29.020217	0.640	7,313.000000
29.030883	0.640	6,397.000000
29.041550	0.640	5,107.000000
29.052217	0.640	4,621.000000
29.062883	0.640	5,043.000000
29.073550	0.640	5,200.000000
29.084217	0.640	4,737.000000
29.094883	0.640	4,301.000000
29.105550	0.640	4,030.000000
29.116217	0.640	3,564.000000
29.126883	0.640	3,225.000000
29.137550	0.640	3,408.000000
29.148217	0.640	3,720.000000
29.158883	0.640	3,819.000000
29.169550	0.640	3,408.000000
29.180217	0.640	2,585.000000
29.190883	0.640	2,477.000000
29.201550	0.640	3,124.000000
29.212217	0.640	3,148.000000
29.222883	0.640	2,460.000000
29.233550	0.640	2,251.000000
29.244217	0.640	2,882.000000
29.254883	0.640	3,236.000000
29.265550	0.640	2,315.000000
29.276217	0.640	956.000000
29.286883	0.640	455.000000
29.297550	0.640	957.000000
29.308217	0.640	1,982.000000
29.318883	0.640	2,540.000000
29.329550	0.640	1,593.000000
29.340217	0.640	-545.000000
29.350883	0.640	-2,095.000000
29.361550	0.640	-1,645.000000
29.372217	0.640	164.000000
29.382883	0.640	1,382.000000
29.393550	0.640	1,124.000000
29.404217	0.640	493.000000
29.414883	0.640	404.000000
29.425550	0.640	856.000000
29.436217	0.640	2,099.000000
29.446883	0.640	3,251.000000
29.457550	0.640	2,607.000000
29.468217	0.640	523.000000
29.478883	0.640	-822.000000
29.489550	0.640	-255.000000
29.500217	0.640	1,147.000000
29.510883	0.640	1,515.000000
29.521550	0.640	497.000000
29.532217	0.640	84.000000
29.542883	0.640	1,584.000000
29.553550	0.640	2,813.000000
29.564217	0.640	1,870.000000
29.574883	0.640	675.000000
29.585550	0.640	1,159.000000
29.596217	0.640	1,731.000000
29.606883	0.640	562.000000
29.617550	0.640	-764.000000
29.628217	0.640	-314.000000
29.638883	0.640	719.000000
29.649550	0.640	1,010.000000
29.660217	0.640	1,250.000000
29.670883	0.640	1,839.000000
29.681550	0.640	2,167.000000
29.692217	0.640	1,934.000000
29.702883	0.640	1,705.000000
29.713550	0.640	1,656.000000
29.724217	0.640	901.000000
29.734883	0.640	-457.000000
29.745550	0.640	-805.000000
29.756217	0.640	520.000000
29.766883	0.640	2,040.000000
29.777550	0.640	2,073.000000
29.788217	0.640	1,224.000000
29.798883	0.640	1,059.000000
29.809550	0.640	1,221.000000
29.820217	0.640	853.000000
29.830883	0.640	432.000000
29.841550	0.640	-94.000000
29.852217	0.640	-1,161.000000
29.862883	0.640	-1,748.000000
29.873550	0.640	-1,127.000000
29.884217	0.640	-196.000000
29.894883	0.640	192.000000
29.905550	0.640	42.000000
29.916217	0.640	-183.000000
29.926883	0.640	277.000000
29.937550	0.640	1,504.000000
29.948217	0.640	2,232.000000
29.958883	0.640	1,717.000000
29.969550	0.640	1,270.000000
29.980217	0.640	1,985.000000
29.990883	0.640	2,265.000000
30.001550	0.640	589.000000
