File Path	chrom://nnfcb-l0495/ChromeleonLocal/20180320_AA_Lars Nielsen samples Vienna_lbpet.seq/992.smp/Emission_1.channel/Emission_1.chm
Channel	Emission_1

Injection Information:
Data Vault	ChromeleonLocal
Injection	20180320_Lars Nielsen samples Vienna_dx20_BA11
Injection Number	24
Position	BA11
Comment	
Processing Method	20171024_Calculated with IS_lbpet
Instrument Method	20161104_AA_GeminiC18_FinalVer7
Type	Unknown
Status	Finished
Injection Date	21-03-2018
Injection Time	00:23:33
Injection Volume (µl)	56.500
Dilution Factor	1.0000
Weight	1.0000

Raw Data Information:
Time Min. (min)	0.003950
Time Max. (min)	30.001617
Data Points	2813
Detector	FLD
Exporting Data System	Chromeleon 7.1.2.1478
Operator	
Signal Quantity	
Signal Unit	counts
Signal Min.	-3,739.000000
Signal Max.	94,282,794.000000
Channel	Emission_1
Driver Name	FLD3000.dll
Channel Type	Evaluation
Min. Step (s)	0.640
Max. Step (s)	0.820
Average Step (s)	0.640

Signal Parameter Information:
Signal Info	340 nm /450 nm

Raw Data:
Time (min)	Step (s)	Value (counts)
0.003950	0.000	0.000000
0.017617	0.820	0.000000
0.028283	0.640	0.000000
0.038950	0.640	-390.000000
0.049617	0.640	-1,251.000000
0.060283	0.640	-1,983.000000
0.070950	0.640	-1,584.000000
0.081617	0.640	-429.000000
0.092283	0.640	65.000000
0.102950	0.640	-280.000000
0.113617	0.640	-540.000000
0.124283	0.640	-856.000000
0.134950	0.640	-1,872.000000
0.145617	0.640	-2,563.000000
0.156283	0.640	-1,966.000000
0.166950	0.640	-630.000000
0.177617	0.640	851.000000
0.188283	0.640	1,349.000000
0.198950	0.640	327.000000
0.209617	0.640	-246.000000
0.220283	0.640	494.000000
0.230950	0.640	1,041.000000
0.241617	0.640	1,323.000000
0.252283	0.640	1,845.000000
0.262950	0.640	1,466.000000
0.273617	0.640	-74.000000
0.284283	0.640	-1,326.000000
0.294950	0.640	-1,613.000000
0.305617	0.640	-1,156.000000
0.316283	0.640	-166.000000
0.326950	0.640	426.000000
0.337617	0.640	-207.000000
0.348283	0.640	-1,192.000000
0.358950	0.640	-1,105.000000
0.369617	0.640	-69.000000
0.380283	0.640	-18.000000
0.390950	0.640	-1,615.000000
0.401617	0.640	-2,531.000000
0.412283	0.640	-1,530.000000
0.422950	0.640	-121.000000
0.433617	0.640	589.000000
0.444283	0.640	504.000000
0.454950	0.640	-102.000000
0.465617	0.640	-467.000000
0.476283	0.640	-525.000000
0.486950	0.640	-778.000000
0.497617	0.640	-630.000000
0.508283	0.640	390.000000
0.518950	0.640	787.000000
0.529617	0.640	-659.000000
0.540283	0.640	-2,139.000000
0.550950	0.640	-1,370.000000
0.561617	0.640	333.000000
0.572283	0.640	268.000000
0.582950	0.640	-772.000000
0.593617	0.640	-145.000000
0.604283	0.640	984.000000
0.614950	0.640	-441.000000
0.625617	0.640	-2,933.000000
0.636283	0.640	-3,142.000000
0.646950	0.640	-1,778.000000
0.657617	0.640	-1,407.000000
0.668283	0.640	-2,319.000000
0.678950	0.640	-3,152.000000
0.689617	0.640	-2,878.000000
0.700283	0.640	-1,871.000000
0.710950	0.640	-1,361.000000
0.721617	0.640	-1,246.000000
0.732283	0.640	-1,113.000000
0.742950	0.640	-1,807.000000
0.753617	0.640	-2,932.000000
0.764283	0.640	-2,633.000000
0.774950	0.640	-834.000000
0.785617	0.640	498.000000
0.796283	0.640	350.000000
0.806950	0.640	-284.000000
0.817617	0.640	-120.000000
0.828283	0.640	987.000000
0.838950	0.640	1,534.000000
0.849617	0.640	369.000000
0.860283	0.640	-965.000000
0.870950	0.640	-1,023.000000
0.881617	0.640	-943.000000
0.892283	0.640	-901.000000
0.902950	0.640	779.000000
0.913617	0.640	2,973.000000
0.924283	0.640	2,590.000000
0.934950	0.640	235.000000
0.945617	0.640	-1,016.000000
0.956283	0.640	-988.000000
0.966950	0.640	-1,212.000000
0.977617	0.640	-1,020.000000
0.988283	0.640	170.000000
0.998950	0.640	259.000000
1.009617	0.640	-1,639.000000
1.020283	0.640	-2,952.000000
1.030950	0.640	-1,918.000000
1.041617	0.640	-194.000000
1.052283	0.640	242.000000
1.062950	0.640	-285.000000
1.073617	0.640	-547.000000
1.084283	0.640	-263.000000
1.094950	0.640	-320.000000
1.105617	0.640	-1,602.000000
1.116283	0.640	-3,334.000000
1.126950	0.640	-3,739.000000
1.137617	0.640	-2,415.000000
1.148283	0.640	-683.000000
1.158950	0.640	356.000000
1.169617	0.640	860.000000
1.180283	0.640	1,003.000000
1.190950	0.640	422.000000
1.201617	0.640	-550.000000
1.212283	0.640	-1,134.000000
1.222950	0.640	-1,034.000000
1.233617	0.640	-374.000000
1.244283	0.640	-140.000000
1.254950	0.640	-1,158.000000
1.265617	0.640	-2,663.000000
1.276283	0.640	-3,212.000000
1.286950	0.640	-2,250.000000
1.297617	0.640	-922.000000
1.308283	0.640	-470.000000
1.318950	0.640	-657.000000
1.329617	0.640	-967.000000
1.340283	0.640	-946.000000
1.350950	0.640	34.000000
1.361617	0.640	1,518.000000
1.372283	0.640	2,004.000000
1.382950	0.640	1,074.000000
1.393617	0.640	142.000000
1.404283	0.640	251.000000
1.414950	0.640	621.000000
1.425617	0.640	197.000000
1.436283	0.640	-699.000000
1.446950	0.640	-1,123.000000
1.457617	0.640	-1,309.000000
1.468283	0.640	-1,686.000000
1.478950	0.640	-1,229.000000
1.489617	0.640	505.000000
1.500283	0.640	2,037.000000
1.510950	0.640	1,786.000000
1.521617	0.640	-422.000000
1.532283	0.640	-2,699.000000
1.542950	0.640	-2,897.000000
1.553617	0.640	-1,656.000000
1.564283	0.640	-791.000000
1.574950	0.640	-299.000000
1.585617	0.640	169.000000
1.596283	0.640	-15.000000
1.606950	0.640	-508.000000
1.617617	0.640	303.000000
1.628283	0.640	2,473.000000
1.638950	0.640	3,988.000000
1.649617	0.640	3,569.000000
1.660283	0.640	2,239.000000
1.670950	0.640	2,073.000000
1.681617	0.640	3,242.000000
1.692283	0.640	3,955.000000
1.702950	0.640	3,449.000000
1.713617	0.640	1,897.000000
1.724283	0.640	-119.000000
1.734950	0.640	-535.000000
1.745617	0.640	1,695.000000
1.756283	0.640	4,021.000000
1.766950	0.640	3,933.000000
1.777617	0.640	3,017.000000
1.788283	0.640	3,412.000000
1.798950	0.640	3,460.000000
1.809617	0.640	1,702.000000
1.820283	0.640	120.000000
1.830950	0.640	155.000000
1.841617	0.640	1,150.000000
1.852283	0.640	2,143.000000
1.862950	0.640	2,441.000000
1.873617	0.640	2,507.000000
1.884283	0.640	3,051.000000
1.894950	0.640	3,049.000000
1.905617	0.640	1,578.000000
1.916283	0.640	322.000000
1.926950	0.640	1,013.000000
1.937617	0.640	2,214.000000
1.948283	0.640	1,848.000000
1.958950	0.640	329.000000
1.969617	0.640	-664.000000
1.980283	0.640	-393.000000
1.990950	0.640	521.000000
2.001617	0.640	912.000000
2.012283	0.640	352.000000
2.022950	0.640	-293.000000
2.033617	0.640	-531.000000
2.044283	0.640	-944.000000
2.054950	0.640	-1,179.000000
2.065617	0.640	-334.000000
2.076283	0.640	1,146.000000
2.086950	0.640	2,287.000000
2.097617	0.640	2,431.000000
2.108283	0.640	1,198.000000
2.118950	0.640	-637.000000
2.129617	0.640	-1,373.000000
2.140283	0.640	-789.000000
2.150950	0.640	-563.000000
2.161617	0.640	-1,098.000000
2.172283	0.640	-1,064.000000
2.182950	0.640	-251.000000
2.193617	0.640	681.000000
2.204283	0.640	2,057.000000
2.214950	0.640	4,375.000000
2.225617	0.640	6,663.000000
2.236283	0.640	7,141.000000
2.246950	0.640	5,535.000000
2.257617	0.640	3,473.000000
2.268283	0.640	2,698.000000
2.278950	0.640	3,524.000000
2.289617	0.640	4,496.000000
2.300283	0.640	4,077.000000
2.310950	0.640	2,323.000000
2.321617	0.640	557.000000
2.332283	0.640	25.000000
2.342950	0.640	491.000000
2.353617	0.640	775.000000
2.364283	0.640	544.000000
2.374950	0.640	218.000000
2.385617	0.640	-230.000000
2.396283	0.640	-1,165.000000
2.406950	0.640	-2,133.000000
2.417617	0.640	-1,342.000000
2.428283	0.640	1,770.000000
2.438950	0.640	4,254.000000
2.449617	0.640	3,660.000000
2.460283	0.640	1,756.000000
2.470950	0.640	1,289.000000
2.481617	0.640	2,080.000000
2.492283	0.640	2,457.000000
2.502950	0.640	2,198.000000
2.513617	0.640	2,001.000000
2.524283	0.640	1,980.000000
2.534950	0.640	1,590.000000
2.545617	0.640	770.000000
2.556283	0.640	830.000000
2.566950	0.640	2,028.000000
2.577617	0.640	2,220.000000
2.588283	0.640	649.000000
2.598950	0.640	-596.000000
2.609617	0.640	-343.000000
2.620283	0.640	236.000000
2.630950	0.640	263.000000
2.641617	0.640	244.000000
2.652283	0.640	809.000000
2.662950	0.640	1,982.000000
2.673617	0.640	3,585.000000
2.684283	0.640	5,681.000000
2.694950	0.640	8,138.000000
2.705617	0.640	11,344.000000
2.716283	0.640	16,588.000000
2.726950	0.640	23,077.000000
2.737617	0.640	27,024.000000
2.748283	0.640	25,137.000000
2.758950	0.640	18,263.000000
2.769617	0.640	11,061.000000
2.780283	0.640	6,987.000000
2.790950	0.640	5,678.000000
2.801617	0.640	5,285.000000
2.812283	0.640	4,596.000000
2.822950	0.640	3,536.000000
2.833617	0.640	2,727.000000
2.844283	0.640	2,238.000000
2.854950	0.640	1,190.000000
2.865617	0.640	-127.000000
2.876283	0.640	26.000000
2.886950	0.640	1,295.000000
2.897617	0.640	1,642.000000
2.908283	0.640	1,245.000000
2.918950	0.640	1,517.000000
2.929617	0.640	2,227.000000
2.940283	0.640	2,914.000000
2.950950	0.640	4,392.000000
2.961617	0.640	6,887.000000
2.972283	0.640	10,018.000000
2.982950	0.640	15,182.000000
2.993617	0.640	26,059.000000
3.004283	0.640	46,426.000000
3.014950	0.640	77,506.000000
3.025617	0.640	121,465.000000
3.036283	0.640	187,615.000000
3.046950	0.640	293,831.000000
3.057617	0.640	474,306.000000
3.068283	0.640	798,650.000000
3.078950	0.640	1,388,932.000000
3.089617	0.640	2,420,186.000000
3.100283	0.640	4,068,643.000000
3.110950	0.640	6,369,331.000000
3.121617	0.640	9,057,905.000000
3.132283	0.640	11,571,223.000000
3.142950	0.640	13,272,289.000000
3.153617	0.640	13,780,428.000000
3.164283	0.640	13,188,554.000000
3.174950	0.640	11,967,495.000000
3.185617	0.640	10,625,959.000000
3.196283	0.640	9,469,620.000000
3.206950	0.640	8,606,454.000000
3.217617	0.640	8,025,596.000000
3.228283	0.640	7,645,265.000000
3.238950	0.640	7,364,318.000000
3.249617	0.640	7,105,160.000000
3.260283	0.640	6,816,991.000000
3.270950	0.640	6,451,627.000000
3.281617	0.640	5,959,599.000000
3.292283	0.640	5,327,574.000000
3.302950	0.640	4,586,332.000000
3.313617	0.640	3,782,277.000000
3.324283	0.640	2,976,043.000000
3.334950	0.640	2,234,446.000000
3.345617	0.640	1,604,311.000000
3.356283	0.640	1,108,172.000000
3.366950	0.640	745,237.000000
3.377617	0.640	492,483.000000
3.388283	0.640	320,742.000000
3.398950	0.640	207,696.000000
3.409617	0.640	135,383.000000
3.420283	0.640	88,490.000000
3.430950	0.640	57,900.000000
3.441617	0.640	39,110.000000
3.452283	0.640	28,469.000000
3.462950	0.640	22,798.000000
3.473617	0.640	19,605.000000
3.484283	0.640	17,258.000000
3.494950	0.640	15,354.000000
3.505617	0.640	13,445.000000
3.516283	0.640	11,377.000000
3.526950	0.640	10,359.000000
3.537617	0.640	10,844.000000
3.548283	0.640	12,200.000000
3.558950	0.640	13,305.000000
3.569617	0.640	12,156.000000
3.580283	0.640	8,902.000000
3.590950	0.640	6,376.000000
3.601617	0.640	5,666.000000
3.612283	0.640	5,722.000000
3.622950	0.640	5,817.000000
3.633617	0.640	5,450.000000
3.644283	0.640	4,423.000000
3.654950	0.640	3,204.000000
3.665617	0.640	2,355.000000
3.676283	0.640	2,412.000000
3.686950	0.640	3,415.000000
3.697617	0.640	4,725.000000
3.708283	0.640	5,408.000000
3.718950	0.640	5,065.000000
3.729617	0.640	4,713.000000
3.740283	0.640	4,834.000000
3.750950	0.640	4,384.000000
3.761617	0.640	3,456.000000
3.772283	0.640	3,201.000000
3.782950	0.640	3,551.000000
3.793617	0.640	4,080.000000
3.804283	0.640	4,973.000000
3.814950	0.640	5,343.000000
3.825617	0.640	4,109.000000
3.836283	0.640	2,931.000000
3.846950	0.640	3,775.000000
3.857617	0.640	5,446.000000
3.868283	0.640	6,474.000000
3.878950	0.640	7,657.000000
3.889617	0.640	9,664.000000
3.900283	0.640	11,474.000000
3.910950	0.640	11,924.000000
3.921617	0.640	11,667.000000
3.932283	0.640	12,118.000000
3.942950	0.640	12,774.000000
3.953617	0.640	12,484.000000
3.964283	0.640	11,344.000000
3.974950	0.640	9,691.000000
3.985617	0.640	8,038.000000
3.996283	0.640	7,053.000000
4.006950	0.640	6,628.000000
4.017617	0.640	6,345.000000
4.028283	0.640	6,329.000000
4.038950	0.640	6,373.000000
4.049617	0.640	5,647.000000
4.060283	0.640	5,407.000000
4.070950	0.640	7,814.000000
4.081617	0.640	10,575.000000
4.092283	0.640	9,837.000000
4.102950	0.640	6,883.000000
4.113617	0.640	5,229.000000
4.124283	0.640	5,147.000000
4.134950	0.640	5,240.000000
4.145617	0.640	5,345.000000
4.156283	0.640	5,893.000000
4.166950	0.640	6,383.000000
4.177617	0.640	5,950.000000
4.188283	0.640	4,972.000000
4.198950	0.640	4,254.000000
4.209617	0.640	3,644.000000
4.220283	0.640	2,753.000000
4.230950	0.640	1,884.000000
4.241617	0.640	2,002.000000
4.252283	0.640	3,016.000000
4.262950	0.640	3,258.000000
4.273617	0.640	2,413.000000
4.284283	0.640	1,929.000000
4.294950	0.640	2,492.000000
4.305617	0.640	3,625.000000
4.316283	0.640	4,589.000000
4.326950	0.640	4,900.000000
4.337617	0.640	4,454.000000
4.348283	0.640	4,053.000000
4.358950	0.640	4,942.000000
4.369617	0.640	6,066.000000
4.380283	0.640	5,401.000000
4.390950	0.640	4,291.000000
4.401617	0.640	5,144.000000
4.412283	0.640	6,865.000000
4.422950	0.640	6,930.000000
4.433617	0.640	5,642.000000
4.444283	0.640	5,044.000000
4.454950	0.640	5,404.000000
4.465617	0.640	5,598.000000
4.476283	0.640	5,270.000000
4.486950	0.640	4,410.000000
4.497617	0.640	2,994.000000
4.508283	0.640	2,392.000000
4.518950	0.640	3,919.000000
4.529617	0.640	6,338.000000
4.540283	0.640	8,518.000000
4.550950	0.640	12,510.000000
4.561617	0.640	21,459.000000
4.572283	0.640	37,651.000000
4.582950	0.640	64,462.000000
4.593617	0.640	108,373.000000
4.604283	0.640	182,068.000000
4.614950	0.640	309,478.000000
4.625617	0.640	525,711.000000
4.636283	0.640	878,506.000000
4.646950	0.640	1,435,320.000000
4.657617	0.640	2,292,594.000000
4.668283	0.640	3,635,553.000000
4.678950	0.640	5,884,435.000000
4.689617	0.640	9,843,931.000000
4.700283	0.640	16,563,263.000000
4.710950	0.640	26,420,003.000000
4.721617	0.640	37,655,774.000000
4.732283	0.640	46,085,160.000000
4.742950	0.640	47,426,218.000000
4.753617	0.640	40,728,160.000000
4.764283	0.640	29,313,566.000000
4.774950	0.640	18,078,737.000000
4.785617	0.640	10,092,826.000000
4.796283	0.640	5,608,377.000000
4.806950	0.640	3,368,101.000000
4.817617	0.640	2,162,821.000000
4.828283	0.640	1,395,103.000000
4.838950	0.640	880,716.000000
4.849617	0.640	552,661.000000
4.860283	0.640	348,504.000000
4.870950	0.640	219,018.000000
4.881617	0.640	138,903.000000
4.892283	0.640	92,610.000000
4.902950	0.640	65,461.000000
4.913617	0.640	47,702.000000
4.924283	0.640	36,550.000000
4.934950	0.640	30,341.000000
4.945617	0.640	26,051.000000
4.956283	0.640	23,135.000000
4.966950	0.640	22,258.000000
4.977617	0.640	21,639.000000
4.988283	0.640	19,710.000000
4.998950	0.640	17,404.000000
5.009617	0.640	15,399.000000
5.020283	0.640	13,045.000000
5.030950	0.640	11,064.000000
5.041617	0.640	10,901.000000
5.052283	0.640	11,329.000000
5.062950	0.640	10,268.000000
5.073617	0.640	8,547.000000
5.084283	0.640	8,039.000000
5.094950	0.640	8,497.000000
5.105617	0.640	8,844.000000
5.116283	0.640	9,311.000000
5.126950	0.640	10,712.000000
5.137617	0.640	12,824.000000
5.148283	0.640	14,973.000000
5.158950	0.640	17,031.000000
5.169617	0.640	18,151.000000
5.180283	0.640	17,545.000000
5.190950	0.640	16,561.000000
5.201617	0.640	16,488.000000
5.212283	0.640	16,583.000000
5.222950	0.640	15,607.000000
5.233617	0.640	13,430.000000
5.244283	0.640	10,854.000000
5.254950	0.640	8,988.000000
5.265617	0.640	9,079.000000
5.276283	0.640	10,651.000000
5.286950	0.640	11,039.000000
5.297617	0.640	9,236.000000
5.308283	0.640	7,611.000000
5.318950	0.640	7,968.000000
5.329617	0.640	8,862.000000
5.340283	0.640	8,486.000000
5.350950	0.640	7,051.000000
5.361617	0.640	6,649.000000
5.372283	0.640	8,794.000000
5.382950	0.640	11,587.000000
5.393617	0.640	13,519.000000
5.404283	0.640	16,622.000000
5.414950	0.640	22,827.000000
5.425617	0.640	31,114.000000
5.436283	0.640	39,117.000000
5.446950	0.640	46,550.000000
5.457617	0.640	53,570.000000
5.468283	0.640	57,180.000000
5.478950	0.640	55,078.000000
5.489617	0.640	49,568.000000
5.500283	0.640	44,239.000000
5.510950	0.640	40,832.000000
5.521617	0.640	39,968.000000
5.532283	0.640	41,968.000000
5.542950	0.640	47,861.000000
5.553617	0.640	58,663.000000
5.564283	0.640	72,698.000000
5.574950	0.640	87,286.000000
5.585617	0.640	99,522.000000
5.596283	0.640	104,813.000000
5.606950	0.640	101,713.000000
5.617617	0.640	94,428.000000
5.628283	0.640	87,730.000000
5.638950	0.640	82,999.000000
5.649617	0.640	77,626.000000
5.660283	0.640	68,684.000000
5.670950	0.640	56,908.000000
5.681617	0.640	44,055.000000
5.692283	0.640	31,511.000000
5.702950	0.640	22,138.000000
5.713617	0.640	16,895.000000
5.724283	0.640	12,997.000000
5.734950	0.640	9,235.000000
5.745617	0.640	7,167.000000
5.756283	0.640	6,406.000000
5.766950	0.640	5,373.000000
5.777617	0.640	4,748.000000
5.788283	0.640	5,311.000000
5.798950	0.640	6,134.000000
5.809617	0.640	6,616.000000
5.820283	0.640	6,893.000000
5.830950	0.640	6,864.000000
5.841617	0.640	6,532.000000
5.852283	0.640	6,302.000000
5.862950	0.640	6,433.000000
5.873617	0.640	6,489.000000
5.884283	0.640	6,149.000000
5.894950	0.640	6,068.000000
5.905617	0.640	6,501.000000
5.916283	0.640	6,638.000000
5.926950	0.640	6,421.000000
5.937617	0.640	6,476.000000
5.948283	0.640	6,471.000000
5.958950	0.640	6,189.000000
5.969617	0.640	6,253.000000
5.980283	0.640	6,437.000000
5.990950	0.640	5,908.000000
6.001617	0.640	4,812.000000
6.012283	0.640	3,936.000000
6.022950	0.640	3,853.000000
6.033617	0.640	4,576.000000
6.044283	0.640	5,275.000000
6.054950	0.640	5,564.000000
6.065617	0.640	6,222.000000
6.076283	0.640	6,850.000000
6.086950	0.640	6,564.000000
6.097617	0.640	6,749.000000
6.108283	0.640	8,584.000000
6.118950	0.640	11,330.000000
6.129617	0.640	14,303.000000
6.140283	0.640	17,566.000000
6.150950	0.640	21,943.000000
6.161617	0.640	27,583.000000
6.172283	0.640	32,118.000000
6.182950	0.640	32,966.000000
6.193617	0.640	30,346.000000
6.204283	0.640	26,227.000000
6.214950	0.640	22,157.000000
6.225617	0.640	18,917.000000
6.236283	0.640	17,422.000000
6.246950	0.640	18,881.000000
6.257617	0.640	23,019.000000
6.268283	0.640	28,398.000000
6.278950	0.640	36,146.000000
6.289617	0.640	48,776.000000
6.300283	0.640	63,796.000000
6.310950	0.640	74,618.000000
6.321617	0.640	78,047.000000
6.332283	0.640	76,185.000000
6.342950	0.640	72,724.000000
6.353617	0.640	70,027.000000
6.364283	0.640	70,645.000000
6.374950	0.640	79,447.000000
6.385617	0.640	101,851.000000
6.396283	0.640	143,700.000000
6.406950	0.640	211,261.000000
6.417617	0.640	303,938.000000
6.428283	0.640	404,191.000000
6.438950	0.640	481,092.000000
6.449617	0.640	510,834.000000
6.460283	0.640	488,363.000000
6.470950	0.640	423,512.000000
6.481617	0.640	335,868.000000
6.492283	0.640	245,424.000000
6.502950	0.640	165,383.000000
6.513617	0.640	103,722.000000
6.524283	0.640	63,070.000000
6.534950	0.640	40,027.000000
6.545617	0.640	28,389.000000
6.556283	0.640	22,660.000000
6.566950	0.640	20,097.000000
6.577617	0.640	20,977.000000
6.588283	0.640	26,356.000000
6.598950	0.640	34,737.000000
6.609617	0.640	42,746.000000
6.620283	0.640	49,344.000000
6.630950	0.640	55,401.000000
6.641617	0.640	59,197.000000
6.652283	0.640	57,910.000000
6.662950	0.640	51,907.000000
6.673617	0.640	43,035.000000
6.684283	0.640	33,670.000000
6.694950	0.640	26,990.000000
6.705617	0.640	23,374.000000
6.716283	0.640	20,884.000000
6.726950	0.640	18,803.000000
6.737617	0.640	17,228.000000
6.748283	0.640	16,583.000000
6.758950	0.640	17,485.000000
6.769617	0.640	19,477.000000
6.780283	0.640	21,081.000000
6.790950	0.640	21,291.000000
6.801617	0.640	20,982.000000
6.812283	0.640	21,524.000000
6.822950	0.640	22,642.000000
6.833617	0.640	24,650.000000
6.844283	0.640	29,949.000000
6.854950	0.640	38,597.000000
6.865617	0.640	47,456.000000
6.876283	0.640	54,922.000000
6.886950	0.640	59,534.000000
6.897617	0.640	58,379.000000
6.908283	0.640	52,169.000000
6.918950	0.640	44,175.000000
6.929617	0.640	35,687.000000
6.940283	0.640	28,734.000000
6.950950	0.640	26,498.000000
6.961617	0.640	28,116.000000
6.972283	0.640	30,033.000000
6.982950	0.640	32,197.000000
6.993617	0.640	36,898.000000
7.004283	0.640	44,720.000000
7.014950	0.640	55,843.000000
7.025617	0.640	69,148.000000
7.036283	0.640	79,279.000000
7.046950	0.640	80,545.000000
7.057617	0.640	72,482.000000
7.068283	0.640	60,115.000000
7.078950	0.640	49,251.000000
7.089617	0.640	41,438.000000
7.100283	0.640	36,663.000000
7.110950	0.640	37,676.000000
7.121617	0.640	46,487.000000
7.132283	0.640	62,992.000000
7.142950	0.640	87,999.000000
7.153617	0.640	119,485.000000
7.164283	0.640	149,481.000000
7.174950	0.640	168,465.000000
7.185617	0.640	168,415.000000
7.196283	0.640	146,814.000000
7.206950	0.640	111,265.000000
7.217617	0.640	74,535.000000
7.228283	0.640	46,468.000000
7.238950	0.640	30,519.000000
7.249617	0.640	23,001.000000
7.260283	0.640	17,662.000000
7.270950	0.640	12,509.000000
7.281617	0.640	9,446.000000
7.292283	0.640	8,570.000000
7.302950	0.640	7,849.000000
7.313617	0.640	7,524.000000
7.324283	0.640	8,835.000000
7.334950	0.640	10,489.000000
7.345617	0.640	11,097.000000
7.356283	0.640	10,980.000000
7.366950	0.640	10,033.000000
7.377617	0.640	8,353.000000
7.388283	0.640	7,488.000000
7.398950	0.640	8,543.000000
7.409617	0.640	10,242.000000
7.420283	0.640	10,011.000000
7.430950	0.640	8,304.000000
7.441617	0.640	8,498.000000
7.452283	0.640	10,734.000000
7.462950	0.640	11,852.000000
7.473617	0.640	10,952.000000
7.484283	0.640	9,248.000000
7.494950	0.640	7,360.000000
7.505617	0.640	5,945.000000
7.516283	0.640	5,514.000000
7.526950	0.640	5,562.000000
7.537617	0.640	6,102.000000
7.548283	0.640	8,057.000000
7.558950	0.640	10,206.000000
7.569617	0.640	9,924.000000
7.580283	0.640	8,775.000000
7.590950	0.640	10,254.000000
7.601617	0.640	13,065.000000
7.612283	0.640	14,747.000000
7.622950	0.640	17,278.000000
7.633617	0.640	23,404.000000
7.644283	0.640	33,199.000000
7.654950	0.640	45,004.000000
7.665617	0.640	55,008.000000
7.676283	0.640	58,954.000000
7.686950	0.640	56,512.000000
7.697617	0.640	50,869.000000
7.708283	0.640	45,059.000000
7.718950	0.640	41,562.000000
7.729617	0.640	43,781.000000
7.740283	0.640	54,251.000000
7.750950	0.640	72,378.000000
7.761617	0.640	96,648.000000
7.772283	0.640	125,547.000000
7.782950	0.640	156,379.000000
7.793617	0.640	189,730.000000
7.804283	0.640	234,561.000000
7.814950	0.640	306,640.000000
7.825617	0.640	422,107.000000
7.836283	0.640	590,138.000000
7.846950	0.640	814,917.000000
7.857617	0.640	1,110,547.000000
7.868283	0.640	1,515,264.000000
7.878950	0.640	2,094,736.000000
7.889617	0.640	2,922,808.000000
7.900283	0.640	4,018,275.000000
7.910950	0.640	5,258,186.000000
7.921617	0.640	6,352,832.000000
7.932283	0.640	6,942,951.000000
7.942950	0.640	6,775,869.000000
7.953617	0.640	5,864,171.000000
7.964283	0.640	4,508,886.000000
7.974950	0.640	3,118,192.000000
7.985617	0.640	1,977,460.000000
7.996283	0.640	1,177,966.000000
8.006950	0.640	678,971.000000
8.017617	0.640	389,831.000000
8.028283	0.640	228,977.000000
8.038950	0.640	142,451.000000
8.049617	0.640	95,205.000000
8.060283	0.640	66,156.000000
8.070950	0.640	46,366.000000
8.081617	0.640	33,087.000000
8.092283	0.640	25,405.000000
8.102950	0.640	22,565.000000
8.113617	0.640	23,237.000000
8.124283	0.640	26,031.000000
8.134950	0.640	29,759.000000
8.145617	0.640	32,539.000000
8.156283	0.640	32,756.000000
8.166950	0.640	30,398.000000
8.177617	0.640	26,199.000000
8.188283	0.640	21,517.000000
8.198950	0.640	18,161.000000
8.209617	0.640	16,714.000000
8.220283	0.640	16,431.000000
8.230950	0.640	16,406.000000
8.241617	0.640	16,395.000000
8.252283	0.640	16,714.000000
8.262950	0.640	16,988.000000
8.273617	0.640	16,711.000000
8.284283	0.640	15,976.000000
8.294950	0.640	14,522.000000
8.305617	0.640	12,470.000000
8.316283	0.640	10,778.000000
8.326950	0.640	9,703.000000
8.337617	0.640	8,716.000000
8.348283	0.640	7,774.000000
8.358950	0.640	7,490.000000
8.369617	0.640	8,148.000000
8.380283	0.640	8,915.000000
8.390950	0.640	9,372.000000
8.401617	0.640	10,809.000000
8.412283	0.640	13,145.000000
8.422950	0.640	14,093.000000
8.433617	0.640	13,014.000000
8.444283	0.640	11,738.000000
8.454950	0.640	12,888.000000
8.465617	0.640	17,347.000000
8.476283	0.640	22,989.000000
8.486950	0.640	29,604.000000
8.497617	0.640	40,875.000000
8.508283	0.640	57,630.000000
8.518950	0.640	75,679.000000
8.529617	0.640	91,159.000000
8.540283	0.640	102,067.000000
8.550950	0.640	106,568.000000
8.561617	0.640	105,581.000000
8.572283	0.640	105,789.000000
8.582950	0.640	116,595.000000
8.593617	0.640	146,272.000000
8.604283	0.640	203,638.000000
8.614950	0.640	298,802.000000
8.625617	0.640	439,437.000000
8.636283	0.640	635,380.000000
8.646950	0.640	910,727.000000
8.657617	0.640	1,305,966.000000
8.668283	0.640	1,878,773.000000
8.678950	0.640	2,726,417.000000
8.689617	0.640	4,016,458.000000
8.700283	0.640	5,969,265.000000
8.710950	0.640	8,743,905.000000
8.721617	0.640	12,257,905.000000
8.732283	0.640	16,046,146.000000
8.742950	0.640	19,267,489.000000
8.753617	0.640	20,950,629.000000
8.764283	0.640	20,469,201.000000
8.774950	0.640	17,940,515.000000
8.785617	0.640	14,157,634.000000
8.796283	0.640	10,126,899.000000
8.806950	0.640	6,632,354.000000
8.817617	0.640	4,046,432.000000
8.828283	0.640	2,364,626.000000
8.838950	0.640	1,371,736.000000
8.849617	0.640	815,176.000000
8.860283	0.640	502,001.000000
8.870950	0.640	317,178.000000
8.881617	0.640	203,332.000000
8.892283	0.640	133,811.000000
8.902950	0.640	92,466.000000
8.913617	0.640	66,666.000000
8.924283	0.640	49,221.000000
8.934950	0.640	38,100.000000
8.945617	0.640	31,967.000000
8.956283	0.640	28,328.000000
8.966950	0.640	25,139.000000
8.977617	0.640	21,699.000000
8.988283	0.640	18,519.000000
8.998950	0.640	16,802.000000
9.009617	0.640	16,638.000000
9.020283	0.640	16,614.000000
9.030950	0.640	16,220.000000
9.041617	0.640	16,028.000000
9.052283	0.640	15,630.000000
9.062950	0.640	14,673.000000
9.073617	0.640	14,473.000000
9.084283	0.640	15,689.000000
9.094950	0.640	16,697.000000
9.105617	0.640	16,215.000000
9.116283	0.640	15,471.000000
9.126950	0.640	16,183.000000
9.137617	0.640	17,637.000000
9.148283	0.640	17,997.000000
9.158950	0.640	17,603.000000
9.169617	0.640	18,100.000000
9.180283	0.640	19,273.000000
9.190950	0.640	19,368.000000
9.201617	0.640	18,004.000000
9.212283	0.640	16,596.000000
9.222950	0.640	15,849.000000
9.233617	0.640	15,201.000000
9.244283	0.640	14,586.000000
9.254950	0.640	14,099.000000
9.265617	0.640	13,217.000000
9.276283	0.640	12,324.000000
9.286950	0.640	12,465.000000
9.297617	0.640	13,403.000000
9.308283	0.640	14,480.000000
9.318950	0.640	15,488.000000
9.329617	0.640	15,474.000000
9.340283	0.640	14,232.000000
9.350950	0.640	13,794.000000
9.361617	0.640	14,977.000000
9.372283	0.640	16,262.000000
9.382950	0.640	16,630.000000
9.393617	0.640	15,751.000000
9.404283	0.640	14,382.000000
9.414950	0.640	14,296.000000
9.425617	0.640	15,155.000000
9.436283	0.640	15,415.000000
9.446950	0.640	15,902.000000
9.457617	0.640	17,672.000000
9.468283	0.640	19,463.000000
9.478950	0.640	20,822.000000
9.489617	0.640	23,115.000000
9.500283	0.640	27,226.000000
9.510950	0.640	33,416.000000
9.521617	0.640	42,438.000000
9.532283	0.640	57,209.000000
9.542950	0.640	82,440.000000
9.553617	0.640	121,426.000000
9.564283	0.640	176,608.000000
9.574950	0.640	252,655.000000
9.585617	0.640	357,756.000000
9.596283	0.640	506,721.000000
9.606950	0.640	722,580.000000
9.617617	0.640	1,042,158.000000
9.628283	0.640	1,532,025.000000
9.638950	0.640	2,301,930.000000
9.649617	0.640	3,499,043.000000
9.660283	0.640	5,223,988.000000
9.670950	0.640	7,367,783.000000
9.681617	0.640	9,527,937.000000
9.692283	0.640	11,108,823.000000
9.702950	0.640	11,568,791.000000
9.713617	0.640	10,708,136.000000
9.724283	0.640	8,803,730.000000
9.734950	0.640	6,458,111.000000
9.745617	0.640	4,274,324.000000
9.756283	0.640	2,603,154.000000
9.766950	0.640	1,503,690.000000
9.777617	0.640	858,972.000000
9.788283	0.640	508,513.000000
9.798950	0.640	320,428.000000
9.809617	0.640	212,485.000000
9.820283	0.640	146,472.000000
9.830950	0.640	105,154.000000
9.841617	0.640	77,560.000000
9.852283	0.640	59,310.000000
9.862950	0.640	49,718.000000
9.873617	0.640	46,490.000000
9.884283	0.640	45,715.000000
9.894950	0.640	45,811.000000
9.905617	0.640	49,425.000000
9.916283	0.640	60,173.000000
9.926950	0.640	78,732.000000
9.937617	0.640	103,485.000000
9.948283	0.640	134,719.000000
9.958950	0.640	175,387.000000
9.969617	0.640	228,365.000000
9.980283	0.640	299,605.000000
9.990950	0.640	405,704.000000
10.001617	0.640	575,638.000000
10.012283	0.640	849,388.000000
10.022950	0.640	1,269,222.000000
10.033617	0.640	1,848,804.000000
10.044283	0.640	2,535,549.000000
10.054950	0.640	3,192,131.000000
10.065617	0.640	3,622,989.000000
10.076283	0.640	3,666,578.000000
10.086950	0.640	3,296,100.000000
10.097617	0.640	2,635,928.000000
10.108283	0.640	1,886,796.000000
10.118950	0.640	1,225,854.000000
10.129617	0.640	743,722.000000
10.140283	0.640	442,543.000000
10.150950	0.640	274,552.000000
10.161617	0.640	185,508.000000
10.172283	0.640	139,531.000000
10.182950	0.640	117,465.000000
10.193617	0.640	106,722.000000
10.204283	0.640	100,112.000000
10.214950	0.640	95,404.000000
10.225617	0.640	91,562.000000
10.236283	0.640	88,325.000000
10.246950	0.640	85,529.000000
10.257617	0.640	80,297.000000
10.268283	0.640	70,108.000000
10.278950	0.640	58,144.000000
10.289617	0.640	49,538.000000
10.300283	0.640	44,425.000000
10.310950	0.640	39,969.000000
10.321617	0.640	36,173.000000
10.332283	0.640	35,285.000000
10.342950	0.640	37,995.000000
10.353617	0.640	44,149.000000
10.364283	0.640	55,629.000000
10.374950	0.640	74,071.000000
10.385617	0.640	97,274.000000
10.396283	0.640	120,639.000000
10.406950	0.640	138,108.000000
10.417617	0.640	142,781.000000
10.428283	0.640	131,531.000000
10.438950	0.640	107,753.000000
10.449617	0.640	79,764.000000
10.460283	0.640	56,233.000000
10.470950	0.640	40,723.000000
10.481617	0.640	31,452.000000
10.492283	0.640	25,982.000000
10.502950	0.640	23,564.000000
10.513617	0.640	23,164.000000
10.524283	0.640	23,014.000000
10.534950	0.640	22,458.000000
10.545617	0.640	21,871.000000
10.556283	0.640	21,607.000000
10.566950	0.640	21,339.000000
10.577617	0.640	20,723.000000
10.588283	0.640	20,966.000000
10.598950	0.640	23,034.000000
10.609617	0.640	25,342.000000
10.620283	0.640	26,085.000000
10.630950	0.640	25,875.000000
10.641617	0.640	26,509.000000
10.652283	0.640	29,038.000000
10.662950	0.640	34,157.000000
10.673617	0.640	42,748.000000
10.684283	0.640	54,238.000000
10.694950	0.640	65,540.000000
10.705617	0.640	72,874.000000
10.716283	0.640	73,832.000000
10.726950	0.640	69,060.000000
10.737617	0.640	61,629.000000
10.748283	0.640	53,438.000000
10.758950	0.640	44,761.000000
10.769617	0.640	36,249.000000
10.780283	0.640	29,233.000000
10.790950	0.640	24,552.000000
10.801617	0.640	22,024.000000
10.812283	0.640	21,060.000000
10.822950	0.640	20,624.000000
10.833617	0.640	20,968.000000
10.844283	0.640	23,752.000000
10.854950	0.640	28,238.000000
10.865617	0.640	32,769.000000
10.876283	0.640	39,281.000000
10.886950	0.640	51,900.000000
10.897617	0.640	74,183.000000
10.908283	0.640	109,825.000000
10.918950	0.640	163,700.000000
10.929617	0.640	242,621.000000
10.940283	0.640	357,687.000000
10.950950	0.640	526,493.000000
10.961617	0.640	770,319.000000
10.972283	0.640	1,112,682.000000
10.982950	0.640	1,586,451.000000
10.993617	0.640	2,247,373.000000
11.004283	0.640	3,198,561.000000
11.014950	0.640	4,614,936.000000
11.025617	0.640	6,755,337.000000
11.036283	0.640	9,950,521.000000
11.046950	0.640	14,482,029.000000
11.057617	0.640	20,276,858.000000
11.068283	0.640	26,587,862.000000
11.078950	0.640	32,013,200.000000
11.089617	0.640	34,992,561.000000
11.100283	0.640	34,528,804.000000
11.110950	0.640	30,696,718.000000
11.121617	0.640	24,621,736.000000
11.132283	0.640	17,926,841.000000
11.142950	0.640	11,997,545.000000
11.153617	0.640	7,539,953.000000
11.164283	0.640	4,603,391.000000
11.174950	0.640	2,871,511.000000
11.185617	0.640	1,953,758.000000
11.196283	0.640	1,538,561.000000
11.206950	0.640	1,418,686.000000
11.217617	0.640	1,472,577.000000
11.228283	0.640	1,658,497.000000
11.238950	0.640	1,998,799.000000
11.249617	0.640	2,546,352.000000
11.260283	0.640	3,392,818.000000
11.270950	0.640	4,724,662.000000
11.281617	0.640	6,818,545.000000
11.292283	0.640	9,895,237.000000
11.302950	0.640	13,926,487.000000
11.313617	0.640	18,500,831.000000
11.324283	0.640	22,746,775.000000
11.334950	0.640	25,480,872.000000
11.345617	0.640	25,746,263.000000
11.356283	0.640	23,380,359.000000
11.366950	0.640	19,107,469.000000
11.377617	0.640	14,137,335.000000
11.388283	0.640	9,589,094.000000
11.398950	0.640	6,086,870.000000
11.409617	0.640	3,720,844.000000
11.420283	0.640	2,272,894.000000
11.430950	0.640	1,443,066.000000
11.441617	0.640	966,060.000000
11.452283	0.640	667,224.000000
11.462950	0.640	464,510.000000
11.473617	0.640	324,738.000000
11.484283	0.640	231,171.000000
11.494950	0.640	172,108.000000
11.505617	0.640	135,992.000000
11.516283	0.640	113,881.000000
11.526950	0.640	100,195.000000
11.537617	0.640	90,398.000000
11.548283	0.640	81,837.000000
11.558950	0.640	73,924.000000
11.569617	0.640	67,733.000000
11.580283	0.640	64,442.000000
11.590950	0.640	62,229.000000
11.601617	0.640	57,997.000000
11.612283	0.640	50,760.000000
11.622950	0.640	42,531.000000
11.633617	0.640	37,959.000000
11.644283	0.640	38,825.000000
11.654950	0.640	40,822.000000
11.665617	0.640	40,571.000000
11.676283	0.640	40,271.000000
11.686950	0.640	43,333.000000
11.697617	0.640	49,290.000000
11.708283	0.640	54,775.000000
11.718950	0.640	58,970.000000
11.729617	0.640	63,212.000000
11.740283	0.640	66,611.000000
11.750950	0.640	68,407.000000
11.761617	0.640	70,452.000000
11.772283	0.640	74,327.000000
11.782950	0.640	79,159.000000
11.793617	0.640	82,820.000000
11.804283	0.640	85,650.000000
11.814950	0.640	90,801.000000
11.825617	0.640	100,394.000000
11.836283	0.640	115,799.000000
11.846950	0.640	140,086.000000
11.857617	0.640	176,345.000000
11.868283	0.640	225,427.000000
11.878950	0.640	286,362.000000
11.889617	0.640	359,832.000000
11.900283	0.640	454,300.000000
11.910950	0.640	592,028.000000
11.921617	0.640	811,855.000000
11.932283	0.640	1,167,004.000000
11.942950	0.640	1,717,444.000000
11.953617	0.640	2,508,252.000000
11.964283	0.640	3,523,216.000000
11.974950	0.640	4,630,482.000000
11.985617	0.640	5,570,747.000000
11.996283	0.640	6,035,658.000000
12.006950	0.640	5,826,812.000000
12.017617	0.640	4,995,125.000000
12.028283	0.640	3,823,867.000000
12.038950	0.640	2,648,653.000000
12.049617	0.640	1,689,717.000000
12.060283	0.640	1,018,256.000000
12.070950	0.640	601,419.000000
12.081617	0.640	361,731.000000
12.092283	0.640	228,244.000000
12.102950	0.640	153,954.000000
12.113617	0.640	110,623.000000
12.124283	0.640	83,831.000000
12.134950	0.640	67,055.000000
12.145617	0.640	56,730.000000
12.156283	0.640	50,897.000000
12.166950	0.640	46,654.000000
12.177617	0.640	41,281.000000
12.188283	0.640	36,346.000000
12.198950	0.640	34,064.000000
12.209617	0.640	33,395.000000
12.220283	0.640	32,759.000000
12.230950	0.640	31,948.000000
12.241617	0.640	32,031.000000
12.252283	0.640	33,381.000000
12.262950	0.640	34,025.000000
12.273617	0.640	32,789.000000
12.284283	0.640	31,504.000000
12.294950	0.640	32,051.000000
12.305617	0.640	33,315.000000
12.316283	0.640	33,336.000000
12.326950	0.640	33,203.000000
12.337617	0.640	34,522.000000
12.348283	0.640	36,570.000000
12.358950	0.640	38,646.000000
12.369617	0.640	40,070.000000
12.380283	0.640	40,451.000000
12.390950	0.640	41,344.000000
12.401617	0.640	43,587.000000
12.412283	0.640	45,829.000000
12.422950	0.640	46,392.000000
12.433617	0.640	45,112.000000
12.444283	0.640	43,710.000000
12.454950	0.640	43,786.000000
12.465617	0.640	45,564.000000
12.476283	0.640	47,797.000000
12.486950	0.640	48,789.000000
12.497617	0.640	49,448.000000
12.508283	0.640	51,927.000000
12.518950	0.640	54,990.000000
12.529617	0.640	56,321.000000
12.540283	0.640	56,141.000000
12.550950	0.640	55,544.000000
12.561617	0.640	55,439.000000
12.572283	0.640	56,635.000000
12.582950	0.640	59,368.000000
12.593617	0.640	62,325.000000
12.604283	0.640	64,149.000000
12.614950	0.640	65,617.000000
12.625617	0.640	66,296.000000
12.636283	0.640	64,586.000000
12.646950	0.640	61,728.000000
12.657617	0.640	59,102.000000
12.668283	0.640	56,284.000000
12.678950	0.640	53,950.000000
12.689617	0.640	53,334.000000
12.700283	0.640	53,701.000000
12.710950	0.640	52,723.000000
12.721617	0.640	49,400.000000
12.732283	0.640	45,890.000000
12.742950	0.640	44,803.000000
12.753617	0.640	45,910.000000
12.764283	0.640	47,634.000000
12.774950	0.640	50,592.000000
12.785617	0.640	56,250.000000
12.796283	0.640	63,359.000000
12.806950	0.640	70,158.000000
12.817617	0.640	76,190.000000
12.828283	0.640	79,253.000000
12.838950	0.640	76,791.000000
12.849617	0.640	70,421.000000
12.860283	0.640	63,599.000000
12.870950	0.640	56,826.000000
12.881617	0.640	49,578.000000
12.892283	0.640	43,107.000000
12.902950	0.640	38,386.000000
12.913617	0.640	35,600.000000
12.924283	0.640	34,372.000000
12.934950	0.640	32,737.000000
12.945617	0.640	30,502.000000
12.956283	0.640	29,904.000000
12.966950	0.640	30,622.000000
12.977617	0.640	30,764.000000
12.988283	0.640	29,795.000000
12.998950	0.640	27,994.000000
13.009617	0.640	26,713.000000
13.020283	0.640	26,818.000000
13.030950	0.640	27,536.000000
13.041617	0.640	28,388.000000
13.052283	0.640	29,305.000000
13.062950	0.640	30,219.000000
13.073617	0.640	31,436.000000
13.084283	0.640	33,086.000000
13.094950	0.640	35,416.000000
13.105617	0.640	38,685.000000
13.116283	0.640	41,839.000000
13.126950	0.640	43,204.000000
13.137617	0.640	42,871.000000
13.148283	0.640	42,806.000000
13.158950	0.640	43,876.000000
13.169617	0.640	44,831.000000
13.180283	0.640	44,764.000000
13.190950	0.640	43,904.000000
13.201617	0.640	42,548.000000
13.212283	0.640	40,740.000000
13.222950	0.640	38,438.000000
13.233617	0.640	36,009.000000
13.244283	0.640	33,910.000000
13.254950	0.640	32,385.000000
13.265617	0.640	31,686.000000
13.276283	0.640	31,236.000000
13.286950	0.640	30,149.000000
13.297617	0.640	28,829.000000
13.308283	0.640	28,355.000000
13.318950	0.640	28,595.000000
13.329617	0.640	28,018.000000
13.340283	0.640	26,335.000000
13.350950	0.640	24,894.000000
13.361617	0.640	24,017.000000
13.372283	0.640	23,640.000000
13.382950	0.640	24,248.000000
13.393617	0.640	25,297.000000
13.404283	0.640	25,935.000000
13.414950	0.640	26,210.000000
13.425617	0.640	25,927.000000
13.436283	0.640	24,447.000000
13.446950	0.640	22,622.000000
13.457617	0.640	22,694.000000
13.468283	0.640	25,048.000000
13.478950	0.640	27,592.000000
13.489617	0.640	28,648.000000
13.500283	0.640	28,303.000000
13.510950	0.640	27,181.000000
13.521617	0.640	25,780.000000
13.532283	0.640	25,038.000000
13.542950	0.640	25,314.000000
13.553617	0.640	25,637.000000
13.564283	0.640	25,388.000000
13.574950	0.640	24,955.000000
13.585617	0.640	25,054.000000
13.596283	0.640	26,121.000000
13.606950	0.640	27,513.000000
13.617617	0.640	28,658.000000
13.628283	0.640	31,023.000000
13.638950	0.640	36,464.000000
13.649617	0.640	44,273.000000
13.660283	0.640	53,183.000000
13.670950	0.640	65,591.000000
13.681617	0.640	85,721.000000
13.692283	0.640	115,725.000000
13.702950	0.640	157,694.000000
13.713617	0.640	216,107.000000
13.724283	0.640	296,320.000000
13.734950	0.640	406,722.000000
13.745617	0.640	563,122.000000
13.756283	0.640	782,635.000000
13.766950	0.640	1,076,074.000000
13.777617	0.640	1,456,170.000000
13.788283	0.640	1,949,381.000000
13.798950	0.640	2,595,832.000000
13.809617	0.640	3,443,915.000000
13.820283	0.640	4,550,709.000000
13.830950	0.640	5,988,404.000000
13.841617	0.640	7,869,894.000000
13.852283	0.640	10,403,214.000000
13.862950	0.640	13,926,260.000000
13.873617	0.640	18,908,242.000000
13.884283	0.640	25,912,193.000000
13.894950	0.640	35,402,529.000000
13.905617	0.640	47,391,991.000000
13.916283	0.640	61,133,712.000000
13.926950	0.640	75,006,644.000000
13.937617	0.640	86,655,392.000000
13.948283	0.640	93,605,356.000000
13.958950	0.640	94,282,794.000000
13.969617	0.640	88,612,290.000000
13.980283	0.640	77,785,433.000000
13.990950	0.640	63,788,062.000000
14.001617	0.640	48,957,948.000000
14.012283	0.640	35,351,876.000000
14.022950	0.640	24,172,824.000000
14.033617	0.640	15,739,771.000000
14.044283	0.640	9,841,716.000000
14.054950	0.640	6,003,556.000000
14.065617	0.640	3,646,328.000000
14.076283	0.640	2,252,268.000000
14.086950	0.640	1,440,687.000000
14.097617	0.640	959,403.000000
14.108283	0.640	666,654.000000
14.118950	0.640	490,701.000000
14.129617	0.640	382,094.000000
14.140283	0.640	303,975.000000
14.150950	0.640	242,045.000000
14.161617	0.640	195,677.000000
14.172283	0.640	160,206.000000
14.182950	0.640	128,526.000000
14.193617	0.640	101,224.000000
14.204283	0.640	82,448.000000
14.214950	0.640	71,706.000000
14.225617	0.640	64,844.000000
14.236283	0.640	58,674.000000
14.246950	0.640	53,207.000000
14.257617	0.640	49,785.000000
14.268283	0.640	48,159.000000
14.278950	0.640	47,181.000000
14.289617	0.640	46,779.000000
14.300283	0.640	47,287.000000
14.310950	0.640	48,545.000000
14.321617	0.640	50,088.000000
14.332283	0.640	51,621.000000
14.342950	0.640	53,871.000000
14.353617	0.640	57,393.000000
14.364283	0.640	61,340.000000
14.374950	0.640	64,931.000000
14.385617	0.640	67,454.000000
14.396283	0.640	67,642.000000
14.406950	0.640	65,414.000000
14.417617	0.640	62,316.000000
14.428283	0.640	59,898.000000
14.438950	0.640	58,132.000000
14.449617	0.640	56,212.000000
14.460283	0.640	55,391.000000
14.470950	0.640	57,179.000000
14.481617	0.640	59,659.000000
14.492283	0.640	60,368.000000
14.502950	0.640	59,237.000000
14.513617	0.640	56,359.000000
14.524283	0.640	51,918.000000
14.534950	0.640	47,696.000000
14.545617	0.640	45,132.000000
14.556283	0.640	43,641.000000
14.566950	0.640	42,353.000000
14.577617	0.640	41,872.000000
14.588283	0.640	42,873.000000
14.598950	0.640	44,805.000000
14.609617	0.640	46,950.000000
14.620283	0.640	49,304.000000
14.630950	0.640	52,651.000000
14.641617	0.640	57,397.000000
14.652283	0.640	62,483.000000
14.662950	0.640	67,064.000000
14.673617	0.640	70,864.000000
14.684283	0.640	72,113.000000
14.694950	0.640	69,441.000000
14.705617	0.640	64,572.000000
14.716283	0.640	59,792.000000
14.726950	0.640	56,119.000000
14.737617	0.640	54,063.000000
14.748283	0.640	53,726.000000
14.758950	0.640	55,855.000000
14.769617	0.640	60,304.000000
14.780283	0.640	64,066.000000
14.790950	0.640	66,479.000000
14.801617	0.640	71,303.000000
14.812283	0.640	80,382.000000
14.822950	0.640	92,328.000000
14.833617	0.640	106,398.000000
14.844283	0.640	121,392.000000
14.854950	0.640	133,553.000000
14.865617	0.640	140,614.000000
14.876283	0.640	143,986.000000
14.886950	0.640	143,279.000000
14.897617	0.640	135,024.000000
14.908283	0.640	118,569.000000
14.918950	0.640	98,110.000000
14.929617	0.640	79,195.000000
14.940283	0.640	65,560.000000
14.950950	0.640	58,908.000000
14.961617	0.640	58,703.000000
14.972283	0.640	61,425.000000
14.982950	0.640	63,648.000000
14.993617	0.640	65,654.000000
15.004283	0.640	69,352.000000
15.014950	0.640	74,337.000000
15.025617	0.640	77,709.000000
15.036283	0.640	77,359.000000
15.046950	0.640	74,233.000000
15.057617	0.640	69,849.000000
15.068283	0.640	64,194.000000
15.078950	0.640	58,325.000000
15.089617	0.640	55,145.000000
15.100283	0.640	56,888.000000
15.110950	0.640	63,699.000000
15.121617	0.640	72,202.000000
15.132283	0.640	77,846.000000
15.142950	0.640	80,219.000000
15.153617	0.640	80,854.000000
15.164283	0.640	79,393.000000
15.174950	0.640	76,553.000000
15.185617	0.640	74,981.000000
15.196283	0.640	75,340.000000
15.206950	0.640	76,020.000000
15.217617	0.640	75,653.000000
15.228283	0.640	73,546.000000
15.238950	0.640	69,600.000000
15.249617	0.640	65,261.000000
15.260283	0.640	63,118.000000
15.270950	0.640	63,443.000000
15.281617	0.640	63,351.000000
15.292283	0.640	61,088.000000
15.302950	0.640	57,800.000000
15.313617	0.640	55,572.000000
15.324283	0.640	56,300.000000
15.334950	0.640	60,083.000000
15.345617	0.640	63,809.000000
15.356283	0.640	64,449.000000
15.366950	0.640	63,368.000000
15.377617	0.640	63,227.000000
15.388283	0.640	63,034.000000
15.398950	0.640	62,729.000000
15.409617	0.640	65,367.000000
15.420283	0.640	69,217.000000
15.430950	0.640	69,757.000000
15.441617	0.640	68,688.000000
15.452283	0.640	69,977.000000
15.462950	0.640	73,587.000000
15.473617	0.640	79,345.000000
15.484283	0.640	88,630.000000
15.494950	0.640	100,216.000000
15.505617	0.640	111,180.000000
15.516283	0.640	119,507.000000
15.526950	0.640	122,346.000000
15.537617	0.640	119,252.000000
15.548283	0.640	117,369.000000
15.558950	0.640	123,514.000000
15.569617	0.640	135,003.000000
15.580283	0.640	144,594.000000
15.590950	0.640	146,575.000000
15.601617	0.640	137,843.000000
15.612283	0.640	121,698.000000
15.622950	0.640	106,644.000000
15.633617	0.640	96,719.000000
15.644283	0.640	89,891.000000
15.654950	0.640	84,970.000000
15.665617	0.640	82,749.000000
15.676283	0.640	83,094.000000
15.686950	0.640	84,569.000000
15.697617	0.640	85,795.000000
15.708283	0.640	85,786.000000
15.718950	0.640	83,502.000000
15.729617	0.640	79,237.000000
15.740283	0.640	76,114.000000
15.750950	0.640	77,543.000000
15.761617	0.640	82,713.000000
15.772283	0.640	89,396.000000
15.782950	0.640	100,723.000000
15.793617	0.640	122,892.000000
15.804283	0.640	160,432.000000
15.814950	0.640	219,952.000000
15.825617	0.640	317,489.000000
15.836283	0.640	483,708.000000
15.846950	0.640	772,709.000000
15.857617	0.640	1,279,122.000000
15.868283	0.640	2,119,849.000000
15.878950	0.640	3,314,024.000000
15.889617	0.640	4,614,518.000000
15.900283	0.640	5,507,706.000000
15.910950	0.640	5,524,159.000000
15.921617	0.640	4,627,922.000000
15.932283	0.640	3,260,234.000000
15.942950	0.640	1,980,547.000000
15.953617	0.640	1,098,814.000000
15.964283	0.640	616,001.000000
15.974950	0.640	386,856.000000
15.985617	0.640	275,069.000000
15.996283	0.640	208,959.000000
16.006950	0.640	165,190.000000
16.017617	0.640	137,703.000000
16.028283	0.640	122,673.000000
16.038950	0.640	116,251.000000
16.049617	0.640	115,069.000000
16.060283	0.640	116,460.000000
16.070950	0.640	119,520.000000
16.081617	0.640	125,005.000000
16.092283	0.640	132,633.000000
16.102950	0.640	140,105.000000
16.113617	0.640	146,152.000000
16.124283	0.640	151,992.000000
16.134950	0.640	158,701.000000
16.145617	0.640	166,112.000000
16.156283	0.640	173,846.000000
16.166950	0.640	180,867.000000
16.177617	0.640	185,486.000000
16.188283	0.640	187,329.000000
16.198950	0.640	188,934.000000
16.209617	0.640	197,482.000000
16.220283	0.640	226,341.000000
16.230950	0.640	291,624.000000
16.241617	0.640	400,286.000000
16.252283	0.640	532,612.000000
16.262950	0.640	639,343.000000
16.273617	0.640	668,514.000000
16.284283	0.640	601,887.000000
16.294950	0.640	471,330.000000
16.305617	0.640	335,457.000000
16.316283	0.640	234,013.000000
16.326950	0.640	172,402.000000
16.337617	0.640	140,338.000000
16.348283	0.640	125,732.000000
16.358950	0.640	118,945.000000
16.369617	0.640	116,414.000000
16.380283	0.640	116,775.000000
16.390950	0.640	117,322.000000
16.401617	0.640	117,553.000000
16.412283	0.640	117,910.000000
16.422950	0.640	118,375.000000
16.433617	0.640	120,848.000000
16.444283	0.640	127,793.000000
16.454950	0.640	143,655.000000
16.465617	0.640	176,028.000000
16.476283	0.640	232,249.000000
16.486950	0.640	325,335.000000
16.497617	0.640	484,633.000000
16.508283	0.640	753,326.000000
16.518950	0.640	1,182,474.000000
16.529617	0.640	1,854,311.000000
16.540283	0.640	2,957,233.000000
16.550950	0.640	4,879,300.000000
16.561617	0.640	8,202,697.000000
16.572283	0.640	13,393,563.000000
16.582950	0.640	20,089,528.000000
16.593617	0.640	26,517,151.000000
16.604283	0.640	30,014,702.000000
16.614950	0.640	28,755,737.000000
16.625617	0.640	23,245,903.000000
16.636283	0.640	15,986,803.000000
16.646950	0.640	9,591,093.000000
16.657617	0.640	5,291,786.000000
16.668283	0.640	2,924,718.000000
16.678950	0.640	1,748,102.000000
16.689617	0.640	1,132,507.000000
16.700283	0.640	762,998.000000
16.710950	0.640	528,306.000000
16.721617	0.640	384,163.000000
16.732283	0.640	297,484.000000
16.742950	0.640	242,879.000000
16.753617	0.640	207,716.000000
16.764283	0.640	185,309.000000
16.774950	0.640	169,006.000000
16.785617	0.640	157,504.000000
16.796283	0.640	153,514.000000
16.806950	0.640	155,134.000000
16.817617	0.640	158,860.000000
16.828283	0.640	165,298.000000
16.838950	0.640	174,122.000000
16.849617	0.640	181,468.000000
16.860283	0.640	186,005.000000
16.870950	0.640	188,997.000000
16.881617	0.640	188,806.000000
16.892283	0.640	184,277.000000
16.902950	0.640	178,872.000000
16.913617	0.640	175,474.000000
16.924283	0.640	173,566.000000
16.934950	0.640	172,949.000000
16.945617	0.640	174,039.000000
16.956283	0.640	175,352.000000
16.966950	0.640	176,067.000000
16.977617	0.640	177,206.000000
16.988283	0.640	179,111.000000
16.998950	0.640	183,120.000000
17.009617	0.640	191,202.000000
17.020283	0.640	203,112.000000
17.030950	0.640	218,656.000000
17.041617	0.640	239,401.000000
17.052283	0.640	268,558.000000
17.062950	0.640	311,017.000000
17.073617	0.640	373,460.000000
17.084283	0.640	467,264.000000
17.094950	0.640	608,525.000000
17.105617	0.640	818,738.000000
17.116283	0.640	1,128,960.000000
17.126950	0.640	1,575,654.000000
17.137617	0.640	2,194,846.000000
17.148283	0.640	3,005,210.000000
17.158950	0.640	3,968,543.000000
17.169617	0.640	4,975,866.000000
17.180283	0.640	5,873,155.000000
17.190950	0.640	6,493,156.000000
17.201617	0.640	6,697,562.000000
17.212283	0.640	6,420,563.000000
17.222950	0.640	5,696,900.000000
17.233617	0.640	4,674,180.000000
17.244283	0.640	3,566,795.000000
17.254950	0.640	2,557,843.000000
17.265617	0.640	1,746,479.000000
17.276283	0.640	1,158,735.000000
17.286950	0.640	769,307.000000
17.297617	0.640	527,041.000000
17.308283	0.640	380,262.000000
17.318950	0.640	291,014.000000
17.329617	0.640	238,158.000000
17.340283	0.640	208,072.000000
17.350950	0.640	189,240.000000
17.361617	0.640	177,748.000000
17.372283	0.640	174,437.000000
17.382950	0.640	175,804.000000
17.393617	0.640	176,658.000000
17.404283	0.640	177,353.000000
17.414950	0.640	180,748.000000
17.425617	0.640	186,267.000000
17.436283	0.640	192,154.000000
17.446950	0.640	198,107.000000
17.457617	0.640	204,520.000000
17.468283	0.640	214,472.000000
17.478950	0.640	230,766.000000
17.489617	0.640	250,642.000000
17.500283	0.640	269,588.000000
17.510950	0.640	285,047.000000
17.521617	0.640	297,243.000000
17.532283	0.640	310,399.000000
17.542950	0.640	329,299.000000
17.553617	0.640	357,051.000000
17.564283	0.640	397,378.000000
17.574950	0.640	451,414.000000
17.585617	0.640	511,666.000000
17.596283	0.640	563,332.000000
17.606950	0.640	590,681.000000
17.617617	0.640	584,518.000000
17.628283	0.640	546,291.000000
17.638950	0.640	486,567.000000
17.649617	0.640	421,673.000000
17.660283	0.640	367,724.000000
17.670950	0.640	331,927.000000
17.681617	0.640	309,400.000000
17.692283	0.640	293,075.000000
17.702950	0.640	282,261.000000
17.713617	0.640	277,389.000000
17.724283	0.640	276,494.000000
17.734950	0.640	277,448.000000
17.745617	0.640	278,712.000000
17.756283	0.640	279,765.000000
17.766950	0.640	280,548.000000
17.777617	0.640	282,135.000000
17.788283	0.640	285,076.000000
17.798950	0.640	286,637.000000
17.809617	0.640	286,019.000000
17.820283	0.640	286,195.000000
17.830950	0.640	288,903.000000
17.841617	0.640	293,477.000000
17.852283	0.640	297,671.000000
17.862950	0.640	299,461.000000
17.873617	0.640	298,273.000000
17.884283	0.640	295,675.000000
17.894950	0.640	296,776.000000
17.905617	0.640	303,304.000000
17.916283	0.640	308,665.000000
17.926950	0.640	309,299.000000
17.937617	0.640	310,181.000000
17.948283	0.640	314,469.000000
17.958950	0.640	319,349.000000
17.969617	0.640	322,730.000000
17.980283	0.640	326,420.000000
17.990950	0.640	330,356.000000
18.001617	0.640	331,587.000000
18.012283	0.640	333,067.000000
18.022950	0.640	339,827.000000
18.033617	0.640	346,854.000000
18.044283	0.640	347,709.000000
18.054950	0.640	347,393.000000
18.065617	0.640	353,430.000000
18.076283	0.640	365,853.000000
18.086950	0.640	382,345.000000
18.097617	0.640	405,317.000000
18.108283	0.640	440,641.000000
18.118950	0.640	491,738.000000
18.129617	0.640	563,530.000000
18.140283	0.640	669,916.000000
18.150950	0.640	825,309.000000
18.161617	0.640	1,038,481.000000
18.172283	0.640	1,325,431.000000
18.182950	0.640	1,718,279.000000
18.193617	0.640	2,257,070.000000
18.204283	0.640	2,978,595.000000
18.214950	0.640	3,927,573.000000
18.225617	0.640	5,196,198.000000
18.236283	0.640	6,951,693.000000
18.246950	0.640	9,432,509.000000
18.257617	0.640	12,942,952.000000
18.268283	0.640	17,869,969.000000
18.278950	0.640	24,624,721.000000
18.289617	0.640	33,348,284.000000
18.300283	0.640	43,562,884.000000
18.310950	0.640	54,076,657.000000
18.321617	0.640	63,124,564.000000
18.332283	0.640	68,767,358.000000
18.342950	0.640	69,572,629.000000
18.353617	0.640	65,244,660.000000
18.364283	0.640	56,747,775.000000
18.374950	0.640	45,842,246.000000
18.385617	0.640	34,468,055.000000
18.396283	0.640	24,241,784.000000
18.406950	0.640	16,091,125.000000
18.417617	0.640	10,216,040.000000
18.428283	0.640	6,326,192.000000
18.438950	0.640	3,913,757.000000
18.449617	0.640	2,476,399.000000
18.460283	0.640	1,640,576.000000
18.470950	0.640	1,175,244.000000
18.481617	0.640	947,116.000000
18.492283	0.640	872,809.000000
18.502950	0.640	905,377.000000
18.513617	0.640	1,031,358.000000
18.524283	0.640	1,248,798.000000
18.534950	0.640	1,557,674.000000
18.545617	0.640	1,980,935.000000
18.556283	0.640	2,574,148.000000
18.566950	0.640	3,416,108.000000
18.577617	0.640	4,632,765.000000
18.588283	0.640	6,424,702.000000
18.598950	0.640	8,987,495.000000
18.609617	0.640	12,370,746.000000
18.620283	0.640	16,405,530.000000
18.630950	0.640	20,652,303.000000
18.641617	0.640	24,392,598.000000
18.652283	0.640	26,819,101.000000
18.662950	0.640	27,322,378.000000
18.673617	0.640	25,718,875.000000
18.684283	0.640	22,371,156.000000
18.694950	0.640	18,039,114.000000
18.705617	0.640	13,536,167.000000
18.716283	0.640	9,495,858.000000
18.726950	0.640	6,280,936.000000
18.737617	0.640	3,971,159.000000
18.748283	0.640	2,446,626.000000
18.758950	0.640	1,505,606.000000
18.769617	0.640	947,237.000000
18.780283	0.640	615,228.000000
18.790950	0.640	413,180.000000
18.801617	0.640	291,185.000000
18.812283	0.640	219,589.000000
18.822950	0.640	177,977.000000
18.833617	0.640	155,123.000000
18.844283	0.640	144,013.000000
18.854950	0.640	138,791.000000
18.865617	0.640	137,159.000000
18.876283	0.640	139,930.000000
18.886950	0.640	148,003.000000
18.897617	0.640	161,058.000000
18.908283	0.640	179,213.000000
18.918950	0.640	206,067.000000
18.929617	0.640	245,857.000000
18.940283	0.640	296,323.000000
18.950950	0.640	354,434.000000
18.961617	0.640	428,649.000000
18.972283	0.640	531,379.000000
18.982950	0.640	665,963.000000
18.993617	0.640	836,995.000000
19.004283	0.640	1,065,407.000000
19.014950	0.640	1,384,561.000000
19.025617	0.640	1,834,136.000000
19.036283	0.640	2,461,637.000000
19.046950	0.640	3,311,525.000000
19.057617	0.640	4,401,311.000000
19.068283	0.640	5,696,871.000000
19.078950	0.640	7,078,070.000000
19.089617	0.640	8,333,664.000000
19.100283	0.640	9,228,630.000000
19.110950	0.640	9,578,149.000000
19.121617	0.640	9,294,149.000000
19.132283	0.640	8,428,061.000000
19.142950	0.640	7,156,260.000000
19.153617	0.640	5,700,354.000000
19.164283	0.640	4,269,052.000000
19.174950	0.640	3,024,623.000000
19.185617	0.640	2,046,776.000000
19.196283	0.640	1,340,068.000000
19.206950	0.640	868,836.000000
19.217617	0.640	573,522.000000
19.228283	0.640	391,987.000000
19.238950	0.640	280,074.000000
19.249617	0.640	211,309.000000
19.260283	0.640	171,345.000000
19.270950	0.640	150,341.000000
19.281617	0.640	138,509.000000
19.292283	0.640	129,533.000000
19.302950	0.640	121,852.000000
19.313617	0.640	117,262.000000
19.324283	0.640	117,069.000000
19.334950	0.640	118,337.000000
19.345617	0.640	118,091.000000
19.356283	0.640	117,647.000000
19.366950	0.640	118,705.000000
19.377617	0.640	119,837.000000
19.388283	0.640	120,239.000000
19.398950	0.640	122,595.000000
19.409617	0.640	127,375.000000
19.420283	0.640	130,759.000000
19.430950	0.640	132,560.000000
19.441617	0.640	136,398.000000
19.452283	0.640	142,099.000000
19.462950	0.640	147,190.000000
19.473617	0.640	151,944.000000
19.484283	0.640	157,240.000000
19.494950	0.640	161,653.000000
19.505617	0.640	163,209.000000
19.516283	0.640	162,049.000000
19.526950	0.640	160,059.000000
19.537617	0.640	157,618.000000
19.548283	0.640	153,347.000000
19.558950	0.640	147,784.000000
19.569617	0.640	142,562.000000
19.580283	0.640	137,770.000000
19.590950	0.640	134,577.000000
19.601617	0.640	135,125.000000
19.612283	0.640	138,646.000000
19.622950	0.640	143,274.000000
19.633617	0.640	148,775.000000
19.644283	0.640	154,475.000000
19.654950	0.640	159,517.000000
19.665617	0.640	165,148.000000
19.676283	0.640	173,109.000000
19.686950	0.640	183,621.000000
19.697617	0.640	195,619.000000
19.708283	0.640	207,504.000000
19.718950	0.640	219,108.000000
19.729617	0.640	233,889.000000
19.740283	0.640	255,477.000000
19.750950	0.640	282,830.000000
19.761617	0.640	314,665.000000
19.772283	0.640	353,479.000000
19.782950	0.640	401,188.000000
19.793617	0.640	459,647.000000
19.804283	0.640	534,611.000000
19.814950	0.640	629,507.000000
19.825617	0.640	741,211.000000
19.836283	0.640	869,209.000000
19.846950	0.640	1,017,417.000000
19.857617	0.640	1,180,247.000000
19.868283	0.640	1,336,377.000000
19.878950	0.640	1,466,164.000000
19.889617	0.640	1,563,877.000000
19.900283	0.640	1,621,815.000000
19.910950	0.640	1,626,498.000000
19.921617	0.640	1,572,805.000000
19.932283	0.640	1,461,918.000000
19.942950	0.640	1,301,005.000000
19.953617	0.640	1,111,669.000000
19.964283	0.640	921,673.000000
19.974950	0.640	747,448.000000
19.985617	0.640	591,570.000000
19.996283	0.640	454,936.000000
20.006950	0.640	343,093.000000
20.017617	0.640	259,924.000000
20.028283	0.640	201,163.000000
20.038950	0.640	159,225.000000
20.049617	0.640	130,558.000000
20.060283	0.640	111,060.000000
20.070950	0.640	94,991.000000
20.081617	0.640	82,490.000000
20.092283	0.640	76,212.000000
20.102950	0.640	74,031.000000
20.113617	0.640	72,253.000000
20.124283	0.640	70,438.000000
20.134950	0.640	69,147.000000
20.145617	0.640	67,691.000000
20.156283	0.640	66,334.000000
20.166950	0.640	66,563.000000
20.177617	0.640	68,445.000000
20.188283	0.640	70,246.000000
20.198950	0.640	70,681.000000
20.209617	0.640	70,439.000000
20.220283	0.640	71,331.000000
20.230950	0.640	73,176.000000
20.241617	0.640	72,822.000000
20.252283	0.640	68,778.000000
20.262950	0.640	63,445.000000
20.273617	0.640	58,835.000000
20.284283	0.640	54,896.000000
20.294950	0.640	52,346.000000
20.305617	0.640	51,930.000000
20.316283	0.640	52,080.000000
20.326950	0.640	51,552.000000
20.337617	0.640	51,195.000000
20.348283	0.640	50,990.000000
20.358950	0.640	49,456.000000
20.369617	0.640	47,096.000000
20.380283	0.640	46,466.000000
20.390950	0.640	47,579.000000
20.401617	0.640	48,064.000000
20.412283	0.640	47,795.000000
20.422950	0.640	47,422.000000
20.433617	0.640	45,359.000000
20.444283	0.640	41,962.000000
20.454950	0.640	41,033.000000
20.465617	0.640	43,193.000000
20.476283	0.640	44,882.000000
20.486950	0.640	44,780.000000
20.497617	0.640	44,589.000000
20.508283	0.640	45,275.000000
20.518950	0.640	46,217.000000
20.529617	0.640	46,174.000000
20.540283	0.640	45,000.000000
20.550950	0.640	44,312.000000
20.561617	0.640	44,207.000000
20.572283	0.640	42,884.000000
20.582950	0.640	41,497.000000
20.593617	0.640	42,916.000000
20.604283	0.640	46,317.000000
20.614950	0.640	48,584.000000
20.625617	0.640	48,855.000000
20.636283	0.640	48,633.000000
20.646950	0.640	49,105.000000
20.657617	0.640	50,618.000000
20.668283	0.640	53,668.000000
20.678950	0.640	58,050.000000
20.689617	0.640	62,511.000000
20.700283	0.640	67,698.000000
20.710950	0.640	76,313.000000
20.721617	0.640	87,614.000000
20.732283	0.640	97,107.000000
20.742950	0.640	103,558.000000
20.753617	0.640	110,685.000000
20.764283	0.640	122,313.000000
20.774950	0.640	139,720.000000
20.785617	0.640	162,402.000000
20.796283	0.640	189,854.000000
20.806950	0.640	223,915.000000
20.817617	0.640	268,100.000000
20.828283	0.640	324,771.000000
20.838950	0.640	395,977.000000
20.849617	0.640	483,078.000000
20.860283	0.640	585,128.000000
20.870950	0.640	700,465.000000
20.881617	0.640	825,876.000000
20.892283	0.640	951,454.000000
20.902950	0.640	1,059,535.000000
20.913617	0.640	1,140,469.000000
20.924283	0.640	1,200,351.000000
20.934950	0.640	1,236,775.000000
20.945617	0.640	1,233,652.000000
20.956283	0.640	1,189,752.000000
20.966950	0.640	1,122,104.000000
20.977617	0.640	1,044,754.000000
20.988283	0.640	965,234.000000
20.998950	0.640	894,627.000000
21.009617	0.640	848,651.000000
21.020283	0.640	835,194.000000
21.030950	0.640	849,138.000000
21.041617	0.640	889,069.000000
21.052283	0.640	962,800.000000
21.062950	0.640	1,073,321.000000
21.073617	0.640	1,216,846.000000
21.084283	0.640	1,390,462.000000
21.094950	0.640	1,593,926.000000
21.105617	0.640	1,828,433.000000
21.116283	0.640	2,104,502.000000
21.126950	0.640	2,442,934.000000
21.137617	0.640	2,850,554.000000
21.148283	0.640	3,311,051.000000
21.158950	0.640	3,799,452.000000
21.169617	0.640	4,284,483.000000
21.180283	0.640	4,730,396.000000
21.190950	0.640	5,099,740.000000
21.201617	0.640	5,343,645.000000
21.212283	0.640	5,415,223.000000
21.222950	0.640	5,300,423.000000
21.233617	0.640	5,012,379.000000
21.244283	0.640	4,572,704.000000
21.254950	0.640	4,020,814.000000
21.265617	0.640	3,415,201.000000
21.276283	0.640	2,808,831.000000
21.286950	0.640	2,241,561.000000
21.297617	0.640	1,744,418.000000
21.308283	0.640	1,328,161.000000
21.318950	0.640	985,319.000000
21.329617	0.640	709,904.000000
21.340283	0.640	502,258.000000
21.350950	0.640	357,767.000000
21.361617	0.640	262,115.000000
21.372283	0.640	199,540.000000
21.382950	0.640	157,500.000000
21.393617	0.640	128,471.000000
21.404283	0.640	111,707.000000
21.414950	0.640	105,641.000000
21.425617	0.640	104,194.000000
21.436283	0.640	103,557.000000
21.446950	0.640	104,063.000000
21.457617	0.640	106,462.000000
21.468283	0.640	110,416.000000
21.478950	0.640	114,164.000000
21.489617	0.640	115,718.000000
21.500283	0.640	115,546.000000
21.510950	0.640	114,064.000000
21.521617	0.640	108,543.000000
21.532283	0.640	98,674.000000
21.542950	0.640	89,439.000000
21.553617	0.640	83,430.000000
21.564283	0.640	77,472.000000
21.574950	0.640	69,330.000000
21.585617	0.640	61,711.000000
21.596283	0.640	57,361.000000
21.606950	0.640	55,218.000000
21.617617	0.640	53,605.000000
21.628283	0.640	52,184.000000
21.638950	0.640	50,744.000000
21.649617	0.640	49,172.000000
21.660283	0.640	47,320.000000
21.670950	0.640	45,277.000000
21.681617	0.640	44,683.000000
21.692283	0.640	46,685.000000
21.702950	0.640	48,975.000000
21.713617	0.640	48,888.000000
21.724283	0.640	46,958.000000
21.734950	0.640	45,147.000000
21.745617	0.640	44,687.000000
21.756283	0.640	45,191.000000
21.766950	0.640	45,525.000000
21.777617	0.640	46,295.000000
21.788283	0.640	48,217.000000
21.798950	0.640	49,960.000000
21.809617	0.640	50,381.000000
21.820283	0.640	49,467.000000
21.830950	0.640	47,844.000000
21.841617	0.640	46,979.000000
21.852283	0.640	47,744.000000
21.862950	0.640	49,129.000000
21.873617	0.640	49,407.000000
21.884283	0.640	48,212.000000
21.894950	0.640	47,064.000000
21.905617	0.640	47,953.000000
21.916283	0.640	50,542.000000
21.926950	0.640	51,903.000000
21.937617	0.640	51,545.000000
21.948283	0.640	51,992.000000
21.958950	0.640	52,534.000000
21.969617	0.640	50,692.000000
21.980283	0.640	48,656.000000
21.990950	0.640	48,876.000000
22.001617	0.640	48,993.000000
22.012283	0.640	48,425.000000
22.022950	0.640	49,853.000000
22.033617	0.640	51,920.000000
22.044283	0.640	51,522.000000
22.054950	0.640	49,921.000000
22.065617	0.640	49,687.000000
22.076283	0.640	50,829.000000
22.086950	0.640	52,165.000000
22.097617	0.640	53,729.000000
22.108283	0.640	56,167.000000
22.118950	0.640	58,829.000000
22.129617	0.640	60,714.000000
22.140283	0.640	62,248.000000
22.150950	0.640	64,675.000000
22.161617	0.640	67,793.000000
22.172283	0.640	70,337.000000
22.182950	0.640	73,146.000000
22.193617	0.640	78,834.000000
22.204283	0.640	88,129.000000
22.214950	0.640	99,082.000000
22.225617	0.640	109,886.000000
22.236283	0.640	120,648.000000
22.246950	0.640	133,343.000000
22.257617	0.640	151,117.000000
22.268283	0.640	175,365.000000
22.278950	0.640	203,616.000000
22.289617	0.640	234,166.000000
22.300283	0.640	269,737.000000
22.310950	0.640	311,084.000000
22.321617	0.640	356,612.000000
22.332283	0.640	411,110.000000
22.342950	0.640	481,947.000000
22.353617	0.640	569,349.000000
22.364283	0.640	670,954.000000
22.374950	0.640	791,740.000000
22.385617	0.640	940,570.000000
22.396283	0.640	1,121,777.000000
22.406950	0.640	1,341,075.000000
22.417617	0.640	1,613,096.000000
22.428283	0.640	1,949,991.000000
22.438950	0.640	2,352,386.000000
22.449617	0.640	2,819,508.000000
22.460283	0.640	3,348,937.000000
22.470950	0.640	3,920,871.000000
22.481617	0.640	4,499,247.000000
22.492283	0.640	5,050,068.000000
22.502950	0.640	5,539,720.000000
22.513617	0.640	5,923,415.000000
22.524283	0.640	6,160,954.000000
22.534950	0.640	6,225,641.000000
22.545617	0.640	6,102,641.000000
22.556283	0.640	5,799,479.000000
22.566950	0.640	5,340,876.000000
22.577617	0.640	4,766,879.000000
22.588283	0.640	4,133,395.000000
22.598950	0.640	3,485,987.000000
22.609617	0.640	2,851,867.000000
22.620283	0.640	2,259,922.000000
22.630950	0.640	1,741,520.000000
22.641617	0.640	1,311,610.000000
22.652283	0.640	964,920.000000
22.662950	0.640	693,161.000000
22.673617	0.640	490,820.000000
22.684283	0.640	346,643.000000
22.694950	0.640	245,723.000000
22.705617	0.640	176,316.000000
22.716283	0.640	130,563.000000
22.726950	0.640	102,029.000000
22.737617	0.640	84,090.000000
22.748283	0.640	72,061.000000
22.758950	0.640	64,488.000000
22.769617	0.640	60,724.000000
22.780283	0.640	58,900.000000
22.790950	0.640	56,348.000000
22.801617	0.640	52,459.000000
22.812283	0.640	49,713.000000
22.822950	0.640	49,532.000000
22.833617	0.640	50,497.000000
22.844283	0.640	51,494.000000
22.854950	0.640	52,785.000000
22.865617	0.640	55,055.000000
22.876283	0.640	58,665.000000
22.886950	0.640	62,362.000000
22.897617	0.640	64,712.000000
22.908283	0.640	67,458.000000
22.918950	0.640	73,762.000000
22.929617	0.640	83,164.000000
22.940283	0.640	93,666.000000
22.950950	0.640	106,842.000000
22.961617	0.640	124,465.000000
22.972283	0.640	146,255.000000
22.982950	0.640	174,082.000000
22.993617	0.640	209,608.000000
23.004283	0.640	252,244.000000
23.014950	0.640	305,398.000000
23.025617	0.640	375,351.000000
23.036283	0.640	464,695.000000
23.046950	0.640	573,229.000000
23.057617	0.640	701,586.000000
23.068283	0.640	854,492.000000
23.078950	0.640	1,043,037.000000
23.089617	0.640	1,282,057.000000
23.100283	0.640	1,583,798.000000
23.110950	0.640	1,963,921.000000
23.121617	0.640	2,460,022.000000
23.132283	0.640	3,124,479.000000
23.142950	0.640	3,998,211.000000
23.153617	0.640	5,114,397.000000
23.164283	0.640	6,517,590.000000
23.174950	0.640	8,240,129.000000
23.185617	0.640	10,249,072.000000
23.196283	0.640	12,427,393.000000
23.206950	0.640	14,584,898.000000
23.217617	0.640	16,478,810.000000
23.228283	0.640	17,847,941.000000
23.238950	0.640	18,457,462.000000
23.249617	0.640	18,172,445.000000
23.260283	0.640	17,022,539.000000
23.270950	0.640	15,181,993.000000
23.281617	0.640	12,896,850.000000
23.292283	0.640	10,429,864.000000
23.302950	0.640	8,023,340.000000
23.313617	0.640	5,874,443.000000
23.324283	0.640	4,115,982.000000
23.334950	0.640	2,788,315.000000
23.345617	0.640	1,845,147.000000
23.356283	0.640	1,206,807.000000
23.366950	0.640	797,557.000000
23.377617	0.640	549,145.000000
23.388283	0.640	403,659.000000
23.398950	0.640	321,195.000000
23.409617	0.640	280,664.000000
23.420283	0.640	268,986.000000
23.430950	0.640	269,740.000000
23.441617	0.640	266,461.000000
23.452283	0.640	252,850.000000
23.462950	0.640	232,746.000000
23.473617	0.640	210,542.000000
23.484283	0.640	187,155.000000
23.494950	0.640	163,761.000000
23.505617	0.640	142,705.000000
23.516283	0.640	125,711.000000
23.526950	0.640	113,185.000000
23.537617	0.640	104,702.000000
23.548283	0.640	100,291.000000
23.558950	0.640	98,816.000000
23.569617	0.640	97,350.000000
23.580283	0.640	94,920.000000
23.590950	0.640	92,108.000000
23.601617	0.640	87,896.000000
23.612283	0.640	81,945.000000
23.622950	0.640	76,852.000000
23.633617	0.640	73,967.000000
23.644283	0.640	70,552.000000
23.654950	0.640	65,266.000000
23.665617	0.640	61,245.000000
23.676283	0.640	60,157.000000
23.686950	0.640	60,507.000000
23.697617	0.640	61,185.000000
23.708283	0.640	60,630.000000
23.718950	0.640	58,101.000000
23.729617	0.640	56,498.000000
23.740283	0.640	58,070.000000
23.750950	0.640	61,155.000000
23.761617	0.640	63,727.000000
23.772283	0.640	65,250.000000
23.782950	0.640	65,094.000000
23.793617	0.640	64,044.000000
23.804283	0.640	63,924.000000
23.814950	0.640	63,527.000000
23.825617	0.640	61,899.000000
23.836283	0.640	61,033.000000
23.846950	0.640	60,998.000000
23.857617	0.640	60,408.000000
23.868283	0.640	59,951.000000
23.878950	0.640	60,663.000000
23.889617	0.640	61,524.000000
23.900283	0.640	61,276.000000
23.910950	0.640	61,238.000000
23.921617	0.640	62,331.000000
23.932283	0.640	62,622.000000
23.942950	0.640	62,090.000000
23.953617	0.640	62,967.000000
23.964283	0.640	65,214.000000
23.974950	0.640	68,325.000000
23.985617	0.640	72,661.000000
23.996283	0.640	76,645.000000
24.006950	0.640	77,998.000000
24.017617	0.640	77,306.000000
24.028283	0.640	76,434.000000
24.038950	0.640	74,340.000000
24.049617	0.640	69,424.000000
24.060283	0.640	64,402.000000
24.070950	0.640	63,159.000000
24.081617	0.640	65,053.000000
24.092283	0.640	66,942.000000
24.102950	0.640	67,185.000000
24.113617	0.640	65,774.000000
24.124283	0.640	64,222.000000
24.134950	0.640	63,641.000000
24.145617	0.640	63,215.000000
24.156283	0.640	63,147.000000
24.166950	0.640	64,500.000000
24.177617	0.640	66,085.000000
24.188283	0.640	66,684.000000
24.198950	0.640	67,191.000000
24.209617	0.640	68,225.000000
24.220283	0.640	69,177.000000
24.230950	0.640	69,771.000000
24.241617	0.640	71,441.000000
24.252283	0.640	74,762.000000
24.262950	0.640	76,811.000000
24.273617	0.640	76,379.000000
24.284283	0.640	76,797.000000
24.294950	0.640	80,697.000000
24.305617	0.640	87,176.000000
24.316283	0.640	93,345.000000
24.326950	0.640	97,806.000000
24.337617	0.640	102,369.000000
24.348283	0.640	109,536.000000
24.358950	0.640	121,670.000000
24.369617	0.640	142,291.000000
24.380283	0.640	177,414.000000
24.390950	0.640	237,573.000000
24.401617	0.640	337,509.000000
24.412283	0.640	498,070.000000
24.422950	0.640	750,429.000000
24.433617	0.640	1,132,609.000000
24.444283	0.640	1,693,232.000000
24.454950	0.640	2,518,018.000000
24.465617	0.640	3,757,976.000000
24.476283	0.640	5,661,329.000000
24.486950	0.640	8,628,729.000000
24.497617	0.640	13,192,044.000000
24.508283	0.640	19,717,708.000000
24.518950	0.640	27,872,330.000000
24.529617	0.640	36,235,259.000000
24.540283	0.640	42,467,424.000000
24.550950	0.640	44,296,680.000000
24.561617	0.640	40,888,096.000000
24.572283	0.640	33,394,066.000000
24.582950	0.640	24,235,321.000000
24.593617	0.640	15,812,495.000000
24.604283	0.640	9,490,604.000000
24.614950	0.640	5,427,278.000000
24.625617	0.640	3,100,201.000000
24.636283	0.640	1,855,027.000000
24.646950	0.640	1,176,515.000000
24.657617	0.640	770,740.000000
24.668283	0.640	516,153.000000
24.678950	0.640	359,302.000000
24.689617	0.640	261,915.000000
24.700283	0.640	200,235.000000
24.710950	0.640	162,685.000000
24.721617	0.640	139,951.000000
24.732283	0.640	125,543.000000
24.742950	0.640	118,651.000000
24.753617	0.640	118,493.000000
24.764283	0.640	121,627.000000
24.774950	0.640	125,151.000000
24.785617	0.640	127,883.000000
24.796283	0.640	130,568.000000
24.806950	0.640	135,400.000000
24.817617	0.640	143,684.000000
24.828283	0.640	154,958.000000
24.838950	0.640	167,566.000000
24.849617	0.640	179,587.000000
24.860283	0.640	190,952.000000
24.870950	0.640	205,029.000000
24.881617	0.640	227,095.000000
24.892283	0.640	258,980.000000
24.902950	0.640	299,199.000000
24.913617	0.640	352,785.000000
24.924283	0.640	432,604.000000
24.934950	0.640	553,916.000000
24.945617	0.640	743,065.000000
24.956283	0.640	1,064,315.000000
24.966950	0.640	1,664,721.000000
24.977617	0.640	2,797,486.000000
24.988283	0.640	4,704,214.000000
24.998950	0.640	7,272,882.000000
25.009617	0.640	9,718,911.000000
25.020283	0.640	10,858,619.000000
25.030950	0.640	10,034,478.000000
25.041617	0.640	7,735,655.000000
25.052283	0.640	5,151,784.000000
25.062950	0.640	3,222,000.000000
25.073617	0.640	2,161,841.000000
25.084283	0.640	1,672,850.000000
25.094950	0.640	1,389,039.000000
25.105617	0.640	1,127,530.000000
25.116283	0.640	869,069.000000
25.126950	0.640	645,885.000000
25.137617	0.640	476,623.000000
25.148283	0.640	356,060.000000
25.158950	0.640	270,416.000000
25.169617	0.640	211,874.000000
25.180283	0.640	174,555.000000
25.190950	0.640	150,040.000000
25.201617	0.640	133,031.000000
25.212283	0.640	121,785.000000
25.222950	0.640	115,074.000000
25.233617	0.640	111,288.000000
25.244283	0.640	107,631.000000
25.254950	0.640	102,128.000000
25.265617	0.640	95,516.000000
25.276283	0.640	90,166.000000
25.286950	0.640	87,517.000000
25.297617	0.640	86,277.000000
25.308283	0.640	85,240.000000
25.318950	0.640	84,816.000000
25.329617	0.640	84,729.000000
25.340283	0.640	84,518.000000
25.350950	0.640	84,475.000000
25.361617	0.640	84,989.000000
25.372283	0.640	85,337.000000
25.382950	0.640	83,787.000000
25.393617	0.640	80,924.000000
25.404283	0.640	79,333.000000
25.414950	0.640	79,416.000000
25.425617	0.640	79,447.000000
25.436283	0.640	79,086.000000
25.446950	0.640	80,183.000000
25.457617	0.640	83,504.000000
25.468283	0.640	87,439.000000
25.478950	0.640	90,323.000000
25.489617	0.640	90,441.000000
25.500283	0.640	87,397.000000
25.510950	0.640	84,603.000000
25.521617	0.640	84,963.000000
25.532283	0.640	88,086.000000
25.542950	0.640	92,513.000000
25.553617	0.640	95,190.000000
25.564283	0.640	93,326.000000
25.574950	0.640	89,161.000000
25.585617	0.640	87,244.000000
25.596283	0.640	87,675.000000
25.606950	0.640	86,467.000000
25.617617	0.640	81,861.000000
25.628283	0.640	77,327.000000
25.638950	0.640	76,677.000000
25.649617	0.640	78,349.000000
25.660283	0.640	78,841.000000
25.670950	0.640	78,590.000000
25.681617	0.640	79,631.000000
25.692283	0.640	81,396.000000
25.702950	0.640	82,197.000000
25.713617	0.640	82,048.000000
25.724283	0.640	81,768.000000
25.734950	0.640	81,745.000000
25.745617	0.640	81,882.000000
25.756283	0.640	81,040.000000
25.766950	0.640	78,839.000000
25.777617	0.640	77,517.000000
25.788283	0.640	79,552.000000
25.798950	0.640	84,094.000000
25.809617	0.640	87,774.000000
25.820283	0.640	89,968.000000
25.830950	0.640	93,706.000000
25.841617	0.640	99,755.000000
25.852283	0.640	104,465.000000
25.862950	0.640	105,687.000000
25.873617	0.640	106,948.000000
25.884283	0.640	112,762.000000
25.894950	0.640	123,432.000000
25.905617	0.640	136,261.000000
25.916283	0.640	148,550.000000
25.926950	0.640	159,804.000000
25.937617	0.640	170,243.000000
25.948283	0.640	177,458.000000
25.958950	0.640	178,442.000000
25.969617	0.640	172,423.000000
25.980283	0.640	163,129.000000
25.990950	0.640	159,659.000000
26.001617	0.640	168,818.000000
26.012283	0.640	190,827.000000
26.022950	0.640	230,939.000000
26.033617	0.640	314,738.000000
26.044283	0.640	497,728.000000
26.054950	0.640	878,044.000000
26.065617	0.640	1,593,646.000000
26.076283	0.640	2,721,649.000000
26.086950	0.640	4,051,697.000000
26.097617	0.640	4,982,910.000000
26.108283	0.640	4,887,551.000000
26.118950	0.640	3,731,436.000000
26.129617	0.640	2,190,328.000000
26.140283	0.640	1,019,179.000000
26.150950	0.640	448,156.000000
26.161617	0.640	259,206.000000
26.172283	0.640	197,016.000000
26.182950	0.640	155,466.000000
26.193617	0.640	124,374.000000
26.204283	0.640	109,756.000000
26.214950	0.640	105,815.000000
26.225617	0.640	102,657.000000
26.236283	0.640	99,364.000000
26.246950	0.640	100,260.000000
26.257617	0.640	104,165.000000
26.268283	0.640	106,391.000000
26.278950	0.640	106,547.000000
26.289617	0.640	106,628.000000
26.300283	0.640	105,359.000000
26.310950	0.640	101,305.000000
26.321617	0.640	96,865.000000
26.332283	0.640	94,568.000000
26.342950	0.640	94,355.000000
26.353617	0.640	95,114.000000
26.364283	0.640	96,203.000000
26.374950	0.640	98,311.000000
26.385617	0.640	101,513.000000
26.396283	0.640	103,972.000000
26.406950	0.640	105,212.000000
26.417617	0.640	107,369.000000
26.428283	0.640	113,535.000000
26.438950	0.640	126,666.000000
26.449617	0.640	148,745.000000
26.460283	0.640	181,193.000000
26.470950	0.640	226,226.000000
26.481617	0.640	287,145.000000
26.492283	0.640	359,428.000000
26.502950	0.640	415,627.000000
26.513617	0.640	415,476.000000
26.524283	0.640	346,220.000000
26.534950	0.640	242,887.000000
26.545617	0.640	157,096.000000
26.556283	0.640	112,225.000000
26.566950	0.640	97,727.000000
26.577617	0.640	95,437.000000
26.588283	0.640	95,126.000000
26.598950	0.640	92,952.000000
26.609617	0.640	89,742.000000
26.620283	0.640	88,823.000000
26.630950	0.640	91,089.000000
26.641617	0.640	94,018.000000
26.652283	0.640	95,624.000000
26.662950	0.640	97,425.000000
26.673617	0.640	101,679.000000
26.684283	0.640	107,301.000000
26.694950	0.640	111,844.000000
26.705617	0.640	115,391.000000
26.716283	0.640	120,149.000000
26.726950	0.640	127,243.000000
26.737617	0.640	134,697.000000
26.748283	0.640	139,939.000000
26.758950	0.640	143,143.000000
26.769617	0.640	146,638.000000
26.780283	0.640	153,438.000000
26.790950	0.640	165,770.000000
26.801617	0.640	182,465.000000
26.812283	0.640	200,128.000000
26.822950	0.640	223,999.000000
26.833617	0.640	276,648.000000
26.844283	0.640	378,873.000000
26.854950	0.640	510,865.000000
26.865617	0.640	608,369.000000
26.876283	0.640	617,186.000000
26.886950	0.640	543,533.000000
26.897617	0.640	447,264.000000
26.908283	0.640	395,695.000000
26.918950	0.640	403,993.000000
26.929617	0.640	415,685.000000
26.940283	0.640	376,773.000000
26.950950	0.640	308,985.000000
26.961617	0.640	266,926.000000
26.972283	0.640	262,193.000000
26.982950	0.640	266,758.000000
26.993617	0.640	262,524.000000
27.004283	0.640	262,930.000000
27.014950	0.640	294,389.000000
27.025617	0.640	384,279.000000
27.036283	0.640	542,207.000000
27.046950	0.640	693,488.000000
27.057617	0.640	706,788.000000
27.068283	0.640	573,667.000000
27.078950	0.640	441,446.000000
27.089617	0.640	409,958.000000
27.100283	0.640	437,289.000000
27.110950	0.640	459,506.000000
27.121617	0.640	475,422.000000
27.132283	0.640	508,133.000000
27.142950	0.640	559,808.000000
27.153617	0.640	616,573.000000
27.164283	0.640	672,023.000000
27.174950	0.640	738,747.000000
27.185617	0.640	834,270.000000
27.196283	0.640	956,896.000000
27.206950	0.640	1,093,370.000000
27.217617	0.640	1,262,147.000000
27.228283	0.640	1,550,743.000000
27.238950	0.640	2,177,262.000000
27.249617	0.640	3,736,343.000000
27.260283	0.640	7,046,682.000000
27.270950	0.640	11,317,224.000000
27.281617	0.640	13,078,884.000000
27.292283	0.640	10,037,730.000000
27.302950	0.640	4,778,576.000000
27.313617	0.640	1,324,644.000000
27.324283	0.640	415,355.000000
27.334950	0.640	463,853.000000
27.345617	0.640	439,623.000000
27.356283	0.640	323,961.000000
27.366950	0.640	279,167.000000
27.377617	0.640	295,029.000000
27.388283	0.640	302,116.000000
27.398950	0.640	282,826.000000
27.409617	0.640	268,026.000000
27.420283	0.640	281,768.000000
27.430950	0.640	300,755.000000
27.441617	0.640	285,688.000000
27.452283	0.640	244,436.000000
27.462950	0.640	218,507.000000
27.473617	0.640	220,851.000000
27.484283	0.640	232,918.000000
27.494950	0.640	242,745.000000
27.505617	0.640	261,201.000000
27.516283	0.640	309,404.000000
27.526950	0.640	375,759.000000
27.537617	0.640	400,715.000000
27.548283	0.640	353,671.000000
27.558950	0.640	287,287.000000
27.569617	0.640	265,945.000000
27.580283	0.640	292,135.000000
27.590950	0.640	331,146.000000
27.601617	0.640	359,241.000000
27.612283	0.640	374,715.000000
27.622950	0.640	392,401.000000
27.633617	0.640	431,593.000000
27.644283	0.640	500,819.000000
27.654950	0.640	604,348.000000
27.665617	0.640	747,280.000000
27.676283	0.640	892,407.000000
27.686950	0.640	945,928.000000
27.697617	0.640	847,402.000000
27.708283	0.640	636,475.000000
27.718950	0.640	405,125.000000
27.729617	0.640	233,266.000000
27.740283	0.640	162,814.000000
27.750950	0.640	208,600.000000
27.761617	0.640	391,415.000000
27.772283	0.640	667,555.000000
27.782950	0.640	831,609.000000
27.793617	0.640	705,026.000000
27.804283	0.640	399,717.000000
27.814950	0.640	169,936.000000
27.825617	0.640	99,290.000000
27.836283	0.640	102,609.000000
27.846950	0.640	105,746.000000
27.857617	0.640	101,505.000000
27.868283	0.640	99,872.000000
27.878950	0.640	99,532.000000
27.889617	0.640	97,788.000000
27.900283	0.640	96,267.000000
27.910950	0.640	96,522.000000
27.921617	0.640	98,922.000000
27.932283	0.640	102,183.000000
27.942950	0.640	104,080.000000
27.953617	0.640	105,274.000000
27.964283	0.640	110,120.000000
27.974950	0.640	122,591.000000
27.985617	0.640	142,188.000000
27.996283	0.640	163,474.000000
28.006950	0.640	178,741.000000
28.017617	0.640	183,853.000000
28.028283	0.640	182,815.000000
28.038950	0.640	183,085.000000
28.049617	0.640	188,356.000000
28.060283	0.640	198,091.000000
28.070950	0.640	207,404.000000
28.081617	0.640	208,829.000000
28.092283	0.640	199,346.000000
28.102950	0.640	180,885.000000
28.113617	0.640	157,089.000000
28.124283	0.640	134,117.000000
28.134950	0.640	117,896.000000
28.145617	0.640	109,908.000000
28.156283	0.640	107,768.000000
28.166950	0.640	106,926.000000
28.177617	0.640	104,213.000000
28.188283	0.640	101,598.000000
28.198950	0.640	104,217.000000
28.209617	0.640	117,030.000000
28.220283	0.640	141,722.000000
28.230950	0.640	169,721.000000
28.241617	0.640	182,603.000000
28.252283	0.640	169,399.000000
28.262950	0.640	139,890.000000
28.273617	0.640	114,004.000000
28.284283	0.640	101,881.000000
28.294950	0.640	99,376.000000
28.305617	0.640	100,284.000000
28.316283	0.640	103,229.000000
28.326950	0.640	105,445.000000
28.337617	0.640	102,925.000000
28.348283	0.640	98,681.000000
28.358950	0.640	100,524.000000
28.369617	0.640	110,826.000000
28.380283	0.640	122,673.000000
28.390950	0.640	125,499.000000
28.401617	0.640	115,347.000000
28.412283	0.640	99,998.000000
28.422950	0.640	89,927.000000
28.433617	0.640	86,815.000000
28.444283	0.640	86,903.000000
28.454950	0.640	88,595.000000
28.465617	0.640	91,902.000000
28.476283	0.640	96,606.000000
28.486950	0.640	103,277.000000
28.497617	0.640	111,618.000000
28.508283	0.640	118,053.000000
28.518950	0.640	120,291.000000
28.529617	0.640	121,009.000000
28.540283	0.640	123,688.000000
28.550950	0.640	129,509.000000
28.561617	0.640	138,424.000000
28.572283	0.640	150,915.000000
28.582950	0.640	171,810.000000
28.593617	0.640	212,182.000000
28.604283	0.640	273,648.000000
28.614950	0.640	324,724.000000
28.625617	0.640	319,010.000000
28.636283	0.640	250,682.000000
28.646950	0.640	164,823.000000
28.657617	0.640	105,345.000000
28.668283	0.640	77,587.000000
28.678950	0.640	64,094.000000
28.689617	0.640	53,168.000000
28.700283	0.640	43,840.000000
28.710950	0.640	43,463.000000
28.721617	0.640	61,099.000000
28.732283	0.640	80,471.000000
28.742950	0.640	70,734.000000
28.753617	0.640	39,237.000000
28.764283	0.640	19,137.000000
28.774950	0.640	17,435.000000
28.785617	0.640	19,518.000000
28.796283	0.640	18,186.000000
28.806950	0.640	15,875.000000
28.817617	0.640	14,205.000000
28.828283	0.640	12,704.000000
28.838950	0.640	12,003.000000
28.849617	0.640	11,720.000000
28.860283	0.640	10,637.000000
28.870950	0.640	9,905.000000
28.881617	0.640	10,177.000000
28.892283	0.640	9,499.000000
28.902950	0.640	7,414.000000
28.913617	0.640	6,256.000000
28.924283	0.640	7,300.000000
28.934950	0.640	8,376.000000
28.945617	0.640	7,052.000000
28.956283	0.640	4,623.000000
28.966950	0.640	3,832.000000
28.977617	0.640	4,620.000000
28.988283	0.640	5,132.000000
28.998950	0.640	5,296.000000
29.009617	0.640	6,119.000000
29.020283	0.640	6,699.000000
29.030950	0.640	5,671.000000
29.041617	0.640	3,490.000000
29.052283	0.640	1,334.000000
29.062950	0.640	-74.000000
29.073617	0.640	-364.000000
29.084283	0.640	651.000000
29.094950	0.640	2,333.000000
29.105617	0.640	3,467.000000
29.116283	0.640	3,479.000000
29.126950	0.640	2,672.000000
29.137617	0.640	1,735.000000
29.148283	0.640	1,088.000000
29.158950	0.640	1,233.000000
29.169617	0.640	2,200.000000
29.180283	0.640	2,239.000000
29.190950	0.640	344.000000
29.201617	0.640	-1,567.000000
29.212283	0.640	-1,520.000000
29.222950	0.640	-332.000000
29.233617	0.640	-96.000000
29.244283	0.640	-849.000000
29.254950	0.640	-1,123.000000
29.265617	0.640	-657.000000
29.276283	0.640	182.000000
29.286950	0.640	1,354.000000
29.297617	0.640	2,099.000000
29.308283	0.640	1,639.000000
29.318950	0.640	707.000000
29.329617	0.640	296.000000
29.340283	0.640	259.000000
29.350950	0.640	136.000000
29.361617	0.640	-66.000000
29.372283	0.640	34.000000
29.382950	0.640	567.000000
29.393617	0.640	665.000000
29.404283	0.640	-281.000000
29.414950	0.640	-1,364.000000
29.425617	0.640	-1,625.000000
29.436283	0.640	-1,273.000000
29.446950	0.640	-956.000000
29.457617	0.640	-768.000000
29.468283	0.640	-239.000000
29.478950	0.640	863.000000
29.489617	0.640	1,986.000000
29.500283	0.640	2,331.000000
29.510950	0.640	1,860.000000
29.521617	0.640	1,178.000000
29.532283	0.640	381.000000
29.542950	0.640	-746.000000
29.553617	0.640	-1,512.000000
29.564283	0.640	-1,215.000000
29.574950	0.640	-558.000000
29.585617	0.640	-325.000000
29.596283	0.640	-163.000000
29.606950	0.640	90.000000
29.617617	0.640	138.000000
29.628283	0.640	186.000000
29.638950	0.640	113.000000
29.649617	0.640	-270.000000
29.660283	0.640	-529.000000
29.670950	0.640	-1,043.000000
29.681617	0.640	-2,159.000000
29.692283	0.640	-3,058.000000
29.702950	0.640	-3,001.000000
29.713617	0.640	-1,551.000000
29.724283	0.640	376.000000
29.734950	0.640	676.000000
29.745617	0.640	-482.000000
29.756283	0.640	-738.000000
29.766950	0.640	837.000000
29.777617	0.640	2,441.000000
29.788283	0.640	2,192.000000
29.798950	0.640	649.000000
29.809617	0.640	-934.000000
29.820283	0.640	-1,811.000000
29.830950	0.640	-819.000000
29.841617	0.640	1,500.000000
29.852283	0.640	2,003.000000
29.862950	0.640	-358.000000
29.873617	0.640	-2,438.000000
29.884283	0.640	-1,812.000000
29.894950	0.640	-199.000000
29.905617	0.640	-43.000000
29.916283	0.640	-979.000000
29.926950	0.640	-1,765.000000
29.937617	0.640	-2,250.000000
29.948283	0.640	-2,335.000000
29.958950	0.640	-1,691.000000
29.969617	0.640	-419.000000
29.980283	0.640	609.000000
29.990950	0.640	403.000000
30.001617	0.640	-960.000000
