File Path	chrom://nnfcb-l0495/ChromeleonLocal/20180320_AA_Lars Nielsen samples Vienna_lbpet.seq/668.smp/Emission_2.channel/Emission_2.chm
Channel	Emission_2

Injection Information:
Data Vault	ChromeleonLocal
Injection	20180320_Lars Nielsen samples Vienna_dx20_BB10
Injection Number	35
Position	BB10
Comment	
Processing Method	20171024_Calculated with IS_lbpet
Instrument Method	20161104_AA_GeminiC18_FinalVer7
Type	Unknown
Status	Finished
Injection Date	21-03-2018
Injection Time	07:09:47
Injection Volume (µl)	56.500
Dilution Factor	1.0000
Weight	1.0000

Raw Data Information:
Time Min. (min)	0.007833
Time Max. (min)	30.005500
Data Points	2849
Detector	FLD
Exporting Data System	Chromeleon 7.1.2.1478
Operator	
Signal Quantity	
Signal Unit	counts
Signal Min.	-8,400.000000
Signal Max.	245,318,041.000000
Channel	Emission_2
Driver Name	FLD3000.dll
Channel Type	Evaluation
Min. Step (s)	0.010
Max. Step (s)	0.820
Average Step (s)	0.632

Signal Parameter Information:
Signal Info	266 nm /305 nm

Raw Data:
Time (min)	Step (s)	Value (counts)
0.007833	0.000	0.000000
0.021500	0.820	0.000000
0.032167	0.640	0.000000
0.042833	0.640	415.000000
0.053500	0.640	2,908.000000
0.064167	0.640	7,211.000000
0.074833	0.640	11,231.000000
0.085500	0.640	14,156.000000
0.096167	0.640	15,136.000000
0.106833	0.640	15,281.000000
0.117500	0.640	18,660.000000
0.128167	0.640	22,374.000000
0.138833	0.640	18,410.000000
0.149500	0.640	9,681.000000
0.160167	0.640	7,603.000000
0.170833	0.640	13,244.000000
0.181500	0.640	17,329.000000
0.192167	0.640	16,172.000000
0.202833	0.640	12,428.000000
0.213500	0.640	9,243.000000
0.224167	0.640	9,599.000000
0.234833	0.640	12,984.000000
0.245500	0.640	16,596.000000
0.256167	0.640	18,579.000000
0.266833	0.640	17,435.000000
0.277500	0.640	15,193.000000
0.288167	0.640	16,112.000000
0.298833	0.640	17,475.000000
0.309500	0.640	13,249.000000
0.320167	0.640	6,221.000000
0.330833	0.640	5,317.000000
0.341500	0.640	12,513.000000
0.352167	0.640	19,165.000000
0.362833	0.640	18,914.000000
0.373500	0.640	16,036.000000
0.384167	0.640	16,619.000000
0.394833	0.640	20,257.000000
0.405500	0.640	22,071.000000
0.416167	0.640	21,239.000000
0.426833	0.640	20,455.000000
0.437500	0.640	16,914.000000
0.448167	0.640	10,401.000000
0.458833	0.640	10,051.000000
0.469500	0.640	16,533.000000
0.480167	0.640	18,954.000000
0.490833	0.640	14,925.000000
0.501500	0.640	11,213.000000
0.512167	0.640	10,406.000000
0.522833	0.640	10,676.000000
0.533500	0.640	10,915.000000
0.544167	0.640	11,162.000000
0.554833	0.640	11,715.000000
0.565500	0.640	13,643.000000
0.576167	0.640	17,168.000000
0.586833	0.640	18,562.000000
0.597500	0.640	13,377.000000
0.608167	0.640	3,717.000000
0.618833	0.640	-1,639.000000
0.629500	0.640	1,569.000000
0.640167	0.640	6,608.000000
0.650833	0.640	8,355.000000
0.661500	0.640	11,503.000000
0.672167	0.640	17,667.000000
0.682833	0.640	20,072.000000
0.693500	0.640	17,062.000000
0.704167	0.640	13,827.000000
0.714833	0.640	10,943.000000
0.725500	0.640	6,679.000000
0.736167	0.640	4,391.000000
0.746833	0.640	7,184.000000
0.757500	0.640	12,191.000000
0.768167	0.640	14,772.000000
0.778833	0.640	13,870.000000
0.789500	0.640	12,109.000000
0.800167	0.640	11,855.000000
0.810833	0.640	11,812.000000
0.821500	0.640	11,380.000000
0.832167	0.640	14,490.000000
0.842833	0.640	20,226.000000
0.853500	0.640	20,466.000000
0.864167	0.640	15,012.000000
0.874833	0.640	11,708.000000
0.885500	0.640	12,060.000000
0.896167	0.640	11,970.000000
0.906833	0.640	10,584.000000
0.917500	0.640	12,416.000000
0.928167	0.640	20,179.000000
0.938833	0.640	26,669.000000
0.949500	0.640	23,873.000000
0.960167	0.640	15,106.000000
0.970833	0.640	8,150.000000
0.981500	0.640	7,133.000000
0.992167	0.640	10,597.000000
1.002833	0.640	11,673.000000
1.013500	0.640	10,498.000000
1.024167	0.640	15,263.000000
1.034833	0.640	23,196.000000
1.045500	0.640	23,594.000000
1.056167	0.640	17,630.000000
1.066833	0.640	14,924.000000
1.077500	0.640	17,273.000000
1.088167	0.640	18,060.000000
1.098833	0.640	14,373.000000
1.109500	0.640	12,057.000000
1.120167	0.640	14,382.000000
1.130833	0.640	14,523.000000
1.141500	0.640	9,372.000000
1.152167	0.640	6,663.000000
1.162833	0.640	11,056.000000
1.173500	0.640	17,710.000000
1.184167	0.640	20,451.000000
1.194833	0.640	18,395.000000
1.205500	0.640	14,928.000000
1.216167	0.640	14,065.000000
1.226833	0.640	15,247.000000
1.237500	0.640	12,403.000000
1.248167	0.640	6,052.000000
1.258833	0.640	3,885.000000
1.269500	0.640	6,041.000000
1.280167	0.640	7,891.000000
1.290833	0.640	9,157.000000
1.301500	0.640	10,076.000000
1.312167	0.640	9,786.000000
1.322833	0.640	9,167.000000
1.333500	0.640	8,825.000000
1.344167	0.640	7,338.000000
1.354833	0.640	4,531.000000
1.365500	0.640	3,850.000000
1.376167	0.640	7,793.000000
1.386833	0.640	12,278.000000
1.397500	0.640	11,297.000000
1.408167	0.640	6,856.000000
1.418833	0.640	6,397.000000
1.429500	0.640	11,216.000000
1.440167	0.640	15,401.000000
1.450833	0.640	14,175.000000
1.461500	0.640	10,094.000000
1.472167	0.640	9,729.000000
1.482833	0.640	12,518.000000
1.493500	0.640	12,046.000000
1.504167	0.640	9,216.000000
1.514833	0.640	9,195.000000
1.525500	0.640	9,766.000000
1.536167	0.640	8,471.000000
1.546833	0.640	10,003.000000
1.557500	0.640	14,455.000000
1.568167	0.640	14,890.000000
1.578833	0.640	10,874.000000
1.589500	0.640	7,353.000000
1.600167	0.640	4,730.000000
1.610883	0.643	3,620.000000
1.621500	0.637	7,681.000000
1.632167	0.640	13,465.000000
1.642833	0.640	12,731.000000
1.653500	0.640	5,930.000000
1.664167	0.640	730.000000
1.674833	0.640	2,385.000000
1.685500	0.640	9,551.000000
1.696167	0.640	16,336.000000
1.706833	0.640	19,011.000000
1.717500	0.640	16,657.000000
1.728167	0.640	10,701.000000
1.738833	0.640	6,657.000000
1.749500	0.640	7,667.000000
1.760167	0.640	10,328.000000
1.770833	0.640	11,599.000000
1.781500	0.640	14,972.000000
1.792167	0.640	22,420.000000
1.802833	0.640	25,762.000000
1.813500	0.640	20,477.000000
1.824167	0.640	16,011.000000
1.834833	0.640	18,684.000000
1.845500	0.640	23,225.000000
1.856167	0.640	25,930.000000
1.866833	0.640	26,115.000000
1.877500	0.640	21,129.000000
1.888167	0.640	14,176.000000
1.898833	0.640	12,731.000000
1.909500	0.640	16,645.000000
1.920167	0.640	20,971.000000
1.930833	0.640	21,908.000000
1.941500	0.640	18,362.000000
1.952167	0.640	15,594.000000
1.962833	0.640	17,055.000000
1.973500	0.640	19,283.000000
1.984167	0.640	22,030.000000
1.994833	0.640	25,300.000000
2.005500	0.640	23,874.000000
2.016167	0.640	18,025.000000
2.026833	0.640	14,214.000000
2.037500	0.640	14,168.000000
2.048167	0.640	15,281.000000
2.058833	0.640	16,240.000000
2.069500	0.640	16,424.000000
2.080167	0.640	15,121.000000
2.090833	0.640	13,283.000000
2.101500	0.640	13,092.000000
2.112167	0.640	14,800.000000
2.122833	0.640	15,225.000000
2.133500	0.640	11,716.000000
2.144167	0.640	6,831.000000
2.154833	0.640	4,330.000000
2.165500	0.640	5,047.000000
2.176167	0.640	9,583.000000
2.186833	0.640	15,214.000000
2.197500	0.640	16,449.000000
2.208167	0.640	14,319.000000
2.218833	0.640	13,636.000000
2.229500	0.640	14,750.000000
2.240167	0.640	15,526.000000
2.250833	0.640	16,234.000000
2.261500	0.640	18,688.000000
2.272167	0.640	22,524.000000
2.282833	0.640	26,760.000000
2.293500	0.640	31,092.000000
2.304167	0.640	32,010.000000
2.314833	0.640	26,972.000000
2.325500	0.640	21,605.000000
2.336167	0.640	21,772.000000
2.346833	0.640	23,832.000000
2.357500	0.640	23,586.000000
2.368167	0.640	22,472.000000
2.378833	0.640	19,601.000000
2.389500	0.640	15,166.000000
2.400167	0.640	12,973.000000
2.410833	0.640	13,204.000000
2.421500	0.640	14,986.000000
2.432167	0.640	16,611.000000
2.442833	0.640	15,590.000000
2.453500	0.640	15,421.000000
2.464167	0.640	18,412.000000
2.474833	0.640	20,451.000000
2.485500	0.640	21,541.000000
2.496167	0.640	23,049.000000
2.506833	0.640	21,543.000000
2.517500	0.640	18,952.000000
2.528167	0.640	19,476.000000
2.538833	0.640	20,336.000000
2.549500	0.640	19,882.000000
2.560167	0.640	19,095.000000
2.570833	0.640	18,527.000000
2.581500	0.640	20,102.000000
2.592167	0.640	21,922.000000
2.602833	0.640	19,848.000000
2.613500	0.640	13,614.000000
2.624167	0.640	6,910.000000
2.634833	0.640	6,675.000000
2.645500	0.640	13,178.000000
2.656167	0.640	16,201.000000
2.666833	0.640	10,961.000000
2.677500	0.640	5,196.000000
2.688167	0.640	6,439.000000
2.698833	0.640	11,240.000000
2.709500	0.640	12,332.000000
2.720167	0.640	10,614.000000
2.730833	0.640	11,065.000000
2.741500	0.640	13,515.000000
2.752167	0.640	14,360.000000
2.762833	0.640	12,669.000000
2.773500	0.640	11,347.000000
2.784167	0.640	12,100.000000
2.794833	0.640	13,853.000000
2.805500	0.640	15,733.000000
2.816167	0.640	15,722.000000
2.826833	0.640	12,416.000000
2.837500	0.640	9,601.000000
2.848167	0.640	11,525.000000
2.858833	0.640	15,755.000000
2.869500	0.640	17,849.000000
2.880167	0.640	19,599.000000
2.890833	0.640	22,155.000000
2.901500	0.640	21,811.000000
2.912167	0.640	19,569.000000
2.922833	0.640	16,888.000000
2.933500	0.640	11,576.000000
2.944167	0.640	8,101.000000
2.954833	0.640	11,209.000000
2.965500	0.640	15,795.000000
2.976167	0.640	16,416.000000
2.986833	0.640	13,614.000000
2.997500	0.640	10,456.000000
3.008167	0.640	9,923.000000
3.018833	0.640	12,977.000000
3.029500	0.640	18,450.000000
3.040167	0.640	23,581.000000
3.050833	0.640	24,426.000000
3.061500	0.640	19,388.000000
3.072167	0.640	13,150.000000
3.082833	0.640	12,149.000000
3.093500	0.640	16,295.000000
3.104167	0.640	20,066.000000
3.114833	0.640	18,260.000000
3.125500	0.640	10,922.000000
3.136167	0.640	4,911.000000
3.146833	0.640	5,938.000000
3.157500	0.640	12,884.000000
3.168167	0.640	21,265.000000
3.178833	0.640	25,949.000000
3.189500	0.640	24,472.000000
3.200167	0.640	19,921.000000
3.210833	0.640	16,325.000000
3.221500	0.640	14,939.000000
3.232167	0.640	16,242.000000
3.242833	0.640	20,599.000000
3.253500	0.640	25,939.000000
3.264167	0.640	27,321.000000
3.274833	0.640	22,711.000000
3.285500	0.640	16,518.000000
3.296167	0.640	13,125.000000
3.306833	0.640	12,138.000000
3.317500	0.640	12,475.000000
3.328167	0.640	14,666.000000
3.338833	0.640	16,964.000000
3.349500	0.640	15,949.000000
3.360167	0.640	12,689.000000
3.370833	0.640	11,115.000000
3.381500	0.640	11,503.000000
3.392167	0.640	11,563.000000
3.402833	0.640	10,755.000000
3.413500	0.640	10,181.000000
3.424167	0.640	10,380.000000
3.434833	0.640	11,558.000000
3.445500	0.640	14,137.000000
3.456167	0.640	16,741.000000
3.466833	0.640	17,620.000000
3.477500	0.640	17,482.000000
3.488167	0.640	15,782.000000
3.498833	0.640	11,500.000000
3.509500	0.640	8,330.000000
3.520167	0.640	9,426.000000
3.530833	0.640	12,782.000000
3.541500	0.640	15,973.000000
3.552167	0.640	19,399.000000
3.562833	0.640	23,310.000000
3.573500	0.640	25,331.000000
3.584167	0.640	24,588.000000
3.594833	0.640	22,726.000000
3.605500	0.640	19,596.000000
3.616167	0.640	15,986.000000
3.626833	0.640	15,091.000000
3.637500	0.640	17,039.000000
3.648167	0.640	20,034.000000
3.658833	0.640	23,499.000000
3.669500	0.640	26,521.000000
3.680167	0.640	27,609.000000
3.690833	0.640	25,394.000000
3.701500	0.640	20,151.000000
3.712167	0.640	14,005.000000
3.722833	0.640	8,432.000000
3.733500	0.640	4,568.000000
3.744167	0.640	4,285.000000
3.754833	0.640	7,170.000000
3.765500	0.640	9,188.000000
3.776167	0.640	7,989.000000
3.786833	0.640	6,719.000000
3.797500	0.640	7,445.000000
3.808167	0.640	6,879.000000
3.818833	0.640	5,494.000000
3.829500	0.640	8,280.000000
3.840167	0.640	13,806.000000
3.850833	0.640	17,427.000000
3.861500	0.640	20,098.000000
3.872167	0.640	23,924.000000
3.882833	0.640	26,475.000000
3.893500	0.640	23,904.000000
3.904167	0.640	17,369.000000
3.914833	0.640	13,281.000000
3.925500	0.640	14,957.000000
3.936167	0.640	18,608.000000
3.946833	0.640	19,105.000000
3.957500	0.640	16,258.000000
3.968167	0.640	14,857.000000
3.978833	0.640	17,243.000000
3.989500	0.640	19,170.000000
4.000167	0.640	16,780.000000
4.010833	0.640	11,172.000000
4.021500	0.640	5,362.000000
4.032167	0.640	2,723.000000
4.042833	0.640	4,065.000000
4.053500	0.640	4,524.000000
4.064167	0.640	1,397.000000
4.074833	0.640	6.000000
4.085500	0.640	4,517.000000
4.096167	0.640	12,074.000000
4.106833	0.640	16,824.000000
4.117500	0.640	15,010.000000
4.128167	0.640	9,227.000000
4.138833	0.640	5,250.000000
4.149500	0.640	5,157.000000
4.160167	0.640	8,145.000000
4.170833	0.640	12,531.000000
4.181500	0.640	14,534.000000
4.192167	0.640	13,637.000000
4.202833	0.640	13,992.000000
4.213500	0.640	15,151.000000
4.224167	0.640	13,837.000000
4.234833	0.640	11,248.000000
4.245500	0.640	10,329.000000
4.256167	0.640	11,715.000000
4.266833	0.640	13,412.000000
4.277500	0.640	14,212.000000
4.288167	0.640	13,779.000000
4.298833	0.640	10,672.000000
4.309500	0.640	6,687.000000
4.320167	0.640	5,372.000000
4.330833	0.640	6,942.000000
4.341500	0.640	9,833.000000
4.352167	0.640	12,031.000000
4.362833	0.640	13,445.000000
4.373500	0.640	15,042.000000
4.384167	0.640	14,930.000000
4.394833	0.640	13,177.000000
4.405500	0.640	13,564.000000
4.416167	0.640	16,565.000000
4.426833	0.640	18,175.000000
4.437500	0.640	15,490.000000
4.448167	0.640	10,270.000000
4.458833	0.640	6,412.000000
4.469500	0.640	6,147.000000
4.480167	0.640	8,996.000000
4.490833	0.640	11,900.000000
4.501500	0.640	13,324.000000
4.512167	0.640	14,772.000000
4.522833	0.640	15,198.000000
4.533500	0.640	12,699.000000
4.544167	0.640	8,940.000000
4.554833	0.640	5,092.000000
4.565500	0.640	2,195.000000
4.576167	0.640	4,292.000000
4.586833	0.640	10,534.000000
4.597500	0.640	12,904.000000
4.608167	0.640	9,749.000000
4.618833	0.640	6,658.000000
4.629500	0.640	4,484.000000
4.640167	0.640	3,594.000000
4.650833	0.640	6,603.000000
4.661500	0.640	8,317.000000
4.672167	0.640	4,093.000000
4.682833	0.640	969.000000
4.693500	0.640	4,164.000000
4.704167	0.640	8,436.000000
4.714833	0.640	8,296.000000
4.725500	0.640	4,814.000000
4.736167	0.640	2,831.000000
4.746833	0.640	5,277.000000
4.757500	0.640	11,252.000000
4.768167	0.640	17,831.000000
4.778833	0.640	20,831.000000
4.789500	0.640	19,017.000000
4.800167	0.640	17,023.000000
4.810833	0.640	18,027.000000
4.821500	0.640	17,667.000000
4.832167	0.640	12,466.000000
4.842833	0.640	7,898.000000
4.853500	0.640	8,597.000000
4.864167	0.640	11,351.000000
4.874833	0.640	11,929.000000
4.885500	0.640	8,590.000000
4.896167	0.640	5,183.000000
4.906833	0.640	8,627.000000
4.917500	0.640	13,893.000000
4.928167	0.640	10,562.000000
4.938833	0.640	5,574.000000
4.949500	0.640	11,346.000000
4.960167	0.640	25,122.000000
4.970833	0.640	46,276.000000
4.981500	0.640	85,189.000000
4.992167	0.640	137,669.000000
5.002833	0.640	179,983.000000
5.013500	0.640	193,719.000000
5.024167	0.640	181,460.000000
5.034833	0.640	161,048.000000
5.045500	0.640	146,052.000000
5.056167	0.640	134,175.000000
5.066833	0.640	116,540.000000
5.077500	0.640	93,250.000000
5.088167	0.640	74,494.000000
5.098833	0.640	64,527.000000
5.109500	0.640	57,005.000000
5.120167	0.640	47,925.000000
5.130833	0.640	38,543.000000
5.141500	0.640	31,212.000000
5.152167	0.640	29,564.000000
5.162833	0.640	33,251.000000
5.173500	0.640	34,200.000000
5.184167	0.640	27,241.000000
5.194833	0.640	18,275.000000
5.205500	0.640	14,907.000000
5.216167	0.640	16,022.000000
5.226833	0.640	15,937.000000
5.237500	0.640	14,336.000000
5.248167	0.640	14,684.000000
5.258833	0.640	15,345.000000
5.269500	0.640	12,875.000000
5.280167	0.640	9,091.000000
5.290833	0.640	6,969.000000
5.301500	0.640	6,639.000000
5.312167	0.640	7,727.000000
5.322833	0.640	9,679.000000
5.333500	0.640	9,882.000000
5.344167	0.640	6,301.000000
5.354833	0.640	2,098.000000
5.365500	0.640	2,667.000000
5.376167	0.640	7,549.000000
5.386833	0.640	11,508.000000
5.397500	0.640	12,556.000000
5.408167	0.640	12,657.000000
5.418833	0.640	12,449.000000
5.429500	0.640	10,356.000000
5.440167	0.640	6,883.000000
5.450833	0.640	4,755.000000
5.461500	0.640	4,871.000000
5.472167	0.640	6,188.000000
5.482833	0.640	7,658.000000
5.493500	0.640	9,900.000000
5.504167	0.640	13,226.000000
5.514833	0.640	13,030.000000
5.525500	0.640	8,756.000000
5.536167	0.640	9,991.000000
5.546833	0.640	17,992.000000
5.557500	0.640	20,613.000000
5.568167	0.640	14,514.000000
5.578833	0.640	9,518.000000
5.589500	0.640	10,074.000000
5.600167	0.640	12,266.000000
5.610833	0.640	12,749.000000
5.621500	0.640	9,543.000000
5.632167	0.640	5,277.000000
5.642833	0.640	6,099.000000
5.653500	0.640	11,709.000000
5.664167	0.640	16,551.000000
5.674833	0.640	15,708.000000
5.685500	0.640	7,429.000000
5.696167	0.640	-1,412.000000
5.706833	0.640	-682.000000
5.717500	0.640	8,254.000000
5.728167	0.640	14,350.000000
5.738833	0.640	11,745.000000
5.749500	0.640	4,624.000000
5.760167	0.640	-111.000000
5.770833	0.640	-987.000000
5.781500	0.640	-1,716.000000
5.792167	0.640	-2,293.000000
5.802833	0.640	-210.000000
5.813500	0.640	355.000000
5.824167	0.640	-2,118.000000
5.834833	0.640	113.000000
5.845500	0.640	8,110.000000
5.856167	0.640	12,811.000000
5.866833	0.640	10,515.000000
5.877500	0.640	7,767.000000
5.888167	0.640	9,971.000000
5.898833	0.640	12,829.000000
5.909500	0.640	11,076.000000
5.920167	0.640	7,754.000000
5.930833	0.640	7,111.000000
5.941500	0.640	7,146.000000
5.952167	0.640	5,270.000000
5.962833	0.640	3,435.000000
5.973500	0.640	2,636.000000
5.984167	0.640	3,052.000000
5.994833	0.640	9,107.000000
6.005500	0.640	20,103.000000
6.016167	0.640	26,015.000000
6.026833	0.640	22,900.000000
6.037500	0.640	17,061.000000
6.048167	0.640	12,201.000000
6.058833	0.640	6,546.000000
6.069500	0.640	1,649.000000
6.080167	0.640	2,506.000000
6.090833	0.640	7,823.000000
6.101500	0.640	10,760.000000
6.112167	0.640	9,171.000000
6.122833	0.640	5,162.000000
6.133500	0.640	392.000000
6.144167	0.640	-1,784.000000
6.154833	0.640	1,440.000000
6.165500	0.640	6,949.000000
6.176167	0.640	8,599.000000
6.186833	0.640	5,875.000000
6.197500	0.640	5,533.000000
6.208167	0.640	9,622.000000
6.218833	0.640	10,292.000000
6.229500	0.640	3,446.000000
6.240167	0.640	-2,368.000000
6.250833	0.640	2,034.000000
6.261500	0.640	11,680.000000
6.272167	0.640	15,508.000000
6.282833	0.640	13,618.000000
6.293500	0.640	12,880.000000
6.304167	0.640	13,635.000000
6.314833	0.640	11,798.000000
6.325500	0.640	6,520.000000
6.336167	0.640	1,481.000000
6.346833	0.640	1,045.000000
6.357500	0.640	3,437.000000
6.368167	0.640	3,162.000000
6.378833	0.640	1,975.000000
6.389500	0.640	4,794.000000
6.400167	0.640	8,316.000000
6.410833	0.640	7,574.000000
6.421500	0.640	4,985.000000
6.432167	0.640	4,668.000000
6.442833	0.640	5,841.000000
6.453500	0.640	6,147.000000
6.464167	0.640	7,122.000000
6.474833	0.640	10,189.000000
6.485500	0.640	13,284.000000
6.496167	0.640	15,654.000000
6.506833	0.640	17,313.000000
6.517500	0.640	17,345.000000
6.528167	0.640	17,502.000000
6.538833	0.640	19,126.000000
6.549500	0.640	16,788.000000
6.560167	0.640	7,049.000000
6.570833	0.640	-575.000000
6.581500	0.640	2,003.000000
6.592167	0.640	7,479.000000
6.602833	0.640	7,551.000000
6.613500	0.640	5,799.000000
6.624167	0.640	8,324.000000
6.634833	0.640	11,656.000000
6.645500	0.640	8,699.000000
6.656167	0.640	3,135.000000
6.666833	0.640	4,270.000000
6.677500	0.640	9,238.000000
6.688167	0.640	7,558.000000
6.698833	0.640	769.000000
6.709500	0.640	38.000000
6.720167	0.640	6,325.000000
6.730833	0.640	9,119.000000
6.741500	0.640	5,840.000000
6.752167	0.640	4,574.000000
6.762833	0.640	7,257.000000
6.773500	0.640	9,228.000000
6.784167	0.640	9,433.000000
6.794833	0.640	8,128.000000
6.805500	0.640	3,322.000000
6.816167	0.640	-4,028.000000
6.826833	0.640	-8,400.000000
6.837500	0.640	-6,290.000000
6.848167	0.640	2,475.000000
6.858833	0.640	13,276.000000
6.869500	0.640	15,858.000000
6.880167	0.640	9,804.000000
6.890833	0.640	6,421.000000
6.901500	0.640	7,324.000000
6.912167	0.640	5,195.000000
6.922833	0.640	1,663.000000
6.933500	0.640	2,667.000000
6.944167	0.640	5,964.000000
6.954833	0.640	7,585.000000
6.965500	0.640	9,467.000000
6.976167	0.640	12,508.000000
6.986833	0.640	12,571.000000
6.997500	0.640	9,077.000000
7.008167	0.640	8,570.000000
7.018833	0.640	12,893.000000
7.029500	0.640	14,631.000000
7.040167	0.640	10,309.000000
7.050833	0.640	4,776.000000
7.061500	0.640	3,004.000000
7.072167	0.640	5,764.000000
7.082833	0.640	9,390.000000
7.093500	0.640	10,088.000000
7.104167	0.640	6,855.000000
7.114833	0.640	930.000000
7.125500	0.640	-2,075.000000
7.136167	0.640	3,929.000000
7.146833	0.640	15,839.000000
7.157500	0.640	21,755.000000
7.168167	0.640	15,890.000000
7.178833	0.640	6,916.000000
7.189500	0.640	3,651.000000
7.200167	0.640	3,472.000000
7.210833	0.640	2,647.000000
7.221500	0.640	2,906.000000
7.232167	0.640	3,593.000000
7.242833	0.640	3,604.000000
7.253500	0.640	6,357.000000
7.264167	0.640	11,183.000000
7.274833	0.640	11,174.000000
7.285500	0.640	4,662.000000
7.296167	0.640	-2,023.000000
7.306833	0.640	-5,100.000000
7.317500	0.640	-5,386.000000
7.328167	0.640	-2,151.000000
7.338833	0.640	4,167.000000
7.349500	0.640	9,578.000000
7.360167	0.640	10,072.000000
7.370833	0.640	5,027.000000
7.381500	0.640	72.000000
7.392167	0.640	1,251.000000
7.402833	0.640	6,164.000000
7.413500	0.640	7,094.000000
7.424167	0.640	1,982.000000
7.434833	0.640	-921.000000
7.445500	0.640	4,566.000000
7.456167	0.640	11,052.000000
7.466833	0.640	10,186.000000
7.477500	0.640	6,510.000000
7.488167	0.640	7,475.000000
7.498833	0.640	11,094.000000
7.509500	0.640	11,942.000000
7.520167	0.640	9,125.000000
7.530833	0.640	5,355.000000
7.541500	0.640	5,229.000000
7.552167	0.640	9,250.000000
7.562833	0.640	10,123.000000
7.573500	0.640	5,712.000000
7.584167	0.640	3,202.000000
7.594833	0.640	2,704.000000
7.605500	0.640	-527.000000
7.616167	0.640	-2,539.000000
7.626833	0.640	-910.000000
7.637500	0.640	-68.000000
7.648167	0.640	1,162.000000
7.658833	0.640	4,798.000000
7.669500	0.640	4,771.000000
7.680167	0.640	-613.000000
7.690833	0.640	-1,924.000000
7.701500	0.640	6,423.000000
7.712167	0.640	15,783.000000
7.722833	0.640	15,705.000000
7.733500	0.640	9,823.000000
7.744167	0.640	7,541.000000
7.754833	0.640	8,063.000000
7.765500	0.640	6,461.000000
7.776167	0.640	4,423.000000
7.786833	0.640	5,502.000000
7.797500	0.640	7,331.000000
7.808167	0.640	5,468.000000
7.818833	0.640	1,987.000000
7.829500	0.640	1,395.000000
7.840167	0.640	3,377.000000
7.850833	0.640	5,722.000000
7.861500	0.640	6,560.000000
7.872167	0.640	4,356.000000
7.882833	0.640	1,017.000000
7.893500	0.640	989.000000
7.904167	0.640	5,651.000000
7.914833	0.640	11,537.000000
7.925500	0.640	14,769.000000
7.936167	0.640	15,347.000000
7.946833	0.640	15,512.000000
7.957500	0.640	15,578.000000
7.968167	0.640	14,172.000000
7.978833	0.640	12,655.000000
7.989500	0.640	12,626.000000
8.000167	0.640	11,057.000000
8.010833	0.640	8,301.000000
8.021500	0.640	9,891.000000
8.032167	0.640	14,374.000000
8.042833	0.640	14,339.000000
8.053500	0.640	7,971.000000
8.064167	0.640	2,965.000000
8.074833	0.640	6,097.000000
8.085500	0.640	9,745.000000
8.096167	0.640	4,786.000000
8.106833	0.640	-2,246.000000
8.117500	0.640	-2,446.000000
8.128167	0.640	1,494.000000
8.138833	0.640	2,602.000000
8.149500	0.640	-59.000000
8.160167	0.640	-2,395.000000
8.170833	0.640	-1,834.000000
8.181500	0.640	498.000000
8.192167	0.640	890.000000
8.202833	0.640	-1,611.000000
8.213500	0.640	-2,092.000000
8.224167	0.640	2,165.000000
8.234833	0.640	8,244.000000
8.245500	0.640	13,668.000000
8.256167	0.640	15,996.000000
8.266833	0.640	11,983.000000
8.277500	0.640	4,705.000000
8.288167	0.640	1,549.000000
8.298833	0.640	2,372.000000
8.309500	0.640	2,932.000000
8.320167	0.640	4,851.000000
8.330833	0.640	8,921.000000
8.341500	0.640	10,553.000000
8.352167	0.640	8,935.000000
8.362833	0.640	7,378.000000
8.373500	0.640	5,517.000000
8.384167	0.640	2,028.000000
8.394833	0.640	-1,274.000000
8.405500	0.640	-3,230.000000
8.416167	0.640	-3,760.000000
8.426833	0.640	-1,313.000000
8.437500	0.640	4,819.000000
8.448167	0.640	10,153.000000
8.458833	0.640	9,169.000000
8.469500	0.640	5,911.000000
8.480167	0.640	8,419.000000
8.490833	0.640	13,685.000000
8.501500	0.640	13,002.000000
8.512167	0.640	7,467.000000
8.522833	0.640	6,397.000000
8.533500	0.640	10,655.000000
8.544167	0.640	10,682.000000
8.554833	0.640	6,235.000000
8.565500	0.640	6,279.000000
8.576167	0.640	9,510.000000
8.586833	0.640	9,323.000000
8.597500	0.640	6,753.000000
8.608167	0.640	5,158.000000
8.618833	0.640	4,815.000000
8.629500	0.640	4,751.000000
8.640167	0.640	5,493.000000
8.650833	0.640	8,488.000000
8.661500	0.640	11,299.000000
8.672167	0.640	8,967.000000
8.682833	0.640	2,972.000000
8.693500	0.640	172.000000
8.704167	0.640	2,499.000000
8.714833	0.640	6,668.000000
8.725500	0.640	8,554.000000
8.736167	0.640	7,277.000000
8.746833	0.640	8,006.000000
8.757500	0.640	10,340.000000
8.768167	0.640	6,547.000000
8.778833	0.640	450.000000
8.789500	0.640	1,933.000000
8.800167	0.640	5,846.000000
8.810833	0.640	3,349.000000
8.821500	0.640	-212.000000
8.832167	0.640	1,988.000000
8.842833	0.640	4,719.000000
8.853500	0.640	1,075.000000
8.864167	0.640	-3,739.000000
8.874833	0.640	-252.000000
8.885500	0.640	7,800.000000
8.896167	0.640	10,043.000000
8.906833	0.640	6,205.000000
8.917500	0.640	3,439.000000
8.928167	0.640	5,649.000000
8.938833	0.640	8,324.000000
8.949500	0.640	5,303.000000
8.960167	0.640	185.000000
8.970833	0.640	743.000000
8.981500	0.640	6,617.000000
8.992167	0.640	10,399.000000
9.002833	0.640	7,423.000000
9.013500	0.640	1,559.000000
9.024167	0.640	213.000000
9.034833	0.640	4,702.000000
9.045500	0.640	9,094.000000
9.056167	0.640	8,810.000000
9.066833	0.640	5,308.000000
9.077500	0.640	2,309.000000
9.088167	0.640	1,502.000000
9.098833	0.640	1,503.000000
9.109500	0.640	2,638.000000
9.120167	0.640	6,589.000000
9.130833	0.640	8,728.000000
9.141500	0.640	6,589.000000
9.152167	0.640	7,070.000000
9.162833	0.640	11,155.000000
9.173500	0.640	11,454.000000
9.184167	0.640	7,519.000000
9.194833	0.640	6,948.000000
9.205500	0.640	12,841.000000
9.216167	0.640	18,097.000000
9.226833	0.640	15,882.000000
9.237500	0.640	9,140.000000
9.248167	0.640	4,295.000000
9.258833	0.640	4,814.000000
9.269500	0.640	10,701.000000
9.280167	0.640	16,474.000000
9.290833	0.640	16,913.000000
9.301500	0.640	15,708.000000
9.312167	0.640	17,104.000000
9.322833	0.640	17,216.000000
9.333500	0.640	14,537.000000
9.344167	0.640	15,014.000000
9.354833	0.640	20,192.000000
9.365500	0.640	24,055.000000
9.376167	0.640	23,490.000000
9.386833	0.640	20,207.000000
9.397500	0.640	14,931.000000
9.408167	0.640	10,418.000000
9.418833	0.640	10,480.000000
9.429500	0.640	11,893.000000
9.440167	0.640	9,903.000000
9.450833	0.640	7,075.000000
9.461500	0.640	9,915.000000
9.472167	0.640	18,458.000000
9.482833	0.640	22,784.000000
9.493500	0.640	19,254.000000
9.504167	0.640	16,710.000000
9.514833	0.640	17,004.000000
9.525500	0.640	15,793.000000
9.536167	0.640	16,585.000000
9.546833	0.640	21,465.000000
9.557500	0.640	25,737.000000
9.568167	0.640	26,780.000000
9.578833	0.640	26,279.000000
9.589500	0.640	27,150.000000
9.600167	0.640	30,283.000000
9.610833	0.640	34,125.000000
9.621500	0.640	35,936.000000
9.632167	0.640	33,182.000000
9.642833	0.640	27,245.000000
9.653500	0.640	24,450.000000
9.664167	0.640	29,415.000000
9.674833	0.640	37,322.000000
9.685500	0.640	41,138.000000
9.696167	0.640	43,105.000000
9.706833	0.640	46,624.000000
9.717500	0.640	46,984.000000
9.728167	0.640	40,708.000000
9.738833	0.640	32,877.000000
9.749500	0.640	28,919.000000
9.760167	0.640	28,963.000000
9.770833	0.640	30,692.000000
9.781500	0.640	30,881.000000
9.792167	0.640	29,019.000000
9.802833	0.640	29,484.000000
9.813500	0.640	35,062.000000
9.824167	0.640	40,180.000000
9.834833	0.640	37,839.000000
9.845500	0.640	32,023.000000
9.856167	0.640	30,322.000000
9.866833	0.640	34,071.000000
9.877500	0.640	41,199.000000
9.888167	0.640	43,909.000000
9.898833	0.640	37,399.000000
9.909500	0.640	32,162.000000
9.920167	0.640	36,226.000000
9.930833	0.640	41,967.000000
9.941500	0.640	42,747.000000
9.952167	0.640	41,987.000000
9.962833	0.640	43,546.000000
9.973500	0.640	45,770.000000
9.984167	0.640	44,316.000000
9.994833	0.640	39,053.000000
10.005500	0.640	37,255.000000
10.016167	0.640	42,788.000000
10.026833	0.640	48,856.000000
10.037500	0.640	49,991.000000
10.048167	0.640	49,973.000000
10.058833	0.640	51,959.000000
10.069500	0.640	52,637.000000
10.080167	0.640	51,521.000000
10.090833	0.640	52,635.000000
10.101500	0.640	55,246.000000
10.112167	0.640	55,125.000000
10.122833	0.640	52,970.000000
10.133500	0.640	53,108.000000
10.144167	0.640	55,882.000000
10.154833	0.640	59,938.000000
10.165500	0.640	66,091.000000
10.176167	0.640	72,077.000000
10.186833	0.640	72,340.000000
10.197500	0.640	66,094.000000
10.208167	0.640	60,370.000000
10.218833	0.640	60,389.000000
10.229500	0.640	63,302.000000
10.240167	0.640	66,127.000000
10.250833	0.640	67,566.000000
10.261500	0.640	66,470.000000
10.272167	0.640	67,269.000000
10.282883	0.643	72,366.000000
10.293500	0.637	75,302.000000
10.304167	0.640	74,618.000000
10.314833	0.640	75,254.000000
10.325500	0.640	76,096.000000
10.336167	0.640	73,835.000000
10.346833	0.640	70,919.000000
10.357500	0.640	71,569.000000
10.368167	0.640	74,352.000000
10.378833	0.640	75,277.000000
10.389500	0.640	76,383.000000
10.400167	0.640	81,069.000000
10.410833	0.640	86,991.000000
10.421500	0.640	91,190.000000
10.432167	0.640	92,868.000000
10.442833	0.640	90,839.000000
10.453500	0.640	87,425.000000
10.464167	0.640	88,377.000000
10.474833	0.640	93,488.000000
10.485500	0.640	97,819.000000
10.496167	0.640	100,602.000000
10.506833	0.640	102,527.000000
10.517500	0.640	100,596.000000
10.528167	0.640	94,529.000000
10.538833	0.640	90,871.000000
10.549500	0.640	94,233.000000
10.560167	0.640	101,750.000000
10.570833	0.640	108,330.000000
10.581500	0.640	111,220.000000
10.592167	0.640	109,977.000000
10.602833	0.640	107,466.000000
10.613500	0.640	108,117.000000
10.624167	0.640	111,409.000000
10.634833	0.640	113,025.000000
10.645500	0.640	111,940.000000
10.656167	0.640	111,288.000000
10.666833	0.640	112,579.000000
10.677500	0.640	112,945.000000
10.688167	0.640	111,454.000000
10.698833	0.640	112,372.000000
10.709500	0.640	117,935.000000
10.720167	0.640	123,649.000000
10.730833	0.640	125,860.000000
10.741500	0.640	127,489.000000
10.752167	0.640	131,426.000000
10.762833	0.640	136,306.000000
10.773500	0.640	138,289.000000
10.784167	0.640	134,806.000000
10.794833	0.640	130,094.000000
10.805500	0.640	131,124.000000
10.816167	0.640	137,466.000000
10.826833	0.640	142,460.000000
10.837500	0.640	142,397.000000
10.848167	0.640	139,330.000000
10.858833	0.640	137,830.000000
10.869500	0.640	140,688.000000
10.880167	0.640	145,971.000000
10.890833	0.640	149,892.000000
10.901500	0.640	150,486.000000
10.912167	0.640	148,671.000000
10.922833	0.640	149,106.000000
10.933500	0.640	154,195.000000
10.944167	0.640	158,761.000000
10.954833	0.640	159,302.000000
10.965500	0.640	160,261.000000
10.976167	0.640	164,385.000000
10.986833	0.640	168,187.000000
10.997500	0.640	170,191.000000
11.008167	0.640	171,472.000000
11.018833	0.640	170,969.000000
11.029500	0.640	168,396.000000
11.040167	0.640	165,603.000000
11.050833	0.640	167,323.000000
11.061500	0.640	176,460.000000
11.072167	0.640	185,055.000000
11.082833	0.640	185,926.000000
11.093500	0.640	184,450.000000
11.104167	0.640	186,411.000000
11.114833	0.640	190,012.000000
11.125500	0.640	191,552.000000
11.136167	0.640	189,063.000000
11.146833	0.640	184,974.000000
11.157500	0.640	186,055.000000
11.168167	0.640	193,715.000000
11.178833	0.640	201,822.000000
11.189500	0.640	207,739.000000
11.200167	0.640	210,972.000000
11.210833	0.640	209,422.000000
11.221500	0.640	206,937.000000
11.232167	0.640	207,726.000000
11.242833	0.640	209,328.000000
11.253500	0.640	211,673.000000
11.264167	0.640	218,531.000000
11.274833	0.640	227,028.000000
11.285500	0.640	228,107.000000
11.296167	0.640	221,251.000000
11.306833	0.640	217,681.000000
11.317500	0.640	223,696.000000
11.328167	0.640	233,752.000000
11.338833	0.640	241,507.000000
11.349500	0.640	244,332.000000
11.360167	0.640	242,253.000000
11.370833	0.640	240,064.000000
11.381500	0.640	241,347.000000
11.392167	0.640	243,048.000000
11.402833	0.640	243,110.000000
11.413500	0.640	244,521.000000
11.424167	0.640	248,858.000000
11.434833	0.640	253,958.000000
11.445500	0.640	255,783.000000
11.456167	0.640	251,709.000000
11.466833	0.640	248,820.000000
11.477500	0.640	255,857.000000
11.488167	0.640	264,142.000000
11.498833	0.640	262,077.000000
11.509500	0.640	257,330.000000
11.520167	0.640	260,366.000000
11.530833	0.640	267,495.000000
11.541500	0.640	271,961.000000
11.552167	0.640	274,434.000000
11.562833	0.640	278,385.000000
11.573500	0.640	283,603.000000
11.584167	0.640	288,489.000000
11.594833	0.640	291,593.000000
11.605500	0.640	290,018.000000
11.616167	0.640	285,642.000000
11.626833	0.640	286,139.000000
11.637500	0.640	292,866.000000
11.648167	0.640	299,285.000000
11.658833	0.640	301,558.000000
11.669500	0.640	300,813.000000
11.680167	0.640	301,041.000000
11.690833	0.640	307,304.000000
11.701500	0.640	317,871.000000
11.712167	0.640	323,042.000000
11.722833	0.640	319,178.000000
11.733500	0.640	314,271.000000
11.744167	0.640	314,797.000000
11.754833	0.640	318,911.000000
11.765500	0.640	323,037.000000
11.776167	0.640	326,672.000000
11.786833	0.640	331,263.000000
11.797500	0.640	336,456.000000
11.808167	0.640	340,491.000000
11.818833	0.640	343,250.000000
11.829500	0.640	344,694.000000
11.840167	0.640	344,159.000000
11.850833	0.640	344,138.000000
11.861500	0.640	348,706.000000
11.872167	0.640	354,867.000000
11.882833	0.640	355,193.000000
11.893500	0.640	352,303.000000
11.904167	0.640	356,133.000000
11.914833	0.640	365,416.000000
11.925500	0.640	370,348.000000
11.936167	0.640	370,183.000000
11.946833	0.640	369,999.000000
11.957500	0.640	371,257.000000
11.968167	0.640	373,865.000000
11.978833	0.640	374,846.000000
11.989500	0.640	371,910.000000
12.000167	0.640	371,846.000000
12.010833	0.640	380,015.000000
12.021500	0.640	388,782.000000
12.032167	0.640	390,302.000000
12.042833	0.640	388,164.000000
12.053500	0.640	388,125.000000
12.064167	0.640	390,131.000000
12.074833	0.640	392,030.000000
12.085500	0.640	393,487.000000
12.096167	0.640	395,192.000000
12.106833	0.640	396,767.000000
12.117500	0.640	398,141.000000
12.128167	0.640	400,114.000000
12.138833	0.640	403,588.000000
12.149500	0.640	409,064.000000
12.160167	0.640	413,900.000000
12.170833	0.640	415,274.000000
12.181500	0.640	415,829.000000
12.192167	0.640	418,473.000000
12.202833	0.640	420,630.000000
12.213500	0.640	420,885.000000
12.224167	0.640	421,633.000000
12.234833	0.640	423,323.000000
12.245500	0.640	425,695.000000
12.256167	0.640	429,023.000000
12.266833	0.640	431,715.000000
12.277500	0.640	431,778.000000
12.288167	0.640	429,812.000000
12.298833	0.640	429,510.000000
12.309500	0.640	431,893.000000
12.320167	0.640	434,462.000000
12.330833	0.640	439,268.000000
12.341500	0.640	448,282.000000
12.352167	0.640	455,567.000000
12.362833	0.640	456,984.000000
12.373500	0.640	456,101.000000
12.384167	0.640	456,247.000000
12.394833	0.640	456,859.000000
12.405500	0.640	457,199.000000
12.416167	0.640	458,540.000000
12.426833	0.640	461,514.000000
12.437500	0.640	464,197.000000
12.448167	0.640	464,972.000000
12.458833	0.640	464,688.000000
12.469500	0.640	463,850.000000
12.480167	0.640	462,773.000000
12.490833	0.640	464,008.000000
12.501500	0.640	467,304.000000
12.512167	0.640	469,795.000000
12.522833	0.640	472,804.000000
12.533550	0.643	478,363.000000
12.544167	0.637	483,529.000000
12.554833	0.640	485,212.000000
12.565500	0.640	485,529.000000
12.576167	0.640	484,833.000000
12.586833	0.640	479,955.000000
12.597500	0.640	475,086.000000
12.608167	0.640	475,547.000000
12.618833	0.640	476,011.000000
12.629500	0.640	472,373.000000
12.640167	0.640	470,018.000000
12.650833	0.640	472,349.000000
12.661500	0.640	476,780.000000
12.672167	0.640	481,636.000000
12.682833	0.640	486,259.000000
12.693500	0.640	488,850.000000
12.704167	0.640	490,064.000000
12.714833	0.640	492,896.000000
12.725500	0.640	496,642.000000
12.736167	0.640	497,427.000000
12.746833	0.640	494,925.000000
12.757500	0.640	492,608.000000
12.768167	0.640	492,826.000000
12.778833	0.640	495,629.000000
12.789500	0.640	499,651.000000
12.800167	0.640	501,689.000000
12.810833	0.640	500,379.000000
12.821500	0.640	499,250.000000
12.832167	0.640	498,600.000000
12.842833	0.640	495,926.000000
12.853500	0.640	495,933.000000
12.864167	0.640	501,115.000000
12.874833	0.640	504,921.000000
12.885500	0.640	505,904.000000
12.896167	0.640	508,073.000000
12.906833	0.640	508,497.000000
12.917500	0.640	503,400.000000
12.928167	0.640	497,885.000000
12.938833	0.640	496,894.000000
12.949500	0.640	497,708.000000
12.960167	0.640	496,936.000000
12.970833	0.640	494,564.000000
12.981500	0.640	493,817.000000
12.992167	0.640	500,065.000000
13.002833	0.640	510,705.000000
13.013500	0.640	515,145.000000
13.024167	0.640	510,741.000000
13.034833	0.640	504,062.000000
13.045500	0.640	500,684.000000
13.056167	0.640	502,856.000000
13.066833	0.640	507,459.000000
13.077500	0.640	507,517.000000
13.088167	0.640	501,516.000000
13.098833	0.640	494,756.000000
13.109500	0.640	493,509.000000
13.120167	0.640	498,852.000000
13.130833	0.640	502,523.000000
13.141500	0.640	498,344.000000
13.152167	0.640	494,864.000000
13.162833	0.640	499,808.000000
13.173500	0.640	503,449.000000
13.184167	0.640	497,311.000000
13.194833	0.640	491,176.000000
13.205500	0.640	493,116.000000
13.216167	0.640	495,436.000000
13.226833	0.640	491,428.000000
13.237500	0.640	483,901.000000
13.248167	0.640	476,848.000000
13.258833	0.640	474,118.000000
13.269500	0.640	478,168.000000
13.280167	0.640	484,491.000000
13.290833	0.640	486,696.000000
13.301500	0.640	484,366.000000
13.312167	0.640	481,776.000000
13.322833	0.640	482,365.000000
13.333500	0.640	485,456.000000
13.344167	0.640	488,604.000000
13.354833	0.640	489,444.000000
13.365500	0.640	485,808.000000
13.376167	0.640	478,957.000000
13.386833	0.640	473,778.000000
13.397500	0.640	474,233.000000
13.408167	0.640	478,107.000000
13.418833	0.640	477,842.000000
13.429500	0.640	471,891.000000
13.440167	0.640	467,782.000000
13.450833	0.640	469,221.000000
13.461500	0.640	471,845.000000
13.472167	0.640	472,240.000000
13.482833	0.640	470,453.000000
13.493500	0.640	467,357.000000
13.504167	0.640	464,565.000000
13.514833	0.640	461,723.000000
13.525500	0.640	457,705.000000
13.536167	0.640	457,201.000000
13.546833	0.640	464,301.000000
13.557500	0.640	471,640.000000
13.568167	0.640	471,966.000000
13.578833	0.640	471,177.000000
13.589500	0.640	476,572.000000
13.600167	0.640	486,939.000000
13.610833	0.640	499,828.000000
13.621500	0.640	516,179.000000
13.632167	0.640	536,321.000000
13.642833	0.640	560,377.000000
13.653500	0.640	593,338.000000
13.664167	0.640	639,368.000000
13.674833	0.640	696,268.000000
13.685500	0.640	764,039.000000
13.696167	0.640	844,888.000000
13.706833	0.640	934,633.000000
13.717500	0.640	1,027,472.000000
13.728167	0.640	1,119,893.000000
13.738833	0.640	1,201,797.000000
13.749500	0.640	1,258,716.000000
13.760167	0.640	1,287,582.000000
13.770833	0.640	1,291,768.000000
13.781500	0.640	1,264,751.000000
13.792167	0.640	1,200,731.000000
13.802833	0.640	1,109,298.000000
13.813500	0.640	1,004,782.000000
13.824167	0.640	896,401.000000
13.834833	0.640	792,469.000000
13.845500	0.640	701,206.000000
13.856167	0.640	626,886.000000
13.866833	0.640	567,173.000000
13.877500	0.640	516,641.000000
13.888167	0.640	476,737.000000
13.898833	0.640	453,617.000000
13.909500	0.640	443,741.000000
13.920167	0.640	433,846.000000
13.930833	0.640	419,663.000000
13.941500	0.640	410,353.000000
13.952167	0.640	409,103.000000
13.962833	0.640	409,105.000000
13.973500	0.640	408,598.000000
13.984167	0.640	410,638.000000
13.994833	0.640	411,810.000000
14.005500	0.640	407,891.000000
14.016167	0.640	404,025.000000
14.026833	0.640	403,546.000000
14.037500	0.640	401,622.000000
14.048167	0.640	397,406.000000
14.058833	0.640	395,304.000000
14.069500	0.640	395,300.000000
14.080167	0.640	393,077.000000
14.090833	0.640	388,729.000000
14.101500	0.640	386,666.000000
14.112167	0.640	387,929.000000
14.122833	0.640	389,501.000000
14.133500	0.640	389,710.000000
14.144167	0.640	389,951.000000
14.154833	0.640	389,109.000000
14.165500	0.640	384,934.000000
14.176167	0.640	380,110.000000
14.186833	0.640	376,819.000000
14.197500	0.640	374,271.000000
14.208167	0.640	373,553.000000
14.218833	0.640	375,229.000000
14.229500	0.640	375,688.000000
14.240167	0.640	372,305.000000
14.250833	0.640	368,246.000000
14.261500	0.640	366,348.000000
14.272167	0.640	365,003.000000
14.282833	0.640	363,669.000000
14.293500	0.640	363,127.000000
14.304167	0.640	362,193.000000
14.314833	0.640	360,359.000000
14.325500	0.640	358,198.000000
14.336167	0.640	355,695.000000
14.346833	0.640	354,071.000000
14.357500	0.640	354,311.000000
14.368167	0.640	353,500.000000
14.378833	0.640	347,898.000000
14.389500	0.640	338,950.000000
14.400167	0.640	332,287.000000
14.410833	0.640	332,296.000000
14.421500	0.640	338,208.000000
14.432167	0.640	343,000.000000
14.442833	0.640	341,082.000000
14.453500	0.640	334,316.000000
14.464167	0.640	325,336.000000
14.474833	0.640	315,973.000000
14.485500	0.640	310,421.000000
14.496167	0.640	311,510.000000
14.506833	0.640	317,571.000000
14.517500	0.640	322,080.000000
14.528167	0.640	319,152.000000
14.538833	0.640	311,263.000000
14.549500	0.640	304,827.000000
14.560167	0.640	302,531.000000
14.570833	0.640	304,080.000000
14.581500	0.640	305,889.000000
14.592167	0.640	302,656.000000
14.602833	0.640	295,593.000000
14.613500	0.640	289,904.000000
14.624167	0.640	285,994.000000
14.634833	0.640	280,813.000000
14.645500	0.640	273,191.000000
14.656167	0.640	267,014.000000
14.666833	0.640	266,626.000000
14.677500	0.640	269,055.000000
14.688167	0.640	267,943.000000
14.698833	0.640	262,025.000000
14.709500	0.640	255,923.000000
14.720167	0.640	254,962.000000
14.730833	0.640	257,273.000000
14.741500	0.640	256,144.000000
14.752167	0.640	254,173.000000
14.762833	0.640	257,846.000000
14.773500	0.640	259,768.000000
14.784167	0.640	251,066.000000
14.794833	0.640	240,348.000000
14.805500	0.640	237,967.000000
14.816167	0.640	238,755.000000
14.826833	0.640	234,636.000000
14.837500	0.640	227,889.000000
14.848167	0.640	224,060.000000
14.858833	0.640	223,241.000000
14.869500	0.640	223,272.000000
14.880167	0.640	222,839.000000
14.890833	0.640	219,827.000000
14.901500	0.640	213,678.000000
14.912167	0.640	207,400.000000
14.922833	0.640	203,902.000000
14.933500	0.640	201,975.000000
14.944167	0.640	198,549.000000
14.954833	0.640	194,249.000000
14.965500	0.640	191,162.000000
14.976167	0.640	189,308.000000
14.986833	0.640	188,271.000000
14.997500	0.640	186,265.000000
15.008167	0.640	181,608.000000
15.018833	0.640	176,252.000000
15.029500	0.640	173,074.000000
15.040167	0.640	172,280.000000
15.050833	0.640	170,043.000000
15.061500	0.640	163,530.000000
15.072167	0.640	158,489.000000
15.082833	0.640	158,932.000000
15.093500	0.640	158,679.000000
15.104167	0.640	155,294.000000
15.114833	0.640	152,353.000000
15.125500	0.640	149,391.000000
15.136167	0.640	145,337.000000
15.146833	0.640	142,226.000000
15.157500	0.640	141,653.000000
15.168167	0.640	141,817.000000
15.178833	0.640	138,221.000000
15.189500	0.640	131,082.000000
15.200167	0.640	125,336.000000
15.210833	0.640	121,069.000000
15.221500	0.640	117,592.000000
15.232167	0.640	118,276.000000
15.242833	0.640	121,056.000000
15.253500	0.640	119,695.000000
15.264167	0.640	113,705.000000
15.274833	0.640	106,592.000000
15.285500	0.640	101,299.000000
15.296167	0.640	100,789.000000
15.306833	0.640	104,701.000000
15.317500	0.640	106,653.000000
15.328167	0.640	103,649.000000
15.338833	0.640	101,464.000000
15.349500	0.640	104,844.000000
15.360167	0.640	110,051.000000
15.370833	0.640	111,757.000000
15.381500	0.640	111,424.000000
15.392167	0.640	111,884.000000
15.402833	0.640	112,235.000000
15.413500	0.640	112,916.000000
15.424167	0.640	114,119.000000
15.434833	0.640	112,629.000000
15.445500	0.640	108,662.000000
15.456167	0.640	106,750.000000
15.466833	0.640	107,466.000000
15.477500	0.640	105,007.000000
15.488167	0.640	96,083.000000
15.498833	0.640	86,653.000000
15.509500	0.640	82,353.000000
15.520167	0.640	81,059.000000
15.530833	0.640	78,375.000000
15.541500	0.640	70,470.000000
15.552167	0.640	57,213.000000
15.562833	0.640	46,006.000000
15.573500	0.640	44,422.000000
15.584167	0.640	50,839.000000
15.594833	0.640	57,001.000000
15.605500	0.640	57,985.000000
15.616167	0.640	57,033.000000
15.626833	0.640	61,000.000000
15.637500	0.640	74,448.000000
15.648167	0.640	97,141.000000
15.658833	0.640	124,355.000000
15.669500	0.640	152,236.000000
15.680167	0.640	181,004.000000
15.690833	0.640	210,867.000000
15.701500	0.640	238,507.000000
15.712167	0.640	256,747.000000
15.722833	0.640	259,483.000000
15.733500	0.640	248,158.000000
15.744167	0.640	228,012.000000
15.754833	0.640	202,420.000000
15.765500	0.640	175,031.000000
15.776167	0.640	149,758.000000
15.786833	0.640	125,926.000000
15.797500	0.640	101,244.000000
15.808167	0.640	78,545.000000
15.818833	0.640	61,436.000000
15.829500	0.640	51,280.000000
15.840167	0.640	47,451.000000
15.850833	0.640	43,629.000000
15.861500	0.640	36,319.000000
15.872167	0.640	30,734.000000
15.882833	0.640	29,871.000000
15.893500	0.640	31,723.000000
15.904167	0.640	32,797.000000
15.914833	0.640	28,684.000000
15.925500	0.640	22,260.000000
15.936167	0.640	24,218.000000
15.946833	0.640	35,313.000000
15.957500	0.640	42,322.000000
15.968167	0.640	38,038.000000
15.978833	0.640	29,342.000000
15.989500	0.640	25,218.000000
16.000167	0.640	27,559.000000
16.010833	0.640	30,566.000000
16.021500	0.640	29,740.000000
16.032167	0.640	28,828.000000
16.042833	0.640	30,640.000000
16.053500	0.640	33,016.000000
16.064167	0.640	35,139.000000
16.074833	0.640	35,265.000000
16.085500	0.640	30,864.000000
16.096167	0.640	26,736.000000
16.106833	0.640	30,624.000000
16.117500	0.640	38,431.000000
16.128167	0.640	38,513.000000
16.138833	0.640	31,670.000000
16.149500	0.640	27,791.000000
16.160167	0.640	27,028.000000
16.170833	0.640	24,919.000000
16.181500	0.640	25,565.000000
16.192167	0.640	31,383.000000
16.202833	0.640	34,358.000000
16.213500	0.640	30,601.000000
16.224167	0.640	25,913.000000
16.234833	0.640	23,120.000000
16.245500	0.640	23,191.000000
16.256167	0.640	29,048.000000
16.266833	0.640	35,678.000000
16.277500	0.640	35,771.000000
16.288167	0.640	32,640.000000
16.298833	0.640	31,751.000000
16.309500	0.640	31,983.000000
16.320167	0.640	31,214.000000
16.330833	0.640	30,847.000000
16.341500	0.640	33,914.000000
16.352167	0.640	39,375.000000
16.362833	0.640	39,456.000000
16.373500	0.640	30,614.000000
16.384167	0.640	21,498.000000
16.394833	0.640	20,238.000000
16.405500	0.640	25,261.000000
16.416167	0.640	30,669.000000
16.426833	0.640	32,231.000000
16.437500	0.640	31,558.000000
16.448167	0.640	32,267.000000
16.458833	0.640	33,029.000000
16.469500	0.640	32,297.000000
16.480167	0.640	32,014.000000
16.490833	0.640	31,602.000000
16.501500	0.640	30,575.000000
16.512167	0.640	31,948.000000
16.522833	0.640	33,362.000000
16.533500	0.640	31,091.000000
16.544167	0.640	29,342.000000
16.554833	0.640	29,988.000000
16.565500	0.640	28,136.000000
16.576167	0.640	23,641.000000
16.586833	0.640	22,513.000000
16.597500	0.640	26,651.000000
16.608167	0.640	31,069.000000
16.618833	0.640	31,885.000000
16.629500	0.640	30,950.000000
16.640167	0.640	31,410.000000
16.650833	0.640	33,632.000000
16.661500	0.640	35,889.000000
16.672167	0.640	35,954.000000
16.682833	0.640	32,741.000000
16.693500	0.640	27,549.000000
16.704167	0.640	24,015.000000
16.714833	0.640	25,672.000000
16.725500	0.640	29,902.000000
16.736167	0.640	30,697.000000
16.746833	0.640	27,448.000000
16.757500	0.640	22,447.000000
16.768167	0.640	19,757.000000
16.778833	0.640	25,400.000000
16.789500	0.640	36,157.000000
16.800167	0.640	40,902.000000
16.810833	0.640	37,595.000000
16.821500	0.640	32,611.000000
16.832167	0.640	28,398.000000
16.842833	0.640	25,033.000000
16.853500	0.640	23,856.000000
16.864167	0.640	22,844.000000
16.874833	0.640	20,633.000000
16.885500	0.640	23,019.000000
16.896167	0.640	31,579.000000
16.906833	0.640	38,241.000000
16.917500	0.640	39,412.000000
16.928167	0.640	38,669.000000
16.938833	0.640	38,469.000000
16.949500	0.640	39,507.000000
16.960167	0.640	40,921.000000
16.970833	0.640	39,886.000000
16.981500	0.640	35,574.000000
16.992167	0.640	31,722.000000
17.002833	0.640	31,957.000000
17.013500	0.640	34,312.000000
17.024167	0.640	34,470.000000
17.034833	0.640	32,434.000000
17.045500	0.640	31,140.000000
17.056167	0.640	30,910.000000
17.066833	0.640	30,528.000000
17.077500	0.640	30,271.000000
17.088167	0.640	31,184.000000
17.098833	0.640	34,378.000000
17.109500	0.640	39,505.000000
17.120167	0.640	42,730.000000
17.130833	0.640	40,170.000000
17.141500	0.640	34,959.000000
17.152167	0.640	34,787.000000
17.162833	0.640	39,579.000000
17.173500	0.640	41,699.000000
17.184167	0.640	40,110.000000
17.194833	0.640	40,709.000000
17.205500	0.640	44,212.000000
17.216167	0.640	45,495.000000
17.226833	0.640	43,110.000000
17.237500	0.640	42,450.000000
17.248167	0.640	46,727.000000
17.258833	0.640	50,472.000000
17.269500	0.640	48,630.000000
17.280167	0.640	45,710.000000
17.290833	0.640	48,198.000000
17.301500	0.640	53,573.000000
17.312167	0.640	56,094.000000
17.322833	0.640	57,103.000000
17.333500	0.640	58,286.000000
17.344167	0.640	58,011.000000
17.354833	0.640	60,387.000000
17.365500	0.640	69,104.000000
17.376167	0.640	76,880.000000
17.386833	0.640	75,711.000000
17.397500	0.640	68,902.000000
17.408167	0.640	64,723.000000
17.418833	0.640	64,916.000000
17.429500	0.640	64,970.000000
17.440167	0.640	63,168.000000
17.450833	0.640	63,130.000000
17.461500	0.640	63,858.000000
17.472167	0.640	60,104.000000
17.482833	0.640	56,579.000000
17.493500	0.640	60,288.000000
17.504167	0.640	65,215.000000
17.514833	0.640	65,381.000000
17.525500	0.640	65,214.000000
17.536167	0.640	68,284.000000
17.546833	0.640	72,178.000000
17.557500	0.640	72,400.000000
17.568167	0.640	67,769.000000
17.578833	0.640	63,360.000000
17.589500	0.640	63,335.000000
17.600167	0.640	65,213.000000
17.610833	0.640	64,715.000000
17.621500	0.640	62,601.000000
17.632167	0.640	63,267.000000
17.642833	0.640	65,463.000000
17.653500	0.640	64,975.000000
17.664167	0.640	63,842.000000
17.674833	0.640	64,249.000000
17.685500	0.640	64,649.000000
17.696167	0.640	64,289.000000
17.706833	0.640	62,989.000000
17.717500	0.640	60,857.000000
17.728167	0.640	59,658.000000
17.738833	0.640	61,768.000000
17.749500	0.640	64,797.000000
17.760167	0.640	65,076.000000
17.770833	0.640	66,240.000000
17.781500	0.640	71,374.000000
17.792167	0.640	76,036.000000
17.802833	0.640	75,342.000000
17.813500	0.640	71,514.000000
17.824167	0.640	70,800.000000
17.834833	0.640	71,669.000000
17.845500	0.640	68,853.000000
17.856167	0.640	65,826.000000
17.866833	0.640	66,776.000000
17.877500	0.640	67,812.000000
17.888167	0.640	64,219.000000
17.898833	0.640	57,216.000000
17.909500	0.640	52,753.000000
17.920167	0.640	55,373.000000
17.930833	0.640	63,297.000000
17.941500	0.640	70,103.000000
17.952167	0.640	70,862.000000
17.962833	0.640	66,054.000000
17.973500	0.640	59,109.000000
17.984167	0.640	53,626.000000
17.994833	0.640	54,031.000000
18.005500	0.640	60,829.000000
18.016167	0.640	66,174.000000
18.026833	0.640	64,198.000000
18.037500	0.640	59,616.000000
18.048167	0.640	58,656.000000
18.058833	0.640	60,126.000000
18.069500	0.640	58,612.000000
18.080167	0.640	52,767.000000
18.090833	0.640	47,497.000000
18.101500	0.640	46,531.000000
18.112167	0.640	48,859.000000
18.122833	0.640	52,118.000000
18.133500	0.640	53,485.000000
18.144167	0.640	51,351.000000
18.154833	0.640	48,246.000000
18.165500	0.640	46,062.000000
18.176167	0.640	44,020.000000
18.186833	0.640	43,635.000000
18.197500	0.640	44,531.000000
18.208167	0.640	43,991.000000
18.218833	0.640	44,061.000000
18.229500	0.640	46,880.000000
18.240167	0.640	51,888.000000
18.250833	0.640	60,130.000000
18.261500	0.640	72,181.000000
18.272167	0.640	88,158.000000
18.282833	0.640	111,080.000000
18.293500	0.640	145,324.000000
18.304167	0.640	191,752.000000
18.314833	0.640	245,221.000000
18.325500	0.640	300,389.000000
18.336167	0.640	353,280.000000
18.346833	0.640	395,509.000000
18.357500	0.640	419,926.000000
18.368167	0.640	427,442.000000
18.378833	0.640	419,831.000000
18.389500	0.640	393,379.000000
18.400167	0.640	345,141.000000
18.410833	0.640	283,397.000000
18.421500	0.640	224,328.000000
18.432167	0.640	176,987.000000
18.442833	0.640	141,437.000000
18.453500	0.640	115,446.000000
18.464167	0.640	94,726.000000
18.474833	0.640	78,190.000000
18.485500	0.640	68,485.000000
18.496167	0.640	63,067.000000
18.506833	0.640	58,766.000000
18.517500	0.640	55,961.000000
18.528167	0.640	53,088.000000
18.538833	0.640	49,720.000000
18.549500	0.640	48,924.000000
18.560167	0.640	51,447.000000
18.570833	0.640	53,218.000000
18.581500	0.640	50,910.000000
18.592167	0.640	47,938.000000
18.602833	0.640	49,166.000000
18.613500	0.640	53,112.000000
18.624167	0.640	55,704.000000
18.634833	0.640	55,056.000000
18.645500	0.640	50,265.000000
18.656167	0.640	43,796.000000
18.666833	0.640	40,727.000000
18.677500	0.640	40,033.000000
18.688167	0.640	38,702.000000
18.698833	0.640	41,039.000000
18.709500	0.640	47,466.000000
18.720167	0.640	48,798.000000
18.730833	0.640	43,226.000000
18.741500	0.640	39,057.000000
18.752167	0.640	40,213.000000
18.762833	0.640	43,351.000000
18.773500	0.640	43,620.000000
18.784167	0.640	40,076.000000
18.794833	0.640	36,673.000000
18.805500	0.640	36,742.000000
18.816167	0.640	41,295.000000
18.826833	0.640	47,712.000000
18.837500	0.640	49,505.000000
18.848167	0.640	45,727.000000
18.858833	0.640	41,727.000000
18.869500	0.640	38,240.000000
18.880167	0.640	33,740.000000
18.890833	0.640	33,497.000000
18.901500	0.640	39,870.000000
18.912167	0.640	44,159.000000
18.922833	0.640	41,469.000000
18.933500	0.640	36,470.000000
18.944167	0.640	32,914.000000
18.954833	0.640	32,065.000000
18.965500	0.640	33,289.000000
18.976167	0.640	32,925.000000
18.986833	0.640	30,584.000000
18.997500	0.640	29,894.000000
19.008167	0.640	30,542.000000
19.018833	0.640	29,383.000000
19.029500	0.640	28,015.000000
19.040167	0.640	29,376.000000
19.050833	0.640	29,890.000000
19.061500	0.640	26,947.000000
19.072167	0.640	26,723.000000
19.082833	0.640	31,738.000000
19.093500	0.640	34,785.000000
19.104167	0.640	33,097.000000
19.114833	0.640	31,890.000000
19.125500	0.640	33,343.000000
19.136167	0.640	34,493.000000
19.146833	0.640	32,099.000000
19.157500	0.640	25,971.000000
19.168167	0.640	21,586.000000
19.178833	0.640	25,143.000000
19.189500	0.640	33,362.000000
19.200167	0.640	36,238.000000
19.210833	0.640	32,893.000000
19.221500	0.640	32,806.000000
19.232167	0.640	36,680.000000
19.242833	0.640	35,121.000000
19.253500	0.640	29,653.000000
19.264167	0.640	29,295.000000
19.274833	0.640	30,533.000000
19.285500	0.640	25,926.000000
19.296167	0.640	20,112.000000
19.306833	0.640	20,461.000000
19.317500	0.640	24,822.000000
19.328167	0.640	27,042.000000
19.338833	0.640	26,396.000000
19.349500	0.640	26,763.000000
19.360167	0.640	29,393.000000
19.370833	0.640	30,886.000000
19.381500	0.640	30,658.000000
19.392167	0.640	31,726.000000
19.402833	0.640	32,382.000000
19.413500	0.640	30,375.000000
19.424167	0.640	29,584.000000
19.434833	0.640	31,928.000000
19.445500	0.640	32,630.000000
19.456167	0.640	28,404.000000
19.466833	0.640	23,906.000000
19.477500	0.640	24,009.000000
19.488167	0.640	24,702.000000
19.498833	0.640	22,280.000000
19.509500	0.640	20,384.000000
19.520167	0.640	22,329.000000
19.530833	0.640	27,937.000000
19.541500	0.640	32,655.000000
19.552167	0.640	31,110.000000
19.562833	0.640	25,962.000000
19.573500	0.640	23,249.000000
19.584167	0.640	24,325.000000
19.594833	0.640	27,705.000000
19.605500	0.640	31,180.000000
19.616167	0.640	32,048.000000
19.626833	0.640	29,803.000000
19.637500	0.640	27,906.000000
19.648167	0.640	29,756.000000
19.658833	0.640	33,262.000000
19.669500	0.640	32,957.000000
19.680167	0.640	28,137.000000
19.690833	0.640	23,171.000000
19.701500	0.640	21,262.000000
19.712167	0.640	23,232.000000
19.722833	0.640	26,339.000000
19.733500	0.640	26,558.000000
19.744167	0.640	26,627.000000
19.754833	0.640	30,001.000000
19.765500	0.640	31,052.000000
19.776167	0.640	26,535.000000
19.786833	0.640	23,406.000000
19.797500	0.640	25,541.000000
19.808167	0.640	28,891.000000
19.818833	0.640	29,154.000000
19.829500	0.640	25,665.000000
19.840167	0.640	22,386.000000
19.850833	0.640	22,540.000000
19.861500	0.640	22,917.000000
19.872167	0.640	19,897.000000
19.882833	0.640	17,381.000000
19.893500	0.640	21,689.000000
19.904167	0.640	29,933.000000
19.914833	0.640	33,169.000000
19.925500	0.640	30,095.000000
19.936167	0.640	25,423.000000
19.946833	0.640	20,274.000000
19.957500	0.640	16,410.000000
19.968167	0.640	18,169.000000
19.978833	0.640	23,122.000000
19.989500	0.640	22,925.000000
20.000167	0.640	15,289.000000
20.010833	0.640	9,169.000000
20.021500	0.640	12,778.000000
20.032167	0.640	20,847.000000
20.042833	0.640	24,811.000000
20.053500	0.640	25,114.000000
20.064167	0.640	24,677.000000
20.074833	0.640	22,753.000000
20.085500	0.640	19,137.000000
20.096167	0.640	16,829.000000
20.106833	0.640	17,241.000000
20.117500	0.640	17,536.000000
20.128167	0.640	16,561.000000
20.138833	0.640	17,627.000000
20.149500	0.640	22,163.000000
20.160167	0.640	26,900.000000
20.170833	0.640	28,305.000000
20.181500	0.640	25,587.000000
20.192167	0.640	21,650.000000
20.202833	0.640	20,242.000000
20.213500	0.640	21,275.000000
20.224167	0.640	22,230.000000
20.234833	0.640	21,358.000000
20.245500	0.640	19,562.000000
20.256167	0.640	19,676.000000
20.266833	0.640	22,957.000000
20.277500	0.640	27,205.000000
20.288167	0.640	27,594.000000
20.298833	0.640	22,241.000000
20.309500	0.640	16,792.000000
20.320167	0.640	17,028.000000
20.330833	0.640	20,581.000000
20.341500	0.640	25,158.000000
20.352167	0.640	30,318.000000
20.362833	0.640	29,556.000000
20.373500	0.640	22,476.000000
20.384167	0.640	19,576.000000
20.394833	0.640	23,918.000000
20.405500	0.640	27,703.000000
20.416167	0.640	27,759.000000
20.426833	0.640	30,566.000000
20.437500	0.640	39,977.000000
20.448167	0.640	51,203.000000
20.458833	0.640	58,573.000000
20.469500	0.640	63,503.000000
20.480167	0.640	74,880.000000
20.490833	0.640	98,268.000000
20.501500	0.640	128,771.000000
20.512167	0.640	161,708.000000
20.522833	0.640	201,544.000000
20.533500	0.640	255,062.000000
20.544167	0.640	325,433.000000
20.554833	0.640	413,975.000000
20.565500	0.640	521,320.000000
20.576167	0.640	649,292.000000
20.586833	0.640	803,342.000000
20.597500	0.640	993,951.000000
20.608167	0.640	1,234,587.000000
20.618833	0.640	1,533,895.000000
20.629500	0.640	1,902,773.000000
20.640167	0.640	2,369,261.000000
20.650833	0.640	2,969,888.000000
20.661500	0.640	3,743,876.000000
20.672167	0.640	4,743,039.000000
20.682833	0.640	6,021,366.000000
20.693500	0.640	7,614,285.000000
20.704167	0.640	9,538,708.000000
20.714833	0.640	11,791,903.000000
20.725500	0.640	14,308,721.000000
20.736167	0.640	16,933,231.000000
20.746833	0.640	19,455,895.000000
20.757500	0.640	21,635,172.000000
20.768167	0.640	23,244,392.000000
20.778833	0.640	24,147,142.000000
20.789500	0.640	24,256,707.000000
20.800167	0.640	23,525,145.000000
20.810833	0.640	22,029,062.000000
20.821500	0.640	19,957,435.000000
20.832167	0.640	17,549,168.000000
20.842833	0.640	15,043,225.000000
20.853500	0.640	12,617,051.000000
20.864167	0.640	10,403,000.000000
20.874833	0.640	8,514,893.000000
20.885500	0.640	6,996,471.000000
20.896167	0.640	5,817,407.000000
20.906833	0.640	4,925,136.000000
20.917500	0.640	4,265,468.000000
20.928167	0.640	3,789,475.000000
20.938833	0.640	3,449,302.000000
20.949500	0.640	3,192,962.000000
20.960167	0.640	2,986,364.000000
20.970833	0.640	2,821,206.000000
20.981500	0.640	2,693,551.000000
20.992167	0.640	2,591,634.000000
21.002833	0.640	2,502,186.000000
21.013500	0.640	2,422,147.000000
21.024167	0.640	2,353,782.000000
21.034833	0.640	2,288,949.000000
21.045500	0.640	2,219,150.000000
21.056167	0.640	2,153,204.000000
21.066833	0.640	2,102,190.000000
21.077500	0.640	2,061,362.000000
21.088167	0.640	2,021,240.000000
21.098833	0.640	1,978,499.000000
21.109500	0.640	1,933,051.000000
21.120167	0.640	1,888,196.000000
21.130833	0.640	1,850,376.000000
21.141500	0.640	1,822,584.000000
21.152167	0.640	1,797,826.000000
21.162833	0.640	1,765,313.000000
21.173500	0.640	1,726,506.000000
21.184167	0.640	1,691,468.000000
21.194833	0.640	1,662,885.000000
21.205500	0.640	1,639,149.000000
21.216167	0.640	1,618,515.000000
21.226833	0.640	1,595,987.000000
21.237500	0.640	1,571,123.000000
21.248167	0.640	1,547,629.000000
21.258833	0.640	1,521,902.000000
21.269500	0.640	1,492,137.000000
21.280167	0.640	1,467,798.000000
21.290833	0.640	1,450,451.000000
21.301500	0.640	1,429,208.000000
21.312167	0.640	1,404,019.000000
21.322833	0.640	1,384,574.000000
21.333500	0.640	1,370,398.000000
21.344167	0.640	1,355,404.000000
21.354833	0.640	1,340,462.000000
21.365500	0.640	1,326,927.000000
21.376167	0.640	1,312,390.000000
21.386833	0.640	1,296,916.000000
21.397500	0.640	1,282,736.000000
21.408167	0.640	1,271,345.000000
21.418833	0.640	1,262,810.000000
21.429500	0.640	1,256,044.000000
21.440167	0.640	1,250,582.000000
21.450833	0.640	1,245,226.000000
21.461500	0.640	1,236,091.000000
21.472167	0.640	1,219,609.000000
21.482833	0.640	1,199,183.000000
21.493500	0.640	1,183,719.000000
21.504167	0.640	1,174,590.000000
21.514833	0.640	1,164,523.000000
21.525500	0.640	1,152,039.000000
21.536167	0.640	1,141,839.000000
21.546833	0.640	1,132,949.000000
21.557500	0.640	1,121,441.000000
21.568167	0.640	1,107,023.000000
21.578833	0.640	1,090,651.000000
21.589500	0.640	1,074,192.000000
21.600167	0.640	1,059,304.000000
21.610833	0.640	1,045,159.000000
21.621500	0.640	1,030,879.000000
21.632167	0.640	1,016,592.000000
21.642833	0.640	1,000,371.000000
21.653500	0.640	979,588.000000
21.664167	0.640	957,273.000000
21.674833	0.640	938,398.000000
21.685500	0.640	921,299.000000
21.696167	0.640	903,521.000000
21.706833	0.640	888,391.000000
21.717500	0.640	875,572.000000
21.728167	0.640	859,457.000000
21.738833	0.640	843,282.000000
21.749500	0.640	833,480.000000
21.760167	0.640	824,969.000000
21.770833	0.640	811,047.000000
21.781500	0.640	794,557.000000
21.792167	0.640	782,434.000000
21.802833	0.640	776,383.000000
21.813500	0.640	770,054.000000
21.824167	0.640	757,267.000000
21.834833	0.640	740,076.000000
21.845500	0.640	726,871.000000
21.856167	0.640	722,026.000000
21.866833	0.640	717,972.000000
21.877500	0.640	707,519.000000
21.888167	0.640	696,605.000000
21.898833	0.640	691,775.000000
21.909500	0.640	690,331.000000
21.920167	0.640	687,326.000000
21.930833	0.640	679,509.000000
21.941500	0.640	666,709.000000
21.952167	0.640	653,790.000000
21.962833	0.640	645,832.000000
21.973500	0.640	642,120.000000
21.984167	0.640	638,360.000000
21.994833	0.640	632,452.000000
22.005500	0.640	624,749.000000
22.016167	0.640	615,098.000000
22.026833	0.640	605,470.000000
22.037500	0.640	599,254.000000
22.048167	0.640	594,162.000000
22.058833	0.640	586,094.000000
22.069500	0.640	576,031.000000
22.080167	0.640	569,115.000000
22.090833	0.640	569,520.000000
22.101500	0.640	571,665.000000
22.112167	0.640	565,788.000000
22.122833	0.640	554,894.000000
22.133500	0.640	548,172.000000
22.144167	0.640	543,059.000000
22.154833	0.640	534,464.000000
22.165500	0.640	528,161.000000
22.176167	0.640	526,230.000000
22.186833	0.640	521,040.000000
22.197500	0.640	513,148.000000
22.208167	0.640	509,761.000000
22.218833	0.640	509,737.000000
22.229500	0.640	508,033.000000
22.240167	0.640	503,888.000000
22.250833	0.640	499,609.000000
22.261500	0.640	496,722.000000
22.272167	0.640	492,392.000000
22.282833	0.640	485,381.000000
22.293500	0.640	481,221.000000
22.304167	0.640	481,900.000000
22.314833	0.640	481,044.000000
22.325500	0.640	475,462.000000
22.336167	0.640	471,679.000000
22.346833	0.640	473,942.000000
22.357500	0.640	476,188.000000
22.368167	0.640	475,078.000000
22.378833	0.640	473,801.000000
22.389500	0.640	471,638.000000
22.400167	0.640	468,324.000000
22.410833	0.640	468,050.000000
22.421500	0.640	471,112.000000
22.432167	0.640	473,163.000000
22.442833	0.640	470,423.000000
22.453500	0.640	463,852.000000
22.464167	0.640	460,534.000000
22.474833	0.640	465,020.000000
22.485500	0.640	471,060.000000
22.496167	0.640	470,511.000000
22.506833	0.640	465,484.000000
22.517500	0.640	462,165.000000
22.528167	0.640	460,933.000000
22.538833	0.640	459,564.000000
22.549500	0.640	458,137.000000
22.560167	0.640	458,729.000000
22.570833	0.640	462,469.000000
22.581500	0.640	466,122.000000
22.592167	0.640	464,125.000000
22.602833	0.640	456,072.000000
22.613500	0.640	449,553.000000
22.624167	0.640	450,406.000000
22.634833	0.640	454,319.000000
22.645500	0.640	456,885.000000
22.656167	0.640	459,396.000000
22.666833	0.640	458,583.000000
22.677500	0.640	451,395.000000
22.688167	0.640	443,195.000000
22.698833	0.640	436,466.000000
22.709500	0.640	430,783.000000
22.720167	0.640	432,021.000000
22.730833	0.640	442,288.000000
22.741500	0.640	450,925.000000
22.752167	0.640	448,707.000000
22.762833	0.640	442,832.000000
22.773500	0.640	443,421.000000
22.784167	0.640	444,962.000000
22.794833	0.640	439,133.000000
22.805500	0.640	432,382.000000
22.816167	0.640	433,429.000000
22.826833	0.640	437,848.000000
22.837500	0.640	438,918.000000
22.848167	0.640	438,196.000000
22.858833	0.640	439,095.000000
22.869500	0.640	442,460.000000
22.880167	0.640	446,444.000000
22.890833	0.640	447,098.000000
22.901500	0.640	444,200.000000
22.912167	0.640	441,991.000000
22.922883	0.643	440,463.000000
22.933500	0.637	436,947.000000
22.944167	0.640	435,466.000000
22.954833	0.640	439,055.000000
22.965500	0.640	441,205.000000
22.976167	0.640	439,076.000000
22.986833	0.640	438,412.000000
22.997500	0.640	440,575.000000
23.008167	0.640	443,282.000000
23.018833	0.640	447,144.000000
23.029500	0.640	451,612.000000
23.040167	0.640	454,194.000000
23.050833	0.640	454,768.000000
23.061500	0.640	455,826.000000
23.072167	0.640	458,026.000000
23.082833	0.640	459,964.000000
23.093500	0.640	461,309.000000
23.104167	0.640	461,830.000000
23.114833	0.640	461,331.000000
23.125500	0.640	460,531.000000
23.136167	0.640	461,053.000000
23.146833	0.640	463,286.000000
23.157500	0.640	464,657.000000
23.168167	0.640	463,266.000000
23.178833	0.640	459,967.000000
23.189500	0.640	457,143.000000
23.200167	0.640	456,149.000000
23.210833	0.640	455,727.000000
23.221500	0.640	455,143.000000
23.232167	0.640	455,708.000000
23.242833	0.640	458,842.000000
23.253500	0.640	464,252.000000
23.264167	0.640	467,339.000000
23.274833	0.640	463,906.000000
23.285500	0.640	457,120.000000
23.296167	0.640	451,417.000000
23.306833	0.640	448,244.000000
23.317500	0.640	448,907.000000
23.328167	0.640	452,576.000000
23.338833	0.640	456,281.000000
23.349500	0.640	457,164.000000
23.360167	0.640	456,002.000000
23.370833	0.640	459,331.000000
23.381500	0.640	467,013.000000
23.392167	0.640	469,019.000000
23.402833	0.640	464,784.000000
23.413500	0.640	465,268.000000
23.424167	0.640	472,988.000000
23.434833	0.640	478,125.000000
23.445500	0.640	474,874.000000
23.456167	0.640	468,362.000000
23.466833	0.640	464,577.000000
23.477500	0.640	464,881.000000
23.488167	0.640	469,962.000000
23.498833	0.640	478,164.000000
23.509500	0.640	484,081.000000
23.520167	0.640	486,015.000000
23.530833	0.640	486,504.000000
23.541500	0.640	487,058.000000
23.552167	0.640	487,936.000000
23.562833	0.640	487,800.000000
23.573500	0.640	486,491.000000
23.584167	0.640	487,564.000000
23.594833	0.640	490,605.000000
23.605500	0.640	490,991.000000
23.616167	0.640	490,015.000000
23.626833	0.640	489,890.000000
23.637500	0.640	486,394.000000
23.648167	0.640	479,294.000000
23.658833	0.640	476,707.000000
23.669500	0.640	482,575.000000
23.680167	0.640	489,678.000000
23.690833	0.640	489,010.000000
23.701500	0.640	481,524.000000
23.712167	0.640	475,341.000000
23.722833	0.640	474,789.000000
23.733500	0.640	478,737.000000
23.744167	0.640	484,649.000000
23.754833	0.640	489,137.000000
23.765500	0.640	491,006.000000
23.776167	0.640	492,452.000000
23.786833	0.640	492,352.000000
23.797500	0.640	488,469.000000
23.808167	0.640	485,038.000000
23.818833	0.640	486,208.000000
23.829500	0.640	489,785.000000
23.840167	0.640	492,934.000000
23.850833	0.640	496,023.000000
23.861500	0.640	499,282.000000
23.872167	0.640	499,288.000000
23.882833	0.640	494,857.000000
23.893500	0.640	492,736.000000
23.904167	0.640	498,502.000000
23.914833	0.640	507,641.000000
23.925500	0.640	511,854.000000
23.936167	0.640	510,887.000000
23.946833	0.640	510,270.000000
23.957500	0.640	510,060.000000
23.968167	0.640	509,357.000000
23.978833	0.640	513,397.000000
23.989500	0.640	522,375.000000
24.000167	0.640	527,954.000000
24.010833	0.640	528,149.000000
24.021500	0.640	528,206.000000
24.032167	0.640	528,429.000000
24.042833	0.640	528,763.000000
24.053500	0.640	532,930.000000
24.064167	0.640	538,519.000000
24.074833	0.640	540,795.000000
24.085500	0.640	540,738.000000
24.096167	0.640	539,079.000000
24.106833	0.640	535,477.000000
24.117500	0.640	533,299.000000
24.128167	0.640	535,665.000000
24.138833	0.640	540,702.000000
24.149500	0.640	546,109.000000
24.160167	0.640	551,129.000000
24.170833	0.640	551,663.000000
24.181500	0.640	546,947.000000
24.192167	0.640	544,368.000000
24.202833	0.640	547,175.000000
24.213500	0.640	553,241.000000
24.224167	0.640	561,662.000000
24.234833	0.640	568,811.000000
24.245500	0.640	570,835.000000
24.256167	0.640	569,164.000000
24.266833	0.640	567,140.000000
24.277500	0.640	567,394.000000
24.288167	0.640	569,582.000000
24.298833	0.640	570,686.000000
24.309500	0.640	571,430.000000
24.320167	0.640	574,600.000000
24.330833	0.640	576,701.000000
24.341500	0.640	571,976.000000
24.352167	0.640	563,063.000000
24.362833	0.640	558,280.000000
24.373500	0.640	559,703.000000
24.384167	0.640	561,747.000000
24.394833	0.640	562,032.000000
24.405500	0.640	563,796.000000
24.416167	0.640	567,168.000000
24.426833	0.640	570,634.000000
24.437500	0.640	575,567.000000
24.448217	0.643	578,920.000000
24.458833	0.637	575,623.000000
24.469500	0.640	571,808.000000
24.480167	0.640	577,079.000000
24.490833	0.640	585,891.000000
24.501500	0.640	585,696.000000
24.512167	0.640	579,392.000000
24.522833	0.640	579,274.000000
24.533500	0.640	585,905.000000
24.544167	0.640	592,101.000000
24.554833	0.640	596,223.000000
24.565500	0.640	600,069.000000
24.576167	0.640	603,741.000000
24.586883	0.643	606,063.000000
24.597500	0.637	606,384.000000
24.608167	0.640	605,218.000000
24.618833	0.640	603,522.000000
24.629500	0.640	602,634.000000
24.640167	0.640	605,077.000000
24.650833	0.640	612,146.000000
24.661500	0.640	619,672.000000
24.672167	0.640	620,994.000000
24.682833	0.640	616,177.000000
24.693500	0.640	614,247.000000
24.704167	0.640	620,899.000000
24.714833	0.640	629,098.000000
24.725500	0.640	631,948.000000
24.736167	0.640	634,255.000000
24.746833	0.640	639,412.000000
24.757500	0.640	641,190.000000
24.768167	0.640	637,953.000000
24.778833	0.640	637,309.000000
24.789500	0.640	643,910.000000
24.800167	0.640	656,451.000000
24.810833	0.640	670,592.000000
24.821500	0.640	680,649.000000
24.832167	0.640	685,942.000000
24.842833	0.640	690,853.000000
24.853500	0.640	698,003.000000
24.864167	0.640	703,848.000000
24.874833	0.640	702,463.000000
24.885500	0.640	695,932.000000
24.896167	0.640	691,380.000000
24.906833	0.640	689,138.000000
24.917500	0.640	687,559.000000
24.928167	0.640	690,379.000000
24.938833	0.640	696,259.000000
24.949500	0.640	698,238.000000
24.960167	0.640	698,186.000000
24.970833	0.640	701,391.000000
24.981500	0.640	706,187.000000
24.992167	0.640	711,772.000000
25.002833	0.640	718,783.000000
25.013500	0.640	723,398.000000
25.024167	0.640	725,364.000000
25.034833	0.640	729,693.000000
25.045500	0.640	735,627.000000
25.056167	0.640	738,405.000000
25.066833	0.640	738,809.000000
25.077500	0.640	741,783.000000
25.088167	0.640	749,987.000000
25.098833	0.640	760,909.000000
25.109500	0.640	769,603.000000
25.120167	0.640	775,150.000000
25.130833	0.640	780,258.000000
25.141500	0.640	784,515.000000
25.152167	0.640	787,144.000000
25.162833	0.640	793,843.000000
25.173500	0.640	810,686.000000
25.184167	0.640	835,779.000000
25.194833	0.640	866,277.000000
25.205500	0.640	911,905.000000
25.216167	0.640	995,146.000000
25.226833	0.640	1,140,512.000000
25.237500	0.640	1,372,135.000000
25.248167	0.640	1,724,664.000000
25.258833	0.640	2,253,160.000000
25.269500	0.640	3,041,684.000000
25.280167	0.640	4,206,198.000000
25.290833	0.640	5,869,901.000000
25.301500	0.640	8,147,017.000000
25.312167	0.640	11,148,947.000000
25.322833	0.640	14,928,256.000000
25.333500	0.640	19,408,163.000000
25.344167	0.640	24,402,488.000000
25.354833	0.640	29,629,649.000000
25.365500	0.640	34,666,611.000000
25.376167	0.640	38,971,806.000000
25.386833	0.640	42,059,968.000000
25.397500	0.640	43,618,777.000000
25.408167	0.640	43,410,968.000000
25.418833	0.640	41,323,289.000000
25.429500	0.640	37,602,280.000000
25.440167	0.640	32,791,333.000000
25.450833	0.640	27,469,599.000000
25.461500	0.640	22,145,460.000000
25.472167	0.640	17,210,299.000000
25.482833	0.640	12,910,344.000000
25.493500	0.640	9,388,106.000000
25.504167	0.640	6,686,940.000000
25.514833	0.640	4,728,799.000000
25.525500	0.640	3,364,397.000000
25.536167	0.640	2,445,721.000000
25.546833	0.640	1,849,726.000000
25.557500	0.640	1,476,142.000000
25.568167	0.640	1,247,772.000000
25.578833	0.640	1,109,194.000000
25.589500	0.640	1,022,257.000000
25.600167	0.640	967,525.000000
25.610833	0.640	938,506.000000
25.621500	0.640	925,622.000000
25.632167	0.640	919,365.000000
25.642833	0.640	918,670.000000
25.653500	0.640	921,466.000000
25.664167	0.640	923,597.000000
25.674833	0.640	926,253.000000
25.685500	0.640	930,186.000000
25.696167	0.640	930,408.000000
25.706833	0.640	924,211.000000
25.717500	0.640	917,076.000000
25.728167	0.640	916,814.000000
25.738833	0.640	925,122.000000
25.749500	0.640	934,851.000000
25.760167	0.640	940,820.000000
25.770833	0.640	948,118.000000
25.781500	0.640	960,117.000000
25.792167	0.640	972,048.000000
25.802833	0.640	979,698.000000
25.813500	0.640	985,403.000000
25.824167	0.640	994,897.000000
25.834833	0.640	1,010,845.000000
25.845500	0.640	1,033,428.000000
25.856167	0.640	1,065,949.000000
25.866833	0.640	1,117,606.000000
25.877500	0.640	1,191,821.000000
25.888167	0.640	1,270,304.000000
25.898833	0.640	1,323,950.000000
25.909500	0.640	1,335,956.000000
25.920167	0.640	1,306,340.000000
25.930833	0.640	1,247,270.000000
25.941500	0.640	1,180,119.000000
25.952167	0.640	1,124,203.000000
25.962833	0.640	1,085,931.000000
25.973500	0.640	1,065,133.000000
25.984167	0.640	1,059,566.000000
25.994833	0.640	1,060,201.000000
26.005500	0.640	1,058,497.000000
26.016167	0.640	1,056,680.000000
26.026833	0.640	1,062,299.000000
26.037500	0.640	1,075,206.000000
26.048167	0.640	1,085,483.000000
26.058833	0.640	1,087,268.000000
26.069500	0.640	1,087,523.000000
26.080167	0.640	1,095,844.000000
26.090833	0.640	1,113,418.000000
26.101500	0.640	1,135,892.000000
26.112167	0.640	1,159,946.000000
26.122833	0.640	1,186,098.000000
26.133500	0.640	1,221,381.000000
26.144167	0.640	1,273,015.000000
26.154833	0.640	1,327,973.000000
26.165500	0.640	1,350,426.000000
26.176167	0.640	1,319,113.000000
26.186833	0.640	1,255,225.000000
26.197500	0.640	1,196,958.000000
26.208167	0.640	1,165,447.000000
26.218833	0.640	1,164,051.000000
26.229500	0.640	1,185,546.000000
26.240167	0.640	1,216,665.000000
26.250833	0.640	1,246,215.000000
26.261500	0.640	1,263,607.000000
26.272167	0.640	1,261,439.000000
26.282833	0.640	1,245,151.000000
26.293500	0.640	1,225,141.000000
26.304167	0.640	1,208,522.000000
26.314833	0.640	1,204,753.000000
26.325500	0.640	1,219,853.000000
26.336167	0.640	1,252,534.000000
26.346833	0.640	1,322,973.000000
26.357500	0.640	1,510,758.000000
26.368167	0.640	1,984,509.000000
26.378833	0.640	2,932,621.000000
26.389500	0.640	4,223,628.000000
26.400167	0.640	5,140,841.000000
26.410833	0.640	4,922,373.000000
26.421500	0.640	3,684,267.000000
26.432167	0.640	2,339,292.000000
26.442833	0.640	1,575,132.000000
26.453500	0.640	1,354,865.000000
26.464167	0.640	1,331,508.000000
26.474833	0.640	1,313,069.000000
26.485500	0.640	1,293,808.000000
26.496167	0.640	1,295,146.000000
26.506833	0.640	1,306,410.000000
26.517500	0.640	1,316,157.000000
26.528167	0.640	1,323,689.000000
26.538833	0.640	1,328,827.000000
26.549500	0.640	1,330,832.000000
26.560167	0.640	1,333,745.000000
26.570833	0.640	1,342,868.000000
26.581500	0.640	1,350,268.000000
26.592167	0.640	1,343,675.000000
26.602833	0.640	1,329,366.000000
26.613500	0.640	1,320,549.000000
26.624167	0.640	1,317,118.000000
26.634833	0.640	1,313,611.000000
26.645500	0.640	1,310,436.000000
26.656167	0.640	1,312,748.000000
26.666833	0.640	1,327,376.000000
26.677500	0.640	1,356,547.000000
26.688167	0.640	1,395,937.000000
26.698833	0.640	1,445,192.000000
26.709500	0.640	1,518,232.000000
26.720167	0.640	1,654,512.000000
26.730833	0.640	1,915,237.000000
26.741500	0.640	2,295,714.000000
26.752167	0.640	2,612,207.000000
26.762833	0.640	2,620,200.000000
26.773500	0.640	2,324,987.000000
26.784167	0.640	2,010,098.000000
26.794833	0.640	1,904,386.000000
26.805500	0.640	1,981,890.000000
26.816167	0.640	2,095,007.000000
26.826833	0.640	2,163,209.000000
26.837500	0.640	2,216,439.000000
26.848167	0.640	2,330,438.000000
26.858833	0.640	2,560,287.000000
26.869500	0.640	3,029,313.000000
26.880167	0.640	4,498,594.000000
26.890833	0.640	10,421,990.000000
26.901500	0.640	30,460,421.000000
26.912167	0.640	75,068,619.000000
26.922833	0.640	131,644,537.000000
26.933500	0.640	157,182,632.000000
26.944167	0.640	124,898,221.000000
26.954833	0.640	63,551,030.000000
26.965500	0.640	20,094,843.000000
26.976167	0.640	6,695,464.000000
26.986833	0.640	6,789,730.000000
26.997500	0.640	7,315,008.000000
27.008167	0.640	7,932,382.000000
27.018833	0.640	14,891,535.000000
27.029500	0.640	39,571,985.000000
27.040167	0.640	95,463,124.000000
27.050833	0.640	178,015,762.000000
27.061500	0.640	245,318,041.000000
27.072167	0.640	245,118,221.000000
27.082833	0.640	174,233,738.000000
27.093500	0.640	86,297,932.000000
27.104167	0.640	31,459,159.000000
27.114833	0.640	14,348,737.000000
27.125500	0.640	13,904,670.000000
27.136167	0.640	15,621,094.000000
27.146833	0.640	16,110,711.000000
27.157500	0.640	14,710,829.000000
27.168167	0.640	11,621,789.000000
27.178833	0.640	8,759,130.000000
27.189500	0.640	7,614,035.000000
27.200167	0.640	7,957,262.000000
27.210833	0.640	9,157,803.000000
27.221500	0.640	10,904,320.000000
27.232167	0.640	12,354,842.000000
27.242833	0.640	13,024,212.000000
27.253500	0.640	18,666,151.000000
27.264167	0.640	19,529,115.000000
27.264333	0.010	39,293,672.000000
27.264500	0.010	19,529,115.000000
27.264667	0.010	39,293,672.000000
27.264833	0.010	19,529,115.000000
27.265000	0.010	39,293,672.000000
27.265167	0.010	19,529,115.000000
27.274833	0.580	19,529,115.000000
27.285500	0.640	19,529,115.000000
27.296167	0.640	19,529,115.000000
27.306833	0.640	19,529,115.000000
27.317500	0.640	19,529,115.000000
27.317667	0.010	39,293,672.000000
27.317833	0.010	19,529,115.000000
27.318000	0.010	39,293,672.000000
27.318167	0.010	19,529,115.000000
27.318333	0.010	39,293,672.000000
27.318500	0.010	19,529,115.000000
27.328167	0.580	230,485,413.000000
27.338833	0.640	133,257,034.000000
27.349500	0.640	83,094,497.000000
27.360167	0.640	66,071,501.000000
27.370833	0.640	54,972,136.000000
27.381500	0.640	55,762,691.000000
27.392167	0.640	56,625,655.000000
27.392333	0.010	94,938,482.000000
27.392500	0.010	56,625,655.000000
27.392667	0.010	94,938,482.000000
27.392833	0.010	56,625,655.000000
27.393000	0.010	94,938,482.000000
27.393167	0.010	56,625,655.000000
27.402833	0.580	56,625,655.000000
27.413500	0.640	56,625,655.000000
27.424167	0.640	56,625,655.000000
27.434833	0.640	56,625,655.000000
27.445500	0.640	56,625,655.000000
27.456167	0.640	56,625,655.000000
27.466883	0.643	56,625,655.000000
27.477500	0.637	56,625,655.000000
27.488167	0.640	56,625,655.000000
27.498833	0.640	56,625,655.000000
27.499000	0.010	94,938,482.000000
27.499167	0.010	56,625,655.000000
27.499333	0.010	94,938,482.000000
27.499500	0.010	56,625,655.000000
27.499667	0.010	94,938,482.000000
27.499833	0.010	56,625,655.000000
27.509500	0.580	96,596,606.000000
27.520167	0.640	87,820,830.000000
27.530833	0.640	97,455,349.000000
27.541500	0.640	99,068,278.000000
27.552167	0.640	86,606,843.000000
27.562833	0.640	72,130,804.000000
27.573500	0.640	62,598,413.000000
27.584167	0.640	55,511,667.000000
27.594833	0.640	48,835,078.000000
27.605500	0.640	43,420,358.000000
27.616167	0.640	39,866,710.000000
27.626833	0.640	37,207,952.000000
27.637500	0.640	34,306,372.000000
27.648167	0.640	31,423,950.000000
27.658833	0.640	29,509,271.000000
27.669500	0.640	28,478,409.000000
27.680167	0.640	27,424,052.000000
27.690833	0.640	26,039,022.000000
27.701500	0.640	24,842,263.000000
27.712167	0.640	24,203,651.000000
27.722833	0.640	23,886,711.000000
27.733500	0.640	23,523,515.000000
27.744167	0.640	23,025,474.000000
27.754833	0.640	22,636,608.000000
27.765500	0.640	22,782,722.000000
27.776167	0.640	23,567,165.000000
27.786833	0.640	24,484,453.000000
27.797500	0.640	24,918,140.000000
27.808217	0.643	24,621,447.000000
27.818833	0.637	23,658,933.000000
27.829500	0.640	22,350,527.000000
27.840167	0.640	21,213,468.000000
27.850833	0.640	20,625,814.000000
27.861500	0.640	20,578,822.000000
27.872167	0.640	20,865,776.000000
27.882833	0.640	21,938,549.000000
27.893500	0.640	27,022,469.000000
27.904167	0.640	48,292,705.000000
27.914833	0.640	49,155,669.000000
27.915000	0.010	83,733,503.000000
27.915167	0.010	49,155,669.000000
27.915333	0.010	83,733,503.000000
27.915500	0.010	49,155,669.000000
27.915667	0.010	83,733,503.000000
27.915833	0.010	49,155,669.000000
27.925500	0.580	49,155,669.000000
27.936167	0.640	49,155,669.000000
27.946833	0.640	49,155,669.000000
27.957500	0.640	49,155,669.000000
27.968167	0.640	49,155,669.000000
27.978833	0.640	49,155,669.000000
27.989500	0.640	49,155,669.000000
28.000167	0.640	49,155,669.000000
28.010833	0.640	49,155,669.000000
28.021500	0.640	49,155,669.000000
28.032167	0.640	49,155,669.000000
28.042833	0.640	49,155,669.000000
28.053500	0.640	49,155,669.000000
28.064167	0.640	49,155,669.000000
28.074833	0.640	49,155,669.000000
28.085500	0.640	49,155,669.000000
28.096167	0.640	49,155,669.000000
28.106833	0.640	49,155,669.000000
28.107000	0.010	83,733,503.000000
28.107167	0.010	49,155,669.000000
28.107333	0.010	83,733,503.000000
28.107500	0.010	49,155,669.000000
28.107667	0.010	83,733,503.000000
28.107833	0.010	49,155,669.000000
28.117500	0.580	228,979,994.000000
28.128167	0.640	118,631,914.000000
28.138833	0.640	82,069,562.000000
28.149500	0.640	77,717,078.000000
28.160167	0.640	71,632,493.000000
28.170833	0.640	61,711,437.000000
28.181500	0.640	50,399,830.000000
28.192167	0.640	37,741,822.000000
28.202833	0.640	28,702,638.000000
28.213500	0.640	30,030,907.000000
28.224167	0.640	47,478,809.000000
28.234833	0.640	83,471,178.000000
28.245500	0.640	128,126,329.000000
28.256167	0.640	161,553,550.000000
28.266833	0.640	175,143,335.000000
28.277500	0.640	179,230,899.000000
28.288167	0.640	184,058,762.000000
28.298833	0.640	187,255,137.000000
28.309500	0.640	183,396,189.000000
28.320167	0.640	173,822,025.000000
28.330833	0.640	163,684,043.000000
28.341500	0.640	155,398,667.000000
28.352167	0.640	146,983,159.000000
28.362833	0.640	134,337,625.000000
28.373500	0.640	114,109,641.000000
28.384167	0.640	86,496,227.000000
28.394833	0.640	57,206,604.000000
28.405500	0.640	34,496,557.000000
28.416167	0.640	22,101,554.000000
28.426833	0.640	17,118,424.000000
28.437500	0.640	15,436,882.000000
28.448167	0.640	15,999,934.000000
28.458833	0.640	18,758,282.000000
28.469500	0.640	21,471,705.000000
28.480167	0.640	21,058,894.000000
28.490833	0.640	17,263,013.000000
28.501500	0.640	12,771,769.000000
28.512167	0.640	9,881,786.000000
28.522833	0.640	8,698,872.000000
28.533500	0.640	8,288,064.000000
28.544167	0.640	8,068,647.000000
28.554833	0.640	7,929,143.000000
28.565500	0.640	7,822,003.000000
28.576167	0.640	7,645,678.000000
28.586833	0.640	7,345,992.000000
28.597500	0.640	6,957,939.000000
28.608167	0.640	6,540,897.000000
28.618833	0.640	6,094,491.000000
28.629500	0.640	5,547,825.000000
28.640167	0.640	4,826,016.000000
28.650833	0.640	3,938,462.000000
28.661500	0.640	3,005,881.000000
28.672167	0.640	2,174,376.000000
28.682833	0.640	1,517,498.000000
28.693500	0.640	1,038,707.000000
28.704167	0.640	725,688.000000
28.714833	0.640	641,531.000000
28.725500	0.640	852,071.000000
28.736167	0.640	1,064,190.000000
28.746833	0.640	853,955.000000
28.757500	0.640	381,825.000000
28.768167	0.640	107,422.000000
28.778833	0.640	83,198.000000
28.789500	0.640	104,545.000000
28.800167	0.640	87,628.000000
28.810833	0.640	60,097.000000
28.821500	0.640	44,875.000000
28.832167	0.640	38,203.000000
28.842833	0.640	33,296.000000
28.853500	0.640	29,480.000000
28.864167	0.640	27,591.000000
28.874833	0.640	25,558.000000
28.885500	0.640	20,597.000000
28.896167	0.640	14,109.000000
28.906833	0.640	10,658.000000
28.917500	0.640	13,157.000000
28.928167	0.640	17,724.000000
28.938833	0.640	16,307.000000
28.949500	0.640	9,966.000000
28.960167	0.640	7,822.000000
28.970833	0.640	11,631.000000
28.981500	0.640	16,541.000000
28.992167	0.640	19,787.000000
29.002833	0.640	19,606.000000
29.013500	0.640	15,678.000000
29.024167	0.640	12,055.000000
29.034833	0.640	12,843.000000
29.045500	0.640	14,889.000000
29.056167	0.640	12,532.000000
29.066833	0.640	8,617.000000
29.077500	0.640	8,766.000000
29.088167	0.640	12,013.000000
29.098833	0.640	15,814.000000
29.109500	0.640	19,418.000000
29.120167	0.640	20,874.000000
29.130833	0.640	19,126.000000
29.141500	0.640	16,801.000000
29.152167	0.640	15,291.000000
29.162833	0.640	12,914.000000
29.173500	0.640	9,959.000000
29.184167	0.640	8,228.000000
29.194833	0.640	8,868.000000
29.205500	0.640	12,392.000000
29.216167	0.640	15,612.000000
29.226833	0.640	13,935.000000
29.237500	0.640	9,886.000000
29.248167	0.640	9,956.000000
29.258833	0.640	14,091.000000
29.269500	0.640	17,995.000000
29.280167	0.640	18,804.000000
29.290833	0.640	15,919.000000
29.301500	0.640	12,069.000000
29.312167	0.640	9,437.000000
29.322833	0.640	8,919.000000
29.333500	0.640	12,877.000000
29.344167	0.640	19,387.000000
29.354833	0.640	21,167.000000
29.365500	0.640	16,600.000000
29.376167	0.640	13,041.000000
29.386833	0.640	14,443.000000
29.397500	0.640	15,690.000000
29.408167	0.640	13,331.000000
29.418833	0.640	10,320.000000
29.429500	0.640	9,934.000000
29.440167	0.640	12,843.000000
29.450833	0.640	16,407.000000
29.461500	0.640	16,807.000000
29.472167	0.640	14,544.000000
29.482833	0.640	13,480.000000
29.493500	0.640	15,735.000000
29.504167	0.640	19,541.000000
29.514833	0.640	19,794.000000
29.525500	0.640	14,803.000000
29.536167	0.640	11,079.000000
29.546833	0.640	13,571.000000
29.557500	0.640	17,586.000000
29.568167	0.640	17,580.000000
29.578833	0.640	14,620.000000
29.589500	0.640	11,859.000000
29.600167	0.640	11,473.000000
29.610833	0.640	14,462.000000
29.621500	0.640	18,339.000000
29.632167	0.640	18,872.000000
29.642833	0.640	16,676.000000
29.653500	0.640	16,776.000000
29.664167	0.640	20,342.000000
29.674833	0.640	23,077.000000
29.685500	0.640	21,071.000000
29.696167	0.640	16,044.000000
29.706833	0.640	13,734.000000
29.717500	0.640	14,876.000000
29.728167	0.640	14,184.000000
29.738833	0.640	11,457.000000
29.749500	0.640	12,459.000000
29.760167	0.640	17,312.000000
29.770833	0.640	21,139.000000
29.781500	0.640	21,622.000000
29.792167	0.640	19,070.000000
29.802833	0.640	16,590.000000
29.813500	0.640	16,612.000000
29.824167	0.640	17,230.000000
29.834833	0.640	17,933.000000
29.845500	0.640	20,256.000000
29.856167	0.640	22,147.000000
29.866833	0.640	22,003.000000
29.877500	0.640	22,484.000000
29.888167	0.640	23,609.000000
29.898833	0.640	21,699.000000
29.909500	0.640	16,362.000000
29.920167	0.640	11,275.000000
29.930833	0.640	10,981.000000
29.941500	0.640	16,430.000000
29.952167	0.640	22,325.000000
29.962833	0.640	23,832.000000
29.973500	0.640	22,480.000000
29.984167	0.640	21,832.000000
29.994833	0.640	21,269.000000
30.005500	0.640	18,411.000000
