File Path	chrom://nnfcb-l0495/ChromeleonLocal/20180320_AA_Lars Nielsen samples Vienna_lbpet.seq/980.smp/Emission_2.channel/Emission_2.chm
Channel	Emission_2

Injection Information:
Data Vault	ChromeleonLocal
Injection	20180320_Lars Nielsen samples Vienna_dx20_BA4
Injection Number	17
Position	BA4
Comment	
Processing Method	20171024_Calculated with IS_lbpet
Instrument Method	20161104_AA_GeminiC18_FinalVer7
Type	Unknown
Status	Finished
Injection Date	20-03-2018
Injection Time	20:05:12
Injection Volume (µl)	56.500
Dilution Factor	1.0000
Weight	1.0000

Raw Data Information:
Time Min. (min)	0.007833
Time Max. (min)	30.005500
Data Points	2849
Detector	FLD
Exporting Data System	Chromeleon 7.1.2.1478
Operator	
Signal Quantity	
Signal Unit	counts
Signal Min.	-12,658.000000
Signal Max.	248,057,018.000000
Channel	Emission_2
Driver Name	FLD3000.dll
Channel Type	Evaluation
Min. Step (s)	0.010
Max. Step (s)	0.820
Average Step (s)	0.632

Signal Parameter Information:
Signal Info	266 nm /305 nm

Raw Data:
Time (min)	Step (s)	Value (counts)
0.007833	0.000	0.000000
0.021500	0.820	0.000000
0.032167	0.640	0.000000
0.042833	0.640	-1,122.000000
0.053500	0.640	1,386.000000
0.064167	0.640	8,151.000000
0.074833	0.640	13,896.000000
0.085500	0.640	12,900.000000
0.096167	0.640	6,444.000000
0.106833	0.640	2,362.000000
0.117500	0.640	4,909.000000
0.128167	0.640	11,110.000000
0.138833	0.640	14,948.000000
0.149500	0.640	11,886.000000
0.160167	0.640	4,997.000000
0.170833	0.640	3,806.000000
0.181500	0.640	10,494.000000
0.192167	0.640	14,739.000000
0.202833	0.640	9,840.000000
0.213500	0.640	2,732.000000
0.224167	0.640	852.000000
0.234833	0.640	2,143.000000
0.245500	0.640	2,173.000000
0.256167	0.640	1,131.000000
0.266833	0.640	1,946.000000
0.277500	0.640	5,132.000000
0.288167	0.640	6,858.000000
0.298833	0.640	5,715.000000
0.309500	0.640	6,526.000000
0.320167	0.640	11,050.000000
0.330833	0.640	15,389.000000
0.341500	0.640	18,036.000000
0.352167	0.640	19,697.000000
0.362833	0.640	18,529.000000
0.373500	0.640	12,448.000000
0.384167	0.640	4,315.000000
0.394833	0.640	-2.000000
0.405500	0.640	695.000000
0.416167	0.640	2,878.000000
0.426833	0.640	3,621.000000
0.437500	0.640	2,753.000000
0.448167	0.640	4,350.000000
0.458833	0.640	10,256.000000
0.469500	0.640	13,486.000000
0.480167	0.640	10,983.000000
0.490833	0.640	11,456.000000
0.501500	0.640	17,294.000000
0.512167	0.640	17,351.000000
0.522833	0.640	7,775.000000
0.533500	0.640	-377.000000
0.544167	0.640	-388.000000
0.554833	0.640	1,343.000000
0.565500	0.640	-701.000000
0.576167	0.640	-2,464.000000
0.586833	0.640	1,227.000000
0.597500	0.640	7,662.000000
0.608167	0.640	10,764.000000
0.618833	0.640	10,330.000000
0.629500	0.640	9,732.000000
0.640167	0.640	9,111.000000
0.650833	0.640	6,188.000000
0.661500	0.640	608.000000
0.672167	0.640	-2,766.000000
0.682833	0.640	1,783.000000
0.693500	0.640	9,126.000000
0.704167	0.640	9,278.000000
0.714833	0.640	5,350.000000
0.725500	0.640	5,819.000000
0.736167	0.640	9,491.000000
0.746833	0.640	12,223.000000
0.757500	0.640	12,891.000000
0.768167	0.640	11,386.000000
0.778833	0.640	9,689.000000
0.789500	0.640	10,016.000000
0.800167	0.640	11,901.000000
0.810833	0.640	13,765.000000
0.821500	0.640	15,191.000000
0.832167	0.640	15,157.000000
0.842833	0.640	11,308.000000
0.853500	0.640	5,494.000000
0.864167	0.640	2,757.000000
0.874833	0.640	3,786.000000
0.885500	0.640	4,391.000000
0.896167	0.640	624.000000
0.906833	0.640	-4,698.000000
0.917500	0.640	-4,507.000000
0.928167	0.640	-475.000000
0.938833	0.640	-131.000000
0.949500	0.640	-875.000000
0.960167	0.640	3,950.000000
0.970833	0.640	9,305.000000
0.981500	0.640	8,000.000000
0.992167	0.640	3,559.000000
1.002833	0.640	728.000000
1.013500	0.640	-918.000000
1.024167	0.640	-756.000000
1.034833	0.640	2,419.000000
1.045500	0.640	7,495.000000
1.056167	0.640	12,615.000000
1.066833	0.640	15,127.000000
1.077500	0.640	13,323.000000
1.088167	0.640	8,695.000000
1.098833	0.640	4,347.000000
1.109500	0.640	3,034.000000
1.120167	0.640	3,668.000000
1.130833	0.640	2,294.000000
1.141500	0.640	-925.000000
1.152167	0.640	-2,602.000000
1.162833	0.640	-2,120.000000
1.173500	0.640	-1,474.000000
1.184167	0.640	-915.000000
1.194833	0.640	1,511.000000
1.205500	0.640	5,074.000000
1.216167	0.640	6,912.000000
1.226833	0.640	7,370.000000
1.237500	0.640	8,659.000000
1.248167	0.640	10,483.000000
1.258833	0.640	10,906.000000
1.269500	0.640	9,532.000000
1.280167	0.640	7,487.000000
1.290833	0.640	5,969.000000
1.301500	0.640	4,775.000000
1.312167	0.640	3,312.000000
1.322833	0.640	3,667.000000
1.333500	0.640	6,549.000000
1.344167	0.640	8,613.000000
1.354833	0.640	6,817.000000
1.365500	0.640	551.000000
1.376167	0.640	-4,811.000000
1.386833	0.640	-2,879.000000
1.397500	0.640	2,356.000000
1.408167	0.640	4,869.000000
1.418833	0.640	7,441.000000
1.429500	0.640	11,583.000000
1.440167	0.640	10,753.000000
1.450833	0.640	2,858.000000
1.461500	0.640	-4,820.000000
1.472167	0.640	-6,277.000000
1.482833	0.640	-1,764.000000
1.493500	0.640	2,430.000000
1.504167	0.640	1,276.000000
1.514833	0.640	-996.000000
1.525500	0.640	-460.000000
1.536167	0.640	1,632.000000
1.546833	0.640	5,750.000000
1.557500	0.640	10,279.000000
1.568167	0.640	9,970.000000
1.578833	0.640	5,635.000000
1.589500	0.640	4,324.000000
1.600167	0.640	8,196.000000
1.610833	0.640	11,171.000000
1.621500	0.640	9,490.000000
1.632167	0.640	7,218.000000
1.642833	0.640	7,365.000000
1.653500	0.640	7,807.000000
1.664167	0.640	6,637.000000
1.674833	0.640	5,101.000000
1.685500	0.640	4,691.000000
1.696167	0.640	4,186.000000
1.706833	0.640	2,744.000000
1.717500	0.640	961.000000
1.728167	0.640	-285.000000
1.738833	0.640	818.000000
1.749500	0.640	3,789.000000
1.760167	0.640	5,141.000000
1.770833	0.640	3,074.000000
1.781500	0.640	76.000000
1.792167	0.640	499.000000
1.802833	0.640	4,937.000000
1.813500	0.640	8,657.000000
1.824167	0.640	7,506.000000
1.834833	0.640	4,429.000000
1.845500	0.640	4,377.000000
1.856167	0.640	4,922.000000
1.866833	0.640	3,132.000000
1.877500	0.640	2,359.000000
1.888167	0.640	3,095.000000
1.898833	0.640	1,716.000000
1.909500	0.640	-2,112.000000
1.920167	0.640	-5,961.000000
1.930833	0.640	-5,834.000000
1.941500	0.640	936.000000
1.952167	0.640	9,416.000000
1.962833	0.640	12,534.000000
1.973500	0.640	11,538.000000
1.984167	0.640	12,842.000000
1.994833	0.640	17,733.000000
2.005500	0.640	21,385.000000
2.016167	0.640	20,750.000000
2.026833	0.640	16,425.000000
2.037500	0.640	9,588.000000
2.048167	0.640	3,502.000000
2.058833	0.640	2,258.000000
2.069500	0.640	6,369.000000
2.080167	0.640	12,027.000000
2.090833	0.640	13,227.000000
2.101500	0.640	7,470.000000
2.112167	0.640	-339.000000
2.122833	0.640	-3,326.000000
2.133500	0.640	242.000000
2.144167	0.640	6,530.000000
2.154833	0.640	10,459.000000
2.165500	0.640	11,135.000000
2.176167	0.640	11,834.000000
2.186833	0.640	14,958.000000
2.197500	0.640	18,019.000000
2.208167	0.640	14,867.000000
2.218833	0.640	6,959.000000
2.229500	0.640	4,016.000000
2.240167	0.640	7,451.000000
2.250833	0.640	12,044.000000
2.261500	0.640	18,348.000000
2.272167	0.640	26,977.000000
2.282833	0.640	33,255.000000
2.293500	0.640	33,894.000000
2.304167	0.640	29,902.000000
2.314833	0.640	25,413.000000
2.325500	0.640	24,683.000000
2.336167	0.640	25,641.000000
2.346833	0.640	23,817.000000
2.357500	0.640	20,333.000000
2.368167	0.640	17,195.000000
2.378833	0.640	15,031.000000
2.389500	0.640	15,577.000000
2.400167	0.640	16,191.000000
2.410833	0.640	13,936.000000
2.421500	0.640	14,905.000000
2.432167	0.640	20,913.000000
2.442833	0.640	21,545.000000
2.453500	0.640	12,589.000000
2.464167	0.640	3,437.000000
2.474833	0.640	4,385.000000
2.485500	0.640	13,584.000000
2.496167	0.640	18,667.000000
2.506833	0.640	15,961.000000
2.517500	0.640	13,520.000000
2.528167	0.640	13,539.000000
2.538833	0.640	11,078.000000
2.549500	0.640	6,096.000000
2.560167	0.640	2,529.000000
2.570833	0.640	1,568.000000
2.581500	0.640	4,863.000000
2.592167	0.640	12,047.000000
2.602833	0.640	15,352.000000
2.613500	0.640	10,554.000000
2.624167	0.640	3,958.000000
2.634833	0.640	2,147.000000
2.645500	0.640	3,835.000000
2.656167	0.640	4,086.000000
2.666833	0.640	1,500.000000
2.677500	0.640	-169.000000
2.688167	0.640	2,485.000000
2.698833	0.640	6,541.000000
2.709500	0.640	6,978.000000
2.720167	0.640	3,075.000000
2.730833	0.640	-1,344.000000
2.741500	0.640	-528.000000
2.752167	0.640	5,365.000000
2.762833	0.640	9,002.000000
2.773500	0.640	7,809.000000
2.784167	0.640	6,510.000000
2.794833	0.640	7,695.000000
2.805500	0.640	9,648.000000
2.816167	0.640	10,753.000000
2.826833	0.640	10,887.000000
2.837500	0.640	11,027.000000
2.848167	0.640	12,809.000000
2.858833	0.640	16,209.000000
2.869500	0.640	18,418.000000
2.880167	0.640	16,066.000000
2.890833	0.640	8,618.000000
2.901500	0.640	1,900.000000
2.912167	0.640	2,281.000000
2.922833	0.640	4,821.000000
2.933500	0.640	1,073.000000
2.944167	0.640	-4,240.000000
2.954833	0.640	-851.000000
2.965500	0.640	9,093.000000
2.976167	0.640	15,444.000000
2.986833	0.640	15,225.000000
2.997500	0.640	11,141.000000
3.008167	0.640	5,006.000000
3.018833	0.640	932.000000
3.029500	0.640	4,105.000000
3.040167	0.640	11,213.000000
3.050833	0.640	10,489.000000
3.061500	0.640	-1,423.000000
3.072167	0.640	-11,261.000000
3.082833	0.640	-9,121.000000
3.093500	0.640	-2,094.000000
3.104167	0.640	3,107.000000
3.114833	0.640	9,117.000000
3.125500	0.640	14,755.000000
3.136167	0.640	15,292.000000
3.146833	0.640	10,243.000000
3.157500	0.640	2,771.000000
3.168167	0.640	199.000000
3.178833	0.640	5,095.000000
3.189500	0.640	7,819.000000
3.200167	0.640	3,430.000000
3.210833	0.640	1,047.000000
3.221500	0.640	6,448.000000
3.232167	0.640	13,500.000000
3.242833	0.640	16,293.000000
3.253500	0.640	16,428.000000
3.264167	0.640	15,886.000000
3.274833	0.640	12,416.000000
3.285500	0.640	7,105.000000
3.296167	0.640	5,146.000000
3.306833	0.640	6,463.000000
3.317500	0.640	8,285.000000
3.328167	0.640	10,841.000000
3.338833	0.640	13,286.000000
3.349500	0.640	14,005.000000
3.360167	0.640	13,341.000000
3.370833	0.640	12,552.000000
3.381500	0.640	11,143.000000
3.392167	0.640	5,854.000000
3.402833	0.640	-967.000000
3.413500	0.640	-751.000000
3.424167	0.640	6,872.000000
3.434833	0.640	14,114.000000
3.445500	0.640	16,852.000000
3.456167	0.640	14,889.000000
3.466833	0.640	11,202.000000
3.477500	0.640	10,680.000000
3.488167	0.640	11,708.000000
3.498833	0.640	10,295.000000
3.509500	0.640	7,308.000000
3.520167	0.640	4,854.000000
3.530833	0.640	5,568.000000
3.541500	0.640	8,275.000000
3.552167	0.640	7,094.000000
3.562833	0.640	3,291.000000
3.573500	0.640	1,520.000000
3.584167	0.640	-474.000000
3.594833	0.640	-1,981.000000
3.605500	0.640	2,413.000000
3.616167	0.640	9,343.000000
3.626833	0.640	12,360.000000
3.637500	0.640	12,938.000000
3.648167	0.640	13,388.000000
3.658833	0.640	12,767.000000
3.669500	0.640	11,147.000000
3.680167	0.640	8,927.000000
3.690833	0.640	4,562.000000
3.701500	0.640	-1,131.000000
3.712167	0.640	-1,873.000000
3.722833	0.640	2,755.000000
3.733500	0.640	3,337.000000
3.744167	0.640	-2,361.000000
3.754833	0.640	-4,642.000000
3.765500	0.640	2,561.000000
3.776167	0.640	11,755.000000
3.786833	0.640	12,895.000000
3.797500	0.640	9,118.000000
3.808167	0.640	8,427.000000
3.818833	0.640	10,220.000000
3.829500	0.640	11,512.000000
3.840167	0.640	11,189.000000
3.850833	0.640	7,368.000000
3.861500	0.640	2,459.000000
3.872167	0.640	2,084.000000
3.882833	0.640	5,772.000000
3.893500	0.640	9,545.000000
3.904167	0.640	11,715.000000
3.914833	0.640	9,931.000000
3.925500	0.640	4,530.000000
3.936167	0.640	2,880.000000
3.946833	0.640	7,863.000000
3.957500	0.640	11,985.000000
3.968167	0.640	10,415.000000
3.978833	0.640	7,391.000000
3.989500	0.640	7,428.000000
4.000167	0.640	8,273.000000
4.010833	0.640	5,042.000000
4.021500	0.640	-870.000000
4.032167	0.640	-2,859.000000
4.042833	0.640	1,341.000000
4.053500	0.640	7,763.000000
4.064167	0.640	12,024.000000
4.074833	0.640	11,719.000000
4.085500	0.640	8,251.000000
4.096167	0.640	7,711.000000
4.106833	0.640	11,559.000000
4.117500	0.640	14,083.000000
4.128167	0.640	13,414.000000
4.138833	0.640	10,661.000000
4.149500	0.640	5,221.000000
4.160167	0.640	572.000000
4.170833	0.640	1,539.000000
4.181500	0.640	5,392.000000
4.192167	0.640	4,764.000000
4.202833	0.640	-894.000000
4.213500	0.640	-3,441.000000
4.224167	0.640	1,285.000000
4.234833	0.640	8,590.000000
4.245500	0.640	11,761.000000
4.256167	0.640	7,871.000000
4.266833	0.640	706.000000
4.277500	0.640	-5,115.000000
4.288167	0.640	-7,937.000000
4.298833	0.640	-4,193.000000
4.309500	0.640	7,151.000000
4.320167	0.640	18,577.000000
4.330833	0.640	22,008.000000
4.341500	0.640	18,061.000000
4.352167	0.640	12,790.000000
4.362833	0.640	8,738.000000
4.373500	0.640	4,771.000000
4.384167	0.640	2,326.000000
4.394833	0.640	4,672.000000
4.405500	0.640	11,394.000000
4.416167	0.640	17,518.000000
4.426833	0.640	17,495.000000
4.437500	0.640	11,205.000000
4.448167	0.640	5,490.000000
4.458833	0.640	6,961.000000
4.469500	0.640	12,715.000000
4.480167	0.640	14,165.000000
4.490833	0.640	10,515.000000
4.501500	0.640	6,122.000000
4.512167	0.640	1,546.000000
4.522833	0.640	-2,020.000000
4.533500	0.640	-1,043.000000
4.544167	0.640	3,661.000000
4.554833	0.640	6,272.000000
4.565500	0.640	4,999.000000
4.576167	0.640	4,788.000000
4.586833	0.640	8,124.000000
4.597500	0.640	11,152.000000
4.608167	0.640	9,631.000000
4.618833	0.640	5,141.000000
4.629500	0.640	1,390.000000
4.640167	0.640	-2,186.000000
4.650833	0.640	-4,344.000000
4.661500	0.640	-1,055.000000
4.672167	0.640	4,812.000000
4.682833	0.640	7,639.000000
4.693500	0.640	7,834.000000
4.704167	0.640	9,522.000000
4.714833	0.640	14,131.000000
4.725500	0.640	15,108.000000
4.736167	0.640	8,398.000000
4.746833	0.640	2,536.000000
4.757500	0.640	2,487.000000
4.768167	0.640	3,027.000000
4.778833	0.640	1,934.000000
4.789500	0.640	1,143.000000
4.800167	0.640	1,074.000000
4.810833	0.640	790.000000
4.821500	0.640	530.000000
4.832167	0.640	1,221.000000
4.842833	0.640	3,066.000000
4.853500	0.640	5,770.000000
4.864167	0.640	6,120.000000
4.874833	0.640	1,700.000000
4.885500	0.640	-2,722.000000
4.896167	0.640	-2,073.000000
4.906833	0.640	1,227.000000
4.917500	0.640	2,426.000000
4.928167	0.640	1,631.000000
4.938833	0.640	1,937.000000
4.949500	0.640	4,294.000000
4.960167	0.640	10,778.000000
4.970833	0.640	31,323.000000
4.981500	0.640	75,452.000000
4.992167	0.640	133,610.000000
5.002833	0.640	177,608.000000
5.013500	0.640	189,686.000000
5.024167	0.640	181,078.000000
5.034833	0.640	169,560.000000
5.045500	0.640	154,820.000000
5.056167	0.640	130,811.000000
5.066833	0.640	106,924.000000
5.077500	0.640	94,336.000000
5.088167	0.640	85,261.000000
5.098833	0.640	70,459.000000
5.109500	0.640	54,137.000000
5.120167	0.640	39,315.000000
5.130883	0.643	25,453.000000
5.141500	0.637	16,587.000000
5.152167	0.640	14,045.000000
5.162833	0.640	12,494.000000
5.173500	0.640	9,515.000000
5.184167	0.640	8,189.000000
5.194833	0.640	10,045.000000
5.205500	0.640	12,860.000000
5.216167	0.640	13,348.000000
5.226833	0.640	9,355.000000
5.237500	0.640	3,846.000000
5.248167	0.640	2,343.000000
5.258833	0.640	3,473.000000
5.269500	0.640	2,743.000000
5.280167	0.640	-135.000000
5.290833	0.640	-4,891.000000
5.301500	0.640	-8,433.000000
5.312167	0.640	-5,120.000000
5.322833	0.640	1,751.000000
5.333500	0.640	4,453.000000
5.344167	0.640	3,335.000000
5.354833	0.640	2,759.000000
5.365500	0.640	4,271.000000
5.376167	0.640	6,292.000000
5.386833	0.640	6,942.000000
5.397500	0.640	6,642.000000
5.408167	0.640	4,758.000000
5.418833	0.640	-31.000000
5.429500	0.640	-3,277.000000
5.440167	0.640	83.000000
5.450833	0.640	5,074.000000
5.461500	0.640	4,325.000000
5.472167	0.640	1,492.000000
5.482833	0.640	4,163.000000
5.493500	0.640	8,686.000000
5.504167	0.640	5,214.000000
5.514833	0.640	-3,346.000000
5.525500	0.640	-4,591.000000
5.536167	0.640	1,435.000000
5.546833	0.640	3,962.000000
5.557500	0.640	641.000000
5.568167	0.640	-1,967.000000
5.578833	0.640	-271.000000
5.589500	0.640	2,696.000000
5.600167	0.640	3,551.000000
5.610833	0.640	4,637.000000
5.621500	0.640	6,840.000000
5.632167	0.640	4,516.000000
5.642833	0.640	-2,825.000000
5.653500	0.640	-7,128.000000
5.664167	0.640	-4,561.000000
5.674833	0.640	-276.000000
5.685500	0.640	1,122.000000
5.696167	0.640	506.000000
5.706833	0.640	-744.000000
5.717500	0.640	-1,450.000000
5.728167	0.640	-679.000000
5.738833	0.640	-1,541.000000
5.749500	0.640	-4,331.000000
5.760167	0.640	-1,286.000000
5.770833	0.640	8,065.000000
5.781500	0.640	12,205.000000
5.792167	0.640	6,620.000000
5.802833	0.640	-657.000000
5.813500	0.640	-1,616.000000
5.824167	0.640	3,467.000000
5.834833	0.640	7,419.000000
5.845500	0.640	5,227.000000
5.856167	0.640	1,363.000000
5.866833	0.640	702.000000
5.877500	0.640	-1,272.000000
5.888167	0.640	-6,738.000000
5.898833	0.640	-9,380.000000
5.909500	0.640	-7,477.000000
5.920167	0.640	-5,897.000000
5.930833	0.640	-5,679.000000
5.941500	0.640	-4,249.000000
5.952167	0.640	-3,113.000000
5.962833	0.640	-4,886.000000
5.973500	0.640	-6,291.000000
5.984167	0.640	-3,588.000000
5.994833	0.640	374.000000
6.005500	0.640	862.000000
6.016167	0.640	-861.000000
6.026833	0.640	-726.000000
6.037500	0.640	247.000000
6.048167	0.640	807.000000
6.058833	0.640	2,339.000000
6.069500	0.640	2,228.000000
6.080167	0.640	-1,101.000000
6.090833	0.640	-4,326.000000
6.101500	0.640	-6,383.000000
6.112167	0.640	-7,720.000000
6.122833	0.640	-7,570.000000
6.133500	0.640	-5,673.000000
6.144167	0.640	-2,316.000000
6.154833	0.640	853.000000
6.165500	0.640	1,908.000000
6.176167	0.640	1,327.000000
6.186833	0.640	611.000000
6.197500	0.640	286.000000
6.208167	0.640	258.000000
6.218833	0.640	603.000000
6.229500	0.640	1,518.000000
6.240167	0.640	2,053.000000
6.250833	0.640	1,146.000000
6.261500	0.640	-586.000000
6.272167	0.640	-2,255.000000
6.282833	0.640	-2,009.000000
6.293500	0.640	1,121.000000
6.304167	0.640	4,087.000000
6.314833	0.640	4,123.000000
6.325500	0.640	14.000000
6.336167	0.640	-5,599.000000
6.346833	0.640	-6,208.000000
6.357500	0.640	-4,223.000000
6.368167	0.640	-6,022.000000
6.378833	0.640	-6,831.000000
6.389500	0.640	-1,554.000000
6.400167	0.640	3,839.000000
6.410833	0.640	4,694.000000
6.421500	0.640	4,687.000000
6.432167	0.640	4,769.000000
6.442833	0.640	3,759.000000
6.453500	0.640	3,752.000000
6.464167	0.640	4,164.000000
6.474833	0.640	4,197.000000
6.485500	0.640	4,768.000000
6.496167	0.640	4,410.000000
6.506833	0.640	3,462.000000
6.517500	0.640	4,196.000000
6.528167	0.640	5,414.000000
6.538833	0.640	4,764.000000
6.549500	0.640	3,030.000000
6.560167	0.640	604.000000
6.570833	0.640	-4,200.000000
6.581500	0.640	-9,301.000000
6.592167	0.640	-11,563.000000
6.602833	0.640	-11,578.000000
6.613500	0.640	-9,723.000000
6.624167	0.640	-7,859.000000
6.634833	0.640	-9,128.000000
6.645500	0.640	-11,083.000000
6.656167	0.640	-9,352.000000
6.666833	0.640	-4,117.000000
6.677500	0.640	-128.000000
6.688167	0.640	-2,483.000000
6.698833	0.640	-8,316.000000
6.709500	0.640	-9,763.000000
6.720167	0.640	-6,517.000000
6.730833	0.640	-3,837.000000
6.741500	0.640	-3,110.000000
6.752167	0.640	-2,470.000000
6.762833	0.640	-682.000000
6.773500	0.640	2,322.000000
6.784167	0.640	5,574.000000
6.794833	0.640	6,270.000000
6.805500	0.640	2,230.000000
6.816167	0.640	-3,028.000000
6.826833	0.640	-5,096.000000
6.837500	0.640	-5,551.000000
6.848167	0.640	-6,149.000000
6.858833	0.640	-5,124.000000
6.869500	0.640	-2,463.000000
6.880167	0.640	-1,188.000000
6.890833	0.640	-1,766.000000
6.901500	0.640	61.000000
6.912167	0.640	5,118.000000
6.922833	0.640	6,271.000000
6.933500	0.640	535.000000
6.944167	0.640	-2,722.000000
6.954833	0.640	2,623.000000
6.965500	0.640	8,633.000000
6.976167	0.640	6,793.000000
6.986833	0.640	-1,368.000000
6.997500	0.640	-7,780.000000
7.008167	0.640	-6,181.000000
7.018833	0.640	521.000000
7.029500	0.640	2,836.000000
7.040167	0.640	-1,422.000000
7.050833	0.640	-3,345.000000
7.061500	0.640	781.000000
7.072167	0.640	4,068.000000
7.082833	0.640	2,442.000000
7.093500	0.640	-568.000000
7.104167	0.640	-926.000000
7.114833	0.640	38.000000
7.125500	0.640	-2,015.000000
7.136167	0.640	-6,711.000000
7.146833	0.640	-8,283.000000
7.157500	0.640	-4,947.000000
7.168167	0.640	-3,327.000000
7.178833	0.640	-7,824.000000
7.189500	0.640	-12,658.000000
7.200167	0.640	-11,630.000000
7.210833	0.640	-6,706.000000
7.221500	0.640	-2,364.000000
7.232167	0.640	479.000000
7.242833	0.640	3,136.000000
7.253500	0.640	5,421.000000
7.264167	0.640	5,214.000000
7.274833	0.640	2,714.000000
7.285500	0.640	2,278.000000
7.296167	0.640	4,928.000000
7.306833	0.640	4,666.000000
7.317500	0.640	-499.000000
7.328167	0.640	-4,491.000000
7.338833	0.640	-4,424.000000
7.349500	0.640	-3,730.000000
7.360167	0.640	-4,724.000000
7.370833	0.640	-5,165.000000
7.381500	0.640	-2,488.000000
7.392167	0.640	283.000000
7.402833	0.640	-170.000000
7.413500	0.640	-1,036.000000
7.424167	0.640	-493.000000
7.434833	0.640	-250.000000
7.445500	0.640	-228.000000
7.456167	0.640	-820.000000
7.466833	0.640	-3,660.000000
7.477500	0.640	-5,120.000000
7.488167	0.640	-507.000000
7.498833	0.640	5,373.000000
7.509500	0.640	6,410.000000
7.520167	0.640	6,171.000000
7.530833	0.640	7,984.000000
7.541500	0.640	9,028.000000
7.552167	0.640	8,670.000000
7.562833	0.640	7,704.000000
7.573500	0.640	4,964.000000
7.584167	0.640	2,567.000000
7.594833	0.640	2,834.000000
7.605500	0.640	2,204.000000
7.616167	0.640	-636.000000
7.626833	0.640	-1,328.000000
7.637500	0.640	180.000000
7.648167	0.640	370.000000
7.658833	0.640	585.000000
7.669500	0.640	3,291.000000
7.680167	0.640	7,337.000000
7.690833	0.640	9,226.000000
7.701500	0.640	4,970.000000
7.712167	0.640	-2,434.000000
7.722833	0.640	-5,146.000000
7.733500	0.640	-3,799.000000
7.744167	0.640	-3,329.000000
7.754833	0.640	-3,768.000000
7.765500	0.640	-4,633.000000
7.776167	0.640	-6,075.000000
7.786833	0.640	-6,627.000000
7.797500	0.640	-5,773.000000
7.808167	0.640	-4,608.000000
7.818833	0.640	-4,362.000000
7.829500	0.640	-6,052.000000
7.840167	0.640	-8,605.000000
7.850833	0.640	-8,334.000000
7.861500	0.640	-4,099.000000
7.872167	0.640	243.000000
7.882883	0.643	1,217.000000
7.893500	0.637	-777.000000
7.904167	0.640	-3,510.000000
7.914833	0.640	-5,903.000000
7.925500	0.640	-7,156.000000
7.936167	0.640	-4,201.000000
7.946833	0.640	2,134.000000
7.957500	0.640	3,923.000000
7.968167	0.640	-2,000.000000
7.978833	0.640	-8,058.000000
7.989500	0.640	-7,149.000000
8.000167	0.640	-2,593.000000
8.010833	0.640	-805.000000
8.021500	0.640	-1,965.000000
8.032167	0.640	-4,085.000000
8.042833	0.640	-7,155.000000
8.053500	0.640	-10,545.000000
8.064167	0.640	-11,868.000000
8.074833	0.640	-11,549.000000
8.085500	0.640	-12,273.000000
8.096167	0.640	-11,189.000000
8.106833	0.640	-5,138.000000
8.117500	0.640	509.000000
8.128167	0.640	824.000000
8.138833	0.640	-1,281.000000
8.149500	0.640	-2,009.000000
8.160167	0.640	-1,715.000000
8.170833	0.640	-2,595.000000
8.181500	0.640	-4,495.000000
8.192167	0.640	-5,956.000000
8.202833	0.640	-7,058.000000
8.213500	0.640	-5,017.000000
8.224167	0.640	1,958.000000
8.234833	0.640	6,731.000000
8.245500	0.640	5,550.000000
8.256167	0.640	4,900.000000
8.266833	0.640	6,016.000000
8.277500	0.640	2,892.000000
8.288167	0.640	-3,022.000000
8.298833	0.640	-4,823.000000
8.309500	0.640	-3,137.000000
8.320167	0.640	-3,771.000000
8.330833	0.640	-6,861.000000
8.341500	0.640	-7,449.000000
8.352167	0.640	-5,376.000000
8.362833	0.640	-4,615.000000
8.373500	0.640	-4,688.000000
8.384167	0.640	-4,204.000000
8.394833	0.640	-4,313.000000
8.405500	0.640	-3,499.000000
8.416167	0.640	-545.000000
8.426833	0.640	2,835.000000
8.437500	0.640	5,668.000000
8.448167	0.640	5,299.000000
8.458833	0.640	253.000000
8.469500	0.640	-4,441.000000
8.480167	0.640	-6,009.000000
8.490833	0.640	-6,213.000000
8.501500	0.640	-4,234.000000
8.512167	0.640	-1,418.000000
8.522833	0.640	-2,094.000000
8.533500	0.640	-5,314.000000
8.544167	0.640	-8,002.000000
8.554833	0.640	-8,948.000000
8.565500	0.640	-6,714.000000
8.576167	0.640	-2,289.000000
8.586833	0.640	1,044.000000
8.597500	0.640	1,853.000000
8.608167	0.640	-62.000000
8.618833	0.640	-3,744.000000
8.629500	0.640	-5,411.000000
8.640167	0.640	-4,869.000000
8.650833	0.640	-6,898.000000
8.661500	0.640	-8,551.000000
8.672167	0.640	-3,013.000000
8.682833	0.640	4,095.000000
8.693500	0.640	3,427.000000
8.704167	0.640	-2,244.000000
8.714833	0.640	-5,565.000000
8.725500	0.640	-6,080.000000
8.736167	0.640	-6,521.000000
8.746833	0.640	-5,251.000000
8.757500	0.640	-294.000000
8.768167	0.640	2,502.000000
8.778833	0.640	-1,753.000000
8.789500	0.640	-8,146.000000
8.800167	0.640	-10,798.000000
8.810833	0.640	-7,765.000000
8.821500	0.640	-823.000000
8.832167	0.640	3,458.000000
8.842833	0.640	2,011.000000
8.853500	0.640	-1,102.000000
8.864167	0.640	-3,045.000000
8.874833	0.640	-2,956.000000
8.885500	0.640	-1,130.000000
8.896167	0.640	-2,165.000000
8.906833	0.640	-7,647.000000
8.917500	0.640	-11,872.000000
8.928167	0.640	-11,226.000000
8.938833	0.640	-8,095.000000
8.949500	0.640	-6,326.000000
8.960167	0.640	-7,190.000000
8.970833	0.640	-7,380.000000
8.981500	0.640	-4,240.000000
8.992167	0.640	-1,006.000000
9.002833	0.640	-1,721.000000
9.013500	0.640	-5,084.000000
9.024167	0.640	-6,975.000000
9.034833	0.640	-7,690.000000
9.045500	0.640	-10,064.000000
9.056167	0.640	-11,666.000000
9.066833	0.640	-8,624.000000
9.077500	0.640	-3,916.000000
9.088167	0.640	-2,843.000000
9.098833	0.640	-4,972.000000
9.109500	0.640	-6,981.000000
9.120167	0.640	-6,045.000000
9.130833	0.640	-758.000000
9.141500	0.640	5,512.000000
9.152167	0.640	7,870.000000
9.162833	0.640	5,357.000000
9.173500	0.640	1,272.000000
9.184217	0.643	-97.000000
9.194833	0.637	939.000000
9.205500	0.640	1,062.000000
9.216167	0.640	1,612.000000
9.226833	0.640	6,475.000000
9.237500	0.640	12,083.000000
9.248167	0.640	10,157.000000
9.258833	0.640	1,984.000000
9.269500	0.640	-2,555.000000
9.280167	0.640	534.000000
9.290833	0.640	7,151.000000
9.301500	0.640	12,026.000000
9.312167	0.640	11,985.000000
9.322833	0.640	8,374.000000
9.333500	0.640	6,586.000000
9.344167	0.640	9,760.000000
9.354833	0.640	13,645.000000
9.365500	0.640	12,077.000000
9.376167	0.640	7,675.000000
9.386833	0.640	6,756.000000
9.397500	0.640	7,577.000000
9.408167	0.640	7,200.000000
9.418833	0.640	8,456.000000
9.429500	0.640	11,940.000000
9.440167	0.640	14,337.000000
9.450833	0.640	15,247.000000
9.461500	0.640	15,888.000000
9.472167	0.640	14,666.000000
9.482833	0.640	12,273.000000
9.493500	0.640	13,503.000000
9.504167	0.640	18,888.000000
9.514833	0.640	22,592.000000
9.525500	0.640	18,144.000000
9.536167	0.640	7,026.000000
9.546833	0.640	46.000000
9.557500	0.640	2,363.000000
9.568167	0.640	8,930.000000
9.578833	0.640	16,082.000000
9.589500	0.640	22,007.000000
9.600167	0.640	22,563.000000
9.610833	0.640	16,012.000000
9.621500	0.640	9,084.000000
9.632167	0.640	9,272.000000
9.642833	0.640	11,816.000000
9.653500	0.640	11,008.000000
9.664167	0.640	11,315.000000
9.674833	0.640	14,609.000000
9.685500	0.640	17,235.000000
9.696167	0.640	17,295.000000
9.706833	0.640	14,986.000000
9.717500	0.640	13,806.000000
9.728167	0.640	17,854.000000
9.738833	0.640	25,754.000000
9.749500	0.640	31,872.000000
9.760167	0.640	32,335.000000
9.770833	0.640	28,545.000000
9.781500	0.640	24,604.000000
9.792167	0.640	23,440.000000
9.802833	0.640	24,755.000000
9.813500	0.640	24,769.000000
9.824167	0.640	22,131.000000
9.834883	0.643	21,268.000000
9.845500	0.637	24,888.000000
9.856167	0.640	30,643.000000
9.866833	0.640	35,494.000000
9.877500	0.640	36,130.000000
9.888167	0.640	31,612.000000
9.898833	0.640	25,967.000000
9.909500	0.640	22,717.000000
9.920167	0.640	24,128.000000
9.930833	0.640	30,383.000000
9.941500	0.640	35,089.000000
9.952167	0.640	33,864.000000
9.962833	0.640	30,510.000000
9.973500	0.640	28,079.000000
9.984167	0.640	27,107.000000
9.994833	0.640	28,959.000000
10.005500	0.640	32,953.000000
10.016167	0.640	37,914.000000
10.026833	0.640	43,566.000000
10.037500	0.640	47,652.000000
10.048167	0.640	47,181.000000
10.058833	0.640	42,858.000000
10.069500	0.640	40,098.000000
10.080167	0.640	40,764.000000
10.090833	0.640	40,767.000000
10.101500	0.640	39,967.000000
10.112167	0.640	40,713.000000
10.122833	0.640	40,591.000000
10.133500	0.640	38,738.000000
10.144167	0.640	39,998.000000
10.154833	0.640	46,338.000000
10.165500	0.640	52,271.000000
10.176167	0.640	53,888.000000
10.186833	0.640	55,275.000000
10.197500	0.640	58,242.000000
10.208167	0.640	57,296.000000
10.218833	0.640	52,591.000000
10.229500	0.640	51,076.000000
10.240167	0.640	53,475.000000
10.250833	0.640	55,343.000000
10.261500	0.640	55,880.000000
10.272167	0.640	57,451.000000
10.282833	0.640	61,254.000000
10.293500	0.640	64,919.000000
10.304167	0.640	64,954.000000
10.314833	0.640	64,153.000000
10.325500	0.640	67,479.000000
10.336167	0.640	71,925.000000
10.346833	0.640	74,024.000000
10.357500	0.640	75,792.000000
10.368167	0.640	76,200.000000
10.378833	0.640	72,978.000000
10.389500	0.640	70,713.000000
10.400167	0.640	73,768.000000
10.410833	0.640	77,641.000000
10.421500	0.640	77,408.000000
10.432167	0.640	75,407.000000
10.442833	0.640	74,241.000000
10.453500	0.640	73,284.000000
10.464167	0.640	73,800.000000
10.474833	0.640	78,471.000000
10.485500	0.640	85,733.000000
10.496167	0.640	89,929.000000
10.506833	0.640	88,855.000000
10.517500	0.640	86,385.000000
10.528167	0.640	86,304.000000
10.538833	0.640	89,196.000000
10.549500	0.640	91,778.000000
10.560167	0.640	90,078.000000
10.570833	0.640	87,596.000000
10.581500	0.640	89,262.000000
10.592167	0.640	92,752.000000
10.602833	0.640	96,314.000000
10.613500	0.640	100,855.000000
10.624167	0.640	103,297.000000
10.634833	0.640	101,265.000000
10.645500	0.640	97,905.000000
10.656167	0.640	96,687.000000
10.666833	0.640	100,194.000000
10.677500	0.640	109,239.000000
10.688167	0.640	117,734.000000
10.698833	0.640	118,314.000000
10.709500	0.640	113,653.000000
10.720167	0.640	112,228.000000
10.730833	0.640	114,572.000000
10.741500	0.640	115,088.000000
10.752167	0.640	114,744.000000
10.762833	0.640	118,540.000000
10.773500	0.640	124,410.000000
10.784167	0.640	127,566.000000
10.794833	0.640	128,231.000000
10.805500	0.640	128,154.000000
10.816167	0.640	128,695.000000
10.826833	0.640	130,732.000000
10.837500	0.640	132,256.000000
10.848167	0.640	132,406.000000
10.858833	0.640	133,924.000000
10.869500	0.640	135,744.000000
10.880167	0.640	134,632.000000
10.890833	0.640	134,319.000000
10.901500	0.640	138,273.000000
10.912167	0.640	140,568.000000
10.922833	0.640	137,710.000000
10.933500	0.640	138,993.000000
10.944167	0.640	150,815.000000
10.954833	0.640	162,013.000000
10.965500	0.640	160,987.000000
10.976167	0.640	154,485.000000
10.986833	0.640	153,741.000000
10.997500	0.640	157,439.000000
11.008167	0.640	160,822.000000
11.018833	0.640	163,786.000000
11.029500	0.640	164,826.000000
11.040167	0.640	164,084.000000
11.050833	0.640	166,145.000000
11.061500	0.640	171,625.000000
11.072167	0.640	176,589.000000
11.082833	0.640	177,917.000000
11.093500	0.640	177,052.000000
11.104167	0.640	179,002.000000
11.114833	0.640	183,682.000000
11.125500	0.640	186,099.000000
11.136167	0.640	185,021.000000
11.146833	0.640	184,088.000000
11.157500	0.640	186,215.000000
11.168167	0.640	189,149.000000
11.178833	0.640	189,569.000000
11.189500	0.640	189,654.000000
11.200167	0.640	193,735.000000
11.210833	0.640	200,799.000000
11.221500	0.640	204,607.000000
11.232167	0.640	202,602.000000
11.242833	0.640	200,197.000000
11.253500	0.640	201,018.000000
11.264167	0.640	203,770.000000
11.274833	0.640	209,670.000000
11.285500	0.640	216,839.000000
11.296167	0.640	220,040.000000
11.306833	0.640	222,258.000000
11.317500	0.640	225,557.000000
11.328167	0.640	223,138.000000
11.338833	0.640	215,190.000000
11.349500	0.640	212,514.000000
11.360167	0.640	219,638.000000
11.370833	0.640	228,030.000000
11.381500	0.640	229,666.000000
11.392167	0.640	229,714.000000
11.402833	0.640	235,175.000000
11.413500	0.640	242,295.000000
11.424167	0.640	246,954.000000
11.434833	0.640	251,005.000000
11.445500	0.640	255,135.000000
11.456167	0.640	256,709.000000
11.466833	0.640	253,885.000000
11.477500	0.640	249,403.000000
11.488167	0.640	248,582.000000
11.498833	0.640	253,264.000000
11.509500	0.640	260,255.000000
11.520167	0.640	264,682.000000
11.530833	0.640	263,706.000000
11.541500	0.640	259,892.000000
11.552167	0.640	260,330.000000
11.562833	0.640	267,660.000000
11.573500	0.640	275,202.000000
11.584167	0.640	276,505.000000
11.594833	0.640	273,783.000000
11.605500	0.640	274,255.000000
11.616167	0.640	279,974.000000
11.626833	0.640	282,816.000000
11.637500	0.640	278,443.000000
11.648167	0.640	276,482.000000
11.658833	0.640	284,697.000000
11.669500	0.640	297,236.000000
11.680167	0.640	303,664.000000
11.690833	0.640	302,217.000000
11.701500	0.640	300,765.000000
11.712167	0.640	303,444.000000
11.722833	0.640	307,195.000000
11.733500	0.640	310,621.000000
11.744167	0.640	313,305.000000
11.754833	0.640	313,264.000000
11.765500	0.640	311,582.000000
11.776167	0.640	312,450.000000
11.786833	0.640	316,821.000000
11.797500	0.640	321,701.000000
11.808167	0.640	325,761.000000
11.818833	0.640	330,111.000000
11.829500	0.640	335,105.000000
11.840167	0.640	338,823.000000
11.850833	0.640	339,142.000000
11.861500	0.640	338,740.000000
11.872167	0.640	341,731.000000
11.882833	0.640	344,956.000000
11.893500	0.640	344,876.000000
11.904167	0.640	346,504.000000
11.914833	0.640	351,664.000000
11.925500	0.640	353,737.000000
11.936167	0.640	351,765.000000
11.946833	0.640	353,139.000000
11.957500	0.640	360,333.000000
11.968167	0.640	366,161.000000
11.978833	0.640	365,678.000000
11.989500	0.640	364,033.000000
12.000167	0.640	367,243.000000
12.010833	0.640	372,913.000000
12.021500	0.640	376,015.000000
12.032167	0.640	377,914.000000
12.042833	0.640	381,138.000000
12.053500	0.640	383,806.000000
12.064167	0.640	385,605.000000
12.074833	0.640	388,414.000000
12.085500	0.640	390,906.000000
12.096167	0.640	389,909.000000
12.106833	0.640	386,415.000000
12.117500	0.640	386,603.000000
12.128167	0.640	393,188.000000
12.138833	0.640	400,312.000000
12.149500	0.640	403,265.000000
12.160167	0.640	404,127.000000
12.170833	0.640	405,621.000000
12.181500	0.640	409,590.000000
12.192167	0.640	415,949.000000
12.202833	0.640	419,353.000000
12.213500	0.640	415,792.000000
12.224167	0.640	410,171.000000
12.234833	0.640	410,539.000000
12.245500	0.640	417,495.000000
12.256167	0.640	423,589.000000
12.266833	0.640	423,783.000000
12.277500	0.640	422,670.000000
12.288167	0.640	426,864.000000
12.298833	0.640	435,382.000000
12.309500	0.640	441,360.000000
12.320167	0.640	440,500.000000
12.330833	0.640	437,265.000000
12.341500	0.640	437,788.000000
12.352167	0.640	439,908.000000
12.362833	0.640	440,736.000000
12.373500	0.640	443,796.000000
12.384167	0.640	449,966.000000
12.394833	0.640	456,320.000000
12.405500	0.640	462,419.000000
12.416167	0.640	464,848.000000
12.426833	0.640	459,947.000000
12.437500	0.640	455,232.000000
12.448167	0.640	459,143.000000
12.458833	0.640	465,898.000000
12.469500	0.640	465,937.000000
12.480167	0.640	460,689.000000
12.490833	0.640	457,138.000000
12.501500	0.640	457,984.000000
12.512167	0.640	461,829.000000
12.522833	0.640	466,908.000000
12.533500	0.640	471,234.000000
12.544167	0.640	472,909.000000
12.554833	0.640	473,418.000000
12.565500	0.640	475,204.000000
12.576167	0.640	477,632.000000
12.586833	0.640	479,959.000000
12.597500	0.640	481,248.000000
12.608167	0.640	479,551.000000
12.618833	0.640	477,206.000000
12.629500	0.640	478,022.000000
12.640167	0.640	480,487.000000
12.650833	0.640	482,588.000000
12.661500	0.640	486,165.000000
12.672167	0.640	490,718.000000
12.682833	0.640	491,280.000000
12.693500	0.640	487,541.000000
12.704167	0.640	486,099.000000
12.714833	0.640	489,602.000000
12.725500	0.640	492,940.000000
12.736167	0.640	491,667.000000
12.746833	0.640	488,383.000000
12.757500	0.640	488,009.000000
12.768167	0.640	489,935.000000
12.778833	0.640	490,672.000000
12.789500	0.640	489,627.000000
12.800167	0.640	489,005.000000
12.810833	0.640	491,091.000000
12.821500	0.640	495,555.000000
12.832167	0.640	499,316.000000
12.842833	0.640	498,796.000000
12.853550	0.643	495,725.000000
12.864167	0.637	497,479.000000
12.874833	0.640	504,397.000000
12.885500	0.640	506,983.000000
12.896167	0.640	501,225.000000
12.906833	0.640	494,987.000000
12.917500	0.640	495,467.000000
12.928167	0.640	498,684.000000
12.938833	0.640	497,238.000000
12.949500	0.640	493,645.000000
12.960167	0.640	496,289.000000
12.970833	0.640	503,522.000000
12.981500	0.640	506,689.000000
12.992167	0.640	507,109.000000
13.002833	0.640	510,392.000000
13.013500	0.640	512,903.000000
13.024167	0.640	510,222.000000
13.034833	0.640	503,657.000000
13.045500	0.640	496,395.000000
13.056167	0.640	493,884.000000
13.066833	0.640	496,720.000000
13.077500	0.640	497,961.000000
13.088167	0.640	495,798.000000
13.098833	0.640	494,238.000000
13.109500	0.640	494,956.000000
13.120167	0.640	497,013.000000
13.130833	0.640	497,327.000000
13.141500	0.640	493,310.000000
13.152167	0.640	487,966.000000
13.162833	0.640	485,847.000000
13.173500	0.640	485,684.000000
13.184167	0.640	484,383.000000
13.194833	0.640	483,201.000000
13.205500	0.640	484,641.000000
13.216167	0.640	488,612.000000
13.226833	0.640	492,831.000000
13.237500	0.640	494,297.000000
13.248167	0.640	490,782.000000
13.258833	0.640	483,693.000000
13.269500	0.640	479,690.000000
13.280167	0.640	482,225.000000
13.290833	0.640	485,541.000000
13.301500	0.640	484,865.000000
13.312167	0.640	481,644.000000
13.322833	0.640	478,192.000000
13.333500	0.640	476,227.000000
13.344167	0.640	476,425.000000
13.354833	0.640	479,276.000000
13.365500	0.640	484,715.000000
13.376167	0.640	487,521.000000
13.386833	0.640	482,831.000000
13.397500	0.640	474,789.000000
13.408167	0.640	470,311.000000
13.418833	0.640	470,299.000000
13.429500	0.640	470,997.000000
13.440167	0.640	470,322.000000
13.450833	0.640	468,655.000000
13.461500	0.640	464,025.000000
13.472167	0.640	457,453.000000
13.482833	0.640	457,576.000000
13.493500	0.640	465,437.000000
13.504167	0.640	468,318.000000
13.514833	0.640	461,046.000000
13.525500	0.640	455,368.000000
13.536167	0.640	458,770.000000
13.546833	0.640	464,097.000000
13.557500	0.640	465,083.000000
13.568167	0.640	464,213.000000
13.578833	0.640	465,644.000000
13.589500	0.640	470,582.000000
13.600167	0.640	479,498.000000
13.610833	0.640	493,361.000000
13.621500	0.640	511,093.000000
13.632167	0.640	531,695.000000
13.642833	0.640	558,082.000000
13.653500	0.640	593,936.000000
13.664167	0.640	639,739.000000
13.674833	0.640	696,291.000000
13.685500	0.640	765,877.000000
13.696167	0.640	845,592.000000
13.706833	0.640	931,029.000000
13.717500	0.640	1,020,530.000000
13.728167	0.640	1,107,015.000000
13.738883	0.643	1,182,699.000000
13.749500	0.637	1,243,393.000000
13.760167	0.640	1,277,151.000000
13.770833	0.640	1,272,292.000000
13.781500	0.640	1,233,235.000000
13.792167	0.640	1,170,974.000000
13.802833	0.640	1,089,879.000000
13.813500	0.640	991,245.000000
13.824167	0.640	882,675.000000
13.834833	0.640	778,816.000000
13.845500	0.640	691,695.000000
13.856167	0.640	621,646.000000
13.866833	0.640	561,932.000000
13.877500	0.640	512,469.000000
13.888167	0.640	478,039.000000
13.898833	0.640	456,740.000000
13.909500	0.640	442,455.000000
13.920167	0.640	431,599.000000
13.930833	0.640	423,473.000000
13.941500	0.640	418,160.000000
13.952167	0.640	414,869.000000
13.962833	0.640	412,365.000000
13.973500	0.640	409,410.000000
13.984167	0.640	406,833.000000
13.994833	0.640	407,431.000000
14.005500	0.640	410,863.000000
14.016167	0.640	413,516.000000
14.026833	0.640	411,537.000000
14.037500	0.640	403,328.000000
14.048167	0.640	393,278.000000
14.058833	0.640	387,470.000000
14.069500	0.640	385,539.000000
14.080167	0.640	383,633.000000
14.090833	0.640	381,060.000000
14.101500	0.640	379,797.000000
14.112167	0.640	380,856.000000
14.122833	0.640	381,937.000000
14.133500	0.640	381,065.000000
14.144167	0.640	380,024.000000
14.154833	0.640	379,320.000000
14.165500	0.640	377,589.000000
14.176167	0.640	375,233.000000
14.186833	0.640	372,673.000000
14.197500	0.640	369,595.000000
14.208167	0.640	366,820.000000
14.218833	0.640	366,281.000000
14.229500	0.640	366,697.000000
14.240167	0.640	363,964.000000
14.250833	0.640	359,902.000000
14.261500	0.640	360,117.000000
14.272167	0.640	363,155.000000
14.282833	0.640	363,474.000000
14.293500	0.640	360,324.000000
14.304167	0.640	356,585.000000
14.314833	0.640	353,576.000000
14.325500	0.640	350,500.000000
14.336167	0.640	347,523.000000
14.346833	0.640	345,674.000000
14.357500	0.640	344,533.000000
14.368167	0.640	342,492.000000
14.378833	0.640	338,617.000000
14.389500	0.640	333,853.000000
14.400167	0.640	329,234.000000
14.410833	0.640	325,026.000000
14.421500	0.640	322,015.000000
14.432167	0.640	320,094.000000
14.442833	0.640	317,529.000000
14.453500	0.640	313,598.000000
14.464167	0.640	310,890.000000
14.474833	0.640	311,731.000000
14.485500	0.640	312,462.000000
14.496167	0.640	309,534.000000
14.506833	0.640	306,108.000000
14.517500	0.640	304,374.000000
14.528167	0.640	302,361.000000
14.538833	0.640	299,152.000000
14.549500	0.640	295,622.000000
14.560167	0.640	293,332.000000
14.570833	0.640	291,164.000000
14.581500	0.640	286,111.000000
14.592167	0.640	282,464.000000
14.602833	0.640	286,916.000000
14.613500	0.640	293,061.000000
14.624167	0.640	289,950.000000
14.634833	0.640	281,003.000000
14.645500	0.640	275,835.000000
14.656167	0.640	275,056.000000
14.666833	0.640	274,740.000000
14.677500	0.640	273,566.000000
14.688167	0.640	270,711.000000
14.698833	0.640	264,044.000000
14.709500	0.640	255,719.000000
14.720167	0.640	253,192.000000
14.730833	0.640	255,871.000000
14.741500	0.640	253,450.000000
14.752167	0.640	244,707.000000
14.762833	0.640	239,037.000000
14.773500	0.640	239,248.000000
14.784167	0.640	240,598.000000
14.794833	0.640	240,162.000000
14.805500	0.640	236,946.000000
14.816167	0.640	231,612.000000
14.826833	0.640	227,096.000000
14.837500	0.640	223,535.000000
14.848167	0.640	218,275.000000
14.858833	0.640	213,191.000000
14.869500	0.640	214,016.000000
14.880167	0.640	218,792.000000
14.890833	0.640	215,974.000000
14.901500	0.640	201,862.000000
14.912167	0.640	189,431.000000
14.922833	0.640	189,645.000000
14.933500	0.640	194,820.000000
14.944167	0.640	193,136.000000
14.954833	0.640	187,403.000000
14.965500	0.640	184,710.000000
14.976167	0.640	182,491.000000
14.986833	0.640	177,917.000000
14.997500	0.640	176,104.000000
15.008167	0.640	178,006.000000
15.018833	0.640	175,254.000000
15.029500	0.640	165,978.000000
15.040167	0.640	159,067.000000
15.050833	0.640	159,734.000000
15.061500	0.640	163,235.000000
15.072167	0.640	161,347.000000
15.082833	0.640	152,321.000000
15.093500	0.640	142,357.000000
15.104167	0.640	135,769.000000
15.114833	0.640	132,859.000000
15.125500	0.640	135,255.000000
15.136167	0.640	141,207.000000
15.146833	0.640	141,929.000000
15.157500	0.640	132,567.000000
15.168167	0.640	121,016.000000
15.178833	0.640	117,644.000000
15.189500	0.640	120,992.000000
15.200167	0.640	121,690.000000
15.210833	0.640	115,807.000000
15.221500	0.640	109,166.000000
15.232167	0.640	108,961.000000
15.242833	0.640	113,050.000000
15.253500	0.640	113,742.000000
15.264167	0.640	109,057.000000
15.274833	0.640	102,672.000000
15.285500	0.640	98,171.000000
15.296167	0.640	96,747.000000
15.306833	0.640	95,180.000000
15.317500	0.640	89,480.000000
15.328167	0.640	84,147.000000
15.338833	0.640	86,381.000000
15.349500	0.640	92,709.000000
15.360167	0.640	95,761.000000
15.370833	0.640	95,605.000000
15.381500	0.640	96,195.000000
15.392167	0.640	98,901.000000
15.402833	0.640	102,404.000000
15.413500	0.640	106,587.000000
15.424167	0.640	110,895.000000
15.434833	0.640	112,497.000000
15.445500	0.640	110,770.000000
15.456167	0.640	106,649.000000
15.466833	0.640	99,478.000000
15.477500	0.640	88,275.000000
15.488167	0.640	77,325.000000
15.498833	0.640	74,190.000000
15.509500	0.640	76,406.000000
15.520167	0.640	74,804.000000
15.530833	0.640	67,726.000000
15.541500	0.640	59,648.000000
15.552167	0.640	53,350.000000
15.562833	0.640	48,167.000000
15.573500	0.640	44,447.000000
15.584167	0.640	45,585.000000
15.594833	0.640	51,469.000000
15.605500	0.640	58,246.000000
15.616167	0.640	67,191.000000
15.626833	0.640	81,426.000000
15.637500	0.640	97,415.000000
15.648167	0.640	111,399.000000
15.658833	0.640	126,508.000000
15.669500	0.640	148,511.000000
15.680167	0.640	179,004.000000
15.690833	0.640	211,199.000000
15.701500	0.640	234,754.000000
15.712167	0.640	245,328.000000
15.722833	0.640	246,208.000000
15.733500	0.640	240,479.000000
15.744167	0.640	223,830.000000
15.754833	0.640	194,483.000000
15.765500	0.640	161,469.000000
15.776167	0.640	131,886.000000
15.786833	0.640	105,460.000000
15.797500	0.640	82,297.000000
15.808167	0.640	63,878.000000
15.818833	0.640	49,759.000000
15.829500	0.640	38,104.000000
15.840167	0.640	29,021.000000
15.850833	0.640	24,078.000000
15.861500	0.640	22,147.000000
15.872167	0.640	20,298.000000
15.882833	0.640	19,081.000000
15.893500	0.640	21,609.000000
15.904167	0.640	26,839.000000
15.914833	0.640	30,187.000000
15.925500	0.640	29,519.000000
15.936167	0.640	26,346.000000
15.946833	0.640	24,076.000000
15.957500	0.640	23,934.000000
15.968167	0.640	23,644.000000
15.978833	0.640	22,592.000000
15.989500	0.640	22,107.000000
16.000167	0.640	22,421.000000
16.010833	0.640	23,147.000000
16.021500	0.640	23,826.000000
16.032167	0.640	24,527.000000
16.042833	0.640	24,559.000000
16.053500	0.640	22,891.000000
16.064167	0.640	20,800.000000
16.074833	0.640	18,941.000000
16.085500	0.640	17,647.000000
16.096167	0.640	20,506.000000
16.106833	0.640	27,338.000000
16.117500	0.640	31,702.000000
16.128167	0.640	31,642.000000
16.138833	0.640	30,378.000000
16.149500	0.640	29,411.000000
16.160167	0.640	27,866.000000
16.170833	0.640	24,963.000000
16.181500	0.640	23,404.000000
16.192167	0.640	25,321.000000
16.202833	0.640	26,669.000000
16.213500	0.640	25,956.000000
16.224167	0.640	28,826.000000
16.234833	0.640	34,419.000000
16.245500	0.640	35,541.000000
16.256167	0.640	33,589.000000
16.266833	0.640	33,213.000000
16.277500	0.640	33,127.000000
16.288167	0.640	31,208.000000
16.298833	0.640	28,191.000000
16.309500	0.640	26,745.000000
16.320167	0.640	27,282.000000
16.330833	0.640	27,494.000000
16.341500	0.640	27,638.000000
16.352167	0.640	28,781.000000
16.362833	0.640	28,821.000000
16.373500	0.640	27,820.000000
16.384167	0.640	29,404.000000
16.394833	0.640	32,170.000000
16.405500	0.640	31,351.000000
16.416167	0.640	27,135.000000
16.426833	0.640	24,731.000000
16.437500	0.640	28,762.000000
16.448167	0.640	35,669.000000
16.458833	0.640	38,361.000000
16.469500	0.640	37,241.000000
16.480167	0.640	35,008.000000
16.490833	0.640	30,894.000000
16.501500	0.640	26,641.000000
16.512167	0.640	24,954.000000
16.522833	0.640	24,476.000000
16.533500	0.640	24,176.000000
16.544167	0.640	24,531.000000
16.554833	0.640	25,489.000000
16.565500	0.640	26,942.000000
16.576167	0.640	28,842.000000
16.586833	0.640	31,438.000000
16.597500	0.640	32,263.000000
16.608167	0.640	28,373.000000
16.618833	0.640	23,545.000000
16.629500	0.640	22,567.000000
16.640167	0.640	23,132.000000
16.650833	0.640	21,422.000000
16.661500	0.640	19,029.000000
16.672167	0.640	20,333.000000
16.682833	0.640	24,038.000000
16.693500	0.640	23,063.000000
16.704167	0.640	17,574.000000
16.714833	0.640	16,774.000000
16.725500	0.640	22,654.000000
16.736167	0.640	26,977.000000
16.746833	0.640	26,206.000000
16.757500	0.640	23,337.000000
16.768167	0.640	19,404.000000
16.778833	0.640	15,564.000000
16.789500	0.640	15,594.000000
16.800167	0.640	20,933.000000
16.810833	0.640	26,432.000000
16.821500	0.640	25,415.000000
16.832167	0.640	20,392.000000
16.842833	0.640	18,028.000000
16.853500	0.640	17,980.000000
16.864167	0.640	19,327.000000
16.874833	0.640	23,412.000000
16.885500	0.640	26,249.000000
16.896167	0.640	24,687.000000
16.906833	0.640	23,808.000000
16.917500	0.640	25,941.000000
16.928167	0.640	25,077.000000
16.938833	0.640	19,532.000000
16.949500	0.640	16,643.000000
16.960167	0.640	20,914.000000
16.970833	0.640	25,859.000000
16.981500	0.640	23,933.000000
16.992167	0.640	18,723.000000
17.002833	0.640	18,508.000000
17.013500	0.640	24,537.000000
17.024167	0.640	30,215.000000
17.034833	0.640	29,154.000000
17.045500	0.640	23,233.000000
17.056167	0.640	20,474.000000
17.066833	0.640	24,874.000000
17.077500	0.640	31,374.000000
17.088167	0.640	34,665.000000
17.098833	0.640	37,152.000000
17.109500	0.640	39,982.000000
17.120167	0.640	37,248.000000
17.130833	0.640	29,105.000000
17.141500	0.640	25,130.000000
17.152167	0.640	28,423.000000
17.162833	0.640	32,967.000000
17.173500	0.640	34,147.000000
17.184167	0.640	32,725.000000
17.194833	0.640	32,522.000000
17.205500	0.640	34,000.000000
17.216167	0.640	36,322.000000
17.226833	0.640	42,451.000000
17.237500	0.640	49,341.000000
17.248167	0.640	50,030.000000
17.258833	0.640	49,027.000000
17.269500	0.640	52,007.000000
17.280167	0.640	53,666.000000
17.290833	0.640	51,219.000000
17.301500	0.640	50,326.000000
17.312167	0.640	54,425.000000
17.322833	0.640	60,176.000000
17.333500	0.640	63,346.000000
17.344167	0.640	63,520.000000
17.354833	0.640	62,797.000000
17.365500	0.640	63,135.000000
17.376167	0.640	63,046.000000
17.386833	0.640	59,657.000000
17.397500	0.640	54,659.000000
17.408167	0.640	51,487.000000
17.418833	0.640	51,941.000000
17.429500	0.640	56,632.000000
17.440167	0.640	61,874.000000
17.450833	0.640	62,986.000000
17.461500	0.640	60,845.000000
17.472167	0.640	58,310.000000
17.482833	0.640	55,997.000000
17.493500	0.640	54,469.000000
17.504167	0.640	54,689.000000
17.514833	0.640	56,438.000000
17.525500	0.640	60,076.000000
17.536167	0.640	64,387.000000
17.546833	0.640	64,284.000000
17.557500	0.640	58,942.000000
17.568167	0.640	53,318.000000
17.578833	0.640	49,600.000000
17.589500	0.640	46,996.000000
17.600167	0.640	46,749.000000
17.610833	0.640	50,803.000000
17.621500	0.640	56,587.000000
17.632167	0.640	59,428.000000
17.642833	0.640	58,340.000000
17.653500	0.640	54,232.000000
17.664167	0.640	50,569.000000
17.674833	0.640	53,031.000000
17.685500	0.640	59,549.000000
17.696167	0.640	62,472.000000
17.706833	0.640	61,315.000000
17.717500	0.640	60,710.000000
17.728167	0.640	61,728.000000
17.738833	0.640	61,435.000000
17.749500	0.640	57,957.000000
17.760167	0.640	55,366.000000
17.770833	0.640	59,057.000000
17.781500	0.640	67,226.000000
17.792167	0.640	73,098.000000
17.802833	0.640	72,630.000000
17.813500	0.640	68,038.000000
17.824167	0.640	64,377.000000
17.834833	0.640	63,184.000000
17.845500	0.640	62,485.000000
17.856167	0.640	62,037.000000
17.866833	0.640	63,146.000000
17.877500	0.640	63,602.000000
17.888167	0.640	60,510.000000
17.898833	0.640	55,455.000000
17.909500	0.640	51,096.000000
17.920167	0.640	49,804.000000
17.930833	0.640	52,493.000000
17.941500	0.640	53,751.000000
17.952167	0.640	50,117.000000
17.962833	0.640	47,856.000000
17.973500	0.640	50,048.000000
17.984167	0.640	51,131.000000
17.994833	0.640	50,697.000000
18.005500	0.640	53,722.000000
18.016167	0.640	58,409.000000
18.026833	0.640	60,487.000000
18.037500	0.640	61,258.000000
18.048167	0.640	60,580.000000
18.058833	0.640	54,233.000000
18.069500	0.640	45,029.000000
18.080167	0.640	41,126.000000
18.090833	0.640	41,824.000000
18.101500	0.640	42,089.000000
18.112167	0.640	41,966.000000
18.122833	0.640	41,572.000000
18.133500	0.640	40,357.000000
18.144167	0.640	39,567.000000
18.154833	0.640	39,639.000000
18.165500	0.640	39,888.000000
18.176167	0.640	40,065.000000
18.186833	0.640	40,831.000000
18.197500	0.640	42,796.000000
18.208167	0.640	45,710.000000
18.218883	0.643	48,290.000000
18.229500	0.637	49,323.000000
18.240167	0.640	51,368.000000
18.250833	0.640	60,568.000000
18.261500	0.640	80,978.000000
18.272167	0.640	111,550.000000
18.282833	0.640	149,688.000000
18.293500	0.640	193,946.000000
18.304167	0.640	241,943.000000
18.314833	0.640	292,435.000000
18.325500	0.640	345,582.000000
18.336167	0.640	393,736.000000
18.346833	0.640	424,272.000000
18.357500	0.640	434,714.000000
18.368167	0.640	428,094.000000
18.378833	0.640	400,127.000000
18.389500	0.640	349,912.000000
18.400167	0.640	290,836.000000
18.410833	0.640	237,591.000000
18.421500	0.640	195,102.000000
18.432167	0.640	161,783.000000
18.442833	0.640	133,652.000000
18.453500	0.640	108,186.000000
18.464167	0.640	87,859.000000
18.474833	0.640	76,593.000000
18.485500	0.640	72,417.000000
18.496167	0.640	69,187.000000
18.506833	0.640	63,108.000000
18.517500	0.640	55,821.000000
18.528167	0.640	53,197.000000
18.538833	0.640	54,925.000000
18.549500	0.640	54,526.000000
18.560167	0.640	53,495.000000
18.570833	0.640	55,363.000000
18.581500	0.640	54,014.000000
18.592167	0.640	46,726.000000
18.602833	0.640	41,907.000000
18.613500	0.640	42,817.000000
18.624167	0.640	42,103.000000
18.634833	0.640	38,581.000000
18.645500	0.640	39,438.000000
18.656167	0.640	43,324.000000
18.666833	0.640	42,994.000000
18.677500	0.640	39,289.000000
18.688167	0.640	36,064.000000
18.698833	0.640	34,084.000000
18.709500	0.640	34,938.000000
18.720167	0.640	36,985.000000
18.730833	0.640	35,565.000000
18.741500	0.640	34,092.000000
18.752167	0.640	36,928.000000
18.762833	0.640	39,015.000000
18.773500	0.640	37,350.000000
18.784167	0.640	35,183.000000
18.794833	0.640	33,874.000000
18.805500	0.640	35,000.000000
18.816167	0.640	40,438.000000
18.826833	0.640	45,112.000000
18.837500	0.640	43,467.000000
18.848167	0.640	39,414.000000
18.858833	0.640	38,662.000000
18.869500	0.640	39,547.000000
18.880167	0.640	37,510.000000
18.890833	0.640	33,359.000000
18.901500	0.640	33,093.000000
18.912167	0.640	39,057.000000
18.922833	0.640	45,236.000000
18.933500	0.640	46,080.000000
18.944167	0.640	44,651.000000
18.954833	0.640	44,805.000000
18.965500	0.640	45,774.000000
18.976167	0.640	47,053.000000
18.986833	0.640	46,824.000000
18.997500	0.640	42,171.000000
19.008167	0.640	35,921.000000
19.018833	0.640	34,530.000000
19.029500	0.640	38,145.000000
19.040167	0.640	39,761.000000
19.050833	0.640	37,747.000000
19.061500	0.640	38,259.000000
19.072167	0.640	42,770.000000
19.082833	0.640	45,460.000000
19.093500	0.640	43,540.000000
19.104167	0.640	41,477.000000
19.114833	0.640	40,317.000000
19.125500	0.640	35,426.000000
19.136167	0.640	28,840.000000
19.146833	0.640	27,623.000000
19.157500	0.640	31,945.000000
19.168167	0.640	35,436.000000
19.178833	0.640	35,088.000000
19.189500	0.640	33,383.000000
19.200167	0.640	32,234.000000
19.210833	0.640	31,855.000000
19.221500	0.640	30,997.000000
19.232167	0.640	28,266.000000
19.242833	0.640	26,308.000000
19.253500	0.640	27,678.000000
19.264167	0.640	31,729.000000
19.274833	0.640	37,691.000000
19.285500	0.640	43,021.000000
19.296167	0.640	44,287.000000
19.306833	0.640	40,576.000000
19.317500	0.640	34,182.000000
19.328167	0.640	29,927.000000
19.338833	0.640	30,074.000000
19.349500	0.640	32,859.000000
19.360167	0.640	35,650.000000
19.370833	0.640	35,745.000000
19.381500	0.640	33,143.000000
19.392167	0.640	31,941.000000
19.402833	0.640	34,555.000000
19.413500	0.640	37,328.000000
19.424167	0.640	35,548.000000
19.434833	0.640	30,301.000000
19.445500	0.640	26,769.000000
19.456167	0.640	27,195.000000
19.466833	0.640	29,173.000000
19.477500	0.640	30,558.000000
19.488167	0.640	30,842.000000
19.498833	0.640	29,221.000000
19.509500	0.640	25,983.000000
19.520167	0.640	23,283.000000
19.530833	0.640	23,859.000000
19.541500	0.640	27,339.000000
19.552167	0.640	29,319.000000
19.562833	0.640	28,420.000000
19.573500	0.640	26,776.000000
19.584167	0.640	24,217.000000
19.594833	0.640	20,281.000000
19.605500	0.640	17,802.000000
19.616167	0.640	19,850.000000
19.626833	0.640	24,627.000000
19.637500	0.640	27,197.000000
19.648167	0.640	25,496.000000
19.658833	0.640	21,459.000000
19.669500	0.640	18,289.000000
19.680167	0.640	17,927.000000
19.690833	0.640	21,307.000000
19.701500	0.640	25,595.000000
19.712167	0.640	23,756.000000
19.722833	0.640	18,026.000000
19.733500	0.640	19,084.000000
19.744167	0.640	24,472.000000
19.754833	0.640	23,471.000000
19.765500	0.640	21,279.000000
19.776167	0.640	27,993.000000
19.786833	0.640	35,606.000000
19.797500	0.640	34,484.000000
19.808167	0.640	31,221.000000
19.818833	0.640	32,208.000000
19.829500	0.640	33,893.000000
19.840167	0.640	33,654.000000
19.850833	0.640	32,112.000000
19.861500	0.640	27,498.000000
19.872167	0.640	19,086.000000
19.882833	0.640	13,892.000000
19.893500	0.640	19,714.000000
19.904167	0.640	31,288.000000
19.914833	0.640	36,702.000000
19.925500	0.640	35,455.000000
19.936167	0.640	32,833.000000
19.946833	0.640	28,813.000000
19.957500	0.640	25,802.000000
19.968167	0.640	26,353.000000
19.978833	0.640	25,062.000000
19.989500	0.640	19,643.000000
20.000167	0.640	16,236.000000
20.010833	0.640	17,710.000000
20.021500	0.640	20,871.000000
20.032167	0.640	22,642.000000
20.042833	0.640	21,441.000000
20.053500	0.640	18,525.000000
20.064167	0.640	18,263.000000
20.074833	0.640	22,533.000000
20.085500	0.640	26,589.000000
20.096167	0.640	24,397.000000
20.106833	0.640	17,468.000000
20.117500	0.640	13,427.000000
20.128167	0.640	15,704.000000
20.138833	0.640	19,581.000000
20.149500	0.640	19,177.000000
20.160167	0.640	13,948.000000
20.170833	0.640	9,205.000000
20.181500	0.640	10,141.000000
20.192167	0.640	14,485.000000
20.202833	0.640	18,575.000000
20.213500	0.640	23,420.000000
20.224167	0.640	26,827.000000
20.234833	0.640	24,028.000000
20.245500	0.640	17,325.000000
20.256167	0.640	14,410.000000
20.266833	0.640	18,482.000000
20.277500	0.640	24,208.000000
20.288167	0.640	24,895.000000
20.298833	0.640	19,841.000000
20.309500	0.640	13,288.000000
20.320167	0.640	11,328.000000
20.330833	0.640	17,553.000000
20.341500	0.640	27,009.000000
20.352167	0.640	28,700.000000
20.362833	0.640	20,785.000000
20.373500	0.640	15,384.000000
20.384167	0.640	19,282.000000
20.394833	0.640	25,374.000000
20.405500	0.640	28,697.000000
20.416167	0.640	32,575.000000
20.426833	0.640	40,031.000000
20.437500	0.640	50,483.000000
20.448167	0.640	60,454.000000
20.458833	0.640	68,496.000000
20.469500	0.640	80,514.000000
20.480167	0.640	101,197.000000
20.490833	0.640	128,682.000000
20.501500	0.640	163,779.000000
20.512167	0.640	210,665.000000
20.522833	0.640	269,482.000000
20.533500	0.640	338,658.000000
20.544167	0.640	421,279.000000
20.554833	0.640	524,506.000000
20.565500	0.640	656,834.000000
20.576167	0.640	824,762.000000
20.586833	0.640	1,030,136.000000
20.597500	0.640	1,278,008.000000
20.608167	0.640	1,584,064.000000
20.618833	0.640	1,970,535.000000
20.629500	0.640	2,460,842.000000
20.640167	0.640	3,084,233.000000
20.650833	0.640	3,885,387.000000
20.661500	0.640	4,920,170.000000
20.672167	0.640	6,248,435.000000
20.682833	0.640	7,924,797.000000
20.693500	0.640	9,977,475.000000
20.704167	0.640	12,398,242.000000
20.714833	0.640	15,112,294.000000
20.725500	0.640	17,931,960.000000
20.736167	0.640	20,600,565.000000
20.746833	0.640	22,892,425.000000
20.757500	0.640	24,624,224.000000
20.768167	0.640	25,604,435.000000
20.778833	0.640	25,669,463.000000
20.789500	0.640	24,818,025.000000
20.800167	0.640	23,232,749.000000
20.810833	0.640	21,120,959.000000
20.821500	0.640	18,647,340.000000
20.832167	0.640	16,019,106.000000
20.842833	0.640	13,482,182.000000
20.853500	0.640	11,216,509.000000
20.864167	0.640	9,301,422.000000
20.874833	0.640	7,753,673.000000
20.885500	0.640	6,544,964.000000
20.896167	0.640	5,617,266.000000
20.906833	0.640	4,916,348.000000
20.917500	0.640	4,397,985.000000
20.928167	0.640	4,017,525.000000
20.938833	0.640	3,734,256.000000
20.949500	0.640	3,518,295.000000
20.960167	0.640	3,347,182.000000
20.970833	0.640	3,204,706.000000
20.981500	0.640	3,084,697.000000
20.992167	0.640	2,983,626.000000
21.002833	0.640	2,894,628.000000
21.013500	0.640	2,815,426.000000
21.024167	0.640	2,749,416.000000
21.034833	0.640	2,695,844.000000
21.045500	0.640	2,645,405.000000
21.056167	0.640	2,589,913.000000
21.066833	0.640	2,533,548.000000
21.077500	0.640	2,482,192.000000
21.088167	0.640	2,432,175.000000
21.098833	0.640	2,382,257.000000
21.109500	0.640	2,337,231.000000
21.120167	0.640	2,299,455.000000
21.130833	0.640	2,268,190.000000
21.141500	0.640	2,238,274.000000
21.152167	0.640	2,203,949.000000
21.162833	0.640	2,167,836.000000
21.173500	0.640	2,136,073.000000
21.184167	0.640	2,109,026.000000
21.194833	0.640	2,082,936.000000
21.205500	0.640	2,055,640.000000
21.216167	0.640	2,027,579.000000
21.226833	0.640	1,999,087.000000
21.237500	0.640	1,970,659.000000
21.248167	0.640	1,943,313.000000
21.258833	0.640	1,916,208.000000
21.269500	0.640	1,888,576.000000
21.280167	0.640	1,862,783.000000
21.290833	0.640	1,841,590.000000
21.301500	0.640	1,823,878.000000
21.312167	0.640	1,806,340.000000
21.322833	0.640	1,787,346.000000
21.333500	0.640	1,766,167.000000
21.344167	0.640	1,744,443.000000
21.354833	0.640	1,726,743.000000
21.365500	0.640	1,713,075.000000
21.376167	0.640	1,699,578.000000
21.386833	0.640	1,685,877.000000
21.397500	0.640	1,674,398.000000
21.408167	0.640	1,666,711.000000
21.418833	0.640	1,660,109.000000
21.429500	0.640	1,652,108.000000
21.440167	0.640	1,646,090.000000
21.450833	0.640	1,640,179.000000
21.461500	0.640	1,628,351.000000
21.472167	0.640	1,617,530.000000
21.482833	0.640	1,614,962.000000
21.493500	0.640	1,611,586.000000
21.504167	0.640	1,599,195.000000
21.514833	0.640	1,582,849.000000
21.525500	0.640	1,568,746.000000
21.536167	0.640	1,554,986.000000
21.546833	0.640	1,540,553.000000
21.557500	0.640	1,532,164.000000
21.568167	0.640	1,529,911.000000
21.578833	0.640	1,520,102.000000
21.589500	0.640	1,495,969.000000
21.600167	0.640	1,467,955.000000
21.610833	0.640	1,444,862.000000
21.621500	0.640	1,425,549.000000
21.632167	0.640	1,408,336.000000
21.642833	0.640	1,390,733.000000
21.653500	0.640	1,367,773.000000
21.664167	0.640	1,339,795.000000
21.674833	0.640	1,315,528.000000
21.685500	0.640	1,300,686.000000
21.696167	0.640	1,286,034.000000
21.706833	0.640	1,260,679.000000
21.717500	0.640	1,232,088.000000
21.728167	0.640	1,211,486.000000
21.738833	0.640	1,194,599.000000
21.749500	0.640	1,175,537.000000
21.760167	0.640	1,156,720.000000
21.770833	0.640	1,139,197.000000
21.781500	0.640	1,121,885.000000
21.792167	0.640	1,106,381.000000
21.802833	0.640	1,094,596.000000
21.813500	0.640	1,084,812.000000
21.824167	0.640	1,071,207.000000
21.834833	0.640	1,051,725.000000
21.845500	0.640	1,034,720.000000
21.856167	0.640	1,025,940.000000
21.866833	0.640	1,016,329.000000
21.877500	0.640	999,975.000000
21.888167	0.640	986,452.000000
21.898833	0.640	978,279.000000
21.909500	0.640	965,965.000000
21.920167	0.640	949,456.000000
21.930833	0.640	937,119.000000
21.941500	0.640	931,515.000000
21.952167	0.640	926,958.000000
21.962833	0.640	918,268.000000
21.973500	0.640	908,863.000000
21.984167	0.640	902,993.000000
21.994833	0.640	896,208.000000
22.005500	0.640	883,852.000000
22.016167	0.640	870,735.000000
22.026833	0.640	861,720.000000
22.037500	0.640	853,267.000000
22.048167	0.640	842,850.000000
22.058833	0.640	833,194.000000
22.069500	0.640	825,542.000000
22.080167	0.640	818,328.000000
22.090833	0.640	809,556.000000
22.101500	0.640	799,482.000000
22.112167	0.640	792,188.000000
22.122833	0.640	790,829.000000
22.133500	0.640	790,130.000000
22.144167	0.640	780,243.000000
22.154833	0.640	762,837.000000
22.165500	0.640	751,214.000000
22.176167	0.640	749,879.000000
22.186833	0.640	749,656.000000
22.197500	0.640	742,110.000000
22.208167	0.640	727,605.000000
22.218833	0.640	713,410.000000
22.229500	0.640	704,607.000000
22.240167	0.640	699,960.000000
22.250833	0.640	698,770.000000
22.261500	0.640	697,646.000000
22.272167	0.640	690,225.000000
22.282833	0.640	681,078.000000
22.293500	0.640	677,508.000000
22.304167	0.640	674,127.000000
22.314833	0.640	665,405.000000
22.325500	0.640	655,467.000000
22.336167	0.640	648,549.000000
22.346833	0.640	644,522.000000
22.357500	0.640	641,606.000000
22.368167	0.640	637,570.000000
22.378833	0.640	632,666.000000
22.389500	0.640	628,630.000000
22.400167	0.640	623,988.000000
22.410833	0.640	618,009.000000
22.421500	0.640	614,167.000000
22.432167	0.640	614,340.000000
22.442833	0.640	616,702.000000
22.453500	0.640	618,779.000000
22.464167	0.640	618,173.000000
22.474833	0.640	615,903.000000
22.485500	0.640	616,990.000000
22.496167	0.640	621,031.000000
22.506833	0.640	620,142.000000
22.517500	0.640	611,138.000000
22.528167	0.640	602,552.000000
22.538833	0.640	603,406.000000
22.549500	0.640	608,866.000000
22.560167	0.640	608,425.000000
22.570833	0.640	603,759.000000
22.581500	0.640	601,760.000000
22.592167	0.640	599,847.000000
22.602833	0.640	595,120.000000
22.613500	0.640	591,138.000000
22.624167	0.640	587,774.000000
22.634833	0.640	581,293.000000
22.645500	0.640	572,541.000000
22.656167	0.640	567,475.000000
22.666833	0.640	570,506.000000
22.677500	0.640	578,064.000000
22.688167	0.640	582,349.000000
22.698833	0.640	579,027.000000
22.709500	0.640	569,089.000000
22.720167	0.640	560,123.000000
22.730833	0.640	560,574.000000
22.741500	0.640	565,336.000000
22.752167	0.640	563,019.000000
22.762833	0.640	557,634.000000
22.773500	0.640	558,833.000000
22.784167	0.640	560,974.000000
22.794833	0.640	557,585.000000
22.805500	0.640	556,638.000000
22.816167	0.640	562,406.000000
22.826833	0.640	568,955.000000
22.837500	0.640	573,782.000000
22.848167	0.640	574,712.000000
22.858833	0.640	569,332.000000
22.869500	0.640	564,941.000000
22.880167	0.640	568,224.000000
22.890833	0.640	573,789.000000
22.901500	0.640	574,594.000000
22.912167	0.640	571,480.000000
22.922833	0.640	568,348.000000
22.933500	0.640	566,242.000000
22.944167	0.640	568,219.000000
22.954833	0.640	577,039.000000
22.965500	0.640	584,190.000000
22.976167	0.640	581,717.000000
22.986833	0.640	577,910.000000
22.997500	0.640	583,616.000000
23.008167	0.640	595,124.000000
23.018833	0.640	601,675.000000
23.029500	0.640	600,135.000000
23.040167	0.640	597,213.000000
23.050833	0.640	600,748.000000
23.061500	0.640	607,757.000000
23.072167	0.640	609,519.000000
23.082833	0.640	608,025.000000
23.093500	0.640	609,872.000000
23.104167	0.640	612,593.000000
23.114833	0.640	611,419.000000
23.125500	0.640	608,566.000000
23.136167	0.640	610,211.000000
23.146833	0.640	617,340.000000
23.157500	0.640	622,633.000000
23.168167	0.640	621,185.000000
23.178833	0.640	617,776.000000
23.189500	0.640	617,011.000000
23.200167	0.640	617,204.000000
23.210833	0.640	617,829.000000
23.221500	0.640	618,257.000000
23.232167	0.640	614,687.000000
23.242833	0.640	611,992.000000
23.253500	0.640	618,981.000000
23.264167	0.640	627,619.000000
23.274833	0.640	624,907.000000
23.285500	0.640	616,367.000000
23.296167	0.640	613,770.000000
23.306833	0.640	617,137.000000
23.317500	0.640	620,652.000000
23.328167	0.640	621,528.000000
23.338833	0.640	620,261.000000
23.349500	0.640	619,883.000000
23.360167	0.640	624,618.000000
23.370833	0.640	632,379.000000
23.381500	0.640	634,458.000000
23.392167	0.640	630,134.000000
23.402833	0.640	627,059.000000
23.413500	0.640	627,032.000000
23.424167	0.640	627,500.000000
23.434833	0.640	628,473.000000
23.445500	0.640	630,100.000000
23.456167	0.640	631,512.000000
23.466833	0.640	633,005.000000
23.477500	0.640	634,791.000000
23.488167	0.640	635,753.000000
23.498833	0.640	636,006.000000
23.509500	0.640	635,766.000000
23.520167	0.640	634,667.000000
23.530833	0.640	635,044.000000
23.541500	0.640	639,531.000000
23.552167	0.640	646,580.000000
23.562833	0.640	652,288.000000
23.573500	0.640	653,936.000000
23.584167	0.640	651,010.000000
23.594833	0.640	644,987.000000
23.605500	0.640	639,014.000000
23.616167	0.640	638,296.000000
23.626833	0.640	643,999.000000
23.637500	0.640	647,297.000000
23.648167	0.640	641,520.000000
23.658833	0.640	633,513.000000
23.669500	0.640	631,660.000000
23.680167	0.640	632,213.000000
23.690833	0.640	628,814.000000
23.701500	0.640	625,160.000000
23.712167	0.640	625,154.000000
23.722833	0.640	626,034.000000
23.733500	0.640	627,049.000000
23.744167	0.640	626,861.000000
23.754833	0.640	622,450.000000
23.765500	0.640	621,222.000000
23.776167	0.640	630,525.000000
23.786833	0.640	638,582.000000
23.797500	0.640	634,395.000000
23.808167	0.640	629,411.000000
23.818833	0.640	634,515.000000
23.829500	0.640	640,500.000000
23.840167	0.640	637,968.000000
23.850833	0.640	631,339.000000
23.861500	0.640	626,678.000000
23.872167	0.640	625,351.000000
23.882833	0.640	627,111.000000
23.893500	0.640	629,330.000000
23.904167	0.640	628,142.000000
23.914833	0.640	622,630.000000
23.925500	0.640	616,935.000000
23.936167	0.640	615,524.000000
23.946833	0.640	617,890.000000
23.957500	0.640	623,915.000000
23.968167	0.640	632,212.000000
23.978833	0.640	634,399.000000
23.989500	0.640	629,607.000000
24.000167	0.640	629,137.000000
24.010833	0.640	635,913.000000
24.021500	0.640	641,001.000000
24.032167	0.640	640,415.000000
24.042833	0.640	637,185.000000
24.053500	0.640	634,464.000000
24.064167	0.640	635,315.000000
24.074833	0.640	638,274.000000
24.085500	0.640	637,289.000000
24.096167	0.640	633,592.000000
24.106833	0.640	634,031.000000
24.117500	0.640	637,894.000000
24.128167	0.640	639,582.000000
24.138833	0.640	637,983.000000
24.149500	0.640	634,743.000000
24.160167	0.640	632,046.000000
24.170833	0.640	633,446.000000
24.181500	0.640	638,616.000000
24.192167	0.640	642,956.000000
24.202833	0.640	646,328.000000
24.213500	0.640	652,828.000000
24.224167	0.640	661,901.000000
24.234833	0.640	668,512.000000
24.245500	0.640	673,032.000000
24.256167	0.640	679,502.000000
24.266833	0.640	683,191.000000
24.277500	0.640	677,635.000000
24.288167	0.640	670,812.000000
24.298833	0.640	674,337.000000
24.309500	0.640	684,358.000000
24.320167	0.640	688,399.000000
24.330833	0.640	684,329.000000
24.341500	0.640	681,841.000000
24.352167	0.640	685,213.000000
24.362833	0.640	688,016.000000
24.373500	0.640	687,138.000000
24.384167	0.640	685,877.000000
24.394833	0.640	685,956.000000
24.405500	0.640	685,845.000000
24.416167	0.640	683,880.000000
24.426833	0.640	683,304.000000
24.437500	0.640	689,804.000000
24.448167	0.640	700,549.000000
24.458833	0.640	704,964.000000
24.469500	0.640	700,676.000000
24.480167	0.640	697,202.000000
24.490833	0.640	700,605.000000
24.501500	0.640	708,703.000000
24.512167	0.640	717,209.000000
24.522833	0.640	722,732.000000
24.533500	0.640	726,156.000000
24.544167	0.640	730,013.000000
24.554833	0.640	734,040.000000
24.565500	0.640	735,135.000000
24.576167	0.640	730,527.000000
24.586833	0.640	724,862.000000
24.597500	0.640	724,300.000000
24.608167	0.640	725,800.000000
24.618833	0.640	726,557.000000
24.629500	0.640	730,302.000000
24.640167	0.640	737,653.000000
24.650833	0.640	743,884.000000
24.661500	0.640	744,779.000000
24.672167	0.640	743,022.000000
24.682833	0.640	746,113.000000
24.693500	0.640	753,669.000000
24.704167	0.640	758,480.000000
24.714833	0.640	758,628.000000
24.725500	0.640	758,065.000000
24.736167	0.640	759,926.000000
24.746833	0.640	763,083.000000
24.757500	0.640	765,518.000000
24.768167	0.640	768,636.000000
24.778833	0.640	775,542.000000
24.789500	0.640	785,541.000000
24.800167	0.640	792,168.000000
24.810833	0.640	792,208.000000
24.821500	0.640	791,543.000000
24.832167	0.640	796,706.000000
24.842833	0.640	805,897.000000
24.853500	0.640	810,724.000000
24.864167	0.640	808,368.000000
24.874833	0.640	804,570.000000
24.885500	0.640	802,207.000000
24.896167	0.640	800,054.000000
24.906833	0.640	799,665.000000
24.917500	0.640	802,800.000000
24.928167	0.640	806,158.000000
24.938833	0.640	807,611.000000
24.949500	0.640	811,022.000000
24.960167	0.640	814,904.000000
24.970833	0.640	813,072.000000
24.981500	0.640	808,173.000000
24.992167	0.640	806,380.000000
25.002833	0.640	808,940.000000
25.013500	0.640	814,312.000000
25.024167	0.640	819,583.000000
25.034833	0.640	823,390.000000
25.045500	0.640	828,246.000000
25.056167	0.640	834,829.000000
25.066833	0.640	836,103.000000
25.077500	0.640	828,546.000000
25.088167	0.640	822,586.000000
25.098833	0.640	825,677.000000
25.109500	0.640	830,914.000000
25.120167	0.640	833,070.000000
25.130833	0.640	837,415.000000
25.141500	0.640	846,818.000000
25.152167	0.640	854,841.000000
25.162833	0.640	857,669.000000
25.173500	0.640	862,386.000000
25.184167	0.640	880,187.000000
25.194833	0.640	917,960.000000
25.205500	0.640	979,271.000000
25.216167	0.640	1,075,276.000000
25.226833	0.640	1,232,148.000000
25.237500	0.640	1,487,357.000000
25.248167	0.640	1,889,372.000000
25.258833	0.640	2,502,973.000000
25.269500	0.640	3,414,557.000000
25.280167	0.640	4,738,129.000000
25.290833	0.640	6,600,402.000000
25.301500	0.640	9,113,566.000000
25.312167	0.640	12,365,388.000000
25.322833	0.640	16,370,841.000000
25.333500	0.640	20,999,653.000000
25.344167	0.640	26,009,798.000000
25.354833	0.640	31,110,526.000000
25.365500	0.640	35,899,653.000000
25.376167	0.640	39,799,925.000000
25.386833	0.640	42,241,149.000000
25.397500	0.640	42,943,803.000000
25.408167	0.640	41,886,218.000000
25.418833	0.640	39,157,261.000000
25.429500	0.640	35,049,162.000000
25.440167	0.640	30,082,717.000000
25.450833	0.640	24,817,470.000000
25.461500	0.640	19,708,603.000000
25.472167	0.640	15,089,122.000000
25.482833	0.640	11,175,563.000000
25.493500	0.640	8,054,146.000000
25.504167	0.640	5,695,516.000000
25.514833	0.640	4,000,538.000000
25.525500	0.640	2,840,541.000000
25.536167	0.640	2,084,016.000000
25.546833	0.640	1,608,577.000000
25.557500	0.640	1,312,543.000000
25.568167	0.640	1,127,571.000000
25.578833	0.640	1,013,251.000000
25.589500	0.640	943,661.000000
25.600167	0.640	902,160.000000
25.610833	0.640	878,286.000000
25.621500	0.640	864,881.000000
25.632167	0.640	857,499.000000
25.642833	0.640	852,126.000000
25.653500	0.640	846,733.000000
25.664167	0.640	842,853.000000
25.674833	0.640	839,867.000000
25.685500	0.640	836,540.000000
25.696167	0.640	834,535.000000
25.706833	0.640	833,334.000000
25.717500	0.640	831,765.000000
25.728167	0.640	831,220.000000
25.738833	0.640	832,804.000000
25.749500	0.640	837,675.000000
25.760167	0.640	844,960.000000
25.770833	0.640	851,187.000000
25.781500	0.640	857,062.000000
25.792167	0.640	864,998.000000
25.802833	0.640	872,849.000000
25.813500	0.640	878,435.000000
25.824167	0.640	880,557.000000
25.834833	0.640	879,409.000000
25.845500	0.640	882,913.000000
25.856167	0.640	896,040.000000
25.866833	0.640	912,887.000000
25.877500	0.640	931,362.000000
25.888167	0.640	952,011.000000
25.898833	0.640	966,078.000000
25.909500	0.640	964,172.000000
25.920167	0.640	948,199.000000
25.930833	0.640	928,363.000000
25.941500	0.640	912,241.000000
25.952167	0.640	900,253.000000
25.962833	0.640	890,491.000000
25.973500	0.640	882,339.000000
25.984167	0.640	876,611.000000
25.994833	0.640	873,826.000000
26.005500	0.640	873,169.000000
26.016167	0.640	874,295.000000
26.026833	0.640	876,329.000000
26.037500	0.640	876,994.000000
26.048167	0.640	875,298.000000
26.058833	0.640	871,995.000000
26.069500	0.640	869,914.000000
26.080167	0.640	872,565.000000
26.090833	0.640	877,483.000000
26.101500	0.640	880,948.000000
26.112167	0.640	886,068.000000
26.122833	0.640	892,572.000000
26.133500	0.640	893,788.000000
26.144167	0.640	887,810.000000
26.154833	0.640	877,218.000000
26.165500	0.640	864,632.000000
26.176167	0.640	854,864.000000
26.186833	0.640	852,604.000000
26.197500	0.640	857,746.000000
26.208167	0.640	869,946.000000
26.218833	0.640	890,340.000000
26.229500	0.640	915,707.000000
26.240167	0.640	939,359.000000
26.250833	0.640	953,549.000000
26.261500	0.640	953,813.000000
26.272167	0.640	945,181.000000
26.282833	0.640	933,982.000000
26.293500	0.640	921,209.000000
26.304167	0.640	910,742.000000
26.314833	0.640	910,779.000000
26.325500	0.640	929,358.000000
26.336167	0.640	980,051.000000
26.346833	0.640	1,101,823.000000
26.357500	0.640	1,407,640.000000
26.368167	0.640	2,097,844.000000
26.378833	0.640	3,231,249.000000
26.389500	0.640	4,348,176.000000
26.400167	0.640	4,636,665.000000
26.410833	0.640	3,799,797.000000
26.421500	0.640	2,469,901.000000
26.432167	0.640	1,489,068.000000
26.442833	0.640	1,104,765.000000
26.453500	0.640	1,052,704.000000
26.464167	0.640	1,063,660.000000
26.474833	0.640	1,061,685.000000
26.485500	0.640	1,065,786.000000
26.496167	0.640	1,087,746.000000
26.506833	0.640	1,112,420.000000
26.517500	0.640	1,126,340.000000
26.528167	0.640	1,137,746.000000
26.538833	0.640	1,158,005.000000
26.549500	0.640	1,185,286.000000
26.560167	0.640	1,213,092.000000
26.570833	0.640	1,236,066.000000
26.581500	0.640	1,247,776.000000
26.592167	0.640	1,245,680.000000
26.602833	0.640	1,239,526.000000
26.613500	0.640	1,242,236.000000
26.624167	0.640	1,251,391.000000
26.634833	0.640	1,257,542.000000
26.645500	0.640	1,262,349.000000
26.656167	0.640	1,272,746.000000
26.666833	0.640	1,291,443.000000
26.677500	0.640	1,319,301.000000
26.688167	0.640	1,361,695.000000
26.698833	0.640	1,427,830.000000
26.709500	0.640	1,534,053.000000
26.720167	0.640	1,733,825.000000
26.730833	0.640	2,072,286.000000
26.741500	0.640	2,422,680.000000
26.752167	0.640	2,520,495.000000
26.762833	0.640	2,299,638.000000
26.773500	0.640	2,011,691.000000
26.784167	0.640	1,910,892.000000
26.794833	0.640	1,998,865.000000
26.805500	0.640	2,123,712.000000
26.816167	0.640	2,194,820.000000
26.826833	0.640	2,253,324.000000
26.837500	0.640	2,380,415.000000
26.848167	0.640	2,620,863.000000
26.858833	0.640	3,137,530.000000
26.869500	0.640	4,908,574.000000
26.880167	0.640	12,107,849.000000
26.890833	0.640	35,092,834.000000
26.901500	0.640	81,720,435.000000
26.912167	0.640	133,380,155.000000
26.922833	0.640	147,422,653.000000
26.933500	0.640	107,754,611.000000
26.944167	0.640	49,903,245.000000
26.954833	0.640	14,741,441.000000
26.965500	0.640	6,293,156.000000
26.976167	0.640	7,224,318.000000
26.986833	0.640	7,555,209.000000
26.997500	0.640	8,727,017.000000
27.008167	0.640	17,403,463.000000
27.018833	0.640	44,492,923.000000
27.029500	0.640	99,802,482.000000
27.040167	0.640	172,401,446.000000
27.050833	0.640	220,325,625.000000
27.061500	0.640	204,070,521.000000
27.072167	0.640	134,235,314.000000
27.082833	0.640	62,055,136.000000
27.093500	0.640	23,056,375.000000
27.104167	0.640	13,237,745.000000
27.114833	0.640	14,073,583.000000
27.125500	0.640	15,849,406.000000
27.136167	0.640	16,513,010.000000
27.146833	0.640	15,087,926.000000
27.157500	0.640	11,982,394.000000
27.168167	0.640	9,366,859.000000
27.178833	0.640	8,526,629.000000
27.189500	0.640	9,072,539.000000
27.200167	0.640	10,521,090.000000
27.210833	0.640	12,634,517.000000
27.221500	0.640	14,298,510.000000
27.232167	0.640	15,072,093.000000
27.242833	0.640	22,720,701.000000
27.253500	0.640	23,585,530.000000
27.253667	0.010	45,378,295.000000
27.253833	0.010	23,585,530.000000
27.254000	0.010	45,378,295.000000
27.254167	0.010	23,585,530.000000
27.254333	0.010	45,378,295.000000
27.254500	0.010	23,585,530.000000
27.264167	0.580	23,585,530.000000
27.274833	0.640	23,585,530.000000
27.285500	0.640	23,585,530.000000
27.296167	0.640	23,585,530.000000
27.306833	0.640	23,585,530.000000
27.317500	0.640	23,585,530.000000
27.317667	0.010	45,378,295.000000
27.317833	0.010	23,585,530.000000
27.318000	0.010	45,378,295.000000
27.318167	0.010	23,585,530.000000
27.318333	0.010	45,378,295.000000
27.318500	0.010	23,585,530.000000
27.328167	0.580	136,548,571.000000
27.338833	0.640	70,682,348.000000
27.349500	0.640	56,011,959.000000
27.360167	0.640	58,611,490.000000
27.370833	0.640	65,843,972.000000
27.381500	0.640	66,708,801.000000
27.381667	0.010	110,063,201.000000
27.381833	0.010	66,708,801.000000
27.382000	0.010	110,063,201.000000
27.382167	0.010	66,708,801.000000
27.382333	0.010	110,063,201.000000
27.382500	0.010	66,708,801.000000
27.392167	0.580	66,708,801.000000
27.402833	0.640	66,708,801.000000
27.413500	0.640	66,708,801.000000
27.424167	0.640	66,708,801.000000
27.434833	0.640	66,708,801.000000
27.445500	0.640	66,708,801.000000
27.456167	0.640	66,708,801.000000
27.466833	0.640	66,708,801.000000
27.477500	0.640	66,708,801.000000
27.477667	0.010	110,063,201.000000
27.477833	0.010	66,708,801.000000
27.478000	0.010	110,063,201.000000
27.478167	0.010	66,708,801.000000
27.478333	0.010	110,063,201.000000
27.478500	0.010	66,708,801.000000
27.488167	0.580	136,558,540.000000
27.498833	0.640	94,420,907.000000
27.509500	0.640	90,592,483.000000
27.520167	0.640	86,231,853.000000
27.530833	0.640	68,569,545.000000
27.541500	0.640	51,380,050.000000
27.552167	0.640	42,633,112.000000
27.562833	0.640	38,377,448.000000
27.573500	0.640	34,580,835.000000
27.584167	0.640	31,078,811.000000
27.594833	0.640	28,767,823.000000
27.605500	0.640	27,686,716.000000
27.616167	0.640	27,222,066.000000
27.626833	0.640	26,445,527.000000
27.637500	0.640	24,779,440.000000
27.648167	0.640	22,841,859.000000
27.658833	0.640	21,495,109.000000
27.669500	0.640	20,493,566.000000
27.680167	0.640	19,263,495.000000
27.690833	0.640	18,062,180.000000
27.701500	0.640	17,450,308.000000
27.712167	0.640	17,418,620.000000
27.722833	0.640	17,537,945.000000
27.733500	0.640	17,475,601.000000
27.744167	0.640	17,341,246.000000
27.754833	0.640	17,709,678.000000
27.765500	0.640	18,921,816.000000
27.776167	0.640	20,477,887.000000
27.786833	0.640	21,497,288.000000
27.797500	0.640	21,445,558.000000
27.808167	0.640	20,372,748.000000
27.818833	0.640	18,877,934.000000
27.829500	0.640	17,715,285.000000
27.840167	0.640	17,238,494.000000
27.850833	0.640	17,310,041.000000
27.861500	0.640	17,625,255.000000
27.872167	0.640	18,395,607.000000
27.882833	0.640	21,965,002.000000
27.893500	0.640	37,047,056.000000
27.904167	0.640	37,911,885.000000
27.904333	0.010	66,867,827.000000
27.904500	0.010	37,911,885.000000
27.904667	0.010	66,867,827.000000
27.904833	0.010	37,911,885.000000
27.905000	0.010	66,867,827.000000
27.905167	0.010	37,911,885.000000
27.914833	0.580	37,911,885.000000
27.925500	0.640	37,911,885.000000
27.936167	0.640	37,911,885.000000
27.946833	0.640	37,911,885.000000
27.957500	0.640	37,911,885.000000
27.968167	0.640	37,911,885.000000
27.978833	0.640	37,911,885.000000
27.989500	0.640	37,911,885.000000
28.000167	0.640	37,911,885.000000
28.010833	0.640	37,911,885.000000
28.021500	0.640	37,911,885.000000
28.032167	0.640	37,911,885.000000
28.042833	0.640	37,911,885.000000
28.053500	0.640	37,911,885.000000
28.064167	0.640	37,911,885.000000
28.074833	0.640	37,911,885.000000
28.085500	0.640	37,911,885.000000
28.096167	0.640	37,911,885.000000
28.096333	0.010	66,867,827.000000
28.096500	0.010	37,911,885.000000
28.096667	0.010	66,867,827.000000
28.096833	0.010	37,911,885.000000
28.097000	0.010	66,867,827.000000
28.097167	0.010	37,911,885.000000
28.106833	0.580	229,342,844.000000
28.117500	0.640	109,609,843.000000
28.128167	0.640	71,672,713.000000
28.138833	0.640	67,834,388.000000
28.149500	0.640	62,506,233.000000
28.160167	0.640	55,087,918.000000
28.170833	0.640	47,210,898.000000
28.181500	0.640	36,276,232.000000
28.192167	0.640	26,753,147.000000
28.202833	0.640	27,080,202.000000
28.213500	0.640	45,186,761.000000
28.224167	0.640	87,777,011.000000
28.234833	0.640	148,915,771.000000
28.245500	0.640	203,338,022.000000
28.256167	0.640	230,483,967.000000
28.266833	0.640	237,729,961.000000
28.277500	0.640	242,871,992.000000
28.288167	0.640	248,057,018.000000
28.298833	0.640	244,702,911.000000
28.309500	0.640	230,314,705.000000
28.320167	0.640	210,829,366.000000
28.330833	0.640	193,007,581.000000
28.341500	0.640	179,130,062.000000
28.352167	0.640	166,464,839.000000
28.362833	0.640	149,087,924.000000
28.373500	0.640	121,879,514.000000
28.384167	0.640	86,531,962.000000
28.394833	0.640	52,927,950.000000
28.405500	0.640	30,637,745.000000
28.416167	0.640	20,346,907.000000
28.426833	0.640	16,692,354.000000
28.437500	0.640	16,105,818.000000
28.448167	0.640	18,021,850.000000
28.458833	0.640	20,966,498.000000
28.469500	0.640	21,754,853.000000
28.480167	0.640	18,904,507.000000
28.490833	0.640	14,336,977.000000
28.501500	0.640	10,783,899.000000
28.512167	0.640	9,070,310.000000
28.522833	0.640	8,455,749.000000
28.533500	0.640	8,190,172.000000
28.544167	0.640	8,024,608.000000
28.554833	0.640	7,901,890.000000
28.565500	0.640	7,739,766.000000
28.576167	0.640	7,482,484.000000
28.586833	0.640	7,166,899.000000
28.597500	0.640	6,866,006.000000
28.608167	0.640	6,605,629.000000
28.618833	0.640	6,334,218.000000
28.629500	0.640	5,928,579.000000
28.640167	0.640	5,255,882.000000
28.650833	0.640	4,303,024.000000
28.661500	0.640	3,237,104.000000
28.672167	0.640	2,277,790.000000
28.682833	0.640	1,537,352.000000
28.693500	0.640	1,017,994.000000
28.704167	0.640	698,071.000000
28.714833	0.640	642,988.000000
28.725500	0.640	901,201.000000
28.736167	0.640	1,120,151.000000
28.746833	0.640	860,826.000000
28.757500	0.640	350,248.000000
28.768167	0.640	82,804.000000
28.778833	0.640	76,938.000000
28.789500	0.640	104,155.000000
28.800167	0.640	86,694.000000
28.810833	0.640	57,967.000000
28.821500	0.640	42,240.000000
28.832167	0.640	37,619.000000
28.842833	0.640	34,720.000000
28.853500	0.640	27,380.000000
28.864167	0.640	19,435.000000
28.874833	0.640	18,543.000000
28.885500	0.640	21,684.000000
28.896167	0.640	20,563.000000
28.906833	0.640	16,071.000000
28.917500	0.640	12,461.000000
28.928167	0.640	7,658.000000
28.938833	0.640	2,335.000000
28.949500	0.640	4,099.000000
28.960167	0.640	12,430.000000
28.970833	0.640	17,847.000000
28.981500	0.640	17,358.000000
28.992167	0.640	14,018.000000
29.002833	0.640	10,518.000000
29.013500	0.640	9,190.000000
29.024167	0.640	9,709.000000
29.034833	0.640	10,095.000000
29.045500	0.640	9,528.000000
29.056167	0.640	8,901.000000
29.066833	0.640	10,214.000000
29.077500	0.640	11,512.000000
29.088167	0.640	10,170.000000
29.098833	0.640	10,647.000000
29.109500	0.640	15,309.000000
29.120167	0.640	17,606.000000
29.130833	0.640	13,936.000000
29.141500	0.640	10,217.000000
29.152167	0.640	11,958.000000
29.162833	0.640	14,970.000000
29.173500	0.640	11,792.000000
29.184167	0.640	4,666.000000
29.194833	0.640	1,700.000000
29.205500	0.640	2,944.000000
29.216167	0.640	4,061.000000
29.226833	0.640	4,840.000000
29.237500	0.640	4,929.000000
29.248167	0.640	5,342.000000
29.258833	0.640	9,107.000000
29.269500	0.640	12,234.000000
29.280167	0.640	10,644.000000
29.290833	0.640	9,596.000000
29.301500	0.640	11,849.000000
29.312167	0.640	12,116.000000
29.322833	0.640	8,314.000000
29.333500	0.640	6,629.000000
29.344167	0.640	12,624.000000
29.354833	0.640	20,381.000000
29.365500	0.640	19,595.000000
29.376167	0.640	12,289.000000
29.386833	0.640	8,658.000000
29.397500	0.640	10,532.000000
29.408167	0.640	11,284.000000
29.418833	0.640	8,154.000000
29.429500	0.640	4,840.000000
29.440167	0.640	3,646.000000
29.450833	0.640	4,439.000000
29.461500	0.640	7,154.000000
29.472167	0.640	8,284.000000
29.482833	0.640	5,025.000000
29.493500	0.640	2,894.000000
29.504167	0.640	6,550.000000
29.514833	0.640	11,028.000000
29.525500	0.640	11,483.000000
29.536167	0.640	10,269.000000
29.546833	0.640	9,972.000000
29.557500	0.640	10,298.000000
29.568167	0.640	10,876.000000
29.578833	0.640	10,510.000000
29.589500	0.640	9,627.000000
29.600167	0.640	11,133.000000
29.610833	0.640	14,270.000000
29.621500	0.640	15,649.000000
29.632167	0.640	15,367.000000
29.642833	0.640	15,663.000000
29.653500	0.640	15,148.000000
29.664167	0.640	12,513.000000
29.674833	0.640	12,615.000000
29.685500	0.640	16,263.000000
29.696167	0.640	16,477.000000
29.706833	0.640	12,935.000000
29.717500	0.640	12,447.000000
29.728167	0.640	15,424.000000
29.738833	0.640	15,357.000000
29.749500	0.640	10,312.000000
29.760167	0.640	6,608.000000
29.770833	0.640	8,783.000000
29.781500	0.640	13,429.000000
29.792167	0.640	16,644.000000
29.802833	0.640	17,872.000000
29.813500	0.640	16,255.000000
29.824167	0.640	12,145.000000
29.834833	0.640	7,956.000000
29.845500	0.640	4,573.000000
29.856167	0.640	1,650.000000
29.866833	0.640	488.000000
29.877500	0.640	3,352.000000
29.888167	0.640	9,381.000000
29.898833	0.640	14,232.000000
29.909500	0.640	15,090.000000
29.920167	0.640	12,169.000000
29.930833	0.640	7,277.000000
29.941500	0.640	4,194.000000
29.952167	0.640	5,725.000000
29.962833	0.640	10,342.000000
29.973500	0.640	14,518.000000
29.984167	0.640	16,604.000000
29.994833	0.640	16,875.000000
30.005500	0.640	14,922.000000
