File Path	chrom://nnfcb-l0495/ChromeleonLocal/20180320_AA_Lars Nielsen samples Vienna_lbpet.seq/397.smp/Emission_1.channel/Emission_1.chm
Channel	Emission_1

Injection Information:
Data Vault	ChromeleonLocal
Injection	20180320_Lars Nielsen samples Vienna_dx20_BB3
Injection Number	28
Position	BB3
Comment	
Processing Method	20171024_Calculated with IS_lbpet
Instrument Method	20161104_AA_GeminiC18_FinalVer7
Type	Unknown
Status	Finished
Injection Date	21-03-2018
Injection Time	02:51:16
Injection Volume (µl)	56.500
Dilution Factor	1.0000
Weight	1.0000

Raw Data Information:
Time Min. (min)	0.003933
Time Max. (min)	30.001600
Data Points	2813
Detector	FLD
Exporting Data System	Chromeleon 7.1.2.1478
Operator	
Signal Quantity	
Signal Unit	counts
Signal Min.	-5,997.000000
Signal Max.	71,407,054.000000
Channel	Emission_1
Driver Name	FLD3000.dll
Channel Type	Evaluation
Min. Step (s)	0.640
Max. Step (s)	0.820
Average Step (s)	0.640

Signal Parameter Information:
Signal Info	340 nm /450 nm

Raw Data:
Time (min)	Step (s)	Value (counts)
0.003933	0.000	0.000000
0.017600	0.820	0.000000
0.028267	0.640	0.000000
0.038933	0.640	-426.000000
0.049600	0.640	-1,099.000000
0.060267	0.640	-1,182.000000
0.070933	0.640	-553.000000
0.081600	0.640	-872.000000
0.092267	0.640	-1,996.000000
0.102933	0.640	-2,031.000000
0.113600	0.640	-1,281.000000
0.124267	0.640	-810.000000
0.134933	0.640	-876.000000
0.145600	0.640	-1,280.000000
0.156267	0.640	-898.000000
0.166933	0.640	229.000000
0.177600	0.640	361.000000
0.188267	0.640	-578.000000
0.198933	0.640	-1,035.000000
0.209600	0.640	-1,069.000000
0.220267	0.640	-1,573.000000
0.230933	0.640	-1,958.000000
0.241600	0.640	-1,669.000000
0.252267	0.640	-1,483.000000
0.262933	0.640	-2,129.000000
0.273600	0.640	-2,876.000000
0.284267	0.640	-2,391.000000
0.294933	0.640	-1,332.000000
0.305600	0.640	-1,434.000000
0.316267	0.640	-2,124.000000
0.326933	0.640	-1,618.000000
0.337600	0.640	-66.000000
0.348267	0.640	667.000000
0.358933	0.640	-171.000000
0.369600	0.640	-993.000000
0.380267	0.640	-743.000000
0.390933	0.640	-348.000000
0.401600	0.640	-575.000000
0.412267	0.640	-1,109.000000
0.422933	0.640	-1,072.000000
0.433600	0.640	-263.000000
0.444267	0.640	203.000000
0.454933	0.640	-591.000000
0.465600	0.640	-2,347.000000
0.476267	0.640	-3,974.000000
0.486933	0.640	-4,173.000000
0.497600	0.640	-2,917.000000
0.508267	0.640	-1,608.000000
0.518933	0.640	-757.000000
0.529600	0.640	-82.000000
0.540267	0.640	39.000000
0.550933	0.640	-735.000000
0.561600	0.640	-1,938.000000
0.572267	0.640	-2,319.000000
0.582933	0.640	-1,520.000000
0.593600	0.640	-1,035.000000
0.604267	0.640	-957.000000
0.614933	0.640	322.000000
0.625600	0.640	1,585.000000
0.636267	0.640	510.000000
0.646933	0.640	-1,355.000000
0.657600	0.640	-1,893.000000
0.668267	0.640	-1,898.000000
0.678933	0.640	-1,509.000000
0.689600	0.640	215.000000
0.700267	0.640	1,962.000000
0.710933	0.640	1,583.000000
0.721600	0.640	-758.000000
0.732267	0.640	-2,786.000000
0.742933	0.640	-2,555.000000
0.753600	0.640	-656.000000
0.764267	0.640	569.000000
0.774933	0.640	-276.000000
0.785600	0.640	-2,282.000000
0.796267	0.640	-3,170.000000
0.806933	0.640	-2,262.000000
0.817600	0.640	-1,763.000000
0.828267	0.640	-3,098.000000
0.838933	0.640	-4,461.000000
0.849600	0.640	-3,798.000000
0.860267	0.640	-1,547.000000
0.870933	0.640	161.000000
0.881600	0.640	-124.000000
0.892267	0.640	-1,873.000000
0.902933	0.640	-3,128.000000
0.913600	0.640	-2,396.000000
0.924267	0.640	-984.000000
0.934933	0.640	-1,159.000000
0.945600	0.640	-2,084.000000
0.956267	0.640	-1,848.000000
0.966933	0.640	-871.000000
0.977600	0.640	-141.000000
0.988267	0.640	-81.000000
0.998933	0.640	-858.000000
1.009600	0.640	-1,530.000000
1.020267	0.640	-1,269.000000
1.030933	0.640	-850.000000
1.041600	0.640	-1,172.000000
1.052267	0.640	-1,683.000000
1.062933	0.640	-1,566.000000
1.073600	0.640	-1,600.000000
1.084267	0.640	-2,400.000000
1.094933	0.640	-2,547.000000
1.105600	0.640	-1,589.000000
1.116267	0.640	-1,223.000000
1.126933	0.640	-1,654.000000
1.137600	0.640	-1,393.000000
1.148267	0.640	-177.000000
1.158933	0.640	914.000000
1.169600	0.640	746.000000
1.180267	0.640	-458.000000
1.190933	0.640	-1,038.000000
1.201600	0.640	-166.000000
1.212267	0.640	664.000000
1.222933	0.640	-416.000000
1.233600	0.640	-2,207.000000
1.244267	0.640	-2,086.000000
1.254933	0.640	-474.000000
1.265600	0.640	216.000000
1.276267	0.640	-623.000000
1.286933	0.640	-1,575.000000
1.297600	0.640	-1,733.000000
1.308267	0.640	-1,489.000000
1.318933	0.640	-1,097.000000
1.329600	0.640	-314.000000
1.340267	0.640	596.000000
1.350933	0.640	634.000000
1.361600	0.640	-203.000000
1.372267	0.640	-630.000000
1.382933	0.640	-602.000000
1.393600	0.640	-1,099.000000
1.404267	0.640	-1,985.000000
1.414933	0.640	-2,415.000000
1.425600	0.640	-2,168.000000
1.436267	0.640	-1,566.000000
1.446933	0.640	-572.000000
1.457600	0.640	612.000000
1.468267	0.640	957.000000
1.478933	0.640	221.000000
1.489600	0.640	-845.000000
1.500267	0.640	-1,870.000000
1.510933	0.640	-2,345.000000
1.521600	0.640	-1,757.000000
1.532267	0.640	-829.000000
1.542933	0.640	-190.000000
1.553600	0.640	893.000000
1.564267	0.640	2,566.000000
1.574933	0.640	3,308.000000
1.585600	0.640	2,602.000000
1.596267	0.640	1,759.000000
1.606933	0.640	866.000000
1.617600	0.640	-799.000000
1.628267	0.640	-1,758.000000
1.638933	0.640	-159.000000
1.649600	0.640	2,485.000000
1.660267	0.640	2,984.000000
1.670933	0.640	1,308.000000
1.681600	0.640	185.000000
1.692267	0.640	541.000000
1.702933	0.640	986.000000
1.713600	0.640	785.000000
1.724267	0.640	739.000000
1.734933	0.640	2,130.000000
1.745600	0.640	5,346.000000
1.756267	0.640	8,640.000000
1.766933	0.640	9,559.000000
1.777600	0.640	7,984.000000
1.788267	0.640	5,935.000000
1.798933	0.640	5,050.000000
1.809600	0.640	5,128.000000
1.820267	0.640	4,452.000000
1.830933	0.640	2,339.000000
1.841600	0.640	444.000000
1.852267	0.640	-125.000000
1.862933	0.640	-102.000000
1.873600	0.640	-43.000000
1.884267	0.640	-334.000000
1.894933	0.640	-1,259.000000
1.905600	0.640	-1,958.000000
1.916267	0.640	-1,620.000000
1.926933	0.640	-426.000000
1.937600	0.640	367.000000
1.948267	0.640	-841.000000
1.958933	0.640	-3,222.000000
1.969600	0.640	-4,128.000000
1.980267	0.640	-3,051.000000
1.990933	0.640	-1,613.000000
2.001600	0.640	-625.000000
2.012267	0.640	149.000000
2.022933	0.640	635.000000
2.033600	0.640	376.000000
2.044267	0.640	-564.000000
2.054933	0.640	-1,116.000000
2.065600	0.640	-923.000000
2.076267	0.640	-905.000000
2.086933	0.640	-1,054.000000
2.097600	0.640	-642.000000
2.108267	0.640	237.000000
2.118933	0.640	982.000000
2.129600	0.640	1,082.000000
2.140267	0.640	683.000000
2.150933	0.640	212.000000
2.161600	0.640	-389.000000
2.172267	0.640	-1,058.000000
2.182933	0.640	-1,616.000000
2.193600	0.640	-1,966.000000
2.204267	0.640	-1,567.000000
2.214933	0.640	-268.000000
2.225600	0.640	671.000000
2.236267	0.640	312.000000
2.246933	0.640	-227.000000
2.257600	0.640	204.000000
2.268267	0.640	1,307.000000
2.278933	0.640	2,550.000000
2.289600	0.640	2,940.000000
2.300267	0.640	1,674.000000
2.310933	0.640	218.000000
2.321600	0.640	140.000000
2.332267	0.640	739.000000
2.342933	0.640	1,341.000000
2.353600	0.640	1,785.000000
2.364267	0.640	1,238.000000
2.374933	0.640	203.000000
2.385600	0.640	270.000000
2.396267	0.640	1,248.000000
2.406933	0.640	1,862.000000
2.417600	0.640	1,784.000000
2.428267	0.640	1,843.000000
2.438933	0.640	2,492.000000
2.449600	0.640	2,436.000000
2.460267	0.640	673.000000
2.470933	0.640	-1,305.000000
2.481600	0.640	-1,432.000000
2.492267	0.640	53.000000
2.502933	0.640	1,064.000000
2.513600	0.640	854.000000
2.524267	0.640	553.000000
2.534933	0.640	286.000000
2.545600	0.640	-699.000000
2.556267	0.640	-1,534.000000
2.566933	0.640	-939.000000
2.577600	0.640	-2.000000
2.588267	0.640	-434.000000
2.598933	0.640	-1,406.000000
2.609600	0.640	-1,165.000000
2.620267	0.640	156.000000
2.630933	0.640	1,035.000000
2.641600	0.640	474.000000
2.652267	0.640	-885.000000
2.662933	0.640	-1,492.000000
2.673600	0.640	-1,066.000000
2.684267	0.640	-758.000000
2.694933	0.640	-10.000000
2.705600	0.640	3,314.000000
2.716267	0.640	8,370.000000
2.726933	0.640	11,720.000000
2.737600	0.640	11,669.000000
2.748267	0.640	8,874.000000
2.758933	0.640	5,115.000000
2.769600	0.640	2,930.000000
2.780267	0.640	3,702.000000
2.790933	0.640	5,308.000000
2.801600	0.640	4,856.000000
2.812267	0.640	2,950.000000
2.822933	0.640	1,643.000000
2.833600	0.640	1,314.000000
2.844267	0.640	820.000000
2.854933	0.640	-796.000000
2.865600	0.640	-2,026.000000
2.876267	0.640	-1,148.000000
2.886933	0.640	273.000000
2.897600	0.640	176.000000
2.908267	0.640	-803.000000
2.918933	0.640	-1,087.000000
2.929600	0.640	-198.000000
2.940267	0.640	1,136.000000
2.950933	0.640	1,944.000000
2.961600	0.640	2,630.000000
2.972267	0.640	3,918.000000
2.982933	0.640	5,673.000000
2.993600	0.640	9,178.000000
3.004267	0.640	16,352.000000
3.014933	0.640	28,399.000000
3.025600	0.640	49,064.000000
3.036267	0.640	83,685.000000
3.046933	0.640	138,381.000000
3.057600	0.640	231,286.000000
3.068267	0.640	405,365.000000
3.078933	0.640	732,760.000000
3.089600	0.640	1,311,436.000000
3.100267	0.640	2,235,738.000000
3.110933	0.640	3,517,516.000000
3.121600	0.640	5,000,304.000000
3.132267	0.640	6,359,142.000000
3.142933	0.640	7,229,173.000000
3.153600	0.640	7,414,696.000000
3.164267	0.640	7,007,427.000000
3.174933	0.640	6,282,448.000000
3.185600	0.640	5,508,567.000000
3.196267	0.640	4,855,262.000000
3.206933	0.640	4,387,667.000000
3.217600	0.640	4,086,015.000000
3.228267	0.640	3,879,775.000000
3.238933	0.640	3,701,384.000000
3.249600	0.640	3,523,095.000000
3.260267	0.640	3,334,510.000000
3.270933	0.640	3,107,141.000000
3.281600	0.640	2,812,693.000000
3.292267	0.640	2,454,008.000000
3.302933	0.640	2,055,933.000000
3.313600	0.640	1,646,667.000000
3.324267	0.640	1,257,006.000000
3.334933	0.640	917,680.000000
3.345600	0.640	645,208.000000
3.356267	0.640	438,713.000000
3.366933	0.640	289,428.000000
3.377600	0.640	186,688.000000
3.388267	0.640	119,780.000000
3.398933	0.640	77,194.000000
3.409600	0.640	48,739.000000
3.420267	0.640	30,452.000000
3.430933	0.640	20,694.000000
3.441600	0.640	14,983.000000
3.452267	0.640	10,147.000000
3.462933	0.640	6,609.000000
3.473600	0.640	5,093.000000
3.484267	0.640	4,624.000000
3.494933	0.640	3,631.000000
3.505600	0.640	2,879.000000
3.516267	0.640	3,750.000000
3.526933	0.640	4,491.000000
3.537600	0.640	3,452.000000
3.548267	0.640	2,271.000000
3.558933	0.640	2,215.000000
3.569600	0.640	2,292.000000
3.580267	0.640	1,903.000000
3.590933	0.640	1,451.000000
3.601600	0.640	1,473.000000
3.612267	0.640	2,116.000000
3.622933	0.640	2,943.000000
3.633600	0.640	3,516.000000
3.644267	0.640	3,596.000000
3.654933	0.640	3,712.000000
3.665600	0.640	4,067.000000
3.676267	0.640	3,387.000000
3.686933	0.640	1,785.000000
3.697600	0.640	704.000000
3.708267	0.640	-28.000000
3.718933	0.640	-575.000000
3.729600	0.640	-143.000000
3.740267	0.640	624.000000
3.750933	0.640	257.000000
3.761600	0.640	-784.000000
3.772267	0.640	-349.000000
3.782933	0.640	2,397.000000
3.793600	0.640	5,872.000000
3.804267	0.640	8,725.000000
3.814933	0.640	11,471.000000
3.825600	0.640	15,261.000000
3.836267	0.640	21,160.000000
3.846933	0.640	28,474.000000
3.857600	0.640	33,527.000000
3.868267	0.640	33,652.000000
3.878933	0.640	30,353.000000
3.889600	0.640	26,822.000000
3.900267	0.640	23,935.000000
3.910933	0.640	20,286.000000
3.921600	0.640	16,608.000000
3.932267	0.640	14,986.000000
3.942933	0.640	14,217.000000
3.953600	0.640	12,355.000000
3.964267	0.640	10,094.000000
3.974933	0.640	8,127.000000
3.985600	0.640	6,208.000000
3.996267	0.640	4,689.000000
4.006933	0.640	3,646.000000
4.017600	0.640	2,705.000000
4.028267	0.640	1,940.000000
4.038933	0.640	1,240.000000
4.049600	0.640	685.000000
4.060267	0.640	1,263.000000
4.070933	0.640	3,078.000000
4.081600	0.640	4,115.000000
4.092267	0.640	3,078.000000
4.102933	0.640	2,016.000000
4.113600	0.640	2,972.000000
4.124267	0.640	4,648.000000
4.134933	0.640	5,393.000000
4.145600	0.640	5,309.000000
4.156267	0.640	4,798.000000
4.166933	0.640	4,361.000000
4.177600	0.640	4,212.000000
4.188267	0.640	3,614.000000
4.198933	0.640	2,216.000000
4.209600	0.640	862.000000
4.220267	0.640	406.000000
4.230933	0.640	994.000000
4.241600	0.640	2,255.000000
4.252267	0.640	3,321.000000
4.262933	0.640	3,430.000000
4.273600	0.640	2,565.000000
4.284267	0.640	1,449.000000
4.294933	0.640	1,347.000000
4.305600	0.640	2,541.000000
4.316267	0.640	3,477.000000
4.326933	0.640	3,218.000000
4.337600	0.640	2,536.000000
4.348267	0.640	1,779.000000
4.358933	0.640	1,145.000000
4.369600	0.640	2,026.000000
4.380267	0.640	4,567.000000
4.390933	0.640	6,563.000000
4.401600	0.640	6,786.000000
4.412267	0.640	6,136.000000
4.422933	0.640	5,808.000000
4.433600	0.640	6,560.000000
4.444267	0.640	7,808.000000
4.454933	0.640	7,397.000000
4.465600	0.640	5,060.000000
4.476267	0.640	3,301.000000
4.486933	0.640	2,768.000000
4.497600	0.640	2,027.000000
4.508267	0.640	1,379.000000
4.518933	0.640	1,902.000000
4.529600	0.640	3,522.000000
4.540267	0.640	6,190.000000
4.550933	0.640	10,534.000000
4.561600	0.640	16,901.000000
4.572267	0.640	25,042.000000
4.582933	0.640	36,169.000000
4.593600	0.640	55,848.000000
4.604267	0.640	93,256.000000
4.614933	0.640	157,313.000000
4.625600	0.640	260,983.000000
4.636267	0.640	430,980.000000
4.646933	0.640	704,897.000000
4.657600	0.640	1,132,702.000000
4.668267	0.640	1,816,880.000000
4.678933	0.640	2,992,138.000000
4.689600	0.640	5,068,198.000000
4.700267	0.640	8,447,576.000000
4.710933	0.640	13,020,754.000000
4.721600	0.640	17,665,252.000000
4.732267	0.640	20,459,556.000000
4.742933	0.640	19,900,253.000000
4.753600	0.640	16,167,234.000000
4.764267	0.640	11,057,310.000000
4.774933	0.640	6,572,742.000000
4.785600	0.640	3,643,141.000000
4.796267	0.640	2,075,354.000000
4.806933	0.640	1,281,092.000000
4.817600	0.640	828,625.000000
4.828267	0.640	534,774.000000
4.838933	0.640	339,589.000000
4.849600	0.640	211,524.000000
4.860267	0.640	129,528.000000
4.870933	0.640	80,699.000000
4.881600	0.640	52,993.000000
4.892267	0.640	36,007.000000
4.902933	0.640	25,157.000000
4.913600	0.640	19,220.000000
4.924267	0.640	15,865.000000
4.934933	0.640	12,632.000000
4.945600	0.640	9,965.000000
4.956267	0.640	9,040.000000
4.966933	0.640	8,505.000000
4.977600	0.640	6,833.000000
4.988267	0.640	5,030.000000
4.998933	0.640	4,872.000000
5.009600	0.640	6,109.000000
5.020267	0.640	6,521.000000
5.030933	0.640	5,097.000000
5.041600	0.640	3,315.000000
5.052267	0.640	2,773.000000
5.062933	0.640	3,722.000000
5.073600	0.640	4,841.000000
5.084267	0.640	4,560.000000
5.094933	0.640	3,388.000000
5.105600	0.640	2,865.000000
5.116267	0.640	3,658.000000
5.126933	0.640	5,074.000000
5.137600	0.640	5,410.000000
5.148267	0.640	4,538.000000
5.158933	0.640	3,742.000000
5.169600	0.640	3,016.000000
5.180267	0.640	2,346.000000
5.190933	0.640	2,220.000000
5.201600	0.640	2,106.000000
5.212267	0.640	2,245.000000
5.222933	0.640	3,541.000000
5.233600	0.640	4,988.000000
5.244267	0.640	5,447.000000
5.254933	0.640	5,325.000000
5.265600	0.640	4,657.000000
5.276267	0.640	3,509.000000
5.286933	0.640	2,832.000000
5.297600	0.640	2,534.000000
5.308267	0.640	1,996.000000
5.318933	0.640	2,191.000000
5.329600	0.640	3,959.000000
5.340267	0.640	6,066.000000
5.350933	0.640	7,229.000000
5.361600	0.640	7,489.000000
5.372267	0.640	7,163.000000
5.382933	0.640	6,482.000000
5.393600	0.640	5,486.000000
5.404267	0.640	3,903.000000
5.414933	0.640	2,344.000000
5.425600	0.640	2,877.000000
5.436267	0.640	5,668.000000
5.446933	0.640	7,533.000000
5.457600	0.640	7,213.000000
5.468267	0.640	7,111.000000
5.478933	0.640	8,874.000000
5.489600	0.640	11,501.000000
5.500267	0.640	13,398.000000
5.510933	0.640	15,100.000000
5.521600	0.640	18,458.000000
5.532267	0.640	24,279.000000
5.542933	0.640	33,469.000000
5.553600	0.640	47,530.000000
5.564267	0.640	65,158.000000
5.574933	0.640	81,054.000000
5.585600	0.640	90,152.000000
5.596267	0.640	90,632.000000
5.606933	0.640	83,739.000000
5.617600	0.640	73,344.000000
5.628267	0.640	62,368.000000
5.638933	0.640	50,509.000000
5.649600	0.640	38,248.000000
5.660267	0.640	28,236.000000
5.670933	0.640	21,280.000000
5.681600	0.640	15,438.000000
5.692267	0.640	10,319.000000
5.702933	0.640	7,882.000000
5.713600	0.640	7,668.000000
5.724267	0.640	6,671.000000
5.734933	0.640	4,560.000000
5.745600	0.640	3,774.000000
5.756267	0.640	4,740.000000
5.766933	0.640	5,811.000000
5.777600	0.640	6,163.000000
5.788267	0.640	5,477.000000
5.798933	0.640	3,984.000000
5.809600	0.640	3,261.000000
5.820267	0.640	4,006.000000
5.830933	0.640	4,596.000000
5.841600	0.640	3,919.000000
5.852267	0.640	3,239.000000
5.862933	0.640	3,524.000000
5.873600	0.640	3,738.000000
5.884267	0.640	3,179.000000
5.894933	0.640	3,015.000000
5.905600	0.640	3,834.000000
5.916267	0.640	4,307.000000
5.926933	0.640	3,729.000000
5.937600	0.640	2,769.000000
5.948267	0.640	2,514.000000
5.958933	0.640	3,938.000000
5.969600	0.640	5,568.000000
5.980267	0.640	4,388.000000
5.990933	0.640	1,126.000000
6.001600	0.640	-374.000000
6.012267	0.640	1,155.000000
6.022933	0.640	3,855.000000
6.033600	0.640	5,973.000000
6.044267	0.640	6,691.000000
6.054933	0.640	5,534.000000
6.065600	0.640	2,966.000000
6.076267	0.640	1,436.000000
6.086933	0.640	3,323.000000
6.097600	0.640	7,216.000000
6.108267	0.640	10,757.000000
6.118933	0.640	15,580.000000
6.129600	0.640	23,170.000000
6.140267	0.640	31,751.000000
6.150933	0.640	41,507.000000
6.161600	0.640	53,574.000000
6.172267	0.640	63,912.000000
6.182933	0.640	66,657.000000
6.193600	0.640	61,208.000000
6.204267	0.640	50,857.000000
6.214933	0.640	38,440.000000
6.225600	0.640	26,696.000000
6.236267	0.640	18,111.000000
6.246933	0.640	12,950.000000
6.257600	0.640	10,068.000000
6.268267	0.640	8,601.000000
6.278933	0.640	8,313.000000
6.289600	0.640	9,389.000000
6.300267	0.640	12,057.000000
6.310933	0.640	16,497.000000
6.321600	0.640	23,127.000000
6.332267	0.640	32,232.000000
6.342933	0.640	43,750.000000
6.353600	0.640	59,484.000000
6.364267	0.640	85,123.000000
6.374933	0.640	129,378.000000
6.385600	0.640	203,617.000000
6.396267	0.640	321,278.000000
6.406933	0.640	492,384.000000
6.417600	0.640	713,617.000000
6.428267	0.640	954,870.000000
6.438933	0.640	1,155,701.000000
6.449600	0.640	1,249,491.000000
6.460267	0.640	1,201,713.000000
6.470933	0.640	1,033,814.000000
6.481600	0.640	808,402.000000
6.492267	0.640	583,205.000000
6.502933	0.640	388,545.000000
6.513600	0.640	239,934.000000
6.524267	0.640	142,215.000000
6.534933	0.640	84,960.000000
6.545600	0.640	52,629.000000
6.556267	0.640	35,088.000000
6.566933	0.640	26,212.000000
6.577600	0.640	22,071.000000
6.588267	0.640	20,609.000000
6.598933	0.640	21,085.000000
6.609600	0.640	23,747.000000
6.620267	0.640	27,223.000000
6.630933	0.640	28,740.000000
6.641600	0.640	27,681.000000
6.652267	0.640	25,831.000000
6.662933	0.640	24,568.000000
6.673600	0.640	23,020.000000
6.684267	0.640	19,664.000000
6.694933	0.640	15,505.000000
6.705600	0.640	13,525.000000
6.716267	0.640	14,062.000000
6.726933	0.640	14,415.000000
6.737600	0.640	13,691.000000
6.748267	0.640	12,669.000000
6.758933	0.640	10,878.000000
6.769600	0.640	8,460.000000
6.780267	0.640	7,365.000000
6.790933	0.640	7,995.000000
6.801600	0.640	8,665.000000
6.812267	0.640	9,415.000000
6.822933	0.640	10,650.000000
6.833600	0.640	11,245.000000
6.844267	0.640	12,223.000000
6.854933	0.640	15,365.000000
6.865600	0.640	18,982.000000
6.876267	0.640	20,804.000000
6.886933	0.640	21,725.000000
6.897600	0.640	22,698.000000
6.908267	0.640	21,767.000000
6.918933	0.640	18,343.000000
6.929600	0.640	15,848.000000
6.940267	0.640	17,443.000000
6.950933	0.640	22,895.000000
6.961600	0.640	29,506.000000
6.972267	0.640	35,012.000000
6.982933	0.640	39,468.000000
6.993600	0.640	42,525.000000
7.004267	0.640	41,774.000000
7.014933	0.640	35,884.000000
7.025600	0.640	26,538.000000
7.036267	0.640	17,589.000000
7.046933	0.640	12,178.000000
7.057600	0.640	9,831.000000
7.068267	0.640	8,090.000000
7.078933	0.640	6,305.000000
7.089600	0.640	5,758.000000
7.100267	0.640	6,692.000000
7.110933	0.640	7,500.000000
7.121600	0.640	6,930.000000
7.132267	0.640	5,387.000000
7.142933	0.640	4,275.000000
7.153600	0.640	4,630.000000
7.164267	0.640	5,746.000000
7.174933	0.640	5,952.000000
7.185600	0.640	4,895.000000
7.196267	0.640	3,581.000000
7.206933	0.640	3,083.000000
7.217600	0.640	3,921.000000
7.228267	0.640	5,462.000000
7.238933	0.640	6,768.000000
7.249600	0.640	7,887.000000
7.260267	0.640	8,682.000000
7.270933	0.640	8,413.000000
7.281600	0.640	7,588.000000
7.292267	0.640	7,064.000000
7.302933	0.640	6,473.000000
7.313600	0.640	5,950.000000
7.324267	0.640	6,175.000000
7.334933	0.640	6,710.000000
7.345600	0.640	6,532.000000
7.356267	0.640	5,637.000000
7.366933	0.640	5,317.000000
7.377600	0.640	6,114.000000
7.388267	0.640	6,953.000000
7.398933	0.640	6,705.000000
7.409600	0.640	5,318.000000
7.420267	0.640	3,779.000000
7.430933	0.640	3,250.000000
7.441600	0.640	4,190.000000
7.452267	0.640	5,975.000000
7.462933	0.640	7,457.000000
7.473600	0.640	7,914.000000
7.484267	0.640	7,332.000000
7.494933	0.640	6,213.000000
7.505600	0.640	4,812.000000
7.516267	0.640	3,422.000000
7.526933	0.640	3,023.000000
7.537600	0.640	3,553.000000
7.548267	0.640	4,184.000000
7.558933	0.640	5,344.000000
7.569600	0.640	6,522.000000
7.580267	0.640	5,987.000000
7.590933	0.640	4,644.000000
7.601600	0.640	4,535.000000
7.612267	0.640	5,239.000000
7.622933	0.640	5,715.000000
7.633600	0.640	5,920.000000
7.644267	0.640	5,858.000000
7.654933	0.640	5,619.000000
7.665600	0.640	5,583.000000
7.676267	0.640	6,560.000000
7.686933	0.640	9,094.000000
7.697600	0.640	11,897.000000
7.708267	0.640	13,580.000000
7.718933	0.640	16,707.000000
7.729600	0.640	27,149.000000
7.740267	0.640	48,163.000000
7.750933	0.640	80,266.000000
7.761600	0.640	127,715.000000
7.772267	0.640	197,686.000000
7.782933	0.640	298,419.000000
7.793600	0.640	448,066.000000
7.804267	0.640	679,422.000000
7.814933	0.640	1,033,332.000000
7.825600	0.640	1,557,117.000000
7.836267	0.640	2,324,136.000000
7.846933	0.640	3,480,052.000000
7.857600	0.640	5,292,183.000000
7.868267	0.640	8,211,063.000000
7.878933	0.640	12,924,025.000000
7.889600	0.640	20,134,011.000000
7.900267	0.640	29,894,159.000000
7.910933	0.640	40,912,125.000000
7.921600	0.640	50,519,250.000000
7.932267	0.640	55,638,400.000000
7.942933	0.640	54,341,640.000000
7.953600	0.640	46,994,584.000000
7.964267	0.640	36,093,364.000000
7.974933	0.640	24,845,209.000000
7.985600	0.640	15,593,443.000000
7.996267	0.640	9,166,344.000000
8.006933	0.640	5,233,072.000000
8.017600	0.640	3,014,163.000000
8.028267	0.640	1,791,572.000000
8.038933	0.640	1,096,645.000000
8.049600	0.640	681,606.000000
8.060267	0.640	426,474.000000
8.070933	0.640	272,882.000000
8.081600	0.640	183,417.000000
8.092267	0.640	128,344.000000
8.102933	0.640	93,033.000000
8.113600	0.640	72,969.000000
8.124267	0.640	62,394.000000
8.134933	0.640	55,421.000000
8.145600	0.640	49,359.000000
8.156267	0.640	43,454.000000
8.166933	0.640	38,204.000000
8.177600	0.640	34,167.000000
8.188267	0.640	30,204.000000
8.198933	0.640	25,257.000000
8.209600	0.640	21,012.000000
8.220267	0.640	19,833.000000
8.230933	0.640	20,871.000000
8.241600	0.640	20,882.000000
8.252267	0.640	18,924.000000
8.262933	0.640	17,210.000000
8.273600	0.640	16,563.000000
8.284267	0.640	15,206.000000
8.294933	0.640	12,735.000000
8.305600	0.640	10,695.000000
8.316267	0.640	9,546.000000
8.326933	0.640	8,792.000000
8.337600	0.640	8,374.000000
8.348267	0.640	8,624.000000
8.358933	0.640	9,833.000000
8.369600	0.640	11,282.000000
8.380267	0.640	11,995.000000
8.390933	0.640	11,787.000000
8.401600	0.640	10,713.000000
8.412267	0.640	9,829.000000
8.422933	0.640	10,310.000000
8.433600	0.640	11,074.000000
8.444267	0.640	10,576.000000
8.454933	0.640	9,322.000000
8.465600	0.640	8,711.000000
8.476267	0.640	9,535.000000
8.486933	0.640	12,475.000000
8.497600	0.640	18,074.000000
8.508267	0.640	25,141.000000
8.518933	0.640	31,861.000000
8.529600	0.640	39,043.000000
8.540267	0.640	48,867.000000
8.550933	0.640	61,953.000000
8.561600	0.640	79,655.000000
8.572267	0.640	108,719.000000
8.582933	0.640	158,793.000000
8.593600	0.640	236,576.000000
8.604267	0.640	352,299.000000
8.614933	0.640	529,616.000000
8.625600	0.640	801,529.000000
8.636267	0.640	1,199,570.000000
8.646933	0.640	1,763,379.000000
8.657600	0.640	2,574,054.000000
8.668267	0.640	3,774,203.000000
8.678933	0.640	5,600,718.000000
8.689600	0.640	8,454,793.000000
8.700267	0.640	12,876,617.000000
8.710933	0.640	19,284,691.000000
8.721600	0.640	27,538,672.000000
8.732267	0.640	36,585,633.000000
8.742933	0.640	44,462,126.000000
8.753600	0.640	48,854,226.000000
8.764267	0.640	48,210,370.000000
8.774933	0.640	42,694,327.000000
8.785600	0.640	34,059,945.000000
8.796267	0.640	24,633,441.000000
8.806933	0.640	16,317,666.000000
8.817600	0.640	10,075,775.000000
8.828267	0.640	5,947,228.000000
8.838933	0.640	3,453,470.000000
8.849600	0.640	2,025,030.000000
8.860267	0.640	1,219,465.000000
8.870933	0.640	759,426.000000
8.881600	0.640	489,038.000000
8.892267	0.640	323,568.000000
8.902933	0.640	217,374.000000
8.913600	0.640	146,899.000000
8.924267	0.640	100,844.000000
8.934933	0.640	73,015.000000
8.945600	0.640	58,193.000000
8.956267	0.640	50,329.000000
8.966933	0.640	44,348.000000
8.977600	0.640	39,006.000000
8.988267	0.640	34,888.000000
8.998933	0.640	31,212.000000
9.009600	0.640	27,217.000000
9.020267	0.640	24,420.000000
9.030933	0.640	24,375.000000
9.041600	0.640	25,388.000000
9.052267	0.640	24,692.000000
9.062933	0.640	22,128.000000
9.073600	0.640	19,709.000000
9.084267	0.640	19,092.000000
9.094933	0.640	19,450.000000
9.105600	0.640	18,992.000000
9.116267	0.640	18,272.000000
9.126933	0.640	18,317.000000
9.137600	0.640	18,226.000000
9.148267	0.640	17,732.000000
9.158933	0.640	17,980.000000
9.169600	0.640	19,179.000000
9.180267	0.640	20,557.000000
9.190933	0.640	21,450.000000
9.201600	0.640	21,329.000000
9.212267	0.640	20,282.000000
9.222933	0.640	19,340.000000
9.233600	0.640	19,009.000000
9.244267	0.640	18,825.000000
9.254933	0.640	18,338.000000
9.265600	0.640	16,785.000000
9.276267	0.640	14,353.000000
9.286933	0.640	13,162.000000
9.297600	0.640	14,167.000000
9.308267	0.640	15,939.000000
9.318933	0.640	16,481.000000
9.329600	0.640	14,803.000000
9.340267	0.640	12,363.000000
9.350933	0.640	11,741.000000
9.361600	0.640	13,338.000000
9.372267	0.640	15,073.000000
9.382933	0.640	15,618.000000
9.393600	0.640	15,975.000000
9.404267	0.640	16,832.000000
9.414933	0.640	17,261.000000
9.425600	0.640	16,752.000000
9.436267	0.640	16,465.000000
9.446933	0.640	16,879.000000
9.457600	0.640	16,282.000000
9.468267	0.640	14,924.000000
9.478933	0.640	15,436.000000
9.489600	0.640	17,441.000000
9.500267	0.640	19,019.000000
9.510933	0.640	20,789.000000
9.521600	0.640	23,452.000000
9.532267	0.640	26,993.000000
9.542933	0.640	32,788.000000
9.553600	0.640	40,982.000000
9.564267	0.640	48,282.000000
9.574933	0.640	51,787.000000
9.585600	0.640	52,496.000000
9.596267	0.640	53,890.000000
9.606933	0.640	58,838.000000
9.617600	0.640	69,262.000000
9.628267	0.640	88,612.000000
9.638933	0.640	123,047.000000
9.649600	0.640	179,724.000000
9.660267	0.640	263,524.000000
9.670933	0.640	373,789.000000
9.681600	0.640	498,775.000000
9.692267	0.640	608,855.000000
9.702933	0.640	666,900.000000
9.713600	0.640	652,331.000000
9.724267	0.640	568,341.000000
9.734933	0.640	438,886.000000
9.745600	0.640	303,428.000000
9.756267	0.640	194,647.000000
9.766933	0.640	121,744.000000
9.777600	0.640	78,245.000000
9.788267	0.640	53,862.000000
9.798933	0.640	40,083.000000
9.809600	0.640	32,239.000000
9.820267	0.640	28,153.000000
9.830933	0.640	26,273.000000
9.841600	0.640	25,289.000000
9.852267	0.640	24,957.000000
9.862933	0.640	26,025.000000
9.873600	0.640	27,931.000000
9.884267	0.640	29,390.000000
9.894933	0.640	31,724.000000
9.905600	0.640	37,864.000000
9.916267	0.640	48,511.000000
9.926933	0.640	62,921.000000
9.937600	0.640	83,140.000000
9.948267	0.640	114,072.000000
9.958933	0.640	161,653.000000
9.969600	0.640	231,473.000000
9.980267	0.640	329,332.000000
9.990933	0.640	469,802.000000
10.001600	0.640	683,965.000000
10.012267	0.640	1,024,176.000000
10.022933	0.640	1,561,527.000000
10.033600	0.640	2,346,324.000000
10.044267	0.640	3,341,607.000000
10.054933	0.640	4,376,555.000000
10.065600	0.640	5,165,441.000000
10.076267	0.640	5,431,623.000000
10.086933	0.640	5,068,838.000000
10.097600	0.640	4,200,678.000000
10.108267	0.640	3,104,350.000000
10.118933	0.640	2,065,878.000000
10.129600	0.640	1,263,452.000000
10.140267	0.640	739,753.000000
10.150933	0.640	441,992.000000
10.161600	0.640	284,348.000000
10.172267	0.640	198,867.000000
10.182933	0.640	150,220.000000
10.193600	0.640	122,429.000000
10.204267	0.640	107,322.000000
10.214933	0.640	100,168.000000
10.225600	0.640	95,357.000000
10.236267	0.640	89,261.000000
10.246933	0.640	82,923.000000
10.257600	0.640	76,719.000000
10.268267	0.640	69,099.000000
10.278933	0.640	59,622.000000
10.289600	0.640	49,844.000000
10.300267	0.640	42,331.000000
10.310933	0.640	37,508.000000
10.321600	0.640	33,328.000000
10.332267	0.640	29,036.000000
10.342933	0.640	26,116.000000
10.353600	0.640	25,872.000000
10.364267	0.640	26,430.000000
10.374933	0.640	24,705.000000
10.385600	0.640	22,500.000000
10.396267	0.640	23,570.000000
10.406933	0.640	26,535.000000
10.417600	0.640	27,797.000000
10.428267	0.640	27,579.000000
10.438933	0.640	27,841.000000
10.449600	0.640	28,087.000000
10.460267	0.640	26,768.000000
10.470933	0.640	23,166.000000
10.481600	0.640	18,796.000000
10.492267	0.640	17,401.000000
10.502933	0.640	19,084.000000
10.513600	0.640	19,854.000000
10.524267	0.640	19,127.000000
10.534933	0.640	19,538.000000
10.545600	0.640	20,967.000000
10.556267	0.640	21,148.000000
10.566933	0.640	20,181.000000
10.577600	0.640	19,958.000000
10.588267	0.640	20,253.000000
10.598933	0.640	19,463.000000
10.609600	0.640	18,229.000000
10.620267	0.640	18,492.000000
10.630933	0.640	20,101.000000
10.641600	0.640	21,844.000000
10.652267	0.640	23,614.000000
10.662933	0.640	25,062.000000
10.673600	0.640	25,514.000000
10.684267	0.640	25,649.000000
10.694933	0.640	26,014.000000
10.705600	0.640	25,933.000000
10.716267	0.640	25,435.000000
10.726933	0.640	25,189.000000
10.737600	0.640	25,426.000000
10.748267	0.640	25,979.000000
10.758933	0.640	25,765.000000
10.769600	0.640	23,983.000000
10.780267	0.640	21,803.000000
10.790933	0.640	20,590.000000
10.801600	0.640	20,366.000000
10.812267	0.640	20,587.000000
10.822933	0.640	20,589.000000
10.833600	0.640	20,490.000000
10.844267	0.640	21,447.000000
10.854933	0.640	22,897.000000
10.865600	0.640	22,765.000000
10.876267	0.640	21,287.000000
10.886933	0.640	20,765.000000
10.897600	0.640	22,702.000000
10.908267	0.640	26,660.000000
10.918933	0.640	31,408.000000
10.929600	0.640	36,892.000000
10.940267	0.640	44,389.000000
10.950933	0.640	55,381.000000
10.961600	0.640	70,459.000000
10.972267	0.640	90,609.000000
10.982933	0.640	119,427.000000
10.993600	0.640	161,926.000000
11.004267	0.640	224,300.000000
11.014933	0.640	315,052.000000
11.025600	0.640	446,977.000000
11.036267	0.640	643,371.000000
11.046933	0.640	931,479.000000
11.057600	0.640	1,314,227.000000
11.068267	0.640	1,747,499.000000
11.078933	0.640	2,146,517.000000
11.089600	0.640	2,411,988.000000
11.100267	0.640	2,463,041.000000
11.110933	0.640	2,278,629.000000
11.121600	0.640	1,916,066.000000
11.132267	0.640	1,478,286.000000
11.142933	0.640	1,067,735.000000
11.153600	0.640	755,657.000000
11.164267	0.640	566,072.000000
11.174933	0.640	486,362.000000
11.185600	0.640	495,724.000000
11.196267	0.640	581,788.000000
11.206933	0.640	738,349.000000
11.217600	0.640	965,516.000000
11.228267	0.640	1,276,945.000000
11.238933	0.640	1,701,603.000000
11.249600	0.640	2,296,692.000000
11.260267	0.640	3,178,368.000000
11.270933	0.640	4,548,371.000000
11.281600	0.640	6,681,000.000000
11.292267	0.640	9,840,272.000000
11.302933	0.640	14,115,712.000000
11.313600	0.640	19,160,690.000000
11.324267	0.640	24,038,822.000000
11.334933	0.640	27,473,525.000000
11.345600	0.640	28,386,898.000000
11.356267	0.640	26,413,611.000000
11.366933	0.640	22,106,291.000000
11.377600	0.640	16,674,143.000000
11.388267	0.640	11,429,381.000000
11.398933	0.640	7,244,701.000000
11.409600	0.640	4,345,334.000000
11.420267	0.640	2,529,722.000000
11.430933	0.640	1,475,879.000000
11.441600	0.640	890,194.000000
11.452267	0.640	560,647.000000
11.462933	0.640	364,622.000000
11.473600	0.640	241,759.000000
11.484267	0.640	165,296.000000
11.494933	0.640	121,168.000000
11.505600	0.640	96,382.000000
11.516267	0.640	80,836.000000
11.526933	0.640	69,701.000000
11.537600	0.640	62,006.000000
11.548267	0.640	59,035.000000
11.558933	0.640	60,332.000000
11.569600	0.640	61,985.000000
11.580267	0.640	60,380.000000
11.590933	0.640	55,795.000000
11.601600	0.640	50,905.000000
11.612267	0.640	46,537.000000
11.622933	0.640	41,575.000000
11.633600	0.640	36,130.000000
11.644267	0.640	31,963.000000
11.654933	0.640	30,233.000000
11.665600	0.640	30,108.000000
11.676267	0.640	30,585.000000
11.686933	0.640	32,431.000000
11.697600	0.640	35,456.000000
11.708267	0.640	37,647.000000
11.718933	0.640	39,239.000000
11.729600	0.640	41,418.000000
11.740267	0.640	42,556.000000
11.750933	0.640	42,418.000000
11.761600	0.640	44,148.000000
11.772267	0.640	48,143.000000
11.782933	0.640	53,223.000000
11.793600	0.640	61,584.000000
11.804267	0.640	75,408.000000
11.814933	0.640	96,157.000000
11.825600	0.640	127,268.000000
11.836267	0.640	173,590.000000
11.846933	0.640	243,235.000000
11.857600	0.640	346,930.000000
11.868267	0.640	493,904.000000
11.878933	0.640	695,326.000000
11.889600	0.640	970,423.000000
11.900267	0.640	1,347,722.000000
11.910933	0.640	1,879,088.000000
11.921600	0.640	2,676,053.000000
11.932267	0.640	3,938,639.000000
11.942933	0.640	5,939,947.000000
11.953600	0.640	8,919,143.000000
11.964267	0.640	12,871,554.000000
11.974933	0.640	17,335,518.000000
11.985600	0.640	21,320,296.000000
11.996267	0.640	23,580,882.000000
12.006933	0.640	23,264,549.000000
12.017600	0.640	20,430,805.000000
12.028267	0.640	16,000,421.000000
12.038933	0.640	11,243,910.000000
12.049600	0.640	7,182,080.000000
12.060267	0.640	4,270,906.000000
12.070933	0.640	2,463,161.000000
12.081600	0.640	1,446,857.000000
12.092267	0.640	885,975.000000
12.102933	0.640	560,173.000000
12.113600	0.640	364,831.000000
12.124267	0.640	247,608.000000
12.134933	0.640	173,970.000000
12.145600	0.640	126,175.000000
12.156267	0.640	97,796.000000
12.166933	0.640	82,644.000000
12.177600	0.640	73,140.000000
12.188267	0.640	64,704.000000
12.198933	0.640	56,886.000000
12.209600	0.640	50,878.000000
12.220267	0.640	47,333.000000
12.230933	0.640	45,754.000000
12.241600	0.640	44,913.000000
12.252267	0.640	43,409.000000
12.262933	0.640	41,440.000000
12.273600	0.640	40,872.000000
12.284267	0.640	41,295.000000
12.294933	0.640	39,718.000000
12.305600	0.640	35,772.000000
12.316267	0.640	32,729.000000
12.326933	0.640	32,366.000000
12.337600	0.640	33,500.000000
12.348267	0.640	34,899.000000
12.358933	0.640	35,566.000000
12.369600	0.640	35,537.000000
12.380267	0.640	36,131.000000
12.390933	0.640	36,663.000000
12.401600	0.640	36,298.000000
12.412267	0.640	37,223.000000
12.422933	0.640	40,259.000000
12.433600	0.640	42,598.000000
12.444267	0.640	42,906.000000
12.454933	0.640	43,211.000000
12.465600	0.640	44,223.000000
12.476267	0.640	44,796.000000
12.486933	0.640	45,342.000000
12.497600	0.640	46,047.000000
12.508267	0.640	45,759.000000
12.518933	0.640	44,670.000000
12.529600	0.640	44,071.000000
12.540267	0.640	45,011.000000
12.550933	0.640	47,690.000000
12.561600	0.640	50,569.000000
12.572267	0.640	51,868.000000
12.582933	0.640	52,560.000000
12.593600	0.640	54,738.000000
12.604267	0.640	56,722.000000
12.614933	0.640	55,043.000000
12.625600	0.640	50,559.000000
12.636267	0.640	47,214.000000
12.646933	0.640	46,301.000000
12.657600	0.640	45,943.000000
12.668267	0.640	44,544.000000
12.678933	0.640	42,125.000000
12.689600	0.640	39,866.000000
12.700267	0.640	38,814.000000
12.710933	0.640	38,801.000000
12.721600	0.640	39,251.000000
12.732267	0.640	39,923.000000
12.742933	0.640	40,432.000000
12.753600	0.640	40,095.000000
12.764267	0.640	39,141.000000
12.774933	0.640	38,929.000000
12.785600	0.640	40,446.000000
12.796267	0.640	43,371.000000
12.806933	0.640	46,463.000000
12.817600	0.640	48,644.000000
12.828267	0.640	49,209.000000
12.838933	0.640	48,352.000000
12.849600	0.640	46,476.000000
12.860267	0.640	42,658.000000
12.870933	0.640	37,503.000000
12.881600	0.640	34,236.000000
12.892267	0.640	34,216.000000
12.902933	0.640	35,071.000000
12.913600	0.640	34,057.000000
12.924267	0.640	31,405.000000
12.934933	0.640	28,761.000000
12.945600	0.640	26,578.000000
12.956267	0.640	25,412.000000
12.966933	0.640	26,316.000000
12.977600	0.640	27,516.000000
12.988267	0.640	25,903.000000
12.998933	0.640	23,542.000000
13.009600	0.640	24,786.000000
13.020267	0.640	28,145.000000
13.030933	0.640	29,794.000000
13.041600	0.640	29,741.000000
13.052267	0.640	28,925.000000
13.062933	0.640	27,807.000000
13.073600	0.640	27,994.000000
13.084267	0.640	29,457.000000
13.094933	0.640	30,119.000000
13.105600	0.640	29,612.000000
13.116267	0.640	28,853.000000
13.126933	0.640	27,963.000000
13.137600	0.640	27,140.000000
13.148267	0.640	26,864.000000
13.158933	0.640	27,109.000000
13.169600	0.640	27,786.000000
13.180267	0.640	29,129.000000
13.190933	0.640	30,288.000000
13.201600	0.640	29,787.000000
13.212267	0.640	28,751.000000
13.222933	0.640	29,301.000000
13.233600	0.640	31,022.000000
13.244267	0.640	32,277.000000
13.254933	0.640	32,080.000000
13.265600	0.640	31,211.000000
13.276267	0.640	31,803.000000
13.286933	0.640	33,767.000000
13.297600	0.640	34,838.000000
13.308267	0.640	34,334.000000
13.318933	0.640	32,783.000000
13.329600	0.640	30,457.000000
13.340267	0.640	28,493.000000
13.350933	0.640	27,459.000000
13.361600	0.640	26,274.000000
13.372267	0.640	25,554.000000
13.382933	0.640	26,980.000000
13.393600	0.640	29,407.000000
13.404267	0.640	30,508.000000
13.414933	0.640	29,818.000000
13.425600	0.640	28,457.000000
13.436267	0.640	27,604.000000
13.446933	0.640	27,339.000000
13.457600	0.640	27,440.000000
13.468267	0.640	28,071.000000
13.478933	0.640	28,601.000000
13.489600	0.640	28,302.000000
13.500267	0.640	27,586.000000
13.510933	0.640	26,794.000000
13.521600	0.640	26,265.000000
13.532267	0.640	26,786.000000
13.542933	0.640	27,762.000000
13.553600	0.640	27,665.000000
13.564267	0.640	26,421.000000
13.574933	0.640	25,043.000000
13.585600	0.640	24,697.000000
13.596267	0.640	25,898.000000
13.606933	0.640	27,066.000000
13.617600	0.640	26,913.000000
13.628267	0.640	26,882.000000
13.638933	0.640	28,021.000000
13.649600	0.640	29,399.000000
13.660267	0.640	29,562.000000
13.670933	0.640	28,099.000000
13.681600	0.640	27,213.000000
13.692267	0.640	28,201.000000
13.702933	0.640	29,428.000000
13.713600	0.640	30,697.000000
13.724267	0.640	32,758.000000
13.734933	0.640	35,034.000000
13.745600	0.640	37,824.000000
13.756267	0.640	42,610.000000
13.766933	0.640	49,952.000000
13.777600	0.640	59,177.000000
13.788267	0.640	69,151.000000
13.798933	0.640	78,904.000000
13.809600	0.640	89,197.000000
13.820267	0.640	101,454.000000
13.830933	0.640	115,470.000000
13.841600	0.640	132,916.000000
13.852267	0.640	159,408.000000
13.862933	0.640	198,586.000000
13.873600	0.640	250,623.000000
13.884267	0.640	320,226.000000
13.894933	0.640	417,567.000000
13.905600	0.640	549,713.000000
13.916267	0.640	713,653.000000
13.926933	0.640	892,495.000000
13.937600	0.640	1,060,578.000000
13.948267	0.640	1,189,569.000000
13.958933	0.640	1,249,854.000000
13.969600	0.640	1,225,422.000000
13.980267	0.640	1,126,059.000000
13.990933	0.640	975,220.000000
14.001600	0.640	796,776.000000
14.012267	0.640	613,988.000000
14.022933	0.640	449,207.000000
14.033600	0.640	319,221.000000
14.044267	0.640	229,218.000000
14.054933	0.640	172,278.000000
14.065600	0.640	138,462.000000
14.076267	0.640	120,627.000000
14.086933	0.640	111,170.000000
14.097600	0.640	104,795.000000
14.108267	0.640	101,307.000000
14.118933	0.640	98,760.000000
14.129600	0.640	93,557.000000
14.140267	0.640	85,681.000000
14.150933	0.640	76,722.000000
14.161600	0.640	67,853.000000
14.172267	0.640	59,688.000000
14.182933	0.640	52,293.000000
14.193600	0.640	46,711.000000
14.204267	0.640	43,477.000000
14.214933	0.640	40,846.000000
14.225600	0.640	37,917.000000
14.236267	0.640	35,598.000000
14.246933	0.640	34,456.000000
14.257600	0.640	34,409.000000
14.268267	0.640	34,942.000000
14.278933	0.640	35,748.000000
14.289600	0.640	36,696.000000
14.300267	0.640	37,374.000000
14.310933	0.640	37,529.000000
14.321600	0.640	37,476.000000
14.332267	0.640	38,509.000000
14.342933	0.640	41,411.000000
14.353600	0.640	44,903.000000
14.364267	0.640	47,427.000000
14.374933	0.640	49,531.000000
14.385600	0.640	52,369.000000
14.396267	0.640	54,097.000000
14.406933	0.640	52,048.000000
14.417600	0.640	47,762.000000
14.428267	0.640	44,505.000000
14.438933	0.640	42,366.000000
14.449600	0.640	40,188.000000
14.460267	0.640	38,860.000000
14.470933	0.640	39,480.000000
14.481600	0.640	40,667.000000
14.492267	0.640	40,729.000000
14.502933	0.640	40,491.000000
14.513600	0.640	40,729.000000
14.524267	0.640	40,740.000000
14.534933	0.640	40,625.000000
14.545600	0.640	40,793.000000
14.556267	0.640	40,780.000000
14.566933	0.640	40,438.000000
14.577600	0.640	41,184.000000
14.588267	0.640	43,458.000000
14.598933	0.640	45,321.000000
14.609600	0.640	47,294.000000
14.620267	0.640	51,289.000000
14.630933	0.640	56,105.000000
14.641600	0.640	61,785.000000
14.652267	0.640	70,958.000000
14.662933	0.640	82,674.000000
14.673600	0.640	91,502.000000
14.684267	0.640	93,588.000000
14.694933	0.640	89,924.000000
14.705600	0.640	82,684.000000
14.716267	0.640	73,217.000000
14.726933	0.640	64,135.000000
14.737600	0.640	58,529.000000
14.748267	0.640	57,672.000000
14.758933	0.640	60,536.000000
14.769600	0.640	65,180.000000
14.780267	0.640	71,058.000000
14.790933	0.640	77,552.000000
14.801600	0.640	81,540.000000
14.812267	0.640	81,330.000000
14.822933	0.640	78,886.000000
14.833600	0.640	75,397.000000
14.844267	0.640	71,493.000000
14.854933	0.640	68,411.000000
14.865600	0.640	65,249.000000
14.876267	0.640	61,277.000000
14.886933	0.640	57,240.000000
14.897600	0.640	53,400.000000
14.908267	0.640	50,905.000000
14.918933	0.640	50,444.000000
14.929600	0.640	50,342.000000
14.940267	0.640	49,810.000000
14.950933	0.640	50,250.000000
14.961600	0.640	52,436.000000
14.972267	0.640	54,357.000000
14.982933	0.640	53,783.000000
14.993600	0.640	52,151.000000
15.004267	0.640	51,478.000000
15.014933	0.640	51,718.000000
15.025600	0.640	53,142.000000
15.036267	0.640	54,774.000000
15.046933	0.640	54,395.000000
15.057600	0.640	53,069.000000
15.068267	0.640	53,654.000000
15.078933	0.640	56,046.000000
15.089600	0.640	58,657.000000
15.100267	0.640	61,872.000000
15.110933	0.640	66,540.000000
15.121600	0.640	71,997.000000
15.132267	0.640	77,197.000000
15.142933	0.640	80,720.000000
15.153600	0.640	80,239.000000
15.164267	0.640	76,261.000000
15.174933	0.640	72,590.000000
15.185600	0.640	68,926.000000
15.196267	0.640	63,013.000000
15.206933	0.640	58,531.000000
15.217600	0.640	58,116.000000
15.228267	0.640	57,976.000000
15.238933	0.640	56,337.000000
15.249600	0.640	55,827.000000
15.260267	0.640	57,362.000000
15.270933	0.640	59,357.000000
15.281600	0.640	60,833.000000
15.292267	0.640	61,787.000000
15.302933	0.640	62,339.000000
15.313600	0.640	62,428.000000
15.324267	0.640	62,120.000000
15.334933	0.640	62,008.000000
15.345600	0.640	62,926.000000
15.356267	0.640	64,929.000000
15.366933	0.640	66,095.000000
15.377600	0.640	64,671.000000
15.388267	0.640	62,737.000000
15.398933	0.640	63,272.000000
15.409600	0.640	65,533.000000
15.420267	0.640	67,500.000000
15.430933	0.640	68,586.000000
15.441600	0.640	69,213.000000
15.452267	0.640	69,950.000000
15.462933	0.640	69,620.000000
15.473600	0.640	67,530.000000
15.484267	0.640	66,378.000000
15.494933	0.640	68,350.000000
15.505600	0.640	72,086.000000
15.516267	0.640	75,936.000000
15.526933	0.640	80,467.000000
15.537600	0.640	87,813.000000
15.548267	0.640	101,347.000000
15.558933	0.640	122,973.000000
15.569600	0.640	148,053.000000
15.580267	0.640	165,347.000000
15.590933	0.640	166,063.000000
15.601600	0.640	151,992.000000
15.612267	0.640	131,005.000000
15.622933	0.640	110,142.000000
15.633600	0.640	94,444.000000
15.644267	0.640	85,195.000000
15.654933	0.640	80,834.000000
15.665600	0.640	79,840.000000
15.676267	0.640	79,235.000000
15.686933	0.640	76,078.000000
15.697600	0.640	72,003.000000
15.708267	0.640	70,655.000000
15.718933	0.640	72,408.000000
15.729600	0.640	75,069.000000
15.740267	0.640	77,801.000000
15.750933	0.640	82,165.000000
15.761600	0.640	90,705.000000
15.772267	0.640	107,077.000000
15.782933	0.640	137,097.000000
15.793600	0.640	189,163.000000
15.804267	0.640	274,497.000000
15.814933	0.640	409,793.000000
15.825600	0.640	628,568.000000
15.836267	0.640	999,436.000000
15.846933	0.640	1,654,803.000000
15.857600	0.640	2,825,591.000000
15.868267	0.640	4,783,702.000000
15.878933	0.640	7,562,522.000000
15.889600	0.640	10,581,194.000000
15.900267	0.640	12,654,530.000000
15.910933	0.640	12,702,450.000000
15.921600	0.640	10,637,769.000000
15.932267	0.640	7,473,336.000000
15.942933	0.640	4,505,771.000000
15.953600	0.640	2,461,540.000000
15.964267	0.640	1,340,401.000000
15.974933	0.640	800,963.000000
15.985600	0.640	534,666.000000
15.996267	0.640	381,618.000000
16.006933	0.640	286,843.000000
16.017600	0.640	231,289.000000
16.028267	0.640	198,855.000000
16.038933	0.640	177,791.000000
16.049600	0.640	165,227.000000
16.060267	0.640	161,656.000000
16.070933	0.640	165,184.000000
16.081600	0.640	174,116.000000
16.092267	0.640	186,904.000000
16.102933	0.640	197,509.000000
16.113600	0.640	200,061.000000
16.124267	0.640	194,869.000000
16.134933	0.640	187,380.000000
16.145600	0.640	184,839.000000
16.156267	0.640	187,616.000000
16.166933	0.640	189,177.000000
16.177600	0.640	187,094.000000
16.188267	0.640	181,836.000000
16.198933	0.640	172,911.000000
16.209600	0.640	162,801.000000
16.220267	0.640	155,572.000000
16.230933	0.640	152,442.000000
16.241600	0.640	152,649.000000
16.252267	0.640	156,342.000000
16.262933	0.640	162,478.000000
16.273600	0.640	165,997.000000
16.284267	0.640	162,820.000000
16.294933	0.640	154,592.000000
16.305600	0.640	144,223.000000
16.316267	0.640	132,356.000000
16.326933	0.640	121,588.000000
16.337600	0.640	116,387.000000
16.348267	0.640	116,475.000000
16.358933	0.640	117,855.000000
16.369600	0.640	119,037.000000
16.380267	0.640	120,623.000000
16.390933	0.640	122,780.000000
16.401600	0.640	124,852.000000
16.412267	0.640	124,604.000000
16.422933	0.640	121,791.000000
16.433600	0.640	121,267.000000
16.444267	0.640	126,392.000000
16.454933	0.640	137,190.000000
16.465600	0.640	158,489.000000
16.476267	0.640	200,349.000000
16.486933	0.640	275,081.000000
16.497600	0.640	404,539.000000
16.508267	0.640	625,360.000000
16.518933	0.640	988,757.000000
16.529600	0.640	1,580,703.000000
16.540267	0.640	2,574,968.000000
16.550933	0.640	4,313,046.000000
16.561600	0.640	7,347,697.000000
16.572267	0.640	12,213,010.000000
16.582933	0.640	18,748,456.000000
16.593600	0.640	25,425,799.000000
16.604267	0.640	29,638,990.000000
16.614933	0.640	29,291,438.000000
16.625600	0.640	24,448,124.000000
16.636267	0.640	17,326,448.000000
16.646933	0.640	10,621,325.000000
16.657600	0.640	5,880,282.000000
16.668267	0.640	3,184,402.000000
16.678933	0.640	1,844,471.000000
16.689600	0.640	1,170,247.000000
16.700267	0.640	783,442.000000
16.710933	0.640	541,816.000000
16.721600	0.640	389,888.000000
16.732267	0.640	295,754.000000
16.742933	0.640	237,035.000000
16.753600	0.640	200,096.000000
16.764267	0.640	180,224.000000
16.774933	0.640	172,295.000000
16.785600	0.640	167,249.000000
16.796267	0.640	160,747.000000
16.806933	0.640	156,780.000000
16.817600	0.640	160,425.000000
16.828267	0.640	171,439.000000
16.838933	0.640	185,868.000000
16.849600	0.640	201,047.000000
16.860267	0.640	215,476.000000
16.870933	0.640	224,359.000000
16.881600	0.640	221,911.000000
16.892267	0.640	209,480.000000
16.902933	0.640	194,677.000000
16.913600	0.640	181,544.000000
16.924267	0.640	169,245.000000
16.934933	0.640	160,223.000000
16.945600	0.640	157,465.000000
16.956267	0.640	156,281.000000
16.966933	0.640	152,177.000000
16.977600	0.640	148,528.000000
16.988267	0.640	148,283.000000
16.998933	0.640	148,907.000000
17.009600	0.640	148,580.000000
17.020267	0.640	149,144.000000
17.030933	0.640	151,009.000000
17.041600	0.640	152,147.000000
17.052267	0.640	152,828.000000
17.062933	0.640	156,368.000000
17.073600	0.640	165,781.000000
17.084267	0.640	180,373.000000
17.094933	0.640	198,148.000000
17.105600	0.640	221,099.000000
17.116267	0.640	252,691.000000
17.126933	0.640	295,503.000000
17.137600	0.640	352,951.000000
17.148267	0.640	424,016.000000
17.158933	0.640	499,639.000000
17.169600	0.640	568,664.000000
17.180267	0.640	621,275.000000
17.190933	0.640	650,204.000000
17.201600	0.640	651,400.000000
17.212267	0.640	621,741.000000
17.222933	0.640	564,368.000000
17.233600	0.640	491,097.000000
17.244267	0.640	412,471.000000
17.254933	0.640	337,676.000000
17.265600	0.640	278,264.000000
17.276267	0.640	237,490.000000
17.286933	0.640	207,609.000000
17.297600	0.640	185,069.000000
17.308267	0.640	173,602.000000
17.318933	0.640	171,313.000000
17.329600	0.640	170,106.000000
17.340267	0.640	166,978.000000
17.350933	0.640	165,015.000000
17.361600	0.640	165,242.000000
17.372267	0.640	166,371.000000
17.382933	0.640	168,791.000000
17.393600	0.640	173,226.000000
17.404267	0.640	179,162.000000
17.414933	0.640	184,705.000000
17.425600	0.640	189,594.000000
17.436267	0.640	196,457.000000
17.446933	0.640	205,290.000000
17.457600	0.640	213,077.000000
17.468267	0.640	218,988.000000
17.478933	0.640	226,070.000000
17.489600	0.640	238,198.000000
17.500267	0.640	255,185.000000
17.510933	0.640	273,655.000000
17.521600	0.640	291,526.000000
17.532267	0.640	307,682.000000
17.542933	0.640	323,278.000000
17.553600	0.640	346,020.000000
17.564267	0.640	385,149.000000
17.574933	0.640	440,231.000000
17.585600	0.640	499,616.000000
17.596267	0.640	550,024.000000
17.606933	0.640	581,814.000000
17.617600	0.640	585,859.000000
17.628267	0.640	555,750.000000
17.638933	0.640	496,758.000000
17.649600	0.640	427,897.000000
17.660267	0.640	368,731.000000
17.670933	0.640	325,383.000000
17.681600	0.640	295,462.000000
17.692267	0.640	277,560.000000
17.702933	0.640	268,704.000000
17.713600	0.640	263,276.000000
17.724267	0.640	258,911.000000
17.734933	0.640	256,722.000000
17.745600	0.640	255,604.000000
17.756267	0.640	252,954.000000
17.766933	0.640	249,862.000000
17.777600	0.640	250,243.000000
17.788267	0.640	255,219.000000
17.798933	0.640	260,664.000000
17.809600	0.640	262,566.000000
17.820267	0.640	262,412.000000
17.830933	0.640	264,085.000000
17.841600	0.640	267,983.000000
17.852267	0.640	270,915.000000
17.862933	0.640	271,998.000000
17.873600	0.640	273,737.000000
17.884267	0.640	276,740.000000
17.894933	0.640	280,628.000000
17.905600	0.640	286,464.000000
17.916267	0.640	292,555.000000
17.926933	0.640	295,004.000000
17.937600	0.640	294,386.000000
17.948267	0.640	295,644.000000
17.958933	0.640	301,950.000000
17.969600	0.640	311,241.000000
17.980267	0.640	319,814.000000
17.990933	0.640	326,836.000000
18.001600	0.640	332,232.000000
18.012267	0.640	337,248.000000
18.022933	0.640	345,368.000000
18.033600	0.640	355,613.000000
18.044267	0.640	362,536.000000
18.054933	0.640	365,389.000000
18.065600	0.640	371,249.000000
18.076267	0.640	385,288.000000
18.086933	0.640	402,738.000000
18.097600	0.640	420,747.000000
18.108267	0.640	448,735.000000
18.118933	0.640	496,647.000000
18.129600	0.640	565,917.000000
18.140267	0.640	657,148.000000
18.150933	0.640	781,387.000000
18.161600	0.640	962,565.000000
18.172267	0.640	1,224,046.000000
18.182933	0.640	1,582,983.000000
18.193600	0.640	2,069,271.000000
18.204267	0.640	2,730,334.000000
18.214933	0.640	3,621,144.000000
18.225600	0.640	4,820,671.000000
18.236267	0.640	6,458,176.000000
18.246933	0.640	8,748,119.000000
18.257600	0.640	12,031,070.000000
18.268267	0.640	16,728,243.000000
18.278933	0.640	23,216,979.000000
18.289600	0.640	31,674,438.000000
18.300267	0.640	41,812,714.000000
18.310933	0.640	52,628,830.000000
18.321600	0.640	62,437,948.000000
18.332267	0.640	69,251,402.000000
18.342933	0.640	71,407,054.000000
18.353600	0.640	68,229,997.000000
18.364267	0.640	60,357,222.000000
18.374933	0.640	49,490,495.000000
18.385600	0.640	37,758,928.000000
18.396267	0.640	26,998,738.000000
18.406933	0.640	18,245,125.000000
18.417600	0.640	11,742,904.000000
18.428267	0.640	7,283,532.000000
18.438933	0.640	4,454,148.000000
18.449600	0.640	2,773,030.000000
18.460267	0.640	1,807,134.000000
18.470933	0.640	1,258,394.000000
18.481600	0.640	971,220.000000
18.492267	0.640	869,043.000000
18.502933	0.640	900,086.000000
18.513600	0.640	1,030,760.000000
18.524267	0.640	1,252,194.000000
18.534933	0.640	1,577,370.000000
18.545600	0.640	2,035,552.000000
18.556267	0.640	2,672,185.000000
18.566933	0.640	3,571,499.000000
18.577600	0.640	4,882,963.000000
18.588267	0.640	6,814,153.000000
18.598933	0.640	9,585,775.000000
18.609600	0.640	13,327,446.000000
18.620267	0.640	17,926,078.000000
18.630933	0.640	22,919,743.000000
18.641600	0.640	27,520,063.000000
18.652267	0.640	30,790,993.000000
18.662933	0.640	31,933,590.000000
18.673600	0.640	30,582,569.000000
18.684267	0.640	27,018,624.000000
18.694933	0.640	22,096,795.000000
18.705600	0.640	16,827,775.000000
18.716267	0.640	11,989,504.000000
18.726933	0.640	8,033,280.000000
18.737600	0.640	5,114,354.000000
18.748267	0.640	3,147,838.000000
18.758933	0.640	1,915,377.000000
18.769600	0.640	1,176,648.000000
18.780267	0.640	742,904.000000
18.790933	0.640	490,003.000000
18.801600	0.640	338,604.000000
18.812267	0.640	244,442.000000
18.822933	0.640	186,735.000000
18.833600	0.640	153,016.000000
18.844267	0.640	133,974.000000
18.854933	0.640	123,357.000000
18.865600	0.640	118,270.000000
18.876267	0.640	117,801.000000
18.886933	0.640	121,642.000000
18.897600	0.640	129,678.000000
18.908267	0.640	141,695.000000
18.918933	0.640	158,804.000000
18.929600	0.640	184,349.000000
18.940267	0.640	221,449.000000
18.950933	0.640	270,032.000000
18.961600	0.640	329,207.000000
18.972267	0.640	402,819.000000
18.982933	0.640	499,581.000000
18.993600	0.640	627,735.000000
19.004267	0.640	798,076.000000
19.014933	0.640	1,036,495.000000
19.025600	0.640	1,383,389.000000
19.036267	0.640	1,877,264.000000
19.046933	0.640	2,544,454.000000
19.057600	0.640	3,394,578.000000
19.068267	0.640	4,404,836.000000
19.078933	0.640	5,499,741.000000
19.089600	0.640	6,547,800.000000
19.100267	0.640	7,374,296.000000
19.110933	0.640	7,791,745.000000
19.121600	0.640	7,680,057.000000
19.132267	0.640	7,063,328.000000
19.142933	0.640	6,080,595.000000
19.153600	0.640	4,911,852.000000
19.164267	0.640	3,738,983.000000
19.174933	0.640	2,700,352.000000
19.185600	0.640	1,860,553.000000
19.196267	0.640	1,232,086.000000
19.206933	0.640	798,901.000000
19.217600	0.640	521,986.000000
19.228267	0.640	351,551.000000
19.238933	0.640	247,706.000000
19.249600	0.640	187,868.000000
19.260267	0.640	155,427.000000
19.270933	0.640	135,128.000000
19.281600	0.640	120,211.000000
19.292267	0.640	111,285.000000
19.302933	0.640	108,413.000000
19.313600	0.640	108,546.000000
19.324267	0.640	108,624.000000
19.334933	0.640	108,130.000000
19.345600	0.640	107,527.000000
19.356267	0.640	106,944.000000
19.366933	0.640	106,565.000000
19.377600	0.640	105,946.000000
19.388267	0.640	105,057.000000
19.398933	0.640	105,900.000000
19.409600	0.640	109,401.000000
19.420267	0.640	112,841.000000
19.430933	0.640	114,566.000000
19.441600	0.640	117,466.000000
19.452267	0.640	123,506.000000
19.462933	0.640	130,589.000000
19.473600	0.640	136,773.000000
19.484267	0.640	142,019.000000
19.494933	0.640	147,059.000000
19.505600	0.640	150,847.000000
19.516267	0.640	150,359.000000
19.526933	0.640	145,721.000000
19.537600	0.640	139,736.000000
19.548267	0.640	134,243.000000
19.558933	0.640	129,958.000000
19.569600	0.640	125,817.000000
19.580267	0.640	121,582.000000
19.590933	0.640	119,443.000000
19.601600	0.640	119,738.000000
19.612267	0.640	121,055.000000
19.622933	0.640	123,897.000000
19.633600	0.640	128,754.000000
19.644267	0.640	134,482.000000
19.654933	0.640	140,620.000000
19.665600	0.640	146,821.000000
19.676267	0.640	152,910.000000
19.686933	0.640	160,283.000000
19.697600	0.640	169,930.000000
19.708267	0.640	181,502.000000
19.718933	0.640	193,450.000000
19.729600	0.640	203,777.000000
19.740267	0.640	214,130.000000
19.750933	0.640	230,256.000000
19.761600	0.640	254,654.000000
19.772267	0.640	284,124.000000
19.782933	0.640	317,756.000000
19.793600	0.640	359,794.000000
19.804267	0.640	414,262.000000
19.814933	0.640	483,133.000000
19.825600	0.640	566,379.000000
19.836267	0.640	662,262.000000
19.846933	0.640	769,354.000000
19.857600	0.640	883,663.000000
19.868267	0.640	994,205.000000
19.878933	0.640	1,085,171.000000
19.889600	0.640	1,143,282.000000
19.900267	0.640	1,166,632.000000
19.910933	0.640	1,161,018.000000
19.921600	0.640	1,122,853.000000
19.932267	0.640	1,043,460.000000
19.942933	0.640	931,142.000000
19.953600	0.640	807,786.000000
19.964267	0.640	688,206.000000
19.974933	0.640	574,972.000000
19.985600	0.640	468,018.000000
19.996267	0.640	371,973.000000
20.006933	0.640	293,351.000000
20.017600	0.640	233,741.000000
20.028267	0.640	188,278.000000
20.038933	0.640	151,955.000000
20.049600	0.640	124,135.000000
20.060267	0.640	105,012.000000
20.070933	0.640	92,811.000000
20.081600	0.640	84,336.000000
20.092267	0.640	76,568.000000
20.102933	0.640	69,783.000000
20.113600	0.640	66,456.000000
20.124267	0.640	66,955.000000
20.134933	0.640	69,183.000000
20.145600	0.640	71,131.000000
20.156267	0.640	73,022.000000
20.166933	0.640	75,914.000000
20.177600	0.640	78,832.000000
20.188267	0.640	80,846.000000
20.198933	0.640	83,149.000000
20.209600	0.640	85,605.000000
20.220267	0.640	85,380.000000
20.230933	0.640	81,570.000000
20.241600	0.640	77,461.000000
20.252267	0.640	75,467.000000
20.262933	0.640	73,581.000000
20.273600	0.640	69,283.000000
20.284267	0.640	63,747.000000
20.294933	0.640	59,542.000000
20.305600	0.640	56,017.000000
20.316267	0.640	51,571.000000
20.326933	0.640	47,658.000000
20.337600	0.640	45,971.000000
20.348267	0.640	45,985.000000
20.358933	0.640	46,212.000000
20.369600	0.640	45,637.000000
20.380267	0.640	44,925.000000
20.390933	0.640	44,628.000000
20.401600	0.640	43,887.000000
20.412267	0.640	43,220.000000
20.422933	0.640	43,938.000000
20.433600	0.640	45,294.000000
20.444267	0.640	45,868.000000
20.454933	0.640	45,152.000000
20.465600	0.640	43,579.000000
20.476267	0.640	42,757.000000
20.486933	0.640	43,376.000000
20.497600	0.640	43,797.000000
20.508267	0.640	43,070.000000
20.518933	0.640	42,261.000000
20.529600	0.640	41,539.000000
20.540267	0.640	39,893.000000
20.550933	0.640	38,618.000000
20.561600	0.640	39,610.000000
20.572267	0.640	41,006.000000
20.582933	0.640	40,717.000000
20.593600	0.640	39,726.000000
20.604267	0.640	39,122.000000
20.614933	0.640	39,218.000000
20.625600	0.640	40,411.000000
20.636267	0.640	42,631.000000
20.646933	0.640	45,105.000000
20.657600	0.640	47,260.000000
20.668267	0.640	49,667.000000
20.678933	0.640	52,886.000000
20.689600	0.640	56,672.000000
20.700267	0.640	60,453.000000
20.710933	0.640	63,869.000000
20.721600	0.640	68,827.000000
20.732267	0.640	77,327.000000
20.742933	0.640	86,814.000000
20.753600	0.640	94,796.000000
20.764267	0.640	104,246.000000
20.774933	0.640	118,301.000000
20.785600	0.640	136,103.000000
20.796267	0.640	157,519.000000
20.806933	0.640	185,343.000000
20.817600	0.640	221,011.000000
20.828267	0.640	265,406.000000
20.838933	0.640	323,211.000000
20.849600	0.640	398,295.000000
20.860267	0.640	486,834.000000
20.870933	0.640	580,464.000000
20.881600	0.640	675,487.000000
20.892267	0.640	772,927.000000
20.902933	0.640	868,679.000000
20.913600	0.640	952,809.000000
20.924267	0.640	1,015,740.000000
20.934933	0.640	1,049,207.000000
20.945600	0.640	1,047,926.000000
20.956267	0.640	1,014,433.000000
20.966933	0.640	961,690.000000
20.977600	0.640	904,127.000000
20.988267	0.640	846,506.000000
20.998933	0.640	793,623.000000
21.009600	0.640	758,306.000000
21.020267	0.640	747,659.000000
21.030933	0.640	760,532.000000
21.041600	0.640	800,281.000000
21.052267	0.640	874,807.000000
21.062933	0.640	986,546.000000
21.073600	0.640	1,130,027.000000
21.084267	0.640	1,304,703.000000
21.094933	0.640	1,522,344.000000
21.105600	0.640	1,791,984.000000
21.116267	0.640	2,116,889.000000
21.126933	0.640	2,510,799.000000
21.137600	0.640	2,989,696.000000
21.148267	0.640	3,547,368.000000
21.158933	0.640	4,160,569.000000
21.169600	0.640	4,797,465.000000
21.180267	0.640	5,400,831.000000
21.190933	0.640	5,903,861.000000
21.201600	0.640	6,260,312.000000
21.212267	0.640	6,434,908.000000
21.222933	0.640	6,403,329.000000
21.233600	0.640	6,162,059.000000
21.244267	0.640	5,720,771.000000
21.254933	0.640	5,108,540.000000
21.265600	0.640	4,387,977.000000
21.276267	0.640	3,639,634.000000
21.286933	0.640	2,927,345.000000
21.297600	0.640	2,285,924.000000
21.308267	0.640	1,728,874.000000
21.318933	0.640	1,262,446.000000
21.329600	0.640	898,117.000000
21.340267	0.640	638,432.000000
21.350933	0.640	459,930.000000
21.361600	0.640	331,963.000000
21.372267	0.640	240,517.000000
21.382933	0.640	181,873.000000
21.393600	0.640	147,439.000000
21.404267	0.640	125,928.000000
21.414933	0.640	112,754.000000
21.425600	0.640	107,600.000000
21.436267	0.640	107,471.000000
21.446933	0.640	108,616.000000
21.457600	0.640	110,020.000000
21.468267	0.640	111,893.000000
21.478933	0.640	114,353.000000
21.489600	0.640	116,821.000000
21.500267	0.640	116,485.000000
21.510933	0.640	111,087.000000
21.521600	0.640	103,596.000000
21.532267	0.640	97,707.000000
21.542933	0.640	91,781.000000
21.553600	0.640	83,444.000000
21.564267	0.640	73,881.000000
21.574933	0.640	65,158.000000
21.585600	0.640	58,344.000000
21.596267	0.640	53,747.000000
21.606933	0.640	50,323.000000
21.617600	0.640	46,266.000000
21.628267	0.640	42,088.000000
21.638933	0.640	40,222.000000
21.649600	0.640	40,813.000000
21.660267	0.640	41,846.000000
21.670933	0.640	42,505.000000
21.681600	0.640	43,168.000000
21.692267	0.640	43,610.000000
21.702933	0.640	43,405.000000
21.713600	0.640	42,963.000000
21.724267	0.640	42,510.000000
21.734933	0.640	41,598.000000
21.745600	0.640	40,746.000000
21.756267	0.640	40,657.000000
21.766933	0.640	40,561.000000
21.777600	0.640	40,552.000000
21.788267	0.640	41,853.000000
21.798933	0.640	44,003.000000
21.809600	0.640	45,353.000000
21.820267	0.640	44,750.000000
21.830933	0.640	42,880.000000
21.841600	0.640	41,727.000000
21.852267	0.640	42,003.000000
21.862933	0.640	43,794.000000
21.873600	0.640	46,119.000000
21.884267	0.640	46,120.000000
21.894933	0.640	42,978.000000
21.905600	0.640	39,733.000000
21.916267	0.640	40,423.000000
21.926933	0.640	44,542.000000
21.937600	0.640	46,268.000000
21.948267	0.640	43,374.000000
21.958933	0.640	40,529.000000
21.969600	0.640	41,481.000000
21.980267	0.640	44,316.000000
21.990933	0.640	45,785.000000
22.001600	0.640	46,134.000000
22.012267	0.640	46,675.000000
22.022933	0.640	47,286.000000
22.033600	0.640	47,932.000000
22.044267	0.640	48,064.000000
22.054933	0.640	47,125.000000
22.065600	0.640	46,699.000000
22.076267	0.640	48,169.000000
22.086933	0.640	50,198.000000
22.097600	0.640	51,045.000000
22.108267	0.640	51,419.000000
22.118933	0.640	53,095.000000
22.129600	0.640	56,217.000000
22.140267	0.640	59,625.000000
22.150933	0.640	62,307.000000
22.161600	0.640	64,953.000000
22.172267	0.640	69,077.000000
22.182933	0.640	73,730.000000
22.193600	0.640	78,438.000000
22.204267	0.640	85,523.000000
22.214933	0.640	95,479.000000
22.225600	0.640	107,391.000000
22.236267	0.640	121,419.000000
22.246933	0.640	137,499.000000
22.257600	0.640	156,428.000000
22.268267	0.640	180,828.000000
22.278933	0.640	212,282.000000
22.289600	0.640	249,422.000000
22.300267	0.640	290,653.000000
22.310933	0.640	336,904.000000
22.321600	0.640	391,950.000000
22.332267	0.640	460,711.000000
22.342933	0.640	544,684.000000
22.353600	0.640	641,927.000000
22.364267	0.640	753,852.000000
22.374933	0.640	889,668.000000
22.385600	0.640	1,061,419.000000
22.396267	0.640	1,275,325.000000
22.406933	0.640	1,536,117.000000
22.417600	0.640	1,857,368.000000
22.428267	0.640	2,254,060.000000
22.438933	0.640	2,731,052.000000
22.449600	0.640	3,292,381.000000
22.460267	0.640	3,946,760.000000
22.470933	0.640	4,682,263.000000
22.481600	0.640	5,451,867.000000
22.492267	0.640	6,198,784.000000
22.502933	0.640	6,877,034.000000
22.513600	0.640	7,450,679.000000
22.524267	0.640	7,881,591.000000
22.534933	0.640	8,108,881.000000
22.545600	0.640	8,073,568.000000
22.556267	0.640	7,782,585.000000
22.566933	0.640	7,296,213.000000
22.577600	0.640	6,651,422.000000
22.588267	0.640	5,864,716.000000
22.598933	0.640	4,993,818.000000
22.609600	0.640	4,127,753.000000
22.620267	0.640	3,327,048.000000
22.630933	0.640	2,613,671.000000
22.641600	0.640	1,998,435.000000
22.652267	0.640	1,485,793.000000
22.662933	0.640	1,072,991.000000
22.673600	0.640	757,735.000000
22.684267	0.640	530,743.000000
22.694933	0.640	370,990.000000
22.705600	0.640	258,485.000000
22.716267	0.640	181,955.000000
22.726933	0.640	133,050.000000
22.737600	0.640	102,082.000000
22.748267	0.640	82,242.000000
22.758933	0.640	70,634.000000
22.769600	0.640	64,202.000000
22.780267	0.640	59,370.000000
22.790933	0.640	54,189.000000
22.801600	0.640	49,630.000000
22.812267	0.640	47,582.000000
22.822933	0.640	47,314.000000
22.833600	0.640	47,723.000000
22.844267	0.640	49,814.000000
22.854933	0.640	53,077.000000
22.865600	0.640	54,918.000000
22.876267	0.640	55,096.000000
22.886933	0.640	55,902.000000
22.897600	0.640	58,545.000000
22.908267	0.640	62,731.000000
22.918933	0.640	68,411.000000
22.929600	0.640	75,660.000000
22.940267	0.640	84,620.000000
22.950933	0.640	96,605.000000
22.961600	0.640	113,272.000000
22.972267	0.640	135,816.000000
22.982933	0.640	166,333.000000
22.993600	0.640	206,544.000000
23.004267	0.640	255,143.000000
23.014933	0.640	311,350.000000
23.025600	0.640	381,114.000000
23.036267	0.640	473,265.000000
23.046933	0.640	589,893.000000
23.057600	0.640	731,214.000000
23.068267	0.640	905,725.000000
23.078933	0.640	1,122,012.000000
23.089600	0.640	1,387,702.000000
23.100267	0.640	1,725,067.000000
23.110933	0.640	2,161,149.000000
23.121600	0.640	2,716,178.000000
23.132267	0.640	3,429,193.000000
23.142933	0.640	4,370,908.000000
23.153600	0.640	5,616,248.000000
23.164267	0.640	7,219,915.000000
23.174933	0.640	9,212,694.000000
23.185600	0.640	11,576,491.000000
23.196267	0.640	14,199,154.000000
23.206933	0.640	16,881,658.000000
23.217600	0.640	19,369,242.000000
23.228267	0.640	21,348,222.000000
23.238933	0.640	22,495,332.000000
23.249600	0.640	22,588,160.000000
23.260267	0.640	21,578,045.000000
23.270933	0.640	19,611,062.000000
23.281600	0.640	16,969,041.000000
23.292267	0.640	13,975,566.000000
23.302933	0.640	10,957,648.000000
23.313600	0.640	8,192,694.000000
23.324267	0.640	5,848,480.000000
23.334933	0.640	3,996,687.000000
23.345600	0.640	2,636,796.000000
23.356267	0.640	1,700,622.000000
23.366933	0.640	1,087,614.000000
23.377600	0.640	704,100.000000
23.388267	0.640	470,786.000000
23.398933	0.640	329,180.000000
23.409600	0.640	246,658.000000
23.420267	0.640	201,122.000000
23.430933	0.640	172,736.000000
23.441600	0.640	152,535.000000
23.452267	0.640	139,829.000000
23.462933	0.640	130,937.000000
23.473600	0.640	122,113.000000
23.484267	0.640	114,530.000000
23.494933	0.640	107,633.000000
23.505600	0.640	99,098.000000
23.516267	0.640	91,484.000000
23.526933	0.640	87,907.000000
23.537600	0.640	86,903.000000
23.548267	0.640	86,735.000000
23.558933	0.640	87,151.000000
23.569600	0.640	86,801.000000
23.580267	0.640	84,919.000000
23.590933	0.640	82,241.000000
23.601600	0.640	78,414.000000
23.612267	0.640	73,207.000000
23.622933	0.640	68,327.000000
23.633600	0.640	64,819.000000
23.644267	0.640	61,565.000000
23.654933	0.640	58,439.000000
23.665600	0.640	56,743.000000
23.676267	0.640	55,575.000000
23.686933	0.640	53,948.000000
23.697600	0.640	53,096.000000
23.708267	0.640	52,544.000000
23.718933	0.640	51,243.000000
23.729600	0.640	51,117.000000
23.740267	0.640	53,240.000000
23.750933	0.640	55,712.000000
23.761600	0.640	57,282.000000
23.772267	0.640	58,303.000000
23.782933	0.640	58,779.000000
23.793600	0.640	59,057.000000
23.804267	0.640	60,655.000000
23.814933	0.640	62,771.000000
23.825600	0.640	62,732.000000
23.836267	0.640	61,138.000000
23.846933	0.640	60,634.000000
23.857600	0.640	61,987.000000
23.868267	0.640	63,503.000000
23.878933	0.640	62,820.000000
23.889600	0.640	60,271.000000
23.900267	0.640	58,291.000000
23.910933	0.640	57,845.000000
23.921600	0.640	58,713.000000
23.932267	0.640	60,496.000000
23.942933	0.640	62,535.000000
23.953600	0.640	64,578.000000
23.964267	0.640	66,531.000000
23.974933	0.640	69,684.000000
23.985600	0.640	76,246.000000
23.996267	0.640	84,776.000000
24.006933	0.640	91,375.000000
24.017600	0.640	94,016.000000
24.028267	0.640	92,442.000000
24.038933	0.640	88,472.000000
24.049600	0.640	84,137.000000
24.060267	0.640	77,887.000000
24.070933	0.640	68,876.000000
24.081600	0.640	60,709.000000
24.092267	0.640	56,158.000000
24.102933	0.640	54,521.000000
24.113600	0.640	54,914.000000
24.124267	0.640	57,470.000000
24.134933	0.640	60,346.000000
24.145600	0.640	60,513.000000
24.156267	0.640	59,187.000000
24.166933	0.640	59,546.000000
24.177600	0.640	60,959.000000
24.188267	0.640	61,445.000000
24.198933	0.640	61,734.000000
24.209600	0.640	63,179.000000
24.220267	0.640	64,698.000000
24.230933	0.640	64,982.000000
24.241600	0.640	64,984.000000
24.252267	0.640	65,242.000000
24.262933	0.640	65,524.000000
24.273600	0.640	67,991.000000
24.284267	0.640	73,286.000000
24.294933	0.640	77,400.000000
24.305600	0.640	79,042.000000
24.316267	0.640	81,143.000000
24.326933	0.640	85,325.000000
24.337600	0.640	92,847.000000
24.348267	0.640	103,926.000000
24.358933	0.640	116,725.000000
24.369600	0.640	133,513.000000
24.380267	0.640	162,823.000000
24.390933	0.640	216,827.000000
24.401600	0.640	310,815.000000
24.412267	0.640	463,468.000000
24.422933	0.640	702,584.000000
24.433600	0.640	1,070,689.000000
24.444267	0.640	1,624,697.000000
24.454933	0.640	2,451,423.000000
24.465600	0.640	3,699,151.000000
24.476267	0.640	5,623,153.000000
24.486933	0.640	8,654,364.000000
24.497600	0.640	13,390,810.000000
24.508267	0.640	20,359,121.000000
24.518933	0.640	29,516,918.000000
24.529600	0.640	39,673,641.000000
24.540267	0.640	48,337,005.000000
24.550933	0.640	52,590,700.000000
24.561600	0.640	50,730,587.000000
24.572267	0.640	43,313,979.000000
24.582933	0.640	32,793,077.000000
24.593600	0.640	22,180,529.000000
24.604267	0.640	13,649,469.000000
24.614933	0.640	7,899,425.000000
24.625600	0.640	4,502,825.000000
24.636267	0.640	2,643,405.000000
24.646933	0.640	1,632,207.000000
24.657600	0.640	1,052,142.000000
24.668267	0.640	697,136.000000
24.678933	0.640	475,220.000000
24.689600	0.640	338,124.000000
24.700267	0.640	253,198.000000
24.710933	0.640	199,430.000000
24.721600	0.640	165,073.000000
24.732267	0.640	143,649.000000
24.742933	0.640	131,798.000000
24.753600	0.640	127,714.000000
24.764267	0.640	128,821.000000
24.774933	0.640	132,872.000000
24.785600	0.640	139,361.000000
24.796267	0.640	147,846.000000
24.806933	0.640	157,343.000000
24.817600	0.640	166,988.000000
24.828267	0.640	177,352.000000
24.838933	0.640	191,899.000000
24.849600	0.640	213,221.000000
24.860267	0.640	239,166.000000
24.870933	0.640	266,817.000000
24.881600	0.640	295,980.000000
24.892267	0.640	330,168.000000
24.902933	0.640	379,467.000000
24.913600	0.640	458,622.000000
24.924267	0.640	581,089.000000
24.934933	0.640	763,213.000000
24.945600	0.640	1,045,880.000000
24.956267	0.640	1,523,885.000000
24.966933	0.640	2,401,917.000000
24.977600	0.640	4,096,144.000000
24.988267	0.640	7,166,474.000000
24.998933	0.640	11,758,287.000000
25.009600	0.640	16,843,292.000000
25.020267	0.640	20,259,997.000000
25.030933	0.640	20,111,528.000000
25.041600	0.640	16,440,334.000000
25.052267	0.640	11,263,942.000000
25.062933	0.640	6,832,085.000000
25.073600	0.640	4,102,374.000000
25.084267	0.640	2,754,851.000000
25.094933	0.640	2,080,096.000000
25.105600	0.640	1,617,953.000000
25.116267	0.640	1,229,472.000000
25.126933	0.640	911,981.000000
25.137600	0.640	671,013.000000
25.148267	0.640	496,203.000000
25.158933	0.640	371,846.000000
25.169600	0.640	285,016.000000
25.180267	0.640	225,494.000000
25.190933	0.640	183,906.000000
25.201600	0.640	152,907.000000
25.212267	0.640	130,005.000000
25.222933	0.640	115,759.000000
25.233600	0.640	108,258.000000
25.244267	0.640	103,814.000000
25.254933	0.640	100,536.000000
25.265600	0.640	96,747.000000
25.276267	0.640	91,811.000000
25.286933	0.640	87,997.000000
25.297600	0.640	85,837.000000
25.308267	0.640	83,580.000000
25.318933	0.640	81,302.000000
25.329600	0.640	80,331.000000
25.340267	0.640	80,805.000000
25.350933	0.640	81,124.000000
25.361600	0.640	80,626.000000
25.372267	0.640	80,638.000000
25.382933	0.640	81,080.000000
25.393600	0.640	80,935.000000
25.404267	0.640	81,215.000000
25.414933	0.640	83,223.000000
25.425600	0.640	86,466.000000
25.436267	0.640	89,840.000000
25.446933	0.640	92,827.000000
25.457600	0.640	94,901.000000
25.468267	0.640	95,586.000000
25.478933	0.640	96,044.000000
25.489600	0.640	97,117.000000
25.500267	0.640	97,121.000000
25.510933	0.640	95,433.000000
25.521600	0.640	93,684.000000
25.532267	0.640	93,078.000000
25.542933	0.640	94,280.000000
25.553600	0.640	96,842.000000
25.564267	0.640	98,033.000000
25.574933	0.640	94,957.000000
25.585600	0.640	88,294.000000
25.596267	0.640	82,774.000000
25.606933	0.640	80,706.000000
25.617600	0.640	79,446.000000
25.628267	0.640	78,533.000000
25.638933	0.640	79,513.000000
25.649600	0.640	80,176.000000
25.660267	0.640	78,492.000000
25.670933	0.640	76,571.000000
25.681600	0.640	76,940.000000
25.692267	0.640	79,668.000000
25.702933	0.640	82,171.000000
25.713600	0.640	81,458.000000
25.724267	0.640	78,094.000000
25.734933	0.640	75,686.000000
25.745600	0.640	76,525.000000
25.756267	0.640	79,186.000000
25.766933	0.640	80,865.000000
25.777600	0.640	81,448.000000
25.788267	0.640	82,537.000000
25.798933	0.640	84,522.000000
25.809600	0.640	86,824.000000
25.820267	0.640	88,919.000000
25.830933	0.640	91,044.000000
25.841600	0.640	93,194.000000
25.852267	0.640	95,276.000000
25.862933	0.640	98,563.000000
25.873600	0.640	103,951.000000
25.884267	0.640	111,478.000000
25.894933	0.640	120,591.000000
25.905600	0.640	130,388.000000
25.916267	0.640	141,927.000000
25.926933	0.640	155,815.000000
25.937600	0.640	169,090.000000
25.948267	0.640	176,566.000000
25.958933	0.640	174,077.000000
25.969600	0.640	165,762.000000
25.980267	0.640	162,609.000000
25.990933	0.640	170,090.000000
26.001600	0.640	190,441.000000
26.012267	0.640	232,491.000000
26.022933	0.640	311,523.000000
26.033600	0.640	463,460.000000
26.044267	0.640	781,757.000000
26.054933	0.640	1,458,483.000000
26.065600	0.640	2,781,663.000000
26.076267	0.640	4,929,147.000000
26.086933	0.640	7,514,676.000000
26.097600	0.640	9,378,062.000000
26.108267	0.640	9,274,099.000000
26.118933	0.640	7,084,934.000000
26.129600	0.640	4,094,582.000000
26.140267	0.640	1,798,230.000000
26.150933	0.640	692,092.000000
26.161600	0.640	355,458.000000
26.172267	0.640	261,888.000000
26.182933	0.640	196,138.000000
26.193600	0.640	144,481.000000
26.204267	0.640	117,217.000000
26.214933	0.640	106,766.000000
26.225600	0.640	103,104.000000
26.236267	0.640	100,675.000000
26.246933	0.640	98,969.000000
26.257600	0.640	99,023.000000
26.268267	0.640	99,535.000000
26.278933	0.640	98,857.000000
26.289600	0.640	96,276.000000
26.300267	0.640	91,972.000000
26.310933	0.640	88,415.000000
26.321600	0.640	88,074.000000
26.332267	0.640	89,660.000000
26.342933	0.640	90,799.000000
26.353600	0.640	92,247.000000
26.364267	0.640	94,542.000000
26.374933	0.640	95,477.000000
26.385600	0.640	94,995.000000
26.396267	0.640	96,309.000000
26.406933	0.640	100,425.000000
26.417600	0.640	104,750.000000
26.428267	0.640	108,092.000000
26.438933	0.640	113,914.000000
26.449600	0.640	127,802.000000
26.460267	0.640	153,869.000000
26.470933	0.640	194,193.000000
26.481600	0.640	247,931.000000
26.492267	0.640	306,759.000000
26.502933	0.640	350,374.000000
26.513600	0.640	351,391.000000
26.524267	0.640	297,666.000000
26.534933	0.640	212,962.000000
26.545600	0.640	140,442.000000
26.556267	0.640	103,135.000000
26.566933	0.640	92,390.000000
26.577600	0.640	90,113.000000
26.588267	0.640	87,994.000000
26.598933	0.640	86,847.000000
26.609600	0.640	88,169.000000
26.620267	0.640	90,011.000000
26.630933	0.640	90,375.000000
26.641600	0.640	90,968.000000
26.652267	0.640	93,939.000000
26.662933	0.640	97,999.000000
26.673600	0.640	100,331.000000
26.684267	0.640	101,150.000000
26.694933	0.640	103,568.000000
26.705600	0.640	108,308.000000
26.716267	0.640	113,192.000000
26.726933	0.640	118,236.000000
26.737600	0.640	125,098.000000
26.748267	0.640	131,717.000000
26.758933	0.640	135,059.000000
26.769600	0.640	138,397.000000
26.780267	0.640	148,443.000000
26.790933	0.640	165,752.000000
26.801600	0.640	183,780.000000
26.812267	0.640	201,440.000000
26.822933	0.640	235,586.000000
26.833600	0.640	311,529.000000
26.844267	0.640	430,284.000000
26.854933	0.640	547,116.000000
26.865600	0.640	599,183.000000
26.876267	0.640	561,707.000000
26.886933	0.640	470,031.000000
26.897600	0.640	392,969.000000
26.908267	0.640	379,909.000000
26.918933	0.640	407,889.000000
26.929600	0.640	404,379.000000
26.940267	0.640	346,544.000000
26.950933	0.640	284,443.000000
26.961600	0.640	258,298.000000
26.972267	0.640	258,467.000000
26.982933	0.640	264,743.000000
26.993600	0.640	273,314.000000
27.004267	0.640	289,729.000000
27.014933	0.640	331,861.000000
27.025600	0.640	428,913.000000
27.036267	0.640	564,445.000000
27.046933	0.640	638,607.000000
27.057600	0.640	582,147.000000
27.068267	0.640	474,279.000000
27.078933	0.640	434,638.000000
27.089600	0.640	463,471.000000
27.100267	0.640	488,438.000000
27.110933	0.640	491,703.000000
27.121600	0.640	509,221.000000
27.132267	0.640	559,803.000000
27.142933	0.640	631,926.000000
27.153600	0.640	709,569.000000
27.164267	0.640	784,048.000000
27.174933	0.640	858,198.000000
27.185600	0.640	937,180.000000
27.196267	0.640	1,015,927.000000
27.206933	0.640	1,102,473.000000
27.217600	0.640	1,247,706.000000
27.228267	0.640	1,569,359.000000
27.238933	0.640	2,384,372.000000
27.249600	0.640	4,393,208.000000
27.260267	0.640	7,857,741.000000
27.270933	0.640	10,803,527.000000
27.281600	0.640	10,182,863.000000
27.292267	0.640	6,161,308.000000
27.302933	0.640	2,224,737.000000
27.313600	0.640	557,158.000000
27.324267	0.640	407,712.000000
27.334933	0.640	463,461.000000
27.345600	0.640	368,051.000000
27.356267	0.640	279,191.000000
27.366933	0.640	272,632.000000
27.377600	0.640	292,269.000000
27.388267	0.640	286,298.000000
27.398933	0.640	265,178.000000
27.409600	0.640	268,607.000000
27.420267	0.640	298,519.000000
27.430933	0.640	308,299.000000
27.441600	0.640	273,004.000000
27.452267	0.640	227,012.000000
27.462933	0.640	209,395.000000
27.473600	0.640	216,999.000000
27.484267	0.640	228,008.000000
27.494933	0.640	239,871.000000
27.505600	0.640	273,697.000000
27.516267	0.640	339,223.000000
27.526933	0.640	393,297.000000
27.537600	0.640	378,711.000000
27.548267	0.640	312,857.000000
27.558933	0.640	268,586.000000
27.569600	0.640	276,652.000000
27.580267	0.640	310,477.000000
27.590933	0.640	339,364.000000
27.601600	0.640	354,049.000000
27.612267	0.640	362,617.000000
27.622933	0.640	381,870.000000
27.633600	0.640	424,423.000000
27.644267	0.640	493,881.000000
27.654933	0.640	595,247.000000
27.665600	0.640	721,854.000000
27.676267	0.640	819,445.000000
27.686933	0.640	814,228.000000
27.697600	0.640	687,574.000000
27.708267	0.640	488,835.000000
27.718933	0.640	298,311.000000
27.729600	0.640	184,770.000000
27.740267	0.640	180,097.000000
27.750933	0.640	309,777.000000
27.761600	0.640	571,803.000000
27.772267	0.640	810,405.000000
27.782933	0.640	792,380.000000
27.793600	0.640	519,433.000000
27.804267	0.640	241,064.000000
27.814933	0.640	120,028.000000
27.825600	0.640	107,266.000000
27.836267	0.640	111,372.000000
27.846933	0.640	108,157.000000
27.857600	0.640	105,900.000000
27.868267	0.640	106,126.000000
27.878933	0.640	104,702.000000
27.889600	0.640	100,541.000000
27.900267	0.640	97,308.000000
27.910933	0.640	98,367.000000
27.921600	0.640	102,587.000000
27.932267	0.640	106,993.000000
27.942933	0.640	111,809.000000
27.953600	0.640	120,851.000000
27.964267	0.640	135,784.000000
27.974933	0.640	153,645.000000
27.985600	0.640	169,632.000000
27.996267	0.640	179,189.000000
28.006933	0.640	181,392.000000
28.017600	0.640	180,223.000000
28.028267	0.640	180,707.000000
28.038933	0.640	185,596.000000
28.049600	0.640	194,774.000000
28.060267	0.640	205,931.000000
28.070933	0.640	214,112.000000
28.081600	0.640	212,236.000000
28.092267	0.640	196,295.000000
28.102933	0.640	169,992.000000
28.113600	0.640	142,989.000000
28.124267	0.640	124,252.000000
28.134933	0.640	115,559.000000
28.145600	0.640	111,711.000000
28.156267	0.640	108,086.000000
28.166933	0.640	104,895.000000
28.177600	0.640	103,919.000000
28.188267	0.640	107,824.000000
28.198933	0.640	121,127.000000
28.209600	0.640	144,737.000000
28.220267	0.640	170,275.000000
28.230933	0.640	183,504.000000
28.241600	0.640	175,651.000000
28.252267	0.640	151,443.000000
28.262933	0.640	125,260.000000
28.273600	0.640	109,376.000000
28.284267	0.640	105,810.000000
28.294933	0.640	108,231.000000
28.305600	0.640	109,703.000000
28.316267	0.640	108,516.000000
28.326933	0.640	106,029.000000
28.337600	0.640	102,797.000000
28.348267	0.640	101,868.000000
28.358933	0.640	108,244.000000
28.369600	0.640	119,733.000000
28.380267	0.640	126,481.000000
28.390933	0.640	121,423.000000
28.401600	0.640	107,167.000000
28.412267	0.640	93,653.000000
28.422933	0.640	88,186.000000
28.433600	0.640	89,426.000000
28.444267	0.640	93,351.000000
28.454933	0.640	98,128.000000
28.465600	0.640	102,637.000000
28.476267	0.640	107,314.000000
28.486933	0.640	112,784.000000
28.497600	0.640	116,099.000000
28.508267	0.640	115,921.000000
28.518933	0.640	116,687.000000
28.529600	0.640	121,557.000000
28.540267	0.640	127,727.000000
28.550933	0.640	131,453.000000
28.561600	0.640	135,139.000000
28.572267	0.640	145,304.000000
28.582933	0.640	166,480.000000
28.593600	0.640	206,439.000000
28.604267	0.640	269,068.000000
28.614933	0.640	324,434.000000
28.625600	0.640	322,147.000000
28.636267	0.640	254,928.000000
28.646933	0.640	170,556.000000
28.657600	0.640	112,591.000000
28.668267	0.640	84,153.000000
28.678933	0.640	68,624.000000
28.689600	0.640	55,675.000000
28.700267	0.640	44,483.000000
28.710933	0.640	42,909.000000
28.721600	0.640	60,315.000000
28.732267	0.640	80,896.000000
28.742933	0.640	73,148.000000
28.753600	0.640	41,820.000000
28.764267	0.640	20,429.000000
28.774933	0.640	18,019.000000
28.785600	0.640	19,099.000000
28.796267	0.640	15,741.000000
28.806933	0.640	11,915.000000
28.817600	0.640	11,016.000000
28.828267	0.640	12,091.000000
28.838933	0.640	12,849.000000
28.849600	0.640	12,224.000000
28.860267	0.640	10,910.000000
28.870933	0.640	10,213.000000
28.881600	0.640	10,102.000000
28.892267	0.640	9,101.000000
28.902933	0.640	7,407.000000
28.913600	0.640	6,796.000000
28.924267	0.640	7,190.000000
28.934933	0.640	7,091.000000
28.945600	0.640	5,696.000000
28.956267	0.640	3,770.000000
28.966933	0.640	2,999.000000
28.977600	0.640	3,156.000000
28.988267	0.640	2,512.000000
28.998933	0.640	1,801.000000
29.009600	0.640	2,651.000000
29.020267	0.640	3,496.000000
29.030933	0.640	2,533.000000
29.041600	0.640	1,127.000000
29.052267	0.640	998.000000
29.062933	0.640	1,920.000000
29.073600	0.640	2,714.000000
29.084267	0.640	2,409.000000
29.094933	0.640	1,220.000000
29.105600	0.640	337.000000
29.116267	0.640	-155.000000
29.126933	0.640	-867.000000
29.137600	0.640	-1,076.000000
29.148267	0.640	-341.000000
29.158933	0.640	130.000000
29.169600	0.640	-443.000000
29.180267	0.640	-1,263.000000
29.190933	0.640	-1,321.000000
29.201600	0.640	-740.000000
29.212267	0.640	-189.000000
29.222933	0.640	112.000000
29.233600	0.640	120.000000
29.244267	0.640	-54.000000
29.254933	0.640	-45.000000
29.265600	0.640	-22.000000
29.276267	0.640	-620.000000
29.286933	0.640	-1,761.000000
29.297600	0.640	-2,523.000000
29.308267	0.640	-2,716.000000
29.318933	0.640	-3,010.000000
29.329600	0.640	-2,970.000000
29.340267	0.640	-1,651.000000
29.350933	0.640	-50.000000
29.361600	0.640	-103.000000
29.372267	0.640	-1,755.000000
29.382933	0.640	-3,004.000000
29.393600	0.640	-2,665.000000
29.404267	0.640	-1,721.000000
29.414933	0.640	-1,470.000000
29.425600	0.640	-1,783.000000
29.436267	0.640	-2,029.000000
29.446933	0.640	-1,854.000000
29.457600	0.640	-1,231.000000
29.468267	0.640	-1,228.000000
29.478933	0.640	-2,046.000000
29.489600	0.640	-1,856.000000
29.500267	0.640	-558.000000
29.510933	0.640	6.000000
29.521600	0.640	-577.000000
29.532267	0.640	-1,532.000000
29.542933	0.640	-2,314.000000
29.553600	0.640	-2,687.000000
29.564267	0.640	-2,785.000000
29.574933	0.640	-3,050.000000
29.585600	0.640	-3,629.000000
29.596267	0.640	-3,862.000000
29.606933	0.640	-3,101.000000
29.617600	0.640	-1,784.000000
29.628267	0.640	-1,093.000000
29.638933	0.640	-1,702.000000
29.649600	0.640	-2,572.000000
29.660267	0.640	-2,183.000000
29.670933	0.640	-1,177.000000
29.681600	0.640	-890.000000
29.692267	0.640	-1,197.000000
29.702933	0.640	-2,038.000000
29.713600	0.640	-3,380.000000
29.724267	0.640	-4,430.000000
29.734933	0.640	-4,638.000000
29.745600	0.640	-3,508.000000
29.756267	0.640	-1,603.000000
29.766933	0.640	-1,109.000000
29.777600	0.640	-2,546.000000
29.788267	0.640	-4,419.000000
29.798933	0.640	-5,803.000000
29.809600	0.640	-5,997.000000
29.820267	0.640	-4,824.000000
29.830933	0.640	-3,320.000000
29.841600	0.640	-2,188.000000
29.852267	0.640	-1,842.000000
29.862933	0.640	-2,500.000000
29.873600	0.640	-3,288.000000
29.884267	0.640	-3,467.000000
29.894933	0.640	-3,421.000000
29.905600	0.640	-3,645.000000
29.916267	0.640	-3,868.000000
29.926933	0.640	-3,568.000000
29.937600	0.640	-2,558.000000
29.948267	0.640	-833.000000
29.958933	0.640	483.000000
29.969600	0.640	-310.000000
29.980267	0.640	-2,187.000000
29.990933	0.640	-2,672.000000
30.001600	0.640	-2,020.000000
