File Path	chrom://nnfcb-l0495/ChromeleonLocal/20180320_AA_Lars Nielsen samples Vienna_lbpet.seq/735.smp/Emission_1.channel/Emission_1.chm
Channel	Emission_1

Injection Information:
Data Vault	ChromeleonLocal
Injection	20180320_Lars Nielsen samples Vienna_dx20_BC5
Injection Number	42
Position	BC5
Comment	
Processing Method	20171024_Calculated with IS_lbpet
Instrument Method	20161104_AA_GeminiC18_FinalVer7
Type	Unknown
Status	Finished
Injection Date	21-03-2018
Injection Time	11:28:25
Injection Volume (µl)	56.500
Dilution Factor	1.0000
Weight	1.0000

Raw Data Information:
Time Min. (min)	0.003883
Time Max. (min)	30.001550
Data Points	2813
Detector	FLD
Exporting Data System	Chromeleon 7.1.2.1478
Operator	
Signal Quantity	
Signal Unit	counts
Signal Min.	-1,673.000000
Signal Max.	69,228,652.000000
Channel	Emission_1
Driver Name	FLD3000.dll
Channel Type	Evaluation
Min. Step (s)	0.640
Max. Step (s)	0.820
Average Step (s)	0.640

Signal Parameter Information:
Signal Info	340 nm /450 nm

Raw Data:
Time (min)	Step (s)	Value (counts)
0.003883	0.000	0.000000
0.017550	0.820	0.000000
0.028217	0.640	0.000000
0.038883	0.640	1,639.000000
0.049550	0.640	3,152.000000
0.060217	0.640	3,678.000000
0.070883	0.640	2,997.000000
0.081550	0.640	1,774.000000
0.092217	0.640	2,147.000000
0.102883	0.640	4,018.000000
0.113550	0.640	4,292.000000
0.124217	0.640	2,739.000000
0.134883	0.640	2,068.000000
0.145550	0.640	2,039.000000
0.156217	0.640	826.000000
0.166883	0.640	-421.000000
0.177550	0.640	219.000000
0.188217	0.640	1,852.000000
0.198883	0.640	2,466.000000
0.209550	0.640	1,996.000000
0.220217	0.640	1,693.000000
0.230883	0.640	1,944.000000
0.241550	0.640	2,073.000000
0.252217	0.640	1,494.000000
0.262883	0.640	838.000000
0.273550	0.640	1,078.000000
0.284217	0.640	1,585.000000
0.294883	0.640	1,464.000000
0.305550	0.640	1,132.000000
0.316217	0.640	960.000000
0.326883	0.640	998.000000
0.337550	0.640	1,452.000000
0.348217	0.640	2,071.000000
0.358883	0.640	2,513.000000
0.369550	0.640	3,111.000000
0.380217	0.640	3,987.000000
0.390883	0.640	4,434.000000
0.401550	0.640	4,143.000000
0.412217	0.640	3,470.000000
0.422883	0.640	2,493.000000
0.433550	0.640	1,313.000000
0.444217	0.640	740.000000
0.454883	0.640	1,381.000000
0.465550	0.640	2,443.000000
0.476217	0.640	2,641.000000
0.486883	0.640	1,913.000000
0.497550	0.640	1,357.000000
0.508217	0.640	1,165.000000
0.518883	0.640	402.000000
0.529550	0.640	-102.000000
0.540217	0.640	1,454.000000
0.550883	0.640	3,813.000000
0.561550	0.640	4,198.000000
0.572217	0.640	3,124.000000
0.582883	0.640	2,603.000000
0.593550	0.640	2,142.000000
0.604217	0.640	1,443.000000
0.614883	0.640	1,910.000000
0.625550	0.640	3,229.000000
0.636217	0.640	3,638.000000
0.646883	0.640	2,787.000000
0.657550	0.640	1,769.000000
0.668217	0.640	1,629.000000
0.678883	0.640	2,240.000000
0.689550	0.640	2,680.000000
0.700217	0.640	2,741.000000
0.710883	0.640	2,900.000000
0.721550	0.640	3,434.000000
0.732217	0.640	4,188.000000
0.742883	0.640	4,509.000000
0.753550	0.640	3,848.000000
0.764217	0.640	2,481.000000
0.774883	0.640	1,379.000000
0.785550	0.640	995.000000
0.796217	0.640	833.000000
0.806883	0.640	1,025.000000
0.817550	0.640	1,780.000000
0.828217	0.640	2,068.000000
0.838883	0.640	1,518.000000
0.849550	0.640	1,208.000000
0.860217	0.640	1,750.000000
0.870883	0.640	2,409.000000
0.881550	0.640	2,333.000000
0.892217	0.640	1,746.000000
0.902883	0.640	1,238.000000
0.913550	0.640	894.000000
0.924217	0.640	514.000000
0.934883	0.640	-13.000000
0.945550	0.640	-245.000000
0.956217	0.640	552.000000
0.966883	0.640	2,072.000000
0.977550	0.640	2,988.000000
0.988217	0.640	3,096.000000
0.998883	0.640	3,204.000000
1.009550	0.640	2,461.000000
1.020217	0.640	118.000000
1.030883	0.640	-1,673.000000
1.041550	0.640	-1,102.000000
1.052217	0.640	810.000000
1.062883	0.640	2,455.000000
1.073550	0.640	3,206.000000
1.084217	0.640	2,982.000000
1.094883	0.640	2,324.000000
1.105550	0.640	2,532.000000
1.116217	0.640	3,863.000000
1.126883	0.640	4,856.000000
1.137550	0.640	4,894.000000
1.148217	0.640	4,756.000000
1.158883	0.640	4,520.000000
1.169550	0.640	3,433.000000
1.180217	0.640	1,401.000000
1.190883	0.640	179.000000
1.201550	0.640	1,471.000000
1.212217	0.640	3,346.000000
1.222883	0.640	2,937.000000
1.233550	0.640	997.000000
1.244217	0.640	-347.000000
1.254883	0.640	-424.000000
1.265550	0.640	682.000000
1.276217	0.640	2,241.000000
1.286883	0.640	3,013.000000
1.297550	0.640	3,017.000000
1.308217	0.640	3,066.000000
1.318883	0.640	2,789.000000
1.329550	0.640	2,313.000000
1.340217	0.640	2,935.000000
1.350883	0.640	3,840.000000
1.361550	0.640	3,017.000000
1.372217	0.640	1,372.000000
1.382883	0.640	1,083.000000
1.393550	0.640	1,676.000000
1.404217	0.640	1,909.000000
1.414883	0.640	2,485.000000
1.425550	0.640	3,511.000000
1.436217	0.640	3,602.000000
1.446883	0.640	2,759.000000
1.457550	0.640	1,794.000000
1.468217	0.640	875.000000
1.478883	0.640	623.000000
1.489550	0.640	1,427.000000
1.500217	0.640	2,536.000000
1.510883	0.640	3,074.000000
1.521550	0.640	2,740.000000
1.532217	0.640	1,947.000000
1.542883	0.640	1,374.000000
1.553550	0.640	1,235.000000
1.564217	0.640	1,362.000000
1.574883	0.640	1,690.000000
1.585550	0.640	1,919.000000
1.596217	0.640	1,642.000000
1.606883	0.640	1,550.000000
1.617550	0.640	2,741.000000
1.628217	0.640	4,532.000000
1.638883	0.640	5,108.000000
1.649550	0.640	4,228.000000
1.660217	0.640	2,940.000000
1.670883	0.640	1,718.000000
1.681550	0.640	1,269.000000
1.692217	0.640	2,426.000000
1.702883	0.640	3,810.000000
1.713550	0.640	3,562.000000
1.724217	0.640	2,747.000000
1.734883	0.640	3,635.000000
1.745550	0.640	6,703.000000
1.756217	0.640	10,303.000000
1.766883	0.640	12,131.000000
1.777550	0.640	11,562.000000
1.788217	0.640	9,652.000000
1.798883	0.640	7,256.000000
1.809550	0.640	5,284.000000
1.820217	0.640	4,553.000000
1.830883	0.640	4,237.000000
1.841550	0.640	3,520.000000
1.852217	0.640	2,940.000000
1.862883	0.640	2,915.000000
1.873550	0.640	3,545.000000
1.884217	0.640	4,116.000000
1.894883	0.640	3,566.000000
1.905550	0.640	2,606.000000
1.916217	0.640	2,468.000000
1.926883	0.640	3,236.000000
1.937550	0.640	4,296.000000
1.948217	0.640	4,567.000000
1.958883	0.640	3,342.000000
1.969550	0.640	1,537.000000
1.980217	0.640	1,341.000000
1.990883	0.640	3,490.000000
2.001550	0.640	5,520.000000
2.012217	0.640	5,000.000000
2.022883	0.640	3,116.000000
2.033550	0.640	2,068.000000
2.044217	0.640	2,082.000000
2.054883	0.640	3,125.000000
2.065550	0.640	4,893.000000
2.076217	0.640	5,824.000000
2.086883	0.640	5,354.000000
2.097550	0.640	4,267.000000
2.108217	0.640	3,253.000000
2.118883	0.640	2,991.000000
2.129550	0.640	3,460.000000
2.140217	0.640	3,820.000000
2.150883	0.640	3,803.000000
2.161550	0.640	3,582.000000
2.172217	0.640	3,380.000000
2.182883	0.640	3,317.000000
2.193550	0.640	3,022.000000
2.204217	0.640	2,685.000000
2.214883	0.640	2,959.000000
2.225550	0.640	3,596.000000
2.236217	0.640	4,051.000000
2.246883	0.640	4,402.000000
2.257550	0.640	5,511.000000
2.268217	0.640	7,899.000000
2.278883	0.640	9,913.000000
2.289550	0.640	9,877.000000
2.300217	0.640	8,328.000000
2.310883	0.640	5,651.000000
2.321550	0.640	2,687.000000
2.332217	0.640	1,792.000000
2.342883	0.640	2,657.000000
2.353550	0.640	2,995.000000
2.364217	0.640	2,884.000000
2.374883	0.640	3,107.000000
2.385550	0.640	3,158.000000
2.396217	0.640	2,931.000000
2.406883	0.640	3,306.000000
2.417550	0.640	4,699.000000
2.428217	0.640	5,688.000000
2.438883	0.640	4,405.000000
2.449550	0.640	2,048.000000
2.460217	0.640	1,535.000000
2.470883	0.640	2,594.000000
2.481550	0.640	2,628.000000
2.492217	0.640	1,216.000000
2.502883	0.640	441.000000
2.513550	0.640	1,575.000000
2.524217	0.640	3,538.000000
2.534883	0.640	4,519.000000
2.545550	0.640	3,725.000000
2.556217	0.640	2,409.000000
2.566883	0.640	2,353.000000
2.577550	0.640	3,038.000000
2.588217	0.640	2,782.000000
2.598883	0.640	1,742.000000
2.609550	0.640	1,617.000000
2.620217	0.640	2,573.000000
2.630883	0.640	3,058.000000
2.641550	0.640	2,775.000000
2.652217	0.640	2,402.000000
2.662883	0.640	1,834.000000
2.673550	0.640	934.000000
2.684217	0.640	573.000000
2.694883	0.640	1,798.000000
2.705550	0.640	4,682.000000
2.716217	0.640	8,863.000000
2.726883	0.640	13,242.000000
2.737550	0.640	15,095.000000
2.748217	0.640	12,847.000000
2.758883	0.640	9,000.000000
2.769550	0.640	6,965.000000
2.780217	0.640	6,807.000000
2.790883	0.640	6,456.000000
2.801550	0.640	5,214.000000
2.812217	0.640	4,625.000000
2.822883	0.640	5,000.000000
2.833550	0.640	4,274.000000
2.844217	0.640	2,375.000000
2.854883	0.640	1,477.000000
2.865550	0.640	2,411.000000
2.876217	0.640	3,929.000000
2.886883	0.640	4,155.000000
2.897550	0.640	3,119.000000
2.908217	0.640	2,434.000000
2.918883	0.640	2,417.000000
2.929550	0.640	2,880.000000
2.940217	0.640	3,783.000000
2.950883	0.640	4,091.000000
2.961550	0.640	3,776.000000
2.972217	0.640	3,913.000000
2.982883	0.640	4,889.000000
2.993550	0.640	7,566.000000
3.004217	0.640	12,915.000000
3.014883	0.640	21,771.000000
3.025550	0.640	36,976.000000
3.036217	0.640	63,099.000000
3.046883	0.640	107,234.000000
3.057550	0.640	184,915.000000
3.068217	0.640	329,007.000000
3.078883	0.640	601,454.000000
3.089550	0.640	1,101,307.000000
3.100217	0.640	1,952,297.000000
3.110883	0.640	3,241,538.000000
3.121550	0.640	4,907,053.000000
3.132217	0.640	6,663,837.000000
3.142883	0.640	8,073,050.000000
3.153550	0.640	8,756,205.000000
3.164217	0.640	8,625,080.000000
3.174883	0.640	7,919,366.000000
3.185550	0.640	7,007,853.000000
3.196217	0.640	6,166,105.000000
3.206883	0.640	5,510,256.000000
3.217550	0.640	5,048,722.000000
3.228217	0.640	4,737,890.000000
3.238883	0.640	4,517,264.000000
3.249550	0.640	4,331,604.000000
3.260217	0.640	4,126,141.000000
3.270883	0.640	3,856,850.000000
3.281550	0.640	3,516,331.000000
3.292217	0.640	3,117,195.000000
3.302883	0.640	2,668,349.000000
3.313550	0.640	2,184,333.000000
3.324217	0.640	1,698,588.000000
3.334883	0.640	1,256,983.000000
3.345550	0.640	892,700.000000
3.356217	0.640	612,480.000000
3.366883	0.640	407,935.000000
3.377550	0.640	265,524.000000
3.388217	0.640	169,009.000000
3.398883	0.640	105,182.000000
3.409550	0.640	65,954.000000
3.420217	0.640	44,189.000000
3.430883	0.640	32,310.000000
3.441550	0.640	24,848.000000
3.452217	0.640	19,184.000000
3.462883	0.640	14,321.000000
3.473550	0.640	10,599.000000
3.484217	0.640	8,667.000000
3.494883	0.640	8,369.000000
3.505550	0.640	8,956.000000
3.516217	0.640	9,008.000000
3.526883	0.640	7,390.000000
3.537550	0.640	5,122.000000
3.548217	0.640	4,372.000000
3.558883	0.640	5,085.000000
3.569550	0.640	5,163.000000
3.580217	0.640	4,538.000000
3.590883	0.640	5,226.000000
3.601550	0.640	7,317.000000
3.612217	0.640	8,595.000000
3.622883	0.640	7,815.000000
3.633550	0.640	6,198.000000
3.644217	0.640	5,113.000000
3.654883	0.640	4,566.000000
3.665550	0.640	4,532.000000
3.676217	0.640	4,599.000000
3.686883	0.640	4,012.000000
3.697550	0.640	3,405.000000
3.708217	0.640	3,868.000000
3.718883	0.640	5,040.000000
3.729550	0.640	5,840.000000
3.740217	0.640	6,020.000000
3.750883	0.640	6,049.000000
3.761550	0.640	6,455.000000
3.772217	0.640	6,798.000000
3.782883	0.640	6,619.000000
3.793550	0.640	7,890.000000
3.804217	0.640	11,919.000000
3.814883	0.640	17,015.000000
3.825550	0.640	22,148.000000
3.836217	0.640	27,603.000000
3.846883	0.640	32,572.000000
3.857550	0.640	35,120.000000
3.868217	0.640	34,699.000000
3.878883	0.640	33,216.000000
3.889550	0.640	32,014.000000
3.900217	0.640	30,706.000000
3.910883	0.640	28,892.000000
3.921550	0.640	25,868.000000
3.932217	0.640	21,536.000000
3.942883	0.640	17,703.000000
3.953550	0.640	15,211.000000
3.964217	0.640	13,102.000000
3.974883	0.640	11,093.000000
3.985550	0.640	9,479.000000
3.996217	0.640	8,030.000000
4.006883	0.640	6,682.000000
4.017550	0.640	6,132.000000
4.028217	0.640	6,204.000000
4.038883	0.640	5,903.000000
4.049550	0.640	6,126.000000
4.060217	0.640	7,798.000000
4.070883	0.640	8,957.000000
4.081550	0.640	8,307.000000
4.092217	0.640	7,873.000000
4.102883	0.640	9,071.000000
4.113550	0.640	9,999.000000
4.124217	0.640	8,861.000000
4.134883	0.640	6,762.000000
4.145550	0.640	5,505.000000
4.156217	0.640	5,434.000000
4.166883	0.640	6,165.000000
4.177550	0.640	7,402.000000
4.188217	0.640	8,415.000000
4.198883	0.640	8,028.000000
4.209550	0.640	6,200.000000
4.220217	0.640	4,706.000000
4.230883	0.640	4,867.000000
4.241550	0.640	5,408.000000
4.252217	0.640	4,693.000000
4.262883	0.640	3,553.000000
4.273550	0.640	3,374.000000
4.284217	0.640	3,970.000000
4.294883	0.640	4,651.000000
4.305550	0.640	5,112.000000
4.316217	0.640	5,347.000000
4.326883	0.640	5,824.000000
4.337550	0.640	6,668.000000
4.348217	0.640	7,066.000000
4.358883	0.640	6,983.000000
4.369550	0.640	6,930.000000
4.380217	0.640	6,920.000000
4.390883	0.640	7,868.000000
4.401550	0.640	10,270.000000
4.412217	0.640	12,315.000000
4.422883	0.640	12,455.000000
4.433550	0.640	11,442.000000
4.444217	0.640	10,485.000000
4.454883	0.640	9,540.000000
4.465550	0.640	8,373.000000
4.476217	0.640	7,223.000000
4.486883	0.640	6,546.000000
4.497550	0.640	7,133.000000
4.508217	0.640	8,428.000000
4.518883	0.640	8,708.000000
4.529550	0.640	8,706.000000
4.540217	0.640	10,646.000000
4.550883	0.640	14,692.000000
4.561550	0.640	20,395.000000
4.572217	0.640	28,711.000000
4.582883	0.640	42,185.000000
4.593550	0.640	66,548.000000
4.604217	0.640	111,030.000000
4.614883	0.640	189,305.000000
4.625550	0.640	324,323.000000
4.636217	0.640	550,475.000000
4.646883	0.640	915,671.000000
4.657550	0.640	1,507,617.000000
4.668217	0.640	2,527,404.000000
4.678883	0.640	4,369,250.000000
4.689550	0.640	7,540,198.000000
4.700217	0.640	12,226,474.000000
4.710883	0.640	17,625,334.000000
4.721550	0.640	21,771,416.000000
4.732217	0.640	22,593,875.000000
4.742883	0.640	19,564,236.000000
4.753550	0.640	14,192,219.000000
4.764217	0.640	8,804,711.000000
4.774883	0.640	4,934,363.000000
4.785550	0.640	2,753,088.000000
4.796217	0.640	1,655,202.000000
4.806883	0.640	1,057,633.000000
4.817550	0.640	681,635.000000
4.828217	0.640	433,050.000000
4.838883	0.640	272,807.000000
4.849550	0.640	173,716.000000
4.860217	0.640	112,528.000000
4.870883	0.640	73,780.000000
4.881550	0.640	50,451.000000
4.892217	0.640	37,286.000000
4.902883	0.640	28,424.000000
4.913550	0.640	21,808.000000
4.924217	0.640	18,338.000000
4.934883	0.640	16,915.000000
4.945550	0.640	15,942.000000
4.956217	0.640	15,559.000000
4.966883	0.640	15,132.000000
4.977550	0.640	13,741.000000
4.988217	0.640	12,288.000000
4.998883	0.640	11,569.000000
5.009550	0.640	11,087.000000
5.020217	0.640	10,677.000000
5.030883	0.640	11,311.000000
5.041550	0.640	13,256.000000
5.052217	0.640	14,029.000000
5.062883	0.640	12,168.000000
5.073550	0.640	10,781.000000
5.084217	0.640	11,668.000000
5.094883	0.640	11,902.000000
5.105550	0.640	10,037.000000
5.116217	0.640	8,920.000000
5.126883	0.640	10,633.000000
5.137550	0.640	13,169.000000
5.148217	0.640	13,731.000000
5.158883	0.640	12,828.000000
5.169550	0.640	12,517.000000
5.180217	0.640	12,089.000000
5.190883	0.640	10,115.000000
5.201550	0.640	8,368.000000
5.212217	0.640	8,570.000000
5.222883	0.640	9,561.000000
5.233550	0.640	10,022.000000
5.244217	0.640	9,631.000000
5.254883	0.640	8,512.000000
5.265550	0.640	7,441.000000
5.276217	0.640	6,829.000000
5.286883	0.640	6,663.000000
5.297550	0.640	7,420.000000
5.308217	0.640	8,731.000000
5.318883	0.640	9,168.000000
5.329550	0.640	8,719.000000
5.340217	0.640	8,880.000000
5.350883	0.640	9,668.000000
5.361550	0.640	9,652.000000
5.372217	0.640	8,982.000000
5.382883	0.640	8,534.000000
5.393550	0.640	8,012.000000
5.404217	0.640	7,942.000000
5.414883	0.640	10,100.000000
5.425550	0.640	14,503.000000
5.436217	0.640	18,572.000000
5.446883	0.640	20,130.000000
5.457550	0.640	19,457.000000
5.468217	0.640	18,076.000000
5.478883	0.640	17,440.000000
5.489550	0.640	18,134.000000
5.500217	0.640	19,373.000000
5.510883	0.640	21,199.000000
5.521550	0.640	26,086.000000
5.532217	0.640	35,692.000000
5.542883	0.640	49,204.000000
5.553550	0.640	65,583.000000
5.564217	0.640	82,106.000000
5.574883	0.640	94,073.000000
5.585550	0.640	99,993.000000
5.596217	0.640	101,467.000000
5.606883	0.640	100,904.000000
5.617550	0.640	101,297.000000
5.628217	0.640	101,227.000000
5.638883	0.640	95,952.000000
5.649550	0.640	85,763.000000
5.660217	0.640	74,180.000000
5.670883	0.640	62,425.000000
5.681550	0.640	50,591.000000
5.692217	0.640	38,996.000000
5.702883	0.640	28,310.000000
5.713550	0.640	19,572.000000
5.724217	0.640	13,498.000000
5.734883	0.640	10,482.000000
5.745550	0.640	10,117.000000
5.756217	0.640	10,398.000000
5.766883	0.640	9,514.000000
5.777550	0.640	7,983.000000
5.788217	0.640	7,356.000000
5.798883	0.640	7,812.000000
5.809550	0.640	8,105.000000
5.820217	0.640	7,878.000000
5.830883	0.640	7,960.000000
5.841550	0.640	8,613.000000
5.852217	0.640	9,998.000000
5.862883	0.640	11,591.000000
5.873550	0.640	11,726.000000
5.884217	0.640	10,809.000000
5.894883	0.640	10,741.000000
5.905550	0.640	11,118.000000
5.916217	0.640	10,602.000000
5.926883	0.640	9,716.000000
5.937550	0.640	9,131.000000
5.948217	0.640	8,327.000000
5.958883	0.640	7,680.000000
5.969550	0.640	8,400.000000
5.980217	0.640	10,014.000000
5.990883	0.640	10,318.000000
6.001550	0.640	8,565.000000
6.012217	0.640	7,199.000000
6.022883	0.640	7,726.000000
6.033550	0.640	8,253.000000
6.044217	0.640	8,075.000000
6.054883	0.640	8,790.000000
6.065550	0.640	10,343.000000
6.076217	0.640	11,195.000000
6.086883	0.640	11,192.000000
6.097550	0.640	11,778.000000
6.108217	0.640	13,959.000000
6.118883	0.640	17,415.000000
6.129550	0.640	22,141.000000
6.140217	0.640	29,232.000000
6.150883	0.640	39,501.000000
6.161550	0.640	51,520.000000
6.172217	0.640	60,366.000000
6.182883	0.640	60,474.000000
6.193550	0.640	51,433.000000
6.204217	0.640	38,975.000000
6.214883	0.640	29,054.000000
6.225550	0.640	22,823.000000
6.236217	0.640	18,252.000000
6.246883	0.640	14,305.000000
6.257550	0.640	11,964.000000
6.268217	0.640	11,817.000000
6.278883	0.640	12,491.000000
6.289550	0.640	12,740.000000
6.300217	0.640	13,497.000000
6.310883	0.640	16,443.000000
6.321550	0.640	21,582.000000
6.332217	0.640	28,295.000000
6.342883	0.640	37,424.000000
6.353550	0.640	50,042.000000
6.364217	0.640	69,606.000000
6.374883	0.640	106,762.000000
6.385550	0.640	174,173.000000
6.396217	0.640	279,383.000000
6.406883	0.640	423,644.000000
6.417550	0.640	592,340.000000
6.428217	0.640	747,033.000000
6.438883	0.640	842,782.000000
6.449550	0.640	855,191.000000
6.460217	0.640	787,517.000000
6.470883	0.640	660,138.000000
6.481550	0.640	502,569.000000
6.492217	0.640	347,539.000000
6.502883	0.640	220,820.000000
6.513550	0.640	133,843.000000
6.524217	0.640	82,177.000000
6.534883	0.640	52,398.000000
6.545550	0.640	34,258.000000
6.556217	0.640	23,796.000000
6.566883	0.640	18,786.000000
6.577550	0.640	17,616.000000
6.588217	0.640	19,414.000000
6.598883	0.640	23,159.000000
6.609550	0.640	27,645.000000
6.620217	0.640	31,555.000000
6.630883	0.640	33,692.000000
6.641550	0.640	33,196.000000
6.652217	0.640	29,896.000000
6.662883	0.640	25,162.000000
6.673550	0.640	21,849.000000
6.684217	0.640	21,527.000000
6.694883	0.640	21,790.000000
6.705550	0.640	19,839.000000
6.716217	0.640	16,892.000000
6.726883	0.640	15,407.000000
6.737550	0.640	14,940.000000
6.748217	0.640	13,731.000000
6.758883	0.640	12,302.000000
6.769550	0.640	12,395.000000
6.780217	0.640	13,740.000000
6.790883	0.640	14,709.000000
6.801550	0.640	15,038.000000
6.812217	0.640	15,541.000000
6.822883	0.640	16,199.000000
6.833550	0.640	17,230.000000
6.844217	0.640	19,907.000000
6.854883	0.640	23,735.000000
6.865550	0.640	26,728.000000
6.876217	0.640	29,563.000000
6.886883	0.640	34,089.000000
6.897550	0.640	38,518.000000
6.908217	0.640	39,758.000000
6.918883	0.640	38,461.000000
6.929550	0.640	37,541.000000
6.940217	0.640	37,972.000000
6.950883	0.640	38,645.000000
6.961550	0.640	39,349.000000
6.972217	0.640	41,076.000000
6.982883	0.640	42,554.000000
6.993550	0.640	40,798.000000
7.004217	0.640	35,991.000000
7.014883	0.640	30,641.000000
7.025550	0.640	25,143.000000
7.036217	0.640	19,081.000000
7.046883	0.640	13,990.000000
7.057550	0.640	11,689.000000
7.068217	0.640	11,817.000000
7.078883	0.640	11,916.000000
7.089550	0.640	10,107.000000
7.100217	0.640	7,571.000000
7.110883	0.640	7,259.000000
7.121550	0.640	9,741.000000
7.132217	0.640	12,145.000000
7.142883	0.640	12,648.000000
7.153550	0.640	12,455.000000
7.164217	0.640	12,110.000000
7.174883	0.640	11,290.000000
7.185550	0.640	11,452.000000
7.196217	0.640	12,643.000000
7.206883	0.640	12,007.000000
7.217550	0.640	9,571.000000
7.228217	0.640	8,250.000000
7.238883	0.640	8,167.000000
7.249550	0.640	8,031.000000
7.260217	0.640	8,559.000000
7.270883	0.640	10,268.000000
7.281550	0.640	11,898.000000
7.292217	0.640	12,851.000000
7.302883	0.640	13,760.000000
7.313550	0.640	14,101.000000
7.324217	0.640	12,932.000000
7.334883	0.640	11,152.000000
7.345550	0.640	9,824.000000
7.356217	0.640	8,791.000000
7.366883	0.640	8,084.000000
7.377550	0.640	7,720.000000
7.388217	0.640	7,265.000000
7.398883	0.640	6,742.000000
7.409550	0.640	6,403.000000
7.420217	0.640	6,745.000000
7.430883	0.640	8,238.000000
7.441550	0.640	9,812.000000
7.452217	0.640	9,999.000000
7.462883	0.640	9,316.000000
7.473550	0.640	9,115.000000
7.484217	0.640	9,552.000000
7.494883	0.640	10,179.000000
7.505550	0.640	10,612.000000
7.516217	0.640	10,929.000000
7.526883	0.640	11,846.000000
7.537550	0.640	12,793.000000
7.548217	0.640	12,311.000000
7.558883	0.640	11,080.000000
7.569550	0.640	10,594.000000
7.580217	0.640	10,794.000000
7.590883	0.640	11,118.000000
7.601550	0.640	10,964.000000
7.612217	0.640	10,234.000000
7.622883	0.640	10,132.000000
7.633550	0.640	11,100.000000
7.644217	0.640	11,743.000000
7.654883	0.640	11,103.000000
7.665550	0.640	10,044.000000
7.676217	0.640	9,885.000000
7.686883	0.640	11,101.000000
7.697550	0.640	14,046.000000
7.708217	0.640	19,217.000000
7.718883	0.640	26,337.000000
7.729550	0.640	35,777.000000
7.740217	0.640	50,649.000000
7.750883	0.640	75,366.000000
7.761550	0.640	113,410.000000
7.772217	0.640	169,066.000000
7.782883	0.640	252,377.000000
7.793550	0.640	379,569.000000
7.804217	0.640	572,310.000000
7.814883	0.640	869,447.000000
7.825550	0.640	1,335,681.000000
7.836217	0.640	2,061,675.000000
7.846883	0.640	3,204,568.000000
7.857550	0.640	5,071,882.000000
7.868217	0.640	8,168,840.000000
7.878883	0.640	13,126,390.000000
7.889550	0.640	20,360,084.000000
7.900217	0.640	29,424,940.000000
7.910883	0.640	38,596,421.000000
7.921550	0.640	45,279,798.000000
7.932217	0.640	47,155,238.000000
7.942883	0.640	43,448,034.000000
7.953550	0.640	35,438,980.000000
7.964217	0.640	25,716,854.000000
7.974883	0.640	16,801,814.000000
7.985550	0.640	10,126,726.000000
7.996217	0.640	5,845,335.000000
8.006883	0.640	3,355,346.000000
8.017550	0.640	1,959,763.000000
8.028217	0.640	1,176,693.000000
8.038883	0.640	728,136.000000
8.049550	0.640	460,514.000000
8.060217	0.640	295,575.000000
8.070883	0.640	193,048.000000
8.081550	0.640	128,429.000000
8.092217	0.640	88,504.000000
8.102883	0.640	66,847.000000
8.113550	0.640	56,415.000000
8.124217	0.640	50,272.000000
8.134883	0.640	46,062.000000
8.145550	0.640	43,107.000000
8.156217	0.640	39,854.000000
8.166883	0.640	36,085.000000
8.177550	0.640	32,248.000000
8.188217	0.640	27,993.000000
8.198883	0.640	23,847.000000
8.209550	0.640	21,490.000000
8.220217	0.640	21,761.000000
8.230883	0.640	23,453.000000
8.241550	0.640	23,731.000000
8.252217	0.640	21,745.000000
8.262883	0.640	19,941.000000
8.273550	0.640	18,884.000000
8.284217	0.640	16,810.000000
8.294883	0.640	14,498.000000
8.305550	0.640	13,944.000000
8.316217	0.640	14,532.000000
8.326883	0.640	14,719.000000
8.337550	0.640	14,882.000000
8.348217	0.640	15,336.000000
8.358883	0.640	15,051.000000
8.369550	0.640	14,673.000000
8.380217	0.640	15,856.000000
8.390883	0.640	17,194.000000
8.401550	0.640	16,088.000000
8.412217	0.640	13,603.000000
8.422883	0.640	12,873.000000
8.433550	0.640	14,293.000000
8.444217	0.640	15,588.000000
8.454883	0.640	15,489.000000
8.465550	0.640	15,231.000000
8.476217	0.640	16,248.000000
8.486883	0.640	18,712.000000
8.497550	0.640	22,356.000000
8.508217	0.640	26,850.000000
8.518883	0.640	32,175.000000
8.529550	0.640	37,926.000000
8.540217	0.640	43,180.000000
8.550883	0.640	49,799.000000
8.561550	0.640	63,078.000000
8.572217	0.640	88,593.000000
8.582883	0.640	131,330.000000
8.593550	0.640	198,177.000000
8.604217	0.640	302,991.000000
8.614883	0.640	468,454.000000
8.625550	0.640	719,441.000000
8.636217	0.640	1,083,356.000000
8.646883	0.640	1,609,926.000000
8.657550	0.640	2,399,900.000000
8.668217	0.640	3,631,680.000000
8.678883	0.640	5,596,230.000000
8.689550	0.640	8,727,125.000000
8.700217	0.640	13,504,190.000000
8.710883	0.640	20,128,107.000000
8.721550	0.640	28,064,163.000000
8.732217	0.640	35,798,497.000000
8.742883	0.640	41,245,661.000000
8.753550	0.640	42,728,580.000000
8.764217	0.640	39,781,189.000000
8.774883	0.640	33,283,237.000000
8.785550	0.640	25,067,891.000000
8.796217	0.640	17,150,068.000000
8.806883	0.640	10,857,846.000000
8.817550	0.640	6,519,192.000000
8.828217	0.640	3,813,847.000000
8.838883	0.640	2,232,420.000000
8.849550	0.640	1,330,361.000000
8.860217	0.640	811,072.000000
8.870883	0.640	507,154.000000
8.881550	0.640	328,314.000000
8.892217	0.640	221,402.000000
8.902883	0.640	154,038.000000
8.913550	0.640	110,324.000000
8.924217	0.640	82,630.000000
8.934883	0.640	65,098.000000
8.945550	0.640	53,903.000000
8.956217	0.640	46,240.000000
8.966883	0.640	39,676.000000
8.977550	0.640	34,345.000000
8.988217	0.640	31,662.000000
8.998883	0.640	30,994.000000
9.009550	0.640	30,345.000000
9.020217	0.640	28,775.000000
9.030883	0.640	26,831.000000
9.041550	0.640	25,478.000000
9.052217	0.640	24,660.000000
9.062883	0.640	24,071.000000
9.073550	0.640	24,362.000000
9.084217	0.640	24,561.000000
9.094883	0.640	23,033.000000
9.105550	0.640	21,470.000000
9.116217	0.640	21,491.000000
9.126883	0.640	22,032.000000
9.137550	0.640	22,693.000000
9.148217	0.640	23,598.000000
9.158883	0.640	23,918.000000
9.169550	0.640	23,637.000000
9.180217	0.640	23,923.000000
9.190883	0.640	25,357.000000
9.201550	0.640	27,176.000000
9.212217	0.640	28,133.000000
9.222883	0.640	27,584.000000
9.233550	0.640	25,915.000000
9.244217	0.640	24,059.000000
9.254883	0.640	22,113.000000
9.265550	0.640	19,955.000000
9.276217	0.640	18,921.000000
9.286883	0.640	19,586.000000
9.297550	0.640	20,080.000000
9.308217	0.640	19,491.000000
9.318883	0.640	19,801.000000
9.329550	0.640	22,017.000000
9.340217	0.640	23,490.000000
9.350883	0.640	22,433.000000
9.361550	0.640	21,027.000000
9.372217	0.640	20,963.000000
9.382883	0.640	21,103.000000
9.393550	0.640	20,342.000000
9.404217	0.640	18,882.000000
9.414883	0.640	17,921.000000
9.425550	0.640	18,677.000000
9.436217	0.640	20,417.000000
9.446883	0.640	21,391.000000
9.457550	0.640	21,740.000000
9.468217	0.640	23,453.000000
9.478883	0.640	28,226.000000
9.489550	0.640	36,844.000000
9.500217	0.640	50,759.000000
9.510883	0.640	72,770.000000
9.521550	0.640	107,202.000000
9.532217	0.640	162,110.000000
9.542883	0.640	249,456.000000
9.553550	0.640	385,038.000000
9.564217	0.640	591,154.000000
9.574883	0.640	896,753.000000
9.585550	0.640	1,341,347.000000
9.596217	0.640	1,994,538.000000
9.606883	0.640	2,985,076.000000
9.617550	0.640	4,542,499.000000
9.628217	0.640	7,083,797.000000
9.638883	0.640	11,259,255.000000
9.649550	0.640	17,732,770.000000
9.660217	0.640	26,659,525.000000
9.670883	0.640	37,111,141.000000
9.681550	0.640	46,842,750.000000
9.692217	0.640	52,877,340.000000
9.702883	0.640	52,948,196.000000
9.713550	0.640	46,890,856.000000
9.724217	0.640	36,819,455.000000
9.734883	0.640	25,864,651.000000
9.745550	0.640	16,513,552.000000
9.756217	0.640	9,817,102.000000
9.766883	0.640	5,629,289.000000
9.777550	0.640	3,236,794.000000
9.788217	0.640	1,910,876.000000
9.798883	0.640	1,166,327.000000
9.809550	0.640	737,533.000000
9.820217	0.640	481,517.000000
9.830883	0.640	322,142.000000
9.841550	0.640	220,187.000000
9.852217	0.640	155,685.000000
9.862883	0.640	117,878.000000
9.873550	0.640	96,082.000000
9.884217	0.640	80,606.000000
9.894883	0.640	71,079.000000
9.905550	0.640	71,482.000000
9.916217	0.640	79,736.000000
9.926883	0.640	90,709.000000
9.937550	0.640	106,158.000000
9.948217	0.640	134,574.000000
9.958883	0.640	180,652.000000
9.969550	0.640	245,338.000000
9.980217	0.640	340,455.000000
9.990883	0.640	494,551.000000
10.001550	0.640	750,540.000000
10.012217	0.640	1,168,304.000000
10.022883	0.640	1,802,454.000000
10.033550	0.640	2,647,147.000000
10.044217	0.640	3,597,113.000000
10.054883	0.640	4,442,133.000000
10.065550	0.640	4,916,783.000000
10.076217	0.640	4,833,516.000000
10.086883	0.640	4,206,952.000000
10.097550	0.640	3,249,603.000000
10.108217	0.640	2,248,296.000000
10.118883	0.640	1,424,493.000000
10.129550	0.640	863,242.000000
10.140217	0.640	529,094.000000
10.150883	0.640	341,932.000000
10.161550	0.640	240,923.000000
10.172217	0.640	190,069.000000
10.182883	0.640	165,174.000000
10.193550	0.640	152,677.000000
10.204217	0.640	146,583.000000
10.214883	0.640	142,721.000000
10.225550	0.640	138,129.000000
10.236217	0.640	131,444.000000
10.246883	0.640	121,040.000000
10.257550	0.640	106,892.000000
10.268217	0.640	91,958.000000
10.278883	0.640	77,637.000000
10.289550	0.640	63,712.000000
10.300217	0.640	51,590.000000
10.310883	0.640	42,801.000000
10.321550	0.640	36,930.000000
10.332217	0.640	33,116.000000
10.342883	0.640	31,974.000000
10.353550	0.640	32,547.000000
10.364217	0.640	31,745.000000
10.374883	0.640	30,123.000000
10.385550	0.640	30,761.000000
10.396217	0.640	33,468.000000
10.406883	0.640	35,690.000000
10.417550	0.640	36,338.000000
10.428217	0.640	36,455.000000
10.438883	0.640	36,651.000000
10.449550	0.640	35,250.000000
10.460217	0.640	31,224.000000
10.470883	0.640	27,222.000000
10.481550	0.640	25,751.000000
10.492217	0.640	25,406.000000
10.502883	0.640	24,188.000000
10.513550	0.640	22,607.000000
10.524217	0.640	22,083.000000
10.534883	0.640	22,714.000000
10.545550	0.640	23,440.000000
10.556217	0.640	23,596.000000
10.566883	0.640	23,543.000000
10.577550	0.640	23,660.000000
10.588217	0.640	23,154.000000
10.598883	0.640	21,958.000000
10.609550	0.640	21,658.000000
10.620217	0.640	22,157.000000
10.630883	0.640	22,582.000000
10.641550	0.640	24,044.000000
10.652217	0.640	26,339.000000
10.662883	0.640	27,462.000000
10.673550	0.640	27,929.000000
10.684217	0.640	29,741.000000
10.694883	0.640	32,754.000000
10.705550	0.640	35,010.000000
10.716217	0.640	34,841.000000
10.726883	0.640	32,804.000000
10.737550	0.640	30,774.000000
10.748217	0.640	29,169.000000
10.758883	0.640	27,761.000000
10.769550	0.640	26,903.000000
10.780217	0.640	26,100.000000
10.790883	0.640	24,398.000000
10.801550	0.640	22,552.000000
10.812217	0.640	22,278.000000
10.822883	0.640	23,248.000000
10.833550	0.640	23,478.000000
10.844217	0.640	23,021.000000
10.854883	0.640	23,799.000000
10.865550	0.640	25,177.000000
10.876217	0.640	24,867.000000
10.886883	0.640	24,219.000000
10.897550	0.640	26,018.000000
10.908217	0.640	29,859.000000
10.918883	0.640	35,082.000000
10.929550	0.640	43,135.000000
10.940217	0.640	55,118.000000
10.950883	0.640	71,919.000000
10.961550	0.640	97,218.000000
10.972217	0.640	136,370.000000
10.982883	0.640	192,612.000000
10.993550	0.640	272,809.000000
11.004217	0.640	394,097.000000
11.014883	0.640	579,753.000000
11.025550	0.640	860,298.000000
11.036217	0.640	1,273,871.000000
11.046883	0.640	1,842,688.000000
11.057550	0.640	2,532,280.000000
11.068217	0.640	3,226,843.000000
11.078883	0.640	3,756,708.000000
11.089550	0.640	3,969,703.000000
11.100217	0.640	3,796,940.000000
11.110883	0.640	3,287,378.000000
11.121550	0.640	2,587,799.000000
11.132217	0.640	1,867,434.000000
11.142883	0.640	1,260,432.000000
11.153550	0.640	838,728.000000
11.164217	0.640	597,171.000000
11.174883	0.640	490,937.000000
11.185550	0.640	484,531.000000
11.196217	0.640	554,792.000000
11.206883	0.640	687,834.000000
11.217550	0.640	890,554.000000
11.228217	0.640	1,189,392.000000
11.238883	0.640	1,623,935.000000
11.249550	0.640	2,269,348.000000
11.260217	0.640	3,275,474.000000
11.270883	0.640	4,878,091.000000
11.281550	0.640	7,357,646.000000
11.292217	0.640	10,903,751.000000
11.302883	0.640	15,383,991.000000
11.313550	0.640	20,166,029.000000
11.324217	0.640	24,176,246.000000
11.334883	0.640	26,247,351.000000
11.345550	0.640	25,640,452.000000
11.356217	0.640	22,463,025.000000
11.366883	0.640	17,671,525.000000
11.377550	0.640	12,587,493.000000
11.388217	0.640	8,248,456.000000
11.398883	0.640	5,075,619.000000
11.409550	0.640	3,000,999.000000
11.420217	0.640	1,755,856.000000
11.430883	0.640	1,049,749.000000
11.441550	0.640	649,542.000000
11.452217	0.640	413,340.000000
11.462883	0.640	271,738.000000
11.473550	0.640	186,589.000000
11.484217	0.640	132,396.000000
11.494883	0.640	97,876.000000
11.505550	0.640	78,892.000000
11.516217	0.640	68,325.000000
11.526883	0.640	61,483.000000
11.537550	0.640	58,710.000000
11.548217	0.640	58,550.000000
11.558883	0.640	58,859.000000
11.569550	0.640	60,067.000000
11.580217	0.640	61,015.000000
11.590883	0.640	58,162.000000
11.601550	0.640	50,795.000000
11.612217	0.640	42,660.000000
11.622883	0.640	37,793.000000
11.633550	0.640	36,137.000000
11.644217	0.640	34,743.000000
11.654883	0.640	32,490.000000
11.665550	0.640	30,985.000000
11.676217	0.640	31,804.000000
11.686883	0.640	34,283.000000
11.697550	0.640	36,459.000000
11.708217	0.640	38,419.000000
11.718883	0.640	41,006.000000
11.729550	0.640	43,128.000000
11.740217	0.640	45,222.000000
11.750883	0.640	49,314.000000
11.761550	0.640	53,894.000000
11.772217	0.640	56,080.000000
11.782883	0.640	57,506.000000
11.793550	0.640	62,764.000000
11.804217	0.640	74,530.000000
11.814883	0.640	93,581.000000
11.825550	0.640	121,218.000000
11.836217	0.640	161,625.000000
11.846883	0.640	224,672.000000
11.857550	0.640	321,420.000000
11.868217	0.640	457,306.000000
11.878883	0.640	641,326.000000
11.889550	0.640	899,310.000000
11.900217	0.640	1,277,784.000000
11.910883	0.640	1,857,450.000000
11.921550	0.640	2,782,609.000000
11.932217	0.640	4,282,817.000000
11.942883	0.640	6,628,335.000000
11.953550	0.640	9,952,515.000000
11.964217	0.640	14,007,149.000000
11.974883	0.640	18,042,572.000000
11.985550	0.640	20,955,788.000000
11.996217	0.640	21,751,117.000000
12.006883	0.640	20,093,255.000000
12.017550	0.640	16,509,662.000000
12.028217	0.640	12,104,001.000000
12.038883	0.640	8,008,179.000000
12.049550	0.640	4,896,057.000000
12.060217	0.640	2,862,438.000000
12.070883	0.640	1,660,667.000000
12.081550	0.640	988,226.000000
12.092217	0.640	617,328.000000
12.102883	0.640	405,857.000000
12.113550	0.640	277,425.000000
12.124217	0.640	196,141.000000
12.134883	0.640	143,590.000000
12.145550	0.640	108,652.000000
12.156217	0.640	85,147.000000
12.166883	0.640	70,225.000000
12.177550	0.640	61,635.000000
12.188217	0.640	56,751.000000
12.198883	0.640	53,794.000000
12.209550	0.640	51,772.000000
12.220217	0.640	49,831.000000
12.230883	0.640	47,396.000000
12.241550	0.640	44,546.000000
12.252217	0.640	41,882.000000
12.262883	0.640	40,003.000000
12.273550	0.640	38,985.000000
12.284217	0.640	38,059.000000
12.294883	0.640	37,125.000000
12.305550	0.640	37,527.000000
12.316217	0.640	39,127.000000
12.326883	0.640	39,653.000000
12.337550	0.640	39,045.000000
12.348217	0.640	39,503.000000
12.358883	0.640	40,601.000000
12.369550	0.640	40,276.000000
12.380217	0.640	38,828.000000
12.390883	0.640	37,981.000000
12.401550	0.640	38,483.000000
12.412217	0.640	39,807.000000
12.422883	0.640	41,425.000000
12.433550	0.640	43,734.000000
12.444217	0.640	46,522.000000
12.454883	0.640	47,888.000000
12.465550	0.640	47,902.000000
12.476217	0.640	49,846.000000
12.486883	0.640	53,649.000000
12.497550	0.640	55,107.000000
12.508217	0.640	53,736.000000
12.518883	0.640	52,796.000000
12.529550	0.640	53,493.000000
12.540217	0.640	55,543.000000
12.550883	0.640	58,136.000000
12.561550	0.640	58,869.000000
12.572217	0.640	57,041.000000
12.582883	0.640	55,482.000000
12.593550	0.640	56,255.000000
12.604217	0.640	57,646.000000
12.614883	0.640	57,044.000000
12.625550	0.640	54,334.000000
12.636217	0.640	51,169.000000
12.646883	0.640	48,802.000000
12.657550	0.640	47,015.000000
12.668217	0.640	45,306.000000
12.678883	0.640	44,591.000000
12.689550	0.640	45,304.000000
12.700217	0.640	45,868.000000
12.710883	0.640	45,262.000000
12.721550	0.640	43,759.000000
12.732217	0.640	41,794.000000
12.742883	0.640	40,892.000000
12.753550	0.640	42,220.000000
12.764217	0.640	44,591.000000
12.774883	0.640	47,093.000000
12.785550	0.640	50,277.000000
12.796217	0.640	53,975.000000
12.806883	0.640	57,207.000000
12.817550	0.640	59,410.000000
12.828217	0.640	60,093.000000
12.838883	0.640	58,836.000000
12.849550	0.640	55,743.000000
12.860217	0.640	51,159.000000
12.870883	0.640	46,469.000000
12.881550	0.640	43,636.000000
12.892217	0.640	42,143.000000
12.902883	0.640	39,712.000000
12.913550	0.640	36,214.000000
12.924217	0.640	33,396.000000
12.934883	0.640	32,493.000000
12.945550	0.640	33,005.000000
12.956217	0.640	32,844.000000
12.966883	0.640	31,366.000000
12.977550	0.640	30,350.000000
12.988217	0.640	30,645.000000
12.998883	0.640	30,584.000000
13.009550	0.640	28,731.000000
13.020217	0.640	27,128.000000
13.030883	0.640	28,902.000000
13.041550	0.640	32,609.000000
13.052217	0.640	33,593.000000
13.062883	0.640	31,313.000000
13.073550	0.640	30,002.000000
13.084217	0.640	31,695.000000
13.094883	0.640	34,046.000000
13.105550	0.640	35,131.000000
13.116217	0.640	35,766.000000
13.126883	0.640	36,924.000000
13.137550	0.640	38,423.000000
13.148217	0.640	39,930.000000
13.158883	0.640	41,071.000000
13.169550	0.640	41,338.000000
13.180217	0.640	40,536.000000
13.190883	0.640	38,990.000000
13.201550	0.640	37,144.000000
13.212217	0.640	35,225.000000
13.222883	0.640	33,989.000000
13.233550	0.640	34,765.000000
13.244217	0.640	36,864.000000
13.254883	0.640	37,074.000000
13.265550	0.640	34,825.000000
13.276217	0.640	33,531.000000
13.286883	0.640	34,188.000000
13.297550	0.640	34,070.000000
13.308217	0.640	32,318.000000
13.318883	0.640	30,686.000000
13.329550	0.640	30,075.000000
13.340217	0.640	29,983.000000
13.350883	0.640	29,271.000000
13.361550	0.640	27,782.000000
13.372217	0.640	27,315.000000
13.382883	0.640	28,463.000000
13.393550	0.640	29,348.000000
13.404217	0.640	28,694.000000
13.414883	0.640	27,248.000000
13.425550	0.640	26,570.000000
13.436217	0.640	27,193.000000
13.446883	0.640	28,453.000000
13.457550	0.640	29,691.000000
13.468217	0.640	30,514.000000
13.478883	0.640	31,082.000000
13.489550	0.640	31,424.000000
13.500217	0.640	30,669.000000
13.510883	0.640	28,747.000000
13.521550	0.640	26,859.000000
13.532217	0.640	26,388.000000
13.542883	0.640	28,313.000000
13.553550	0.640	31,466.000000
13.564217	0.640	32,856.000000
13.574883	0.640	31,480.000000
13.585550	0.640	29,366.000000
13.596217	0.640	28,482.000000
13.606883	0.640	28,298.000000
13.617550	0.640	27,120.000000
13.628217	0.640	25,272.000000
13.638883	0.640	24,999.000000
13.649550	0.640	27,759.000000
13.660217	0.640	32,794.000000
13.670883	0.640	36,594.000000
13.681550	0.640	36,082.000000
13.692217	0.640	34,002.000000
13.702883	0.640	35,381.000000
13.713550	0.640	40,244.000000
13.724217	0.640	46,203.000000
13.734883	0.640	53,544.000000
13.745550	0.640	63,991.000000
13.756217	0.640	78,056.000000
13.766883	0.640	95,683.000000
13.777550	0.640	118,772.000000
13.788217	0.640	149,441.000000
13.798883	0.640	188,152.000000
13.809550	0.640	238,410.000000
13.820217	0.640	306,217.000000
13.830883	0.640	395,813.000000
13.841550	0.640	516,019.000000
13.852217	0.640	684,574.000000
13.862883	0.640	924,560.000000
13.873550	0.640	1,264,976.000000
13.884217	0.640	1,741,033.000000
13.894883	0.640	2,379,958.000000
13.905550	0.640	3,163,209.000000
13.916217	0.640	4,006,676.000000
13.926883	0.640	4,795,939.000000
13.937550	0.640	5,416,798.000000
13.948217	0.640	5,758,250.000000
13.958883	0.640	5,734,392.000000
13.969550	0.640	5,323,620.000000
13.980217	0.640	4,598,088.000000
13.990883	0.640	3,704,001.000000
14.001550	0.640	2,794,898.000000
14.012217	0.640	1,986,798.000000
14.022883	0.640	1,345,654.000000
14.033550	0.640	883,147.000000
14.044217	0.640	573,349.000000
14.054883	0.640	380,839.000000
14.065550	0.640	271,167.000000
14.076217	0.640	210,114.000000
14.086883	0.640	172,108.000000
14.097550	0.640	146,324.000000
14.108217	0.640	129,004.000000
14.118883	0.640	117,365.000000
14.129550	0.640	108,051.000000
14.140217	0.640	96,708.000000
14.150883	0.640	83,255.000000
14.161550	0.640	71,813.000000
14.172217	0.640	63,804.000000
14.182883	0.640	57,515.000000
14.193550	0.640	51,176.000000
14.204217	0.640	44,551.000000
14.214883	0.640	39,346.000000
14.225550	0.640	37,680.000000
14.236217	0.640	38,994.000000
14.246883	0.640	39,565.000000
14.257550	0.640	37,976.000000
14.268217	0.640	36,852.000000
14.278883	0.640	37,196.000000
14.289550	0.640	37,580.000000
14.300217	0.640	37,890.000000
14.310883	0.640	39,118.000000
14.321550	0.640	41,056.000000
14.332217	0.640	42,829.000000
14.342883	0.640	45,012.000000
14.353550	0.640	48,627.000000
14.364217	0.640	52,878.000000
14.374883	0.640	55,693.000000
14.385550	0.640	56,010.000000
14.396217	0.640	54,913.000000
14.406883	0.640	53,224.000000
14.417550	0.640	49,992.000000
14.428217	0.640	45,405.000000
14.438883	0.640	41,696.000000
14.449550	0.640	40,954.000000
14.460217	0.640	43,266.000000
14.470883	0.640	45,715.000000
14.481550	0.640	45,690.000000
14.492217	0.640	44,350.000000
14.502883	0.640	43,659.000000
14.513550	0.640	43,494.000000
14.524217	0.640	43,081.000000
14.534883	0.640	42,492.000000
14.545550	0.640	42,175.000000
14.556217	0.640	42,102.000000
14.566883	0.640	42,293.000000
14.577550	0.640	43,215.000000
14.588217	0.640	44,890.000000
14.598883	0.640	47,008.000000
14.609550	0.640	49,875.000000
14.620217	0.640	53,438.000000
14.630883	0.640	56,982.000000
14.641550	0.640	61,715.000000
14.652217	0.640	69,977.000000
14.662883	0.640	80,702.000000
14.673550	0.640	89,031.000000
14.684217	0.640	90,494.000000
14.694883	0.640	85,061.000000
14.705550	0.640	76,928.000000
14.716217	0.640	70,068.000000
14.726883	0.640	65,219.000000
14.737550	0.640	61,015.000000
14.748217	0.640	58,011.000000
14.758883	0.640	59,712.000000
14.769550	0.640	67,236.000000
14.780217	0.640	76,425.000000
14.790883	0.640	82,408.000000
14.801550	0.640	83,886.000000
14.812217	0.640	81,853.000000
14.822883	0.640	78,103.000000
14.833550	0.640	74,379.000000
14.844217	0.640	69,970.000000
14.854883	0.640	64,590.000000
14.865550	0.640	61,115.000000
14.876217	0.640	59,863.000000
14.886883	0.640	57,527.000000
14.897550	0.640	54,133.000000
14.908217	0.640	52,857.000000
14.918883	0.640	53,494.000000
14.929550	0.640	52,972.000000
14.940217	0.640	50,655.000000
14.950883	0.640	48,928.000000
14.961550	0.640	49,614.000000
14.972217	0.640	51,182.000000
14.982883	0.640	51,496.000000
14.993550	0.640	52,144.000000
15.004217	0.640	54,714.000000
15.014883	0.640	57,320.000000
15.025550	0.640	58,625.000000
15.036217	0.640	58,523.000000
15.046883	0.640	56,900.000000
15.057550	0.640	55,175.000000
15.068217	0.640	54,807.000000
15.078883	0.640	55,962.000000
15.089550	0.640	59,040.000000
15.100217	0.640	64,144.000000
15.110883	0.640	69,934.000000
15.121550	0.640	75,387.000000
15.132217	0.640	81,057.000000
15.142883	0.640	86,131.000000
15.153550	0.640	86,720.000000
15.164217	0.640	81,092.000000
15.174883	0.640	73,255.000000
15.185550	0.640	67,483.000000
15.196217	0.640	64,511.000000
15.206883	0.640	64,203.000000
15.217550	0.640	65,089.000000
15.228217	0.640	64,499.000000
15.238883	0.640	62,948.000000
15.249550	0.640	62,114.000000
15.260217	0.640	61,225.000000
15.270883	0.640	60,199.000000
15.281550	0.640	59,982.000000
15.292217	0.640	60,151.000000
15.302883	0.640	60,517.000000
15.313550	0.640	61,338.000000
15.324217	0.640	62,230.000000
15.334883	0.640	63,257.000000
15.345550	0.640	64,338.000000
15.356217	0.640	64,820.000000
15.366883	0.640	64,962.000000
15.377550	0.640	65,122.000000
15.388217	0.640	65,249.000000
15.398883	0.640	66,044.000000
15.409550	0.640	67,385.000000
15.420217	0.640	67,402.000000
15.430883	0.640	65,847.000000
15.441550	0.640	65,159.000000
15.452217	0.640	67,049.000000
15.462883	0.640	70,507.000000
15.473550	0.640	72,761.000000
15.484217	0.640	72,597.000000
15.494883	0.640	72,416.000000
15.505550	0.640	74,296.000000
15.516217	0.640	77,476.000000
15.526883	0.640	81,818.000000
15.537550	0.640	89,031.000000
15.548217	0.640	100,524.000000
15.558883	0.640	117,019.000000
15.569550	0.640	137,668.000000
15.580217	0.640	155,470.000000
15.590883	0.640	159,563.000000
15.601550	0.640	147,662.000000
15.612217	0.640	128,029.000000
15.622883	0.640	109,236.000000
15.633550	0.640	95,052.000000
15.644217	0.640	85,912.000000
15.654883	0.640	81,430.000000
15.665550	0.640	80,017.000000
15.676217	0.640	78,725.000000
15.686883	0.640	76,772.000000
15.697550	0.640	75,654.000000
15.708217	0.640	75,882.000000
15.718883	0.640	76,702.000000
15.729550	0.640	77,294.000000
15.740217	0.640	77,540.000000
15.750883	0.640	79,377.000000
15.761550	0.640	86,698.000000
15.772217	0.640	101,933.000000
15.782883	0.640	125,509.000000
15.793550	0.640	162,111.000000
15.804217	0.640	226,518.000000
15.814883	0.640	342,941.000000
15.825550	0.640	543,754.000000
15.836217	0.640	890,025.000000
15.846883	0.640	1,524,408.000000
15.857550	0.640	2,701,625.000000
15.868217	0.640	4,673,150.000000
15.878883	0.640	7,375,100.000000
15.889550	0.640	10,135,444.000000
15.900217	0.640	11,814,020.000000
15.910883	0.640	11,523,265.000000
15.921550	0.640	9,367,899.000000
15.932217	0.640	6,393,818.000000
15.942883	0.640	3,766,976.000000
15.953550	0.640	2,045,739.000000
15.964217	0.640	1,137,692.000000
15.974883	0.640	702,730.000000
15.985550	0.640	478,950.000000
15.996217	0.640	345,946.000000
16.006883	0.640	261,307.000000
16.017550	0.640	208,185.000000
16.028217	0.640	176,403.000000
16.038883	0.640	158,455.000000
16.049550	0.640	149,316.000000
16.060217	0.640	146,651.000000
16.070883	0.640	151,012.000000
16.081550	0.640	161,768.000000
16.092217	0.640	172,580.000000
16.102883	0.640	177,949.000000
16.113550	0.640	179,793.000000
16.124217	0.640	179,844.000000
16.134883	0.640	176,543.000000
16.145550	0.640	172,656.000000
16.156217	0.640	172,578.000000
16.166883	0.640	175,074.000000
16.177550	0.640	175,835.000000
16.188217	0.640	172,000.000000
16.198883	0.640	164,380.000000
16.209550	0.640	157,213.000000
16.220217	0.640	153,803.000000
16.230883	0.640	154,071.000000
16.241550	0.640	158,117.000000
16.252217	0.640	167,002.000000
16.262883	0.640	177,194.000000
16.273550	0.640	181,814.000000
16.284217	0.640	178,419.000000
16.294883	0.640	168,883.000000
16.305550	0.640	155,767.000000
16.316217	0.640	142,728.000000
16.326883	0.640	133,283.000000
16.337550	0.640	128,378.000000
16.348217	0.640	126,532.000000
16.358883	0.640	126,021.000000
16.369550	0.640	126,626.000000
16.380217	0.640	128,399.000000
16.390883	0.640	130,826.000000
16.401550	0.640	133,519.000000
16.412217	0.640	136,112.000000
16.422883	0.640	137,886.000000
16.433550	0.640	138,834.000000
16.444217	0.640	141,553.000000
16.454883	0.640	149,125.000000
16.465550	0.640	164,869.000000
16.476217	0.640	197,030.000000
16.486883	0.640	258,600.000000
16.497550	0.640	368,134.000000
16.508217	0.640	558,493.000000
16.518883	0.640	886,125.000000
16.529550	0.640	1,443,769.000000
16.540217	0.640	2,417,413.000000
16.550883	0.640	4,201,547.000000
16.561550	0.640	7,414,525.000000
16.572217	0.640	12,572,587.000000
16.582883	0.640	19,372,970.000000
16.593550	0.640	26,072,875.000000
16.604217	0.640	29,952,954.000000
16.614883	0.640	29,059,722.000000
16.625550	0.640	23,749,142.000000
16.636217	0.640	16,445,107.000000
16.646883	0.640	9,855,756.000000
16.657550	0.640	5,381,006.000000
16.668217	0.640	2,926,323.000000
16.678883	0.640	1,727,355.000000
16.689550	0.640	1,117,981.000000
16.700217	0.640	760,253.000000
16.710883	0.640	531,140.000000
16.721550	0.640	383,163.000000
16.732217	0.640	289,387.000000
16.742883	0.640	231,682.000000
16.753550	0.640	196,485.000000
16.764217	0.640	175,239.000000
16.774883	0.640	163,101.000000
16.785550	0.640	156,251.000000
16.796217	0.640	154,067.000000
16.806883	0.640	156,957.000000
16.817550	0.640	161,942.000000
16.828217	0.640	168,347.000000
16.838883	0.640	179,790.000000
16.849550	0.640	195,505.000000
16.860217	0.640	208,737.000000
16.870883	0.640	213,208.000000
16.881550	0.640	207,519.000000
16.892217	0.640	196,305.000000
16.902883	0.640	186,247.000000
16.913550	0.640	178,852.000000
16.924217	0.640	170,827.000000
16.934883	0.640	161,715.000000
16.945550	0.640	154,817.000000
16.956217	0.640	151,671.000000
16.966883	0.640	150,320.000000
16.977550	0.640	148,751.000000
16.988217	0.640	147,488.000000
16.998883	0.640	147,107.000000
17.009550	0.640	147,049.000000
17.020217	0.640	147,974.000000
17.030883	0.640	151,550.000000
17.041550	0.640	157,495.000000
17.052217	0.640	162,688.000000
17.062883	0.640	166,183.000000
17.073550	0.640	172,600.000000
17.084217	0.640	186,154.000000
17.094883	0.640	207,283.000000
17.105550	0.640	238,475.000000
17.116217	0.640	286,449.000000
17.126883	0.640	357,184.000000
17.137550	0.640	451,745.000000
17.148217	0.640	564,042.000000
17.158883	0.640	682,687.000000
17.169550	0.640	794,677.000000
17.180217	0.640	883,660.000000
17.190883	0.640	932,930.000000
17.201550	0.640	933,003.000000
17.212217	0.640	882,459.000000
17.222883	0.640	789,456.000000
17.233550	0.640	671,635.000000
17.244217	0.640	547,545.000000
17.254883	0.640	430,640.000000
17.265550	0.640	332,730.000000
17.276217	0.640	264,206.000000
17.286883	0.640	222,666.000000
17.297550	0.640	194,427.000000
17.308217	0.640	173,807.000000
17.318883	0.640	163,762.000000
17.329550	0.640	161,537.000000
17.340217	0.640	160,638.000000
17.350883	0.640	159,518.000000
17.361550	0.640	159,833.000000
17.372217	0.640	161,584.000000
17.382883	0.640	163,725.000000
17.393550	0.640	166,772.000000
17.404217	0.640	171,518.000000
17.414883	0.640	177,413.000000
17.425550	0.640	183,138.000000
17.436217	0.640	188,060.000000
17.446883	0.640	193,604.000000
17.457550	0.640	201,598.000000
17.468217	0.640	211,908.000000
17.478883	0.640	223,779.000000
17.489550	0.640	238,641.000000
17.500217	0.640	256,745.000000
17.510883	0.640	274,164.000000
17.521550	0.640	288,603.000000
17.532217	0.640	302,011.000000
17.542883	0.640	319,165.000000
17.553550	0.640	347,770.000000
17.564217	0.640	393,901.000000
17.574883	0.640	454,883.000000
17.585550	0.640	518,645.000000
17.596217	0.640	569,414.000000
17.606883	0.640	592,023.000000
17.617550	0.640	579,301.000000
17.628217	0.640	537,677.000000
17.638883	0.640	478,544.000000
17.649550	0.640	413,633.000000
17.660217	0.640	355,733.000000
17.670883	0.640	311,833.000000
17.681550	0.640	282,293.000000
17.692217	0.640	264,806.000000
17.702883	0.640	255,627.000000
17.713550	0.640	252,733.000000
17.724217	0.640	255,032.000000
17.734883	0.640	258,131.000000
17.745550	0.640	257,789.000000
17.756217	0.640	254,950.000000
17.766883	0.640	252,117.000000
17.777550	0.640	249,956.000000
17.788217	0.640	249,644.000000
17.798883	0.640	252,821.000000
17.809550	0.640	257,855.000000
17.820217	0.640	261,122.000000
17.830883	0.640	262,514.000000
17.841550	0.640	264,940.000000
17.852217	0.640	268,942.000000
17.862883	0.640	271,691.000000
17.873550	0.640	272,540.000000
17.884217	0.640	274,361.000000
17.894883	0.640	278,042.000000
17.905550	0.640	282,572.000000
17.916217	0.640	286,932.000000
17.926883	0.640	290,140.000000
17.937550	0.640	293,659.000000
17.948217	0.640	297,977.000000
17.958883	0.640	300,722.000000
17.969550	0.640	303,760.000000
17.980217	0.640	311,004.000000
17.990883	0.640	320,451.000000
18.001550	0.640	328,105.000000
18.012217	0.640	333,713.000000
18.022883	0.640	338,870.000000
18.033550	0.640	343,737.000000
18.044217	0.640	347,790.000000
18.054883	0.640	353,400.000000
18.065550	0.640	362,863.000000
18.076217	0.640	373,871.000000
18.086883	0.640	385,931.000000
18.097550	0.640	403,961.000000
18.108217	0.640	431,403.000000
18.118883	0.640	470,631.000000
18.129550	0.640	529,083.000000
18.140217	0.640	615,757.000000
18.150883	0.640	737,102.000000
18.161550	0.640	905,653.000000
18.172217	0.640	1,147,296.000000
18.182883	0.640	1,491,417.000000
18.193550	0.640	1,968,210.000000
18.204217	0.640	2,626,163.000000
18.214883	0.640	3,537,900.000000
18.225550	0.640	4,809,996.000000
18.236217	0.640	6,623,115.000000
18.246883	0.640	9,264,018.000000
18.257550	0.640	13,119,759.000000
18.268217	0.640	18,618,536.000000
18.278883	0.640	26,081,517.000000
18.289550	0.640	35,462,930.000000
18.300217	0.640	46,089,631.000000
18.310883	0.640	56,565,671.000000
18.321550	0.640	64,929,514.000000
18.332217	0.640	69,228,652.000000
18.342883	0.640	68,360,969.000000
18.353550	0.640	62,518,803.000000
18.364217	0.640	52,987,629.000000
18.374883	0.640	41,673,494.000000
18.385550	0.640	30,546,510.000000
18.396217	0.640	21,039,475.000000
18.406883	0.640	13,756,799.000000
18.417550	0.640	8,646,380.000000
18.428217	0.640	5,311,924.000000
18.438883	0.640	3,257,356.000000
18.449550	0.640	2,045,371.000000
18.460217	0.640	1,353,246.000000
18.470883	0.640	971,936.000000
18.481550	0.640	786,316.000000
18.492217	0.640	736,070.000000
18.502883	0.640	784,597.000000
18.513550	0.640	913,159.000000
18.524217	0.640	1,127,129.000000
18.534883	0.640	1,452,624.000000
18.545550	0.640	1,921,913.000000
18.556217	0.640	2,585,787.000000
18.566883	0.640	3,552,572.000000
18.577550	0.640	5,003,319.000000
18.588217	0.640	7,161,556.000000
18.598883	0.640	10,207,292.000000
18.609550	0.640	14,157,603.000000
18.620217	0.640	18,766,820.000000
18.630883	0.640	23,459,009.000000
18.641550	0.640	27,361,666.000000
18.652217	0.640	29,558,106.000000
18.662883	0.640	29,492,066.000000
18.673550	0.640	27,208,154.000000
18.684217	0.640	23,246,653.000000
18.694883	0.640	18,409,783.000000
18.705550	0.640	13,554,822.000000
18.716217	0.640	9,350,675.000000
18.726883	0.640	6,109,761.000000
18.737550	0.640	3,834,856.000000
18.748217	0.640	2,358,266.000000
18.758883	0.640	1,449,748.000000
18.769550	0.640	904,517.000000
18.780217	0.640	582,513.000000
18.790883	0.640	392,735.000000
18.801550	0.640	279,274.000000
18.812217	0.640	212,134.000000
18.822883	0.640	172,533.000000
18.833550	0.640	147,922.000000
18.844217	0.640	132,606.000000
18.854883	0.640	124,019.000000
18.865550	0.640	120,273.000000
18.876217	0.640	120,129.000000
18.886883	0.640	122,570.000000
18.897550	0.640	128,694.000000
18.908217	0.640	140,028.000000
18.918883	0.640	155,427.000000
18.929550	0.640	177,162.000000
18.940217	0.640	209,613.000000
18.950883	0.640	251,003.000000
18.961550	0.640	301,846.000000
18.972217	0.640	370,808.000000
18.982883	0.640	465,120.000000
18.993550	0.640	593,137.000000
19.004217	0.640	774,283.000000
19.014883	0.640	1,033,518.000000
19.025550	0.640	1,398,721.000000
19.036217	0.640	1,910,598.000000
19.046883	0.640	2,611,724.000000
19.057550	0.640	3,500,221.000000
19.068217	0.640	4,503,617.000000
19.078883	0.640	5,511,736.000000
19.089550	0.640	6,396,362.000000
19.100217	0.640	6,995,222.000000
19.110883	0.640	7,152,088.000000
19.121550	0.640	6,812,013.000000
19.132217	0.640	6,057,619.000000
19.142883	0.640	5,050,439.000000
19.153550	0.640	3,960,488.000000
19.164217	0.640	2,931,709.000000
19.174883	0.640	2,061,832.000000
19.185550	0.640	1,393,015.000000
19.196217	0.640	919,617.000000
19.206883	0.640	606,321.000000
19.217550	0.640	408,225.000000
19.228217	0.640	287,140.000000
19.238883	0.640	217,108.000000
19.249550	0.640	178,653.000000
19.260217	0.640	154,787.000000
19.270883	0.640	136,011.000000
19.281550	0.640	122,935.000000
19.292217	0.640	118,089.000000
19.302883	0.640	117,983.000000
19.313550	0.640	116,530.000000
19.324217	0.640	113,892.000000
19.334883	0.640	114,267.000000
19.345550	0.640	116,201.000000
19.356217	0.640	116,000.000000
19.366883	0.640	115,302.000000
19.377550	0.640	116,760.000000
19.388217	0.640	119,564.000000
19.398883	0.640	121,608.000000
19.409550	0.640	122,924.000000
19.420217	0.640	125,598.000000
19.430883	0.640	129,115.000000
19.441550	0.640	132,378.000000
19.452217	0.640	138,205.000000
19.462883	0.640	147,281.000000
19.473550	0.640	155,350.000000
19.484217	0.640	159,860.000000
19.494883	0.640	162,265.000000
19.505550	0.640	163,424.000000
19.516217	0.640	161,874.000000
19.526883	0.640	157,549.000000
19.537550	0.640	152,393.000000
19.548217	0.640	147,551.000000
19.558883	0.640	142,616.000000
19.569550	0.640	137,939.000000
19.580217	0.640	135,326.000000
19.590883	0.640	134,395.000000
19.601550	0.640	133,621.000000
19.612217	0.640	134,142.000000
19.622883	0.640	137,460.000000
19.633550	0.640	143,341.000000
19.644217	0.640	150,510.000000
19.654883	0.640	157,045.000000
19.665550	0.640	162,798.000000
19.676217	0.640	170,147.000000
19.686883	0.640	180,374.000000
19.697550	0.640	192,050.000000
19.708217	0.640	202,641.000000
19.718883	0.640	211,200.000000
19.729550	0.640	220,651.000000
19.740217	0.640	235,105.000000
19.750883	0.640	256,648.000000
19.761550	0.640	286,447.000000
19.772217	0.640	324,450.000000
19.782883	0.640	370,213.000000
19.793550	0.640	426,849.000000
19.804217	0.640	498,802.000000
19.814883	0.640	585,187.000000
19.825550	0.640	682,063.000000
19.836217	0.640	789,659.000000
19.846883	0.640	907,752.000000
19.857550	0.640	1,025,842.000000
19.868217	0.640	1,128,015.000000
19.878883	0.640	1,204,903.000000
19.889550	0.640	1,249,433.000000
19.900217	0.640	1,250,411.000000
19.910883	0.640	1,203,101.000000
19.921550	0.640	1,115,106.000000
19.932217	0.640	999,940.000000
19.942883	0.640	870,586.000000
19.953550	0.640	737,872.000000
19.964217	0.640	612,540.000000
19.974883	0.640	501,442.000000
19.985550	0.640	404,333.000000
19.996217	0.640	321,137.000000
20.006883	0.640	255,489.000000
20.017550	0.640	207,318.000000
20.028217	0.640	170,651.000000
20.038883	0.640	141,826.000000
20.049550	0.640	121,354.000000
20.060217	0.640	107,612.000000
20.070883	0.640	97,326.000000
20.081550	0.640	89,512.000000
20.092217	0.640	84,181.000000
20.102883	0.640	81,718.000000
20.113550	0.640	82,165.000000
20.124217	0.640	83,108.000000
20.134883	0.640	83,241.000000
20.145550	0.640	84,974.000000
20.156217	0.640	89,468.000000
20.166883	0.640	94,469.000000
20.177550	0.640	98,822.000000
20.188217	0.640	103,267.000000
20.198883	0.640	106,716.000000
20.209550	0.640	107,521.000000
20.220217	0.640	106,015.000000
20.230883	0.640	102,250.000000
20.241550	0.640	95,624.000000
20.252217	0.640	86,987.000000
20.262883	0.640	78,779.000000
20.273550	0.640	73,117.000000
20.284217	0.640	69,209.000000
20.294883	0.640	65,257.000000
20.305550	0.640	61,938.000000
20.316217	0.640	59,962.000000
20.326883	0.640	58,098.000000
20.337550	0.640	56,342.000000
20.348217	0.640	55,914.000000
20.358883	0.640	55,718.000000
20.369550	0.640	54,088.000000
20.380217	0.640	51,956.000000
20.390883	0.640	50,718.000000
20.401550	0.640	50,899.000000
20.412217	0.640	52,604.000000
20.422883	0.640	54,591.000000
20.433550	0.640	55,178.000000
20.444217	0.640	53,615.000000
20.454883	0.640	50,617.000000
20.465550	0.640	48,405.000000
20.476217	0.640	48,197.000000
20.486883	0.640	48,951.000000
20.497550	0.640	49,144.000000
20.508217	0.640	48,266.000000
20.518883	0.640	47,205.000000
20.529550	0.640	46,879.000000
20.540217	0.640	47,091.000000
20.550883	0.640	47,470.000000
20.561550	0.640	48,439.000000
20.572217	0.640	50,254.000000
20.582883	0.640	51,406.000000
20.593550	0.640	50,391.000000
20.604217	0.640	47,696.000000
20.614883	0.640	45,160.000000
20.625550	0.640	45,114.000000
20.636217	0.640	48,113.000000
20.646883	0.640	52,040.000000
20.657550	0.640	55,126.000000
20.668217	0.640	58,201.000000
20.678883	0.640	62,975.000000
20.689550	0.640	69,442.000000
20.700217	0.640	76,232.000000
20.710883	0.640	82,230.000000
20.721550	0.640	88,180.000000
20.732217	0.640	96,475.000000
20.742883	0.640	107,900.000000
20.753550	0.640	121,661.000000
20.764217	0.640	137,742.000000
20.774883	0.640	156,443.000000
20.785550	0.640	179,222.000000
20.796217	0.640	208,990.000000
20.806883	0.640	248,129.000000
20.817550	0.640	299,023.000000
20.828217	0.640	364,828.000000
20.838883	0.640	449,831.000000
20.849550	0.640	556,072.000000
20.860217	0.640	677,958.000000
20.870883	0.640	808,991.000000
20.881550	0.640	947,823.000000
20.892217	0.640	1,086,629.000000
20.902883	0.640	1,208,568.000000
20.913550	0.640	1,303,055.000000
20.924217	0.640	1,363,343.000000
20.934883	0.640	1,377,272.000000
20.945550	0.640	1,342,139.000000
20.956217	0.640	1,275,244.000000
20.966883	0.640	1,194,806.000000
20.977550	0.640	1,103,755.000000
20.988217	0.640	1,005,696.000000
20.998883	0.640	918,866.000000
21.009550	0.640	863,641.000000
21.020217	0.640	847,750.000000
21.030883	0.640	865,423.000000
21.041550	0.640	915,043.000000
21.052217	0.640	1,006,745.000000
21.062883	0.640	1,142,606.000000
21.073550	0.640	1,313,736.000000
21.084217	0.640	1,520,597.000000
21.094883	0.640	1,776,400.000000
21.105550	0.640	2,093,053.000000
21.116217	0.640	2,476,107.000000
21.126883	0.640	2,927,052.000000
21.137550	0.640	3,445,094.000000
21.148217	0.640	4,028,477.000000
21.158883	0.640	4,658,366.000000
21.169550	0.640	5,286,399.000000
21.180217	0.640	5,846,353.000000
21.190883	0.640	6,269,365.000000
21.201550	0.640	6,508,584.000000
21.212217	0.640	6,545,384.000000
21.222883	0.640	6,367,136.000000
21.233550	0.640	5,973,420.000000
21.244217	0.640	5,398,657.000000
21.254883	0.640	4,711,416.000000
21.265550	0.640	3,986,476.000000
21.276217	0.640	3,270,844.000000
21.286883	0.640	2,592,307.000000
21.297550	0.640	1,986,214.000000
21.308217	0.640	1,480,414.000000
21.318883	0.640	1,079,748.000000
21.329550	0.640	777,600.000000
21.340217	0.640	557,388.000000
21.350883	0.640	398,444.000000
21.361550	0.640	288,256.000000
21.372217	0.640	215,702.000000
21.382883	0.640	168,240.000000
21.393550	0.640	138,737.000000
21.404217	0.640	122,000.000000
21.414883	0.640	112,469.000000
21.425550	0.640	108,562.000000
21.436217	0.640	110,028.000000
21.446883	0.640	113,663.000000
21.457550	0.640	116,749.000000
21.468217	0.640	119,630.000000
21.478883	0.640	122,345.000000
21.489550	0.640	123,596.000000
21.500217	0.640	122,510.000000
21.510883	0.640	118,674.000000
21.521550	0.640	113,205.000000
21.532217	0.640	107,935.000000
21.542883	0.640	102,672.000000
21.553550	0.640	96,069.000000
21.564217	0.640	87,203.000000
21.574883	0.640	77,583.000000
21.585550	0.640	70,909.000000
21.596217	0.640	67,546.000000
21.606883	0.640	64,673.000000
21.617550	0.640	61,265.000000
21.628217	0.640	57,734.000000
21.638883	0.640	54,894.000000
21.649550	0.640	54,018.000000
21.660217	0.640	54,564.000000
21.670883	0.640	54,175.000000
21.681550	0.640	51,835.000000
21.692217	0.640	49,243.000000
21.702883	0.640	48,970.000000
21.713550	0.640	50,917.000000
21.724217	0.640	52,088.000000
21.734883	0.640	51,421.000000
21.745550	0.640	51,044.000000
21.756217	0.640	51,425.000000
21.766883	0.640	51,346.000000
21.777550	0.640	51,636.000000
21.788217	0.640	52,967.000000
21.798883	0.640	53,893.000000
21.809550	0.640	53,440.000000
21.820217	0.640	52,166.000000
21.830883	0.640	51,826.000000
21.841550	0.640	53,931.000000
21.852217	0.640	56,568.000000
21.862883	0.640	56,201.000000
21.873550	0.640	53,496.000000
21.884217	0.640	52,418.000000
21.894883	0.640	54,333.000000
21.905550	0.640	56,227.000000
21.916217	0.640	55,423.000000
21.926883	0.640	53,955.000000
21.937550	0.640	54,299.000000
21.948217	0.640	55,550.000000
21.958883	0.640	56,586.000000
21.969550	0.640	57,069.000000
21.980217	0.640	56,737.000000
21.990883	0.640	56,388.000000
22.001550	0.640	57,239.000000
22.012217	0.640	59,103.000000
22.022883	0.640	59,874.000000
22.033550	0.640	58,311.000000
22.044217	0.640	56,630.000000
22.054883	0.640	57,117.000000
22.065550	0.640	58,761.000000
22.076217	0.640	59,551.000000
22.086883	0.640	59,968.000000
22.097550	0.640	62,581.000000
22.108217	0.640	66,481.000000
22.118883	0.640	67,058.000000
22.129550	0.640	64,031.000000
22.140217	0.640	62,585.000000
22.150883	0.640	66,200.000000
22.161550	0.640	72,111.000000
22.172217	0.640	75,487.000000
22.182883	0.640	76,985.000000
22.193550	0.640	80,215.000000
22.204217	0.640	84,798.000000
22.214883	0.640	89,571.000000
22.225550	0.640	97,877.000000
22.236217	0.640	113,225.000000
22.246883	0.640	133,453.000000
22.257550	0.640	152,468.000000
22.268217	0.640	167,724.000000
22.278883	0.640	185,975.000000
22.289550	0.640	215,055.000000
22.300217	0.640	253,645.000000
22.310883	0.640	298,062.000000
22.321550	0.640	348,245.000000
22.332217	0.640	406,349.000000
22.342883	0.640	477,312.000000
22.353550	0.640	564,966.000000
22.364217	0.640	670,880.000000
22.374883	0.640	800,077.000000
22.385550	0.640	963,851.000000
22.396217	0.640	1,177,108.000000
22.406883	0.640	1,453,073.000000
22.417550	0.640	1,798,325.000000
22.428217	0.640	2,211,212.000000
22.438883	0.640	2,689,778.000000
22.449550	0.640	3,238,447.000000
22.460217	0.640	3,860,444.000000
22.470883	0.640	4,539,988.000000
22.481550	0.640	5,234,573.000000
22.492217	0.640	5,899,004.000000
22.502883	0.640	6,497,535.000000
22.513550	0.640	6,975,912.000000
22.524217	0.640	7,269,026.000000
22.534883	0.640	7,350,788.000000
22.545550	0.640	7,229,070.000000
22.556217	0.640	6,902,161.000000
22.566883	0.640	6,375,844.000000
22.577550	0.640	5,704,258.000000
22.588217	0.640	4,963,207.000000
22.598883	0.640	4,202,383.000000
22.609550	0.640	3,449,622.000000
22.620217	0.640	2,737,982.000000
22.630883	0.640	2,107,792.000000
22.641550	0.640	1,583,921.000000
22.652217	0.640	1,165,175.000000
22.662883	0.640	839,396.000000
22.673550	0.640	594,673.000000
22.684217	0.640	419,041.000000
22.694883	0.640	299,491.000000
22.705550	0.640	219,978.000000
22.716217	0.640	164,617.000000
22.726883	0.640	125,365.000000
22.737550	0.640	99,674.000000
22.748217	0.640	82,850.000000
22.758883	0.640	70,764.000000
22.769550	0.640	63,735.000000
22.780217	0.640	61,476.000000
22.790883	0.640	60,901.000000
22.801550	0.640	59,999.000000
22.812217	0.640	58,835.000000
22.822883	0.640	58,220.000000
22.833550	0.640	58,571.000000
22.844217	0.640	59,051.000000
22.854883	0.640	59,390.000000
22.865550	0.640	60,866.000000
22.876217	0.640	63,817.000000
22.886883	0.640	66,311.000000
22.897550	0.640	66,859.000000
22.908217	0.640	67,547.000000
22.918883	0.640	71,172.000000
22.929550	0.640	76,978.000000
22.940217	0.640	83,650.000000
22.950883	0.640	92,874.000000
22.961550	0.640	106,265.000000
22.972217	0.640	123,442.000000
22.982883	0.640	145,353.000000
22.993550	0.640	174,454.000000
23.004217	0.640	211,032.000000
23.014883	0.640	254,360.000000
23.025550	0.640	308,485.000000
23.036217	0.640	381,542.000000
23.046883	0.640	477,948.000000
23.057550	0.640	599,009.000000
23.068217	0.640	749,600.000000
23.078883	0.640	938,014.000000
23.089550	0.640	1,174,925.000000
23.100217	0.640	1,474,742.000000
23.110883	0.640	1,861,757.000000
23.121550	0.640	2,378,027.000000
23.132217	0.640	3,073,022.000000
23.142883	0.640	3,995,229.000000
23.153550	0.640	5,208,974.000000
23.164217	0.640	6,785,446.000000
23.174883	0.640	8,754,260.000000
23.185550	0.640	11,081,412.000000
23.196217	0.640	13,657,708.000000
23.206883	0.640	16,274,773.000000
23.217550	0.640	18,659,662.000000
23.228217	0.640	20,520,142.000000
23.238883	0.640	21,561,970.000000
23.249550	0.640	21,584,501.000000
23.260217	0.640	20,578,253.000000
23.270883	0.640	18,691,901.000000
23.281550	0.640	16,163,680.000000
23.292217	0.640	13,290,171.000000
23.302883	0.640	10,382,508.000000
23.313550	0.640	7,713,670.000000
23.324217	0.640	5,475,874.000000
23.334883	0.640	3,744,814.000000
23.345550	0.640	2,487,240.000000
23.356217	0.640	1,613,898.000000
23.366883	0.640	1,031,461.000000
23.377550	0.640	664,045.000000
23.388217	0.640	445,572.000000
23.398883	0.640	317,672.000000
23.409550	0.640	241,658.000000
23.420217	0.640	197,275.000000
23.430883	0.640	171,450.000000
23.441550	0.640	155,511.000000
23.452217	0.640	145,427.000000
23.462883	0.640	137,471.000000
23.473550	0.640	127,697.000000
23.484217	0.640	117,084.000000
23.494883	0.640	110,628.000000
23.505550	0.640	109,147.000000
23.516217	0.640	107,262.000000
23.526883	0.640	101,958.000000
23.537550	0.640	96,536.000000
23.548217	0.640	93,787.000000
23.558883	0.640	93,221.000000
23.569550	0.640	94,249.000000
23.580217	0.640	95,161.000000
23.590883	0.640	93,226.000000
23.601550	0.640	88,889.000000
23.612217	0.640	83,993.000000
23.622883	0.640	78,163.000000
23.633550	0.640	71,818.000000
23.644217	0.640	67,436.000000
23.654883	0.640	66,360.000000
23.665550	0.640	67,607.000000
23.676217	0.640	68,869.000000
23.686883	0.640	68,763.000000
23.697550	0.640	67,514.000000
23.708217	0.640	65,739.000000
23.718883	0.640	64,601.000000
23.729550	0.640	64,820.000000
23.740217	0.640	65,364.000000
23.750883	0.640	65,658.000000
23.761550	0.640	66,930.000000
23.772217	0.640	69,761.000000
23.782883	0.640	73,236.000000
23.793550	0.640	76,167.000000
23.804217	0.640	77,252.000000
23.814883	0.640	76,323.000000
23.825550	0.640	74,750.000000
23.836217	0.640	73,524.000000
23.846883	0.640	72,590.000000
23.857550	0.640	71,135.000000
23.868217	0.640	68,918.000000
23.878883	0.640	67,254.000000
23.889550	0.640	67,370.000000
23.900217	0.640	68,974.000000
23.910883	0.640	70,786.000000
23.921550	0.640	72,121.000000
23.932217	0.640	72,700.000000
23.942883	0.640	71,873.000000
23.953550	0.640	70,327.000000
23.964217	0.640	69,623.000000
23.974883	0.640	70,498.000000
23.985550	0.640	73,379.000000
23.996217	0.640	77,065.000000
24.006883	0.640	79,182.000000
24.017550	0.640	80,078.000000
24.028217	0.640	81,343.000000
24.038883	0.640	81,322.000000
24.049550	0.640	78,222.000000
24.060217	0.640	74,407.000000
24.070883	0.640	72,075.000000
24.081550	0.640	70,014.000000
24.092217	0.640	67,360.000000
24.102883	0.640	66,180.000000
24.113550	0.640	68,284.000000
24.124217	0.640	71,308.000000
24.134883	0.640	71,575.000000
24.145550	0.640	69,505.000000
24.156217	0.640	68,195.000000
24.166883	0.640	69,138.000000
24.177550	0.640	71,430.000000
24.188217	0.640	72,849.000000
24.198883	0.640	72,494.000000
24.209550	0.640	72,171.000000
24.220217	0.640	73,336.000000
24.230883	0.640	75,222.000000
24.241550	0.640	76,548.000000
24.252217	0.640	77,186.000000
24.262883	0.640	78,301.000000
24.273550	0.640	80,519.000000
24.284217	0.640	83,335.000000
24.294883	0.640	86,602.000000
24.305550	0.640	89,877.000000
24.316217	0.640	93,614.000000
24.326883	0.640	100,326.000000
24.337550	0.640	108,576.000000
24.348217	0.640	113,591.000000
24.358883	0.640	116,815.000000
24.369550	0.640	124,519.000000
24.380217	0.640	142,476.000000
24.390883	0.640	178,895.000000
24.401550	0.640	244,576.000000
24.412217	0.640	354,477.000000
24.422883	0.640	534,446.000000
24.433550	0.640	821,442.000000
24.444217	0.640	1,269,423.000000
24.454883	0.640	1,963,840.000000
24.465550	0.640	3,044,354.000000
24.476217	0.640	4,770,496.000000
24.486883	0.640	7,593,401.000000
24.497550	0.640	12,117,225.000000
24.508217	0.640	18,851,055.000000
24.518883	0.640	27,731,495.000000
24.529550	0.640	37,573,773.000000
24.540217	0.640	45,947,861.000000
24.550883	0.640	50,053,394.000000
24.561550	0.640	48,246,538.000000
24.572217	0.640	41,052,838.000000
24.582883	0.640	30,915,148.000000
24.593550	0.640	20,817,685.000000
24.604217	0.640	12,801,040.000000
24.614883	0.640	7,433,605.000000
24.625550	0.640	4,256,839.000000
24.636217	0.640	2,499,804.000000
24.646883	0.640	1,535,500.000000
24.657550	0.640	989,676.000000
24.668217	0.640	666,656.000000
24.678883	0.640	464,095.000000
24.689550	0.640	331,497.000000
24.700217	0.640	247,422.000000
24.710883	0.640	198,342.000000
24.721550	0.640	170,150.000000
24.732217	0.640	152,664.000000
24.742883	0.640	142,010.000000
24.753550	0.640	137,215.000000
24.764217	0.640	138,285.000000
24.774883	0.640	144,890.000000
24.785550	0.640	153,450.000000
24.796217	0.640	160,263.000000
24.806883	0.640	167,202.000000
24.817550	0.640	178,363.000000
24.828217	0.640	193,040.000000
24.838883	0.640	208,368.000000
24.849550	0.640	225,827.000000
24.860217	0.640	247,529.000000
24.870883	0.640	272,231.000000
24.881550	0.640	301,915.000000
24.892217	0.640	342,105.000000
24.902883	0.640	394,379.000000
24.913550	0.640	462,475.000000
24.924217	0.640	561,350.000000
24.934883	0.640	712,165.000000
24.945550	0.640	946,949.000000
24.956217	0.640	1,349,904.000000
24.966883	0.640	2,130,374.000000
24.977550	0.640	3,693,575.000000
24.988217	0.640	6,557,305.000000
24.998883	0.640	10,844,072.000000
25.009550	0.640	15,538,883.000000
25.020217	0.640	18,556,520.000000
25.030883	0.640	18,208,415.000000
25.041550	0.640	14,725,655.000000
25.052217	0.640	10,036,151.000000
25.062883	0.640	6,108,877.000000
25.073550	0.640	3,716,253.000000
25.084217	0.640	2,537,084.000000
25.094883	0.640	1,948,749.000000
25.105550	0.640	1,548,118.000000
25.116217	0.640	1,196,396.000000
25.126883	0.640	892,670.000000
25.137550	0.640	661,096.000000
25.148217	0.640	497,658.000000
25.158883	0.640	383,149.000000
25.169550	0.640	302,442.000000
25.180217	0.640	243,690.000000
25.190883	0.640	199,813.000000
25.201550	0.640	168,835.000000
25.212217	0.640	149,465.000000
25.222883	0.640	138,713.000000
25.233550	0.640	131,144.000000
25.244217	0.640	122,620.000000
25.254883	0.640	114,241.000000
25.265550	0.640	108,499.000000
25.276217	0.640	104,685.000000
25.286883	0.640	101,319.000000
25.297550	0.640	99,009.000000
25.308217	0.640	97,755.000000
25.318883	0.640	96,023.000000
25.329550	0.640	93,613.000000
25.340217	0.640	91,454.000000
25.350883	0.640	90,541.000000
25.361550	0.640	91,711.000000
25.372217	0.640	93,522.000000
25.382883	0.640	93,825.000000
25.393550	0.640	93,337.000000
25.404217	0.640	92,355.000000
25.414883	0.640	89,956.000000
25.425550	0.640	88,831.000000
25.436217	0.640	91,389.000000
25.446883	0.640	94,550.000000
25.457550	0.640	95,800.000000
25.468217	0.640	96,511.000000
25.478883	0.640	96,774.000000
25.489550	0.640	96,362.000000
25.500217	0.640	97,318.000000
25.510883	0.640	99,474.000000
25.521550	0.640	100,664.000000
25.532217	0.640	100,841.000000
25.542883	0.640	101,100.000000
25.553550	0.640	102,213.000000
25.564217	0.640	104,234.000000
25.574883	0.640	106,167.000000
25.585550	0.640	106,564.000000
25.596217	0.640	104,086.000000
25.606883	0.640	99,530.000000
25.617550	0.640	95,601.000000
25.628217	0.640	92,516.000000
25.638883	0.640	88,968.000000
25.649550	0.640	86,641.000000
25.660217	0.640	87,356.000000
25.670883	0.640	89,830.000000
25.681550	0.640	92,656.000000
25.692217	0.640	94,132.000000
25.702883	0.640	92,453.000000
25.713550	0.640	89,952.000000
25.724217	0.640	89,708.000000
25.734883	0.640	91,052.000000
25.745550	0.640	92,565.000000
25.756217	0.640	93,264.000000
25.766883	0.640	92,452.000000
25.777550	0.640	91,647.000000
25.788217	0.640	92,460.000000
25.798883	0.640	94,200.000000
25.809550	0.640	96,231.000000
25.820217	0.640	98,559.000000
25.830883	0.640	101,204.000000
25.841550	0.640	104,686.000000
25.852217	0.640	108,270.000000
25.862883	0.640	111,000.000000
25.873550	0.640	115,147.000000
25.884217	0.640	122,525.000000
25.894883	0.640	130,907.000000
25.905550	0.640	139,711.000000
25.916217	0.640	151,811.000000
25.926883	0.640	166,558.000000
25.937550	0.640	178,771.000000
25.948217	0.640	184,694.000000
25.958883	0.640	184,632.000000
25.969550	0.640	181,400.000000
25.980217	0.640	178,365.000000
25.990883	0.640	179,055.000000
26.001550	0.640	188,260.000000
26.012217	0.640	214,628.000000
26.022883	0.640	275,156.000000
26.033550	0.640	403,985.000000
26.044217	0.640	678,653.000000
26.054883	0.640	1,270,309.000000
26.065550	0.640	2,452,171.000000
26.076217	0.640	4,406,453.000000
26.086883	0.640	6,799,232.000000
26.097550	0.640	8,570,838.000000
26.108217	0.640	8,555,872.000000
26.118883	0.640	6,605,404.000000
26.129550	0.640	3,868,051.000000
26.140217	0.640	1,727,495.000000
26.150883	0.640	678,903.000000
26.161550	0.640	358,121.000000
26.172217	0.640	273,565.000000
26.182883	0.640	212,707.000000
26.193550	0.640	160,151.000000
26.204217	0.640	131,358.000000
26.214883	0.640	120,666.000000
26.225550	0.640	116,253.000000
26.236217	0.640	114,505.000000
26.246883	0.640	115,889.000000
26.257550	0.640	118,160.000000
26.268217	0.640	118,702.000000
26.278883	0.640	118,024.000000
26.289550	0.640	117,258.000000
26.300217	0.640	115,875.000000
26.310883	0.640	113,681.000000
26.321550	0.640	111,168.000000
26.332217	0.640	107,897.000000
26.342883	0.640	104,720.000000
26.353550	0.640	104,900.000000
26.364217	0.640	108,846.000000
26.374883	0.640	112,730.000000
26.385550	0.640	114,064.000000
26.396217	0.640	113,746.000000
26.406883	0.640	113,789.000000
26.417550	0.640	115,888.000000
26.428217	0.640	121,036.000000
26.438883	0.640	130,861.000000
26.449550	0.640	149,235.000000
26.460217	0.640	180,523.000000
26.470883	0.640	227,890.000000
26.481550	0.640	293,763.000000
26.492217	0.640	373,918.000000
26.502883	0.640	444,811.000000
26.513550	0.640	465,994.000000
26.524217	0.640	409,515.000000
26.534883	0.640	295,189.000000
26.545550	0.640	185,633.000000
26.556217	0.640	126,348.000000
26.566883	0.640	109,241.000000
26.577550	0.640	106,617.000000
26.588217	0.640	105,131.000000
26.598883	0.640	102,429.000000
26.609550	0.640	100,039.000000
26.620217	0.640	100,581.000000
26.630883	0.640	103,230.000000
26.641550	0.640	105,431.000000
26.652217	0.640	107,204.000000
26.662883	0.640	109,603.000000
26.673550	0.640	113,691.000000
26.684217	0.640	120,893.000000
26.694883	0.640	129,670.000000
26.705550	0.640	135,942.000000
26.716217	0.640	139,265.000000
26.726883	0.640	143,800.000000
26.737550	0.640	151,050.000000
26.748217	0.640	157,096.000000
26.758883	0.640	160,008.000000
26.769550	0.640	163,402.000000
26.780217	0.640	171,691.000000
26.790883	0.640	186,138.000000
26.801550	0.640	203,033.000000
26.812217	0.640	217,568.000000
26.822883	0.640	238,307.000000
26.833550	0.640	290,899.000000
26.844217	0.640	393,479.000000
26.854883	0.640	527,534.000000
26.865550	0.640	635,321.000000
26.876217	0.640	657,457.000000
26.886883	0.640	586,483.000000
26.897550	0.640	481,564.000000
26.908217	0.640	423,478.000000
26.918883	0.640	436,528.000000
26.929550	0.640	458,299.000000
26.940217	0.640	422,955.000000
26.950883	0.640	349,097.000000
26.961550	0.640	297,489.000000
26.972217	0.640	286,605.000000
26.982883	0.640	293,780.000000
26.993550	0.640	301,114.000000
27.004217	0.640	310,659.000000
27.014883	0.640	340,082.000000
27.025550	0.640	428,293.000000
27.036217	0.640	601,510.000000
27.046883	0.640	779,213.000000
27.057550	0.640	806,067.000000
27.068217	0.640	666,603.000000
27.078883	0.640	527,183.000000
27.089550	0.640	497,776.000000
27.100217	0.640	525,547.000000
27.110883	0.640	542,976.000000
27.121550	0.640	560,582.000000
27.132217	0.640	608,380.000000
27.142883	0.640	683,065.000000
27.153550	0.640	761,765.000000
27.164217	0.640	833,780.000000
27.174883	0.640	911,578.000000
27.185550	0.640	1,010,676.000000
27.196217	0.640	1,129,484.000000
27.206883	0.640	1,265,118.000000
27.217550	0.640	1,445,525.000000
27.228217	0.640	1,763,344.000000
27.238883	0.640	2,478,802.000000
27.249550	0.640	4,346,831.000000
27.260217	0.640	8,320,636.000000
27.270883	0.640	13,229,311.000000
27.281550	0.640	14,891,071.000000
27.292217	0.640	11,026,983.000000
27.302883	0.640	5,015,863.000000
27.313550	0.640	1,326,499.000000
27.324217	0.640	463,485.000000
27.334883	0.640	540,338.000000
27.345550	0.640	484,453.000000
27.356217	0.640	340,479.000000
27.366883	0.640	293,600.000000
27.377550	0.640	316,592.000000
27.388217	0.640	323,924.000000
27.398883	0.640	300,412.000000
27.409550	0.640	286,012.000000
27.420217	0.640	303,259.000000
27.430883	0.640	321,450.000000
27.441550	0.640	302,109.000000
27.452217	0.640	258,629.000000
27.462883	0.640	232,277.000000
27.473550	0.640	235,027.000000
27.484217	0.640	251,103.000000
27.494883	0.640	268,444.000000
27.505550	0.640	296,526.000000
27.516217	0.640	355,045.000000
27.526883	0.640	422,468.000000
27.537550	0.640	432,386.000000
27.548217	0.640	370,309.000000
27.558883	0.640	306,922.000000
27.569550	0.640	296,875.000000
27.580217	0.640	325,794.000000
27.590883	0.640	361,686.000000
27.601550	0.640	389,554.000000
27.612217	0.640	408,506.000000
27.622883	0.640	431,524.000000
27.633550	0.640	478,074.000000
27.644217	0.640	559,161.000000
27.654883	0.640	680,155.000000
27.665550	0.640	837,712.000000
27.676217	0.640	975,675.000000
27.686883	0.640	992,005.000000
27.697550	0.640	845,900.000000
27.708217	0.640	603,244.000000
27.718883	0.640	365,956.000000
27.729550	0.640	209,049.000000
27.740217	0.640	163,606.000000
27.750883	0.640	244,418.000000
27.761550	0.640	468,128.000000
27.772217	0.640	747,344.000000
27.782883	0.640	847,937.000000
27.793550	0.640	650,421.000000
27.804217	0.640	337,450.000000
27.814883	0.640	145,229.000000
27.825550	0.640	101,242.000000
27.836217	0.640	109,043.000000
27.846883	0.640	112,163.000000
27.857550	0.640	108,399.000000
27.868217	0.640	104,792.000000
27.878883	0.640	102,478.000000
27.889550	0.640	100,963.000000
27.900217	0.640	102,067.000000
27.910883	0.640	106,860.000000
27.921550	0.640	112,461.000000
27.932217	0.640	116,577.000000
27.942883	0.640	119,393.000000
27.953550	0.640	122,045.000000
27.964217	0.640	127,250.000000
27.974883	0.640	136,001.000000
27.985550	0.640	145,270.000000
27.996217	0.640	150,925.000000
28.006883	0.640	150,433.000000
28.017550	0.640	147,172.000000
28.028217	0.640	149,102.000000
28.038883	0.640	158,871.000000
28.049550	0.640	174,583.000000
28.060217	0.640	195,487.000000
28.070883	0.640	215,679.000000
28.081550	0.640	223,924.000000
28.092217	0.640	216,112.000000
28.102883	0.640	197,269.000000
28.113550	0.640	172,865.000000
28.124217	0.640	148,092.000000
28.134883	0.640	129,752.000000
28.145550	0.640	120,353.000000
28.156217	0.640	116,200.000000
28.166883	0.640	112,946.000000
28.177550	0.640	109,051.000000
28.188217	0.640	107,788.000000
28.198883	0.640	115,729.000000
28.209550	0.640	135,651.000000
28.220217	0.640	162,809.000000
28.230883	0.640	185,125.000000
28.241550	0.640	187,732.000000
28.252217	0.640	167,060.000000
28.262883	0.640	137,362.000000
28.273550	0.640	115,845.000000
28.284217	0.640	107,609.000000
28.294883	0.640	107,999.000000
28.305550	0.640	111,162.000000
28.316217	0.640	112,477.000000
28.326883	0.640	109,540.000000
28.337550	0.640	104,971.000000
28.348217	0.640	104,289.000000
28.358883	0.640	111,247.000000
28.369550	0.640	124,640.000000
28.380217	0.640	135,454.000000
28.390883	0.640	132,840.000000
28.401550	0.640	117,844.000000
28.412217	0.640	103,157.000000
28.422883	0.640	97,125.000000
28.433550	0.640	97,608.000000
28.444217	0.640	100,138.000000
28.454883	0.640	102,434.000000
28.465550	0.640	104,413.000000
28.476217	0.640	107,749.000000
28.486883	0.640	112,438.000000
28.497550	0.640	116,173.000000
28.508217	0.640	117,670.000000
28.518883	0.640	117,951.000000
28.529550	0.640	119,742.000000
28.540217	0.640	125,533.000000
28.550883	0.640	134,096.000000
28.561550	0.640	141,756.000000
28.572217	0.640	149,993.000000
28.582883	0.640	167,833.000000
28.593550	0.640	206,065.000000
28.604217	0.640	266,498.000000
28.614883	0.640	324,450.000000
28.625550	0.640	333,478.000000
28.636217	0.640	274,604.000000
28.646883	0.640	185,536.000000
28.657550	0.640	117,584.000000
28.668217	0.640	85,115.000000
28.678883	0.640	71,625.000000
28.689550	0.640	61,481.000000
28.700217	0.640	51,354.000000
28.710883	0.640	47,003.000000
28.721550	0.640	58,908.000000
28.732217	0.640	81,626.000000
28.742883	0.640	84,600.000000
28.753550	0.640	55,941.000000
28.764217	0.640	25,458.000000
28.774883	0.640	16,639.000000
28.785550	0.640	19,688.000000
28.796217	0.640	20,113.000000
28.806883	0.640	17,070.000000
28.817550	0.640	15,060.000000
28.828217	0.640	15,033.000000
28.838883	0.640	14,775.000000
28.849550	0.640	13,805.000000
28.860217	0.640	13,576.000000
28.870883	0.640	13,778.000000
28.881550	0.640	12,766.000000
28.892217	0.640	10,755.000000
28.902883	0.640	9,454.000000
28.913550	0.640	9,335.000000
28.924217	0.640	9,458.000000
28.934883	0.640	9,185.000000
28.945550	0.640	8,764.000000
28.956217	0.640	8,260.000000
28.966883	0.640	7,405.000000
28.977550	0.640	6,770.000000
28.988217	0.640	6,615.000000
28.998883	0.640	6,381.000000
29.009550	0.640	6,205.000000
29.020217	0.640	6,454.000000
29.030883	0.640	6,927.000000
29.041550	0.640	6,824.000000
29.052217	0.640	5,591.000000
29.062883	0.640	4,428.000000
29.073550	0.640	4,788.000000
29.084217	0.640	5,845.000000
29.094883	0.640	5,597.000000
29.105550	0.640	3,845.000000
29.116217	0.640	2,278.000000
29.126883	0.640	1,988.000000
29.137550	0.640	2,801.000000
29.148217	0.640	3,805.000000
29.158883	0.640	3,989.000000
29.169550	0.640	3,560.000000
29.180217	0.640	3,485.000000
29.190883	0.640	3,762.000000
29.201550	0.640	3,436.000000
29.212217	0.640	2,367.000000
29.222883	0.640	1,947.000000
29.233550	0.640	3,127.000000
29.244217	0.640	4,338.000000
29.254883	0.640	3,164.000000
29.265550	0.640	340.000000
29.276217	0.640	-941.000000
29.286883	0.640	384.000000
29.297550	0.640	2,559.000000
29.308217	0.640	3,586.000000
29.318883	0.640	2,929.000000
29.329550	0.640	1,812.000000
29.340217	0.640	1,757.000000
29.350883	0.640	2,192.000000
29.361550	0.640	1,428.000000
29.372217	0.640	415.000000
29.382883	0.640	1,200.000000
29.393550	0.640	2,801.000000
29.404217	0.640	3,012.000000
29.414883	0.640	2,054.000000
29.425550	0.640	1,426.000000
29.436217	0.640	1,082.000000
29.446883	0.640	538.000000
29.457550	0.640	686.000000
29.468217	0.640	2,384.000000
29.478883	0.640	4,469.000000
29.489550	0.640	4,708.000000
29.500217	0.640	3,185.000000
29.510883	0.640	2,207.000000
29.521550	0.640	2,381.000000
29.532217	0.640	2,186.000000
29.542883	0.640	1,531.000000
29.553550	0.640	1,983.000000
29.564217	0.640	3,199.000000
29.574883	0.640	3,191.000000
29.585550	0.640	1,428.000000
29.596217	0.640	-751.000000
29.606883	0.640	-1,494.000000
29.617550	0.640	-286.000000
29.628217	0.640	1,783.000000
29.638883	0.640	3,268.000000
29.649550	0.640	2,958.000000
29.660217	0.640	1,445.000000
29.670883	0.640	1,143.000000
29.681550	0.640	2,440.000000
29.692217	0.640	3,167.000000
29.702883	0.640	2,640.000000
29.713550	0.640	1,846.000000
29.724217	0.640	1,348.000000
29.734883	0.640	1,614.000000
29.745550	0.640	2,206.000000
29.756217	0.640	1,862.000000
29.766883	0.640	1,096.000000
29.777550	0.640	1,055.000000
29.788217	0.640	1,185.000000
29.798883	0.640	939.000000
29.809550	0.640	865.000000
29.820217	0.640	1,115.000000
29.830883	0.640	1,164.000000
29.841550	0.640	1,104.000000
29.852217	0.640	1,585.000000
29.862883	0.640	2,045.000000
29.873550	0.640	1,593.000000
29.884217	0.640	1,224.000000
29.894883	0.640	1,732.000000
29.905550	0.640	1,863.000000
29.916217	0.640	982.000000
29.926883	0.640	241.000000
29.937550	0.640	372.000000
29.948217	0.640	946.000000
29.958883	0.640	1,030.000000
29.969550	0.640	76.000000
29.980217	0.640	-502.000000
29.990883	0.640	872.000000
30.001550	0.640	2,802.000000
