File Path	chrom://nnfcb-l0495/ChromeleonLocal/20180320_AA_Lars Nielsen samples Vienna_lbpet.seq/289.smp/Emission_2.channel/Emission_2.chm
Channel	Emission_2

Injection Information:
Data Vault	ChromeleonLocal
Injection	20180320_Lars Nielsen samples Vienna_dx20_BC2
Injection Number	39
Position	BC2
Comment	
Processing Method	20171024_Calculated with IS_lbpet
Instrument Method	20161104_AA_GeminiC18_FinalVer7
Type	Unknown
Status	Finished
Injection Date	21-03-2018
Injection Time	09:37:32
Injection Volume (µl)	56.500
Dilution Factor	1.0000
Weight	1.0000

Raw Data Information:
Time Min. (min)	0.007767
Time Max. (min)	30.005433
Data Points	2849
Detector	FLD
Exporting Data System	Chromeleon 7.1.2.1478
Operator	
Signal Quantity	
Signal Unit	counts
Signal Min.	-32,414.000000
Signal Max.	239,033,791.000000
Channel	Emission_2
Driver Name	FLD3000.dll
Channel Type	Evaluation
Min. Step (s)	0.010
Max. Step (s)	0.820
Average Step (s)	0.632

Signal Parameter Information:
Signal Info	266 nm /305 nm

Raw Data:
Time (min)	Step (s)	Value (counts)
0.007767	0.000	0.000000
0.021433	0.820	0.000000
0.032100	0.640	0.000000
0.042767	0.640	-3,016.000000
0.053433	0.640	-6,591.000000
0.064100	0.640	-4,880.000000
0.074767	0.640	-1,879.000000
0.085433	0.640	-5,006.000000
0.096100	0.640	-9,402.000000
0.106767	0.640	-8,327.000000
0.117433	0.640	-3,391.000000
0.128100	0.640	957.000000
0.138767	0.640	466.000000
0.149433	0.640	-4,612.000000
0.160100	0.640	-8,920.000000
0.170767	0.640	-13,007.000000
0.181433	0.640	-19,798.000000
0.192100	0.640	-22,072.000000
0.202767	0.640	-14,826.000000
0.213433	0.640	-8,037.000000
0.224100	0.640	-9,956.000000
0.234767	0.640	-13,749.000000
0.245433	0.640	-12,061.000000
0.256100	0.640	-8,185.000000
0.266767	0.640	-6,259.000000
0.277433	0.640	-7,074.000000
0.288100	0.640	-9,533.000000
0.298767	0.640	-9,095.000000
0.309433	0.640	-5,528.000000
0.320100	0.640	-4,154.000000
0.330767	0.640	-5,862.000000
0.341433	0.640	-6,655.000000
0.352100	0.640	-3,835.000000
0.362767	0.640	416.000000
0.373433	0.640	1,453.000000
0.384100	0.640	-2,354.000000
0.394767	0.640	-8,217.000000
0.405433	0.640	-12,314.000000
0.416100	0.640	-14,289.000000
0.426767	0.640	-14,710.000000
0.437433	0.640	-12,336.000000
0.448100	0.640	-8,647.000000
0.458767	0.640	-6,634.000000
0.469433	0.640	-5,584.000000
0.480100	0.640	-4,097.000000
0.490767	0.640	-4,863.000000
0.501433	0.640	-9,807.000000
0.512100	0.640	-13,380.000000
0.522767	0.640	-9,348.000000
0.533433	0.640	-2,970.000000
0.544100	0.640	-4,359.000000
0.554767	0.640	-10,735.000000
0.565433	0.640	-12,826.000000
0.576100	0.640	-11,525.000000
0.586767	0.640	-11,188.000000
0.597433	0.640	-11,117.000000
0.608100	0.640	-10,873.000000
0.618767	0.640	-12,017.000000
0.629433	0.640	-14,588.000000
0.640100	0.640	-16,114.000000
0.650767	0.640	-14,589.000000
0.661433	0.640	-10,769.000000
0.672100	0.640	-7,617.000000
0.682767	0.640	-8,610.000000
0.693433	0.640	-13,458.000000
0.704100	0.640	-17,636.000000
0.714767	0.640	-16,849.000000
0.725433	0.640	-10,999.000000
0.736100	0.640	-6,452.000000
0.746767	0.640	-8,534.000000
0.757433	0.640	-13,635.000000
0.768100	0.640	-15,926.000000
0.778767	0.640	-14,927.000000
0.789433	0.640	-12,003.000000
0.800100	0.640	-8,072.000000
0.810767	0.640	-6,675.000000
0.821433	0.640	-8,617.000000
0.832100	0.640	-8,748.000000
0.842767	0.640	-6,363.000000
0.853433	0.640	-6,593.000000
0.864100	0.640	-10,352.000000
0.874767	0.640	-14,010.000000
0.885433	0.640	-15,472.000000
0.896100	0.640	-14,060.000000
0.906767	0.640	-8,956.000000
0.917433	0.640	-3,517.000000
0.928100	0.640	-4,908.000000
0.938767	0.640	-12,497.000000
0.949433	0.640	-17,079.000000
0.960100	0.640	-15,499.000000
0.970767	0.640	-12,472.000000
0.981433	0.640	-11,092.000000
0.992100	0.640	-11,922.000000
1.002767	0.640	-13,616.000000
1.013433	0.640	-13,438.000000
1.024100	0.640	-12,121.000000
1.034767	0.640	-12,453.000000
1.045433	0.640	-14,732.000000
1.056100	0.640	-16,034.000000
1.066767	0.640	-12,635.000000
1.077433	0.640	-6,738.000000
1.088100	0.640	-5,045.000000
1.098767	0.640	-7,909.000000
1.109433	0.640	-9,852.000000
1.120100	0.640	-10,303.000000
1.130767	0.640	-12,227.000000
1.141433	0.640	-13,860.000000
1.152100	0.640	-13,641.000000
1.162767	0.640	-14,606.000000
1.173433	0.640	-16,856.000000
1.184100	0.640	-16,366.000000
1.194767	0.640	-12,698.000000
1.205433	0.640	-10,040.000000
1.216100	0.640	-9,719.000000
1.226767	0.640	-9,988.000000
1.237433	0.640	-13,831.000000
1.248100	0.640	-22,481.000000
1.258767	0.640	-27,363.000000
1.269433	0.640	-23,046.000000
1.280100	0.640	-15,648.000000
1.290767	0.640	-12,939.000000
1.301433	0.640	-15,716.000000
1.312100	0.640	-19,243.000000
1.322767	0.640	-19,349.000000
1.333433	0.640	-16,021.000000
1.344100	0.640	-13,374.000000
1.354767	0.640	-14,556.000000
1.365433	0.640	-15,762.000000
1.376100	0.640	-12,241.000000
1.386767	0.640	-8,217.000000
1.397433	0.640	-10,330.000000
1.408100	0.640	-14,853.000000
1.418767	0.640	-14,059.000000
1.429433	0.640	-10,173.000000
1.440100	0.640	-10,480.000000
1.450767	0.640	-13,827.000000
1.461433	0.640	-14,537.000000
1.472100	0.640	-13,949.000000
1.482767	0.640	-13,986.000000
1.493433	0.640	-11,879.000000
1.504100	0.640	-9,457.000000
1.514767	0.640	-10,952.000000
1.525433	0.640	-14,201.000000
1.536100	0.640	-13,739.000000
1.546767	0.640	-9,439.000000
1.557433	0.640	-6,881.000000
1.568100	0.640	-8,360.000000
1.578767	0.640	-11,536.000000
1.589433	0.640	-12,738.000000
1.600100	0.640	-8,757.000000
1.610767	0.640	-4,466.000000
1.621433	0.640	-6,959.000000
1.632100	0.640	-11,455.000000
1.642767	0.640	-11,346.000000
1.653433	0.640	-10,202.000000
1.664100	0.640	-11,778.000000
1.674767	0.640	-13,023.000000
1.685433	0.640	-12,538.000000
1.696100	0.640	-12,391.000000
1.706767	0.640	-10,920.000000
1.717433	0.640	-6,169.000000
1.728100	0.640	-1,348.000000
1.738767	0.640	-1,202.000000
1.749433	0.640	-5,534.000000
1.760100	0.640	-8,457.000000
1.770767	0.640	-7,865.000000
1.781433	0.640	-7,787.000000
1.792100	0.640	-10,710.000000
1.802767	0.640	-14,673.000000
1.813433	0.640	-15,483.000000
1.824100	0.640	-12,851.000000
1.834767	0.640	-9,949.000000
1.845433	0.640	-8,142.000000
1.856100	0.640	-9,041.000000
1.866767	0.640	-12,568.000000
1.877433	0.640	-14,093.000000
1.888100	0.640	-10,379.000000
1.898767	0.640	-4,153.000000
1.909433	0.640	-1,025.000000
1.920100	0.640	-1,867.000000
1.930767	0.640	-3,074.000000
1.941433	0.640	-5,264.000000
1.952100	0.640	-10,204.000000
1.962767	0.640	-13,586.000000
1.973433	0.640	-12,687.000000
1.984100	0.640	-10,267.000000
1.994767	0.640	-7,452.000000
2.005433	0.640	-3,456.000000
2.016100	0.640	1,800.000000
2.026767	0.640	7,684.000000
2.037433	0.640	10,618.000000
2.048100	0.640	7,008.000000
2.058767	0.640	-266.000000
2.069433	0.640	-4,953.000000
2.080100	0.640	-6,053.000000
2.090767	0.640	-7,726.000000
2.101433	0.640	-9,534.000000
2.112100	0.640	-8,292.000000
2.122767	0.640	-6,825.000000
2.133433	0.640	-6,344.000000
2.144100	0.640	-4,219.000000
2.154767	0.640	-3,118.000000
2.165433	0.640	-6,576.000000
2.176100	0.640	-10,308.000000
2.186767	0.640	-7,923.000000
2.197433	0.640	-2,720.000000
2.208100	0.640	-1,363.000000
2.218767	0.640	-668.000000
2.229433	0.640	1,575.000000
2.240100	0.640	-1,487.000000
2.250767	0.640	-8,782.000000
2.261433	0.640	-8,506.000000
2.272100	0.640	2,130.000000
2.282767	0.640	11,926.000000
2.293433	0.640	12,038.000000
2.304100	0.640	7,038.000000
2.314767	0.640	5,647.000000
2.325433	0.640	8,202.000000
2.336100	0.640	8,615.000000
2.346767	0.640	4,051.000000
2.357433	0.640	-1,044.000000
2.368100	0.640	-1,628.000000
2.378767	0.640	1,601.000000
2.389433	0.640	4,089.000000
2.400100	0.640	1,547.000000
2.410767	0.640	-3,694.000000
2.421433	0.640	-4,366.000000
2.432100	0.640	-1,604.000000
2.442767	0.640	-3,167.000000
2.453433	0.640	-8,204.000000
2.464100	0.640	-8,775.000000
2.474767	0.640	-4,423.000000
2.485433	0.640	-2,841.000000
2.496100	0.640	-5,723.000000
2.506767	0.640	-5,225.000000
2.517433	0.640	2,115.000000
2.528100	0.640	8,159.000000
2.538767	0.640	4,610.000000
2.549433	0.640	-6,530.000000
2.560100	0.640	-16,018.000000
2.570767	0.640	-16,301.000000
2.581433	0.640	-9,806.000000
2.592100	0.640	-5,399.000000
2.602767	0.640	-5,832.000000
2.613433	0.640	-7,888.000000
2.624100	0.640	-10,077.000000
2.634767	0.640	-12,839.000000
2.645433	0.640	-15,173.000000
2.656100	0.640	-14,171.000000
2.666767	0.640	-10,068.000000
2.677433	0.640	-7,142.000000
2.688100	0.640	-6,071.000000
2.698767	0.640	-4,404.000000
2.709433	0.640	-2,964.000000
2.720100	0.640	-4,379.000000
2.730767	0.640	-8,866.000000
2.741433	0.640	-12,671.000000
2.752100	0.640	-11,966.000000
2.762767	0.640	-8,139.000000
2.773433	0.640	-5,677.000000
2.784100	0.640	-7,285.000000
2.794767	0.640	-11,610.000000
2.805433	0.640	-14,218.000000
2.816100	0.640	-12,170.000000
2.826767	0.640	-8,434.000000
2.837433	0.640	-8,283.000000
2.848100	0.640	-9,503.000000
2.858767	0.640	-6,395.000000
2.869433	0.640	-2,989.000000
2.880100	0.640	-5,919.000000
2.890767	0.640	-10,407.000000
2.901433	0.640	-9,497.000000
2.912100	0.640	-6,318.000000
2.922767	0.640	-5,720.000000
2.933433	0.640	-6,283.000000
2.944100	0.640	-6,027.000000
2.954767	0.640	-4,941.000000
2.965433	0.640	-3,445.000000
2.976100	0.640	-4,012.000000
2.986767	0.640	-7,550.000000
2.997433	0.640	-10,000.000000
3.008100	0.640	-8,444.000000
3.018767	0.640	-5,020.000000
3.029433	0.640	-3,662.000000
3.040100	0.640	-7,264.000000
3.050767	0.640	-12,748.000000
3.061433	0.640	-11,554.000000
3.072100	0.640	-4,193.000000
3.082767	0.640	-1,436.000000
3.093433	0.640	-5,937.000000
3.104100	0.640	-9,412.000000
3.114767	0.640	-8,157.000000
3.125433	0.640	-7,147.000000
3.136100	0.640	-9,230.000000
3.146767	0.640	-10,843.000000
3.157433	0.640	-7,886.000000
3.168100	0.640	-2,337.000000
3.178767	0.640	-402.000000
3.189433	0.640	-2,826.000000
3.200100	0.640	-6,406.000000
3.210767	0.640	-10,391.000000
3.221433	0.640	-12,178.000000
3.232100	0.640	-9,185.000000
3.242767	0.640	-6,194.000000
3.253433	0.640	-8,493.000000
3.264100	0.640	-13,466.000000
3.274767	0.640	-15,324.000000
3.285433	0.640	-11,933.000000
3.296100	0.640	-6,484.000000
3.306767	0.640	-3,556.000000
3.317433	0.640	-3,546.000000
3.328100	0.640	-4,485.000000
3.338767	0.640	-5,102.000000
3.349433	0.640	-3,553.000000
3.360100	0.640	-1,708.000000
3.370767	0.640	-5,153.000000
3.381433	0.640	-11,357.000000
3.392100	0.640	-13,757.000000
3.402767	0.640	-14,023.000000
3.413433	0.640	-14,548.000000
3.424100	0.640	-14,249.000000
3.434767	0.640	-14,000.000000
3.445433	0.640	-13,556.000000
3.456100	0.640	-13,024.000000
3.466767	0.640	-15,033.000000
3.477433	0.640	-17,172.000000
3.488100	0.640	-16,085.000000
3.498767	0.640	-15,404.000000
3.509433	0.640	-17,309.000000
3.520100	0.640	-17,385.000000
3.530767	0.640	-12,339.000000
3.541433	0.640	-5,183.000000
3.552100	0.640	-2,077.000000
3.562767	0.640	-5,718.000000
3.573433	0.640	-11,980.000000
3.584100	0.640	-13,999.000000
3.594767	0.640	-10,938.000000
3.605433	0.640	-9,760.000000
3.616100	0.640	-14,538.000000
3.626767	0.640	-18,341.000000
3.637433	0.640	-14,036.000000
3.648100	0.640	-6,752.000000
3.658767	0.640	-3,753.000000
3.669433	0.640	-4,573.000000
3.680100	0.640	-8,294.000000
3.690767	0.640	-13,413.000000
3.701433	0.640	-15,070.000000
3.712100	0.640	-12,923.000000
3.722767	0.640	-11,306.000000
3.733433	0.640	-12,351.000000
3.744100	0.640	-15,153.000000
3.754767	0.640	-16,961.000000
3.765433	0.640	-14,581.000000
3.776100	0.640	-9,997.000000
3.786767	0.640	-8,929.000000
3.797433	0.640	-9,818.000000
3.808100	0.640	-7,800.000000
3.818767	0.640	-5,683.000000
3.829433	0.640	-6,291.000000
3.840100	0.640	-6,696.000000
3.850767	0.640	-6,410.000000
3.861433	0.640	-7,224.000000
3.872100	0.640	-10,000.000000
3.882767	0.640	-14,886.000000
3.893433	0.640	-17,563.000000
3.904100	0.640	-14,884.000000
3.914767	0.640	-11,903.000000
3.925433	0.640	-13,177.000000
3.936100	0.640	-15,464.000000
3.946767	0.640	-13,698.000000
3.957433	0.640	-9,043.000000
3.968100	0.640	-7,169.000000
3.978767	0.640	-10,267.000000
3.989433	0.640	-14,795.000000
4.000100	0.640	-15,977.000000
4.010767	0.640	-12,227.000000
4.021433	0.640	-6,423.000000
4.032100	0.640	-4,706.000000
4.042767	0.640	-10,637.000000
4.053433	0.640	-18,949.000000
4.064100	0.640	-21,880.000000
4.074767	0.640	-19,444.000000
4.085433	0.640	-15,888.000000
4.096100	0.640	-12,734.000000
4.106767	0.640	-10,811.000000
4.117433	0.640	-10,683.000000
4.128100	0.640	-8,938.000000
4.138767	0.640	-3,902.000000
4.149433	0.640	-1,313.000000
4.160100	0.640	-6,083.000000
4.170767	0.640	-13,936.000000
4.181433	0.640	-15,260.000000
4.192100	0.640	-8,741.000000
4.202767	0.640	-4,082.000000
4.213433	0.640	-6,355.000000
4.224100	0.640	-11,390.000000
4.234767	0.640	-15,815.000000
4.245433	0.640	-18,413.000000
4.256100	0.640	-16,323.000000
4.266767	0.640	-8,789.000000
4.277433	0.640	-1,928.000000
4.288100	0.640	-2,252.000000
4.298767	0.640	-7,054.000000
4.309433	0.640	-10,492.000000
4.320100	0.640	-12,415.000000
4.330767	0.640	-14,629.000000
4.341433	0.640	-18,170.000000
4.352100	0.640	-20,026.000000
4.362767	0.640	-14,599.000000
4.373433	0.640	-7,365.000000
4.384100	0.640	-9,096.000000
4.394767	0.640	-17,611.000000
4.405433	0.640	-22,135.000000
4.416100	0.640	-18,220.000000
4.426767	0.640	-12,058.000000
4.437433	0.640	-10,468.000000
4.448100	0.640	-12,305.000000
4.458767	0.640	-13,629.000000
4.469433	0.640	-13,254.000000
4.480100	0.640	-13,314.000000
4.490767	0.640	-15,378.000000
4.501433	0.640	-15,905.000000
4.512100	0.640	-12,879.000000
4.522767	0.640	-11,019.000000
4.533433	0.640	-12,979.000000
4.544100	0.640	-15,810.000000
4.554767	0.640	-17,651.000000
4.565433	0.640	-18,435.000000
4.576100	0.640	-16,800.000000
4.586767	0.640	-11,831.000000
4.597433	0.640	-5,582.000000
4.608100	0.640	-2,895.000000
4.618767	0.640	-8,608.000000
4.629433	0.640	-20,221.000000
4.640100	0.640	-27,780.000000
4.650767	0.640	-26,102.000000
4.661433	0.640	-18,286.000000
4.672100	0.640	-11,178.000000
4.682767	0.640	-12,054.000000
4.693433	0.640	-19,987.000000
4.704100	0.640	-25,084.000000
4.714767	0.640	-21,321.000000
4.725433	0.640	-13,286.000000
4.736100	0.640	-9,392.000000
4.746767	0.640	-11,158.000000
4.757433	0.640	-14,355.000000
4.768100	0.640	-17,438.000000
4.778767	0.640	-18,433.000000
4.789433	0.640	-14,380.000000
4.800100	0.640	-9,402.000000
4.810767	0.640	-9,773.000000
4.821433	0.640	-15,170.000000
4.832100	0.640	-21,595.000000
4.842767	0.640	-24,838.000000
4.853433	0.640	-21,939.000000
4.864100	0.640	-16,350.000000
4.874767	0.640	-15,403.000000
4.885433	0.640	-18,327.000000
4.896100	0.640	-18,687.000000
4.906767	0.640	-16,863.000000
4.917433	0.640	-16,991.000000
4.928100	0.640	-18,529.000000
4.938767	0.640	-18,145.000000
4.949433	0.640	-15,335.000000
4.960100	0.640	-10,022.000000
4.970767	0.640	5,817.000000
4.981433	0.640	43,332.000000
4.992100	0.640	99,277.000000
5.002767	0.640	150,363.000000
5.013433	0.640	174,494.000000
5.024100	0.640	173,291.000000
5.034767	0.640	160,372.000000
5.045433	0.640	142,839.000000
5.056100	0.640	124,738.000000
5.066767	0.640	107,021.000000
5.077433	0.640	86,569.000000
5.088100	0.640	65,488.000000
5.098767	0.640	48,854.000000
5.109433	0.640	37,318.000000
5.120100	0.640	28,509.000000
5.130767	0.640	19,879.000000
5.141433	0.640	12,095.000000
5.152100	0.640	7,168.000000
5.162767	0.640	2,524.000000
5.173433	0.640	-4,694.000000
5.184100	0.640	-11,044.000000
5.194767	0.640	-11,760.000000
5.205433	0.640	-8,535.000000
5.216100	0.640	-7,340.000000
5.226767	0.640	-9,202.000000
5.237433	0.640	-11,015.000000
5.248100	0.640	-13,616.000000
5.258767	0.640	-17,247.000000
5.269433	0.640	-17,808.000000
5.280100	0.640	-15,540.000000
5.290767	0.640	-15,364.000000
5.301433	0.640	-18,649.000000
5.312100	0.640	-22,050.000000
5.322767	0.640	-22,255.000000
5.333433	0.640	-20,491.000000
5.344100	0.640	-20,715.000000
5.354767	0.640	-23,191.000000
5.365433	0.640	-24,677.000000
5.376100	0.640	-23,467.000000
5.386767	0.640	-20,034.000000
5.397433	0.640	-15,714.000000
5.408100	0.640	-13,018.000000
5.418767	0.640	-12,846.000000
5.429433	0.640	-13,453.000000
5.440100	0.640	-14,995.000000
5.450767	0.640	-17,665.000000
5.461433	0.640	-19,440.000000
5.472100	0.640	-19,282.000000
5.482767	0.640	-16,983.000000
5.493433	0.640	-14,587.000000
5.504100	0.640	-13,829.000000
5.514767	0.640	-11,464.000000
5.525433	0.640	-8,554.000000
5.536100	0.640	-11,446.000000
5.546767	0.640	-16,992.000000
5.557433	0.640	-17,426.000000
5.568100	0.640	-15,789.000000
5.578767	0.640	-18,128.000000
5.589433	0.640	-21,947.000000
5.600100	0.640	-23,339.000000
5.610767	0.640	-22,930.000000
5.621433	0.640	-22,482.000000
5.632100	0.640	-23,071.000000
5.642767	0.640	-22,801.000000
5.653433	0.640	-18,446.000000
5.664100	0.640	-13,219.000000
5.674767	0.640	-13,184.000000
5.685433	0.640	-17,377.000000
5.696100	0.640	-20,639.000000
5.706767	0.640	-19,815.000000
5.717433	0.640	-15,408.000000
5.728100	0.640	-12,054.000000
5.738767	0.640	-12,866.000000
5.749433	0.640	-15,694.000000
5.760100	0.640	-16,989.000000
5.770767	0.640	-15,890.000000
5.781433	0.640	-15,268.000000
5.792100	0.640	-16,375.000000
5.802767	0.640	-17,343.000000
5.813433	0.640	-18,237.000000
5.824100	0.640	-18,728.000000
5.834767	0.640	-16,064.000000
5.845433	0.640	-10,556.000000
5.856100	0.640	-7,058.000000
5.866767	0.640	-10,459.000000
5.877433	0.640	-18,615.000000
5.888100	0.640	-23,044.000000
5.898767	0.640	-22,140.000000
5.909433	0.640	-19,531.000000
5.920100	0.640	-14,350.000000
5.930767	0.640	-8,928.000000
5.941433	0.640	-8,905.000000
5.952100	0.640	-13,548.000000
5.962767	0.640	-16,892.000000
5.973433	0.640	-14,484.000000
5.984100	0.640	-10,025.000000
5.994767	0.640	-10,510.000000
6.005433	0.640	-14,283.000000
6.016100	0.640	-14,720.000000
6.026767	0.640	-12,930.000000
6.037433	0.640	-14,160.000000
6.048100	0.640	-15,102.000000
6.058767	0.640	-12,981.000000
6.069433	0.640	-14,252.000000
6.080100	0.640	-18,831.000000
6.090767	0.640	-19,702.000000
6.101433	0.640	-18,475.000000
6.112100	0.640	-19,993.000000
6.122767	0.640	-22,107.000000
6.133433	0.640	-21,834.000000
6.144100	0.640	-20,497.000000
6.154767	0.640	-19,296.000000
6.165433	0.640	-17,390.000000
6.176100	0.640	-14,683.000000
6.186767	0.640	-12,809.000000
6.197433	0.640	-12,389.000000
6.208100	0.640	-12,974.000000
6.218767	0.640	-16,230.000000
6.229433	0.640	-20,748.000000
6.240100	0.640	-19,959.000000
6.250767	0.640	-14,458.000000
6.261433	0.640	-11,173.000000
6.272100	0.640	-10,329.000000
6.282767	0.640	-10,078.000000
6.293433	0.640	-11,523.000000
6.304100	0.640	-12,539.000000
6.314767	0.640	-12,228.000000
6.325433	0.640	-14,335.000000
6.336100	0.640	-19,729.000000
6.346767	0.640	-24,773.000000
6.357433	0.640	-25,421.000000
6.368100	0.640	-20,992.000000
6.378767	0.640	-15,056.000000
6.389433	0.640	-12,829.000000
6.400100	0.640	-16,992.000000
6.410767	0.640	-24,335.000000
6.421433	0.640	-28,607.000000
6.432100	0.640	-26,353.000000
6.442767	0.640	-20,459.000000
6.453433	0.640	-16,314.000000
6.464100	0.640	-14,149.000000
6.474767	0.640	-11,838.000000
6.485433	0.640	-10,053.000000
6.496100	0.640	-10,229.000000
6.506767	0.640	-12,702.000000
6.517433	0.640	-15,433.000000
6.528100	0.640	-15,016.000000
6.538767	0.640	-11,186.000000
6.549433	0.640	-8,352.000000
6.560100	0.640	-9,829.000000
6.570767	0.640	-12,366.000000
6.581433	0.640	-12,628.000000
6.592100	0.640	-13,358.000000
6.602767	0.640	-14,934.000000
6.613433	0.640	-11,938.000000
6.624100	0.640	-6,637.000000
6.634767	0.640	-9,359.000000
6.645433	0.640	-18,471.000000
6.656100	0.640	-22,052.000000
6.666767	0.640	-19,002.000000
6.677433	0.640	-15,032.000000
6.688100	0.640	-10,989.000000
6.698767	0.640	-9,952.000000
6.709433	0.640	-15,068.000000
6.720100	0.640	-20,481.000000
6.730767	0.640	-20,317.000000
6.741433	0.640	-18,392.000000
6.752100	0.640	-19,554.000000
6.762767	0.640	-20,168.000000
6.773433	0.640	-16,770.000000
6.784100	0.640	-14,084.000000
6.794767	0.640	-17,401.000000
6.805433	0.640	-24,821.000000
6.816100	0.640	-29,125.000000
6.826767	0.640	-27,871.000000
6.837433	0.640	-25,723.000000
6.848100	0.640	-24,625.000000
6.858767	0.640	-23,027.000000
6.869433	0.640	-20,613.000000
6.880100	0.640	-17,232.000000
6.890767	0.640	-13,705.000000
6.901433	0.640	-13,655.000000
6.912100	0.640	-18,993.000000
6.922767	0.640	-24,775.000000
6.933433	0.640	-25,239.000000
6.944100	0.640	-22,663.000000
6.954767	0.640	-21,984.000000
6.965433	0.640	-23,081.000000
6.976100	0.640	-24,070.000000
6.986767	0.640	-23,877.000000
6.997433	0.640	-21,814.000000
7.008100	0.640	-18,929.000000
7.018767	0.640	-19,066.000000
7.029433	0.640	-24,070.000000
7.040100	0.640	-27,302.000000
7.050767	0.640	-23,888.000000
7.061433	0.640	-20,181.000000
7.072100	0.640	-21,066.000000
7.082767	0.640	-21,218.000000
7.093433	0.640	-15,683.000000
7.104100	0.640	-9,815.000000
7.114767	0.640	-9,820.000000
7.125433	0.640	-11,057.000000
7.136100	0.640	-9,629.000000
7.146767	0.640	-11,168.000000
7.157433	0.640	-15,904.000000
7.168100	0.640	-16,766.000000
7.178767	0.640	-15,304.000000
7.189433	0.640	-18,516.000000
7.200100	0.640	-24,598.000000
7.210767	0.640	-26,185.000000
7.221433	0.640	-23,171.000000
7.232100	0.640	-21,388.000000
7.242767	0.640	-20,652.000000
7.253433	0.640	-16,644.000000
7.264100	0.640	-12,775.000000
7.274767	0.640	-14,091.000000
7.285433	0.640	-16,405.000000
7.296150	0.643	-16,770.000000
7.306767	0.637	-18,892.000000
7.317433	0.640	-22,249.000000
7.328100	0.640	-22,397.000000
7.338767	0.640	-19,756.000000
7.349433	0.640	-18,189.000000
7.360100	0.640	-17,873.000000
7.370767	0.640	-16,822.000000
7.381433	0.640	-15,582.000000
7.392100	0.640	-15,244.000000
7.402767	0.640	-15,710.000000
7.413433	0.640	-15,903.000000
7.424100	0.640	-14,778.000000
7.434767	0.640	-13,572.000000
7.445433	0.640	-14,106.000000
7.456100	0.640	-16,606.000000
7.466767	0.640	-18,934.000000
7.477433	0.640	-17,619.000000
7.488100	0.640	-14,738.000000
7.498767	0.640	-16,203.000000
7.509433	0.640	-19,795.000000
7.520100	0.640	-19,166.000000
7.530767	0.640	-17,721.000000
7.541433	0.640	-21,446.000000
7.552100	0.640	-25,767.000000
7.562767	0.640	-24,089.000000
7.573433	0.640	-18,256.000000
7.584100	0.640	-14,883.000000
7.594767	0.640	-18,291.000000
7.605433	0.640	-25,695.000000
7.616100	0.640	-28,762.000000
7.626767	0.640	-24,513.000000
7.637433	0.640	-21,304.000000
7.648100	0.640	-24,224.000000
7.658767	0.640	-25,686.000000
7.669433	0.640	-21,483.000000
7.680100	0.640	-17,565.000000
7.690767	0.640	-16,859.000000
7.701433	0.640	-16,384.000000
7.712100	0.640	-14,331.000000
7.722767	0.640	-11,836.000000
7.733433	0.640	-12,524.000000
7.744100	0.640	-17,712.000000
7.754767	0.640	-20,614.000000
7.765433	0.640	-16,790.000000
7.776100	0.640	-13,082.000000
7.786767	0.640	-14,268.000000
7.797433	0.640	-16,600.000000
7.808100	0.640	-17,925.000000
7.818767	0.640	-19,548.000000
7.829433	0.640	-21,132.000000
7.840100	0.640	-20,699.000000
7.850767	0.640	-17,614.000000
7.861433	0.640	-13,556.000000
7.872100	0.640	-10,548.000000
7.882767	0.640	-9,408.000000
7.893433	0.640	-9,774.000000
7.904100	0.640	-10,015.000000
7.914767	0.640	-9,163.000000
7.925433	0.640	-8,459.000000
7.936100	0.640	-10,088.000000
7.946767	0.640	-15,893.000000
7.957433	0.640	-22,995.000000
7.968100	0.640	-24,776.000000
7.978767	0.640	-20,846.000000
7.989433	0.640	-17,161.000000
8.000100	0.640	-16,631.000000
8.010767	0.640	-16,738.000000
8.021433	0.640	-16,009.000000
8.032100	0.640	-17,075.000000
8.042767	0.640	-19,277.000000
8.053433	0.640	-17,403.000000
8.064100	0.640	-13,245.000000
8.074767	0.640	-12,152.000000
8.085433	0.640	-11,519.000000
8.096100	0.640	-10,465.000000
8.106767	0.640	-13,200.000000
8.117433	0.640	-17,712.000000
8.128100	0.640	-20,744.000000
8.138767	0.640	-23,696.000000
8.149433	0.640	-25,493.000000
8.160100	0.640	-23,497.000000
8.170767	0.640	-19,518.000000
8.181433	0.640	-16,954.000000
8.192100	0.640	-16,439.000000
8.202767	0.640	-16,583.000000
8.213433	0.640	-16,704.000000
8.224100	0.640	-17,209.000000
8.234767	0.640	-18,568.000000
8.245433	0.640	-19,996.000000
8.256100	0.640	-19,265.000000
8.266767	0.640	-16,164.000000
8.277433	0.640	-13,588.000000
8.288100	0.640	-13,764.000000
8.298767	0.640	-15,355.000000
8.309433	0.640	-16,258.000000
8.320100	0.640	-17,714.000000
8.330767	0.640	-20,963.000000
8.341433	0.640	-22,390.000000
8.352100	0.640	-19,077.000000
8.362767	0.640	-16,517.000000
8.373433	0.640	-19,619.000000
8.384100	0.640	-22,684.000000
8.394767	0.640	-20,476.000000
8.405433	0.640	-17,254.000000
8.416100	0.640	-17,463.000000
8.426767	0.640	-18,324.000000
8.437433	0.640	-16,362.000000
8.448100	0.640	-13,084.000000
8.458767	0.640	-10,424.000000
8.469433	0.640	-9,781.000000
8.480100	0.640	-14,131.000000
8.490767	0.640	-21,102.000000
8.501433	0.640	-23,686.000000
8.512100	0.640	-23,263.000000
8.522767	0.640	-25,615.000000
8.533433	0.640	-27,908.000000
8.544100	0.640	-25,765.000000
8.554767	0.640	-22,706.000000
8.565433	0.640	-22,062.000000
8.576100	0.640	-20,975.000000
8.586767	0.640	-18,853.000000
8.597433	0.640	-21,127.000000
8.608100	0.640	-27,706.000000
8.618767	0.640	-29,246.000000
8.629433	0.640	-22,776.000000
8.640100	0.640	-16,843.000000
8.650767	0.640	-16,627.000000
8.661433	0.640	-19,583.000000
8.672100	0.640	-22,305.000000
8.682767	0.640	-22,575.000000
8.693433	0.640	-21,132.000000
8.704100	0.640	-18,915.000000
8.714767	0.640	-14,558.000000
8.725433	0.640	-10,382.000000
8.736100	0.640	-10,360.000000
8.746767	0.640	-13,698.000000
8.757433	0.640	-18,104.000000
8.768100	0.640	-20,908.000000
8.778767	0.640	-19,596.000000
8.789433	0.640	-17,343.000000
8.800100	0.640	-17,080.000000
8.810767	0.640	-16,827.000000
8.821433	0.640	-18,464.000000
8.832100	0.640	-22,598.000000
8.842767	0.640	-23,709.000000
8.853433	0.640	-21,988.000000
8.864100	0.640	-19,527.000000
8.874767	0.640	-15,144.000000
8.885433	0.640	-12,517.000000
8.896100	0.640	-16,333.000000
8.906767	0.640	-24,532.000000
8.917433	0.640	-28,624.000000
8.928100	0.640	-24,165.000000
8.938767	0.640	-18,081.000000
8.949433	0.640	-16,916.000000
8.960100	0.640	-20,435.000000
8.970767	0.640	-25,595.000000
8.981433	0.640	-27,389.000000
8.992100	0.640	-24,632.000000
9.002767	0.640	-21,789.000000
9.013433	0.640	-20,895.000000
9.024100	0.640	-21,849.000000
9.034767	0.640	-24,593.000000
9.045433	0.640	-25,867.000000
9.056100	0.640	-23,937.000000
9.066767	0.640	-20,721.000000
9.077433	0.640	-18,506.000000
9.088100	0.640	-21,077.000000
9.098767	0.640	-28,121.000000
9.109433	0.640	-32,414.000000
9.120100	0.640	-29,652.000000
9.130767	0.640	-20,862.000000
9.141433	0.640	-10,285.000000
9.152100	0.640	-5,598.000000
9.162767	0.640	-8,574.000000
9.173433	0.640	-12,704.000000
9.184100	0.640	-15,716.000000
9.194767	0.640	-19,195.000000
9.205433	0.640	-20,347.000000
9.216100	0.640	-17,125.000000
9.226767	0.640	-13,281.000000
9.237433	0.640	-11,714.000000
9.248100	0.640	-10,007.000000
9.258767	0.640	-8,162.000000
9.269433	0.640	-11,234.000000
9.280100	0.640	-17,125.000000
9.290767	0.640	-16,485.000000
9.301433	0.640	-9,290.000000
9.312100	0.640	-4,064.000000
9.322767	0.640	-2,954.000000
9.333433	0.640	-3,526.000000
9.344100	0.640	-6,182.000000
9.354767	0.640	-10,169.000000
9.365433	0.640	-12,642.000000
9.376100	0.640	-13,061.000000
9.386767	0.640	-13,055.000000
9.397433	0.640	-13,133.000000
9.408100	0.640	-11,860.000000
9.418767	0.640	-9,380.000000
9.429433	0.640	-8,763.000000
9.440100	0.640	-11,374.000000
9.450767	0.640	-12,135.000000
9.461433	0.640	-5,848.000000
9.472100	0.640	1,603.000000
9.482767	0.640	1,180.000000
9.493433	0.640	-4,542.000000
9.504100	0.640	-7,239.000000
9.514767	0.640	-4,403.000000
9.525433	0.640	923.000000
9.536100	0.640	4,984.000000
9.546767	0.640	6,332.000000
9.557433	0.640	5,546.000000
9.568100	0.640	3,017.000000
9.578767	0.640	-109.000000
9.589433	0.640	-1,741.000000
9.600100	0.640	-2,921.000000
9.610767	0.640	-5,507.000000
9.621433	0.640	-6,269.000000
9.632100	0.640	-1,194.000000
9.642767	0.640	6,025.000000
9.653433	0.640	8,599.000000
9.664100	0.640	9,336.000000
9.674767	0.640	15,212.000000
9.685433	0.640	22,899.000000
9.696100	0.640	24,593.000000
9.706767	0.640	19,821.000000
9.717433	0.640	13,699.000000
9.728100	0.640	9,698.000000
9.738767	0.640	7,157.000000
9.749433	0.640	5,581.000000
9.760100	0.640	6,338.000000
9.770767	0.640	9,148.000000
9.781433	0.640	10,272.000000
9.792100	0.640	7,667.000000
9.802767	0.640	5,933.000000
9.813433	0.640	7,600.000000
9.824100	0.640	9,434.000000
9.834767	0.640	10,314.000000
9.845433	0.640	9,297.000000
9.856100	0.640	7,182.000000
9.866767	0.640	11,465.000000
9.877433	0.640	23,078.000000
9.888100	0.640	29,888.000000
9.898767	0.640	25,428.000000
9.909433	0.640	18,517.000000
9.920100	0.640	16,025.000000
9.930767	0.640	15,453.000000
9.941433	0.640	17,383.000000
9.952100	0.640	22,313.000000
9.962767	0.640	25,687.000000
9.973433	0.640	28,260.000000
9.984100	0.640	32,939.000000
9.994767	0.640	36,343.000000
10.005433	0.640	34,856.000000
10.016100	0.640	30,622.000000
10.026767	0.640	27,069.000000
10.037433	0.640	26,149.000000
10.048100	0.640	29,995.000000
10.058767	0.640	34,577.000000
10.069433	0.640	34,329.000000
10.080100	0.640	33,770.000000
10.090767	0.640	36,117.000000
10.101433	0.640	37,712.000000
10.112100	0.640	39,480.000000
10.122767	0.640	43,230.000000
10.133433	0.640	44,651.000000
10.144100	0.640	41,294.000000
10.154767	0.640	37,377.000000
10.165433	0.640	37,103.000000
10.176100	0.640	39,681.000000
10.186767	0.640	41,246.000000
10.197433	0.640	38,874.000000
10.208100	0.640	34,438.000000
10.218767	0.640	34,089.000000
10.229433	0.640	40,006.000000
10.240100	0.640	45,995.000000
10.250767	0.640	46,681.000000
10.261433	0.640	44,017.000000
10.272100	0.640	41,115.000000
10.282767	0.640	38,768.000000
10.293433	0.640	39,058.000000
10.304100	0.640	43,562.000000
10.314767	0.640	48,696.000000
10.325433	0.640	52,129.000000
10.336100	0.640	57,362.000000
10.346767	0.640	63,533.000000
10.357433	0.640	64,459.000000
10.368100	0.640	62,388.000000
10.378767	0.640	64,155.000000
10.389433	0.640	65,920.000000
10.400100	0.640	62,013.000000
10.410767	0.640	56,461.000000
10.421433	0.640	52,910.000000
10.432100	0.640	52,175.000000
10.442767	0.640	56,336.000000
10.453433	0.640	62,348.000000
10.464100	0.640	66,150.000000
10.474767	0.640	68,923.000000
10.485433	0.640	69,835.000000
10.496100	0.640	68,191.000000
10.506767	0.640	66,981.000000
10.517433	0.640	66,621.000000
10.528100	0.640	67,667.000000
10.538767	0.640	71,957.000000
10.549433	0.640	75,594.000000
10.560100	0.640	74,703.000000
10.570767	0.640	73,384.000000
10.581433	0.640	73,863.000000
10.592100	0.640	73,757.000000
10.602767	0.640	76,144.000000
10.613433	0.640	82,917.000000
10.624100	0.640	88,053.000000
10.634767	0.640	89,197.000000
10.645433	0.640	90,850.000000
10.656100	0.640	94,736.000000
10.666767	0.640	97,038.000000
10.677433	0.640	94,573.000000
10.688100	0.640	90,990.000000
10.698767	0.640	91,115.000000
10.709433	0.640	92,864.000000
10.720100	0.640	93,529.000000
10.730767	0.640	95,063.000000
10.741433	0.640	99,879.000000
10.752100	0.640	105,764.000000
10.762767	0.640	106,566.000000
10.773433	0.640	100,995.000000
10.784100	0.640	95,143.000000
10.794767	0.640	94,828.000000
10.805433	0.640	100,830.000000
10.816100	0.640	110,366.000000
10.826767	0.640	119,888.000000
10.837433	0.640	125,532.000000
10.848100	0.640	124,331.000000
10.858767	0.640	119,488.000000
10.869433	0.640	118,210.000000
10.880100	0.640	119,993.000000
10.890767	0.640	120,104.000000
10.901433	0.640	119,714.000000
10.912100	0.640	119,450.000000
10.922767	0.640	118,282.000000
10.933433	0.640	120,673.000000
10.944100	0.640	130,552.000000
10.954767	0.640	142,743.000000
10.965433	0.640	148,016.000000
10.976100	0.640	145,085.000000
10.986767	0.640	141,987.000000
10.997433	0.640	142,393.000000
11.008100	0.640	142,012.000000
11.018767	0.640	142,615.000000
11.029433	0.640	149,126.000000
11.040100	0.640	155,687.000000
11.050767	0.640	155,756.000000
11.061433	0.640	154,820.000000
11.072100	0.640	158,987.000000
11.082767	0.640	163,761.000000
11.093433	0.640	162,699.000000
11.104100	0.640	157,625.000000
11.114767	0.640	155,499.000000
11.125433	0.640	160,042.000000
11.136100	0.640	166,580.000000
11.146767	0.640	167,620.000000
11.157433	0.640	164,730.000000
11.168100	0.640	165,789.000000
11.178767	0.640	172,793.000000
11.189433	0.640	180,723.000000
11.200100	0.640	184,180.000000
11.210767	0.640	182,214.000000
11.221433	0.640	179,066.000000
11.232100	0.640	178,775.000000
11.242767	0.640	180,550.000000
11.253433	0.640	182,309.000000
11.264100	0.640	183,235.000000
11.274767	0.640	183,956.000000
11.285433	0.640	188,208.000000
11.296100	0.640	195,228.000000
11.306767	0.640	196,403.000000
11.317433	0.640	191,655.000000
11.328100	0.640	192,782.000000
11.338767	0.640	201,919.000000
11.349433	0.640	207,484.000000
11.360100	0.640	206,763.000000
11.370767	0.640	208,508.000000
11.381433	0.640	214,715.000000
11.392100	0.640	221,555.000000
11.402767	0.640	226,402.000000
11.413433	0.640	226,602.000000
11.424100	0.640	222,099.000000
11.434767	0.640	216,565.000000
11.445433	0.640	214,676.000000
11.456100	0.640	218,051.000000
11.466767	0.640	223,754.000000
11.477433	0.640	230,350.000000
11.488100	0.640	239,217.000000
11.498767	0.640	247,099.000000
11.509433	0.640	248,624.000000
11.520100	0.640	245,325.000000
11.530767	0.640	243,511.000000
11.541433	0.640	247,633.000000
11.552100	0.640	255,906.000000
11.562767	0.640	260,728.000000
11.573433	0.640	258,699.000000
11.584100	0.640	256,312.000000
11.594767	0.640	261,093.000000
11.605433	0.640	271,448.000000
11.616100	0.640	278,458.000000
11.626767	0.640	277,183.000000
11.637433	0.640	272,445.000000
11.648100	0.640	271,319.000000
11.658767	0.640	274,387.000000
11.669433	0.640	276,901.000000
11.680100	0.640	275,813.000000
11.690767	0.640	274,158.000000
11.701433	0.640	277,358.000000
11.712100	0.640	285,541.000000
11.722767	0.640	292,443.000000
11.733433	0.640	293,577.000000
11.744100	0.640	292,492.000000
11.754767	0.640	294,805.000000
11.765433	0.640	300,505.000000
11.776100	0.640	306,502.000000
11.786767	0.640	311,671.000000
11.797433	0.640	316,193.000000
11.808100	0.640	318,561.000000
11.818767	0.640	317,423.000000
11.829433	0.640	315,761.000000
11.840100	0.640	317,598.000000
11.850767	0.640	322,325.000000
11.861433	0.640	325,318.000000
11.872100	0.640	324,755.000000
11.882767	0.640	324,897.000000
11.893433	0.640	328,013.000000
11.904100	0.640	332,172.000000
11.914767	0.640	336,674.000000
11.925433	0.640	339,660.000000
11.936100	0.640	338,407.000000
11.946767	0.640	333,942.000000
11.957433	0.640	330,666.000000
11.968100	0.640	333,978.000000
11.978767	0.640	342,426.000000
11.989433	0.640	348,065.000000
12.000100	0.640	350,774.000000
12.010767	0.640	355,165.000000
12.021433	0.640	358,264.000000
12.032100	0.640	357,004.000000
12.042767	0.640	356,408.000000
12.053433	0.640	361,403.000000
12.064100	0.640	369,725.000000
12.074767	0.640	376,042.000000
12.085433	0.640	377,518.000000
12.096100	0.640	374,128.000000
12.106767	0.640	370,256.000000
12.117433	0.640	373,126.000000
12.128100	0.640	381,628.000000
12.138767	0.640	387,642.000000
12.149433	0.640	388,970.000000
12.160100	0.640	388,374.000000
12.170767	0.640	388,458.000000
12.181433	0.640	392,987.000000
12.192100	0.640	402,062.000000
12.202767	0.640	407,406.000000
12.213433	0.640	403,226.000000
12.224100	0.640	395,301.000000
12.234767	0.640	391,570.000000
12.245433	0.640	393,341.000000
12.256100	0.640	398,326.000000
12.266767	0.640	404,911.000000
12.277433	0.640	411,692.000000
12.288100	0.640	415,482.000000
12.298767	0.640	415,259.000000
12.309433	0.640	416,056.000000
12.320100	0.640	421,172.000000
12.330767	0.640	427,215.000000
12.341433	0.640	430,694.000000
12.352100	0.640	430,076.000000
12.362767	0.640	426,078.000000
12.373433	0.640	423,541.000000
12.384100	0.640	425,345.000000
12.394767	0.640	429,403.000000
12.405433	0.640	433,834.000000
12.416100	0.640	437,865.000000
12.426767	0.640	440,829.000000
12.437433	0.640	442,924.000000
12.448100	0.640	443,957.000000
12.458767	0.640	444,975.000000
12.469433	0.640	448,161.000000
12.480100	0.640	450,986.000000
12.490767	0.640	449,864.000000
12.501433	0.640	447,382.000000
12.512100	0.640	447,574.000000
12.522767	0.640	452,105.000000
12.533433	0.640	459,900.000000
12.544100	0.640	464,483.000000
12.554767	0.640	462,317.000000
12.565433	0.640	459,052.000000
12.576100	0.640	458,992.000000
12.586767	0.640	461,464.000000
12.597433	0.640	464,057.000000
12.608100	0.640	463,395.000000
12.618767	0.640	461,401.000000
12.629433	0.640	463,024.000000
12.640100	0.640	466,104.000000
12.650767	0.640	466,455.000000
12.661433	0.640	466,419.000000
12.672100	0.640	468,065.000000
12.682767	0.640	469,348.000000
12.693433	0.640	470,146.000000
12.704100	0.640	470,326.000000
12.714767	0.640	467,698.000000
12.725433	0.640	464,203.000000
12.736100	0.640	463,881.000000
12.746767	0.640	465,675.000000
12.757433	0.640	467,942.000000
12.768100	0.640	473,889.000000
12.778767	0.640	482,914.000000
12.789433	0.640	486,523.000000
12.800100	0.640	481,534.000000
12.810767	0.640	475,954.000000
12.821433	0.640	476,356.000000
12.832100	0.640	478,508.000000
12.842767	0.640	476,996.000000
12.853433	0.640	475,337.000000
12.864100	0.640	477,545.000000
12.874767	0.640	481,231.000000
12.885433	0.640	483,067.000000
12.896100	0.640	482,382.000000
12.906767	0.640	481,066.000000
12.917433	0.640	481,370.000000
12.928100	0.640	482,267.000000
12.938767	0.640	481,011.000000
12.949433	0.640	478,283.000000
12.960100	0.640	476,525.000000
12.970767	0.640	475,860.000000
12.981433	0.640	477,859.000000
12.992100	0.640	485,042.000000
13.002767	0.640	490,941.000000
13.013433	0.640	485,971.000000
13.024100	0.640	476,191.000000
13.034767	0.640	474,897.000000
13.045433	0.640	480,997.000000
13.056100	0.640	485,707.000000
13.066767	0.640	486,628.000000
13.077433	0.640	485,006.000000
13.088100	0.640	483,010.000000
13.098767	0.640	483,565.000000
13.109433	0.640	485,537.000000
13.120100	0.640	483,471.000000
13.130767	0.640	474,622.000000
13.141433	0.640	465,618.000000
13.152100	0.640	467,047.000000
13.162767	0.640	475,831.000000
13.173433	0.640	477,198.000000
13.184100	0.640	469,533.000000
13.194767	0.640	465,004.000000
13.205433	0.640	467,221.000000
13.216100	0.640	470,085.000000
13.226767	0.640	472,218.000000
13.237433	0.640	475,902.000000
13.248100	0.640	477,826.000000
13.258767	0.640	473,998.000000
13.269433	0.640	467,388.000000
13.280100	0.640	462,827.000000
13.290767	0.640	463,376.000000
13.301433	0.640	469,211.000000
13.312100	0.640	472,368.000000
13.322767	0.640	466,575.000000
13.333433	0.640	460,103.000000
13.344100	0.640	460,140.000000
13.354767	0.640	460,492.000000
13.365433	0.640	457,003.000000
13.376100	0.640	454,328.000000
13.386767	0.640	454,757.000000
13.397433	0.640	455,449.000000
13.408100	0.640	456,607.000000
13.418767	0.640	459,238.000000
13.429433	0.640	457,478.000000
13.440100	0.640	450,049.000000
13.450767	0.640	446,977.000000
13.461433	0.640	450,331.000000
13.472100	0.640	450,771.000000
13.482767	0.640	447,617.000000
13.493433	0.640	447,428.000000
13.504100	0.640	448,180.000000
13.514767	0.640	444,916.000000
13.525433	0.640	440,148.000000
13.536100	0.640	437,407.000000
13.546767	0.640	436,227.000000
13.557433	0.640	436,673.000000
13.568100	0.640	440,693.000000
13.578767	0.640	447,064.000000
13.589433	0.640	451,921.000000
13.600100	0.640	456,941.000000
13.610767	0.640	467,757.000000
13.621433	0.640	486,190.000000
13.632100	0.640	510,233.000000
13.642767	0.640	537,796.000000
13.653433	0.640	570,673.000000
13.664100	0.640	614,129.000000
13.674767	0.640	669,936.000000
13.685433	0.640	736,749.000000
13.696100	0.640	816,834.000000
13.706767	0.640	909,676.000000
13.717433	0.640	1,003,591.000000
13.728100	0.640	1,086,904.000000
13.738767	0.640	1,158,638.000000
13.749433	0.640	1,218,546.000000
13.760100	0.640	1,258,018.000000
13.770767	0.640	1,264,275.000000
13.781433	0.640	1,230,392.000000
13.792100	0.640	1,164,364.000000
13.802767	0.640	1,080,398.000000
13.813433	0.640	983,416.000000
13.824100	0.640	874,491.000000
13.834767	0.640	763,660.000000
13.845433	0.640	665,715.000000
13.856100	0.640	587,801.000000
13.866767	0.640	529,653.000000
13.877433	0.640	488,759.000000
13.888100	0.640	458,909.000000
13.898767	0.640	434,743.000000
13.909433	0.640	417,954.000000
13.920100	0.640	409,114.000000
13.930767	0.640	402,151.000000
13.941433	0.640	394,574.000000
13.952100	0.640	389,373.000000
13.962767	0.640	386,371.000000
13.973433	0.640	384,743.000000
13.984100	0.640	385,868.000000
13.994767	0.640	386,792.000000
14.005433	0.640	382,558.000000
14.016100	0.640	375,743.000000
14.026767	0.640	373,272.000000
14.037433	0.640	376,207.000000
14.048100	0.640	379,570.000000
14.058767	0.640	380,694.000000
14.069433	0.640	381,005.000000
14.080100	0.640	378,529.000000
14.090767	0.640	370,942.000000
14.101433	0.640	363,916.000000
14.112100	0.640	362,195.000000
14.122767	0.640	362,034.000000
14.133433	0.640	360,405.000000
14.144100	0.640	359,623.000000
14.154767	0.640	360,400.000000
14.165433	0.640	359,802.000000
14.176100	0.640	357,215.000000
14.186767	0.640	354,598.000000
14.197433	0.640	351,817.000000
14.208100	0.640	348,191.000000
14.218767	0.640	345,994.000000
14.229433	0.640	346,960.000000
14.240100	0.640	348,041.000000
14.250767	0.640	346,885.000000
14.261433	0.640	345,537.000000
14.272100	0.640	343,531.000000
14.282767	0.640	338,240.000000
14.293433	0.640	332,611.000000
14.304100	0.640	330,942.000000
14.314767	0.640	330,916.000000
14.325433	0.640	329,366.000000
14.336100	0.640	327,613.000000
14.346767	0.640	326,456.000000
14.357433	0.640	324,335.000000
14.368100	0.640	320,116.000000
14.378767	0.640	316,520.000000
14.389433	0.640	316,403.000000
14.400100	0.640	315,392.000000
14.410767	0.640	310,620.000000
14.421433	0.640	306,482.000000
14.432100	0.640	303,759.000000
14.442767	0.640	300,642.000000
14.453433	0.640	299,276.000000
14.464100	0.640	299,979.000000
14.474767	0.640	299,890.000000
14.485433	0.640	297,858.000000
14.496100	0.640	293,904.000000
14.506767	0.640	286,816.000000
14.517433	0.640	278,104.000000
14.528100	0.640	274,243.000000
14.538767	0.640	277,022.000000
14.549433	0.640	281,178.000000
14.560100	0.640	283,101.000000
14.570767	0.640	280,500.000000
14.581433	0.640	273,005.000000
14.592100	0.640	267,991.000000
14.602767	0.640	269,970.000000
14.613433	0.640	269,850.000000
14.624100	0.640	261,929.000000
14.634767	0.640	255,572.000000
14.645433	0.640	256,301.000000
14.656100	0.640	255,266.000000
14.666767	0.640	246,179.000000
14.677433	0.640	236,226.000000
14.688100	0.640	233,480.000000
14.698767	0.640	236,251.000000
14.709433	0.640	238,986.000000
14.720100	0.640	238,935.000000
14.730767	0.640	236,487.000000
14.741433	0.640	232,969.000000
14.752100	0.640	228,129.000000
14.762767	0.640	221,478.000000
14.773433	0.640	216,951.000000
14.784100	0.640	218,947.000000
14.794767	0.640	221,579.000000
14.805433	0.640	216,130.000000
14.816100	0.640	205,736.000000
14.826767	0.640	197,657.000000
14.837433	0.640	192,822.000000
14.848100	0.640	190,103.000000
14.858767	0.640	188,917.000000
14.869433	0.640	188,310.000000
14.880100	0.640	188,530.000000
14.890767	0.640	189,224.000000
14.901433	0.640	187,239.000000
14.912100	0.640	180,819.000000
14.922767	0.640	173,580.000000
14.933433	0.640	171,317.000000
14.944100	0.640	173,701.000000
14.954767	0.640	174,055.000000
14.965433	0.640	170,985.000000
14.976100	0.640	168,577.000000
14.986767	0.640	166,877.000000
14.997433	0.640	164,933.000000
15.008100	0.640	163,881.000000
15.018767	0.640	162,488.000000
15.029433	0.640	158,269.000000
15.040100	0.640	152,101.000000
15.050767	0.640	147,064.000000
15.061433	0.640	142,802.000000
15.072100	0.640	137,285.000000
15.082767	0.640	132,966.000000
15.093433	0.640	131,851.000000
15.104100	0.640	129,353.000000
15.114767	0.640	121,743.000000
15.125433	0.640	113,027.000000
15.136100	0.640	110,004.000000
15.146767	0.640	114,412.000000
15.157433	0.640	119,634.000000
15.168100	0.640	117,286.000000
15.178767	0.640	108,516.000000
15.189433	0.640	101,643.000000
15.200100	0.640	98,608.000000
15.210767	0.640	93,604.000000
15.221433	0.640	85,510.000000
15.232100	0.640	80,725.000000
15.242767	0.640	83,064.000000
15.253433	0.640	89,736.000000
15.264100	0.640	94,879.000000
15.274767	0.640	94,619.000000
15.285433	0.640	90,415.000000
15.296100	0.640	85,765.000000
15.306767	0.640	83,341.000000
15.317433	0.640	85,111.000000
15.328100	0.640	89,513.000000
15.338767	0.640	91,948.000000
15.349433	0.640	91,275.000000
15.360100	0.640	89,285.000000
15.370767	0.640	87,039.000000
15.381433	0.640	87,693.000000
15.392100	0.640	92,405.000000
15.402767	0.640	95,890.000000
15.413433	0.640	95,546.000000
15.424100	0.640	93,793.000000
15.434767	0.640	91,764.000000
15.445433	0.640	90,795.000000
15.456100	0.640	90,895.000000
15.466767	0.640	88,039.000000
15.477433	0.640	81,680.000000
15.488100	0.640	75,696.000000
15.498767	0.640	70,613.000000
15.509433	0.640	63,195.000000
15.520100	0.640	52,956.000000
15.530767	0.640	45,244.000000
15.541433	0.640	42,970.000000
15.552100	0.640	41,507.000000
15.562767	0.640	38,770.000000
15.573433	0.640	38,258.000000
15.584100	0.640	39,248.000000
15.594767	0.640	38,452.000000
15.605433	0.640	39,158.000000
15.616100	0.640	47,007.000000
15.626767	0.640	61,888.000000
15.637433	0.640	79,273.000000
15.648100	0.640	96,954.000000
15.658767	0.640	116,829.000000
15.669433	0.640	140,162.000000
15.680100	0.640	166,856.000000
15.690767	0.640	195,602.000000
15.701433	0.640	220,924.000000
15.712100	0.640	235,839.000000
15.722767	0.640	238,331.000000
15.733433	0.640	229,934.000000
15.744100	0.640	210,933.000000
15.754767	0.640	184,049.000000
15.765433	0.640	155,069.000000
15.776100	0.640	125,533.000000
15.786767	0.640	94,914.000000
15.797433	0.640	67,714.000000
15.808100	0.640	48,674.000000
15.818767	0.640	35,828.000000
15.829433	0.640	24,227.000000
15.840100	0.640	13,906.000000
15.850767	0.640	9,219.000000
15.861433	0.640	8,448.000000
15.872100	0.640	6,576.000000
15.882767	0.640	6,815.000000
15.893433	0.640	11,091.000000
15.904100	0.640	12,775.000000
15.914767	0.640	10,456.000000
15.925433	0.640	10,080.000000
15.936100	0.640	12,660.000000
15.946767	0.640	13,714.000000
15.957433	0.640	11,900.000000
15.968100	0.640	10,203.000000
15.978767	0.640	10,178.000000
15.989433	0.640	11,145.000000
16.000100	0.640	13,814.000000
16.010767	0.640	17,978.000000
16.021433	0.640	18,337.000000
16.032100	0.640	11,090.000000
16.042767	0.640	3,052.000000
16.053433	0.640	3,566.000000
16.064100	0.640	10,201.000000
16.074767	0.640	13,496.000000
16.085433	0.640	11,653.000000
16.096100	0.640	8,061.000000
16.106767	0.640	2,519.000000
16.117433	0.640	-1,879.000000
16.128100	0.640	1,140.000000
16.138767	0.640	8,610.000000
16.149433	0.640	12,061.000000
16.160100	0.640	9,688.000000
16.170767	0.640	5,608.000000
16.181433	0.640	3,868.000000
16.192100	0.640	6,634.000000
16.202767	0.640	11,665.000000
16.213433	0.640	13,934.000000
16.224100	0.640	12,057.000000
16.234767	0.640	8,361.000000
16.245433	0.640	7,062.000000
16.256100	0.640	9,671.000000
16.266767	0.640	8,775.000000
16.277433	0.640	645.000000
16.288100	0.640	-5,138.000000
16.298767	0.640	-3,882.000000
16.309433	0.640	-84.000000
16.320100	0.640	5,842.000000
16.330767	0.640	10,842.000000
16.341433	0.640	7,372.000000
16.352100	0.640	-630.000000
16.362767	0.640	-1,738.000000
16.373433	0.640	4,719.000000
16.384100	0.640	9,751.000000
16.394767	0.640	8,251.000000
16.405433	0.640	4,012.000000
16.416100	0.640	2,875.000000
16.426767	0.640	5,016.000000
16.437433	0.640	8,451.000000
16.448100	0.640	12,205.000000
16.458767	0.640	13,838.000000
16.469433	0.640	13,428.000000
16.480100	0.640	12,796.000000
16.490767	0.640	10,468.000000
16.501433	0.640	7,541.000000
16.512100	0.640	8,109.000000
16.522767	0.640	10,360.000000
16.533433	0.640	9,784.000000
16.544100	0.640	7,703.000000
16.554767	0.640	7,796.000000
16.565433	0.640	9,577.000000
16.576100	0.640	10,102.000000
16.586767	0.640	9,466.000000
16.597433	0.640	9,836.000000
16.608100	0.640	10,296.000000
16.618767	0.640	9,069.000000
16.629433	0.640	6,638.000000
16.640100	0.640	4,423.000000
16.650767	0.640	5,114.000000
16.661433	0.640	9,233.000000
16.672100	0.640	13,194.000000
16.682767	0.640	16,193.000000
16.693433	0.640	18,230.000000
16.704100	0.640	15,611.000000
16.714767	0.640	10,008.000000
16.725433	0.640	7,696.000000
16.736100	0.640	7,935.000000
16.746767	0.640	7,295.000000
16.757433	0.640	8,308.000000
16.768100	0.640	12,553.000000
16.778767	0.640	15,899.000000
16.789433	0.640	16,618.000000
16.800100	0.640	16,059.000000
16.810767	0.640	13,554.000000
16.821433	0.640	9,028.000000
16.832100	0.640	3,823.000000
16.842767	0.640	-643.000000
16.853433	0.640	-1,079.000000
16.864100	0.640	4,168.000000
16.874767	0.640	9,656.000000
16.885433	0.640	9,062.000000
16.896100	0.640	4,395.000000
16.906767	0.640	1,258.000000
16.917433	0.640	-1,267.000000
16.928100	0.640	-5,445.000000
16.938767	0.640	-5,292.000000
16.949433	0.640	2,865.000000
16.960100	0.640	11,276.000000
16.970767	0.640	13,334.000000
16.981433	0.640	11,607.000000
16.992100	0.640	11,264.000000
17.002767	0.640	13,807.000000
17.013433	0.640	16,309.000000
17.024100	0.640	14,727.000000
17.034767	0.640	9,162.000000
17.045433	0.640	6,289.000000
17.056100	0.640	10,806.000000
17.066767	0.640	17,357.000000
17.077433	0.640	20,198.000000
17.088100	0.640	20,536.000000
17.098767	0.640	19,027.000000
17.109433	0.640	14,321.000000
17.120100	0.640	8,379.000000
17.130767	0.640	5,823.000000
17.141433	0.640	9,732.000000
17.152100	0.640	17,486.000000
17.162767	0.640	22,738.000000
17.173433	0.640	23,916.000000
17.184100	0.640	24,129.000000
17.194767	0.640	24,778.000000
17.205433	0.640	27,241.000000
17.216100	0.640	32,166.000000
17.226767	0.640	34,007.000000
17.237433	0.640	30,053.000000
17.248100	0.640	28,686.000000
17.258767	0.640	34,986.000000
17.269433	0.640	41,993.000000
17.280100	0.640	43,220.000000
17.290767	0.640	39,718.000000
17.301433	0.640	36,402.000000
17.312100	0.640	37,183.000000
17.322767	0.640	41,005.000000
17.333433	0.640	44,486.000000
17.344100	0.640	45,367.000000
17.354767	0.640	43,492.000000
17.365433	0.640	41,679.000000
17.376100	0.640	41,343.000000
17.386767	0.640	41,363.000000
17.397433	0.640	41,084.000000
17.408100	0.640	39,887.000000
17.418767	0.640	39,894.000000
17.429433	0.640	42,369.000000
17.440100	0.640	43,238.000000
17.450767	0.640	42,873.000000
17.461433	0.640	45,311.000000
17.472100	0.640	48,816.000000
17.482767	0.640	51,180.000000
17.493433	0.640	54,173.000000
17.504100	0.640	58,438.000000
17.514767	0.640	61,102.000000
17.525433	0.640	58,582.000000
17.536100	0.640	52,244.000000
17.546767	0.640	47,946.000000
17.557433	0.640	46,568.000000
17.568100	0.640	44,702.000000
17.578767	0.640	43,023.000000
17.589433	0.640	42,124.000000
17.600100	0.640	39,405.000000
17.610767	0.640	36,082.000000
17.621433	0.640	35,688.000000
17.632100	0.640	37,765.000000
17.642767	0.640	39,870.000000
17.653433	0.640	40,393.000000
17.664100	0.640	39,741.000000
17.674767	0.640	39,479.000000
17.685433	0.640	37,736.000000
17.696100	0.640	33,266.000000
17.706767	0.640	30,740.000000
17.717433	0.640	32,656.000000
17.728100	0.640	36,047.000000
17.738767	0.640	39,375.000000
17.749433	0.640	42,806.000000
17.760100	0.640	45,785.000000
17.770767	0.640	47,747.000000
17.781433	0.640	48,749.000000
17.792100	0.640	51,221.000000
17.802767	0.640	56,590.000000
17.813433	0.640	59,782.000000
17.824100	0.640	55,743.000000
17.834767	0.640	47,602.000000
17.845433	0.640	40,927.000000
17.856100	0.640	36,704.000000
17.866767	0.640	35,376.000000
17.877433	0.640	38,606.000000
17.888100	0.640	42,438.000000
17.898767	0.640	41,005.000000
17.909433	0.640	37,872.000000
17.920100	0.640	38,549.000000
17.930767	0.640	38,681.000000
17.941433	0.640	34,088.000000
17.952100	0.640	30,079.000000
17.962767	0.640	33,047.000000
17.973433	0.640	43,071.000000
17.984100	0.640	53,797.000000
17.994767	0.640	56,953.000000
18.005433	0.640	50,763.000000
18.016100	0.640	43,299.000000
18.026767	0.640	43,570.000000
18.037433	0.640	47,444.000000
18.048100	0.640	44,033.000000
18.058767	0.640	35,143.000000
18.069433	0.640	29,156.000000
18.080100	0.640	26,116.000000
18.090767	0.640	23,732.000000
18.101433	0.640	23,536.000000
18.112100	0.640	25,778.000000
18.122767	0.640	26,852.000000
18.133433	0.640	23,468.000000
18.144100	0.640	17,830.000000
18.154767	0.640	14,701.000000
18.165433	0.640	14,710.000000
18.176100	0.640	15,986.000000
18.186767	0.640	18,571.000000
18.197433	0.640	24,429.000000
18.208100	0.640	33,363.000000
18.218767	0.640	40,032.000000
18.229433	0.640	41,133.000000
18.240100	0.640	42,598.000000
18.250767	0.640	50,754.000000
18.261433	0.640	63,287.000000
18.272100	0.640	79,220.000000
18.282767	0.640	105,081.000000
18.293433	0.640	144,390.000000
18.304100	0.640	195,295.000000
18.314767	0.640	253,603.000000
18.325433	0.640	311,015.000000
18.336100	0.640	360,561.000000
18.346767	0.640	400,504.000000
18.357433	0.640	426,620.000000
18.368100	0.640	428,838.000000
18.378767	0.640	402,442.000000
18.389433	0.640	355,552.000000
18.400100	0.640	301,239.000000
18.410767	0.640	248,979.000000
18.421433	0.640	200,012.000000
18.432100	0.640	151,740.000000
18.442767	0.640	109,118.000000
18.453433	0.640	80,038.000000
18.464100	0.640	63,689.000000
18.474767	0.640	53,264.000000
18.485433	0.640	45,132.000000
18.496100	0.640	39,270.000000
18.506767	0.640	34,902.000000
18.517433	0.640	33,162.000000
18.528100	0.640	34,836.000000
18.538767	0.640	35,356.000000
18.549433	0.640	33,644.000000
18.560100	0.640	32,239.000000
18.570767	0.640	29,528.000000
18.581433	0.640	27,079.000000
18.592100	0.640	30,357.000000
18.602767	0.640	38,258.000000
18.613433	0.640	43,637.000000
18.624100	0.640	43,619.000000
18.634767	0.640	41,600.000000
18.645433	0.640	37,978.000000
18.656100	0.640	30,748.000000
18.666767	0.640	22,656.000000
18.677433	0.640	18,809.000000
18.688100	0.640	21,224.000000
18.698767	0.640	26,162.000000
18.709433	0.640	26,917.000000
18.720100	0.640	23,402.000000
18.730767	0.640	22,751.000000
18.741433	0.640	24,258.000000
18.752100	0.640	20,346.000000
18.762767	0.640	14,137.000000
18.773433	0.640	14,350.000000
18.784100	0.640	19,958.000000
18.794767	0.640	23,132.000000
18.805433	0.640	20,587.000000
18.816100	0.640	16,771.000000
18.826767	0.640	15,686.000000
18.837433	0.640	17,071.000000
18.848100	0.640	21,061.000000
18.858767	0.640	27,174.000000
18.869433	0.640	32,141.000000
18.880100	0.640	32,814.000000
18.890767	0.640	28,649.000000
18.901433	0.640	21,943.000000
18.912100	0.640	16,799.000000
18.922767	0.640	16,844.000000
18.933433	0.640	19,582.000000
18.944100	0.640	18,926.000000
18.954767	0.640	15,957.000000
18.965433	0.640	14,433.000000
18.976100	0.640	13,713.000000
18.986767	0.640	14,236.000000
18.997433	0.640	17,670.000000
19.008100	0.640	21,915.000000
19.018767	0.640	22,087.000000
19.029433	0.640	17,152.000000
19.040100	0.640	12,783.000000
19.050767	0.640	13,610.000000
19.061433	0.640	17,618.000000
19.072100	0.640	20,982.000000
19.082767	0.640	21,835.000000
19.093433	0.640	19,767.000000
19.104100	0.640	16,728.000000
19.114767	0.640	14,488.000000
19.125433	0.640	11,705.000000
19.136100	0.640	8,041.000000
19.146767	0.640	6,853.000000
19.157433	0.640	10,184.000000
19.168100	0.640	14,564.000000
19.178767	0.640	16,649.000000
19.189433	0.640	16,395.000000
19.200100	0.640	12,711.000000
19.210767	0.640	6,615.000000
19.221433	0.640	3,833.000000
19.232100	0.640	8,044.000000
19.242767	0.640	14,914.000000
19.253433	0.640	15,893.000000
19.264100	0.640	10,366.000000
19.274767	0.640	6,695.000000
19.285433	0.640	9,252.000000
19.296100	0.640	12,931.000000
19.306767	0.640	11,982.000000
19.317433	0.640	8,744.000000
19.328100	0.640	7,862.000000
19.338767	0.640	7,892.000000
19.349433	0.640	6,030.000000
19.360100	0.640	4,097.000000
19.370767	0.640	4,651.000000
19.381433	0.640	5,863.000000
19.392100	0.640	5,623.000000
19.402767	0.640	6,256.000000
19.413433	0.640	9,280.000000
19.424100	0.640	12,096.000000
19.434767	0.640	11,893.000000
19.445433	0.640	9,721.000000
19.456100	0.640	9,843.000000
19.466767	0.640	13,053.000000
19.477433	0.640	15,748.000000
19.488100	0.640	16,510.000000
19.498767	0.640	16,214.000000
19.509433	0.640	14,304.000000
19.520100	0.640	10,627.000000
19.530767	0.640	8,536.000000
19.541433	0.640	11,617.000000
19.552100	0.640	16,566.000000
19.562767	0.640	15,684.000000
19.573433	0.640	7,791.000000
19.584100	0.640	1,018.000000
19.594767	0.640	3,220.000000
19.605433	0.640	10,924.000000
19.616100	0.640	13,722.000000
19.626767	0.640	8,860.000000
19.637433	0.640	2,288.000000
19.648100	0.640	-1,300.000000
19.658767	0.640	-1,266.000000
19.669433	0.640	-153.000000
19.680100	0.640	-1,105.000000
19.690767	0.640	-574.000000
19.701433	0.640	4,110.000000
19.712100	0.640	6,151.000000
19.722767	0.640	3,186.000000
19.733433	0.640	1,115.000000
19.744100	0.640	2,645.000000
19.754767	0.640	5,481.000000
19.765433	0.640	6,639.000000
19.776100	0.640	6,875.000000
19.786767	0.640	7,887.000000
19.797433	0.640	6,527.000000
19.808100	0.640	2,562.000000
19.818767	0.640	2,109.000000
19.829433	0.640	4,824.000000
19.840100	0.640	3,594.000000
19.850767	0.640	-1,812.000000
19.861433	0.640	-4,303.000000
19.872100	0.640	-1,110.000000
19.882767	0.640	3,796.000000
19.893433	0.640	7,186.000000
19.904100	0.640	7,591.000000
19.914767	0.640	4,744.000000
19.925433	0.640	2,130.000000
19.936100	0.640	2,352.000000
19.946767	0.640	3,442.000000
19.957433	0.640	4,101.000000
19.968100	0.640	6,218.000000
19.978767	0.640	9,708.000000
19.989433	0.640	10,489.000000
20.000100	0.640	6,874.000000
20.010767	0.640	2,944.000000
20.021433	0.640	3,120.000000
20.032100	0.640	6,776.000000
20.042767	0.640	10,538.000000
20.053433	0.640	13,730.000000
20.064100	0.640	15,694.000000
20.074767	0.640	12,793.000000
20.085433	0.640	5,271.000000
20.096100	0.640	-95.000000
20.106767	0.640	-182.000000
20.117433	0.640	-1,046.000000
20.128100	0.640	-5,630.000000
20.138767	0.640	-6,862.000000
20.149433	0.640	-2,434.000000
20.160100	0.640	-941.000000
20.170767	0.640	-6,200.000000
20.181433	0.640	-11,020.000000
20.192100	0.640	-10,054.000000
20.202767	0.640	-7,259.000000
20.213433	0.640	-5,900.000000
20.224100	0.640	-2,242.000000
20.234767	0.640	3,935.000000
20.245433	0.640	7,425.000000
20.256100	0.640	6,626.000000
20.266767	0.640	3,548.000000
20.277433	0.640	74.000000
20.288100	0.640	-3,012.000000
20.298767	0.640	-3,899.000000
20.309433	0.640	-451.000000
20.320100	0.640	4,692.000000
20.330767	0.640	7,324.000000
20.341433	0.640	8,049.000000
20.352100	0.640	9,337.000000
20.362767	0.640	9,863.000000
20.373433	0.640	7,394.000000
20.384100	0.640	6,130.000000
20.394767	0.640	10,741.000000
20.405433	0.640	16,133.000000
20.416100	0.640	17,584.000000
20.426767	0.640	19,427.000000
20.437433	0.640	23,911.000000
20.448100	0.640	29,039.000000
20.458767	0.640	37,771.000000
20.469433	0.640	53,664.000000
20.480100	0.640	74,593.000000
20.490767	0.640	99,771.000000
20.501433	0.640	130,684.000000
20.512100	0.640	166,507.000000
20.522767	0.640	210,218.000000
20.533433	0.640	270,254.000000
20.544100	0.640	352,371.000000
20.554767	0.640	456,824.000000
20.565433	0.640	582,695.000000
20.576100	0.640	733,577.000000
20.586767	0.640	917,281.000000
20.597483	0.643	1,142,888.000000
20.608100	0.637	1,423,055.000000
20.618767	0.640	1,776,975.000000
20.629433	0.640	2,230,629.000000
20.640100	0.640	2,812,149.000000
20.650767	0.640	3,553,998.000000
20.661433	0.640	4,511,181.000000
20.672100	0.640	5,760,377.000000
20.682767	0.640	7,362,874.000000
20.693433	0.640	9,338,035.000000
20.704100	0.640	11,674,902.000000
20.714767	0.640	14,336,381.000000
20.725433	0.640	17,214,162.000000
20.736100	0.640	20,097,174.000000
20.746767	0.640	22,718,951.000000
20.757433	0.640	24,817,952.000000
20.768100	0.640	26,181,541.000000
20.778767	0.640	26,681,905.000000
20.789433	0.640	26,260,106.000000
20.800100	0.640	24,932,694.000000
20.810767	0.640	22,846,587.000000
20.821433	0.640	20,267,342.000000
20.832100	0.640	17,494,137.000000
20.842767	0.640	14,767,115.000000
20.853433	0.640	12,238,389.000000
20.864100	0.640	10,014,595.000000
20.874767	0.640	8,170,473.000000
20.885433	0.640	6,721,597.000000
20.896100	0.640	5,625,995.000000
20.906767	0.640	4,814,726.000000
20.917433	0.640	4,220,031.000000
20.928100	0.640	3,785,609.000000
20.938767	0.640	3,465,141.000000
20.949433	0.640	3,226,999.000000
20.960100	0.640	3,049,109.000000
20.970767	0.640	2,906,498.000000
20.981433	0.640	2,784,743.000000
20.992100	0.640	2,682,905.000000
21.002767	0.640	2,594,537.000000
21.013433	0.640	2,515,427.000000
21.024100	0.640	2,449,324.000000
21.034767	0.640	2,392,826.000000
21.045433	0.640	2,336,226.000000
21.056100	0.640	2,276,810.000000
21.066767	0.640	2,221,502.000000
21.077433	0.640	2,174,590.000000
21.088100	0.640	2,131,932.000000
21.098767	0.640	2,091,017.000000
21.109433	0.640	2,053,041.000000
21.120100	0.640	2,015,864.000000
21.130767	0.640	1,976,971.000000
21.141433	0.640	1,938,853.000000
21.152100	0.640	1,905,327.000000
21.162767	0.640	1,876,558.000000
21.173433	0.640	1,849,458.000000
21.184100	0.640	1,823,273.000000
21.194767	0.640	1,800,179.000000
21.205433	0.640	1,776,730.000000
21.216100	0.640	1,745,974.000000
21.226767	0.640	1,710,854.000000
21.237433	0.640	1,678,594.000000
21.248100	0.640	1,647,005.000000
21.258767	0.640	1,615,385.000000
21.269433	0.640	1,591,409.000000
21.280100	0.640	1,573,042.000000
21.290767	0.640	1,547,978.000000
21.301433	0.640	1,518,418.000000
21.312100	0.640	1,497,830.000000
21.322767	0.640	1,482,482.000000
21.333433	0.640	1,459,305.000000
21.344100	0.640	1,432,039.000000
21.354767	0.640	1,413,156.000000
21.365433	0.640	1,403,885.000000
21.376100	0.640	1,393,881.000000
21.386767	0.640	1,377,444.000000
21.397433	0.640	1,363,143.000000
21.408100	0.640	1,357,384.000000
21.418767	0.640	1,350,845.000000
21.429433	0.640	1,336,401.000000
21.440100	0.640	1,322,119.000000
21.450767	0.640	1,313,215.000000
21.461433	0.640	1,303,722.000000
21.472100	0.640	1,290,740.000000
21.482767	0.640	1,275,474.000000
21.493433	0.640	1,257,095.000000
21.504100	0.640	1,238,872.000000
21.514767	0.640	1,225,762.000000
21.525433	0.640	1,214,651.000000
21.536100	0.640	1,202,553.000000
21.546767	0.640	1,194,416.000000
21.557433	0.640	1,189,118.000000
21.568100	0.640	1,176,705.000000
21.578767	0.640	1,158,281.000000
21.589433	0.640	1,143,291.000000
21.600100	0.640	1,131,017.000000
21.610767	0.640	1,117,139.000000
21.621433	0.640	1,102,778.000000
21.632100	0.640	1,087,455.000000
21.642767	0.640	1,070,116.000000
21.653433	0.640	1,054,806.000000
21.664100	0.640	1,042,228.000000
21.674767	0.640	1,026,405.000000
21.685433	0.640	1,009,447.000000
21.696100	0.640	998,624.000000
21.706767	0.640	987,662.000000
21.717433	0.640	968,936.000000
21.728100	0.640	949,690.000000
21.738767	0.640	936,959.000000
21.749433	0.640	929,212.000000
21.760100	0.640	922,855.000000
21.770767	0.640	914,360.000000
21.781433	0.640	904,515.000000
21.792100	0.640	895,889.000000
21.802767	0.640	884,838.000000
21.813433	0.640	868,556.000000
21.824100	0.640	852,807.000000
21.834767	0.640	843,790.000000
21.845433	0.640	839,167.000000
21.856100	0.640	831,765.000000
21.866767	0.640	819,930.000000
21.877433	0.640	809,355.000000
21.888100	0.640	803,992.000000
21.898767	0.640	801,091.000000
21.909433	0.640	797,421.000000
21.920100	0.640	791,765.000000
21.930767	0.640	780,837.000000
21.941433	0.640	766,182.000000
21.952100	0.640	760,298.000000
21.962767	0.640	767,006.000000
21.973433	0.640	769,470.000000
21.984100	0.640	759,787.000000
21.994767	0.640	751,233.000000
22.005433	0.640	747,499.000000
22.016100	0.640	738,887.000000
22.026767	0.640	724,747.000000
22.037433	0.640	713,180.000000
22.048100	0.640	709,654.000000
22.058767	0.640	708,427.000000
22.069433	0.640	699,019.000000
22.080100	0.640	686,452.000000
22.090767	0.640	683,072.000000
22.101433	0.640	685,408.000000
22.112100	0.640	682,598.000000
22.122767	0.640	676,094.000000
22.133433	0.640	674,912.000000
22.144100	0.640	677,845.000000
22.154767	0.640	675,318.000000
22.165433	0.640	667,177.000000
22.176100	0.640	659,850.000000
22.186767	0.640	651,405.000000
22.197433	0.640	639,052.000000
22.208100	0.640	630,423.000000
22.218767	0.640	631,370.000000
22.229433	0.640	635,577.000000
22.240100	0.640	636,491.000000
22.250767	0.640	636,228.000000
22.261433	0.640	635,636.000000
22.272100	0.640	628,935.000000
22.282767	0.640	615,920.000000
22.293433	0.640	605,467.000000
22.304100	0.640	601,704.000000
22.314767	0.640	601,250.000000
22.325433	0.640	602,866.000000
22.336100	0.640	604,983.000000
22.346767	0.640	600,355.000000
22.357433	0.640	589,399.000000
22.368100	0.640	585,731.000000
22.378767	0.640	592,119.000000
22.389433	0.640	594,812.000000
22.400100	0.640	588,249.000000
22.410767	0.640	577,934.000000
22.421433	0.640	570,929.000000
22.432100	0.640	573,322.000000
22.442767	0.640	579,579.000000
22.453433	0.640	579,286.000000
22.464100	0.640	575,250.000000
22.474767	0.640	573,568.000000
22.485433	0.640	572,431.000000
22.496100	0.640	570,689.000000
22.506767	0.640	570,122.000000
22.517433	0.640	570,926.000000
22.528100	0.640	572,118.000000
22.538767	0.640	573,541.000000
22.549433	0.640	575,766.000000
22.560100	0.640	575,763.000000
22.570767	0.640	569,189.000000
22.581433	0.640	560,749.000000
22.592100	0.640	559,267.000000
22.602767	0.640	562,995.000000
22.613433	0.640	563,138.000000
22.624100	0.640	557,504.000000
22.634767	0.640	551,257.000000
22.645433	0.640	548,244.000000
22.656100	0.640	547,292.000000
22.666767	0.640	544,551.000000
22.677433	0.640	538,988.000000
22.688100	0.640	535,446.000000
22.698767	0.640	536,352.000000
22.709433	0.640	537,209.000000
22.720100	0.640	535,937.000000
22.730767	0.640	533,653.000000
22.741433	0.640	529,759.000000
22.752100	0.640	526,792.000000
22.762767	0.640	528,137.000000
22.773433	0.640	529,679.000000
22.784100	0.640	526,724.000000
22.794767	0.640	523,752.000000
22.805433	0.640	525,951.000000
22.816100	0.640	530,654.000000
22.826767	0.640	535,211.000000
22.837433	0.640	538,655.000000
22.848100	0.640	537,579.000000
22.858767	0.640	533,386.000000
22.869433	0.640	531,946.000000
22.880100	0.640	534,575.000000
22.890767	0.640	538,671.000000
22.901433	0.640	540,405.000000
22.912100	0.640	538,315.000000
22.922767	0.640	536,883.000000
22.933433	0.640	538,918.000000
22.944100	0.640	541,166.000000
22.954767	0.640	542,627.000000
22.965433	0.640	545,381.000000
22.976100	0.640	548,708.000000
22.986767	0.640	552,060.000000
22.997433	0.640	557,309.000000
23.008100	0.640	563,474.000000
23.018767	0.640	565,157.000000
23.029433	0.640	560,179.000000
23.040100	0.640	554,222.000000
23.050767	0.640	552,473.000000
23.061433	0.640	554,085.000000
23.072100	0.640	557,005.000000
23.082767	0.640	559,653.000000
23.093433	0.640	561,600.000000
23.104100	0.640	564,500.000000
23.114767	0.640	568,177.000000
23.125433	0.640	571,214.000000
23.136100	0.640	574,143.000000
23.146767	0.640	576,529.000000
23.157433	0.640	576,053.000000
23.168100	0.640	574,858.000000
23.178767	0.640	579,140.000000
23.189433	0.640	587,044.000000
23.200100	0.640	589,247.000000
23.210767	0.640	584,761.000000
23.221433	0.640	582,413.000000
23.232100	0.640	586,043.000000
23.242767	0.640	589,554.000000
23.253433	0.640	590,068.000000
23.264100	0.640	592,475.000000
23.274767	0.640	596,123.000000
23.285433	0.640	595,913.000000
23.296100	0.640	595,190.000000
23.306767	0.640	600,042.000000
23.317433	0.640	608,167.000000
23.328100	0.640	613,639.000000
23.338767	0.640	614,666.000000
23.349433	0.640	614,820.000000
23.360100	0.640	619,540.000000
23.370767	0.640	626,577.000000
23.381433	0.640	629,903.000000
23.392150	0.643	631,511.000000
23.402767	0.637	633,159.000000
23.413433	0.640	633,221.000000
23.424100	0.640	634,723.000000
23.434767	0.640	639,883.000000
23.445433	0.640	645,988.000000
23.456100	0.640	649,515.000000
23.466767	0.640	648,897.000000
23.477433	0.640	646,019.000000
23.488100	0.640	644,645.000000
23.498767	0.640	646,842.000000
23.509433	0.640	652,281.000000
23.520100	0.640	659,641.000000
23.530767	0.640	665,720.000000
23.541433	0.640	668,087.000000
23.552100	0.640	668,799.000000
23.562767	0.640	669,488.000000
23.573433	0.640	670,908.000000
23.584100	0.640	675,755.000000
23.594767	0.640	680,758.000000
23.605433	0.640	679,765.000000
23.616100	0.640	676,883.000000
23.626767	0.640	677,666.000000
23.637433	0.640	679,267.000000
23.648100	0.640	678,494.000000
23.658767	0.640	675,641.000000
23.669433	0.640	674,006.000000
23.680100	0.640	676,392.000000
23.690767	0.640	679,599.000000
23.701433	0.640	680,409.000000
23.712100	0.640	681,570.000000
23.722767	0.640	686,492.000000
23.733433	0.640	693,752.000000
23.744100	0.640	698,982.000000
23.754767	0.640	699,699.000000
23.765433	0.640	697,655.000000
23.776100	0.640	697,359.000000
23.786767	0.640	700,672.000000
23.797433	0.640	705,078.000000
23.808100	0.640	707,751.000000
23.818767	0.640	706,266.000000
23.829433	0.640	701,355.000000
23.840100	0.640	700,737.000000
23.850767	0.640	708,503.000000
23.861433	0.640	717,273.000000
23.872100	0.640	719,443.000000
23.882767	0.640	716,558.000000
23.893433	0.640	714,853.000000
23.904100	0.640	716,599.000000
23.914767	0.640	720,602.000000
23.925433	0.640	725,261.000000
23.936100	0.640	727,182.000000
23.946767	0.640	726,557.000000
23.957433	0.640	727,401.000000
23.968100	0.640	730,332.000000
23.978767	0.640	733,252.000000
23.989433	0.640	735,745.000000
24.000100	0.640	740,826.000000
24.010767	0.640	747,688.000000
24.021433	0.640	750,858.000000
24.032100	0.640	752,299.000000
24.042767	0.640	757,132.000000
24.053433	0.640	763,234.000000
24.064100	0.640	766,939.000000
24.074767	0.640	768,840.000000
24.085433	0.640	770,265.000000
24.096100	0.640	769,359.000000
24.106767	0.640	765,792.000000
24.117433	0.640	763,454.000000
24.128100	0.640	763,680.000000
24.138767	0.640	765,021.000000
24.149433	0.640	767,278.000000
24.160100	0.640	771,088.000000
24.170767	0.640	776,074.000000
24.181433	0.640	780,028.000000
24.192100	0.640	783,836.000000
24.202767	0.640	790,846.000000
24.213433	0.640	797,293.000000
24.224100	0.640	796,994.000000
24.234767	0.640	794,916.000000
24.245433	0.640	799,639.000000
24.256100	0.640	807,947.000000
24.266767	0.640	812,316.000000
24.277433	0.640	813,304.000000
24.288100	0.640	814,227.000000
24.298767	0.640	814,469.000000
24.309433	0.640	812,095.000000
24.320100	0.640	806,206.000000
24.330767	0.640	798,400.000000
24.341433	0.640	793,273.000000
24.352100	0.640	794,068.000000
24.362767	0.640	798,392.000000
24.373433	0.640	800,657.000000
24.384100	0.640	801,424.000000
24.394767	0.640	805,502.000000
24.405433	0.640	808,871.000000
24.416100	0.640	803,969.000000
24.426767	0.640	794,456.000000
24.437433	0.640	790,957.000000
24.448100	0.640	797,023.000000
24.458767	0.640	807,353.000000
24.469433	0.640	815,321.000000
24.480100	0.640	816,154.000000
24.490817	0.643	811,099.000000
24.501433	0.637	810,272.000000
24.512100	0.640	819,711.000000
24.522767	0.640	830,686.000000
24.533433	0.640	832,930.000000
24.544100	0.640	829,991.000000
24.554767	0.640	830,510.000000
24.565433	0.640	833,386.000000
24.576100	0.640	834,834.000000
24.586767	0.640	837,816.000000
24.597433	0.640	842,287.000000
24.608100	0.640	843,469.000000
24.618767	0.640	843,483.000000
24.629433	0.640	846,805.000000
24.640100	0.640	851,241.000000
24.650767	0.640	855,059.000000
24.661433	0.640	859,242.000000
24.672100	0.640	862,483.000000
24.682767	0.640	866,188.000000
24.693433	0.640	873,808.000000
24.704100	0.640	882,184.000000
24.714767	0.640	885,648.000000
24.725433	0.640	885,302.000000
24.736100	0.640	887,074.000000
24.746767	0.640	894,373.000000
24.757433	0.640	905,786.000000
24.768100	0.640	918,195.000000
24.778767	0.640	928,894.000000
24.789433	0.640	933,641.000000
24.800100	0.640	933,508.000000
24.810767	0.640	938,579.000000
24.821433	0.640	949,950.000000
24.832100	0.640	956,895.000000
24.842767	0.640	956,667.000000
24.853433	0.640	956,944.000000
24.864100	0.640	962,228.000000
24.874767	0.640	968,122.000000
24.885433	0.640	969,686.000000
24.896100	0.640	970,223.000000
24.906767	0.640	975,089.000000
24.917433	0.640	981,690.000000
24.928100	0.640	983,958.000000
24.938767	0.640	981,657.000000
24.949433	0.640	979,486.000000
24.960100	0.640	980,387.000000
24.970767	0.640	983,139.000000
24.981433	0.640	987,136.000000
24.992100	0.640	992,521.000000
25.002767	0.640	994,381.000000
25.013433	0.640	988,860.000000
25.024100	0.640	983,144.000000
25.034767	0.640	985,729.000000
25.045433	0.640	992,867.000000
25.056100	0.640	996,480.000000
25.066767	0.640	995,669.000000
25.077433	0.640	995,963.000000
25.088100	0.640	1,002,947.000000
25.098767	0.640	1,013,352.000000
25.109433	0.640	1,016,443.000000
25.120100	0.640	1,010,440.000000
25.130767	0.640	1,008,227.000000
25.141433	0.640	1,016,390.000000
25.152100	0.640	1,023,353.000000
25.162767	0.640	1,024,342.000000
25.173433	0.640	1,032,506.000000
25.184100	0.640	1,054,673.000000
25.194767	0.640	1,087,601.000000
25.205433	0.640	1,135,907.000000
25.216100	0.640	1,218,003.000000
25.226767	0.640	1,361,503.000000
25.237433	0.640	1,593,491.000000
25.248100	0.640	1,949,828.000000
25.258767	0.640	2,497,802.000000
25.269433	0.640	3,331,019.000000
25.280100	0.640	4,556,644.000000
25.290767	0.640	6,291,502.000000
25.301433	0.640	8,653,278.000000
25.312100	0.640	11,753,794.000000
25.322767	0.640	15,652,630.000000
25.333433	0.640	20,273,583.000000
25.344100	0.640	25,380,734.000000
25.354767	0.640	30,619,264.000000
25.365433	0.640	35,566,885.000000
25.376100	0.640	39,754,867.000000
25.386767	0.640	42,677,131.000000
25.397433	0.640	43,897,175.000000
25.408100	0.640	43,217,852.000000
25.418767	0.640	40,745,188.000000
25.429433	0.640	36,818,503.000000
25.440100	0.640	31,903,458.000000
25.450767	0.640	26,510,393.000000
25.461433	0.640	21,148,031.000000
25.472100	0.640	16,255,908.000000
25.482767	0.640	12,099,730.000000
25.493433	0.640	8,760,341.000000
25.504100	0.640	6,213,111.000000
25.514767	0.640	4,370,307.000000
25.525433	0.640	3,099,875.000000
25.536100	0.640	2,257,479.000000
25.546767	0.640	1,716,536.000000
25.557433	0.640	1,379,694.000000
25.568100	0.640	1,169,666.000000
25.578767	0.640	1,032,092.000000
25.589433	0.640	942,991.000000
25.600100	0.640	890,382.000000
25.610767	0.640	859,598.000000
25.621433	0.640	839,202.000000
25.632100	0.640	823,315.000000
25.642767	0.640	808,979.000000
25.653433	0.640	796,970.000000
25.664100	0.640	788,431.000000
25.674767	0.640	782,209.000000
25.685433	0.640	779,488.000000
25.696100	0.640	780,117.000000
25.706767	0.640	778,437.000000
25.717433	0.640	772,237.000000
25.728100	0.640	763,981.000000
25.738767	0.640	755,476.000000
25.749433	0.640	749,978.000000
25.760100	0.640	749,241.000000
25.770767	0.640	750,510.000000
25.781433	0.640	752,287.000000
25.792100	0.640	755,613.000000
25.802767	0.640	760,821.000000
25.813433	0.640	765,620.000000
25.824100	0.640	767,561.000000
25.834767	0.640	770,740.000000
25.845433	0.640	782,909.000000
25.856100	0.640	808,706.000000
25.866767	0.640	851,192.000000
25.877433	0.640	909,008.000000
25.888100	0.640	969,326.000000
25.898767	0.640	1,011,252.000000
25.909433	0.640	1,017,805.000000
25.920100	0.640	984,377.000000
25.930767	0.640	921,119.000000
25.941433	0.640	849,849.000000
25.952100	0.640	791,232.000000
25.962767	0.640	753,226.000000
25.973433	0.640	732,431.000000
25.984100	0.640	721,838.000000
25.994767	0.640	716,671.000000
26.005433	0.640	714,743.000000
26.016100	0.640	716,312.000000
26.026767	0.640	721,527.000000
26.037433	0.640	724,757.000000
26.048100	0.640	722,575.000000
26.058767	0.640	721,952.000000
26.069433	0.640	729,714.000000
26.080100	0.640	745,684.000000
26.090767	0.640	765,435.000000
26.101433	0.640	782,268.000000
26.112100	0.640	795,321.000000
26.122767	0.640	812,334.000000
26.133433	0.640	840,453.000000
26.144100	0.640	881,275.000000
26.154767	0.640	923,523.000000
26.165433	0.640	941,483.000000
26.176100	0.640	921,853.000000
26.186767	0.640	883,094.000000
26.197433	0.640	852,086.000000
26.208100	0.640	836,868.000000
26.218767	0.640	834,395.000000
26.229433	0.640	846,099.000000
26.240100	0.640	871,508.000000
26.250767	0.640	899,911.000000
26.261433	0.640	919,491.000000
26.272100	0.640	926,716.000000
26.282767	0.640	921,486.000000
26.293433	0.640	905,384.000000
26.304100	0.640	888,029.000000
26.314767	0.640	881,725.000000
26.325433	0.640	891,754.000000
26.336100	0.640	923,511.000000
26.346767	0.640	998,894.000000
26.357433	0.640	1,183,986.000000
26.368100	0.640	1,638,164.000000
26.378767	0.640	2,547,463.000000
26.389433	0.640	3,776,160.000000
26.400100	0.640	4,633,707.000000
26.410767	0.640	4,424,471.000000
26.421433	0.640	3,287,049.000000
26.432100	0.640	2,059,697.000000
26.442767	0.640	1,344,650.000000
26.453433	0.640	1,107,247.000000
26.464100	0.640	1,064,542.000000
26.474767	0.640	1,057,476.000000
26.485433	0.640	1,059,472.000000
26.496100	0.640	1,072,863.000000
26.506767	0.640	1,092,270.000000
26.517433	0.640	1,110,836.000000
26.528100	0.640	1,126,686.000000
26.538767	0.640	1,143,354.000000
26.549433	0.640	1,164,126.000000
26.560100	0.640	1,184,998.000000
26.570767	0.640	1,199,404.000000
26.581433	0.640	1,207,357.000000
26.592100	0.640	1,211,808.000000
26.602767	0.640	1,213,259.000000
26.613433	0.640	1,211,227.000000
26.624100	0.640	1,206,444.000000
26.634767	0.640	1,203,473.000000
26.645433	0.640	1,206,720.000000
26.656100	0.640	1,215,994.000000
26.666767	0.640	1,233,064.000000
26.677433	0.640	1,260,404.000000
26.688100	0.640	1,296,617.000000
26.698767	0.640	1,349,229.000000
26.709433	0.640	1,439,907.000000
26.720100	0.640	1,605,849.000000
26.730767	0.640	1,900,754.000000
26.741433	0.640	2,302,436.000000
26.752100	0.640	2,602,407.000000
26.762767	0.640	2,568,033.000000
26.773433	0.640	2,254,956.000000
26.784100	0.640	1,966,097.000000
26.794767	0.640	1,897,658.000000
26.805433	0.640	1,990,785.000000
26.816100	0.640	2,096,312.000000
26.826767	0.640	2,152,986.000000
26.837433	0.640	2,210,065.000000
26.848100	0.640	2,346,859.000000
26.858767	0.640	2,607,324.000000
26.869433	0.640	3,101,385.000000
26.880100	0.640	4,601,505.000000
26.890767	0.640	10,675,910.000000
26.901433	0.640	31,092,846.000000
26.912100	0.640	75,565,476.000000
26.922767	0.640	130,175,454.000000
26.933433	0.640	152,971,433.000000
26.944100	0.640	120,304,752.000000
26.954767	0.640	61,188,709.000000
26.965433	0.640	19,798,913.000000
26.976100	0.640	6,975,945.000000
26.986767	0.640	6,946,897.000000
26.997433	0.640	7,382,337.000000
27.008100	0.640	7,915,613.000000
27.018767	0.640	14,421,785.000000
27.029433	0.640	37,699,948.000000
27.040100	0.640	90,771,938.000000
27.050767	0.640	170,215,008.000000
27.061433	0.640	236,759,558.000000
27.072100	0.640	239,033,791.000000
27.082767	0.640	171,692,723.000000
27.093433	0.640	85,985,930.000000
27.104100	0.640	31,669,370.000000
27.114767	0.640	14,325,012.000000
27.125433	0.640	13,657,277.000000
27.136100	0.640	15,280,949.000000
27.146767	0.640	15,778,092.000000
27.157433	0.640	14,559,127.000000
27.168100	0.640	11,797,940.000000
27.178767	0.640	9,235,058.000000
27.189433	0.640	8,239,037.000000
27.200100	0.640	8,598,178.000000
27.210767	0.640	9,713,079.000000
27.221433	0.640	11,261,360.000000
27.232100	0.640	12,505,579.000000
27.242767	0.640	12,940,412.000000
27.253433	0.640	16,663,685.000000
27.264100	0.640	17,546,327.000000
27.264267	0.010	36,319,490.000000
27.264433	0.010	17,546,327.000000
27.264600	0.010	36,319,490.000000
27.264767	0.010	17,546,327.000000
27.264933	0.010	36,319,490.000000
27.265100	0.010	17,546,327.000000
27.274767	0.580	17,546,327.000000
27.285433	0.640	17,546,327.000000
27.296100	0.640	17,546,327.000000
27.306767	0.640	17,546,327.000000
27.317433	0.640	17,546,327.000000
27.317600	0.010	36,319,490.000000
27.317767	0.010	17,546,327.000000
27.317933	0.010	36,319,490.000000
27.318100	0.010	17,546,327.000000
27.318267	0.010	36,319,490.000000
27.318433	0.010	17,546,327.000000
27.328100	0.580	225,856,180.000000
27.338767	0.640	128,018,885.000000
27.349433	0.640	78,893,265.000000
27.360100	0.640	63,737,625.000000
27.370767	0.640	54,016,506.000000
27.381433	0.640	54,277,663.000000
27.392100	0.640	55,160,305.000000
27.392267	0.010	92,740,457.000000
27.392433	0.010	55,160,305.000000
27.392600	0.010	92,740,457.000000
27.392767	0.010	55,160,305.000000
27.392933	0.010	92,740,457.000000
27.393100	0.010	55,160,305.000000
27.402767	0.580	55,160,305.000000
27.413433	0.640	55,160,305.000000
27.424100	0.640	55,160,305.000000
27.434767	0.640	55,160,305.000000
27.445433	0.640	55,160,305.000000
27.456100	0.640	55,160,305.000000
27.466767	0.640	55,160,305.000000
27.477433	0.640	55,160,305.000000
27.488100	0.640	55,160,305.000000
27.488267	0.010	92,740,457.000000
27.488433	0.010	55,160,305.000000
27.488600	0.010	92,740,457.000000
27.488767	0.010	55,160,305.000000
27.488933	0.010	92,740,457.000000
27.489100	0.010	55,160,305.000000
27.498767	0.580	138,989,492.000000
27.509433	0.640	97,827,594.000000
27.520100	0.640	93,806,249.000000
27.530767	0.640	87,727,657.000000
27.541433	0.640	67,859,964.000000
27.552100	0.640	49,328,628.000000
27.562767	0.640	40,292,037.000000
27.573433	0.640	36,121,939.000000
27.584100	0.640	32,385,116.000000
27.594767	0.640	28,976,235.000000
27.605433	0.640	26,884,605.000000
27.616100	0.640	26,071,608.000000
27.626767	0.640	25,549,431.000000
27.637433	0.640	24,247,027.000000
27.648100	0.640	22,253,342.000000
27.658767	0.640	20,643,568.000000
27.669433	0.640	19,764,799.000000
27.680100	0.640	18,921,789.000000
27.690767	0.640	17,784,304.000000
27.701433	0.640	16,856,287.000000
27.712100	0.640	16,528,069.000000
27.722767	0.640	16,571,722.000000
27.733433	0.640	16,594,482.000000
27.744100	0.640	16,466,062.000000
27.754767	0.640	16,444,149.000000
27.765433	0.640	16,997,049.000000
27.776100	0.640	18,169,735.000000
27.786767	0.640	19,368,293.000000
27.797433	0.640	19,975,071.000000
27.808100	0.640	19,731,050.000000
27.818767	0.640	18,719,752.000000
27.829433	0.640	17,451,250.000000
27.840100	0.640	16,600,102.000000
27.850767	0.640	16,444,014.000000
27.861433	0.640	16,753,880.000000
27.872100	0.640	17,209,006.000000
27.882767	0.640	18,297,745.000000
27.893433	0.640	23,228,573.000000
27.904100	0.640	44,145,480.000000
27.914767	0.640	45,028,122.000000
27.914933	0.010	77,542,183.000000
27.915100	0.010	45,028,122.000000
27.915267	0.010	77,542,183.000000
27.915433	0.010	45,028,122.000000
27.915600	0.010	77,542,183.000000
27.915767	0.010	45,028,122.000000
27.925433	0.580	45,028,122.000000
27.936100	0.640	45,028,122.000000
27.946767	0.640	45,028,122.000000
27.957433	0.640	45,028,122.000000
27.968100	0.640	45,028,122.000000
27.978767	0.640	45,028,122.000000
27.989433	0.640	45,028,122.000000
28.000100	0.640	45,028,122.000000
28.010767	0.640	45,028,122.000000
28.021433	0.640	45,028,122.000000
28.032100	0.640	45,028,122.000000
28.042767	0.640	45,028,122.000000
28.053433	0.640	45,028,122.000000
28.064100	0.640	45,028,122.000000
28.074767	0.640	45,028,122.000000
28.085433	0.640	45,028,122.000000
28.096100	0.640	45,028,122.000000
28.106767	0.640	45,028,122.000000
28.106933	0.010	77,542,183.000000
28.107100	0.010	45,028,122.000000
28.107267	0.010	77,542,183.000000
28.107433	0.010	45,028,122.000000
28.107600	0.010	77,542,183.000000
28.107767	0.010	45,028,122.000000
28.117433	0.580	191,148,614.000000
28.128100	0.640	88,614,060.000000
28.138767	0.640	62,442,211.000000
28.149433	0.640	64,386,672.000000
28.160100	0.640	61,786,734.000000
28.170767	0.640	53,877,585.000000
28.181433	0.640	43,386,349.000000
28.192100	0.640	31,508,345.000000
28.202767	0.640	24,004,078.000000
28.213433	0.640	27,695,466.000000
28.224100	0.640	48,371,738.000000
28.234767	0.640	87,551,834.000000
28.245433	0.640	133,362,801.000000
28.256100	0.640	165,512,643.000000
28.266767	0.640	177,595,401.000000
28.277433	0.640	181,584,475.000000
28.288100	0.640	186,746,883.000000
28.298767	0.640	189,375,927.000000
28.309433	0.640	184,266,187.000000
28.320100	0.640	173,574,700.000000
28.330767	0.640	162,836,700.000000
28.341433	0.640	154,450,817.000000
28.352100	0.640	146,154,767.000000
28.362767	0.640	133,215,210.000000
28.373433	0.640	111,936,041.000000
28.384100	0.640	83,335,459.000000
28.394767	0.640	54,206,084.000000
28.405433	0.640	32,709,877.000000
28.416100	0.640	21,577,050.000000
28.426767	0.640	17,288,166.000000
28.437433	0.640	15,988,149.000000
28.448100	0.640	16,953,869.000000
28.458767	0.640	19,874,653.000000
28.469433	0.640	22,147,514.000000
28.480100	0.640	20,990,709.000000
28.490767	0.640	16,827,945.000000
28.501433	0.640	12,528,886.000000
28.512100	0.640	9,995,499.000000
28.522767	0.640	9,001,369.000000
28.533433	0.640	8,612,252.000000
28.544100	0.640	8,359,734.000000
28.554767	0.640	8,181,502.000000
28.565433	0.640	8,022,692.000000
28.576100	0.640	7,776,228.000000
28.586767	0.640	7,426,122.000000
28.597433	0.640	7,055,936.000000
28.608100	0.640	6,713,928.000000
28.618767	0.640	6,339,745.000000
28.629433	0.640	5,817,986.000000
28.640100	0.640	5,071,794.000000
28.650767	0.640	4,134,297.000000
28.661433	0.640	3,148,321.000000
28.672100	0.640	2,269,410.000000
28.682767	0.640	1,574,260.000000
28.693433	0.640	1,070,539.000000
28.704100	0.640	743,756.000000
28.714767	0.640	636,626.000000
28.725433	0.640	800,691.000000
28.736100	0.640	977,752.000000
28.746767	0.640	786,814.000000
28.757433	0.640	361,939.000000
28.768100	0.640	110,727.000000
28.778767	0.640	81,932.000000
28.789433	0.640	94,406.000000
28.800100	0.640	76,197.000000
28.810767	0.640	52,643.000000
28.821433	0.640	41,765.000000
28.832100	0.640	36,789.000000
28.842767	0.640	28,801.000000
28.853433	0.640	20,575.000000
28.864100	0.640	17,047.000000
28.874767	0.640	13,627.000000
28.885433	0.640	6,014.000000
28.896100	0.640	-1,188.000000
28.906767	0.640	-3,188.000000
28.917433	0.640	-3,204.000000
28.928100	0.640	-5,343.000000
28.938767	0.640	-6,906.000000
28.949433	0.640	-6,346.000000
28.960100	0.640	-7,812.000000
28.970767	0.640	-12,009.000000
28.981433	0.640	-13,289.000000
28.992100	0.640	-9,197.000000
29.002767	0.640	-4,800.000000
29.013433	0.640	-3,710.000000
29.024100	0.640	-4,401.000000
29.034767	0.640	-7,106.000000
29.045433	0.640	-13,113.000000
29.056100	0.640	-18,422.000000
29.066767	0.640	-18,215.000000
29.077433	0.640	-15,445.000000
29.088100	0.640	-15,232.000000
29.098767	0.640	-15,983.000000
29.109433	0.640	-14,623.000000
29.120100	0.640	-11,577.000000
29.130767	0.640	-8,258.000000
29.141433	0.640	-7,065.000000
29.152100	0.640	-10,120.000000
29.162767	0.640	-15,350.000000
29.173433	0.640	-16,401.000000
29.184100	0.640	-10,531.000000
29.194767	0.640	-4,805.000000
29.205433	0.640	-4,361.000000
29.216100	0.640	-3,667.000000
29.226767	0.640	-16.000000
29.237433	0.640	523.000000
29.248100	0.640	-3,587.000000
29.258767	0.640	-7,043.000000
29.269433	0.640	-8,893.000000
29.280100	0.640	-9,864.000000
29.290767	0.640	-6,201.000000
29.301433	0.640	483.000000
29.312100	0.640	2,924.000000
29.322767	0.640	1,845.000000
29.333433	0.640	2,099.000000
29.344100	0.640	1,812.000000
29.354767	0.640	-885.000000
29.365433	0.640	-2,262.000000
29.376100	0.640	-1,970.000000
29.386767	0.640	-2,976.000000
29.397433	0.640	-2,809.000000
29.408100	0.640	160.000000
29.418767	0.640	564.000000
29.429433	0.640	-5,044.000000
29.440100	0.640	-12,876.000000
29.450767	0.640	-16,607.000000
29.461433	0.640	-13,027.000000
29.472100	0.640	-5,437.000000
29.482767	0.640	-1,324.000000
29.493433	0.640	-4,183.000000
29.504100	0.640	-8,972.000000
29.514767	0.640	-8,737.000000
29.525433	0.640	-5,659.000000
29.536100	0.640	-7,230.000000
29.546767	0.640	-11,562.000000
29.557433	0.640	-10,550.000000
29.568100	0.640	-5,831.000000
29.578767	0.640	-4,835.000000
29.589433	0.640	-6,090.000000
29.600100	0.640	-6,210.000000
29.610767	0.640	-7,738.000000
29.621433	0.640	-7,694.000000
29.632100	0.640	-1,104.000000
29.642767	0.640	4,758.000000
29.653433	0.640	1,819.000000
29.664100	0.640	-3,406.000000
29.674767	0.640	-1,750.000000
29.685433	0.640	2,017.000000
29.696100	0.640	-2,024.000000
29.706767	0.640	-11,310.000000
29.717433	0.640	-14,587.000000
29.728100	0.640	-8,394.000000
29.738767	0.640	-986.000000
29.749433	0.640	-71.000000
29.760100	0.640	-2,969.000000
29.770767	0.640	-4,686.000000
29.781433	0.640	-6,890.000000
29.792100	0.640	-10,273.000000
29.802767	0.640	-9,995.000000
29.813433	0.640	-5,097.000000
29.824100	0.640	-1,202.000000
29.834767	0.640	-386.000000
29.845433	0.640	1,120.000000
29.856100	0.640	3,364.000000
29.866767	0.640	3,166.000000
29.877433	0.640	1,619.000000
29.888100	0.640	-368.000000
29.898767	0.640	-5,613.000000
29.909433	0.640	-11,409.000000
29.920100	0.640	-10,754.000000
29.930767	0.640	-7,039.000000
29.941433	0.640	-7,096.000000
29.952100	0.640	-6,572.000000
29.962767	0.640	-3,291.000000
29.973433	0.640	-2,691.000000
29.984100	0.640	-2,303.000000
29.994767	0.640	443.000000
30.005433	0.640	-981.000000
