File Path	chrom://nnfcb-l0495/ChromeleonLocal/20180320_AA_Lars Nielsen samples Vienna_lbpet.seq/804.smp/Emission_2.channel/Emission_2.chm
Channel	Emission_2

Injection Information:
Data Vault	ChromeleonLocal
Injection	20180320_Lars Nielsen samples Vienna_dx20_BA5
Injection Number	18
Position	BA5
Comment	
Processing Method	20171024_Calculated with IS_lbpet
Instrument Method	20161104_AA_GeminiC18_FinalVer7
Type	Unknown
Status	Finished
Injection Date	20-03-2018
Injection Time	20:42:07
Injection Volume (µl)	56.500
Dilution Factor	1.0000
Weight	1.0000

Raw Data Information:
Time Min. (min)	0.007767
Time Max. (min)	30.005433
Data Points	2849
Detector	FLD
Exporting Data System	Chromeleon 7.1.2.1478
Operator	
Signal Quantity	
Signal Unit	counts
Signal Min.	-39,815.000000
Signal Max.	238,314,203.000000
Channel	Emission_2
Driver Name	FLD3000.dll
Channel Type	Evaluation
Min. Step (s)	0.010
Max. Step (s)	0.820
Average Step (s)	0.632

Signal Parameter Information:
Signal Info	266 nm /305 nm

Raw Data:
Time (min)	Step (s)	Value (counts)
0.007767	0.000	0.000000
0.021433	0.820	0.000000
0.032100	0.640	0.000000
0.042767	0.640	-6,820.000000
0.053433	0.640	-13,950.000000
0.064100	0.640	-16,655.000000
0.074767	0.640	-14,612.000000
0.085433	0.640	-11,054.000000
0.096100	0.640	-8,584.000000
0.106767	0.640	-7,413.000000
0.117433	0.640	-8,741.000000
0.128100	0.640	-13,873.000000
0.138767	0.640	-19,707.000000
0.149433	0.640	-21,014.000000
0.160100	0.640	-18,057.000000
0.170767	0.640	-15,257.000000
0.181433	0.640	-14,133.000000
0.192100	0.640	-13,256.000000
0.202767	0.640	-11,740.000000
0.213433	0.640	-10,595.000000
0.224100	0.640	-11,030.000000
0.234767	0.640	-13,509.000000
0.245433	0.640	-17,713.000000
0.256100	0.640	-20,015.000000
0.266767	0.640	-18,226.000000
0.277433	0.640	-16,012.000000
0.288100	0.640	-14,591.000000
0.298767	0.640	-11,206.000000
0.309433	0.640	-6,979.000000
0.320100	0.640	-5,605.000000
0.330767	0.640	-6,314.000000
0.341433	0.640	-6,360.000000
0.352100	0.640	-8,457.000000
0.362767	0.640	-13,967.000000
0.373433	0.640	-16,440.000000
0.384100	0.640	-13,757.000000
0.394767	0.640	-10,948.000000
0.405433	0.640	-10,714.000000
0.416100	0.640	-13,967.000000
0.426767	0.640	-19,224.000000
0.437433	0.640	-22,098.000000
0.448100	0.640	-21,822.000000
0.458767	0.640	-19,721.000000
0.469433	0.640	-15,676.000000
0.480100	0.640	-11,702.000000
0.490767	0.640	-11,994.000000
0.501500	0.644	-18,305.000000
0.512100	0.636	-25,887.000000
0.522767	0.640	-27,031.000000
0.533433	0.640	-22,938.000000
0.544100	0.640	-20,519.000000
0.554767	0.640	-18,913.000000
0.565433	0.640	-15,005.000000
0.576100	0.640	-11,275.000000
0.586767	0.640	-11,044.000000
0.597433	0.640	-14,537.000000
0.608100	0.640	-18,076.000000
0.618767	0.640	-18,250.000000
0.629433	0.640	-15,546.000000
0.640100	0.640	-11,769.000000
0.650767	0.640	-8,627.000000
0.661433	0.640	-7,910.000000
0.672100	0.640	-9,887.000000
0.682767	0.640	-11,445.000000
0.693433	0.640	-10,755.000000
0.704100	0.640	-11,113.000000
0.714767	0.640	-13,869.000000
0.725433	0.640	-15,943.000000
0.736100	0.640	-14,805.000000
0.746767	0.640	-11,404.000000
0.757433	0.640	-11,058.000000
0.768100	0.640	-16,113.000000
0.778767	0.640	-20,639.000000
0.789433	0.640	-20,232.000000
0.800100	0.640	-17,414.000000
0.810767	0.640	-15,624.000000
0.821433	0.640	-16,167.000000
0.832100	0.640	-16,601.000000
0.842767	0.640	-12,947.000000
0.853433	0.640	-6,731.000000
0.864100	0.640	-3,560.000000
0.874767	0.640	-6,417.000000
0.885433	0.640	-12,566.000000
0.896100	0.640	-16,750.000000
0.906767	0.640	-16,605.000000
0.917433	0.640	-12,287.000000
0.928100	0.640	-7,033.000000
0.938767	0.640	-6,098.000000
0.949433	0.640	-9,609.000000
0.960100	0.640	-13,982.000000
0.970767	0.640	-16,968.000000
0.981433	0.640	-16,550.000000
0.992100	0.640	-13,916.000000
1.002767	0.640	-14,814.000000
1.013433	0.640	-19,606.000000
1.024100	0.640	-21,572.000000
1.034767	0.640	-18,601.000000
1.045433	0.640	-14,903.000000
1.056100	0.640	-13,056.000000
1.066767	0.640	-12,420.000000
1.077433	0.640	-13,659.000000
1.088100	0.640	-18,847.000000
1.098767	0.640	-24,697.000000
1.109433	0.640	-23,963.000000
1.120100	0.640	-16,571.000000
1.130767	0.640	-10,541.000000
1.141433	0.640	-11,154.000000
1.152100	0.640	-14,703.000000
1.162767	0.640	-15,178.000000
1.173433	0.640	-13,522.000000
1.184100	0.640	-13,385.000000
1.194767	0.640	-15,310.000000
1.205433	0.640	-18,811.000000
1.216100	0.640	-19,418.000000
1.226767	0.640	-12,692.000000
1.237433	0.640	-4,943.000000
1.248100	0.640	-4,764.000000
1.258767	0.640	-9,756.000000
1.269433	0.640	-13,015.000000
1.280100	0.640	-15,575.000000
1.290767	0.640	-19,991.000000
1.301433	0.640	-19,847.000000
1.312100	0.640	-13,265.000000
1.322767	0.640	-10,236.000000
1.333433	0.640	-13,221.000000
1.344100	0.640	-14,444.000000
1.354767	0.640	-13,605.000000
1.365433	0.640	-15,809.000000
1.376100	0.640	-20,057.000000
1.386767	0.640	-23,577.000000
1.397433	0.640	-25,955.000000
1.408100	0.640	-25,165.000000
1.418767	0.640	-20,485.000000
1.429433	0.640	-15,953.000000
1.440100	0.640	-13,406.000000
1.450767	0.640	-12,226.000000
1.461433	0.640	-15,783.000000
1.472100	0.640	-23,040.000000
1.482767	0.640	-25,537.000000
1.493433	0.640	-23,141.000000
1.504100	0.640	-22,362.000000
1.514767	0.640	-21,719.000000
1.525433	0.640	-18,052.000000
1.536100	0.640	-14,379.000000
1.546767	0.640	-12,528.000000
1.557433	0.640	-11,635.000000
1.568100	0.640	-10,822.000000
1.578767	0.640	-8,435.000000
1.589433	0.640	-6,348.000000
1.600100	0.640	-8,523.000000
1.610767	0.640	-13,228.000000
1.621433	0.640	-16,290.000000
1.632100	0.640	-16,814.000000
1.642767	0.640	-16,627.000000
1.653433	0.640	-18,650.000000
1.664100	0.640	-21,389.000000
1.674767	0.640	-18,624.000000
1.685433	0.640	-10,429.000000
1.696100	0.640	-4,325.000000
1.706767	0.640	-4,115.000000
1.717433	0.640	-6,796.000000
1.728100	0.640	-7,931.000000
1.738767	0.640	-8,085.000000
1.749433	0.640	-12,044.000000
1.760100	0.640	-17,860.000000
1.770767	0.640	-17,742.000000
1.781433	0.640	-11,478.000000
1.792100	0.640	-7,131.000000
1.802767	0.640	-9,653.000000
1.813433	0.640	-15,256.000000
1.824100	0.640	-17,881.000000
1.834767	0.640	-17,305.000000
1.845433	0.640	-17,646.000000
1.856100	0.640	-18,814.000000
1.866767	0.640	-17,154.000000
1.877433	0.640	-14,936.000000
1.888100	0.640	-16,732.000000
1.898767	0.640	-18,951.000000
1.909433	0.640	-14,684.000000
1.920100	0.640	-7,293.000000
1.930767	0.640	-6,616.000000
1.941433	0.640	-11,712.000000
1.952100	0.640	-13,979.000000
1.962767	0.640	-11,983.000000
1.973433	0.640	-9,230.000000
1.984100	0.640	-7,379.000000
1.994767	0.640	-7,353.000000
2.005433	0.640	-9,060.000000
2.016100	0.640	-9,955.000000
2.026767	0.640	-8,802.000000
2.037433	0.640	-8,541.000000
2.048100	0.640	-10,898.000000
2.058767	0.640	-13,123.000000
2.069433	0.640	-13,673.000000
2.080100	0.640	-14,451.000000
2.090767	0.640	-16,706.000000
2.101433	0.640	-19,683.000000
2.112100	0.640	-21,522.000000
2.122767	0.640	-20,898.000000
2.133433	0.640	-19,771.000000
2.144100	0.640	-21,044.000000
2.154767	0.640	-23,336.000000
2.165433	0.640	-22,592.000000
2.176100	0.640	-18,865.000000
2.186767	0.640	-16,507.000000
2.197433	0.640	-16,937.000000
2.208100	0.640	-16,573.000000
2.218767	0.640	-12,327.000000
2.229433	0.640	-7,478.000000
2.240100	0.640	-6,841.000000
2.250767	0.640	-8,197.000000
2.261433	0.640	-8,465.000000
2.272100	0.640	-7,435.000000
2.282767	0.640	-3,554.000000
2.293433	0.640	1,904.000000
2.304100	0.640	4,464.000000
2.314767	0.640	2,326.000000
2.325433	0.640	-2,102.000000
2.336100	0.640	-4,428.000000
2.346767	0.640	-3,591.000000
2.357433	0.640	-3,451.000000
2.368100	0.640	-6,248.000000
2.378767	0.640	-7,664.000000
2.389433	0.640	-3,828.000000
2.400100	0.640	-444.000000
2.410767	0.640	-3,733.000000
2.421433	0.640	-8,039.000000
2.432100	0.640	-6,411.000000
2.442767	0.640	-2,867.000000
2.453433	0.640	-3,223.000000
2.464100	0.640	-4,524.000000
2.474767	0.640	-2,745.000000
2.485433	0.640	-1,236.000000
2.496100	0.640	-2,384.000000
2.506767	0.640	-3,528.000000
2.517433	0.640	-3,938.000000
2.528100	0.640	-5,727.000000
2.538767	0.640	-9,356.000000
2.549433	0.640	-11,218.000000
2.560100	0.640	-9,763.000000
2.570767	0.640	-9,047.000000
2.581433	0.640	-10,140.000000
2.592100	0.640	-9,736.000000
2.602767	0.640	-7,835.000000
2.613433	0.640	-8,559.000000
2.624100	0.640	-13,311.000000
2.634767	0.640	-16,664.000000
2.645433	0.640	-14,757.000000
2.656100	0.640	-13,255.000000
2.666767	0.640	-17,900.000000
2.677433	0.640	-23,059.000000
2.688100	0.640	-20,373.000000
2.698767	0.640	-14,775.000000
2.709433	0.640	-16,382.000000
2.720100	0.640	-21,990.000000
2.730767	0.640	-23,852.000000
2.741433	0.640	-23,873.000000
2.752100	0.640	-23,916.000000
2.762767	0.640	-21,463.000000
2.773433	0.640	-19,206.000000
2.784100	0.640	-20,519.000000
2.794767	0.640	-20,958.000000
2.805433	0.640	-16,362.000000
2.816100	0.640	-10,720.000000
2.826767	0.640	-8,964.000000
2.837433	0.640	-10,726.000000
2.848100	0.640	-15,012.000000
2.858767	0.640	-20,347.000000
2.869433	0.640	-20,972.000000
2.880100	0.640	-15,692.000000
2.890767	0.640	-12,877.000000
2.901433	0.640	-15,918.000000
2.912100	0.640	-18,639.000000
2.922767	0.640	-17,937.000000
2.933433	0.640	-15,533.000000
2.944100	0.640	-13,034.000000
2.954767	0.640	-11,233.000000
2.965433	0.640	-9,490.000000
2.976100	0.640	-8,925.000000
2.986767	0.640	-11,194.000000
2.997433	0.640	-13,351.000000
3.008100	0.640	-14,003.000000
3.018767	0.640	-16,620.000000
3.029433	0.640	-19,743.000000
3.040100	0.640	-17,982.000000
3.050767	0.640	-14,589.000000
3.061433	0.640	-15,893.000000
3.072100	0.640	-17,791.000000
3.082767	0.640	-14,998.000000
3.093433	0.640	-12,477.000000
3.104100	0.640	-13,800.000000
3.114767	0.640	-14,298.000000
3.125433	0.640	-13,220.000000
3.136100	0.640	-14,432.000000
3.146767	0.640	-16,725.000000
3.157433	0.640	-16,939.000000
3.168100	0.640	-14,744.000000
3.178767	0.640	-12,382.000000
3.189433	0.640	-12,654.000000
3.200100	0.640	-12,492.000000
3.210767	0.640	-9,436.000000
3.221433	0.640	-10,308.000000
3.232100	0.640	-17,180.000000
3.242767	0.640	-21,415.000000
3.253433	0.640	-18,956.000000
3.264100	0.640	-14,768.000000
3.274767	0.640	-12,497.000000
3.285433	0.640	-12,167.000000
3.296100	0.640	-15,262.000000
3.306767	0.640	-19,442.000000
3.317433	0.640	-17,019.000000
3.328100	0.640	-8,906.000000
3.338767	0.640	-5,626.000000
3.349433	0.640	-11,284.000000
3.360100	0.640	-18,515.000000
3.370767	0.640	-18,512.000000
3.381433	0.640	-12,954.000000
3.392100	0.640	-11,039.000000
3.402767	0.640	-14,330.000000
3.413433	0.640	-17,311.000000
3.424100	0.640	-17,400.000000
3.434767	0.640	-15,314.000000
3.445433	0.640	-13,430.000000
3.456100	0.640	-13,634.000000
3.466767	0.640	-15,728.000000
3.477433	0.640	-18,050.000000
3.488100	0.640	-17,073.000000
3.498767	0.640	-12,150.000000
3.509433	0.640	-8,311.000000
3.520100	0.640	-8,856.000000
3.530767	0.640	-11,902.000000
3.541433	0.640	-13,883.000000
3.552100	0.640	-13,047.000000
3.562767	0.640	-12,765.000000
3.573433	0.640	-15,953.000000
3.584100	0.640	-18,193.000000
3.594767	0.640	-16,689.000000
3.605433	0.640	-14,382.000000
3.616100	0.640	-11,722.000000
3.626767	0.640	-9,297.000000
3.637433	0.640	-9,611.000000
3.648100	0.640	-10,041.000000
3.658767	0.640	-8,268.000000
3.669433	0.640	-8,012.000000
3.680100	0.640	-10,765.000000
3.690767	0.640	-13,320.000000
3.701433	0.640	-13,566.000000
3.712100	0.640	-12,110.000000
3.722767	0.640	-11,432.000000
3.733433	0.640	-14,023.000000
3.744100	0.640	-18,237.000000
3.754767	0.640	-19,497.000000
3.765433	0.640	-18,278.000000
3.776100	0.640	-18,249.000000
3.786767	0.640	-18,292.000000
3.797433	0.640	-16,691.000000
3.808100	0.640	-15,296.000000
3.818767	0.640	-15,653.000000
3.829433	0.640	-17,266.000000
3.840100	0.640	-16,537.000000
3.850767	0.640	-12,339.000000
3.861433	0.640	-11,967.000000
3.872100	0.640	-16,356.000000
3.882767	0.640	-14,458.000000
3.893433	0.640	-4,978.000000
3.904100	0.640	492.000000
3.914767	0.640	-2,682.000000
3.925433	0.640	-8,646.000000
3.936100	0.640	-12,321.000000
3.946767	0.640	-13,146.000000
3.957433	0.640	-11,380.000000
3.968100	0.640	-7,455.000000
3.978767	0.640	-4,511.000000
3.989433	0.640	-8,134.000000
4.000100	0.640	-18,346.000000
4.010767	0.640	-24,092.000000
4.021433	0.640	-19,013.000000
4.032100	0.640	-13,016.000000
4.042767	0.640	-13,715.000000
4.053433	0.640	-16,297.000000
4.064100	0.640	-16,710.000000
4.074767	0.640	-15,600.000000
4.085433	0.640	-13,027.000000
4.096100	0.640	-9,913.000000
4.106767	0.640	-10,024.000000
4.117433	0.640	-14,749.000000
4.128100	0.640	-19,345.000000
4.138767	0.640	-19,757.000000
4.149433	0.640	-17,309.000000
4.160100	0.640	-14,552.000000
4.170767	0.640	-14,113.000000
4.181433	0.640	-17,010.000000
4.192100	0.640	-19,073.000000
4.202767	0.640	-17,603.000000
4.213433	0.640	-17,812.000000
4.224100	0.640	-21,747.000000
4.234767	0.640	-21,082.000000
4.245433	0.640	-13,510.000000
4.256100	0.640	-9,265.000000
4.266767	0.640	-12,769.000000
4.277433	0.640	-16,429.000000
4.288100	0.640	-16,183.000000
4.298767	0.640	-16,585.000000
4.309433	0.640	-17,854.000000
4.320100	0.640	-15,312.000000
4.330767	0.640	-12,639.000000
4.341433	0.640	-16,769.000000
4.352100	0.640	-22,484.000000
4.362767	0.640	-21,330.000000
4.373433	0.640	-19,158.000000
4.384100	0.640	-24,399.000000
4.394767	0.640	-30,834.000000
4.405433	0.640	-30,429.000000
4.416100	0.640	-25,549.000000
4.426767	0.640	-19,545.000000
4.437433	0.640	-14,118.000000
4.448100	0.640	-13,840.000000
4.458767	0.640	-20,156.000000
4.469433	0.640	-27,040.000000
4.480100	0.640	-28,500.000000
4.490767	0.640	-25,873.000000
4.501433	0.640	-24,049.000000
4.512100	0.640	-23,607.000000
4.522767	0.640	-21,992.000000
4.533433	0.640	-19,476.000000
4.544100	0.640	-17,285.000000
4.554767	0.640	-14,775.000000
4.565433	0.640	-13,245.000000
4.576100	0.640	-14,280.000000
4.586767	0.640	-16,179.000000
4.597433	0.640	-17,975.000000
4.608100	0.640	-19,018.000000
4.618767	0.640	-16,949.000000
4.629433	0.640	-13,952.000000
4.640100	0.640	-15,773.000000
4.650767	0.640	-20,269.000000
4.661433	0.640	-20,106.000000
4.672100	0.640	-16,020.000000
4.682767	0.640	-14,038.000000
4.693433	0.640	-15,259.000000
4.704100	0.640	-17,339.000000
4.714767	0.640	-18,813.000000
4.725433	0.640	-18,378.000000
4.736100	0.640	-16,102.000000
4.746767	0.640	-14,907.000000
4.757433	0.640	-16,499.000000
4.768100	0.640	-18,970.000000
4.778767	0.640	-21,489.000000
4.789433	0.640	-24,159.000000
4.800100	0.640	-23,877.000000
4.810767	0.640	-21,092.000000
4.821433	0.640	-20,818.000000
4.832100	0.640	-21,698.000000
4.842767	0.640	-20,501.000000
4.853433	0.640	-20,594.000000
4.864100	0.640	-23,637.000000
4.874767	0.640	-26,071.000000
4.885433	0.640	-26,966.000000
4.896100	0.640	-28,119.000000
4.906767	0.640	-28,349.000000
4.917433	0.640	-25,907.000000
4.928100	0.640	-22,553.000000
4.938767	0.640	-18,939.000000
4.949433	0.640	-13,216.000000
4.960100	0.640	-5,854.000000
4.970767	0.640	6,638.000000
4.981433	0.640	37,173.000000
4.992100	0.640	88,918.000000
5.002833	0.644	140,589.000000
5.013433	0.636	167,001.000000
5.024100	0.640	163,785.000000
5.034767	0.640	145,684.000000
5.045433	0.640	126,621.000000
5.056100	0.640	108,255.000000
5.066767	0.640	89,739.000000
5.077433	0.640	73,226.000000
5.088100	0.640	58,830.000000
5.098767	0.640	45,437.000000
5.109433	0.640	33,000.000000
5.120100	0.640	22,186.000000
5.130767	0.640	14,693.000000
5.141433	0.640	12,930.000000
5.152100	0.640	12,799.000000
5.162767	0.640	5,006.000000
5.173433	0.640	-8,293.000000
5.184100	0.640	-15,198.000000
5.194767	0.640	-12,999.000000
5.205433	0.640	-10,740.000000
5.216100	0.640	-14,594.000000
5.226767	0.640	-19,314.000000
5.237433	0.640	-19,803.000000
5.248100	0.640	-20,082.000000
5.258767	0.640	-22,202.000000
5.269433	0.640	-22,662.000000
5.280100	0.640	-21,461.000000
5.290767	0.640	-20,401.000000
5.301433	0.640	-18,858.000000
5.312100	0.640	-17,927.000000
5.322767	0.640	-18,190.000000
5.333433	0.640	-16,316.000000
5.344100	0.640	-13,772.000000
5.354767	0.640	-16,631.000000
5.365433	0.640	-21,922.000000
5.376100	0.640	-21,571.000000
5.386767	0.640	-16,975.000000
5.397433	0.640	-12,969.000000
5.408100	0.640	-10,135.000000
5.418767	0.640	-12,610.000000
5.429433	0.640	-22,420.000000
5.440100	0.640	-29,919.000000
5.450767	0.640	-29,803.000000
5.461433	0.640	-28,490.000000
5.472100	0.640	-28,185.000000
5.482767	0.640	-25,617.000000
5.493433	0.640	-22,376.000000
5.504100	0.640	-22,940.000000
5.514767	0.640	-25,760.000000
5.525433	0.640	-24,555.000000
5.536100	0.640	-20,568.000000
5.546767	0.640	-20,074.000000
5.557433	0.640	-21,396.000000
5.568100	0.640	-20,630.000000
5.578767	0.640	-20,752.000000
5.589433	0.640	-25,001.000000
5.600100	0.640	-29,229.000000
5.610767	0.640	-26,815.000000
5.621433	0.640	-20,283.000000
5.632100	0.640	-18,241.000000
5.642767	0.640	-20,467.000000
5.653433	0.640	-20,181.000000
5.664100	0.640	-17,579.000000
5.674767	0.640	-17,988.000000
5.685433	0.640	-21,420.000000
5.696100	0.640	-23,486.000000
5.706767	0.640	-22,850.000000
5.717433	0.640	-20,416.000000
5.728100	0.640	-17,783.000000
5.738767	0.640	-18,937.000000
5.749433	0.640	-24,224.000000
5.760100	0.640	-27,802.000000
5.770767	0.640	-26,740.000000
5.781433	0.640	-24,573.000000
5.792100	0.640	-24,075.000000
5.802767	0.640	-22,861.000000
5.813433	0.640	-18,604.000000
5.824100	0.640	-14,463.000000
5.834767	0.640	-13,538.000000
5.845433	0.640	-14,302.000000
5.856100	0.640	-16,653.000000
5.866767	0.640	-19,236.000000
5.877433	0.640	-18,678.000000
5.888100	0.640	-20,227.000000
5.898767	0.640	-27,478.000000
5.909433	0.640	-31,535.000000
5.920100	0.640	-27,414.000000
5.930767	0.640	-21,963.000000
5.941433	0.640	-21,287.000000
5.952100	0.640	-22,977.000000
5.962767	0.640	-22,558.000000
5.973433	0.640	-20,457.000000
5.984100	0.640	-18,150.000000
5.994767	0.640	-14,085.000000
6.005433	0.640	-8,648.000000
6.016100	0.640	-7,239.000000
6.026767	0.640	-11,670.000000
6.037433	0.640	-15,779.000000
6.048100	0.640	-16,631.000000
6.058767	0.640	-17,402.000000
6.069433	0.640	-17,412.000000
6.080100	0.640	-15,868.000000
6.090767	0.640	-16,162.000000
6.101433	0.640	-17,223.000000
6.112100	0.640	-17,113.000000
6.122767	0.640	-17,972.000000
6.133433	0.640	-18,875.000000
6.144100	0.640	-17,280.000000
6.154767	0.640	-14,275.000000
6.165433	0.640	-13,897.000000
6.176100	0.640	-18,301.000000
6.186767	0.640	-21,933.000000
6.197433	0.640	-19,248.000000
6.208100	0.640	-15,806.000000
6.218767	0.640	-18,622.000000
6.229433	0.640	-23,724.000000
6.240100	0.640	-24,618.000000
6.250767	0.640	-22,695.000000
6.261433	0.640	-21,668.000000
6.272100	0.640	-21,622.000000
6.282767	0.640	-22,086.000000
6.293433	0.640	-22,605.000000
6.304100	0.640	-22,110.000000
6.314767	0.640	-20,641.000000
6.325433	0.640	-17,963.000000
6.336100	0.640	-15,151.000000
6.346767	0.640	-15,984.000000
6.357433	0.640	-19,444.000000
6.368100	0.640	-19,795.000000
6.378767	0.640	-18,215.000000
6.389433	0.640	-19,677.000000
6.400100	0.640	-22,361.000000
6.410767	0.640	-22,935.000000
6.421433	0.640	-21,952.000000
6.432100	0.640	-21,325.000000
6.442767	0.640	-21,861.000000
6.453433	0.640	-20,967.000000
6.464100	0.640	-16,831.000000
6.474767	0.640	-13,374.000000
6.485433	0.640	-12,607.000000
6.496100	0.640	-11,310.000000
6.506767	0.640	-11,247.000000
6.517433	0.640	-15,192.000000
6.528100	0.640	-18,209.000000
6.538767	0.640	-17,220.000000
6.549433	0.640	-12,871.000000
6.560100	0.640	-5,589.000000
6.570767	0.640	-2,774.000000
6.581433	0.640	-10,568.000000
6.592100	0.640	-20,789.000000
6.602767	0.640	-24,769.000000
6.613433	0.640	-24,525.000000
6.624100	0.640	-22,139.000000
6.634767	0.640	-17,974.000000
6.645433	0.640	-18,002.000000
6.656100	0.640	-23,807.000000
6.666767	0.640	-26,192.000000
6.677433	0.640	-22,234.000000
6.688100	0.640	-19,303.000000
6.698767	0.640	-19,875.000000
6.709433	0.640	-20,817.000000
6.720100	0.640	-21,078.000000
6.730767	0.640	-20,104.000000
6.741433	0.640	-17,351.000000
6.752100	0.640	-14,952.000000
6.762767	0.640	-15,378.000000
6.773433	0.640	-18,726.000000
6.784100	0.640	-21,824.000000
6.794767	0.640	-21,105.000000
6.805433	0.640	-17,598.000000
6.816100	0.640	-15,273.000000
6.826767	0.640	-16,968.000000
6.837433	0.640	-20,919.000000
6.848100	0.640	-21,700.000000
6.858767	0.640	-19,904.000000
6.869433	0.640	-21,920.000000
6.880100	0.640	-26,968.000000
6.890767	0.640	-29,106.000000
6.901433	0.640	-28,778.000000
6.912100	0.640	-27,387.000000
6.922767	0.640	-23,737.000000
6.933433	0.640	-21,080.000000
6.944100	0.640	-20,546.000000
6.954767	0.640	-18,189.000000
6.965433	0.640	-16,671.000000
6.976100	0.640	-22,518.000000
6.986767	0.640	-31,093.000000
6.997433	0.640	-29,983.000000
7.008100	0.640	-19,606.000000
7.018767	0.640	-12,768.000000
7.029433	0.640	-13,597.000000
7.040100	0.640	-17,018.000000
7.050767	0.640	-20,218.000000
7.061433	0.640	-21,466.000000
7.072100	0.640	-19,448.000000
7.082767	0.640	-16,123.000000
7.093433	0.640	-15,888.000000
7.104100	0.640	-22,582.000000
7.114767	0.640	-32,131.000000
7.125433	0.640	-31,559.000000
7.136100	0.640	-18,291.000000
7.146767	0.640	-9,022.000000
7.157433	0.640	-12,900.000000
7.168100	0.640	-19,566.000000
7.178767	0.640	-21,673.000000
7.189433	0.640	-21,152.000000
7.200100	0.640	-19,842.000000
7.210767	0.640	-19,862.000000
7.221433	0.640	-21,768.000000
7.232100	0.640	-22,193.000000
7.242767	0.640	-20,013.000000
7.253433	0.640	-18,756.000000
7.264100	0.640	-21,281.000000
7.274767	0.640	-26,136.000000
7.285433	0.640	-28,910.000000
7.296100	0.640	-26,805.000000
7.306767	0.640	-21,796.000000
7.317433	0.640	-17,651.000000
7.328100	0.640	-15,649.000000
7.338767	0.640	-15,963.000000
7.349433	0.640	-19,085.000000
7.360100	0.640	-23,249.000000
7.370767	0.640	-24,741.000000
7.381433	0.640	-21,767.000000
7.392100	0.640	-17,080.000000
7.402767	0.640	-16,073.000000
7.413433	0.640	-17,926.000000
7.424100	0.640	-15,930.000000
7.434767	0.640	-12,924.000000
7.445433	0.640	-17,353.000000
7.456100	0.640	-24,430.000000
7.466767	0.640	-25,139.000000
7.477433	0.640	-21,771.000000
7.488100	0.640	-20,265.000000
7.498767	0.640	-22,176.000000
7.509433	0.640	-24,288.000000
7.520100	0.640	-22,988.000000
7.530767	0.640	-20,329.000000
7.541433	0.640	-18,814.000000
7.552100	0.640	-18,848.000000
7.562767	0.640	-21,596.000000
7.573433	0.640	-23,836.000000
7.584100	0.640	-21,750.000000
7.594767	0.640	-18,743.000000
7.605433	0.640	-19,050.000000
7.616100	0.640	-22,999.000000
7.626767	0.640	-26,495.000000
7.637433	0.640	-22,290.000000
7.648100	0.640	-11,874.000000
7.658767	0.640	-6,970.000000
7.669433	0.640	-11,265.000000
7.680100	0.640	-16,607.000000
7.690767	0.640	-20,039.000000
7.701433	0.640	-25,015.000000
7.712100	0.640	-29,239.000000
7.722767	0.640	-29,321.000000
7.733433	0.640	-27,155.000000
7.744100	0.640	-24,464.000000
7.754767	0.640	-22,054.000000
7.765433	0.640	-21,635.000000
7.776167	0.644	-22,644.000000
7.786767	0.636	-23,211.000000
7.797433	0.640	-23,993.000000
7.808100	0.640	-24,406.000000
7.818767	0.640	-21,635.000000
7.829433	0.640	-17,943.000000
7.840100	0.640	-18,359.000000
7.850767	0.640	-21,530.000000
7.861433	0.640	-22,730.000000
7.872100	0.640	-22,503.000000
7.882767	0.640	-23,981.000000
7.893433	0.640	-25,263.000000
7.904100	0.640	-22,954.000000
7.914767	0.640	-19,503.000000
7.925433	0.640	-19,926.000000
7.936100	0.640	-23,686.000000
7.946767	0.640	-24,271.000000
7.957433	0.640	-20,047.000000
7.968100	0.640	-18,581.000000
7.978767	0.640	-21,754.000000
7.989433	0.640	-22,385.000000
8.000100	0.640	-20,219.000000
8.010767	0.640	-20,627.000000
8.021433	0.640	-22,058.000000
8.032100	0.640	-20,947.000000
8.042767	0.640	-19,871.000000
8.053433	0.640	-21,274.000000
8.064100	0.640	-22,098.000000
8.074767	0.640	-18,736.000000
8.085433	0.640	-12,055.000000
8.096100	0.640	-9,099.000000
8.106767	0.640	-15,121.000000
8.117433	0.640	-23,360.000000
8.128100	0.640	-25,956.000000
8.138767	0.640	-26,616.000000
8.149433	0.640	-30,167.000000
8.160100	0.640	-32,291.000000
8.170767	0.640	-28,121.000000
8.181433	0.640	-21,925.000000
8.192100	0.640	-20,646.000000
8.202767	0.640	-23,636.000000
8.213433	0.640	-25,753.000000
8.224100	0.640	-24,043.000000
8.234767	0.640	-19,010.000000
8.245433	0.640	-14,904.000000
8.256100	0.640	-15,068.000000
8.266767	0.640	-18,375.000000
8.277433	0.640	-23,070.000000
8.288100	0.640	-26,225.000000
8.298767	0.640	-23,808.000000
8.309433	0.640	-18,614.000000
8.320100	0.640	-18,350.000000
8.330767	0.640	-23,752.000000
8.341433	0.640	-27,922.000000
8.352100	0.640	-26,422.000000
8.362767	0.640	-22,386.000000
8.373433	0.640	-21,009.000000
8.384100	0.640	-22,975.000000
8.394767	0.640	-26,276.000000
8.405433	0.640	-29,914.000000
8.416100	0.640	-32,216.000000
8.426767	0.640	-31,148.000000
8.437433	0.640	-28,301.000000
8.448100	0.640	-25,317.000000
8.458767	0.640	-20,048.000000
8.469433	0.640	-14,303.000000
8.480100	0.640	-14,627.000000
8.490767	0.640	-19,326.000000
8.501433	0.640	-20,701.000000
8.512100	0.640	-19,390.000000
8.522767	0.640	-19,793.000000
8.533433	0.640	-21,754.000000
8.544100	0.640	-25,214.000000
8.554767	0.640	-30,616.000000
8.565433	0.640	-36,412.000000
8.576100	0.640	-39,815.000000
8.586767	0.640	-37,840.000000
8.597433	0.640	-31,812.000000
8.608100	0.640	-27,459.000000
8.618767	0.640	-26,111.000000
8.629433	0.640	-23,308.000000
8.640100	0.640	-16,364.000000
8.650767	0.640	-8,561.000000
8.661433	0.640	-7,396.000000
8.672100	0.640	-14,080.000000
8.682767	0.640	-20,513.000000
8.693433	0.640	-22,505.000000
8.704100	0.640	-20,769.000000
8.714767	0.640	-13,898.000000
8.725433	0.640	-6,601.000000
8.736100	0.640	-9,294.000000
8.746767	0.640	-18,494.000000
8.757433	0.640	-20,617.000000
8.768100	0.640	-16,261.000000
8.778767	0.640	-15,560.000000
8.789433	0.640	-19,298.000000
8.800100	0.640	-22,310.000000
8.810767	0.640	-23,066.000000
8.821433	0.640	-22,586.000000
8.832100	0.640	-21,484.000000
8.842767	0.640	-20,232.000000
8.853433	0.640	-19,693.000000
8.864100	0.640	-19,309.000000
8.874767	0.640	-17,418.000000
8.885433	0.640	-15,624.000000
8.896100	0.640	-17,213.000000
8.906767	0.640	-20,933.000000
8.917433	0.640	-21,542.000000
8.928100	0.640	-17,081.000000
8.938767	0.640	-13,557.000000
8.949433	0.640	-16,508.000000
8.960100	0.640	-21,866.000000
8.970767	0.640	-23,745.000000
8.981433	0.640	-22,488.000000
8.992100	0.640	-20,960.000000
9.002767	0.640	-20,203.000000
9.013433	0.640	-20,479.000000
9.024100	0.640	-23,624.000000
9.034767	0.640	-29,169.000000
9.045433	0.640	-31,946.000000
9.056100	0.640	-28,913.000000
9.066767	0.640	-23,281.000000
9.077433	0.640	-19,061.000000
9.088100	0.640	-15,347.000000
9.098767	0.640	-11,487.000000
9.109433	0.640	-11,436.000000
9.120100	0.640	-14,842.000000
9.130767	0.640	-17,606.000000
9.141433	0.640	-21,194.000000
9.152100	0.640	-25,620.000000
9.162767	0.640	-24,958.000000
9.173433	0.640	-18,634.000000
9.184100	0.640	-13,757.000000
9.194767	0.640	-14,446.000000
9.205433	0.640	-18,907.000000
9.216100	0.640	-24,061.000000
9.226767	0.640	-23,935.000000
9.237433	0.640	-15,299.000000
9.248100	0.640	-7,581.000000
9.258767	0.640	-9,012.000000
9.269433	0.640	-14,868.000000
9.280100	0.640	-20,410.000000
9.290767	0.640	-24,915.000000
9.301433	0.640	-25,464.000000
9.312100	0.640	-21,317.000000
9.322767	0.640	-16,756.000000
9.333433	0.640	-14,819.000000
9.344100	0.640	-12,845.000000
9.354767	0.640	-8,937.000000
9.365433	0.640	-8,938.000000
9.376100	0.640	-15,754.000000
9.386767	0.640	-21,009.000000
9.397433	0.640	-19,296.000000
9.408100	0.640	-16,855.000000
9.418767	0.640	-19,545.000000
9.429433	0.640	-22,886.000000
9.440100	0.640	-19,287.000000
9.450767	0.640	-11,936.000000
9.461433	0.640	-10,843.000000
9.472100	0.640	-15,331.000000
9.482767	0.640	-15,793.000000
9.493433	0.640	-10,412.000000
9.504100	0.640	-7,052.000000
9.514767	0.640	-9,062.000000
9.525433	0.640	-9,235.000000
9.536100	0.640	-3,209.000000
9.546767	0.640	2,873.000000
9.557433	0.640	2,911.000000
9.568100	0.640	-1,050.000000
9.578767	0.640	-3,035.000000
9.589433	0.640	-2,493.000000
9.600100	0.640	-3,556.000000
9.610767	0.640	-6,447.000000
9.621433	0.640	-8,944.000000
9.632100	0.640	-9,802.000000
9.642767	0.640	-8,846.000000
9.653433	0.640	-8,288.000000
9.664100	0.640	-8,461.000000
9.674767	0.640	-6,663.000000
9.685433	0.640	-2,753.000000
9.696100	0.640	-4.000000
9.706767	0.640	-995.000000
9.717433	0.640	-3,380.000000
9.728100	0.640	-2,005.000000
9.738767	0.640	3,775.000000
9.749433	0.640	9,111.000000
9.760100	0.640	9,026.000000
9.770767	0.640	3,105.000000
9.781433	0.640	-2,215.000000
9.792100	0.640	-315.000000
9.802767	0.640	5,606.000000
9.813433	0.640	8,547.000000
9.824100	0.640	8,643.000000
9.834767	0.640	8,989.000000
9.845433	0.640	9,023.000000
9.856100	0.640	7,384.000000
9.866767	0.640	4,692.000000
9.877433	0.640	2,478.000000
9.888100	0.640	2,600.000000
9.898767	0.640	5,421.000000
9.909433	0.640	8,194.000000
9.920100	0.640	7,890.000000
9.930767	0.640	4,076.000000
9.941433	0.640	-824.000000
9.952100	0.640	-2,129.000000
9.962767	0.640	2,965.000000
9.973433	0.640	10,537.000000
9.984100	0.640	14,095.000000
9.994767	0.640	13,165.000000
10.005433	0.640	13,021.000000
10.016100	0.640	15,904.000000
10.026767	0.640	17,338.000000
10.037433	0.640	14,774.000000
10.048100	0.640	12,169.000000
10.058767	0.640	12,875.000000
10.069433	0.640	17,077.000000
10.080100	0.640	23,802.000000
10.090767	0.640	29,892.000000
10.101433	0.640	31,053.000000
10.112100	0.640	26,187.000000
10.122767	0.640	20,021.000000
10.133433	0.640	18,655.000000
10.144100	0.640	22,024.000000
10.154767	0.640	25,880.000000
10.165433	0.640	27,601.000000
10.176100	0.640	26,395.000000
10.186767	0.640	25,715.000000
10.197433	0.640	29,953.000000
10.208100	0.640	34,513.000000
10.218767	0.640	35,048.000000
10.229500	0.644	35,925.000000
10.240100	0.636	38,362.000000
10.250767	0.640	40,120.000000
10.261433	0.640	41,391.000000
10.272100	0.640	41,000.000000
10.282767	0.640	38,522.000000
10.293433	0.640	37,035.000000
10.304100	0.640	38,647.000000
10.314767	0.640	42,550.000000
10.325433	0.640	45,765.000000
10.336100	0.640	45,447.000000
10.346767	0.640	43,756.000000
10.357433	0.640	45,644.000000
10.368100	0.640	51,005.000000
10.378767	0.640	53,962.000000
10.389433	0.640	51,943.000000
10.400100	0.640	50,370.000000
10.410767	0.640	52,873.000000
10.421433	0.640	55,678.000000
10.432100	0.640	56,333.000000
10.442767	0.640	58,176.000000
10.453433	0.640	61,784.000000
10.464100	0.640	61,993.000000
10.474767	0.640	59,441.000000
10.485433	0.640	60,686.000000
10.496100	0.640	64,429.000000
10.506767	0.640	64,901.000000
10.517433	0.640	64,051.000000
10.528100	0.640	66,227.000000
10.538767	0.640	69,412.000000
10.549433	0.640	69,556.000000
10.560100	0.640	66,877.000000
10.570767	0.640	64,999.000000
10.581433	0.640	66,024.000000
10.592100	0.640	69,308.000000
10.602767	0.640	73,787.000000
10.613433	0.640	77,155.000000
10.624100	0.640	77,508.000000
10.634767	0.640	76,694.000000
10.645433	0.640	77,781.000000
10.656100	0.640	81,816.000000
10.666767	0.640	86,500.000000
10.677433	0.640	88,479.000000
10.688100	0.640	86,932.000000
10.698767	0.640	83,290.000000
10.709433	0.640	81,561.000000
10.720100	0.640	84,389.000000
10.730767	0.640	88,779.000000
10.741433	0.640	92,488.000000
10.752100	0.640	96,387.000000
10.762767	0.640	99,483.000000
10.773433	0.640	100,852.000000
10.784100	0.640	101,307.000000
10.794767	0.640	99,202.000000
10.805433	0.640	95,396.000000
10.816100	0.640	97,036.000000
10.826767	0.640	104,469.000000
10.837433	0.640	108,807.000000
10.848100	0.640	108,228.000000
10.858767	0.640	110,454.000000
10.869433	0.640	116,200.000000
10.880100	0.640	118,150.000000
10.890767	0.640	117,937.000000
10.901433	0.640	121,993.000000
10.912100	0.640	127,286.000000
10.922767	0.640	127,817.000000
10.933433	0.640	124,309.000000
10.944100	0.640	121,570.000000
10.954767	0.640	122,102.000000
10.965433	0.640	124,691.000000
10.976100	0.640	127,254.000000
10.986767	0.640	128,076.000000
10.997433	0.640	126,784.000000
11.008100	0.640	126,437.000000
11.018767	0.640	130,235.000000
11.029433	0.640	135,786.000000
11.040100	0.640	139,010.000000
11.050767	0.640	140,535.000000
11.061433	0.640	142,307.000000
11.072100	0.640	143,577.000000
11.082767	0.640	144,783.000000
11.093433	0.640	148,594.000000
11.104100	0.640	152,563.000000
11.114767	0.640	152,808.000000
11.125433	0.640	154,557.000000
11.136100	0.640	160,157.000000
11.146767	0.640	160,579.000000
11.157433	0.640	155,322.000000
11.168100	0.640	154,634.000000
11.178767	0.640	158,569.000000
11.189433	0.640	160,577.000000
11.200100	0.640	162,336.000000
11.210767	0.640	166,679.000000
11.221433	0.640	170,001.000000
11.232100	0.640	171,397.000000
11.242767	0.640	174,636.000000
11.253433	0.640	179,127.000000
11.264100	0.640	183,060.000000
11.274767	0.640	187,410.000000
11.285433	0.640	190,470.000000
11.296100	0.640	190,231.000000
11.306767	0.640	188,626.000000
11.317433	0.640	188,005.000000
11.328100	0.640	189,232.000000
11.338767	0.640	193,681.000000
11.349433	0.640	201,000.000000
11.360100	0.640	205,984.000000
11.370767	0.640	206,040.000000
11.381433	0.640	205,831.000000
11.392100	0.640	206,969.000000
11.402767	0.640	205,643.000000
11.413433	0.640	203,700.000000
11.424100	0.640	207,260.000000
11.434767	0.640	215,008.000000
11.445433	0.640	220,585.000000
11.456100	0.640	222,432.000000
11.466767	0.640	221,655.000000
11.477433	0.640	219,515.000000
11.488100	0.640	220,222.000000
11.498767	0.640	223,782.000000
11.509433	0.640	224,815.000000
11.520100	0.640	225,165.000000
11.530767	0.640	229,683.000000
11.541433	0.640	234,231.000000
11.552100	0.640	235,312.000000
11.562767	0.640	237,809.000000
11.573433	0.640	242,082.000000
11.584100	0.640	242,749.000000
11.594767	0.640	242,986.000000
11.605433	0.640	249,347.000000
11.616100	0.640	258,173.000000
11.626767	0.640	261,454.000000
11.637433	0.640	260,396.000000
11.648100	0.640	264,085.000000
11.658767	0.640	272,367.000000
11.669433	0.640	275,488.000000
11.680100	0.640	273,233.000000
11.690767	0.640	272,559.000000
11.701433	0.640	272,990.000000
11.712100	0.640	272,552.000000
11.722767	0.640	275,357.000000
11.733433	0.640	281,546.000000
11.744100	0.640	284,480.000000
11.754767	0.640	283,901.000000
11.765433	0.640	285,581.000000
11.776100	0.640	290,462.000000
11.786767	0.640	296,174.000000
11.797433	0.640	301,396.000000
11.808100	0.640	304,562.000000
11.818767	0.640	304,614.000000
11.829433	0.640	304,540.000000
11.840100	0.640	306,875.000000
11.850767	0.640	307,636.000000
11.861433	0.640	304,291.000000
11.872100	0.640	302,563.000000
11.882767	0.640	308,613.000000
11.893433	0.640	317,504.000000
11.904100	0.640	318,431.000000
11.914767	0.640	313,144.000000
11.925433	0.640	314,118.000000
11.936100	0.640	325,240.000000
11.946767	0.640	335,730.000000
11.957433	0.640	335,190.000000
11.968100	0.640	329,427.000000
11.978767	0.640	329,968.000000
11.989433	0.640	334,427.000000
12.000100	0.640	335,241.000000
12.010767	0.640	335,992.000000
12.021433	0.640	341,031.000000
12.032167	0.644	345,523.000000
12.042767	0.636	346,457.000000
12.053433	0.640	346,679.000000
12.064100	0.640	348,543.000000
12.074767	0.640	354,016.000000
12.085433	0.640	362,057.000000
12.096100	0.640	366,734.000000
12.106767	0.640	367,637.000000
12.117433	0.640	369,640.000000
12.128100	0.640	371,496.000000
12.138767	0.640	371,497.000000
12.149433	0.640	373,981.000000
12.160100	0.640	378,993.000000
12.170767	0.640	380,838.000000
12.181433	0.640	379,161.000000
12.192100	0.640	379,688.000000
12.202767	0.640	385,420.000000
12.213433	0.640	391,270.000000
12.224100	0.640	390,333.000000
12.234767	0.640	386,024.000000
12.245433	0.640	386,562.000000
12.256100	0.640	391,253.000000
12.266767	0.640	395,570.000000
12.277433	0.640	397,583.000000
12.288100	0.640	398,379.000000
12.298767	0.640	402,904.000000
12.309433	0.640	408,432.000000
12.320100	0.640	406,525.000000
12.330767	0.640	401,806.000000
12.341433	0.640	403,059.000000
12.352100	0.640	410,089.000000
12.362767	0.640	419,859.000000
12.373433	0.640	426,560.000000
12.384100	0.640	426,657.000000
12.394767	0.640	424,234.000000
12.405433	0.640	421,013.000000
12.416100	0.640	418,012.000000
12.426767	0.640	421,112.000000
12.437433	0.640	428,801.000000
12.448100	0.640	431,052.000000
12.458767	0.640	429,049.000000
12.469433	0.640	432,322.000000
12.480100	0.640	437,624.000000
12.490767	0.640	436,715.000000
12.501433	0.640	430,002.000000
12.512100	0.640	423,161.000000
12.522767	0.640	424,123.000000
12.533433	0.640	433,799.000000
12.544100	0.640	442,746.000000
12.554767	0.640	444,966.000000
12.565433	0.640	444,589.000000
12.576100	0.640	447,085.000000
12.586767	0.640	450,992.000000
12.597433	0.640	453,767.000000
12.608100	0.640	457,170.000000
12.618767	0.640	459,422.000000
12.629433	0.640	455,661.000000
12.640100	0.640	449,509.000000
12.650767	0.640	450,419.000000
12.661433	0.640	457,567.000000
12.672100	0.640	460,048.000000
12.682767	0.640	455,926.000000
12.693433	0.640	453,179.000000
12.704100	0.640	454,495.000000
12.714767	0.640	459,292.000000
12.725433	0.640	466,905.000000
12.736100	0.640	469,818.000000
12.746767	0.640	463,688.000000
12.757433	0.640	457,262.000000
12.768100	0.640	458,005.000000
12.778767	0.640	462,986.000000
12.789433	0.640	466,798.000000
12.800100	0.640	466,766.000000
12.810767	0.640	464,923.000000
12.821433	0.640	465,056.000000
12.832100	0.640	464,549.000000
12.842767	0.640	460,659.000000
12.853433	0.640	459,074.000000
12.864100	0.640	463,907.000000
12.874767	0.640	470,734.000000
12.885433	0.640	473,499.000000
12.896100	0.640	472,141.000000
12.906767	0.640	470,187.000000
12.917433	0.640	467,449.000000
12.928100	0.640	463,763.000000
12.938767	0.640	463,342.000000
12.949433	0.640	467,839.000000
12.960100	0.640	473,162.000000
12.970767	0.640	477,594.000000
12.981433	0.640	481,846.000000
12.992100	0.640	480,601.000000
13.002767	0.640	473,189.000000
13.013433	0.640	470,245.000000
13.024100	0.640	473,982.000000
13.034767	0.640	476,793.000000
13.045433	0.640	478,210.000000
13.056100	0.640	480,664.000000
13.066767	0.640	481,269.000000
13.077433	0.640	477,957.000000
13.088100	0.640	472,622.000000
13.098767	0.640	467,405.000000
13.109433	0.640	463,982.000000
13.120100	0.640	463,732.000000
13.130767	0.640	466,562.000000
13.141433	0.640	471,676.000000
13.152100	0.640	476,841.000000
13.162767	0.640	478,125.000000
13.173433	0.640	473,672.000000
13.184100	0.640	465,178.000000
13.194767	0.640	455,865.000000
13.205433	0.640	450,669.000000
13.216100	0.640	453,769.000000
13.226767	0.640	460,163.000000
13.237433	0.640	459,760.000000
13.248100	0.640	453,634.000000
13.258767	0.640	451,427.000000
13.269433	0.640	454,372.000000
13.280100	0.640	456,878.000000
13.290767	0.640	458,261.000000
13.301433	0.640	460,526.000000
13.312100	0.640	461,595.000000
13.322767	0.640	458,258.000000
13.333433	0.640	452,985.000000
13.344100	0.640	451,360.000000
13.354767	0.640	452,114.000000
13.365433	0.640	449,469.000000
13.376100	0.640	444,933.000000
13.386767	0.640	444,853.000000
13.397433	0.640	448,799.000000
13.408100	0.640	449,185.000000
13.418767	0.640	443,064.000000
13.429433	0.640	438,361.000000
13.440100	0.640	442,103.000000
13.450767	0.640	448,585.000000
13.461433	0.640	448,785.000000
13.472100	0.640	443,961.000000
13.482767	0.640	439,701.000000
13.493433	0.640	436,384.000000
13.504100	0.640	432,012.000000
13.514767	0.640	427,589.000000
13.525433	0.640	427,881.000000
13.536100	0.640	435,660.000000
13.546767	0.640	445,733.000000
13.557433	0.640	450,027.000000
13.568100	0.640	448,044.000000
13.578767	0.640	446,084.000000
13.589433	0.640	447,375.000000
13.600100	0.640	450,529.000000
13.610767	0.640	456,462.000000
13.621433	0.640	469,851.000000
13.632100	0.640	493,841.000000
13.642767	0.640	525,516.000000
13.653433	0.640	560,099.000000
13.664100	0.640	601,538.000000
13.674767	0.640	656,639.000000
13.685433	0.640	723,069.000000
13.696100	0.640	798,322.000000
13.706767	0.640	884,807.000000
13.717433	0.640	979,783.000000
13.728100	0.640	1,072,739.000000
13.738767	0.640	1,150,923.000000
13.749433	0.640	1,207,560.000000
13.760100	0.640	1,242,087.000000
13.770767	0.640	1,249,437.000000
13.781433	0.640	1,223,214.000000
13.792100	0.640	1,167,758.000000
13.802767	0.640	1,092,395.000000
13.813433	0.640	1,000,036.000000
13.824100	0.640	893,262.000000
13.834767	0.640	784,352.000000
13.845433	0.640	686,545.000000
13.856100	0.640	606,067.000000
13.866767	0.640	546,499.000000
13.877433	0.640	503,867.000000
13.888100	0.640	468,059.000000
13.898767	0.640	438,243.000000
13.909433	0.640	418,893.000000
13.920100	0.640	407,656.000000
13.930767	0.640	400,249.000000
13.941433	0.640	394,834.000000
13.952100	0.640	389,957.000000
13.962767	0.640	385,667.000000
13.973433	0.640	383,100.000000
13.984100	0.640	382,184.000000
13.994767	0.640	382,186.000000
14.005433	0.640	382,694.000000
14.016100	0.640	383,748.000000
14.026767	0.640	385,559.000000
14.037433	0.640	385,489.000000
14.048100	0.640	379,982.000000
14.058767	0.640	372,109.000000
14.069433	0.640	367,276.000000
14.080100	0.640	365,707.000000
14.090767	0.640	366,242.000000
14.101433	0.640	366,250.000000
14.112100	0.640	362,636.000000
14.122767	0.640	360,851.000000
14.133433	0.640	365,993.000000
14.144100	0.640	371,262.000000
14.154767	0.640	369,517.000000
14.165433	0.640	360,422.000000
14.176100	0.640	347,629.000000
14.186767	0.640	337,792.000000
14.197433	0.640	334,767.000000
14.208100	0.640	336,694.000000
14.218767	0.640	339,991.000000
14.229433	0.640	342,763.000000
14.240100	0.640	344,594.000000
14.250767	0.640	344,418.000000
14.261433	0.640	341,148.000000
14.272100	0.640	335,719.000000
14.282767	0.640	331,007.000000
14.293433	0.640	330,663.000000
14.304100	0.640	336,014.000000
14.314767	0.640	341,805.000000
14.325433	0.640	340,579.000000
14.336100	0.640	332,581.000000
14.346767	0.640	324,575.000000
14.357433	0.640	320,133.000000
14.368100	0.640	317,278.000000
14.378767	0.640	314,185.000000
14.389433	0.640	311,973.000000
14.400100	0.640	311,412.000000
14.410767	0.640	310,140.000000
14.421433	0.640	306,409.000000
14.432100	0.640	302,861.000000
14.442767	0.640	302,579.000000
14.453500	0.644	303,845.000000
14.464100	0.636	302,573.000000
14.474767	0.640	299,134.000000
14.485433	0.640	297,644.000000
14.496100	0.640	298,104.000000
14.506767	0.640	296,743.000000
14.517433	0.640	294,746.000000
14.528100	0.640	295,195.000000
14.538767	0.640	294,836.000000
14.549433	0.640	290,599.000000
14.560100	0.640	284,585.000000
14.570767	0.640	277,693.000000
14.581433	0.640	269,345.000000
14.592100	0.640	262,098.000000
14.602767	0.640	258,742.000000
14.613433	0.640	258,254.000000
14.624100	0.640	257,370.000000
14.634767	0.640	255,057.000000
14.645433	0.640	254,717.000000
14.656100	0.640	256,740.000000
14.666767	0.640	254,618.000000
14.677433	0.640	247,243.000000
14.688100	0.640	242,274.000000
14.698767	0.640	241,954.000000
14.709433	0.640	240,907.000000
14.720100	0.640	237,924.000000
14.730767	0.640	235,985.000000
14.741433	0.640	234,170.000000
14.752100	0.640	230,084.000000
14.762767	0.640	223,409.000000
14.773433	0.640	213,535.000000
14.784100	0.640	204,578.000000
14.794767	0.640	206,409.000000
14.805433	0.640	218,112.000000
14.816100	0.640	225,154.000000
14.826767	0.640	220,005.000000
14.837433	0.640	208,086.000000
14.848100	0.640	198,186.000000
14.858767	0.640	197,048.000000
14.869433	0.640	200,876.000000
14.880100	0.640	198,373.000000
14.890767	0.640	188,767.000000
14.901433	0.640	179,741.000000
14.912100	0.640	174,098.000000
14.922767	0.640	173,212.000000
14.933433	0.640	179,644.000000
14.944100	0.640	187,731.000000
14.954767	0.640	186,846.000000
14.965433	0.640	176,989.000000
14.976100	0.640	166,176.000000
14.986767	0.640	158,403.000000
14.997433	0.640	154,342.000000
15.008100	0.640	152,857.000000
15.018767	0.640	152,439.000000
15.029433	0.640	153,704.000000
15.040100	0.640	152,757.000000
15.050767	0.640	144,354.000000
15.061433	0.640	135,289.000000
15.072100	0.640	134,438.000000
15.082767	0.640	135,837.000000
15.093433	0.640	130,023.000000
15.104100	0.640	120,923.000000
15.114767	0.640	117,865.000000
15.125433	0.640	119,106.000000
15.136100	0.640	117,419.000000
15.146767	0.640	113,952.000000
15.157433	0.640	111,443.000000
15.168100	0.640	108,914.000000
15.178767	0.640	106,894.000000
15.189433	0.640	103,593.000000
15.200100	0.640	96,980.000000
15.210767	0.640	92,386.000000
15.221433	0.640	94,088.000000
15.232100	0.640	97,144.000000
15.242767	0.640	96,963.000000
15.253433	0.640	95,177.000000
15.264100	0.640	92,474.000000
15.274767	0.640	89,113.000000
15.285433	0.640	87,322.000000
15.296100	0.640	85,699.000000
15.306767	0.640	82,078.000000
15.317433	0.640	79,001.000000
15.328100	0.640	79,344.000000
15.338767	0.640	82,510.000000
15.349433	0.640	86,339.000000
15.360100	0.640	89,064.000000
15.370767	0.640	89,293.000000
15.381433	0.640	87,260.000000
15.392100	0.640	85,592.000000
15.402767	0.640	87,611.000000
15.413433	0.640	93,081.000000
15.424100	0.640	96,165.000000
15.434767	0.640	93,474.000000
15.445433	0.640	87,547.000000
15.456100	0.640	80,158.000000
15.466767	0.640	72,823.000000
15.477433	0.640	68,258.000000
15.488100	0.640	66,336.000000
15.498767	0.640	64,741.000000
15.509433	0.640	60,807.000000
15.520100	0.640	53,137.000000
15.530767	0.640	44,772.000000
15.541433	0.640	38,848.000000
15.552100	0.640	33,601.000000
15.562767	0.640	28,878.000000
15.573433	0.640	27,752.000000
15.584100	0.640	28,976.000000
15.594767	0.640	30,371.000000
15.605433	0.640	32,780.000000
15.616100	0.640	35,930.000000
15.626767	0.640	40,999.000000
15.637433	0.640	52,630.000000
15.648100	0.640	73,790.000000
15.658767	0.640	101,668.000000
15.669433	0.640	130,441.000000
15.680100	0.640	158,230.000000
15.690767	0.640	184,491.000000
15.701433	0.640	204,314.000000
15.712100	0.640	214,187.000000
15.722767	0.640	216,356.000000
15.733433	0.640	212,564.000000
15.744100	0.640	202,000.000000
15.754767	0.640	184,649.000000
15.765433	0.640	158,406.000000
15.776100	0.640	123,224.000000
15.786767	0.640	89,548.000000
15.797433	0.640	66,746.000000
15.808100	0.640	49,811.000000
15.818767	0.640	31,614.000000
15.829433	0.640	17,045.000000
15.840100	0.640	11,265.000000
15.850767	0.640	9,558.000000
15.861433	0.640	9,351.000000
15.872100	0.640	12,141.000000
15.882767	0.640	12,453.000000
15.893433	0.640	6,911.000000
15.904100	0.640	3,113.000000
15.914767	0.640	2,559.000000
15.925433	0.640	-415.000000
15.936100	0.640	-1,275.000000
15.946767	0.640	3,447.000000
15.957433	0.640	5,351.000000
15.968100	0.640	1,528.000000
15.978767	0.640	-1,149.000000
15.989433	0.640	915.000000
16.000100	0.640	4,019.000000
16.010767	0.640	2,065.000000
16.021433	0.640	-5,224.000000
16.032100	0.640	-10,170.000000
16.042767	0.640	-7,298.000000
16.053433	0.640	232.000000
16.064100	0.640	5,477.000000
16.074767	0.640	4,716.000000
16.085433	0.640	1,308.000000
16.096100	0.640	-371.000000
16.106767	0.640	-348.000000
16.117433	0.640	1,045.000000
16.128100	0.640	1,492.000000
16.138767	0.640	-701.000000
16.149433	0.640	-218.000000
16.160100	0.640	3,589.000000
16.170767	0.640	3,663.000000
16.181433	0.640	594.000000
16.192100	0.640	1,406.000000
16.202767	0.640	5,088.000000
16.213433	0.640	4,013.000000
16.224100	0.640	-1,573.000000
16.234767	0.640	-4,464.000000
16.245433	0.640	-2,903.000000
16.256100	0.640	773.000000
16.266767	0.640	4,753.000000
16.277433	0.640	5,134.000000
16.288100	0.640	516.000000
16.298767	0.640	-1,290.000000
16.309433	0.640	4,428.000000
16.320100	0.640	8,874.000000
16.330767	0.640	6,176.000000
16.341433	0.640	2,501.000000
16.352100	0.640	3,106.000000
16.362767	0.640	5,600.000000
16.373433	0.640	5,430.000000
16.384100	0.640	2,308.000000
16.394767	0.640	-1,275.000000
16.405433	0.640	-4,163.000000
16.416100	0.640	-5,066.000000
16.426767	0.640	-2,436.000000
16.437433	0.640	1,982.000000
16.448100	0.640	3,931.000000
16.458767	0.640	3,003.000000
16.469433	0.640	1,449.000000
16.480100	0.640	-1,596.000000
16.490767	0.640	-5,151.000000
16.501433	0.640	-4,710.000000
16.512100	0.640	-1,086.000000
16.522767	0.640	-31.000000
16.533433	0.640	-3,010.000000
16.544100	0.640	-5,567.000000
16.554767	0.640	-2,670.000000
16.565433	0.640	4,819.000000
16.576100	0.640	9,506.000000
16.586767	0.640	8,452.000000
16.597433	0.640	6,994.000000
16.608100	0.640	7,416.000000
16.618767	0.640	7,174.000000
16.629433	0.640	5,576.000000
16.640100	0.640	1,517.000000
16.650767	0.640	-3,989.000000
16.661433	0.640	-4,365.000000
16.672100	0.640	549.000000
16.682767	0.640	2,232.000000
16.693433	0.640	-1,339.000000
16.704100	0.640	-4,692.000000
16.714767	0.640	-5,741.000000
16.725433	0.640	-5,367.000000
16.736100	0.640	-4,827.000000
16.746767	0.640	-5,944.000000
16.757433	0.640	-7,171.000000
16.768100	0.640	-6,116.000000
16.778767	0.640	-5,449.000000
16.789433	0.640	-7,714.000000
16.800100	0.640	-8,938.000000
16.810767	0.640	-4,523.000000
16.821433	0.640	3,593.000000
16.832100	0.640	8,541.000000
16.842767	0.640	6,132.000000
16.853433	0.640	958.000000
16.864100	0.640	-584.000000
16.874767	0.640	1,329.000000
16.885433	0.640	3,075.000000
16.896100	0.640	3,131.000000
16.906767	0.640	2,984.000000
16.917500	0.644	2,271.000000
16.928100	0.636	-319.000000
16.938767	0.640	-2,560.000000
16.949433	0.640	-3,435.000000
16.960100	0.640	-4,084.000000
16.970767	0.640	-3,595.000000
16.981433	0.640	-1,680.000000
16.992100	0.640	-27.000000
17.002767	0.640	1,711.000000
17.013433	0.640	4,912.000000
17.024100	0.640	6,919.000000
17.034767	0.640	5,819.000000
17.045433	0.640	6,995.000000
17.056100	0.640	11,523.000000
17.066767	0.640	10,721.000000
17.077433	0.640	5,002.000000
17.088100	0.640	4,994.000000
17.098767	0.640	9,210.000000
17.109433	0.640	7,472.000000
17.120100	0.640	1,832.000000
17.130767	0.640	916.000000
17.141433	0.640	5,101.000000
17.152100	0.640	11,000.000000
17.162767	0.640	15,746.000000
17.173433	0.640	14,122.000000
17.184100	0.640	5,625.000000
17.194767	0.640	-599.000000
17.205433	0.640	2,048.000000
17.216100	0.640	10,481.000000
17.226767	0.640	19,043.000000
17.237433	0.640	24,055.000000
17.248100	0.640	25,116.000000
17.258767	0.640	24,360.000000
17.269433	0.640	23,810.000000
17.280100	0.640	25,446.000000
17.290767	0.640	28,569.000000
17.301433	0.640	29,788.000000
17.312100	0.640	29,206.000000
17.322767	0.640	29,135.000000
17.333433	0.640	29,889.000000
17.344100	0.640	31,349.000000
17.354767	0.640	33,171.000000
17.365433	0.640	34,580.000000
17.376100	0.640	35,445.000000
17.386767	0.640	34,895.000000
17.397433	0.640	32,500.000000
17.408100	0.640	31,522.000000
17.418767	0.640	33,575.000000
17.429433	0.640	34,868.000000
17.440100	0.640	34,286.000000
17.450767	0.640	34,425.000000
17.461433	0.640	35,372.000000
17.472100	0.640	36,849.000000
17.482767	0.640	39,773.000000
17.493433	0.640	43,015.000000
17.504100	0.640	44,498.000000
17.514767	0.640	43,210.000000
17.525433	0.640	39,237.000000
17.536100	0.640	35,606.000000
17.546767	0.640	35,349.000000
17.557433	0.640	37,784.000000
17.568100	0.640	40,917.000000
17.578767	0.640	41,533.000000
17.589433	0.640	38,048.000000
17.600100	0.640	33,527.000000
17.610767	0.640	30,126.000000
17.621433	0.640	27,553.000000
17.632100	0.640	26,315.000000
17.642767	0.640	28,157.000000
17.653433	0.640	32,833.000000
17.664100	0.640	36,114.000000
17.674767	0.640	35,740.000000
17.685433	0.640	33,268.000000
17.696100	0.640	30,381.000000
17.706767	0.640	29,996.000000
17.717433	0.640	32,049.000000
17.728100	0.640	31,570.000000
17.738767	0.640	29,660.000000
17.749433	0.640	32,743.000000
17.760100	0.640	38,663.000000
17.770767	0.640	40,776.000000
17.781433	0.640	42,426.000000
17.792100	0.640	48,621.000000
17.802767	0.640	53,143.000000
17.813433	0.640	49,888.000000
17.824100	0.640	43,988.000000
17.834767	0.640	42,329.000000
17.845433	0.640	41,987.000000
17.856100	0.640	37,047.000000
17.866767	0.640	30,472.000000
17.877433	0.640	26,976.000000
17.888100	0.640	24,430.000000
17.898767	0.640	21,886.000000
17.909433	0.640	23,550.000000
17.920100	0.640	29,823.000000
17.930767	0.640	35,703.000000
17.941433	0.640	38,385.000000
17.952100	0.640	37,490.000000
17.962767	0.640	33,381.000000
17.973433	0.640	28,808.000000
17.984100	0.640	28,063.000000
17.994767	0.640	32,489.000000
18.005433	0.640	38,080.000000
18.016100	0.640	42,165.000000
18.026767	0.640	44,905.000000
18.037433	0.640	44,270.000000
18.048100	0.640	40,657.000000
18.058767	0.640	37,905.000000
18.069433	0.640	35,202.000000
18.080100	0.640	30,136.000000
18.090767	0.640	25,856.000000
18.101433	0.640	24,609.000000
18.112100	0.640	23,078.000000
18.122767	0.640	20,243.000000
18.133433	0.640	19,029.000000
18.144100	0.640	19,502.000000
18.154767	0.640	19,621.000000
18.165433	0.640	18,869.000000
18.176100	0.640	18,274.000000
18.186767	0.640	19,340.000000
18.197433	0.640	21,792.000000
18.208100	0.640	25,286.000000
18.218767	0.640	30,407.000000
18.229433	0.640	35,186.000000
18.240100	0.640	39,317.000000
18.250767	0.640	48,650.000000
18.261433	0.640	67,039.000000
18.272100	0.640	91,954.000000
18.282767	0.640	123,626.000000
18.293433	0.640	167,567.000000
18.304167	0.644	223,889.000000
18.314767	0.636	286,764.000000
18.325433	0.640	352,682.000000
18.336100	0.640	415,149.000000
18.346767	0.640	461,663.000000
18.357433	0.640	484,422.000000
18.368100	0.640	481,992.000000
18.378767	0.640	454,303.000000
18.389433	0.640	405,224.000000
18.400100	0.640	343,473.000000
18.410767	0.640	278,173.000000
18.421433	0.640	217,696.000000
18.432100	0.640	168,070.000000
18.442767	0.640	127,997.000000
18.453433	0.640	94,658.000000
18.464100	0.640	71,529.000000
18.474767	0.640	59,911.000000
18.485433	0.640	53,772.000000
18.496100	0.640	47,296.000000
18.506767	0.640	39,202.000000
18.517433	0.640	32,768.000000
18.528100	0.640	31,762.000000
18.538767	0.640	34,150.000000
18.549433	0.640	34,927.000000
18.560100	0.640	33,054.000000
18.570767	0.640	30,596.000000
18.581433	0.640	28,483.000000
18.592100	0.640	25,324.000000
18.602767	0.640	20,253.000000
18.613433	0.640	16,590.000000
18.624100	0.640	17,392.000000
18.634767	0.640	19,100.000000
18.645433	0.640	17,970.000000
18.656100	0.640	17,351.000000
18.666767	0.640	20,773.000000
18.677433	0.640	25,426.000000
18.688100	0.640	25,575.000000
18.698767	0.640	19,334.000000
18.709433	0.640	13,178.000000
18.720100	0.640	13,524.000000
18.730767	0.640	16,122.000000
18.741433	0.640	14,408.000000
18.752100	0.640	11,382.000000
18.762767	0.640	13,420.000000
18.773433	0.640	18,495.000000
18.784100	0.640	19,185.000000
18.794767	0.640	14,720.000000
18.805433	0.640	12,606.000000
18.816100	0.640	17,361.000000
18.826767	0.640	23,364.000000
18.837433	0.640	22,475.000000
18.848100	0.640	16,659.000000
18.858767	0.640	14,876.000000
18.869433	0.640	17,906.000000
18.880100	0.640	20,068.000000
18.890767	0.640	20,111.000000
18.901433	0.640	18,692.000000
18.912100	0.640	16,538.000000
18.922767	0.640	15,992.000000
18.933433	0.640	15,253.000000
18.944100	0.640	11,112.000000
18.954767	0.640	7,327.000000
18.965433	0.640	7,728.000000
18.976100	0.640	9,739.000000
18.986767	0.640	11,561.000000
18.997433	0.640	13,518.000000
19.008100	0.640	13,243.000000
19.018767	0.640	9,661.000000
19.029433	0.640	5,449.000000
19.040100	0.640	2,162.000000
19.050767	0.640	226.000000
19.061433	0.640	1,430.000000
19.072100	0.640	5,931.000000
19.082767	0.640	9,616.000000
19.093433	0.640	9,250.000000
19.104100	0.640	6,922.000000
19.114767	0.640	5,926.000000
19.125433	0.640	7,920.000000
19.136100	0.640	11,609.000000
19.146767	0.640	13,455.000000
19.157433	0.640	13,311.000000
19.168100	0.640	11,147.000000
19.178767	0.640	5,940.000000
19.189433	0.640	2,772.000000
19.200100	0.640	5,510.000000
19.210767	0.640	9,858.000000
19.221433	0.640	11,136.000000
19.232100	0.640	8,683.000000
19.242767	0.640	5,038.000000
19.253433	0.640	3,614.000000
19.264100	0.640	4,090.000000
19.274767	0.640	3,403.000000
19.285433	0.640	619.000000
19.296100	0.640	-3,231.000000
19.306767	0.640	-5,163.000000
19.317433	0.640	-1,490.000000
19.328100	0.640	4,138.000000
19.338767	0.640	6,099.000000
19.349433	0.640	8,416.000000
19.360100	0.640	11,918.000000
19.370767	0.640	8,295.000000
19.381433	0.640	-434.000000
19.392100	0.640	-1,590.000000
19.402767	0.640	6,040.000000
19.413433	0.640	9,716.000000
19.424100	0.640	4,778.000000
19.434767	0.640	372.000000
19.445433	0.640	1,928.000000
19.456100	0.640	5,900.000000
19.466767	0.640	7,271.000000
19.477433	0.640	5,001.000000
19.488100	0.640	3,687.000000
19.498767	0.640	5,051.000000
19.509433	0.640	4,229.000000
19.520100	0.640	243.000000
19.530767	0.640	-2,165.000000
19.541433	0.640	-1,166.000000
19.552100	0.640	1,931.000000
19.562767	0.640	6,145.000000
19.573433	0.640	7,568.000000
19.584100	0.640	3,181.000000
19.594767	0.640	-2,084.000000
19.605433	0.640	-2,646.000000
19.616100	0.640	616.000000
19.626767	0.640	4,145.000000
19.637433	0.640	5,983.000000
19.648100	0.640	6,550.000000
19.658767	0.640	6,365.000000
19.669433	0.640	4,164.000000
19.680100	0.640	2,123.000000
19.690767	0.640	3,935.000000
19.701433	0.640	4,389.000000
19.712100	0.640	-1,727.000000
19.722767	0.640	-6,884.000000
19.733433	0.640	-3,514.000000
19.744100	0.640	2,412.000000
19.754767	0.640	1,987.000000
19.765433	0.640	-2,805.000000
19.776100	0.640	-3,706.000000
19.786767	0.640	1,497.000000
19.797433	0.640	6,748.000000
19.808100	0.640	7,230.000000
19.818767	0.640	3,342.000000
19.829433	0.640	-3,363.000000
19.840100	0.640	-8,081.000000
19.850767	0.640	-6,068.000000
19.861433	0.640	-734.000000
19.872100	0.640	2,909.000000
19.882767	0.640	4,382.000000
19.893433	0.640	3,200.000000
19.904100	0.640	-364.000000
19.914767	0.640	-1,461.000000
19.925433	0.640	1,783.000000
19.936100	0.640	1,555.000000
19.946767	0.640	-5,452.000000
19.957433	0.640	-9,582.000000
19.968100	0.640	-6,031.000000
19.978767	0.640	-425.000000
19.989433	0.640	3,606.000000
20.000100	0.640	4,259.000000
20.010767	0.640	333.000000
20.021433	0.640	-4,133.000000
20.032100	0.640	-5,784.000000
20.042767	0.640	-7,646.000000
20.053433	0.640	-10,955.000000
20.064100	0.640	-10,741.000000
20.074767	0.640	-6,740.000000
20.085433	0.640	-5,684.000000
20.096100	0.640	-9,117.000000
20.106767	0.640	-12,256.000000
20.117433	0.640	-12,425.000000
20.128100	0.640	-10,323.000000
20.138767	0.640	-7,923.000000
20.149433	0.640	-8,446.000000
20.160100	0.640	-12,505.000000
20.170767	0.640	-14,073.000000
20.181433	0.640	-9,202.000000
20.192100	0.640	-4,109.000000
20.202767	0.640	-4,643.000000
20.213433	0.640	-8,007.000000
20.224100	0.640	-9,558.000000
20.234767	0.640	-8,649.000000
20.245433	0.640	-6,873.000000
20.256100	0.640	-4,961.000000
20.266767	0.640	-4,001.000000
20.277433	0.640	-3,902.000000
20.288100	0.640	-2,927.000000
20.298767	0.640	-3,167.000000
20.309433	0.640	-6,618.000000
20.320100	0.640	-9,895.000000
20.330767	0.640	-9,159.000000
20.341433	0.640	-4,914.000000
20.352100	0.640	-2,559.000000
20.362767	0.640	-5,703.000000
20.373433	0.640	-9,229.000000
20.384100	0.640	-6,528.000000
20.394767	0.640	1,269.000000
20.405433	0.640	7,983.000000
20.416100	0.640	9,470.000000
20.426767	0.640	8,741.000000
20.437433	0.640	12,573.000000
20.448100	0.640	20,341.000000
20.458767	0.640	28,044.000000
20.469433	0.640	39,467.000000
20.480100	0.640	56,270.000000
20.490767	0.640	73,979.000000
20.501433	0.640	96,018.000000
20.512100	0.640	130,855.000000
20.522767	0.640	178,196.000000
20.533433	0.640	233,450.000000
20.544100	0.640	299,881.000000
20.554767	0.640	384,427.000000
20.565433	0.640	490,504.000000
20.576100	0.640	621,254.000000
20.586767	0.640	781,408.000000
20.597433	0.640	977,403.000000
20.608100	0.640	1,219,165.000000
20.618767	0.640	1,520,933.000000
20.629433	0.640	1,900,596.000000
20.640100	0.640	2,379,387.000000
20.650767	0.640	2,985,576.000000
20.661433	0.640	3,762,856.000000
20.672100	0.640	4,770,197.000000
20.682767	0.640	6,060,288.000000
20.693433	0.640	7,660,913.000000
20.704100	0.640	9,577,805.000000
20.714767	0.640	11,784,155.000000
20.725433	0.640	14,192,592.000000
20.736100	0.640	16,648,961.000000
20.746767	0.640	18,950,319.000000
20.757433	0.640	20,882,950.000000
20.768100	0.640	22,252,140.000000
20.778767	0.640	22,895,808.000000
20.789433	0.640	22,740,525.000000
20.800100	0.640	21,835,885.000000
20.810767	0.640	20,296,636.000000
20.821433	0.640	18,274,086.000000
20.832100	0.640	15,977,975.000000
20.842767	0.640	13,623,814.000000
20.853433	0.640	11,377,888.000000
20.864100	0.640	9,378,663.000000
20.874767	0.640	7,715,596.000000
20.885433	0.640	6,388,771.000000
20.896100	0.640	5,348,922.000000
20.906767	0.640	4,546,212.000000
20.917433	0.640	3,938,284.000000
20.928100	0.640	3,490,004.000000
20.938767	0.640	3,166,154.000000
20.949433	0.640	2,927,780.000000
20.960100	0.640	2,744,787.000000
20.970767	0.640	2,599,037.000000
20.981433	0.640	2,477,422.000000
20.992100	0.640	2,373,982.000000
21.002767	0.640	2,286,827.000000
21.013433	0.640	2,209,300.000000
21.024100	0.640	2,137,114.000000
21.034767	0.640	2,072,252.000000
21.045433	0.640	2,013,253.000000
21.056100	0.640	1,957,196.000000
21.066767	0.640	1,905,671.000000
21.077433	0.640	1,859,826.000000
21.088100	0.640	1,816,342.000000
21.098767	0.640	1,771,267.000000
21.109433	0.640	1,725,555.000000
21.120100	0.640	1,683,710.000000
21.130767	0.640	1,646,535.000000
21.141433	0.640	1,611,710.000000
21.152100	0.640	1,577,671.000000
21.162767	0.640	1,542,158.000000
21.173433	0.640	1,508,044.000000
21.184100	0.640	1,481,292.000000
21.194767	0.640	1,458,595.000000
21.205433	0.640	1,434,543.000000
21.216100	0.640	1,408,857.000000
21.226767	0.640	1,381,758.000000
21.237433	0.640	1,355,927.000000
21.248100	0.640	1,333,468.000000
21.258767	0.640	1,311,273.000000
21.269433	0.640	1,287,591.000000
21.280100	0.640	1,263,735.000000
21.290767	0.640	1,239,806.000000
21.301433	0.640	1,216,019.000000
21.312100	0.640	1,194,758.000000
21.322767	0.640	1,179,754.000000
21.333433	0.640	1,171,422.000000
21.344100	0.640	1,163,097.000000
21.354767	0.640	1,148,419.000000
21.365433	0.640	1,129,117.000000
21.376100	0.640	1,110,762.000000
21.386767	0.640	1,097,728.000000
21.397433	0.640	1,093,606.000000
21.408100	0.640	1,097,256.000000
21.418767	0.640	1,098,017.000000
21.429433	0.640	1,085,802.000000
21.440100	0.640	1,066,837.000000
21.450767	0.640	1,056,030.000000
21.461433	0.640	1,053,950.000000
21.472100	0.640	1,049,565.000000
21.482767	0.640	1,041,160.000000
21.493433	0.640	1,037,219.000000
21.504100	0.640	1,040,640.000000
21.514767	0.640	1,039,464.000000
21.525433	0.640	1,023,279.000000
21.536100	0.640	1,004,364.000000
21.546767	0.640	996,958.000000
21.557433	0.640	994,650.000000
21.568100	0.640	989,158.000000
21.578767	0.640	979,852.000000
21.589433	0.640	967,149.000000
21.600100	0.640	955,407.000000
21.610767	0.640	945,561.000000
21.621433	0.640	931,401.000000
21.632100	0.640	913,886.000000
21.642767	0.640	901,190.000000
21.653433	0.640	893,985.000000
21.664100	0.640	885,760.000000
21.674767	0.640	873,521.000000
21.685433	0.640	859,898.000000
21.696100	0.640	847,044.000000
21.706767	0.640	832,684.000000
21.717433	0.640	816,399.000000
21.728100	0.640	802,959.000000
21.738767	0.640	793,458.000000
21.749433	0.640	783,448.000000
21.760100	0.640	772,201.000000
21.770767	0.640	763,151.000000
21.781433	0.640	757,144.000000
21.792100	0.640	752,348.000000
21.802767	0.640	745,270.000000
21.813433	0.640	733,980.000000
21.824100	0.640	721,212.000000
21.834767	0.640	709,042.000000
21.845433	0.640	698,993.000000
21.856100	0.640	694,555.000000
21.866767	0.640	694,650.000000
21.877433	0.640	692,973.000000
21.888100	0.640	685,877.000000
21.898767	0.640	674,303.000000
21.909433	0.640	660,519.000000
21.920100	0.640	646,332.000000
21.930767	0.640	634,651.000000
21.941433	0.640	630,755.000000
21.952100	0.640	636,034.000000
21.962767	0.640	642,233.000000
21.973433	0.640	639,448.000000
21.984100	0.640	629,798.000000
21.994767	0.640	624,261.000000
22.005433	0.640	624,977.000000
22.016100	0.640	622,780.000000
22.026767	0.640	613,294.000000
22.037433	0.640	602,010.000000
22.048100	0.640	593,335.000000
22.058767	0.640	586,759.000000
22.069433	0.640	583,303.000000
22.080100	0.640	585,546.000000
22.090767	0.640	588,224.000000
22.101433	0.640	581,925.000000
22.112100	0.640	570,379.000000
22.122767	0.640	564,425.000000
22.133433	0.640	564,311.000000
22.144100	0.640	566,538.000000
22.154767	0.640	570,335.000000
22.165433	0.640	571,330.000000
22.176100	0.640	566,599.000000
22.186767	0.640	559,140.000000
22.197433	0.640	550,777.000000
22.208100	0.640	542,243.000000
22.218767	0.640	538,744.000000
22.229433	0.640	542,735.000000
22.240100	0.640	545,771.000000
22.250767	0.640	541,050.000000
22.261433	0.640	534,834.000000
22.272100	0.640	531,660.000000
22.282767	0.640	524,321.000000
22.293433	0.640	511,176.000000
22.304100	0.640	501,594.000000
22.314767	0.640	501,381.000000
22.325433	0.640	509,541.000000
22.336100	0.640	517,767.000000
22.346767	0.640	515,188.000000
22.357433	0.640	504,048.000000
22.368100	0.640	496,865.000000
22.378767	0.640	499,033.000000
22.389433	0.640	502,932.000000
22.400100	0.640	499,678.000000
22.410767	0.640	492,140.000000
22.421433	0.640	488,185.000000
22.432100	0.640	489,326.000000
22.442767	0.640	492,695.000000
22.453433	0.640	495,286.000000
22.464100	0.640	494,737.000000
22.474767	0.640	490,983.000000
22.485433	0.640	487,757.000000
22.496100	0.640	488,858.000000
22.506767	0.640	492,735.000000
22.517433	0.640	496,019.000000
22.528100	0.640	498,843.000000
22.538767	0.640	500,919.000000
22.549433	0.640	499,642.000000
22.560100	0.640	495,697.000000
22.570767	0.640	494,044.000000
22.581433	0.640	496,041.000000
22.592100	0.640	495,940.000000
22.602767	0.640	491,198.000000
22.613433	0.640	487,800.000000
22.624100	0.640	489,499.000000
22.634767	0.640	491,226.000000
22.645433	0.640	487,259.000000
22.656100	0.640	480,111.000000
22.666767	0.640	475,397.000000
22.677433	0.640	472,624.000000
22.688100	0.640	469,081.000000
22.698767	0.640	467,393.000000
22.709433	0.640	469,954.000000
22.720100	0.640	472,310.000000
22.730767	0.640	472,400.000000
22.741433	0.640	473,284.000000
22.752100	0.640	473,106.000000
22.762767	0.640	469,812.000000
22.773433	0.640	466,970.000000
22.784100	0.640	466,243.000000
22.794767	0.640	467,081.000000
22.805433	0.640	470,847.000000
22.816100	0.640	476,035.000000
22.826767	0.640	477,902.000000
22.837433	0.640	477,152.000000
22.848100	0.640	477,648.000000
22.858767	0.640	477,239.000000
22.869433	0.640	472,660.000000
22.880100	0.640	466,951.000000
22.890833	0.644	463,641.000000
22.901433	0.636	464,353.000000
22.912100	0.640	471,380.000000
22.922767	0.640	480,915.000000
22.933433	0.640	484,430.000000
22.944100	0.640	480,330.000000
22.954767	0.640	476,505.000000
22.965433	0.640	480,690.000000
22.976100	0.640	488,183.000000
22.986767	0.640	489,999.000000
22.997433	0.640	487,863.000000
23.008100	0.640	487,152.000000
23.018767	0.640	488,836.000000
23.029433	0.640	491,879.000000
23.040100	0.640	494,601.000000
23.050767	0.640	497,803.000000
23.061433	0.640	503,206.000000
23.072100	0.640	507,172.000000
23.082767	0.640	506,976.000000
23.093433	0.640	507,039.000000
23.104100	0.640	509,494.000000
23.114767	0.640	510,062.000000
23.125433	0.640	507,818.000000
23.136100	0.640	508,887.000000
23.146767	0.640	514,061.000000
23.157433	0.640	514,927.000000
23.168100	0.640	511,304.000000
23.178767	0.640	510,600.000000
23.189433	0.640	511,297.000000
23.200100	0.640	510,776.000000
23.210767	0.640	512,356.000000
23.221433	0.640	515,941.000000
23.232100	0.640	519,489.000000
23.242767	0.640	521,567.000000
23.253433	0.640	521,007.000000
23.264100	0.640	520,541.000000
23.274767	0.640	521,175.000000
23.285433	0.640	520,809.000000
23.296100	0.640	520,971.000000
23.306767	0.640	522,892.000000
23.317433	0.640	523,265.000000
23.328100	0.640	520,355.000000
23.338767	0.640	517,300.000000
23.349433	0.640	515,984.000000
23.360100	0.640	516,029.000000
23.370767	0.640	518,578.000000
23.381433	0.640	521,851.000000
23.392100	0.640	523,839.000000
23.402833	0.644	529,361.000000
23.413433	0.636	538,951.000000
23.424100	0.640	542,737.000000
23.434767	0.640	536,383.000000
23.445433	0.640	530,226.000000
23.456100	0.640	534,860.000000
23.466767	0.640	546,821.000000
23.477433	0.640	555,915.000000
23.488100	0.640	558,076.000000
23.498767	0.640	557,506.000000
23.509433	0.640	559,738.000000
23.520100	0.640	562,969.000000
23.530767	0.640	561,792.000000
23.541433	0.640	558,741.000000
23.552100	0.640	560,928.000000
23.562767	0.640	566,268.000000
23.573433	0.640	566,924.000000
23.584100	0.640	562,782.000000
23.594767	0.640	558,422.000000
23.605433	0.640	556,105.000000
23.616100	0.640	557,482.000000
23.626767	0.640	561,468.000000
23.637433	0.640	564,078.000000
23.648100	0.640	565,837.000000
23.658767	0.640	569,901.000000
23.669433	0.640	573,256.000000
23.680100	0.640	570,492.000000
23.690767	0.640	564,006.000000
23.701433	0.640	560,723.000000
23.712100	0.640	560,146.000000
23.722767	0.640	557,275.000000
23.733433	0.640	555,028.000000
23.744100	0.640	559,198.000000
23.754767	0.640	566,800.000000
23.765433	0.640	571,049.000000
23.776100	0.640	570,538.000000
23.786767	0.640	569,375.000000
23.797433	0.640	573,114.000000
23.808100	0.640	582,371.000000
23.818767	0.640	590,781.000000
23.829433	0.640	593,994.000000
23.840100	0.640	595,636.000000
23.850767	0.640	598,828.000000
23.861433	0.640	599,278.000000
23.872100	0.640	594,637.000000
23.882767	0.640	590,595.000000
23.893433	0.640	589,947.000000
23.904100	0.640	590,498.000000
23.914767	0.640	593,934.000000
23.925433	0.640	600,736.000000
23.936100	0.640	606,004.000000
23.946767	0.640	607,990.000000
23.957433	0.640	609,013.000000
23.968100	0.640	611,880.000000
23.978767	0.640	617,528.000000
23.989433	0.640	620,869.000000
24.000100	0.640	618,425.000000
24.010767	0.640	615,826.000000
24.021433	0.640	617,464.000000
24.032100	0.640	619,335.000000
24.042767	0.640	620,166.000000
24.053433	0.640	626,560.000000
24.064100	0.640	637,752.000000
24.074767	0.640	643,959.000000
24.085433	0.640	643,698.000000
24.096100	0.640	642,114.000000
24.106767	0.640	640,200.000000
24.117433	0.640	639,069.000000
24.128100	0.640	640,326.000000
24.138767	0.640	641,476.000000
24.149433	0.640	642,737.000000
24.160100	0.640	646,849.000000
24.170767	0.640	649,634.000000
24.181433	0.640	647,746.000000
24.192100	0.640	648,238.000000
24.202767	0.640	655,952.000000
24.213433	0.640	664,824.000000
24.224100	0.640	671,234.000000
24.234767	0.640	677,940.000000
24.245433	0.640	682,847.000000
24.256100	0.640	681,808.000000
24.266767	0.640	676,402.000000
24.277433	0.640	672,570.000000
24.288100	0.640	674,489.000000
24.298767	0.640	679,218.000000
24.309433	0.640	682,582.000000
24.320100	0.640	683,733.000000
24.330767	0.640	682,401.000000
24.341433	0.640	681,045.000000
24.352100	0.640	682,467.000000
24.362767	0.640	684,936.000000
24.373433	0.640	686,060.000000
24.384100	0.640	685,213.000000
24.394767	0.640	682,284.000000
24.405433	0.640	677,160.000000
24.416100	0.640	671,410.000000
24.426767	0.640	670,299.000000
24.437433	0.640	675,453.000000
24.448100	0.640	679,960.000000
24.458767	0.640	680,103.000000
24.469433	0.640	680,097.000000
24.480100	0.640	681,691.000000
24.490767	0.640	684,127.000000
24.501433	0.640	687,368.000000
24.512100	0.640	689,349.000000
24.522767	0.640	689,852.000000
24.533433	0.640	690,723.000000
24.544100	0.640	692,388.000000
24.554767	0.640	695,165.000000
24.565433	0.640	698,052.000000
24.576100	0.640	698,641.000000
24.586767	0.640	696,069.000000
24.597433	0.640	692,004.000000
24.608100	0.640	689,427.000000
24.618767	0.640	689,395.000000
24.629433	0.640	690,600.000000
24.640100	0.640	692,067.000000
24.650767	0.640	694,126.000000
24.661433	0.640	697,556.000000
24.672100	0.640	700,306.000000
24.682767	0.640	699,039.000000
24.693433	0.640	697,502.000000
24.704100	0.640	701,661.000000
24.714767	0.640	707,365.000000
24.725433	0.640	708,780.000000
24.736100	0.640	711,296.000000
24.746767	0.640	720,640.000000
24.757433	0.640	730,732.000000
24.768100	0.640	735,902.000000
24.778767	0.640	738,576.000000
24.789433	0.640	737,965.000000
24.800100	0.640	733,566.000000
24.810767	0.640	732,899.000000
24.821433	0.640	738,663.000000
24.832100	0.640	745,475.000000
24.842767	0.640	752,111.000000
24.853433	0.640	760,796.000000
24.864100	0.640	768,885.000000
24.874767	0.640	770,697.000000
24.885433	0.640	765,252.000000
24.896100	0.640	757,116.000000
24.906767	0.640	751,352.000000
24.917433	0.640	752,379.000000
24.928100	0.640	760,757.000000
24.938767	0.640	769,954.000000
24.949433	0.640	774,991.000000
24.960100	0.640	776,503.000000
24.970767	0.640	775,680.000000
24.981433	0.640	775,517.000000
24.992100	0.640	778,904.000000
25.002767	0.640	784,086.000000
25.013433	0.640	788,876.000000
25.024100	0.640	791,949.000000
25.034767	0.640	791,669.000000
25.045433	0.640	789,048.000000
25.056100	0.640	786,632.000000
25.066767	0.640	786,703.000000
25.077433	0.640	790,430.000000
25.088100	0.640	794,277.000000
25.098767	0.640	794,950.000000
25.109433	0.640	796,048.000000
25.120100	0.640	799,183.000000
25.130767	0.640	800,496.000000
25.141433	0.640	800,191.000000
25.152100	0.640	802,302.000000
25.162767	0.640	809,576.000000
25.173433	0.640	823,100.000000
25.184100	0.640	845,333.000000
25.194767	0.640	881,078.000000
25.205433	0.640	935,585.000000
25.216100	0.640	1,023,535.000000
25.226767	0.640	1,171,810.000000
25.237433	0.640	1,409,451.000000
25.248100	0.640	1,777,041.000000
25.258767	0.640	2,343,153.000000
25.269433	0.640	3,200,292.000000
25.280100	0.640	4,458,013.000000
25.290767	0.640	6,240,643.000000
25.301433	0.640	8,667,558.000000
25.312100	0.640	11,827,949.000000
25.322767	0.640	15,758,496.000000
25.333433	0.640	20,406,982.000000
25.344100	0.640	25,608,189.000000
25.354767	0.640	31,064,324.000000
25.365433	0.640	36,317,440.000000
25.376100	0.640	40,799,637.000000
25.386767	0.640	43,965,233.000000
25.397433	0.640	45,391,970.000000
25.408100	0.640	44,870,521.000000
25.418767	0.640	42,486,117.000000
25.429433	0.640	38,556,917.000000
25.440100	0.640	33,531,417.000000
25.450767	0.640	27,977,584.000000
25.461433	0.640	22,476,509.000000
25.472100	0.640	17,418,063.000000
25.482767	0.640	13,004,467.000000
25.493433	0.640	9,393,650.000000
25.504100	0.640	6,658,474.000000
25.514767	0.640	4,696,855.000000
25.525433	0.640	3,326,427.000000
25.536100	0.640	2,398,446.000000
25.546767	0.640	1,797,180.000000
25.557433	0.640	1,422,079.000000
25.568100	0.640	1,192,450.000000
25.578767	0.640	1,048,800.000000
25.589433	0.640	958,074.000000
25.600100	0.640	905,669.000000
25.610767	0.640	876,155.000000
25.621433	0.640	855,158.000000
25.632100	0.640	838,368.000000
25.642767	0.640	828,635.000000
25.653433	0.640	826,497.000000
25.664100	0.640	825,607.000000
25.674767	0.640	821,793.000000
25.685433	0.640	818,748.000000
25.696100	0.640	819,139.000000
25.706767	0.640	819,807.000000
25.717433	0.640	817,174.000000
25.728100	0.640	812,831.000000
25.738767	0.640	814,569.000000
25.749433	0.640	825,312.000000
25.760100	0.640	834,747.000000
25.770767	0.640	833,974.000000
25.781433	0.640	828,226.000000
25.792100	0.640	827,768.000000
25.802767	0.640	833,334.000000
25.813433	0.640	838,676.000000
25.824100	0.640	844,785.000000
25.834767	0.640	853,191.000000
25.845433	0.640	857,104.000000
25.856100	0.640	856,325.000000
25.866767	0.640	860,368.000000
25.877433	0.640	875,348.000000
25.888100	0.640	896,622.000000
25.898767	0.640	910,745.000000
25.909433	0.640	909,601.000000
25.920100	0.640	896,541.000000
25.930767	0.640	879,150.000000
25.941433	0.640	864,982.000000
25.952100	0.640	856,139.000000
25.962767	0.640	849,291.000000
25.973433	0.640	844,761.000000
25.984100	0.640	844,077.000000
25.994767	0.640	843,796.000000
26.005433	0.640	842,368.000000
26.016100	0.640	841,840.000000
26.026767	0.640	841,773.000000
26.037433	0.640	841,551.000000
26.048100	0.640	841,565.000000
26.058767	0.640	840,902.000000
26.069433	0.640	841,528.000000
26.080100	0.640	848,448.000000
26.090767	0.640	861,969.000000
26.101433	0.640	876,227.000000
26.112100	0.640	886,074.000000
26.122767	0.640	889,019.000000
26.133433	0.640	884,241.000000
26.144100	0.640	875,923.000000
26.154767	0.640	867,916.000000
26.165433	0.640	858,801.000000
26.176100	0.640	849,815.000000
26.186767	0.640	843,955.000000
26.197433	0.640	840,378.000000
26.208100	0.640	841,199.000000
26.218767	0.640	853,235.000000
26.229433	0.640	876,734.000000
26.240100	0.640	901,089.000000
26.250767	0.640	915,365.000000
26.261433	0.640	915,427.000000
26.272100	0.640	900,691.000000
26.282767	0.640	876,241.000000
26.293433	0.640	853,127.000000
26.304100	0.640	835,960.000000
26.314767	0.640	823,965.000000
26.325433	0.640	825,686.000000
26.336100	0.640	856,002.000000
26.346767	0.640	934,336.000000
26.357433	0.640	1,123,310.000000
26.368100	0.640	1,592,040.000000
26.378767	0.640	2,566,969.000000
26.389433	0.640	3,975,007.000000
26.400100	0.640	5,091,816.000000
26.410767	0.640	5,022,340.000000
26.421433	0.640	3,754,728.000000
26.432100	0.640	2,245,780.000000
26.442767	0.640	1,330,105.000000
26.453433	0.640	1,042,195.000000
26.464100	0.640	1,009,607.000000
26.474767	0.640	999,543.000000
26.485433	0.640	985,153.000000
26.496100	0.640	984,953.000000
26.506767	0.640	995,481.000000
26.517433	0.640	1,010,776.000000
26.528100	0.640	1,028,210.000000
26.538767	0.640	1,039,292.000000
26.549433	0.640	1,039,258.000000
26.560100	0.640	1,039,327.000000
26.570767	0.640	1,051,958.000000
26.581433	0.640	1,068,450.000000
26.592100	0.640	1,072,566.000000
26.602767	0.640	1,068,384.000000
26.613433	0.640	1,068,889.000000
26.624100	0.640	1,072,790.000000
26.634767	0.640	1,076,096.000000
26.645433	0.640	1,083,253.000000
26.656100	0.640	1,094,037.000000
26.666767	0.640	1,102,661.000000
26.677433	0.640	1,111,934.000000
26.688100	0.640	1,135,231.000000
26.698767	0.640	1,186,709.000000
26.709433	0.640	1,279,110.000000
26.720100	0.640	1,444,424.000000
26.730767	0.640	1,738,523.000000
26.741433	0.640	2,132,816.000000
26.752100	0.640	2,404,474.000000
26.762767	0.640	2,333,041.000000
26.773433	0.640	2,014,551.000000
26.784100	0.640	1,760,214.000000
26.794767	0.640	1,728,738.000000
26.805433	0.640	1,831,368.000000
26.816100	0.640	1,925,314.000000
26.826767	0.640	1,977,718.000000
26.837433	0.640	2,054,233.000000
26.848100	0.640	2,217,906.000000
26.858767	0.640	2,521,613.000000
26.869433	0.640	3,261,851.000000
26.880100	0.640	5,909,484.000000
26.890767	0.640	16,007,623.000000
26.901433	0.640	45,172,284.000000
26.912100	0.640	97,916,675.000000
26.922767	0.640	147,590,286.000000
26.933433	0.640	150,306,690.000000
26.944100	0.640	100,624,686.000000
26.954767	0.640	42,172,502.000000
26.965433	0.640	11,625,791.000000
26.976100	0.640	6,046,930.000000
26.986767	0.640	7,177,522.000000
26.997433	0.640	7,363,291.000000
27.008100	0.640	9,508,369.000000
27.018767	0.640	21,109,888.000000
27.029433	0.640	53,915,971.000000
27.040100	0.640	116,424,948.000000
27.050767	0.640	192,266,768.000000
27.061433	0.640	234,590,024.000000
27.072100	0.640	207,354,110.000000
27.082767	0.640	130,131,577.000000
27.093433	0.640	57,606,941.000000
27.104100	0.640	21,302,897.000000
27.114767	0.640	13,193,061.000000
27.125433	0.640	14,290,614.000000
27.136100	0.640	15,656,480.000000
27.146767	0.640	15,563,336.000000
27.157433	0.640	13,438,501.000000
27.168100	0.640	10,187,274.000000
27.178767	0.640	7,906,128.000000
27.189433	0.640	7,469,882.000000
27.200100	0.640	8,408,863.000000
27.210767	0.640	10,478,156.000000
27.221433	0.640	13,433,714.000000
27.232100	0.640	15,900,313.000000
27.242767	0.640	19,279,475.000000
27.253433	0.640	41,667,540.000000
27.264100	0.640	42,552,774.000000
27.264267	0.010	73,829,161.000000
27.264433	0.010	42,552,774.000000
27.264600	0.010	73,829,161.000000
27.264767	0.010	42,552,774.000000
27.264933	0.010	73,829,161.000000
27.265100	0.010	42,552,774.000000
27.274767	0.580	42,552,774.000000
27.285433	0.640	42,552,774.000000
27.296100	0.640	42,552,774.000000
27.306767	0.640	42,552,774.000000
27.317433	0.640	42,552,774.000000
27.328100	0.640	42,552,774.000000
27.328267	0.010	73,829,161.000000
27.328433	0.010	42,552,774.000000
27.328600	0.010	73,829,161.000000
27.328767	0.010	42,552,774.000000
27.328933	0.010	73,829,161.000000
27.329100	0.010	42,552,774.000000
27.338767	0.580	146,455,634.000000
27.349433	0.640	78,228,786.000000
27.360100	0.640	61,229,837.000000
27.370767	0.640	65,078,518.000000
27.381433	0.640	65,963,752.000000
27.381600	0.010	108,945,628.000000
27.381767	0.010	65,963,752.000000
27.381933	0.010	108,945,628.000000
27.382100	0.010	65,963,752.000000
27.382267	0.010	108,945,628.000000
27.382433	0.010	65,963,752.000000
27.392100	0.580	65,963,752.000000
27.402767	0.640	65,963,752.000000
27.413433	0.640	65,963,752.000000
27.424100	0.640	65,963,752.000000
27.434767	0.640	65,963,752.000000
27.445433	0.640	65,963,752.000000
27.456100	0.640	65,963,752.000000
27.466767	0.640	65,963,752.000000
27.477433	0.640	65,963,752.000000
27.488100	0.640	65,963,752.000000
27.488267	0.010	108,945,628.000000
27.488433	0.010	65,963,752.000000
27.488600	0.010	108,945,628.000000
27.488767	0.010	65,963,752.000000
27.488933	0.010	108,945,628.000000
27.489100	0.010	65,963,752.000000
27.498767	0.580	126,896,539.000000
27.509433	0.640	89,631,584.000000
27.520100	0.640	86,981,763.000000
27.530767	0.640	83,025,947.000000
27.541433	0.640	66,414,612.000000
27.552100	0.640	50,259,473.000000
27.562767	0.640	42,109,097.000000
27.573433	0.640	38,000,884.000000
27.584100	0.640	34,089,544.000000
27.594767	0.640	30,661,829.000000
27.605433	0.640	28,827,241.000000
27.616100	0.640	28,137,660.000000
27.626767	0.640	27,166,541.000000
27.637433	0.640	25,223,993.000000
27.648100	0.640	23,098,016.000000
27.658767	0.640	21,740,883.000000
27.669433	0.640	20,967,720.000000
27.680100	0.640	20,068,204.000000
27.690767	0.640	18,947,954.000000
27.701433	0.640	18,122,920.000000
27.712100	0.640	17,881,691.000000
27.722767	0.640	17,949,730.000000
27.733433	0.640	17,925,855.000000
27.744100	0.640	17,686,787.000000
27.754767	0.640	17,547,742.000000
27.765433	0.640	18,047,980.000000
27.776100	0.640	19,218,955.000000
27.786767	0.640	20,354,915.000000
27.797433	0.640	20,749,392.000000
27.808100	0.640	20,244,425.000000
27.818767	0.640	19,115,708.000000
27.829433	0.640	17,862,242.000000
27.840100	0.640	16,992,125.000000
27.850767	0.640	16,746,223.000000
27.861433	0.640	17,065,256.000000
27.872100	0.640	18,036,861.000000
27.882767	0.640	21,171,317.000000
27.893433	0.640	32,171,376.000000
27.904100	0.640	67,574,538.000000
27.914767	0.640	68,459,772.000000
27.914933	0.010	112,689,658.000000
27.915100	0.010	68,459,772.000000
27.915267	0.010	112,689,658.000000
27.915433	0.010	68,459,772.000000
27.915600	0.010	112,689,658.000000
27.915767	0.010	68,459,772.000000
27.925433	0.580	68,459,772.000000
27.936100	0.640	68,459,772.000000
27.946767	0.640	68,459,772.000000
27.957433	0.640	68,459,772.000000
27.968100	0.640	68,459,772.000000
27.978767	0.640	68,459,772.000000
27.989433	0.640	68,459,772.000000
28.000100	0.640	68,459,772.000000
28.010767	0.640	68,459,772.000000
28.021433	0.640	68,459,772.000000
28.032100	0.640	68,459,772.000000
28.042767	0.640	68,459,772.000000
28.053433	0.640	68,459,772.000000
28.064100	0.640	68,459,772.000000
28.074767	0.640	68,459,772.000000
28.085433	0.640	68,459,772.000000
28.096100	0.640	68,459,772.000000
28.106767	0.640	68,459,772.000000
28.106933	0.010	112,689,658.000000
28.107100	0.010	68,459,772.000000
28.107267	0.010	112,689,658.000000
28.107433	0.010	68,459,772.000000
28.107600	0.010	112,689,658.000000
28.107767	0.010	68,459,772.000000
28.117433	0.580	181,699,526.000000
28.128100	0.640	82,573,422.000000
28.138767	0.640	58,236,522.000000
28.149433	0.640	60,930,322.000000
28.160100	0.640	58,881,679.000000
28.170767	0.640	52,068,266.000000
28.181433	0.640	43,170,778.000000
28.192100	0.640	32,831,152.000000
28.202767	0.640	26,713,860.000000
28.213433	0.640	32,360,628.000000
28.224100	0.640	57,358,091.000000
28.234767	0.640	105,773,343.000000
28.245433	0.640	165,099,181.000000
28.256100	0.640	208,914,588.000000
28.266767	0.640	225,733,128.000000
28.277433	0.640	229,631,974.000000
28.288100	0.640	234,744,799.000000
28.298767	0.640	238,314,203.000000
28.309433	0.640	232,838,184.000000
28.320100	0.640	219,105,442.000000
28.330767	0.640	203,333,479.000000
28.341433	0.640	188,867,872.000000
28.352100	0.640	173,711,198.000000
28.362767	0.640	153,994,985.000000
28.373433	0.640	127,452,307.000000
28.384100	0.640	94,933,777.000000
28.394767	0.640	61,871,531.000000
28.405433	0.640	36,394,008.000000
28.416100	0.640	22,518,340.000000
28.426767	0.640	17,214,620.000000
28.437433	0.640	15,697,582.000000
28.448100	0.640	16,344,308.000000
28.458767	0.640	19,009,406.000000
28.469433	0.640	21,613,271.000000
28.480100	0.640	21,170,455.000000
28.490767	0.640	17,367,087.000000
28.501433	0.640	12,817,831.000000
28.512100	0.640	9,833,034.000000
28.522767	0.640	8,565,270.000000
28.533433	0.640	8,107,397.000000
28.544100	0.640	7,883,866.000000
28.554767	0.640	7,758,953.000000
28.565433	0.640	7,651,144.000000
28.576100	0.640	7,447,654.000000
28.586767	0.640	7,119,181.000000
28.597433	0.640	6,738,051.000000
28.608100	0.640	6,365,864.000000
28.618767	0.640	5,973,572.000000
28.629433	0.640	5,475,429.000000
28.640100	0.640	4,794,588.000000
28.650767	0.640	3,925,643.000000
28.661433	0.640	2,980,259.000000
28.672100	0.640	2,121,465.000000
28.682767	0.640	1,439,403.000000
28.693433	0.640	941,964.000000
28.704100	0.640	627,724.000000
28.714767	0.640	577,684.000000
28.725433	0.640	849,451.000000
28.736100	0.640	1,093,092.000000
28.746767	0.640	851,848.000000
28.757433	0.640	337,149.000000
28.768100	0.640	55,817.000000
28.778767	0.640	42,677.000000
28.789433	0.640	69,065.000000
28.800100	0.640	53,177.000000
28.810767	0.640	29,178.000000
28.821433	0.640	18,412.000000
28.832100	0.640	13,634.000000
28.842767	0.640	11,241.000000
28.853433	0.640	11,746.000000
28.864100	0.640	8,727.000000
28.874767	0.640	2,664.000000
28.885433	0.640	1,840.000000
28.896100	0.640	3,848.000000
28.906767	0.640	2,541.000000
28.917433	0.640	-779.000000
28.928100	0.640	-5,527.000000
28.938767	0.640	-11,594.000000
28.949433	0.640	-15,343.000000
28.960100	0.640	-14,524.000000
28.970767	0.640	-9,543.000000
28.981433	0.640	-3,523.000000
28.992100	0.640	-1,257.000000
29.002767	0.640	-4,659.000000
29.013433	0.640	-12,612.000000
29.024100	0.640	-19,545.000000
29.034767	0.640	-18,703.000000
29.045433	0.640	-13,401.000000
29.056100	0.640	-10,714.000000
29.066767	0.640	-9,444.000000
29.077433	0.640	-7,253.000000
29.088100	0.640	-6,141.000000
29.098767	0.640	-7,238.000000
29.109433	0.640	-9,370.000000
29.120100	0.640	-11,691.000000
29.130767	0.640	-14,090.000000
29.141433	0.640	-15,394.000000
29.152100	0.640	-14,096.000000
29.162767	0.640	-11,353.000000
29.173433	0.640	-9,871.000000
29.184100	0.640	-9,068.000000
29.194767	0.640	-6,539.000000
29.205433	0.640	-3,400.000000
29.216100	0.640	-2,025.000000
29.226767	0.640	-3,999.000000
29.237433	0.640	-10,105.000000
29.248100	0.640	-16,140.000000
29.258767	0.640	-18,195.000000
29.269433	0.640	-18,274.000000
29.280100	0.640	-16,453.000000
29.290767	0.640	-11,744.000000
29.301433	0.640	-8,383.000000
29.312100	0.640	-9,436.000000
29.322767	0.640	-10,723.000000
29.333433	0.640	-6,853.000000
29.344100	0.640	-848.000000
29.354767	0.640	798.000000
29.365433	0.640	-722.000000
29.376100	0.640	-1,773.000000
29.386767	0.640	-3,570.000000
29.397433	0.640	-6,948.000000
29.408100	0.640	-8,740.000000
29.418767	0.640	-7,394.000000
29.429433	0.640	-6,726.000000
29.440100	0.640	-9,514.000000
29.450767	0.640	-12,858.000000
29.461433	0.640	-13,189.000000
29.472100	0.640	-9,429.000000
29.482767	0.640	-2,978.000000
29.493433	0.640	909.000000
29.504100	0.640	-1,818.000000
29.514767	0.640	-7,191.000000
29.525433	0.640	-8,548.000000
29.536100	0.640	-6,303.000000
29.546767	0.640	-4,612.000000
29.557433	0.640	-3,763.000000
29.568100	0.640	-4,758.000000
29.578767	0.640	-9,888.000000
29.589433	0.640	-14,764.000000
29.600100	0.640	-13,358.000000
29.610767	0.640	-7,247.000000
29.621433	0.640	-1,834.000000
29.632100	0.640	-8.000000
29.642767	0.640	-1,118.000000
29.653433	0.640	-2,569.000000
29.664100	0.640	-4,055.000000
29.674767	0.640	-6,181.000000
29.685433	0.640	-6,287.000000
29.696100	0.640	-3,788.000000
29.706767	0.640	-3,116.000000
29.717433	0.640	-6,751.000000
29.728100	0.640	-10,869.000000
29.738767	0.640	-11,558.000000
29.749433	0.640	-11,361.000000
29.760100	0.640	-13,091.000000
29.770767	0.640	-14,073.000000
29.781433	0.640	-11,814.000000
29.792100	0.640	-7,458.000000
29.802767	0.640	-3,987.000000
29.813433	0.640	-5,149.000000
29.824100	0.640	-9,149.000000
29.834767	0.640	-8,307.000000
29.845433	0.640	-3,270.000000
29.856100	0.640	-1,491.000000
29.866767	0.640	-3,182.000000
29.877433	0.640	-5,463.000000
29.888100	0.640	-8,785.000000
29.898767	0.640	-12,539.000000
29.909433	0.640	-14,396.000000
29.920100	0.640	-13,685.000000
29.930767	0.640	-11,444.000000
29.941433	0.640	-9,182.000000
29.952100	0.640	-8,581.000000
29.962767	0.640	-9,674.000000
29.973433	0.640	-10,470.000000
29.984100	0.640	-10,145.000000
29.994767	0.640	-9,659.000000
30.005433	0.640	-9,155.000000
