File Path	chrom://nnfcb-l0495/ChromeleonLocal/20180320_AA_Lars Nielsen samples Vienna_lbpet.seq/922.smp/Emission_1.channel/Emission_1.chm
Channel	Emission_1

Injection Information:
Data Vault	ChromeleonLocal
Injection	AAmix_10ug_mL_1
Injection Number	9
Position	RB8
Comment	
Processing Method	20171024_Calculated with IS_lbpet
Instrument Method	20161104_AA_GeminiC18_FinalVer7
Type	Calibration Standard
Status	Finished
Injection Date	20-03-2018
Injection Time	15:09:54
Injection Volume (µl)	56.500
Dilution Factor	1.0000
Weight	1.0000

Raw Data Information:
Time Min. (min)	0.003950
Time Max. (min)	30.001617
Data Points	2813
Detector	FLD
Exporting Data System	Chromeleon 7.1.2.1478
Operator	
Signal Quantity	
Signal Unit	counts
Signal Min.	-4.000000
Signal Max.	72,424,186.000000
Channel	Emission_1
Driver Name	FLD3000.dll
Channel Type	Evaluation
Min. Step (s)	0.640
Max. Step (s)	0.820
Average Step (s)	0.640

Signal Parameter Information:
Signal Info	340 nm /450 nm

Raw Data:
Time (min)	Step (s)	Value (counts)
0.003950	0.000	0.000000
0.017617	0.820	0.000000
0.028283	0.640	0.000000
0.038950	0.640	744.000000
0.049617	0.640	1,725.000000
0.060283	0.640	2,133.000000
0.070950	0.640	2,096.000000
0.081617	0.640	2,207.000000
0.092283	0.640	2,479.000000
0.102950	0.640	3,342.000000
0.113617	0.640	4,712.000000
0.124283	0.640	4,904.000000
0.134950	0.640	3,637.000000
0.145617	0.640	2,666.000000
0.156283	0.640	2,872.000000
0.166950	0.640	3,855.000000
0.177617	0.640	4,751.000000
0.188283	0.640	5,207.000000
0.198950	0.640	5,804.000000
0.209617	0.640	5,996.000000
0.220283	0.640	4,708.000000
0.230950	0.640	3,177.000000
0.241617	0.640	3,118.000000
0.252283	0.640	3,878.000000
0.262950	0.640	3,913.000000
0.273617	0.640	2,914.000000
0.284283	0.640	1,994.000000
0.294950	0.640	2,649.000000
0.305617	0.640	4,338.000000
0.316283	0.640	4,816.000000
0.326950	0.640	3,613.000000
0.337617	0.640	2,124.000000
0.348283	0.640	1,654.000000
0.358950	0.640	2,819.000000
0.369617	0.640	4,294.000000
0.380283	0.640	3,864.000000
0.390950	0.640	2,320.000000
0.401617	0.640	2,245.000000
0.412283	0.640	3,473.000000
0.422950	0.640	3,810.000000
0.433617	0.640	2,647.000000
0.444283	0.640	1,794.000000
0.454950	0.640	2,903.000000
0.465617	0.640	4,675.000000
0.476283	0.640	4,731.000000
0.486950	0.640	3,383.000000
0.497617	0.640	3,214.000000
0.508283	0.640	5,025.000000
0.518950	0.640	6,143.000000
0.529617	0.640	4,947.000000
0.540283	0.640	3,573.000000
0.550950	0.640	3,949.000000
0.561617	0.640	5,264.000000
0.572283	0.640	5,601.000000
0.582950	0.640	4,313.000000
0.593617	0.640	2,770.000000
0.604283	0.640	2,372.000000
0.614950	0.640	2,700.000000
0.625617	0.640	2,651.000000
0.636283	0.640	2,474.000000
0.646950	0.640	2,930.000000
0.657617	0.640	3,386.000000
0.668283	0.640	3,247.000000
0.678950	0.640	3,381.000000
0.689617	0.640	3,696.000000
0.700283	0.640	3,053.000000
0.710950	0.640	2,345.000000
0.721617	0.640	2,547.000000
0.732283	0.640	2,610.000000
0.742950	0.640	2,450.000000
0.753617	0.640	2,910.000000
0.764283	0.640	3,599.000000
0.774950	0.640	4,027.000000
0.785617	0.640	4,181.000000
0.796283	0.640	4,105.000000
0.806950	0.640	4,187.000000
0.817617	0.640	4,075.000000
0.828283	0.640	3,441.000000
0.838950	0.640	3,483.000000
0.849617	0.640	3,908.000000
0.860283	0.640	3,122.000000
0.870950	0.640	1,754.000000
0.881617	0.640	985.000000
0.892283	0.640	1,215.000000
0.902950	0.640	2,636.000000
0.913617	0.640	4,063.000000
0.924283	0.640	4,115.000000
0.934950	0.640	2,971.000000
0.945617	0.640	1,927.000000
0.956283	0.640	2,766.000000
0.966950	0.640	4,981.000000
0.977617	0.640	5,320.000000
0.988283	0.640	3,380.000000
0.998950	0.640	2,556.000000
1.009617	0.640	4,020.000000
1.020283	0.640	5,452.000000
1.030950	0.640	5,439.000000
1.041617	0.640	4,745.000000
1.052283	0.640	4,181.000000
1.062950	0.640	3,649.000000
1.073617	0.640	2,833.000000
1.084283	0.640	2,164.000000
1.094950	0.640	2,384.000000
1.105617	0.640	3,129.000000
1.116283	0.640	3,551.000000
1.126950	0.640	3,837.000000
1.137617	0.640	4,099.000000
1.148283	0.640	3,324.000000
1.158950	0.640	1,596.000000
1.169617	0.640	969.000000
1.180283	0.640	2,140.000000
1.190950	0.640	3,056.000000
1.201617	0.640	2,538.000000
1.212283	0.640	2,262.000000
1.222950	0.640	3,212.000000
1.233617	0.640	3,836.000000
1.244283	0.640	3,464.000000
1.254950	0.640	3,069.000000
1.265617	0.640	2,944.000000
1.276283	0.640	2,913.000000
1.286950	0.640	3,195.000000
1.297617	0.640	4,118.000000
1.308283	0.640	5,104.000000
1.318950	0.640	4,931.000000
1.329617	0.640	3,861.000000
1.340283	0.640	3,469.000000
1.350950	0.640	4,589.000000
1.361617	0.640	5,952.000000
1.372283	0.640	5,415.000000
1.382950	0.640	3,381.000000
1.393617	0.640	1,951.000000
1.404283	0.640	1,644.000000
1.414950	0.640	1,941.000000
1.425617	0.640	2,614.000000
1.436283	0.640	3,503.000000
1.446950	0.640	4,209.000000
1.457617	0.640	4,050.000000
1.468283	0.640	3,193.000000
1.478950	0.640	3,010.000000
1.489617	0.640	3,979.000000
1.500283	0.640	5,131.000000
1.510950	0.640	5,679.000000
1.521617	0.640	5,122.000000
1.532283	0.640	3,413.000000
1.542950	0.640	2,057.000000
1.553617	0.640	2,483.000000
1.564283	0.640	3,839.000000
1.574950	0.640	4,557.000000
1.585617	0.640	4,594.000000
1.596283	0.640	4,471.000000
1.606950	0.640	4,045.000000
1.617617	0.640	3,507.000000
1.628283	0.640	3,522.000000
1.638950	0.640	3,701.000000
1.649617	0.640	3,449.000000
1.660283	0.640	3,827.000000
1.670950	0.640	5,263.000000
1.681617	0.640	6,254.000000
1.692283	0.640	6,277.000000
1.702950	0.640	5,926.000000
1.713617	0.640	5,226.000000
1.724283	0.640	4,522.000000
1.734950	0.640	4,572.000000
1.745617	0.640	5,014.000000
1.756283	0.640	4,918.000000
1.766950	0.640	4,572.000000
1.777617	0.640	4,384.000000
1.788283	0.640	3,709.000000
1.798950	0.640	2,957.000000
1.809617	0.640	3,369.000000
1.820283	0.640	4,259.000000
1.830950	0.640	4,390.000000
1.841617	0.640	4,698.000000
1.852283	0.640	6,203.000000
1.862950	0.640	7,032.000000
1.873617	0.640	5,292.000000
1.884283	0.640	3,382.000000
1.894950	0.640	4,508.000000
1.905617	0.640	6,892.000000
1.916283	0.640	6,867.000000
1.926950	0.640	4,794.000000
1.937617	0.640	3,435.000000
1.948283	0.640	3,469.000000
1.958950	0.640	4,179.000000
1.969617	0.640	5,364.000000
1.980283	0.640	6,179.000000
1.990950	0.640	5,762.000000
2.001617	0.640	4,663.000000
2.012283	0.640	3,542.000000
2.022950	0.640	3,054.000000
2.033617	0.640	3,621.000000
2.044283	0.640	4,143.000000
2.054950	0.640	4,173.000000
2.065617	0.640	4,542.000000
2.076283	0.640	4,623.000000
2.086950	0.640	3,416.000000
2.097617	0.640	1,918.000000
2.108283	0.640	1,951.000000
2.118950	0.640	3,831.000000
2.129617	0.640	5,570.000000
2.140283	0.640	4,977.000000
2.150950	0.640	2,954.000000
2.161617	0.640	2,488.000000
2.172283	0.640	4,107.000000
2.182950	0.640	5,523.000000
2.193617	0.640	5,314.000000
2.204283	0.640	4,527.000000
2.214950	0.640	4,766.000000
2.225617	0.640	5,779.000000
2.236283	0.640	6,190.000000
2.246950	0.640	5,808.000000
2.257617	0.640	5,788.000000
2.268283	0.640	6,425.000000
2.278950	0.640	6,245.000000
2.289617	0.640	4,627.000000
2.300283	0.640	3,010.000000
2.310950	0.640	2,537.000000
2.321617	0.640	2,573.000000
2.332283	0.640	2,251.000000
2.342950	0.640	2,204.000000
2.353617	0.640	3,275.000000
2.364283	0.640	4,230.000000
2.374950	0.640	3,473.000000
2.385617	0.640	2,250.000000
2.396283	0.640	2,537.000000
2.406950	0.640	3,770.000000
2.417617	0.640	4,498.000000
2.428283	0.640	4,613.000000
2.438950	0.640	4,605.000000
2.449617	0.640	4,262.000000
2.460283	0.640	3,340.000000
2.470950	0.640	2,592.000000
2.481617	0.640	2,664.000000
2.492283	0.640	3,332.000000
2.502950	0.640	4,528.000000
2.513617	0.640	5,809.000000
2.524283	0.640	5,885.000000
2.534950	0.640	4,957.000000
2.545617	0.640	4,595.000000
2.556283	0.640	5,053.000000
2.566950	0.640	5,616.000000
2.577617	0.640	6,062.000000
2.588283	0.640	6,327.000000
2.598950	0.640	5,903.000000
2.609617	0.640	4,561.000000
2.620283	0.640	3,481.000000
2.630950	0.640	3,877.000000
2.641617	0.640	4,978.000000
2.652283	0.640	5,757.000000
2.662950	0.640	6,452.000000
2.673617	0.640	6,616.000000
2.684283	0.640	5,662.000000
2.694950	0.640	5,108.000000
2.705617	0.640	6,577.000000
2.716283	0.640	9,700.000000
2.726950	0.640	13,411.000000
2.737617	0.640	16,229.000000
2.748283	0.640	16,185.000000
2.758950	0.640	13,448.000000
2.769617	0.640	10,403.000000
2.780283	0.640	8,200.000000
2.790950	0.640	6,215.000000
2.801617	0.640	4,283.000000
2.812283	0.640	3,548.000000
2.822950	0.640	4,933.000000
2.833617	0.640	7,337.000000
2.844283	0.640	8,216.000000
2.854950	0.640	6,709.000000
2.865617	0.640	5,090.000000
2.876283	0.640	5,457.000000
2.886950	0.640	7,004.000000
2.897617	0.640	7,628.000000
2.908283	0.640	6,427.000000
2.918950	0.640	4,801.000000
2.929617	0.640	4,741.000000
2.940283	0.640	5,751.000000
2.950950	0.640	5,803.000000
2.961617	0.640	4,898.000000
2.972283	0.640	5,185.000000
2.982950	0.640	8,219.000000
2.993617	0.640	13,842.000000
3.004283	0.640	22,695.000000
3.014950	0.640	38,867.000000
3.025617	0.640	67,378.000000
3.036283	0.640	111,830.000000
3.046950	0.640	180,039.000000
3.057617	0.640	293,363.000000
3.068283	0.640	496,424.000000
3.078950	0.640	869,909.000000
3.089617	0.640	1,531,307.000000
3.100283	0.640	2,588,442.000000
3.110950	0.640	4,038,710.000000
3.121617	0.640	5,680,311.000000
3.132283	0.640	7,138,173.000000
3.142950	0.640	8,029,860.000000
3.153617	0.640	8,172,893.000000
3.164283	0.640	7,679,291.000000
3.174950	0.640	6,852,147.000000
3.185617	0.640	5,992,307.000000
3.196283	0.640	5,288,414.000000
3.206950	0.640	4,799,663.000000
3.217617	0.640	4,483,213.000000
3.228283	0.640	4,259,976.000000
3.238950	0.640	4,071,455.000000
3.249617	0.640	3,890,357.000000
3.260283	0.640	3,699,033.000000
3.270950	0.640	3,466,758.000000
3.281617	0.640	3,157,037.000000
3.292283	0.640	2,764,407.000000
3.302950	0.640	2,324,714.000000
3.313617	0.640	1,874,916.000000
3.324283	0.640	1,439,840.000000
3.334950	0.640	1,053,319.000000
3.345617	0.640	742,435.000000
3.356283	0.640	507,002.000000
3.366950	0.640	335,863.000000
3.377617	0.640	219,592.000000
3.388283	0.640	144,260.000000
3.398950	0.640	94,262.000000
3.409617	0.640	62,003.000000
3.420283	0.640	43,402.000000
3.430950	0.640	31,931.000000
3.441617	0.640	23,463.000000
3.452283	0.640	17,601.000000
3.462950	0.640	13,543.000000
3.473617	0.640	10,440.000000
3.484283	0.640	8,794.000000
3.494950	0.640	8,241.000000
3.505617	0.640	7,459.000000
3.516283	0.640	6,468.000000
3.526950	0.640	6,004.000000
3.537617	0.640	5,922.000000
3.548283	0.640	5,981.000000
3.558950	0.640	6,474.000000
3.569617	0.640	6,936.000000
3.580283	0.640	6,596.000000
3.590950	0.640	5,635.000000
3.601617	0.640	4,312.000000
3.612283	0.640	3,265.000000
3.622950	0.640	3,510.000000
3.633617	0.640	4,172.000000
3.644283	0.640	3,570.000000
3.654950	0.640	2,448.000000
3.665617	0.640	2,838.000000
3.676283	0.640	4,483.000000
3.686950	0.640	5,598.000000
3.697617	0.640	6,153.000000
3.708283	0.640	6,531.000000
3.718950	0.640	6,130.000000
3.729617	0.640	5,674.000000
3.740283	0.640	6,244.000000
3.750950	0.640	6,996.000000
3.761617	0.640	7,032.000000
3.772283	0.640	6,805.000000
3.782950	0.640	7,044.000000
3.793617	0.640	8,062.000000
3.804283	0.640	9,309.000000
3.814950	0.640	9,712.000000
3.825617	0.640	9,269.000000
3.836283	0.640	9,096.000000
3.846950	0.640	9,631.000000
3.857617	0.640	10,109.000000
3.868283	0.640	9,861.000000
3.878950	0.640	9,035.000000
3.889617	0.640	8,396.000000
3.900283	0.640	8,329.000000
3.910950	0.640	8,030.000000
3.921617	0.640	7,142.000000
3.932283	0.640	6,290.000000
3.942950	0.640	5,500.000000
3.953617	0.640	5,067.000000
3.964283	0.640	5,698.000000
3.974950	0.640	6,498.000000
3.985617	0.640	6,435.000000
3.996283	0.640	6,118.000000
4.006950	0.640	5,763.000000
4.017617	0.640	4,835.000000
4.028283	0.640	4,145.000000
4.038950	0.640	4,431.000000
4.049617	0.640	4,684.000000
4.060283	0.640	4,623.000000
4.070950	0.640	4,875.000000
4.081617	0.640	4,900.000000
4.092283	0.640	4,326.000000
4.102950	0.640	4,198.000000
4.113617	0.640	5,476.000000
4.124283	0.640	7,442.000000
4.134950	0.640	8,386.000000
4.145617	0.640	8,175.000000
4.156283	0.640	7,921.000000
4.166950	0.640	7,749.000000
4.177617	0.640	7,570.000000
4.188283	0.640	7,672.000000
4.198950	0.640	7,826.000000
4.209617	0.640	7,870.000000
4.220283	0.640	7,743.000000
4.230950	0.640	7,075.000000
4.241617	0.640	5,824.000000
4.252283	0.640	4,442.000000
4.262950	0.640	3,828.000000
4.273617	0.640	4,317.000000
4.284283	0.640	5,049.000000
4.294950	0.640	5,933.000000
4.305617	0.640	7,567.000000
4.316283	0.640	9,416.000000
4.326950	0.640	10,501.000000
4.337617	0.640	10,350.000000
4.348283	0.640	9,358.000000
4.358950	0.640	8,595.000000
4.369617	0.640	8,672.000000
4.380283	0.640	9,037.000000
4.390950	0.640	8,143.000000
4.401617	0.640	6,011.000000
4.412283	0.640	5,476.000000
4.422950	0.640	7,564.000000
4.433617	0.640	9,346.000000
4.444283	0.640	8,558.000000
4.454950	0.640	6,444.000000
4.465617	0.640	5,511.000000
4.476283	0.640	6,523.000000
4.486950	0.640	8,234.000000
4.497617	0.640	8,939.000000
4.508283	0.640	8,221.000000
4.518950	0.640	8,079.000000
4.529617	0.640	10,195.000000
4.540283	0.640	12,925.000000
4.550950	0.640	14,618.000000
4.561617	0.640	17,201.000000
4.572283	0.640	23,727.000000
4.582950	0.640	36,793.000000
4.593617	0.640	60,329.000000
4.604283	0.640	98,551.000000
4.614950	0.640	157,271.000000
4.625617	0.640	250,090.000000
4.636283	0.640	400,026.000000
4.646950	0.640	641,905.000000
4.657617	0.640	1,041,999.000000
4.668283	0.640	1,744,972.000000
4.678950	0.640	3,023,718.000000
4.689617	0.640	5,233,398.000000
4.700283	0.640	8,529,904.000000
4.710950	0.640	12,412,005.000000
4.721617	0.640	15,562,458.000000
4.732283	0.640	16,477,524.000000
4.742950	0.640	14,598,580.000000
4.753617	0.640	10,843,828.000000
4.764283	0.640	6,884,255.000000
4.774950	0.640	3,926,902.000000
4.785617	0.640	2,194,948.000000
4.796283	0.640	1,299,264.000000
4.806950	0.640	815,528.000000
4.817617	0.640	520,642.000000
4.828283	0.640	332,282.000000
4.838950	0.640	212,505.000000
4.849617	0.640	135,685.000000
4.860283	0.640	86,245.000000
4.870950	0.640	55,421.000000
4.881617	0.640	37,200.000000
4.892283	0.640	26,907.000000
4.902950	0.640	20,972.000000
4.913617	0.640	16,806.000000
4.924283	0.640	13,522.000000
4.934950	0.640	11,628.000000
4.945617	0.640	11,194.000000
4.956283	0.640	11,432.000000
4.966950	0.640	11,730.000000
4.977617	0.640	11,538.000000
4.988283	0.640	10,779.000000
4.998950	0.640	10,781.000000
5.009617	0.640	11,484.000000
5.020283	0.640	10,875.000000
5.030950	0.640	9,410.000000
5.041617	0.640	8,950.000000
5.052283	0.640	8,725.000000
5.062950	0.640	7,721.000000
5.073617	0.640	7,326.000000
5.084283	0.640	8,562.000000
5.094950	0.640	9,990.000000
5.105617	0.640	9,849.000000
5.116283	0.640	8,635.000000
5.126950	0.640	8,230.000000
5.137617	0.640	8,762.000000
5.148283	0.640	8,732.000000
5.158950	0.640	8,018.000000
5.169617	0.640	7,543.000000
5.180283	0.640	7,154.000000
5.190950	0.640	6,454.000000
5.201617	0.640	6,033.000000
5.212283	0.640	6,483.000000
5.222950	0.640	7,677.000000
5.233617	0.640	9,007.000000
5.244283	0.640	8,807.000000
5.254950	0.640	6,468.000000
5.265617	0.640	4,718.000000
5.276283	0.640	5,169.000000
5.286950	0.640	6,221.000000
5.297617	0.640	6,843.000000
5.308283	0.640	7,462.000000
5.318950	0.640	8,389.000000
5.329617	0.640	9,073.000000
5.340283	0.640	9,261.000000
5.350950	0.640	9,483.000000
5.361617	0.640	9,168.000000
5.372283	0.640	7,744.000000
5.382950	0.640	6,580.000000
5.393617	0.640	6,516.000000
5.404283	0.640	6,804.000000
5.414950	0.640	7,593.000000
5.425617	0.640	9,434.000000
5.436283	0.640	11,296.000000
5.446950	0.640	11,993.000000
5.457617	0.640	11,778.000000
5.468283	0.640	11,454.000000
5.478950	0.640	11,530.000000
5.489617	0.640	12,461.000000
5.500283	0.640	14,407.000000
5.510950	0.640	17,963.000000
5.521617	0.640	24,814.000000
5.532283	0.640	35,117.000000
5.542950	0.640	47,865.000000
5.553617	0.640	63,418.000000
5.564283	0.640	80,135.000000
5.574950	0.640	92,843.000000
5.585617	0.640	97,708.000000
5.596283	0.640	94,421.000000
5.606950	0.640	84,323.000000
5.617617	0.640	70,165.000000
5.628283	0.640	56,281.000000
5.638950	0.640	45,348.000000
5.649617	0.640	36,518.000000
5.660283	0.640	28,940.000000
5.670950	0.640	23,500.000000
5.681617	0.640	19,573.000000
5.692283	0.640	15,250.000000
5.702950	0.640	11,124.000000
5.713617	0.640	8,965.000000
5.724283	0.640	8,374.000000
5.734950	0.640	8,168.000000
5.745617	0.640	8,294.000000
5.756283	0.640	8,488.000000
5.766950	0.640	8,334.000000
5.777617	0.640	8,253.000000
5.788283	0.640	7,810.000000
5.798950	0.640	6,101.000000
5.809617	0.640	4,377.000000
5.820283	0.640	4,950.000000
5.830950	0.640	7,510.000000
5.841617	0.640	8,868.000000
5.852283	0.640	7,465.000000
5.862950	0.640	5,450.000000
5.873617	0.640	5,131.000000
5.884283	0.640	6,405.000000
5.894950	0.640	7,829.000000
5.905617	0.640	8,497.000000
5.916283	0.640	8,949.000000
5.926950	0.640	9,608.000000
5.937617	0.640	9,647.000000
5.948283	0.640	9,133.000000
5.958950	0.640	9,127.000000
5.969617	0.640	9,534.000000
5.980283	0.640	9,644.000000
5.990950	0.640	9,434.000000
6.001617	0.640	9,346.000000
6.012283	0.640	9,344.000000
6.022950	0.640	9,016.000000
6.033617	0.640	8,566.000000
6.044283	0.640	8,353.000000
6.054950	0.640	8,368.000000
6.065617	0.640	8,632.000000
6.076283	0.640	8,992.000000
6.086950	0.640	9,841.000000
6.097617	0.640	12,096.000000
6.108283	0.640	15,418.000000
6.118950	0.640	19,422.000000
6.129617	0.640	25,320.000000
6.140283	0.640	33,123.000000
6.150950	0.640	39,908.000000
6.161617	0.640	43,451.000000
6.172283	0.640	44,139.000000
6.182950	0.640	42,221.000000
6.193617	0.640	37,299.000000
6.204283	0.640	30,554.000000
6.214950	0.640	24,346.000000
6.225617	0.640	19,442.000000
6.236283	0.640	15,474.000000
6.246950	0.640	13,598.000000
6.257617	0.640	14,839.000000
6.268283	0.640	18,751.000000
6.278950	0.640	26,369.000000
6.289617	0.640	40,623.000000
6.300283	0.640	64,628.000000
6.310950	0.640	100,995.000000
6.321617	0.640	152,338.000000
6.332283	0.640	226,844.000000
6.342950	0.640	342,874.000000
6.353617	0.640	527,128.000000
6.364283	0.640	823,666.000000
6.374950	0.640	1,312,353.000000
6.385617	0.640	2,091,366.000000
6.396283	0.640	3,213,215.000000
6.406950	0.640	4,611,865.000000
6.417617	0.640	6,044,898.000000
6.428283	0.640	7,124,977.000000
6.438950	0.640	7,507,165.000000
6.449617	0.640	7,087,400.000000
6.460283	0.640	6,023,478.000000
6.470950	0.640	4,628,043.000000
6.481617	0.640	3,243,457.000000
6.492283	0.640	2,109,116.000000
6.502950	0.640	1,296,606.000000
6.513617	0.640	767,377.000000
6.524283	0.640	450,086.000000
6.534950	0.640	271,257.000000
6.545617	0.640	170,114.000000
6.556283	0.640	108,658.000000
6.566950	0.640	69,734.000000
6.577617	0.640	46,641.000000
6.588283	0.640	33,534.000000
6.598950	0.640	24,885.000000
6.609617	0.640	18,800.000000
6.620283	0.640	15,608.000000
6.630950	0.640	14,553.000000
6.641617	0.640	14,057.000000
6.652283	0.640	13,918.000000
6.662950	0.640	14,627.000000
6.673617	0.640	15,564.000000
6.684283	0.640	15,982.000000
6.694950	0.640	16,154.000000
6.705617	0.640	16,627.000000
6.716283	0.640	17,343.000000
6.726950	0.640	17,321.000000
6.737617	0.640	15,527.000000
6.748283	0.640	12,738.000000
6.758950	0.640	11,523.000000
6.769617	0.640	13,041.000000
6.780283	0.640	15,205.000000
6.790950	0.640	15,650.000000
6.801617	0.640	14,731.000000
6.812283	0.640	14,404.000000
6.822950	0.640	15,773.000000
6.833617	0.640	18,730.000000
6.844283	0.640	22,969.000000
6.854950	0.640	27,913.000000
6.865617	0.640	32,624.000000
6.876283	0.640	36,452.000000
6.886950	0.640	38,449.000000
6.897617	0.640	37,540.000000
6.908283	0.640	34,264.000000
6.918950	0.640	30,278.000000
6.929617	0.640	27,143.000000
6.940283	0.640	25,962.000000
6.950950	0.640	26,696.000000
6.961617	0.640	28,240.000000
6.972283	0.640	28,636.000000
6.982950	0.640	26,429.000000
6.993617	0.640	22,745.000000
7.004283	0.640	19,671.000000
7.014950	0.640	17,496.000000
7.025617	0.640	15,035.000000
7.036283	0.640	11,756.000000
7.046950	0.640	9,223.000000
7.057617	0.640	9,136.000000
7.068283	0.640	10,510.000000
7.078950	0.640	11,108.000000
7.089617	0.640	10,278.000000
7.100283	0.640	9,243.000000
7.110950	0.640	9,458.000000
7.121617	0.640	10,763.000000
7.132283	0.640	11,402.000000
7.142950	0.640	10,500.000000
7.153617	0.640	9,395.000000
7.164283	0.640	8,867.000000
7.174950	0.640	8,352.000000
7.185617	0.640	8,102.000000
7.196283	0.640	8,491.000000
7.206950	0.640	9,399.000000
7.217617	0.640	10,831.000000
7.228283	0.640	12,595.000000
7.238950	0.640	13,830.000000
7.249617	0.640	13,434.000000
7.260283	0.640	12,000.000000
7.270950	0.640	11,333.000000
7.281617	0.640	11,215.000000
7.292283	0.640	10,129.000000
7.302950	0.640	8,859.000000
7.313617	0.640	9,680.000000
7.324283	0.640	12,075.000000
7.334950	0.640	12,962.000000
7.345617	0.640	11,462.000000
7.356283	0.640	9,774.000000
7.366950	0.640	9,303.000000
7.377617	0.640	9,298.000000
7.388283	0.640	8,845.000000
7.398950	0.640	7,932.000000
7.409617	0.640	7,557.000000
7.420283	0.640	8,704.000000
7.430950	0.640	10,570.000000
7.441617	0.640	11,539.000000
7.452283	0.640	11,336.000000
7.462950	0.640	10,413.000000
7.473617	0.640	8,749.000000
7.484283	0.640	7,335.000000
7.494950	0.640	7,793.000000
7.505617	0.640	9,220.000000
7.516283	0.640	9,642.000000
7.526950	0.640	9,036.000000
7.537617	0.640	8,444.000000
7.548283	0.640	8,457.000000
7.558950	0.640	8,718.000000
7.569617	0.640	8,860.000000
7.580283	0.640	9,163.000000
7.590950	0.640	9,548.000000
7.601617	0.640	10,006.000000
7.612283	0.640	10,962.000000
7.622950	0.640	11,836.000000
7.633617	0.640	11,886.000000
7.644283	0.640	11,707.000000
7.654950	0.640	11,724.000000
7.665617	0.640	11,531.000000
7.676283	0.640	11,209.000000
7.686950	0.640	11,295.000000
7.697617	0.640	11,632.000000
7.708283	0.640	11,884.000000
7.718950	0.640	13,225.000000
7.729617	0.640	17,374.000000
7.740283	0.640	25,009.000000
7.750950	0.640	37,126.000000
7.761617	0.640	56,373.000000
7.772283	0.640	86,132.000000
7.782950	0.640	130,152.000000
7.793617	0.640	196,210.000000
7.804283	0.640	298,763.000000
7.814950	0.640	455,322.000000
7.825617	0.640	686,663.000000
7.836283	0.640	1,030,300.000000
7.846950	0.640	1,559,674.000000
7.857617	0.640	2,401,330.000000
7.868283	0.640	3,753,721.000000
7.878950	0.640	5,849,017.000000
7.889617	0.640	8,758,670.000000
7.900283	0.640	12,141,645.000000
7.910950	0.640	15,224,461.000000
7.921617	0.640	17,092,123.000000
7.932283	0.640	17,076,092.000000
7.942950	0.640	15,099,402.000000
7.953617	0.640	11,817,128.000000
7.964283	0.640	8,269,090.000000
7.974950	0.640	5,272,554.000000
7.985617	0.640	3,141,868.000000
7.996283	0.640	1,806,171.000000
8.006950	0.640	1,033,256.000000
8.017617	0.640	601,745.000000
8.028283	0.640	365,514.000000
8.038950	0.640	234,847.000000
8.049617	0.640	155,422.000000
8.060283	0.640	102,293.000000
8.070950	0.640	68,133.000000
8.081617	0.640	49,179.000000
8.092283	0.640	40,179.000000
8.102950	0.640	36,721.000000
8.113617	0.640	36,669.000000
8.124283	0.640	38,440.000000
8.134950	0.640	39,726.000000
8.145617	0.640	38,674.000000
8.156283	0.640	34,924.000000
8.166950	0.640	29,610.000000
8.177617	0.640	24,928.000000
8.188283	0.640	21,803.000000
8.198950	0.640	19,106.000000
8.209617	0.640	16,833.000000
8.220283	0.640	16,623.000000
8.230950	0.640	18,113.000000
8.241617	0.640	19,005.000000
8.252283	0.640	18,741.000000
8.262950	0.640	18,201.000000
8.273617	0.640	17,214.000000
8.284283	0.640	15,432.000000
8.294950	0.640	13,797.000000
8.305617	0.640	12,922.000000
8.316283	0.640	11,971.000000
8.326950	0.640	10,563.000000
8.337617	0.640	9,598.000000
8.348283	0.640	9,810.000000
8.358950	0.640	10,804.000000
8.369617	0.640	11,210.000000
8.380283	0.640	10,399.000000
8.390950	0.640	9,573.000000
8.401617	0.640	9,726.000000
8.412283	0.640	10,381.000000
8.422950	0.640	11,015.000000
8.433617	0.640	11,936.000000
8.444283	0.640	13,435.000000
8.454950	0.640	14,996.000000
8.465617	0.640	15,840.000000
8.476283	0.640	15,719.000000
8.486950	0.640	14,835.000000
8.497617	0.640	13,937.000000
8.508283	0.640	14,484.000000
8.518950	0.640	17,051.000000
8.529617	0.640	20,712.000000
8.540283	0.640	25,208.000000
8.550950	0.640	32,132.000000
8.561617	0.640	44,968.000000
8.572283	0.640	67,946.000000
8.582950	0.640	103,892.000000
8.593617	0.640	156,679.000000
8.604283	0.640	234,951.000000
8.614950	0.640	351,274.000000
8.625617	0.640	522,644.000000
8.636283	0.640	772,265.000000
8.646950	0.640	1,131,862.000000
8.657617	0.640	1,653,735.000000
8.668283	0.640	2,428,752.000000
8.678950	0.640	3,596,161.000000
8.689617	0.640	5,336,645.000000
8.700283	0.640	7,818,703.000000
8.710950	0.640	11,034,741.000000
8.721617	0.640	14,591,468.000000
8.732283	0.640	17,686,645.000000
8.742950	0.640	19,394,783.000000
8.753617	0.640	19,126,578.000000
8.764283	0.640	16,941,342.000000
8.774950	0.640	13,500,514.000000
8.785617	0.640	9,737,645.000000
8.796283	0.640	6,438,146.000000
8.806950	0.640	3,978,700.000000
8.817617	0.640	2,359,450.000000
8.828283	0.640	1,385,239.000000
8.838950	0.640	824,307.000000
8.849617	0.640	499,487.000000
8.860283	0.640	309,282.000000
8.870950	0.640	199,206.000000
8.881617	0.640	134,533.000000
8.892283	0.640	94,254.000000
8.902950	0.640	68,059.000000
8.913617	0.640	51,385.000000
8.924283	0.640	41,570.000000
8.934950	0.640	35,392.000000
8.945617	0.640	30,817.000000
8.956283	0.640	28,012.000000
8.966950	0.640	26,372.000000
8.977617	0.640	24,271.000000
8.988283	0.640	22,233.000000
8.998950	0.640	21,901.000000
9.009617	0.640	21,875.000000
9.020283	0.640	20,092.000000
9.030950	0.640	17,802.000000
9.041617	0.640	16,614.000000
9.052283	0.640	16,126.000000
9.062950	0.640	15,477.000000
9.073617	0.640	14,967.000000
9.084283	0.640	15,319.000000
9.094950	0.640	15,772.000000
9.105617	0.640	15,815.000000
9.116283	0.640	16,027.000000
9.126950	0.640	15,965.000000
9.137617	0.640	15,716.000000
9.148283	0.640	16,834.000000
9.158950	0.640	18,683.000000
9.169617	0.640	19,051.000000
9.180283	0.640	18,629.000000
9.190950	0.640	19,093.000000
9.201617	0.640	19,312.000000
9.212283	0.640	17,918.000000
9.222950	0.640	16,024.000000
9.233617	0.640	15,153.000000
9.244283	0.640	14,830.000000
9.254950	0.640	14,012.000000
9.265617	0.640	13,491.000000
9.276283	0.640	14,112.000000
9.286950	0.640	15,135.000000
9.297617	0.640	15,885.000000
9.308283	0.640	16,425.000000
9.318950	0.640	17,005.000000
9.329617	0.640	17,026.000000
9.340283	0.640	15,453.000000
9.350950	0.640	13,426.000000
9.361617	0.640	13,629.000000
9.372283	0.640	16,395.000000
9.382950	0.640	18,340.000000
9.393617	0.640	17,169.000000
9.404283	0.640	15,759.000000
9.414950	0.640	16,477.000000
9.425617	0.640	17,172.000000
9.436283	0.640	16,854.000000
9.446950	0.640	17,520.000000
9.457617	0.640	19,225.000000
9.468283	0.640	20,096.000000
9.478950	0.640	20,827.000000
9.489617	0.640	24,602.000000
9.500283	0.640	33,160.000000
9.510950	0.640	45,556.000000
9.521617	0.640	61,870.000000
9.532283	0.640	86,579.000000
9.542950	0.640	126,304.000000
9.553617	0.640	186,688.000000
9.564283	0.640	273,211.000000
9.574950	0.640	392,797.000000
9.585617	0.640	558,234.000000
9.596283	0.640	796,047.000000
9.606950	0.640	1,152,265.000000
9.617617	0.640	1,703,334.000000
9.628283	0.640	2,579,657.000000
9.638950	0.640	3,966,800.000000
9.649617	0.640	6,024,478.000000
9.660283	0.640	8,732,956.000000
9.670950	0.640	11,737,957.000000
9.681617	0.640	14,316,579.000000
9.692283	0.640	15,629,093.000000
9.702950	0.640	15,173,473.000000
9.713617	0.640	13,073,732.000000
9.724283	0.640	10,005,866.000000
9.734950	0.640	6,853,474.000000
9.745617	0.640	4,283,116.000000
9.756283	0.640	2,521,034.000000
9.766950	0.640	1,454,963.000000
9.777617	0.640	854,138.000000
9.788283	0.640	518,569.000000
9.798950	0.640	327,257.000000
9.809617	0.640	215,087.000000
9.820283	0.640	145,140.000000
9.830950	0.640	99,942.000000
9.841617	0.640	71,955.000000
9.852283	0.640	55,445.000000
9.862950	0.640	46,417.000000
9.873617	0.640	43,147.000000
9.884283	0.640	44,042.000000
9.894950	0.640	48,127.000000
9.905617	0.640	57,626.000000
9.916283	0.640	75,463.000000
9.926950	0.640	100,911.000000
9.937617	0.640	134,942.000000
9.948283	0.640	186,516.000000
9.958950	0.640	264,975.000000
9.969617	0.640	376,292.000000
9.980283	0.640	537,738.000000
9.990950	0.640	790,666.000000
10.001617	0.640	1,197,642.000000
10.012283	0.640	1,833,955.000000
10.022950	0.640	2,762,505.000000
10.033617	0.640	3,959,817.000000
10.044283	0.640	5,238,719.000000
10.054950	0.640	6,268,027.000000
10.065617	0.640	6,707,499.000000
10.076283	0.640	6,381,115.000000
10.086950	0.640	5,376,483.000000
10.097617	0.640	4,011,109.000000
10.108283	0.640	2,678,645.000000
10.118950	0.640	1,648,843.000000
10.129617	0.640	976,837.000000
10.140283	0.640	580,285.000000
10.150950	0.640	356,022.000000
10.161617	0.640	232,092.000000
10.172283	0.640	165,185.000000
10.182950	0.640	127,363.000000
10.193617	0.640	103,764.000000
10.204283	0.640	89,606.000000
10.214950	0.640	81,747.000000
10.225617	0.640	76,953.000000
10.236283	0.640	73,196.000000
10.246950	0.640	68,599.000000
10.257617	0.640	62,023.000000
10.268283	0.640	54,262.000000
10.278950	0.640	47,220.000000
10.289617	0.640	42,027.000000
10.300283	0.640	38,805.000000
10.310950	0.640	36,575.000000
10.321617	0.640	33,601.000000
10.332283	0.640	31,047.000000
10.342950	0.640	32,006.000000
10.353617	0.640	36,353.000000
10.364283	0.640	42,264.000000
10.374950	0.640	48,885.000000
10.385617	0.640	54,761.000000
10.396283	0.640	58,806.000000
10.406950	0.640	61,627.000000
10.417617	0.640	62,286.000000
10.428283	0.640	58,181.000000
10.438950	0.640	49,546.000000
10.449617	0.640	39,961.000000
10.460283	0.640	33,515.000000
10.470950	0.640	31,353.000000
10.481617	0.640	30,681.000000
10.492283	0.640	29,173.000000
10.502950	0.640	26,920.000000
10.513617	0.640	24,619.000000
10.524283	0.640	23,625.000000
10.534950	0.640	24,502.000000
10.545617	0.640	25,312.000000
10.556283	0.640	24,693.000000
10.566950	0.640	24,403.000000
10.577617	0.640	26,128.000000
10.588283	0.640	28,571.000000
10.598950	0.640	29,431.000000
10.609617	0.640	27,669.000000
10.620283	0.640	24,558.000000
10.630950	0.640	23,278.000000
10.641617	0.640	24,782.000000
10.652283	0.640	26,406.000000
10.662950	0.640	26,696.000000
10.673617	0.640	27,299.000000
10.684283	0.640	28,914.000000
10.694950	0.640	29,764.000000
10.705617	0.640	29,469.000000
10.716283	0.640	29,651.000000
10.726950	0.640	29,755.000000
10.737617	0.640	27,890.000000
10.748283	0.640	25,246.000000
10.758950	0.640	24,483.000000
10.769617	0.640	25,030.000000
10.780283	0.640	24,498.000000
10.790950	0.640	23,392.000000
10.801617	0.640	23,946.000000
10.812283	0.640	25,812.000000
10.822950	0.640	27,126.000000
10.833617	0.640	28,334.000000
10.844283	0.640	30,569.000000
10.854950	0.640	32,813.000000
10.865617	0.640	35,762.000000
10.876283	0.640	43,514.000000
10.886950	0.640	57,701.000000
10.897617	0.640	77,788.000000
10.908283	0.640	108,300.000000
10.918950	0.640	157,837.000000
10.929617	0.640	234,066.000000
10.940283	0.640	344,681.000000
10.950950	0.640	502,361.000000
10.961617	0.640	729,717.000000
10.972283	0.640	1,058,477.000000
10.982950	0.640	1,527,276.000000
10.993617	0.640	2,191,006.000000
11.004283	0.640	3,160,567.000000
11.014950	0.640	4,644,989.000000
11.025617	0.640	6,913,706.000000
11.036283	0.640	10,182,927.000000
11.046950	0.640	14,475,247.000000
11.057617	0.640	19,417,287.000000
11.068283	0.640	24,081,041.000000
11.078950	0.640	27,203,841.000000
11.089617	0.640	27,788,023.000000
11.100283	0.640	25,600,893.000000
11.110950	0.640	21,261,678.000000
11.121617	0.640	15,957,152.000000
11.132283	0.640	10,920,166.000000
11.142950	0.640	6,935,692.000000
11.153617	0.640	4,198,189.000000
11.164283	0.640	2,512,305.000000
11.174950	0.640	1,559,294.000000
11.185617	0.640	1,061,738.000000
11.196283	0.640	832,075.000000
11.206950	0.640	763,755.000000
11.217617	0.640	812,804.000000
11.228283	0.640	968,922.000000
11.238950	0.640	1,242,787.000000
11.249617	0.640	1,680,730.000000
11.260283	0.640	2,370,379.000000
11.270950	0.640	3,443,062.000000
11.281617	0.640	5,064,246.000000
11.292283	0.640	7,340,744.000000
11.302950	0.640	10,172,421.000000
11.313617	0.640	13,157,040.000000
11.324283	0.640	15,619,764.000000
11.334950	0.640	16,825,976.000000
11.345617	0.640	16,326,821.000000
11.356283	0.640	14,229,316.000000
11.366950	0.640	11,164,421.000000
11.377617	0.640	7,946,157.000000
11.388283	0.640	5,199,965.000000
11.398950	0.640	3,193,037.000000
11.409617	0.640	1,886,768.000000
11.420283	0.640	1,103,549.000000
11.430950	0.640	659,940.000000
11.441617	0.640	414,826.000000
11.452283	0.640	274,634.000000
11.462950	0.640	188,328.000000
11.473617	0.640	133,693.000000
11.484283	0.640	99,400.000000
11.494950	0.640	77,757.000000
11.505617	0.640	65,282.000000
11.516283	0.640	59,521.000000
11.526950	0.640	56,788.000000
11.537617	0.640	55,399.000000
11.548283	0.640	55,499.000000
11.558950	0.640	56,085.000000
11.569617	0.640	56,410.000000
11.580283	0.640	56,491.000000
11.590950	0.640	55,178.000000
11.601617	0.640	51,614.000000
11.612283	0.640	47,005.000000
11.622950	0.640	43,328.000000
11.633617	0.640	41,765.000000
11.644283	0.640	41,516.000000
11.654950	0.640	40,457.000000
11.665617	0.640	38,164.000000
11.676283	0.640	36,365.000000
11.686950	0.640	36,456.000000
11.697617	0.640	38,178.000000
11.708283	0.640	40,098.000000
11.718950	0.640	41,261.000000
11.729617	0.640	42,440.000000
11.740283	0.640	44,824.000000
11.750950	0.640	48,064.000000
11.761617	0.640	51,319.000000
11.772283	0.640	55,075.000000
11.782950	0.640	60,540.000000
11.793617	0.640	69,517.000000
11.804283	0.640	85,050.000000
11.814950	0.640	109,064.000000
11.825617	0.640	142,402.000000
11.836283	0.640	190,547.000000
11.846950	0.640	261,646.000000
11.857617	0.640	358,857.000000
11.868283	0.640	481,169.000000
11.878950	0.640	626,222.000000
11.889617	0.640	794,155.000000
11.900283	0.640	1,000,661.000000
11.910950	0.640	1,290,606.000000
11.921617	0.640	1,747,470.000000
11.932283	0.640	2,505,592.000000
11.942950	0.640	3,734,169.000000
11.953617	0.640	5,557,995.000000
11.964283	0.640	7,940,852.000000
11.974950	0.640	10,566,717.000000
11.985617	0.640	12,818,903.000000
11.996283	0.640	13,986,650.000000
12.006950	0.640	13,622,871.000000
12.017617	0.640	11,812,796.000000
12.028283	0.640	9,141,204.000000
12.038950	0.640	6,362,802.000000
12.049617	0.640	4,043,302.000000
12.060283	0.640	2,405,370.000000
12.070950	0.640	1,392,634.000000
12.081617	0.640	823,184.000000
12.092283	0.640	512,475.000000
12.102950	0.640	334,389.000000
12.113617	0.640	226,147.000000
12.124283	0.640	159,783.000000
12.134950	0.640	119,019.000000
12.145617	0.640	93,680.000000
12.156283	0.640	77,932.000000
12.166950	0.640	67,810.000000
12.177617	0.640	61,004.000000
12.188283	0.640	56,069.000000
12.198950	0.640	51,878.000000
12.209617	0.640	48,679.000000
12.220283	0.640	46,863.000000
12.230950	0.640	45,188.000000
12.241617	0.640	42,738.000000
12.252283	0.640	40,646.000000
12.262950	0.640	40,128.000000
12.273617	0.640	40,511.000000
12.284283	0.640	40,147.000000
12.294950	0.640	38,934.000000
12.305617	0.640	38,508.000000
12.316283	0.640	39,206.000000
12.326950	0.640	39,419.000000
12.337617	0.640	38,351.000000
12.348283	0.640	37,383.000000
12.358950	0.640	38,361.000000
12.369617	0.640	40,482.000000
12.380283	0.640	41,896.000000
12.390950	0.640	43,057.000000
12.401617	0.640	44,121.000000
12.412283	0.640	44,126.000000
12.422950	0.640	43,985.000000
12.433617	0.640	45,080.000000
12.444283	0.640	46,907.000000
12.454950	0.640	48,622.000000
12.465617	0.640	50,230.000000
12.476283	0.640	51,431.000000
12.486950	0.640	51,777.000000
12.497617	0.640	51,735.000000
12.508283	0.640	51,468.000000
12.518950	0.640	50,628.000000
12.529617	0.640	50,578.000000
12.540283	0.640	52,169.000000
12.550950	0.640	53,042.000000
12.561617	0.640	51,885.000000
12.572283	0.640	50,997.000000
12.582950	0.640	51,984.000000
12.593617	0.640	53,410.000000
12.604283	0.640	54,461.000000
12.614950	0.640	55,841.000000
12.625617	0.640	55,900.000000
12.636283	0.640	52,257.000000
12.646950	0.640	47,179.000000
12.657617	0.640	45,037.000000
12.668283	0.640	45,921.000000
12.678950	0.640	46,947.000000
12.689617	0.640	46,829.000000
12.700283	0.640	46,627.000000
12.710950	0.640	47,362.000000
12.721617	0.640	47,334.000000
12.732283	0.640	44,649.000000
12.742950	0.640	41,452.000000
12.753617	0.640	40,693.000000
12.764283	0.640	41,748.000000
12.774950	0.640	43,182.000000
12.785617	0.640	44,617.000000
12.796283	0.640	45,345.000000
12.806950	0.640	45,745.000000
12.817617	0.640	46,956.000000
12.828283	0.640	48,122.000000
12.838950	0.640	47,278.000000
12.849617	0.640	43,963.000000
12.860283	0.640	39,691.000000
12.870950	0.640	36,575.000000
12.881617	0.640	35,819.000000
12.892283	0.640	36,251.000000
12.902950	0.640	35,601.000000
12.913617	0.640	34,878.000000
12.924283	0.640	36,646.000000
12.934950	0.640	39,148.000000
12.945617	0.640	38,921.000000
12.956283	0.640	36,914.000000
12.966950	0.640	35,940.000000
12.977617	0.640	35,657.000000
12.988283	0.640	34,616.000000
12.998950	0.640	33,790.000000
13.009617	0.640	34,892.000000
13.020283	0.640	36,904.000000
13.030950	0.640	37,347.000000
13.041617	0.640	36,423.000000
13.052283	0.640	36,031.000000
13.062950	0.640	36,016.000000
13.073617	0.640	34,624.000000
13.084283	0.640	32,019.000000
13.094950	0.640	30,877.000000
13.105617	0.640	32,086.000000
13.116283	0.640	33,454.000000
13.126950	0.640	33,754.000000
13.137617	0.640	33,869.000000
13.148283	0.640	34,566.000000
13.158950	0.640	35,423.000000
13.169617	0.640	35,392.000000
13.180283	0.640	34,715.000000
13.190950	0.640	35,079.000000
13.201617	0.640	36,896.000000
13.212283	0.640	39,271.000000
13.222950	0.640	41,572.000000
13.233617	0.640	43,001.000000
13.244283	0.640	43,479.000000
13.254950	0.640	44,271.000000
13.265617	0.640	45,559.000000
13.276283	0.640	45,851.000000
13.286950	0.640	44,632.000000
13.297617	0.640	42,971.000000
13.308283	0.640	41,529.000000
13.318950	0.640	40,215.000000
13.329617	0.640	38,801.000000
13.340283	0.640	36,741.000000
13.350950	0.640	34,324.000000
13.361617	0.640	33,203.000000
13.372283	0.640	33,657.000000
13.382950	0.640	34,252.000000
13.393617	0.640	34,390.000000
13.404283	0.640	33,999.000000
13.414950	0.640	33,389.000000
13.425617	0.640	34,125.000000
13.436283	0.640	35,818.000000
13.446950	0.640	35,468.000000
13.457617	0.640	33,070.000000
13.468283	0.640	31,421.000000
13.478950	0.640	31,394.000000
13.489617	0.640	32,736.000000
13.500283	0.640	34,440.000000
13.510950	0.640	34,155.000000
13.521617	0.640	32,246.000000
13.532283	0.640	31,605.000000
13.542950	0.640	32,654.000000
13.553617	0.640	33,783.000000
13.564283	0.640	34,160.000000
13.574950	0.640	34,204.000000
13.585617	0.640	35,017.000000
13.596283	0.640	36,552.000000
13.606950	0.640	37,498.000000
13.617617	0.640	37,244.000000
13.628283	0.640	36,170.000000
13.638950	0.640	35,745.000000
13.649617	0.640	37,852.000000
13.660283	0.640	42,264.000000
13.670950	0.640	46,928.000000
13.681617	0.640	50,830.000000
13.692283	0.640	55,055.000000
13.702950	0.640	62,217.000000
13.713617	0.640	75,677.000000
13.724283	0.640	97,413.000000
13.734950	0.640	126,555.000000
13.745617	0.640	162,641.000000
13.756283	0.640	209,092.000000
13.766950	0.640	271,364.000000
13.777617	0.640	355,481.000000
13.788283	0.640	469,207.000000
13.798950	0.640	620,113.000000
13.809617	0.640	813,111.000000
13.820283	0.640	1,058,503.000000
13.830950	0.640	1,383,195.000000
13.841617	0.640	1,826,360.000000
13.852283	0.640	2,437,930.000000
13.862950	0.640	3,289,379.000000
13.873617	0.640	4,473,032.000000
13.884283	0.640	6,092,846.000000
13.894950	0.640	8,229,489.000000
13.905617	0.640	10,849,588.000000
13.916283	0.640	13,724,249.000000
13.926950	0.640	16,449,235.000000
13.937617	0.640	18,544,089.000000
13.948283	0.640	19,571,182.000000
13.958950	0.640	19,262,663.000000
13.969617	0.640	17,630,026.000000
13.980283	0.640	15,010,148.000000
13.990950	0.640	11,942,130.000000
14.001617	0.640	8,913,170.000000
14.012283	0.640	6,246,894.000000
14.022950	0.640	4,137,515.000000
14.033617	0.640	2,635,315.000000
14.044283	0.640	1,647,014.000000
14.054950	0.640	1,026,011.000000
14.065617	0.640	650,689.000000
14.076283	0.640	433,468.000000
14.086950	0.640	307,705.000000
14.097617	0.640	229,919.000000
14.108283	0.640	179,357.000000
14.118950	0.640	145,324.000000
14.129617	0.640	121,941.000000
14.140283	0.640	106,498.000000
14.150950	0.640	94,438.000000
14.161617	0.640	82,454.000000
14.172283	0.640	72,002.000000
14.182950	0.640	65,099.000000
14.193617	0.640	61,165.000000
14.204283	0.640	57,685.000000
14.214950	0.640	52,886.000000
14.225617	0.640	47,929.000000
14.236283	0.640	45,518.000000
14.246950	0.640	46,492.000000
14.257617	0.640	48,561.000000
14.268283	0.640	49,101.000000
14.278950	0.640	48,266.000000
14.289617	0.640	47,318.000000
14.300283	0.640	46,461.000000
14.310950	0.640	46,609.000000
14.321617	0.640	49,135.000000
14.332283	0.640	53,115.000000
14.342950	0.640	56,523.000000
14.353617	0.640	58,710.000000
14.364283	0.640	59,731.000000
14.374950	0.640	59,568.000000
14.385617	0.640	58,982.000000
14.396283	0.640	58,700.000000
14.406950	0.640	57,815.000000
14.417617	0.640	55,449.000000
14.428283	0.640	52,317.000000
14.438950	0.640	49,537.000000
14.449617	0.640	47,961.000000
14.460283	0.640	47,868.000000
14.470950	0.640	48,381.000000
14.481617	0.640	48,427.000000
14.492283	0.640	48,241.000000
14.502950	0.640	48,643.000000
14.513617	0.640	49,046.000000
14.524283	0.640	48,135.000000
14.534950	0.640	46,505.000000
14.545617	0.640	46,231.000000
14.556283	0.640	47,728.000000
14.566950	0.640	48,935.000000
14.577617	0.640	48,489.000000
14.588283	0.640	48,047.000000
14.598950	0.640	49,914.000000
14.609617	0.640	54,471.000000
14.620283	0.640	59,841.000000
14.630950	0.640	62,963.000000
14.641617	0.640	63,844.000000
14.652283	0.640	66,442.000000
14.662950	0.640	72,008.000000
14.673617	0.640	76,487.000000
14.684283	0.640	76,397.000000
14.694950	0.640	73,262.000000
14.705617	0.640	70,215.000000
14.716283	0.640	67,389.000000
14.726950	0.640	63,594.000000
14.737617	0.640	59,732.000000
14.748283	0.640	58,290.000000
14.758950	0.640	59,825.000000
14.769617	0.640	62,418.000000
14.780283	0.640	65,109.000000
14.790950	0.640	67,589.000000
14.801617	0.640	68,208.000000
14.812283	0.640	66,330.000000
14.822950	0.640	63,587.000000
14.833617	0.640	61,665.000000
14.844283	0.640	61,030.000000
14.854950	0.640	60,935.000000
14.865617	0.640	60,329.000000
14.876283	0.640	59,467.000000
14.886950	0.640	59,780.000000
14.897617	0.640	61,603.000000
14.908283	0.640	63,066.000000
14.918950	0.640	62,930.000000
14.929617	0.640	62,367.000000
14.940283	0.640	61,833.000000
14.950950	0.640	60,388.000000
14.961617	0.640	58,651.000000
14.972283	0.640	58,389.000000
14.982950	0.640	60,097.000000
14.993617	0.640	61,866.000000
15.004283	0.640	61,990.000000
15.014950	0.640	62,480.000000
15.025617	0.640	64,924.000000
15.036283	0.640	66,938.000000
15.046950	0.640	67,407.000000
15.057617	0.640	67,562.000000
15.068283	0.640	67,346.000000
15.078950	0.640	67,367.000000
15.089617	0.640	69,378.000000
15.100283	0.640	72,998.000000
15.110950	0.640	76,981.000000
15.121617	0.640	80,725.000000
15.132283	0.640	83,030.000000
15.142950	0.640	84,053.000000
15.153617	0.640	85,836.000000
15.164283	0.640	87,197.000000
15.174950	0.640	84,159.000000
15.185617	0.640	77,460.000000
15.196283	0.640	72,061.000000
15.206950	0.640	70,859.000000
15.217617	0.640	73,626.000000
15.228283	0.640	77,081.000000
15.238950	0.640	77,381.000000
15.249617	0.640	75,403.000000
15.260283	0.640	74,282.000000
15.270950	0.640	74,325.000000
15.281617	0.640	74,354.000000
15.292283	0.640	74,192.000000
15.302950	0.640	74,764.000000
15.313617	0.640	76,370.000000
15.324283	0.640	77,561.000000
15.334950	0.640	77,951.000000
15.345617	0.640	79,332.000000
15.356283	0.640	81,855.000000
15.366950	0.640	83,411.000000
15.377617	0.640	83,156.000000
15.388283	0.640	82,044.000000
15.398950	0.640	80,962.000000
15.409617	0.640	79,962.000000
15.420283	0.640	79,093.000000
15.430950	0.640	79,122.000000
15.441617	0.640	79,544.000000
15.452283	0.640	79,202.000000
15.462950	0.640	79,399.000000
15.473617	0.640	81,092.000000
15.484283	0.640	82,660.000000
15.494950	0.640	84,331.000000
15.505617	0.640	88,043.000000
15.516283	0.640	92,424.000000
15.526950	0.640	96,752.000000
15.537617	0.640	105,867.000000
15.548283	0.640	123,855.000000
15.558950	0.640	149,316.000000
15.569617	0.640	176,868.000000
15.580283	0.640	197,629.000000
15.590950	0.640	202,433.000000
15.601617	0.640	188,355.000000
15.612283	0.640	161,039.000000
15.622950	0.640	131,633.000000
15.633617	0.640	110,604.000000
15.644283	0.640	100,402.000000
15.654950	0.640	96,334.000000
15.665617	0.640	94,852.000000
15.676283	0.640	94,152.000000
15.686950	0.640	92,670.000000
15.697617	0.640	91,834.000000
15.708283	0.640	92,129.000000
15.718950	0.640	91,790.000000
15.729617	0.640	93,120.000000
15.740283	0.640	99,553.000000
15.750950	0.640	109,210.000000
15.761617	0.640	119,950.000000
15.772283	0.640	136,820.000000
15.782950	0.640	171,284.000000
15.793617	0.640	236,686.000000
15.804283	0.640	347,739.000000
15.814950	0.640	527,510.000000
15.825617	0.640	819,346.000000
15.836283	0.640	1,314,482.000000
15.846950	0.640	2,204,378.000000
15.857617	0.640	3,803,973.000000
15.868283	0.640	6,411,937.000000
15.878950	0.640	9,922,122.000000
15.889617	0.640	13,444,275.000000
15.900283	0.640	15,499,773.000000
15.910950	0.640	14,978,214.000000
15.921617	0.640	12,084,026.000000
15.932283	0.640	8,208,034.000000
15.942950	0.640	4,820,743.000000
15.953617	0.640	2,594,424.000000
15.964283	0.640	1,416,308.000000
15.974950	0.640	866,617.000000
15.985617	0.640	594,434.000000
15.996283	0.640	429,446.000000
16.006950	0.640	319,936.000000
16.017617	0.640	249,115.000000
16.028283	0.640	205,404.000000
16.038950	0.640	180,967.000000
16.049617	0.640	169,176.000000
16.060283	0.640	163,967.000000
16.070950	0.640	160,627.000000
16.081617	0.640	157,894.000000
16.092283	0.640	159,839.000000
16.102950	0.640	168,424.000000
16.113617	0.640	180,051.000000
16.124283	0.640	193,410.000000
16.134950	0.640	209,612.000000
16.145617	0.640	226,159.000000
16.156283	0.640	239,348.000000
16.166950	0.640	248,035.000000
16.177617	0.640	250,506.000000
16.188283	0.640	244,412.000000
16.198950	0.640	230,097.000000
16.209617	0.640	209,717.000000
16.220283	0.640	188,022.000000
16.230950	0.640	170,889.000000
16.241617	0.640	159,367.000000
16.252283	0.640	151,319.000000
16.262950	0.640	145,859.000000
16.273617	0.640	143,002.000000
16.284283	0.640	143,215.000000
16.294950	0.640	145,794.000000
16.305617	0.640	147,086.000000
16.316283	0.640	145,285.000000
16.326950	0.640	143,336.000000
16.337617	0.640	142,761.000000
16.348283	0.640	141,821.000000
16.358950	0.640	140,341.000000
16.369617	0.640	139,871.000000
16.380283	0.640	140,327.000000
16.390950	0.640	140,960.000000
16.401617	0.640	143,494.000000
16.412283	0.640	148,871.000000
16.422950	0.640	153,960.000000
16.433617	0.640	156,923.000000
16.444283	0.640	161,570.000000
16.454950	0.640	174,406.000000
16.465617	0.640	200,434.000000
16.476283	0.640	245,997.000000
16.486950	0.640	327,190.000000
16.497617	0.640	468,549.000000
16.508283	0.640	700,936.000000
16.518950	0.640	1,077,959.000000
16.529617	0.640	1,698,547.000000
16.540283	0.640	2,751,419.000000
16.550950	0.640	4,605,333.000000
16.561617	0.640	7,832,503.000000
16.572283	0.640	12,933,733.000000
16.582950	0.640	19,660,718.000000
16.593617	0.640	26,366,431.000000
16.604283	0.640	30,372,243.000000
16.614950	0.640	29,654,954.000000
16.625617	0.640	24,451,337.000000
16.636283	0.640	17,113,777.000000
16.646950	0.640	10,372,755.000000
16.657617	0.640	5,715,391.000000
16.668283	0.640	3,121,438.000000
16.678950	0.640	1,843,978.000000
16.689617	0.640	1,197,365.000000
16.700283	0.640	821,367.000000
16.710950	0.640	583,514.000000
16.721617	0.640	433,289.000000
16.732283	0.640	338,909.000000
16.742950	0.640	279,847.000000
16.753617	0.640	244,032.000000
16.764283	0.640	222,732.000000
16.774950	0.640	209,080.000000
16.785617	0.640	199,850.000000
16.796283	0.640	195,322.000000
16.806950	0.640	196,255.000000
16.817617	0.640	201,758.000000
16.828283	0.640	209,800.000000
16.838950	0.640	218,882.000000
16.849617	0.640	226,969.000000
16.860283	0.640	232,538.000000
16.870950	0.640	236,557.000000
16.881617	0.640	238,927.000000
16.892283	0.640	237,443.000000
16.902950	0.640	231,774.000000
16.913617	0.640	224,490.000000
16.924283	0.640	218,593.000000
16.934950	0.640	215,476.000000
16.945617	0.640	215,196.000000
16.956283	0.640	217,473.000000
16.966950	0.640	221,013.000000
16.977617	0.640	223,991.000000
16.988283	0.640	225,928.000000
16.998950	0.640	227,347.000000
17.009617	0.640	229,961.000000
17.020283	0.640	236,465.000000
17.030950	0.640	248,593.000000
17.041617	0.640	266,790.000000
17.052283	0.640	289,113.000000
17.062950	0.640	315,515.000000
17.073617	0.640	355,770.000000
17.084283	0.640	423,698.000000
17.094950	0.640	529,051.000000
17.105617	0.640	683,461.000000
17.116283	0.640	911,056.000000
17.126950	0.640	1,249,057.000000
17.137617	0.640	1,734,227.000000
17.148283	0.640	2,385,810.000000
17.158950	0.640	3,181,206.000000
17.169617	0.640	4,033,598.000000
17.180283	0.640	4,809,294.000000
17.190950	0.640	5,372,141.000000
17.201617	0.640	5,612,612.000000
17.212283	0.640	5,464,531.000000
17.222950	0.640	4,936,918.000000
17.233617	0.640	4,135,381.000000
17.244283	0.640	3,225,651.000000
17.254950	0.640	2,364,650.000000
17.265617	0.640	1,650,542.000000
17.276283	0.640	1,117,745.000000
17.286950	0.640	759,117.000000
17.297617	0.640	538,463.000000
17.308283	0.640	406,570.000000
17.318950	0.640	325,684.000000
17.329617	0.640	277,268.000000
17.340283	0.640	251,663.000000
17.350950	0.640	238,088.000000
17.361617	0.640	228,894.000000
17.372283	0.640	222,952.000000
17.382950	0.640	219,381.000000
17.393617	0.640	217,740.000000
17.404283	0.640	219,346.000000
17.414950	0.640	222,899.000000
17.425617	0.640	226,548.000000
17.436283	0.640	230,780.000000
17.446950	0.640	236,046.000000
17.457617	0.640	243,466.000000
17.468283	0.640	254,709.000000
17.478950	0.640	269,048.000000
17.489617	0.640	283,906.000000
17.500283	0.640	298,183.000000
17.510950	0.640	312,689.000000
17.521617	0.640	327,002.000000
17.532283	0.640	341,289.000000
17.542950	0.640	359,472.000000
17.553617	0.640	384,552.000000
17.564283	0.640	418,341.000000
17.574950	0.640	466,505.000000
17.585617	0.640	528,289.000000
17.596283	0.640	585,714.000000
17.606950	0.640	619,624.000000
17.617617	0.640	625,228.000000
17.628283	0.640	603,481.000000
17.638950	0.640	556,001.000000
17.649617	0.640	492,249.000000
17.660283	0.640	429,024.000000
17.670950	0.640	380,642.000000
17.681617	0.640	350,510.000000
17.692283	0.640	333,139.000000
17.702950	0.640	323,995.000000
17.713617	0.640	321,055.000000
17.724283	0.640	319,595.000000
17.734950	0.640	315,605.000000
17.745617	0.640	311,716.000000
17.756283	0.640	312,152.000000
17.766950	0.640	315,245.000000
17.777617	0.640	317,942.000000
17.788283	0.640	321,642.000000
17.798950	0.640	326,741.000000
17.809617	0.640	330,573.000000
17.820283	0.640	333,158.000000
17.830950	0.640	336,016.000000
17.841617	0.640	338,658.000000
17.852283	0.640	341,344.000000
17.862950	0.640	345,190.000000
17.873617	0.640	349,613.000000
17.884283	0.640	353,603.000000
17.894950	0.640	355,537.000000
17.905617	0.640	354,270.000000
17.916283	0.640	354,539.000000
17.926950	0.640	362,122.000000
17.937617	0.640	373,140.000000
17.948283	0.640	379,687.000000
17.958950	0.640	381,818.000000
17.969617	0.640	384,890.000000
17.980283	0.640	390,525.000000
17.990950	0.640	395,936.000000
18.001617	0.640	399,772.000000
18.012283	0.640	404,402.000000
18.022950	0.640	412,461.000000
18.033617	0.640	424,066.000000
18.044283	0.640	436,013.000000
18.054950	0.640	444,117.000000
18.065617	0.640	451,406.000000
18.076283	0.640	465,885.000000
18.086950	0.640	485,774.000000
18.097617	0.640	504,018.000000
18.108283	0.640	527,236.000000
18.118950	0.640	570,267.000000
18.129617	0.640	637,894.000000
18.140283	0.640	729,227.000000
18.150950	0.640	854,132.000000
18.161617	0.640	1,035,847.000000
18.172283	0.640	1,296,044.000000
18.182950	0.640	1,649,964.000000
18.193617	0.640	2,129,772.000000
18.204283	0.640	2,789,635.000000
18.214950	0.640	3,680,538.000000
18.225617	0.640	4,869,075.000000
18.236283	0.640	6,497,667.000000
18.246950	0.640	8,802,383.000000
18.257617	0.640	12,105,253.000000
18.268283	0.640	16,813,849.000000
18.278950	0.640	23,342,396.000000
18.289617	0.640	31,886,900.000000
18.300283	0.640	42,130,236.000000
18.310950	0.640	53,062,303.000000
18.321617	0.640	63,041,189.000000
18.332283	0.640	70,082,471.000000
18.342950	0.640	72,424,186.000000
18.353617	0.640	69,307,511.000000
18.364283	0.640	61,416,549.000000
18.374950	0.640	50,521,594.000000
18.385617	0.640	38,688,438.000000
18.396283	0.640	27,685,377.000000
18.406950	0.640	18,668,271.000000
18.417617	0.640	12,016,192.000000
18.428283	0.640	7,480,700.000000
18.438950	0.640	4,568,003.000000
18.449617	0.640	2,796,522.000000
18.460283	0.640	1,768,643.000000
18.470950	0.640	1,185,029.000000
18.481617	0.640	858,284.000000
18.492283	0.640	698,722.000000
18.502950	0.640	658,979.000000
18.513617	0.640	700,487.000000
18.524283	0.640	804,163.000000
18.534950	0.640	974,843.000000
18.545617	0.640	1,227,126.000000
18.556283	0.640	1,584,172.000000
18.566950	0.640	2,091,174.000000
18.577617	0.640	2,826,198.000000
18.588283	0.640	3,904,907.000000
18.598950	0.640	5,461,412.000000
18.609617	0.640	7,585,545.000000
18.620283	0.640	10,235,155.000000
18.630950	0.640	13,173,923.000000
18.641617	0.640	15,968,155.000000
18.652283	0.640	18,063,542.000000
18.662950	0.640	18,965,886.000000
18.673617	0.640	18,437,303.000000
18.684283	0.640	16,582,215.000000
18.694950	0.640	13,811,583.000000
18.705617	0.640	10,685,645.000000
18.716283	0.640	7,704,945.000000
18.726950	0.640	5,205,453.000000
18.737617	0.640	3,341,538.000000
18.748283	0.640	2,085,403.000000
18.758950	0.640	1,294,793.000000
18.769617	0.640	815,179.000000
18.780283	0.640	527,330.000000
18.790950	0.640	354,609.000000
18.801617	0.640	253,178.000000
18.812283	0.640	193,683.000000
18.822950	0.640	156,740.000000
18.833617	0.640	134,198.000000
18.844283	0.640	122,973.000000
18.854950	0.640	120,189.000000
18.865617	0.640	122,392.000000
18.876283	0.640	126,818.000000
18.886950	0.640	135,415.000000
18.897617	0.640	153,731.000000
18.908283	0.640	182,667.000000
18.918950	0.640	218,801.000000
18.929617	0.640	264,550.000000
18.940283	0.640	328,160.000000
18.950950	0.640	413,033.000000
18.961617	0.640	516,638.000000
18.972283	0.640	643,066.000000
18.982950	0.640	808,803.000000
18.993617	0.640	1,032,836.000000
19.004283	0.640	1,333,512.000000
19.014950	0.640	1,745,009.000000
19.025617	0.640	2,329,662.000000
19.036283	0.640	3,164,904.000000
19.046950	0.640	4,323,146.000000
19.057617	0.640	5,847,253.000000
19.068283	0.640	7,694,159.000000
19.078950	0.640	9,690,205.000000
19.089617	0.640	11,569,257.000000
19.100283	0.640	13,041,846.000000
19.110950	0.640	13,820,880.000000
19.121617	0.640	13,696,460.000000
19.132283	0.640	12,679,212.000000
19.142950	0.640	10,998,830.000000
19.153617	0.640	8,953,966.000000
19.164283	0.640	6,832,129.000000
19.174950	0.640	4,896,794.000000
19.185617	0.640	3,330,981.000000
19.196283	0.640	2,183,019.000000
19.206950	0.640	1,397,606.000000
19.217617	0.640	888,815.000000
19.228283	0.640	575,201.000000
19.238950	0.640	388,168.000000
19.249617	0.640	279,357.000000
19.260283	0.640	216,599.000000
19.270950	0.640	177,502.000000
19.281617	0.640	150,711.000000
19.292283	0.640	132,641.000000
19.302950	0.640	121,356.000000
19.313617	0.640	115,275.000000
19.324283	0.640	112,700.000000
19.334950	0.640	112,197.000000
19.345617	0.640	112,825.000000
19.356283	0.640	112,448.000000
19.366950	0.640	110,621.000000
19.377617	0.640	110,313.000000
19.388283	0.640	112,026.000000
19.398950	0.640	113,079.000000
19.409617	0.640	113,239.000000
19.420283	0.640	114,781.000000
19.430950	0.640	118,374.000000
19.441617	0.640	122,189.000000
19.452283	0.640	125,431.000000
19.462950	0.640	129,724.000000
19.473617	0.640	135,119.000000
19.484283	0.640	139,891.000000
19.494950	0.640	144,057.000000
19.505617	0.640	148,094.000000
19.516283	0.640	150,492.000000
19.526950	0.640	149,516.000000
19.537617	0.640	145,952.000000
19.548283	0.640	141,330.000000
19.558950	0.640	135,734.000000
19.569617	0.640	130,504.000000
19.580283	0.640	127,802.000000
19.590950	0.640	126,834.000000
19.601617	0.640	126,109.000000
19.612283	0.640	126,355.000000
19.622950	0.640	128,332.000000
19.633617	0.640	130,876.000000
19.644283	0.640	132,625.000000
19.654950	0.640	135,462.000000
19.665617	0.640	142,561.000000
19.676283	0.640	152,242.000000
19.686950	0.640	160,032.000000
19.697617	0.640	165,524.000000
19.708283	0.640	171,614.000000
19.718950	0.640	180,683.000000
19.729617	0.640	193,441.000000
19.740283	0.640	209,392.000000
19.750950	0.640	228,851.000000
19.761617	0.640	252,415.000000
19.772283	0.640	279,550.000000
19.782950	0.640	312,589.000000
19.793617	0.640	357,174.000000
19.804283	0.640	415,333.000000
19.814950	0.640	486,271.000000
19.825617	0.640	569,371.000000
19.836283	0.640	661,070.000000
19.846950	0.640	758,713.000000
19.857617	0.640	862,100.000000
19.868283	0.640	963,454.000000
19.878950	0.640	1,047,278.000000
19.889617	0.640	1,102,147.000000
19.900283	0.640	1,124,570.000000
19.910950	0.640	1,113,948.000000
19.921617	0.640	1,068,856.000000
19.932283	0.640	989,281.000000
19.942950	0.640	882,387.000000
19.953617	0.640	762,860.000000
19.964283	0.640	644,849.000000
19.974950	0.640	534,717.000000
19.985617	0.640	433,722.000000
19.996283	0.640	345,459.000000
20.006950	0.640	275,777.000000
20.017617	0.640	224,685.000000
20.028283	0.640	183,899.000000
20.038950	0.640	147,686.000000
20.049617	0.640	118,833.000000
20.060283	0.640	100,052.000000
20.070950	0.640	89,468.000000
20.081617	0.640	83,717.000000
20.092283	0.640	79,249.000000
20.102950	0.640	74,060.000000
20.113617	0.640	69,456.000000
20.124283	0.640	67,154.000000
20.134950	0.640	65,803.000000
20.145617	0.640	63,759.000000
20.156283	0.640	62,632.000000
20.166950	0.640	63,747.000000
20.177617	0.640	65,202.000000
20.188283	0.640	65,224.000000
20.198950	0.640	64,068.000000
20.209617	0.640	62,977.000000
20.220283	0.640	62,921.000000
20.230950	0.640	62,891.000000
20.241617	0.640	61,368.000000
20.252283	0.640	58,856.000000
20.262950	0.640	56,704.000000
20.273617	0.640	55,497.000000
20.284283	0.640	54,645.000000
20.294950	0.640	53,219.000000
20.305617	0.640	51,377.000000
20.316283	0.640	49,439.000000
20.326950	0.640	47,896.000000
20.337617	0.640	47,930.000000
20.348283	0.640	49,078.000000
20.358950	0.640	49,804.000000
20.369617	0.640	50,063.000000
20.380283	0.640	50,247.000000
20.390950	0.640	50,181.000000
20.401617	0.640	49,897.000000
20.412283	0.640	49,317.000000
20.422950	0.640	48,233.000000
20.433617	0.640	47,396.000000
20.444283	0.640	47,045.000000
20.454950	0.640	46,283.000000
20.465617	0.640	45,396.000000
20.476283	0.640	44,740.000000
20.486950	0.640	44,055.000000
20.497617	0.640	43,699.000000
20.508283	0.640	43,584.000000
20.518950	0.640	43,947.000000
20.529617	0.640	44,827.000000
20.540283	0.640	44,763.000000
20.550950	0.640	44,096.000000
20.561617	0.640	44,404.000000
20.572283	0.640	44,657.000000
20.582950	0.640	43,612.000000
20.593617	0.640	42,557.000000
20.604283	0.640	42,636.000000
20.614950	0.640	43,344.000000
20.625617	0.640	44,524.000000
20.636283	0.640	46,438.000000
20.646950	0.640	47,884.000000
20.657617	0.640	47,464.000000
20.668283	0.640	46,538.000000
20.678950	0.640	47,855.000000
20.689617	0.640	51,679.000000
20.700283	0.640	56,301.000000
20.710950	0.640	61,571.000000
20.721617	0.640	67,843.000000
20.732283	0.640	73,856.000000
20.742950	0.640	79,212.000000
20.753617	0.640	84,794.000000
20.764283	0.640	91,163.000000
20.774950	0.640	99,893.000000
20.785617	0.640	113,561.000000
20.796283	0.640	133,341.000000
20.806950	0.640	157,721.000000
20.817617	0.640	185,257.000000
20.828283	0.640	219,322.000000
20.838950	0.640	265,259.000000
20.849617	0.640	323,870.000000
20.860283	0.640	393,515.000000
20.870950	0.640	473,218.000000
20.881617	0.640	560,088.000000
20.892283	0.640	649,402.000000
20.902950	0.640	735,687.000000
20.913617	0.640	813,186.000000
20.924283	0.640	875,820.000000
20.934950	0.640	914,229.000000
20.945617	0.640	923,214.000000
20.956283	0.640	908,820.000000
20.966950	0.640	878,024.000000
20.977617	0.640	835,103.000000
20.988283	0.640	787,461.000000
20.998950	0.640	744,633.000000
21.009617	0.640	715,054.000000
21.020283	0.640	703,618.000000
21.030950	0.640	714,223.000000
21.041617	0.640	753,612.000000
21.052283	0.640	825,909.000000
21.062950	0.640	929,854.000000
21.073617	0.640	1,066,893.000000
21.084283	0.640	1,246,277.000000
21.094950	0.640	1,475,392.000000
21.105617	0.640	1,756,311.000000
21.116283	0.640	2,102,623.000000
21.126950	0.640	2,530,665.000000
21.137617	0.640	3,040,342.000000
21.148283	0.640	3,629,973.000000
21.158950	0.640	4,289,896.000000
21.169617	0.640	4,979,974.000000
21.180283	0.640	5,648,694.000000
21.190950	0.640	6,245,084.000000
21.201617	0.640	6,700,849.000000
21.212283	0.640	6,945,040.000000
21.222950	0.640	6,938,558.000000
21.233617	0.640	6,676,750.000000
21.244283	0.640	6,182,420.000000
21.254950	0.640	5,513,368.000000
21.265617	0.640	4,752,672.000000
21.276283	0.640	3,968,627.000000
21.286950	0.640	3,202,310.000000
21.297617	0.640	2,494,055.000000
21.308283	0.640	1,883,695.000000
21.318950	0.640	1,389,461.000000
21.329617	0.640	1,007,119.000000
21.340283	0.640	719,489.000000
21.350950	0.640	506,127.000000
21.361617	0.640	352,828.000000
21.372283	0.640	250,167.000000
21.382950	0.640	185,232.000000
21.393617	0.640	143,575.000000
21.404283	0.640	117,224.000000
21.414950	0.640	103,033.000000
21.425617	0.640	97,469.000000
21.436283	0.640	97,590.000000
21.446950	0.640	101,448.000000
21.457617	0.640	106,222.000000
21.468283	0.640	109,524.000000
21.478950	0.640	111,141.000000
21.489617	0.640	111,321.000000
21.500283	0.640	110,273.000000
21.510950	0.640	109,189.000000
21.521617	0.640	108,273.000000
21.532283	0.640	106,240.000000
21.542950	0.640	102,056.000000
21.553617	0.640	94,718.000000
21.564283	0.640	84,364.000000
21.574950	0.640	73,880.000000
21.585617	0.640	65,940.000000
21.596283	0.640	60,418.000000
21.606950	0.640	56,292.000000
21.617617	0.640	53,147.000000
21.628283	0.640	50,612.000000
21.638950	0.640	48,459.000000
21.649617	0.640	46,878.000000
21.660283	0.640	45,403.000000
21.670950	0.640	43,368.000000
21.681617	0.640	41,741.000000
21.692283	0.640	41,562.000000
21.702950	0.640	42,343.000000
21.713617	0.640	43,501.000000
21.724283	0.640	44,748.000000
21.734950	0.640	45,498.000000
21.745617	0.640	45,292.000000
21.756283	0.640	44,140.000000
21.766950	0.640	42,684.000000
21.777617	0.640	42,243.000000
21.788283	0.640	43,535.000000
21.798950	0.640	45,138.000000
21.809617	0.640	45,201.000000
21.820283	0.640	44,764.000000
21.830950	0.640	45,857.000000
21.841617	0.640	47,503.000000
21.852283	0.640	47,496.000000
21.862950	0.640	46,025.000000
21.873617	0.640	45,000.000000
21.884283	0.640	44,897.000000
21.894950	0.640	44,789.000000
21.905617	0.640	45,080.000000
21.916283	0.640	46,375.000000
21.926950	0.640	47,735.000000
21.937617	0.640	48,788.000000
21.948283	0.640	49,309.000000
21.958950	0.640	48,481.000000
21.969617	0.640	47,787.000000
21.980283	0.640	48,609.000000
21.990950	0.640	48,938.000000
22.001617	0.640	47,969.000000
22.012283	0.640	48,064.000000
22.022950	0.640	50,028.000000
22.033617	0.640	51,402.000000
22.044283	0.640	49,802.000000
22.054950	0.640	46,307.000000
22.065617	0.640	45,074.000000
22.076283	0.640	47,806.000000
22.086950	0.640	51,005.000000
22.097617	0.640	52,067.000000
22.108283	0.640	52,397.000000
22.118950	0.640	53,260.000000
22.129617	0.640	54,753.000000
22.140283	0.640	57,176.000000
22.150950	0.640	60,386.000000
22.161617	0.640	63,799.000000
22.172283	0.640	67,055.000000
22.182950	0.640	70,186.000000
22.193617	0.640	73,982.000000
22.204283	0.640	79,939.000000
22.214950	0.640	88,964.000000
22.225617	0.640	100,960.000000
22.236283	0.640	115,767.000000
22.246950	0.640	132,515.000000
22.257617	0.640	150,454.000000
22.268283	0.640	171,308.000000
22.278950	0.640	197,302.000000
22.289617	0.640	229,121.000000
22.300283	0.640	266,515.000000
22.310950	0.640	309,451.000000
22.321617	0.640	361,113.000000
22.332283	0.640	426,285.000000
22.342950	0.640	505,340.000000
22.353617	0.640	595,237.000000
22.364283	0.640	695,995.000000
22.374950	0.640	816,603.000000
22.385617	0.640	971,471.000000
22.396283	0.640	1,168,172.000000
22.406950	0.640	1,408,284.000000
22.417617	0.640	1,700,317.000000
22.428283	0.640	2,064,223.000000
22.438950	0.640	2,514,577.000000
22.449617	0.640	3,048,387.000000
22.460283	0.640	3,666,192.000000
22.470950	0.640	4,368,133.000000
22.481617	0.640	5,123,811.000000
22.492283	0.640	5,884,005.000000
22.502950	0.640	6,599,015.000000
22.513617	0.640	7,219,074.000000
22.524283	0.640	7,697,034.000000
22.534950	0.640	7,988,211.000000
22.545617	0.640	8,058,879.000000
22.556283	0.640	7,897,325.000000
22.566950	0.640	7,509,973.000000
22.577617	0.640	6,918,489.000000
22.588283	0.640	6,170,913.000000
22.598950	0.640	5,338,630.000000
22.609617	0.640	4,487,510.000000
22.620283	0.640	3,665,517.000000
22.630950	0.640	2,909,475.000000
22.641617	0.640	2,244,167.000000
22.652283	0.640	1,683,761.000000
22.662950	0.640	1,232,263.000000
22.673617	0.640	881,893.000000
22.684283	0.640	620,589.000000
22.694950	0.640	433,854.000000
22.705617	0.640	303,241.000000
22.716283	0.640	213,412.000000
22.726950	0.640	154,710.000000
22.737617	0.640	117,985.000000
22.748283	0.640	94,298.000000
22.758950	0.640	78,466.000000
22.769617	0.640	68,106.000000
22.780283	0.640	61,188.000000
22.790950	0.640	56,312.000000
22.801617	0.640	52,775.000000
22.812283	0.640	50,372.000000
22.822950	0.640	49,850.000000
22.833617	0.640	51,525.000000
22.844283	0.640	53,946.000000
22.854950	0.640	55,058.000000
22.865617	0.640	53,936.000000
22.876283	0.640	52,399.000000
22.886950	0.640	53,404.000000
22.897617	0.640	56,522.000000
22.908283	0.640	59,430.000000
22.918950	0.640	61,791.000000
22.929617	0.640	64,168.000000
22.940283	0.640	67,243.000000
22.950950	0.640	72,606.000000
22.961617	0.640	82,015.000000
22.972283	0.640	95,339.000000
22.982950	0.640	111,196.000000
22.993617	0.640	130,542.000000
23.004283	0.640	155,325.000000
23.014950	0.640	185,581.000000
23.025617	0.640	221,281.000000
23.036283	0.640	264,424.000000
23.046950	0.640	320,300.000000
23.057617	0.640	394,099.000000
23.068283	0.640	486,757.000000
23.078950	0.640	601,073.000000
23.089617	0.640	743,414.000000
23.100283	0.640	918,057.000000
23.110950	0.640	1,133,206.000000
23.121617	0.640	1,408,260.000000
23.132283	0.640	1,768,049.000000
23.142950	0.640	2,241,835.000000
23.153617	0.640	2,872,743.000000
23.164283	0.640	3,706,491.000000
23.174950	0.640	4,765,588.000000
23.185617	0.640	6,047,997.000000
23.196283	0.640	7,531,973.000000
23.206950	0.640	9,151,047.000000
23.217617	0.640	10,770,458.000000
23.228283	0.640	12,208,365.000000
23.238950	0.640	13,266,085.000000
23.249617	0.640	13,757,965.000000
23.260283	0.640	13,576,620.000000
23.270950	0.640	12,743,848.000000
23.281617	0.640	11,392,438.000000
23.292283	0.640	9,702,240.000000
23.302950	0.640	7,856,515.000000
23.313617	0.640	6,039,730.000000
23.324283	0.640	4,420,621.000000
23.334950	0.640	3,106,199.000000
23.345617	0.640	2,113,852.000000
23.356283	0.640	1,396,315.000000
23.366950	0.640	898,210.000000
23.377617	0.640	576,974.000000
23.388283	0.640	383,405.000000
23.398950	0.640	265,195.000000
23.409617	0.640	190,777.000000
23.420283	0.640	146,909.000000
23.430950	0.640	123,425.000000
23.441617	0.640	110,771.000000
23.452283	0.640	102,880.000000
23.462950	0.640	96,816.000000
23.473617	0.640	90,736.000000
23.484283	0.640	84,478.000000
23.494950	0.640	80,548.000000
23.505617	0.640	80,674.000000
23.516283	0.640	82,615.000000
23.526950	0.640	83,782.000000
23.537617	0.640	84,830.000000
23.548283	0.640	86,239.000000
23.558950	0.640	86,617.000000
23.569617	0.640	85,891.000000
23.580283	0.640	84,969.000000
23.590950	0.640	83,478.000000
23.601617	0.640	80,680.000000
23.612283	0.640	77,021.000000
23.622950	0.640	73,490.000000
23.633617	0.640	69,663.000000
23.644283	0.640	64,374.000000
23.654950	0.640	59,122.000000
23.665617	0.640	57,698.000000
23.676283	0.640	59,915.000000
23.686950	0.640	60,620.000000
23.697617	0.640	58,156.000000
23.708283	0.640	56,263.000000
23.718950	0.640	56,680.000000
23.729617	0.640	57,483.000000
23.740283	0.640	57,462.000000
23.750950	0.640	57,712.000000
23.761617	0.640	59,674.000000
23.772283	0.640	62,491.000000
23.782950	0.640	63,241.000000
23.793617	0.640	61,165.000000
23.804283	0.640	59,437.000000
23.814950	0.640	60,795.000000
23.825617	0.640	63,750.000000
23.836283	0.640	65,079.000000
23.846950	0.640	64,437.000000
23.857617	0.640	63,184.000000
23.868283	0.640	61,163.000000
23.878950	0.640	58,797.000000
23.889617	0.640	58,365.000000
23.900283	0.640	59,883.000000
23.910950	0.640	60,634.000000
23.921617	0.640	60,611.000000
23.932283	0.640	61,734.000000
23.942950	0.640	62,877.000000
23.953617	0.640	62,426.000000
23.964283	0.640	61,789.000000
23.974950	0.640	62,410.000000
23.985617	0.640	63,699.000000
23.996283	0.640	65,031.000000
24.006950	0.640	66,128.000000
24.017617	0.640	66,813.000000
24.028283	0.640	67,930.000000
24.038950	0.640	69,799.000000
24.049617	0.640	70,389.000000
24.060283	0.640	67,849.000000
24.070950	0.640	64,030.000000
24.081617	0.640	61,706.000000
24.092283	0.640	60,603.000000
24.102950	0.640	60,394.000000
24.113617	0.640	61,722.000000
24.124283	0.640	63,134.000000
24.134950	0.640	63,273.000000
24.145617	0.640	63,182.000000
24.156283	0.640	63,602.000000
24.166950	0.640	63,879.000000
24.177617	0.640	63,271.000000
24.188283	0.640	61,863.000000
24.198950	0.640	61,290.000000
24.209617	0.640	62,340.000000
24.220283	0.640	63,430.000000
24.230950	0.640	64,323.000000
24.241617	0.640	66,550.000000
24.252283	0.640	69,753.000000
24.262950	0.640	72,021.000000
24.273617	0.640	72,426.000000
24.284283	0.640	71,710.000000
24.294950	0.640	71,955.000000
24.305617	0.640	74,839.000000
24.316283	0.640	79,703.000000
24.326950	0.640	84,793.000000
24.337617	0.640	89,313.000000
24.348283	0.640	93,448.000000
24.358950	0.640	98,510.000000
24.369617	0.640	105,966.000000
24.380283	0.640	116,384.000000
24.390950	0.640	132,757.000000
24.401617	0.640	162,189.000000
24.412283	0.640	214,542.000000
24.422950	0.640	302,404.000000
24.433617	0.640	439,851.000000
24.444283	0.640	645,137.000000
24.454950	0.640	949,873.000000
24.465617	0.640	1,409,751.000000
24.476283	0.640	2,123,363.000000
24.486950	0.640	3,253,855.000000
24.497617	0.640	5,027,237.000000
24.508283	0.640	7,678,204.000000
24.518950	0.640	11,277,568.000000
24.529617	0.640	15,460,123.000000
24.540283	0.640	19,314,905.000000
24.550950	0.640	21,657,171.000000
24.561617	0.640	21,578,621.000000
24.572283	0.640	18,987,921.000000
24.582950	0.640	14,758,583.000000
24.593617	0.640	10,229,098.000000
24.604283	0.640	6,438,004.000000
24.614950	0.640	3,779,511.000000
24.625617	0.640	2,156,847.000000
24.636283	0.640	1,263,881.000000
24.646950	0.640	792,298.000000
24.657617	0.640	529,424.000000
24.668283	0.640	366,597.000000
24.678950	0.640	261,936.000000
24.689617	0.640	196,961.000000
24.700283	0.640	158,040.000000
24.710950	0.640	135,824.000000
24.721617	0.640	124,237.000000
24.732283	0.640	119,527.000000
24.742950	0.640	118,761.000000
24.753617	0.640	118,698.000000
24.764283	0.640	119,000.000000
24.774950	0.640	123,113.000000
24.785617	0.640	132,329.000000
24.796283	0.640	142,606.000000
24.806950	0.640	149,733.000000
24.817617	0.640	155,302.000000
24.828283	0.640	165,857.000000
24.838950	0.640	183,677.000000
24.849617	0.640	203,091.000000
24.860283	0.640	222,383.000000
24.870950	0.640	246,379.000000
24.881617	0.640	274,868.000000
24.892283	0.640	306,767.000000
24.902950	0.640	348,153.000000
24.913617	0.640	404,434.000000
24.924283	0.640	478,124.000000
24.934950	0.640	578,286.000000
24.945617	0.640	724,751.000000
24.956283	0.640	956,172.000000
24.966950	0.640	1,368,995.000000
24.977617	0.640	2,167,510.000000
24.988283	0.640	3,623,183.000000
24.998950	0.640	5,822,038.000000
25.009617	0.640	8,300,172.000000
25.020283	0.640	10,030,696.000000
25.030950	0.640	10,079,628.000000
25.041617	0.640	8,421,266.000000
25.052283	0.640	5,985,434.000000
25.062950	0.640	3,859,396.000000
25.073617	0.640	2,549,047.000000
25.084283	0.640	1,926,626.000000
25.094950	0.640	1,627,458.000000
25.105617	0.640	1,387,370.000000
25.116283	0.640	1,124,252.000000
25.126950	0.640	863,222.000000
25.137617	0.640	641,590.000000
25.148283	0.640	470,667.000000
25.158950	0.640	347,374.000000
25.169617	0.640	262,906.000000
25.180283	0.640	204,232.000000
25.190950	0.640	163,251.000000
25.201617	0.640	138,655.000000
25.212283	0.640	125,591.000000
25.222950	0.640	115,518.000000
25.233617	0.640	106,931.000000
25.244283	0.640	101,909.000000
25.254950	0.640	97,468.000000
25.265617	0.640	91,585.000000
25.276283	0.640	87,244.000000
25.286950	0.640	85,441.000000
25.297617	0.640	83,402.000000
25.308283	0.640	80,448.000000
25.318950	0.640	78,622.000000
25.329617	0.640	78,046.000000
25.340283	0.640	77,384.000000
25.350950	0.640	76,694.000000
25.361617	0.640	76,309.000000
25.372283	0.640	76,349.000000
25.382950	0.640	76,805.000000
25.393617	0.640	76,991.000000
25.404283	0.640	76,575.000000
25.414950	0.640	75,485.000000
25.425617	0.640	74,146.000000
25.436283	0.640	74,140.000000
25.446950	0.640	75,537.000000
25.457617	0.640	76,481.000000
25.468283	0.640	76,784.000000
25.478950	0.640	77,546.000000
25.489617	0.640	78,588.000000
25.500283	0.640	79,131.000000
25.510950	0.640	78,986.000000
25.521617	0.640	79,050.000000
25.532283	0.640	80,435.000000
25.542950	0.640	82,930.000000
25.553617	0.640	85,422.000000
25.564283	0.640	86,745.000000
25.574950	0.640	86,682.000000
25.585617	0.640	86,086.000000
25.596283	0.640	85,990.000000
25.606950	0.640	86,651.000000
25.617617	0.640	86,027.000000
25.628283	0.640	82,408.000000
25.638950	0.640	77,985.000000
25.649617	0.640	75,385.000000
25.660283	0.640	74,040.000000
25.670950	0.640	72,837.000000
25.681617	0.640	72,483.000000
25.692283	0.640	73,508.000000
25.702950	0.640	74,819.000000
25.713617	0.640	75,150.000000
25.724283	0.640	75,110.000000
25.734950	0.640	76,256.000000
25.745617	0.640	78,005.000000
25.756283	0.640	78,917.000000
25.766950	0.640	79,448.000000
25.777617	0.640	80,412.000000
25.788283	0.640	81,635.000000
25.798950	0.640	82,595.000000
25.809617	0.640	82,912.000000
25.820283	0.640	83,462.000000
25.830950	0.640	85,860.000000
25.841617	0.640	89,662.000000
25.852283	0.640	93,032.000000
25.862950	0.640	96,175.000000
25.873617	0.640	100,641.000000
25.884283	0.640	106,470.000000
25.894950	0.640	112,861.000000
25.905617	0.640	120,509.000000
25.916283	0.640	131,412.000000
25.926950	0.640	144,914.000000
25.937617	0.640	155,921.000000
25.948283	0.640	160,482.000000
25.958950	0.640	159,486.000000
25.969617	0.640	155,029.000000
25.980283	0.640	149,001.000000
25.990950	0.640	146,006.000000
26.001617	0.640	152,231.000000
26.012283	0.640	171,373.000000
26.022950	0.640	206,555.000000
26.033617	0.640	270,168.000000
26.044283	0.640	403,184.000000
26.054950	0.640	699,256.000000
26.065617	0.640	1,299,540.000000
26.076283	0.640	2,305,042.000000
26.086950	0.640	3,579,492.000000
26.097617	0.640	4,599,042.000000
26.108283	0.640	4,706,077.000000
26.118950	0.640	3,729,493.000000
26.129617	0.640	2,241,568.000000
26.140283	0.640	1,028,517.000000
26.150950	0.640	417,510.000000
26.161617	0.640	227,836.000000
26.172283	0.640	178,142.000000
26.182950	0.640	142,933.000000
26.193617	0.640	113,418.000000
26.204283	0.640	96,711.000000
26.214950	0.640	89,125.000000
26.225617	0.640	86,433.000000
26.236283	0.640	87,007.000000
26.246950	0.640	88,697.000000
26.257617	0.640	88,734.000000
26.268283	0.640	87,419.000000
26.278950	0.640	86,874.000000
26.289617	0.640	86,830.000000
26.300283	0.640	86,348.000000
26.310950	0.640	86,273.000000
26.321617	0.640	86,796.000000
26.332283	0.640	86,074.000000
26.342950	0.640	84,157.000000
26.353617	0.640	84,429.000000
26.364283	0.640	88,398.000000
26.374950	0.640	92,927.000000
26.385617	0.640	94,274.000000
26.396283	0.640	93,149.000000
26.406950	0.640	92,927.000000
26.417617	0.640	94,362.000000
26.428283	0.640	97,793.000000
26.438950	0.640	105,897.000000
26.449617	0.640	120,197.000000
26.460283	0.640	141,582.000000
26.470950	0.640	173,185.000000
26.481617	0.640	216,872.000000
26.492283	0.640	268,417.000000
26.502950	0.640	313,511.000000
26.513617	0.640	324,201.000000
26.524283	0.640	278,936.000000
26.534950	0.640	197,862.000000
26.545617	0.640	129,230.000000
26.556283	0.640	97,360.000000
26.566950	0.640	90,707.000000
26.577617	0.640	90,665.000000
26.588283	0.640	89,603.000000
26.598950	0.640	87,069.000000
26.609617	0.640	84,695.000000
26.620283	0.640	85,461.000000
26.630950	0.640	89,266.000000
26.641617	0.640	91,876.000000
26.652283	0.640	91,413.000000
26.662950	0.640	90,340.000000
26.673617	0.640	91,652.000000
26.684283	0.640	95,825.000000
26.694950	0.640	100,580.000000
26.705617	0.640	104,762.000000
26.716283	0.640	109,277.000000
26.726950	0.640	113,907.000000
26.737617	0.640	118,867.000000
26.748283	0.640	125,072.000000
26.758950	0.640	130,365.000000
26.769617	0.640	132,947.000000
26.780283	0.640	137,530.000000
26.790950	0.640	149,787.000000
26.801617	0.640	166,742.000000
26.812283	0.640	182,982.000000
26.822950	0.640	205,332.000000
26.833617	0.640	255,295.000000
26.844283	0.640	352,019.000000
26.854950	0.640	479,328.000000
26.865617	0.640	574,996.000000
26.876283	0.640	581,158.000000
26.886950	0.640	506,438.000000
26.897617	0.640	419,432.000000
26.908283	0.640	382,592.000000
26.918950	0.640	394,326.000000
26.929617	0.640	396,489.000000
26.940283	0.640	349,492.000000
26.950950	0.640	279,461.000000
26.961617	0.640	232,430.000000
26.972283	0.640	218,389.000000
26.982950	0.640	220,112.000000
26.993617	0.640	225,699.000000
27.004283	0.640	236,751.000000
27.014950	0.640	266,475.000000
27.025617	0.640	342,765.000000
27.036283	0.640	472,846.000000
27.046950	0.640	582,204.000000
27.057617	0.640	571,757.000000
27.068283	0.640	463,446.000000
27.078950	0.640	377,143.000000
27.089617	0.640	364,337.000000
27.100283	0.640	380,014.000000
27.110950	0.640	389,402.000000
27.121617	0.640	404,647.000000
27.132283	0.640	438,753.000000
27.142950	0.640	484,347.000000
27.153617	0.640	530,632.000000
27.164283	0.640	577,939.000000
27.174950	0.640	639,832.000000
27.185617	0.640	729,984.000000
27.196283	0.640	840,420.000000
27.206950	0.640	950,714.000000
27.217617	0.640	1,077,929.000000
27.228283	0.640	1,316,118.000000
27.238950	0.640	1,892,689.000000
27.249617	0.640	3,374,156.000000
27.260283	0.640	6,324,553.000000
27.270950	0.640	9,616,666.000000
27.281617	0.640	10,271,036.000000
27.292283	0.640	7,189,610.000000
27.302950	0.640	3,095,889.000000
27.313617	0.640	842,230.000000
27.324283	0.640	408,856.000000
27.334950	0.640	457,847.000000
27.345617	0.640	381,322.000000
27.356283	0.640	274,491.000000
27.366950	0.640	252,355.000000
27.377617	0.640	272,662.000000
27.388283	0.640	273,105.000000
27.398950	0.640	254,360.000000
27.409617	0.640	251,425.000000
27.420283	0.640	272,989.000000
27.430950	0.640	284,469.000000
27.441617	0.640	259,267.000000
27.452283	0.640	219,771.000000
27.462950	0.640	199,260.000000
27.473617	0.640	200,155.000000
27.484283	0.640	209,999.000000
27.494950	0.640	225,050.000000
27.505617	0.640	256,352.000000
27.516283	0.640	315,140.000000
27.526950	0.640	371,815.000000
27.537617	0.640	370,969.000000
27.548283	0.640	315,493.000000
27.558950	0.640	266,063.000000
27.569617	0.640	254,392.000000
27.580283	0.640	267,943.000000
27.590950	0.640	291,560.000000
27.601617	0.640	314,467.000000
27.612283	0.640	331,145.000000
27.622950	0.640	352,659.000000
27.633617	0.640	393,926.000000
27.644283	0.640	458,843.000000
27.654950	0.640	553,783.000000
27.665617	0.640	683,521.000000
27.676283	0.640	804,430.000000
27.686950	0.640	829,886.000000
27.697617	0.640	718,735.000000
27.708283	0.640	518,176.000000
27.718950	0.640	317,724.000000
27.729617	0.640	191,092.000000
27.740283	0.640	171,103.000000
27.750950	0.640	277,049.000000
27.761617	0.640	516,013.000000
27.772283	0.640	771,258.000000
27.782950	0.640	812,024.000000
27.793617	0.640	576,064.000000
27.804283	0.640	278,225.000000
27.814950	0.640	120,538.000000
27.825617	0.640	93,164.000000
27.836283	0.640	100,106.000000
27.846950	0.640	98,997.000000
27.857617	0.640	94,298.000000
27.868283	0.640	92,509.000000
27.878950	0.640	92,487.000000
27.889617	0.640	92,937.000000
27.900283	0.640	94,507.000000
27.910950	0.640	97,445.000000
27.921617	0.640	100,094.000000
27.932283	0.640	100,596.000000
27.942950	0.640	100,804.000000
27.953617	0.640	104,784.000000
27.964283	0.640	114,099.000000
27.974950	0.640	128,184.000000
27.985617	0.640	143,742.000000
27.996283	0.640	154,252.000000
28.006950	0.640	156,268.000000
28.017617	0.640	152,678.000000
28.028283	0.640	150,194.000000
28.038950	0.640	155,912.000000
28.049617	0.640	170,956.000000
28.060283	0.640	190,765.000000
28.070950	0.640	210,312.000000
28.081617	0.640	221,395.000000
28.092283	0.640	216,701.000000
28.102950	0.640	198,752.000000
28.113617	0.640	174,866.000000
28.124283	0.640	151,676.000000
28.134950	0.640	134,390.000000
28.145617	0.640	123,111.000000
28.156283	0.640	114,849.000000
28.166950	0.640	108,450.000000
28.177617	0.640	105,368.000000
28.188283	0.640	108,576.000000
28.198950	0.640	119,832.000000
28.209617	0.640	138,887.000000
28.220283	0.640	161,254.000000
28.230950	0.640	175,224.000000
28.241617	0.640	170,690.000000
28.252283	0.640	149,895.000000
28.262950	0.640	124,473.000000
28.273617	0.640	105,531.000000
28.284283	0.640	97,361.000000
28.294950	0.640	98,136.000000
28.305617	0.640	103,144.000000
28.316283	0.640	105,748.000000
28.326950	0.640	101,519.000000
28.337617	0.640	94,599.000000
28.348283	0.640	93,726.000000
28.358950	0.640	102,311.000000
28.369617	0.640	115,756.000000
28.380283	0.640	123,946.000000
28.390950	0.640	118,537.000000
28.401617	0.640	103,175.000000
28.412283	0.640	89,881.000000
28.422950	0.640	84,354.000000
28.433617	0.640	83,622.000000
28.444283	0.640	84,658.000000
28.454950	0.640	87,361.000000
28.465617	0.640	91,407.000000
28.476283	0.640	95,710.000000
28.486950	0.640	100,216.000000
28.497617	0.640	104,811.000000
28.508283	0.640	108,611.000000
28.518950	0.640	110,455.000000
28.529617	0.640	110,437.000000
28.540283	0.640	111,834.000000
28.550950	0.640	118,075.000000
28.561617	0.640	129,236.000000
28.572283	0.640	142,269.000000
28.582950	0.640	155,640.000000
28.593617	0.640	177,434.000000
28.604283	0.640	223,620.000000
28.614950	0.640	292,458.000000
28.625617	0.640	340,632.000000
28.636283	0.640	319,274.000000
28.646950	0.640	238,529.000000
28.657617	0.640	155,507.000000
28.668283	0.640	104,573.000000
28.678950	0.640	78,501.000000
28.689617	0.640	62,170.000000
28.700283	0.640	51,018.000000
28.710950	0.640	49,258.000000
28.721617	0.640	65,907.000000
28.732283	0.640	92,883.000000
28.742950	0.640	96,518.000000
28.753617	0.640	65,273.000000
28.764283	0.640	31,817.000000
28.774950	0.640	20,690.000000
28.785617	0.640	21,689.000000
28.796283	0.640	21,112.000000
28.806950	0.640	19,048.000000
28.817617	0.640	17,869.000000
28.828283	0.640	16,387.000000
28.838950	0.640	14,728.000000
28.849617	0.640	14,556.000000
28.860283	0.640	15,303.000000
28.870950	0.640	15,087.000000
28.881617	0.640	13,574.000000
28.892283	0.640	11,851.000000
28.902950	0.640	10,768.000000
28.913617	0.640	10,385.000000
28.924283	0.640	10,807.000000
28.934950	0.640	11,559.000000
28.945617	0.640	10,807.000000
28.956283	0.640	8,226.000000
28.966950	0.640	6,091.000000
28.977617	0.640	5,950.000000
28.988283	0.640	7,334.000000
28.998950	0.640	9,122.000000
29.009617	0.640	10,373.000000
29.020283	0.640	10,400.000000
29.030950	0.640	9,111.000000
29.041617	0.640	7,668.000000
29.052283	0.640	7,074.000000
29.062950	0.640	6,633.000000
29.073617	0.640	5,856.000000
29.084283	0.640	5,377.000000
29.094950	0.640	5,214.000000
29.105617	0.640	5,146.000000
29.116283	0.640	5,488.000000
29.126950	0.640	5,734.000000
29.137617	0.640	5,180.000000
29.148283	0.640	4,614.000000
29.158950	0.640	4,737.000000
29.169617	0.640	4,794.000000
29.180283	0.640	4,032.000000
29.190950	0.640	2,928.000000
29.201617	0.640	2,565.000000
29.212283	0.640	2,498.000000
29.222950	0.640	1,409.000000
29.233617	0.640	693.000000
29.244283	0.640	2,351.000000
29.254950	0.640	4,288.000000
29.265617	0.640	3,698.000000
29.276283	0.640	2,227.000000
29.286950	0.640	2,704.000000
29.297617	0.640	4,047.000000
29.308283	0.640	3,664.000000
29.318950	0.640	2,271.000000
29.329617	0.640	2,161.000000
29.340283	0.640	3,099.000000
29.350950	0.640	3,679.000000
29.361617	0.640	3,912.000000
29.372283	0.640	4,451.000000
29.382950	0.640	5,568.000000
29.393617	0.640	6,688.000000
29.404283	0.640	6,614.000000
29.414950	0.640	5,205.000000
29.425617	0.640	3,514.000000
29.436283	0.640	2,190.000000
29.446950	0.640	1,019.000000
29.457617	0.640	51.000000
29.468283	0.640	642.000000
29.478950	0.640	3,231.000000
29.489617	0.640	5,272.000000
29.500283	0.640	4,640.000000
29.510950	0.640	2,603.000000
29.521617	0.640	1,546.000000
29.532283	0.640	2,014.000000
29.542950	0.640	3,001.000000
29.553617	0.640	3,620.000000
29.564283	0.640	3,612.000000
29.574950	0.640	3,428.000000
29.585617	0.640	3,499.000000
29.596283	0.640	3,748.000000
29.606950	0.640	4,495.000000
29.617617	0.640	5,342.000000
29.628283	0.640	4,827.000000
29.638950	0.640	3,408.000000
29.649617	0.640	2,710.000000
29.660283	0.640	2,643.000000
29.670950	0.640	2,787.000000
29.681617	0.640	3,121.000000
29.692283	0.640	3,033.000000
29.702950	0.640	2,536.000000
29.713617	0.640	2,505.000000
29.724283	0.640	3,156.000000
29.734950	0.640	3,748.000000
29.745617	0.640	3,445.000000
29.756283	0.640	2,351.000000
29.766950	0.640	1,137.000000
29.777617	0.640	98.000000
29.788283	0.640	-4.000000
29.798950	0.640	1,253.000000
29.809617	0.640	2,090.000000
29.820283	0.640	1,423.000000
29.830950	0.640	909.000000
29.841617	0.640	1,402.000000
29.852283	0.640	1,645.000000
29.862950	0.640	1,193.000000
29.873617	0.640	1,028.000000
29.884283	0.640	1,701.000000
29.894950	0.640	2,439.000000
29.905617	0.640	2,062.000000
29.916283	0.640	860.000000
29.926950	0.640	508.000000
29.937617	0.640	1,716.000000
29.948283	0.640	3,313.000000
29.958950	0.640	4,251.000000
29.969617	0.640	4,849.000000
29.980283	0.640	5,151.000000
29.990950	0.640	4,391.000000
30.001617	0.640	2,633.000000
