File Path	chrom://nnfcb-l0495/ChromeleonLocal/20180320_AA_Lars Nielsen samples Vienna_lbpet.seq/701.smp/Emission_1.channel/Emission_1.chm
Channel	Emission_1

Injection Information:
Data Vault	ChromeleonLocal
Injection	AAmix_5ug_mL_2
Injection Number	50
Position	RB7
Comment	
Processing Method	20171024_Calculated with IS_lbpet
Instrument Method	20161104_AA_GeminiC18_FinalVer7
Type	Calibration Standard
Status	Finished
Injection Date	21-03-2018
Injection Time	16:24:10
Injection Volume (µl)	56.500
Dilution Factor	1.0000
Weight	1.0000

Raw Data Information:
Time Min. (min)	0.003883
Time Max. (min)	30.001550
Data Points	2813
Detector	FLD
Exporting Data System	Chromeleon 7.1.2.1478
Operator	
Signal Quantity	
Signal Unit	counts
Signal Min.	-3,269.000000
Signal Max.	68,491,559.000000
Channel	Emission_1
Driver Name	FLD3000.dll
Channel Type	Evaluation
Min. Step (s)	0.637
Max. Step (s)	0.820
Average Step (s)	0.640

Signal Parameter Information:
Signal Info	340 nm /450 nm

Raw Data:
Time (min)	Step (s)	Value (counts)
0.003883	0.000	0.000000
0.017550	0.820	0.000000
0.028217	0.640	0.000000
0.038883	0.640	-264.000000
0.049550	0.640	-897.000000
0.060217	0.640	-939.000000
0.070883	0.640	-300.000000
0.081550	0.640	180.000000
0.092217	0.640	363.000000
0.102883	0.640	538.000000
0.113550	0.640	896.000000
0.124217	0.640	1,505.000000
0.134883	0.640	2,444.000000
0.145550	0.640	3,037.000000
0.156217	0.640	1,940.000000
0.166883	0.640	34.000000
0.177550	0.640	-391.000000
0.188217	0.640	145.000000
0.198883	0.640	-109.000000
0.209550	0.640	-671.000000
0.220217	0.640	-518.000000
0.230883	0.640	44.000000
0.241550	0.640	555.000000
0.252217	0.640	1,021.000000
0.262883	0.640	1,256.000000
0.273550	0.640	1,035.000000
0.284217	0.640	770.000000
0.294883	0.640	1,016.000000
0.305550	0.640	1,521.000000
0.316217	0.640	1,649.000000
0.326883	0.640	1,133.000000
0.337550	0.640	72.000000
0.348217	0.640	-904.000000
0.358883	0.640	-770.000000
0.369550	0.640	603.000000
0.380217	0.640	1,692.000000
0.390883	0.640	981.000000
0.401550	0.640	-996.000000
0.412217	0.640	-2,387.000000
0.422883	0.640	-2,023.000000
0.433550	0.640	-434.000000
0.444217	0.640	-14.000000
0.454883	0.640	-1,926.000000
0.465550	0.640	-3,269.000000
0.476217	0.640	-1,673.000000
0.486883	0.640	795.000000
0.497550	0.640	1,807.000000
0.508217	0.640	1,649.000000
0.518883	0.640	1,074.000000
0.529550	0.640	773.000000
0.540217	0.640	1,354.000000
0.550883	0.640	2,103.000000
0.561550	0.640	2,272.000000
0.572217	0.640	2,079.000000
0.582883	0.640	1,351.000000
0.593550	0.640	54.000000
0.604217	0.640	-681.000000
0.614883	0.640	72.000000
0.625550	0.640	1,613.000000
0.636217	0.640	2,395.000000
0.646883	0.640	1,791.000000
0.657550	0.640	645.000000
0.668217	0.640	312.000000
0.678883	0.640	1,339.000000
0.689550	0.640	2,644.000000
0.700217	0.640	2,267.000000
0.710883	0.640	39.000000
0.721550	0.640	-1,757.000000
0.732217	0.640	-1,333.000000
0.742883	0.640	705.000000
0.753550	0.640	2,254.000000
0.764217	0.640	1,852.000000
0.774883	0.640	364.000000
0.785550	0.640	-450.000000
0.796217	0.640	-444.000000
0.806883	0.640	-323.000000
0.817550	0.640	-209.000000
0.828217	0.640	-222.000000
0.838883	0.640	-628.000000
0.849550	0.640	-1,303.000000
0.860217	0.640	-1,773.000000
0.870883	0.640	-1,378.000000
0.881550	0.640	-166.000000
0.892217	0.640	609.000000
0.902883	0.640	205.000000
0.913550	0.640	-520.000000
0.924217	0.640	-520.000000
0.934883	0.640	-197.000000
0.945550	0.640	-748.000000
0.956217	0.640	-1,632.000000
0.966883	0.640	-871.000000
0.977550	0.640	1,141.000000
0.988217	0.640	1,829.000000
0.998883	0.640	913.000000
1.009550	0.640	237.000000
1.020217	0.640	333.000000
1.030883	0.640	512.000000
1.041550	0.640	336.000000
1.052217	0.640	150.000000
1.062883	0.640	647.000000
1.073550	0.640	1,404.000000
1.084217	0.640	1,089.000000
1.094883	0.640	-121.000000
1.105550	0.640	-303.000000
1.116217	0.640	830.000000
1.126883	0.640	1,735.000000
1.137550	0.640	2,525.000000
1.148217	0.640	3,543.000000
1.158883	0.640	3,321.000000
1.169550	0.640	2,065.000000
1.180217	0.640	1,886.000000
1.190883	0.640	2,782.000000
1.201550	0.640	3,274.000000
1.212217	0.640	3,201.000000
1.222883	0.640	3,104.000000
1.233550	0.640	2,606.000000
1.244217	0.640	936.000000
1.254883	0.640	-968.000000
1.265550	0.640	-1,297.000000
1.276217	0.640	-599.000000
1.286883	0.640	-458.000000
1.297550	0.640	-463.000000
1.308217	0.640	456.000000
1.318883	0.640	1,897.000000
1.329550	0.640	2,422.000000
1.340217	0.640	1,667.000000
1.350883	0.640	1,263.000000
1.361550	0.640	2,137.000000
1.372217	0.640	2,686.000000
1.382883	0.640	1,837.000000
1.393550	0.640	1,263.000000
1.404217	0.640	1,912.000000
1.414883	0.640	2,004.000000
1.425550	0.640	586.000000
1.436217	0.640	-617.000000
1.446883	0.640	256.000000
1.457550	0.640	1,992.000000
1.468217	0.640	1,828.000000
1.478883	0.640	410.000000
1.489550	0.640	385.000000
1.500217	0.640	1,635.000000
1.510883	0.640	2,111.000000
1.521550	0.640	1,117.000000
1.532217	0.640	-188.000000
1.542883	0.640	-364.000000
1.553550	0.640	1,260.000000
1.564217	0.640	3,481.000000
1.574883	0.640	3,901.000000
1.585550	0.640	2,221.000000
1.596217	0.640	395.000000
1.606883	0.640	-62.000000
1.617550	0.640	718.000000
1.628217	0.640	1,492.000000
1.638883	0.640	1,453.000000
1.649550	0.640	1,231.000000
1.660217	0.640	1,719.000000
1.670883	0.640	2,521.000000
1.681550	0.640	2,814.000000
1.692217	0.640	2,420.000000
1.702883	0.640	1,525.000000
1.713550	0.640	901.000000
1.724217	0.640	873.000000
1.734883	0.640	775.000000
1.745550	0.640	971.000000
1.756217	0.640	2,058.000000
1.766883	0.640	2,796.000000
1.777550	0.640	2,238.000000
1.788217	0.640	1,423.000000
1.798883	0.640	1,154.000000
1.809550	0.640	867.000000
1.820217	0.640	223.000000
1.830883	0.640	-195.000000
1.841550	0.640	88.000000
1.852217	0.640	752.000000
1.862883	0.640	1,382.000000
1.873550	0.640	1,690.000000
1.884217	0.640	1,026.000000
1.894883	0.640	-459.000000
1.905550	0.640	-889.000000
1.916217	0.640	771.000000
1.926883	0.640	2,789.000000
1.937550	0.640	3,289.000000
1.948217	0.640	2,667.000000
1.958883	0.640	2,236.000000
1.969550	0.640	2,442.000000
1.980217	0.640	2,843.000000
1.990883	0.640	2,554.000000
2.001550	0.640	1,639.000000
2.012217	0.640	1,497.000000
2.022883	0.640	2,299.000000
2.033550	0.640	2,751.000000
2.044217	0.640	2,165.000000
2.054883	0.640	1,119.000000
2.065550	0.640	804.000000
2.076217	0.640	864.000000
2.086883	0.640	63.000000
2.097550	0.640	-841.000000
2.108217	0.640	-471.000000
2.118883	0.640	810.000000
2.129550	0.640	1,591.000000
2.140217	0.640	1,356.000000
2.150883	0.640	1,106.000000
2.161550	0.640	1,516.000000
2.172217	0.640	1,877.000000
2.182883	0.640	1,666.000000
2.193550	0.640	1,465.000000
2.204217	0.640	1,597.000000
2.214883	0.640	1,378.000000
2.225550	0.640	784.000000
2.236217	0.640	1,252.000000
2.246883	0.640	2,948.000000
2.257550	0.640	3,958.000000
2.268217	0.640	3,478.000000
2.278883	0.640	2,348.000000
2.289550	0.640	1,326.000000
2.300217	0.640	714.000000
2.310883	0.640	462.000000
2.321550	0.640	115.000000
2.332217	0.640	-1,048.000000
2.342883	0.640	-2,531.000000
2.353550	0.640	-2,389.000000
2.364217	0.640	-330.000000
2.374883	0.640	1,264.000000
2.385550	0.640	655.000000
2.396217	0.640	-926.000000
2.406883	0.640	-1,223.000000
2.417550	0.640	83.000000
2.428217	0.640	1,255.000000
2.438883	0.640	598.000000
2.449550	0.640	-1,229.000000
2.460217	0.640	-1,661.000000
2.470883	0.640	-146.000000
2.481550	0.640	1,109.000000
2.492217	0.640	1,076.000000
2.502883	0.640	659.000000
2.513550	0.640	122.000000
2.524217	0.640	-442.000000
2.534883	0.640	167.000000
2.545550	0.640	2,178.000000
2.556217	0.640	3,482.000000
2.566883	0.640	2,361.000000
2.577550	0.640	195.000000
2.588217	0.640	-265.000000
2.598883	0.640	1,252.000000
2.609550	0.640	2,371.000000
2.620217	0.640	1,888.000000
2.630883	0.640	799.000000
2.641550	0.640	-126.000000
2.652217	0.640	-765.000000
2.662883	0.640	-779.000000
2.673550	0.640	-138.000000
2.684217	0.640	554.000000
2.694883	0.640	1,348.000000
2.705550	0.640	3,327.000000
2.716217	0.640	6,498.000000
2.726883	0.640	8,708.000000
2.737550	0.640	7,967.000000
2.748217	0.640	5,405.000000
2.758883	0.640	3,984.000000
2.769550	0.640	3,849.000000
2.780217	0.640	2,931.000000
2.790883	0.640	1,664.000000
2.801550	0.640	1,586.000000
2.812217	0.640	1,757.000000
2.822883	0.640	951.000000
2.833550	0.640	191.000000
2.844217	0.640	581.000000
2.854883	0.640	883.000000
2.865550	0.640	-258.000000
2.876217	0.640	-1,440.000000
2.886883	0.640	-1,021.000000
2.897550	0.640	-55.000000
2.908217	0.640	334.000000
2.918883	0.640	873.000000
2.929550	0.640	1,454.000000
2.940217	0.640	1,330.000000
2.950883	0.640	1,273.000000
2.961550	0.640	1,602.000000
2.972217	0.640	2,046.000000
2.982883	0.640	3,194.000000
2.993550	0.640	5,074.000000
3.004217	0.640	8,310.000000
3.014883	0.640	14,972.000000
3.025550	0.640	26,907.000000
3.036217	0.640	46,826.000000
3.046883	0.640	80,083.000000
3.057550	0.640	138,405.000000
3.068217	0.640	247,531.000000
3.078883	0.640	452,495.000000
3.089550	0.640	810,764.000000
3.100217	0.640	1,363,837.000000
3.110883	0.640	2,091,469.000000
3.121550	0.640	2,874,199.000000
3.132217	0.640	3,518,687.000000
3.142883	0.640	3,859,656.000000
3.153550	0.640	3,850,646.000000
3.164217	0.640	3,571,269.000000
3.174883	0.640	3,168,191.000000
3.185550	0.640	2,778,757.000000
3.196217	0.640	2,477,060.000000
3.206883	0.640	2,268,033.000000
3.217550	0.640	2,125,783.000000
3.228217	0.640	2,026,002.000000
3.238883	0.640	1,948,951.000000
3.249550	0.640	1,877,480.000000
3.260217	0.640	1,795,297.000000
3.270883	0.640	1,682,653.000000
3.281550	0.640	1,523,107.000000
3.292217	0.640	1,322,918.000000
3.302883	0.640	1,107,014.000000
3.313550	0.640	893,306.000000
3.324217	0.640	691,049.000000
3.334883	0.640	509,851.000000
3.345550	0.640	358,787.000000
3.356217	0.640	244,113.000000
3.366883	0.640	163,615.000000
3.377550	0.640	108,553.000000
3.388217	0.640	72,403.000000
3.398883	0.640	50,121.000000
3.409550	0.640	35,796.000000
3.420217	0.640	25,391.000000
3.430883	0.640	17,675.000000
3.441550	0.640	12,502.000000
3.452217	0.640	9,149.000000
3.462883	0.640	6,691.000000
3.473550	0.640	4,975.000000
3.484217	0.640	3,991.000000
3.494883	0.640	3,980.000000
3.505550	0.640	4,901.000000
3.516217	0.640	4,996.000000
3.526883	0.640	3,351.000000
3.537550	0.640	1,750.000000
3.548217	0.640	1,215.000000
3.558883	0.640	1,123.000000
3.569550	0.640	1,495.000000
3.580217	0.640	2,388.000000
3.590883	0.640	3,347.000000
3.601550	0.640	4,347.000000
3.612217	0.640	5,023.000000
3.622883	0.640	4,469.000000
3.633550	0.640	3,241.000000
3.644217	0.640	2,711.000000
3.654883	0.640	2,715.000000
3.665550	0.640	2,530.000000
3.676217	0.640	1,871.000000
3.686883	0.640	969.000000
3.697550	0.640	856.000000
3.708217	0.640	1,721.000000
3.718883	0.640	2,821.000000
3.729550	0.640	3,802.000000
3.740217	0.640	4,025.000000
3.750883	0.640	3,236.000000
3.761550	0.640	2,507.000000
3.772217	0.640	2,574.000000
3.782883	0.640	3,223.000000
3.793550	0.640	4,139.000000
3.804217	0.640	5,215.000000
3.814883	0.640	6,658.000000
3.825550	0.640	8,504.000000
3.836217	0.640	10,316.000000
3.846883	0.640	12,090.000000
3.857550	0.640	13,785.000000
3.868217	0.640	14,030.000000
3.878883	0.640	12,654.000000
3.889550	0.640	12,104.000000
3.900217	0.640	13,237.000000
3.910883	0.640	13,843.000000
3.921550	0.640	12,219.000000
3.932217	0.640	9,447.000000
3.942883	0.640	7,631.000000
3.953550	0.640	6,699.000000
3.964217	0.640	5,281.000000
3.974883	0.640	3,605.000000
3.985550	0.640	2,822.000000
3.996217	0.640	3,077.000000
4.006883	0.640	3,135.000000
4.017550	0.640	1,817.000000
4.028217	0.640	164.000000
4.038883	0.640	35.000000
4.049550	0.640	1,253.000000
4.060217	0.640	2,505.000000
4.070883	0.640	3,092.000000
4.081550	0.640	3,370.000000
4.092217	0.640	4,060.000000
4.102883	0.640	4,769.000000
4.113550	0.640	4,571.000000
4.124217	0.640	3,643.000000
4.134883	0.640	3,202.000000
4.145550	0.640	3,916.000000
4.156217	0.640	4,954.000000
4.166883	0.640	5,033.000000
4.177550	0.640	4,053.000000
4.188217	0.640	3,274.000000
4.198883	0.640	3,053.000000
4.209550	0.640	2,425.000000
4.220217	0.640	1,974.000000
4.230883	0.640	2,911.000000
4.241550	0.640	4,093.000000
4.252217	0.640	3,991.000000
4.262883	0.640	3,428.000000
4.273550	0.640	3,537.000000
4.284217	0.640	3,311.000000
4.294883	0.640	2,180.000000
4.305550	0.640	1,811.000000
4.316217	0.640	2,401.000000
4.326883	0.640	2,540.000000
4.337550	0.640	3,205.000000
4.348217	0.640	5,284.000000
4.358883	0.640	6,423.000000
4.369550	0.640	5,458.000000
4.380217	0.640	4,225.000000
4.390883	0.640	3,632.000000
4.401550	0.640	3,400.000000
4.412217	0.640	3,821.000000
4.422883	0.640	4,608.000000
4.433550	0.640	4,632.000000
4.444217	0.640	4,051.000000
4.454883	0.640	4,118.000000
4.465550	0.640	4,735.000000
4.476217	0.640	4,569.000000
4.486883	0.640	3,493.000000
4.497550	0.640	3,199.000000
4.508217	0.640	4,537.000000
4.518883	0.640	6,054.000000
4.529550	0.640	6,590.000000
4.540217	0.640	6,992.000000
4.550883	0.640	7,898.000000
4.561550	0.640	8,797.000000
4.572217	0.640	10,284.000000
4.582883	0.640	13,859.000000
4.593550	0.640	20,555.000000
4.604217	0.640	32,900.000000
4.614883	0.640	55,860.000000
4.625550	0.640	94,996.000000
4.636217	0.640	157,644.000000
4.646883	0.640	259,428.000000
4.657550	0.640	432,938.000000
4.668217	0.640	742,731.000000
4.678883	0.640	1,315,399.000000
4.689550	0.640	2,331,360.000000
4.700217	0.640	3,886,606.000000
4.710883	0.640	5,771,746.000000
4.721550	0.640	7,385,624.000000
4.732217	0.640	7,992,964.000000
4.742883	0.640	7,245,185.000000
4.753550	0.640	5,495,021.000000
4.764217	0.640	3,536,971.000000
4.774883	0.640	2,021,689.000000
4.785550	0.640	1,121,169.000000
4.796217	0.640	659,833.000000
4.806883	0.640	416,344.000000
4.817550	0.640	269,057.000000
4.828217	0.640	173,253.000000
4.838883	0.640	110,406.000000
4.849550	0.640	69,159.000000
4.860217	0.640	42,899.000000
4.870883	0.640	27,339.000000
4.881550	0.640	18,241.000000
4.892217	0.640	12,702.000000
4.902883	0.640	9,868.000000
4.913550	0.640	8,387.000000
4.924217	0.640	6,790.000000
4.934883	0.640	5,823.000000
4.945550	0.640	6,133.000000
4.956217	0.640	6,759.000000
4.966883	0.640	7,317.000000
4.977550	0.640	7,696.000000
4.988217	0.640	6,914.000000
4.998883	0.640	4,971.000000
5.009550	0.640	3,681.000000
5.020217	0.640	4,240.000000
5.030883	0.640	5,267.000000
5.041550	0.640	4,798.000000
5.052217	0.640	3,603.000000
5.062883	0.640	3,704.000000
5.073550	0.640	4,355.000000
5.084217	0.640	3,465.000000
5.094883	0.640	1,584.000000
5.105550	0.640	1,124.000000
5.116217	0.640	2,631.000000
5.126883	0.640	3,892.000000
5.137550	0.640	3,630.000000
5.148217	0.640	3,464.000000
5.158883	0.640	4,226.000000
5.169550	0.640	4,662.000000
5.180217	0.640	4,747.000000
5.190883	0.640	5,412.000000
5.201550	0.640	6,223.000000
5.212217	0.640	6,282.000000
5.222883	0.640	5,369.000000
5.233550	0.640	4,010.000000
5.244217	0.640	3,487.000000
5.254883	0.640	4,354.000000
5.265550	0.640	5,277.000000
5.276267	0.643	5,135.000000
5.286883	0.637	4,301.000000
5.297550	0.640	3,324.000000
5.308217	0.640	2,788.000000
5.318883	0.640	3,083.000000
5.329550	0.640	3,447.000000
5.340217	0.640	3,348.000000
5.350883	0.640	3,755.000000
5.361550	0.640	5,506.000000
5.372217	0.640	7,248.000000
5.382883	0.640	6,865.000000
5.393550	0.640	5,379.000000
5.404217	0.640	5,264.000000
5.414883	0.640	5,743.000000
5.425550	0.640	4,979.000000
5.436217	0.640	3,608.000000
5.446883	0.640	3,378.000000
5.457550	0.640	4,769.000000
5.468217	0.640	6,548.000000
5.478883	0.640	7,765.000000
5.489550	0.640	9,210.000000
5.500217	0.640	11,578.000000
5.510883	0.640	14,561.000000
5.521550	0.640	19,443.000000
5.532217	0.640	29,030.000000
5.542883	0.640	43,846.000000
5.553550	0.640	60,950.000000
5.564217	0.640	75,623.000000
5.574883	0.640	85,064.000000
5.585550	0.640	89,294.000000
5.596217	0.640	86,938.000000
5.606883	0.640	77,454.000000
5.617550	0.640	65,229.000000
5.628217	0.640	54,641.000000
5.638883	0.640	45,312.000000
5.649550	0.640	34,799.000000
5.660217	0.640	24,059.000000
5.670883	0.640	16,677.000000
5.681550	0.640	13,378.000000
5.692217	0.640	11,497.000000
5.702883	0.640	8,763.000000
5.713550	0.640	6,116.000000
5.724217	0.640	5,502.000000
5.734883	0.640	5,881.000000
5.745550	0.640	5,657.000000
5.756217	0.640	5,735.000000
5.766883	0.640	6,594.000000
5.777550	0.640	6,730.000000
5.788217	0.640	5,373.000000
5.798883	0.640	3,761.000000
5.809550	0.640	3,302.000000
5.820217	0.640	3,611.000000
5.830883	0.640	3,736.000000
5.841550	0.640	4,083.000000
5.852217	0.640	4,782.000000
5.862883	0.640	5,013.000000
5.873550	0.640	5,171.000000
5.884217	0.640	6,187.000000
5.894883	0.640	7,239.000000
5.905550	0.640	6,662.000000
5.916217	0.640	4,810.000000
5.926883	0.640	3,937.000000
5.937550	0.640	4,915.000000
5.948217	0.640	6,480.000000
5.958883	0.640	7,167.000000
5.969550	0.640	6,306.000000
5.980217	0.640	4,419.000000
5.990883	0.640	3,296.000000
6.001550	0.640	4,217.000000
6.012217	0.640	6,005.000000
6.022883	0.640	7,008.000000
6.033550	0.640	7,560.000000
6.044217	0.640	8,173.000000
6.054883	0.640	8,093.000000
6.065550	0.640	7,070.000000
6.076217	0.640	6,351.000000
6.086883	0.640	6,788.000000
6.097550	0.640	7,617.000000
6.108217	0.640	8,315.000000
6.118883	0.640	9,709.000000
6.129550	0.640	12,894.000000
6.140217	0.640	18,109.000000
6.150883	0.640	24,010.000000
6.161550	0.640	27,860.000000
6.172217	0.640	27,607.000000
6.182883	0.640	24,386.000000
6.193550	0.640	20,983.000000
6.204217	0.640	18,240.000000
6.214883	0.640	15,678.000000
6.225550	0.640	13,056.000000
6.236217	0.640	10,081.000000
6.246883	0.640	7,796.000000
6.257550	0.640	7,766.000000
6.268217	0.640	8,919.000000
6.278883	0.640	9,922.000000
6.289550	0.640	12,487.000000
6.300217	0.640	18,813.000000
6.310883	0.640	29,329.000000
6.321550	0.640	44,737.000000
6.332217	0.640	67,154.000000
6.342883	0.640	99,815.000000
6.353550	0.640	149,468.000000
6.364217	0.640	230,022.000000
6.374883	0.640	368,707.000000
6.385550	0.640	608,335.000000
6.396217	0.640	985,053.000000
6.406883	0.640	1,494,506.000000
6.417550	0.640	2,077,827.000000
6.428217	0.640	2,619,934.000000
6.438883	0.640	2,966,415.000000
6.449550	0.640	2,996,178.000000
6.460217	0.640	2,705,676.000000
6.470883	0.640	2,202,397.000000
6.481550	0.640	1,627,145.000000
6.492217	0.640	1,101,486.000000
6.502883	0.640	700,035.000000
6.513550	0.640	431,275.000000
6.524217	0.640	261,033.000000
6.534883	0.640	155,348.000000
6.545550	0.640	93,247.000000
6.556217	0.640	59,338.000000
6.566883	0.640	40,619.000000
6.577550	0.640	28,499.000000
6.588217	0.640	19,466.000000
6.598883	0.640	12,875.000000
6.609550	0.640	8,956.000000
6.620217	0.640	7,329.000000
6.630883	0.640	7,144.000000
6.641550	0.640	7,880.000000
6.652217	0.640	8,612.000000
6.662883	0.640	8,903.000000
6.673550	0.640	9,487.000000
6.684217	0.640	10,834.000000
6.694883	0.640	12,135.000000
6.705550	0.640	11,877.000000
6.716217	0.640	10,544.000000
6.726883	0.640	10,185.000000
6.737550	0.640	10,745.000000
6.748217	0.640	10,884.000000
6.758883	0.640	10,095.000000
6.769550	0.640	8,367.000000
6.780217	0.640	6,863.000000
6.790883	0.640	7,255.000000
6.801550	0.640	9,030.000000
6.812217	0.640	10,436.000000
6.822883	0.640	11,861.000000
6.833550	0.640	15,179.000000
6.844217	0.640	19,674.000000
6.854883	0.640	22,024.000000
6.865550	0.640	21,460.000000
6.876217	0.640	20,697.000000
6.886883	0.640	20,812.000000
6.897550	0.640	20,281.000000
6.908217	0.640	18,725.000000
6.918883	0.640	17,213.000000
6.929550	0.640	16,193.000000
6.940217	0.640	15,204.000000
6.950883	0.640	13,957.000000
6.961550	0.640	13,693.000000
6.972217	0.640	15,517.000000
6.982883	0.640	17,680.000000
6.993550	0.640	17,756.000000
7.004217	0.640	15,742.000000
7.014883	0.640	13,410.000000
7.025550	0.640	11,672.000000
7.036217	0.640	9,909.000000
7.046883	0.640	8,540.000000
7.057550	0.640	8,560.000000
7.068217	0.640	8,774.000000
7.078883	0.640	7,950.000000
7.089550	0.640	7,103.000000
7.100217	0.640	7,025.000000
7.110883	0.640	7,049.000000
7.121550	0.640	6,911.000000
7.132217	0.640	7,393.000000
7.142883	0.640	8,450.000000
7.153550	0.640	8,135.000000
7.164217	0.640	5,811.000000
7.174883	0.640	3,922.000000
7.185550	0.640	4,466.000000
7.196217	0.640	6,738.000000
7.206883	0.640	8,114.000000
7.217550	0.640	6,822.000000
7.228217	0.640	4,422.000000
7.238883	0.640	3,354.000000
7.249550	0.640	4,143.000000
7.260217	0.640	6,211.000000
7.270883	0.640	8,011.000000
7.281550	0.640	7,742.000000
7.292217	0.640	6,266.000000
7.302883	0.640	5,807.000000
7.313550	0.640	6,431.000000
7.324217	0.640	7,097.000000
7.334883	0.640	6,964.000000
7.345550	0.640	5,447.000000
7.356217	0.640	4,309.000000
7.366883	0.640	6,180.000000
7.377550	0.640	9,374.000000
7.388217	0.640	9,929.000000
7.398883	0.640	8,148.000000
7.409550	0.640	7,148.000000
7.420217	0.640	7,525.000000
7.430883	0.640	8,341.000000
7.441550	0.640	9,149.000000
7.452217	0.640	8,741.000000
7.462883	0.640	7,155.000000
7.473550	0.640	7,022.000000
7.484217	0.640	8,709.000000
7.494883	0.640	9,412.000000
7.505550	0.640	8,635.000000
7.516217	0.640	8,198.000000
7.526883	0.640	8,005.000000
7.537550	0.640	7,265.000000
7.548217	0.640	6,823.000000
7.558883	0.640	7,377.000000
7.569550	0.640	8,492.000000
7.580217	0.640	9,310.000000
7.590883	0.640	8,948.000000
7.601550	0.640	7,548.000000
7.612217	0.640	6,379.000000
7.622883	0.640	6,504.000000
7.633550	0.640	8,111.000000
7.644217	0.640	10,218.000000
7.654883	0.640	11,313.000000
7.665550	0.640	10,886.000000
7.676217	0.640	9,509.000000
7.686883	0.640	8,027.000000
7.697550	0.640	7,281.000000
7.708217	0.640	7,742.000000
7.718883	0.640	9,267.000000
7.729550	0.640	11,383.000000
7.740217	0.640	13,445.000000
7.750883	0.640	15,521.000000
7.761550	0.640	19,163.000000
7.772217	0.640	26,588.000000
7.782883	0.640	40,245.000000
7.793550	0.640	62,820.000000
7.804217	0.640	97,628.000000
7.814883	0.640	149,451.000000
7.825550	0.640	226,610.000000
7.836217	0.640	345,177.000000
7.846883	0.640	530,772.000000
7.857550	0.640	825,525.000000
7.868217	0.640	1,305,437.000000
7.878883	0.640	2,080,454.000000
7.889550	0.640	3,243,755.000000
7.900217	0.640	4,769,818.000000
7.910883	0.640	6,429,610.000000
7.921550	0.640	7,810,365.000000
7.932217	0.640	8,460,894.000000
7.942883	0.640	8,129,402.000000
7.953550	0.640	6,931,231.000000
7.964217	0.640	5,268,459.000000
7.974883	0.640	3,599,253.000000
7.985550	0.640	2,245,206.000000
7.996217	0.640	1,313,678.000000
8.006883	0.640	750,211.000000
8.017550	0.640	437,900.000000
8.028217	0.640	266,136.000000
8.038883	0.640	165,162.000000
8.049550	0.640	103,439.000000
8.060217	0.640	66,461.000000
8.070883	0.640	45,475.000000
8.081550	0.640	34,270.000000
8.092217	0.640	28,605.000000
8.102883	0.640	26,578.000000
8.113550	0.640	26,725.000000
8.124217	0.640	28,135.000000
8.134883	0.640	30,903.000000
8.145550	0.640	33,122.000000
8.156217	0.640	31,716.000000
8.166883	0.640	26,755.000000
8.177550	0.640	21,854.000000
8.188217	0.640	19,151.000000
8.198883	0.640	16,315.000000
8.209550	0.640	12,394.000000
8.220217	0.640	10,178.000000
8.230883	0.640	10,020.000000
8.241550	0.640	9,651.000000
8.252217	0.640	8,747.000000
8.262883	0.640	8,221.000000
8.273550	0.640	8,041.000000
8.284217	0.640	8,048.000000
8.294883	0.640	8,628.000000
8.305550	0.640	9,430.000000
8.316217	0.640	9,463.000000
8.326883	0.640	8,629.000000
8.337550	0.640	7,495.000000
8.348217	0.640	7,064.000000
8.358883	0.640	8,167.000000
8.369550	0.640	9,739.000000
8.380217	0.640	10,284.000000
8.390883	0.640	9,959.000000
8.401550	0.640	9,431.000000
8.412217	0.640	8,904.000000
8.422883	0.640	8,699.000000
8.433550	0.640	8,991.000000
8.444217	0.640	9,207.000000
8.454883	0.640	8,949.000000
8.465550	0.640	8,607.000000
8.476217	0.640	8,687.000000
8.486883	0.640	9,468.000000
8.497550	0.640	10,723.000000
8.508217	0.640	11,480.000000
8.518883	0.640	11,138.000000
8.529550	0.640	10,462.000000
8.540217	0.640	10,765.000000
8.550883	0.640	12,818.000000
8.561550	0.640	16,841.000000
8.572217	0.640	23,320.000000
8.582883	0.640	33,721.000000
8.593550	0.640	50,309.000000
8.604217	0.640	75,186.000000
8.614883	0.640	110,822.000000
8.625550	0.640	163,550.000000
8.636217	0.640	243,994.000000
8.646883	0.640	365,024.000000
8.657550	0.640	545,787.000000
8.668217	0.640	816,542.000000
8.678883	0.640	1,226,573.000000
8.689550	0.640	1,857,902.000000
8.700217	0.640	2,813,196.000000
8.710883	0.640	4,155,084.000000
8.721550	0.640	5,823,500.000000
8.732217	0.640	7,583,145.000000
8.742883	0.640	9,043,443.000000
8.753550	0.640	9,773,630.000000
8.764217	0.640	9,500,654.000000
8.774883	0.640	8,279,677.000000
8.785550	0.640	6,482,357.000000
8.796217	0.640	4,598,073.000000
8.806883	0.640	3,001,689.000000
8.817550	0.640	1,840,230.000000
8.828217	0.640	1,081,298.000000
8.838883	0.640	624,787.000000
8.849550	0.640	367,964.000000
8.860217	0.640	226,899.000000
8.870883	0.640	146,108.000000
8.881550	0.640	96,160.000000
8.892217	0.640	64,893.000000
8.902883	0.640	46,817.000000
8.913550	0.640	35,709.000000
8.924217	0.640	28,126.000000
8.934883	0.640	24,679.000000
8.945550	0.640	23,424.000000
8.956217	0.640	20,230.000000
8.966883	0.640	15,582.000000
8.977550	0.640	13,929.000000
8.988217	0.640	15,770.000000
8.998883	0.640	16,538.000000
9.009550	0.640	14,549.000000
9.020217	0.640	12,814.000000
9.030883	0.640	12,911.000000
9.041550	0.640	13,703.000000
9.052217	0.640	14,131.000000
9.062883	0.640	13,968.000000
9.073550	0.640	13,759.000000
9.084217	0.640	14,377.000000
9.094883	0.640	15,572.000000
9.105550	0.640	15,740.000000
9.116217	0.640	14,440.000000
9.126883	0.640	13,371.000000
9.137550	0.640	13,604.000000
9.148217	0.640	14,450.000000
9.158883	0.640	14,846.000000
9.169550	0.640	14,479.000000
9.180217	0.640	14,570.000000
9.190883	0.640	15,600.000000
9.201550	0.640	15,852.000000
9.212217	0.640	15,357.000000
9.222883	0.640	15,601.000000
9.233550	0.640	15,402.000000
9.244217	0.640	13,506.000000
9.254883	0.640	11,561.000000
9.265550	0.640	11,053.000000
9.276217	0.640	11,485.000000
9.286883	0.640	12,099.000000
9.297550	0.640	12,300.000000
9.308217	0.640	12,007.000000
9.318883	0.640	12,422.000000
9.329550	0.640	13,598.000000
9.340217	0.640	14,456.000000
9.350883	0.640	15,499.000000
9.361550	0.640	16,932.000000
9.372217	0.640	17,385.000000
9.382883	0.640	16,375.000000
9.393550	0.640	14,784.000000
9.404217	0.640	13,487.000000
9.414883	0.640	13,113.000000
9.425550	0.640	13,972.000000
9.436217	0.640	15,529.000000
9.446883	0.640	16,843.000000
9.457550	0.640	17,461.000000
9.468217	0.640	17,292.000000
9.478883	0.640	16,926.000000
9.489550	0.640	17,828.000000
9.500217	0.640	20,423.000000
9.510883	0.640	23,839.000000
9.521550	0.640	28,460.000000
9.532217	0.640	36,755.000000
9.542883	0.640	51,281.000000
9.553550	0.640	72,709.000000
9.564217	0.640	102,066.000000
9.574883	0.640	143,458.000000
9.585550	0.640	201,442.000000
9.596217	0.640	284,394.000000
9.606883	0.640	413,298.000000
9.617550	0.640	618,804.000000
9.628217	0.640	942,502.000000
9.638883	0.640	1,456,030.000000
9.649550	0.640	2,262,004.000000
9.660217	0.640	3,431,977.000000
9.670883	0.640	4,892,859.000000
9.681550	0.640	6,366,750.000000
9.692217	0.640	7,444,902.000000
9.702883	0.640	7,759,519.000000
9.713550	0.640	7,179,728.000000
9.724217	0.640	5,901,716.000000
9.734883	0.640	4,330,740.000000
9.745550	0.640	2,863,908.000000
9.756217	0.640	1,741,522.000000
9.766883	0.640	1,013,173.000000
9.777550	0.640	594,371.000000
9.788217	0.640	362,662.000000
9.798883	0.640	228,247.000000
9.809550	0.640	147,140.000000
9.820217	0.640	100,693.000000
9.830883	0.640	76,587.000000
9.841550	0.640	62,901.000000
9.852217	0.640	52,173.000000
9.862883	0.640	43,489.000000
9.873550	0.640	38,146.000000
9.884217	0.640	36,563.000000
9.894883	0.640	37,911.000000
9.905550	0.640	40,984.000000
9.916217	0.640	45,650.000000
9.926883	0.640	52,701.000000
9.937550	0.640	63,663.000000
9.948217	0.640	80,309.000000
9.958883	0.640	104,046.000000
9.969550	0.640	139,047.000000
9.980217	0.640	193,782.000000
9.990883	0.640	279,972.000000
10.001550	0.640	417,851.000000
10.012217	0.640	639,875.000000
10.022883	0.640	981,845.000000
10.033550	0.640	1,461,811.000000
10.044217	0.640	2,046,623.000000
10.054883	0.640	2,623,365.000000
10.065550	0.640	3,020,087.000000
10.076217	0.640	3,090,855.000000
10.086883	0.640	2,802,022.000000
10.097550	0.640	2,252,999.000000
10.108217	0.640	1,621,831.000000
10.118883	0.640	1,066,453.000000
10.129550	0.640	659,163.000000
10.140217	0.640	399,472.000000
10.150883	0.640	253,868.000000
10.161550	0.640	179,455.000000
10.172217	0.640	141,619.000000
10.182883	0.640	122,195.000000
10.193550	0.640	112,552.000000
10.204217	0.640	107,241.000000
10.214883	0.640	103,658.000000
10.225550	0.640	101,732.000000
10.236217	0.640	100,382.000000
10.246883	0.640	95,598.000000
10.257550	0.640	85,154.000000
10.268217	0.640	72,356.000000
10.278883	0.640	61,148.000000
10.289550	0.640	50,901.000000
10.300217	0.640	40,832.000000
10.310883	0.640	33,955.000000
10.321550	0.640	31,287.000000
10.332217	0.640	29,169.000000
10.342883	0.640	25,988.000000
10.353550	0.640	24,217.000000
10.364217	0.640	25,101.000000
10.374883	0.640	27,765.000000
10.385550	0.640	31,323.000000
10.396217	0.640	34,661.000000
10.406883	0.640	36,702.000000
10.417550	0.640	36,765.000000
10.428217	0.640	34,627.000000
10.438883	0.640	30,649.000000
10.449550	0.640	25,227.000000
10.460217	0.640	19,888.000000
10.470883	0.640	17,606.000000
10.481550	0.640	18,858.000000
10.492217	0.640	20,179.000000
10.502883	0.640	19,040.000000
10.513550	0.640	17,036.000000
10.524217	0.640	16,478.000000
10.534883	0.640	17,024.000000
10.545550	0.640	17,553.000000
10.556217	0.640	17,802.000000
10.566883	0.640	17,540.000000
10.577550	0.640	17,078.000000
10.588217	0.640	16,875.000000
10.598883	0.640	16,619.000000
10.609550	0.640	16,902.000000
10.620217	0.640	18,493.000000
10.630883	0.640	19,794.000000
10.641550	0.640	19,364.000000
10.652217	0.640	18,492.000000
10.662883	0.640	18,038.000000
10.673550	0.640	17,014.000000
10.684217	0.640	16,048.000000
10.694883	0.640	16,906.000000
10.705550	0.640	18,756.000000
10.716217	0.640	19,865.000000
10.726883	0.640	20,266.000000
10.737550	0.640	20,202.000000
10.748217	0.640	19,519.000000
10.758883	0.640	18,499.000000
10.769550	0.640	17,707.000000
10.780217	0.640	17,870.000000
10.790883	0.640	18,600.000000
10.801550	0.640	18,102.000000
10.812217	0.640	16,681.000000
10.822883	0.640	16,534.000000
10.833550	0.640	17,481.000000
10.844217	0.640	18,264.000000
10.854883	0.640	18,907.000000
10.865550	0.640	19,399.000000
10.876217	0.640	20,789.000000
10.886883	0.640	25,320.000000
10.897550	0.640	32,781.000000
10.908217	0.640	41,719.000000
10.918883	0.640	54,665.000000
10.929550	0.640	77,516.000000
10.940217	0.640	114,942.000000
10.950883	0.640	169,931.000000
10.961550	0.640	248,280.000000
10.972217	0.640	363,617.000000
10.982883	0.640	536,722.000000
10.993550	0.640	794,731.000000
11.004217	0.640	1,180,973.000000
11.014883	0.640	1,769,725.000000
11.025550	0.640	2,675,862.000000
11.036217	0.640	4,040,060.000000
11.046883	0.640	5,955,368.000000
11.057550	0.640	8,343,677.000000
11.068217	0.640	10,865,627.000000
11.078883	0.640	12,951,905.000000
11.089550	0.640	13,993,473.000000
11.100217	0.640	13,631,844.000000
11.110883	0.640	11,960,481.000000
11.121550	0.640	9,471,206.000000
11.132217	0.640	6,797,815.000000
11.142883	0.640	4,465,163.000000
11.153550	0.640	2,748,713.000000
11.164217	0.640	1,649,603.000000
11.174883	0.640	1,007,446.000000
11.185550	0.640	653,067.000000
11.196217	0.640	469,249.000000
11.206883	0.640	388,875.000000
11.217550	0.640	382,585.000000
11.228217	0.640	436,246.000000
11.238883	0.640	541,271.000000
11.249550	0.640	707,374.000000
11.260217	0.640	976,947.000000
11.270883	0.640	1,424,455.000000
11.281550	0.640	2,131,053.000000
11.292217	0.640	3,146,399.000000
11.302883	0.640	4,446,095.000000
11.313550	0.640	5,881,766.000000
11.324217	0.640	7,162,504.000000
11.334883	0.640	7,930,983.000000
11.345550	0.640	7,929,062.000000
11.356217	0.640	7,133,988.000000
11.366883	0.640	5,774,782.000000
11.377550	0.640	4,229,116.000000
11.388217	0.640	2,836,433.000000
11.398883	0.640	1,768,734.000000
11.409550	0.640	1,047,680.000000
11.420217	0.640	611,181.000000
11.430883	0.640	365,700.000000
11.441550	0.640	230,090.000000
11.452217	0.640	153,521.000000
11.462883	0.640	108,217.000000
11.473550	0.640	79,441.000000
11.484217	0.640	60,190.000000
11.494883	0.640	47,216.000000
11.505550	0.640	39,242.000000
11.516217	0.640	36,359.000000
11.526883	0.640	36,806.000000
11.537550	0.640	36,673.000000
11.548217	0.640	35,568.000000
11.558883	0.640	36,893.000000
11.569550	0.640	40,393.000000
11.580217	0.640	42,275.000000
11.590883	0.640	41,367.000000
11.601550	0.640	38,338.000000
11.612217	0.640	34,199.000000
11.622883	0.640	30,998.000000
11.633550	0.640	29,213.000000
11.644217	0.640	27,531.000000
11.654883	0.640	25,690.000000
11.665550	0.640	23,755.000000
11.676217	0.640	21,784.000000
11.686883	0.640	21,690.000000
11.697550	0.640	24,492.000000
11.708217	0.640	27,071.000000
11.718883	0.640	26,720.000000
11.729550	0.640	25,511.000000
11.740217	0.640	25,922.000000
11.750883	0.640	27,404.000000
11.761550	0.640	29,358.000000
11.772217	0.640	31,832.000000
11.782883	0.640	34,739.000000
11.793550	0.640	38,986.000000
11.804217	0.640	45,432.000000
11.814883	0.640	55,148.000000
11.825550	0.640	71,397.000000
11.836217	0.640	97,254.000000
11.846883	0.640	134,183.000000
11.857550	0.640	184,067.000000
11.868217	0.640	248,924.000000
11.878883	0.640	326,875.000000
11.889550	0.640	411,516.000000
11.900217	0.640	505,956.000000
11.910883	0.640	636,596.000000
11.921550	0.640	851,744.000000
11.932217	0.640	1,222,500.000000
11.942883	0.640	1,838,891.000000
11.953550	0.640	2,767,935.000000
11.964217	0.640	3,982,996.000000
11.974883	0.640	5,308,143.000000
11.985550	0.640	6,417,896.000000
11.996217	0.640	6,951,866.000000
12.006883	0.640	6,713,309.000000
12.017550	0.640	5,775,556.000000
12.028217	0.640	4,429,141.000000
12.038883	0.640	3,046,642.000000
12.049550	0.640	1,920,121.000000
12.060217	0.640	1,152,020.000000
12.070883	0.640	684,614.000000
12.081550	0.640	413,441.000000
12.092217	0.640	258,365.000000
12.102883	0.640	169,067.000000
12.113550	0.640	115,862.000000
12.124217	0.640	83,554.000000
12.134883	0.640	64,213.000000
12.145550	0.640	52,170.000000
12.156217	0.640	43,890.000000
12.166883	0.640	38,268.000000
12.177550	0.640	34,787.000000
12.188217	0.640	32,389.000000
12.198883	0.640	30,314.000000
12.209550	0.640	29,439.000000
12.220217	0.640	30,030.000000
12.230883	0.640	29,372.000000
12.241550	0.640	26,050.000000
12.252217	0.640	23,407.000000
12.262883	0.640	24,298.000000
12.273550	0.640	25,925.000000
12.284217	0.640	24,700.000000
12.294883	0.640	22,506.000000
12.305550	0.640	22,558.000000
12.316217	0.640	23,833.000000
12.326883	0.640	24,434.000000
12.337550	0.640	24,859.000000
12.348217	0.640	25,731.000000
12.358883	0.640	27,046.000000
12.369550	0.640	28,395.000000
12.380217	0.640	28,492.000000
12.390883	0.640	27,437.000000
12.401550	0.640	27,041.000000
12.412217	0.640	27,620.000000
12.422883	0.640	28,184.000000
12.433550	0.640	28,399.000000
12.444217	0.640	28,346.000000
12.454883	0.640	28,247.000000
12.465550	0.640	28,669.000000
12.476217	0.640	29,828.000000
12.486883	0.640	30,671.000000
12.497550	0.640	30,110.000000
12.508217	0.640	29,152.000000
12.518883	0.640	29,762.000000
12.529550	0.640	31,804.000000
12.540217	0.640	32,952.000000
12.550883	0.640	31,873.000000
12.561550	0.640	30,134.000000
12.572217	0.640	29,996.000000
12.582883	0.640	31,495.000000
12.593550	0.640	33,447.000000
12.604217	0.640	35,124.000000
12.614883	0.640	35,109.000000
12.625550	0.640	32,514.000000
12.636217	0.640	29,415.000000
12.646883	0.640	28,022.000000
12.657550	0.640	28,147.000000
12.668217	0.640	29,211.000000
12.678883	0.640	30,705.000000
12.689550	0.640	31,207.000000
12.700217	0.640	30,035.000000
12.710883	0.640	28,243.000000
12.721550	0.640	26,953.000000
12.732217	0.640	26,603.000000
12.742883	0.640	27,098.000000
12.753550	0.640	27,588.000000
12.764217	0.640	27,617.000000
12.774883	0.640	27,683.000000
12.785550	0.640	28,023.000000
12.796217	0.640	28,859.000000
12.806883	0.640	29,781.000000
12.817550	0.640	29,421.000000
12.828217	0.640	28,408.000000
12.838883	0.640	28,147.000000
12.849550	0.640	27,733.000000
12.860217	0.640	26,633.000000
12.870883	0.640	26,087.000000
12.881550	0.640	26,104.000000
12.892217	0.640	25,266.000000
12.902883	0.640	23,492.000000
12.913550	0.640	22,196.000000
12.924217	0.640	22,374.000000
12.934883	0.640	23,677.000000
12.945550	0.640	24,722.000000
12.956217	0.640	24,367.000000
12.966883	0.640	22,882.000000
12.977550	0.640	21,744.000000
12.988217	0.640	21,926.000000
12.998883	0.640	22,790.000000
13.009550	0.640	22,684.000000
13.020217	0.640	20,683.000000
13.030883	0.640	18,680.000000
13.041550	0.640	19,060.000000
13.052217	0.640	20,489.000000
13.062883	0.640	20,566.000000
13.073550	0.640	19,960.000000
13.084217	0.640	20,694.000000
13.094883	0.640	22,889.000000
13.105550	0.640	24,305.000000
13.116217	0.640	23,312.000000
13.126933	0.643	21,351.000000
13.137550	0.637	20,639.000000
13.148217	0.640	21,559.000000
13.158883	0.640	22,903.000000
13.169550	0.640	23,528.000000
13.180217	0.640	24,516.000000
13.190883	0.640	26,767.000000
13.201550	0.640	27,649.000000
13.212217	0.640	25,865.000000
13.222883	0.640	24,939.000000
13.233550	0.640	27,045.000000
13.244217	0.640	29,672.000000
13.254883	0.640	30,379.000000
13.265550	0.640	29,868.000000
13.276217	0.640	29,440.000000
13.286883	0.640	28,919.000000
13.297550	0.640	28,552.000000
13.308217	0.640	29,061.000000
13.318883	0.640	29,784.000000
13.329550	0.640	29,859.000000
13.340217	0.640	29,045.000000
13.350883	0.640	27,240.000000
13.361550	0.640	24,750.000000
13.372217	0.640	22,423.000000
13.382883	0.640	21,403.000000
13.393550	0.640	21,693.000000
13.404217	0.640	22,035.000000
13.414883	0.640	22,476.000000
13.425550	0.640	23,436.000000
13.436217	0.640	23,679.000000
13.446883	0.640	22,839.000000
13.457550	0.640	22,073.000000
13.468217	0.640	22,150.000000
13.478883	0.640	22,635.000000
13.489550	0.640	22,219.000000
13.500217	0.640	21,063.000000
13.510883	0.640	20,184.000000
13.521550	0.640	19,503.000000
13.532217	0.640	19,713.000000
13.542883	0.640	21,449.000000
13.553550	0.640	22,874.000000
13.564217	0.640	22,596.000000
13.574883	0.640	21,441.000000
13.585550	0.640	20,223.000000
13.596217	0.640	20,092.000000
13.606883	0.640	21,754.000000
13.617550	0.640	23,185.000000
13.628217	0.640	23,070.000000
13.638883	0.640	22,886.000000
13.649550	0.640	23,140.000000
13.660217	0.640	23,261.000000
13.670883	0.640	24,503.000000
13.681550	0.640	27,778.000000
13.692217	0.640	31,388.000000
13.702883	0.640	34,036.000000
13.713550	0.640	36,985.000000
13.724217	0.640	42,525.000000
13.734883	0.640	52,230.000000
13.745550	0.640	66,793.000000
13.756217	0.640	86,587.000000
13.766883	0.640	112,991.000000
13.777550	0.640	148,462.000000
13.788217	0.640	194,341.000000
13.798883	0.640	253,573.000000
13.809550	0.640	334,050.000000
13.820217	0.640	442,857.000000
13.830883	0.640	584,198.000000
13.841550	0.640	771,156.000000
13.852217	0.640	1,031,696.000000
13.862883	0.640	1,402,506.000000
13.873550	0.640	1,931,608.000000
13.884217	0.640	2,674,873.000000
13.894883	0.640	3,668,385.000000
13.905550	0.640	4,903,764.000000
13.916217	0.640	6,307,518.000000
13.926883	0.640	7,718,904.000000
13.937550	0.640	8,904,848.000000
13.948217	0.640	9,624,515.000000
13.958883	0.640	9,709,372.000000
13.969550	0.640	9,122,913.000000
13.980217	0.640	7,981,576.000000
13.990883	0.640	6,514,603.000000
14.001550	0.640	4,971,608.000000
14.012217	0.640	3,555,410.000000
14.022883	0.640	2,399,725.000000
14.033550	0.640	1,552,527.000000
14.044217	0.640	983,632.000000
14.054883	0.640	625,691.000000
14.065550	0.640	410,751.000000
14.076217	0.640	284,459.000000
14.086883	0.640	209,399.000000
14.097550	0.640	164,429.000000
14.108217	0.640	136,930.000000
14.118883	0.640	116,644.000000
14.129550	0.640	98,291.000000
14.140217	0.640	82,341.000000
14.150883	0.640	70,234.000000
14.161550	0.640	62,231.000000
14.172217	0.640	56,543.000000
14.182883	0.640	50,056.000000
14.193550	0.640	43,505.000000
14.204217	0.640	39,498.000000
14.214883	0.640	36,527.000000
14.225550	0.640	33,197.000000
14.236217	0.640	31,163.000000
14.246883	0.640	30,315.000000
14.257550	0.640	29,201.000000
14.268217	0.640	28,566.000000
14.278883	0.640	29,628.000000
14.289550	0.640	31,376.000000
14.300217	0.640	32,022.000000
14.310883	0.640	31,832.000000
14.321550	0.640	32,251.000000
14.332217	0.640	33,311.000000
14.342883	0.640	34,268.000000
14.353550	0.640	36,277.000000
14.364217	0.640	41,087.000000
14.374883	0.640	45,848.000000
14.385550	0.640	45,330.000000
14.396217	0.640	41,230.000000
14.406883	0.640	39,683.000000
14.417550	0.640	40,318.000000
14.428217	0.640	38,996.000000
14.438883	0.640	36,219.000000
14.449550	0.640	34,448.000000
14.460217	0.640	33,297.000000
14.470883	0.640	31,233.000000
14.481550	0.640	28,836.000000
14.492217	0.640	27,993.000000
14.502883	0.640	28,472.000000
14.513550	0.640	28,155.000000
14.524217	0.640	26,719.000000
14.534883	0.640	26,168.000000
14.545550	0.640	27,665.000000
14.556217	0.640	29,981.000000
14.566883	0.640	31,329.000000
14.577550	0.640	31,645.000000
14.588217	0.640	32,291.000000
14.598883	0.640	34,161.000000
14.609550	0.640	37,332.000000
14.620217	0.640	41,073.000000
14.630883	0.640	43,794.000000
14.641550	0.640	45,391.000000
14.652217	0.640	47,920.000000
14.662883	0.640	52,071.000000
14.673550	0.640	55,527.000000
14.684217	0.640	55,916.000000
14.694883	0.640	53,409.000000
14.705550	0.640	49,263.000000
14.716217	0.640	44,143.000000
14.726883	0.640	39,194.000000
14.737550	0.640	36,126.000000
14.748217	0.640	35,928.000000
14.758883	0.640	38,407.000000
14.769550	0.640	41,870.000000
14.780217	0.640	44,082.000000
14.790883	0.640	43,927.000000
14.801550	0.640	41,982.000000
14.812217	0.640	40,047.000000
14.822883	0.640	39,066.000000
14.833550	0.640	38,585.000000
14.844217	0.640	38,137.000000
14.854883	0.640	37,429.000000
14.865550	0.640	37,084.000000
14.876217	0.640	38,025.000000
14.886883	0.640	39,519.000000
14.897550	0.640	40,154.000000
14.908217	0.640	39,436.000000
14.918883	0.640	37,992.000000
14.929550	0.640	37,321.000000
14.940217	0.640	38,748.000000
14.950883	0.640	41,450.000000
14.961550	0.640	42,403.000000
14.972217	0.640	40,316.000000
14.982883	0.640	37,624.000000
14.993550	0.640	36,742.000000
15.004217	0.640	37,952.000000
15.014883	0.640	40,246.000000
15.025550	0.640	41,543.000000
15.036217	0.640	41,045.000000
15.046883	0.640	39,921.000000
15.057550	0.640	39,368.000000
15.068217	0.640	40,363.000000
15.078883	0.640	42,425.000000
15.089550	0.640	44,357.000000
15.100217	0.640	47,324.000000
15.110883	0.640	53,253.000000
15.121550	0.640	61,457.000000
15.132217	0.640	68,376.000000
15.142883	0.640	70,084.000000
15.153550	0.640	66,875.000000
15.164217	0.640	63,039.000000
15.174883	0.640	59,983.000000
15.185550	0.640	55,556.000000
15.196217	0.640	49,973.000000
15.206883	0.640	45,731.000000
15.217550	0.640	44,058.000000
15.228217	0.640	44,356.000000
15.238883	0.640	44,642.000000
15.249550	0.640	43,943.000000
15.260217	0.640	43,804.000000
15.270883	0.640	45,011.000000
15.281550	0.640	46,391.000000
15.292217	0.640	47,673.000000
15.302883	0.640	49,150.000000
15.313550	0.640	50,048.000000
15.324217	0.640	50,533.000000
15.334883	0.640	51,563.000000
15.345550	0.640	52,373.000000
15.356217	0.640	52,149.000000
15.366883	0.640	51,968.000000
15.377550	0.640	52,688.000000
15.388217	0.640	53,345.000000
15.398883	0.640	52,452.000000
15.409550	0.640	50,202.000000
15.420217	0.640	49,146.000000
15.430883	0.640	50,677.000000
15.441550	0.640	52,344.000000
15.452217	0.640	51,856.000000
15.462883	0.640	49,880.000000
15.473550	0.640	47,784.000000
15.484217	0.640	47,238.000000
15.494883	0.640	49,689.000000
15.505550	0.640	54,277.000000
15.516217	0.640	59,953.000000
15.526883	0.640	67,064.000000
15.537550	0.640	76,695.000000
15.548217	0.640	93,128.000000
15.558883	0.640	120,544.000000
15.569550	0.640	152,727.000000
15.580217	0.640	174,527.000000
15.590883	0.640	176,196.000000
15.601550	0.640	160,020.000000
15.612217	0.640	133,617.000000
15.622883	0.640	104,854.000000
15.633550	0.640	81,521.000000
15.644217	0.640	67,225.000000
15.654883	0.640	60,564.000000
15.665550	0.640	58,697.000000
15.676217	0.640	57,439.000000
15.686883	0.640	54,653.000000
15.697550	0.640	52,929.000000
15.708217	0.640	54,241.000000
15.718883	0.640	57,000.000000
15.729550	0.640	58,678.000000
15.740217	0.640	58,432.000000
15.750883	0.640	57,811.000000
15.761550	0.640	59,499.000000
15.772217	0.640	66,498.000000
15.782883	0.640	82,579.000000
15.793550	0.640	111,536.000000
15.804217	0.640	157,279.000000
15.814883	0.640	229,504.000000
15.825550	0.640	351,902.000000
15.836217	0.640	571,135.000000
15.846883	0.640	978,275.000000
15.857550	0.640	1,731,153.000000
15.868217	0.640	2,999,019.000000
15.878883	0.640	4,765,060.000000
15.889550	0.640	6,611,703.000000
15.900217	0.640	7,789,778.000000
15.910883	0.640	7,691,496.000000
15.921550	0.640	6,343,421.000000
15.932217	0.640	4,393,222.000000
15.942883	0.640	2,610,286.000000
15.953550	0.640	1,410,907.000000
15.964217	0.640	775,591.000000
15.974883	0.640	478,282.000000
15.985550	0.640	325,590.000000
15.996217	0.640	231,485.000000
16.006883	0.640	171,594.000000
16.017550	0.640	135,329.000000
16.028217	0.640	114,464.000000
16.038883	0.640	101,791.000000
16.049550	0.640	92,818.000000
16.060217	0.640	87,883.000000
16.070883	0.640	86,616.000000
16.081550	0.640	85,784.000000
16.092217	0.640	85,129.000000
16.102883	0.640	87,619.000000
16.113550	0.640	93,197.000000
16.124217	0.640	98,781.000000
16.134883	0.640	103,077.000000
16.145550	0.640	106,880.000000
16.156217	0.640	110,366.000000
16.166883	0.640	112,125.000000
16.177550	0.640	110,735.000000
16.188217	0.640	106,271.000000
16.198883	0.640	100,839.000000
16.209550	0.640	97,223.000000
16.220217	0.640	95,210.000000
16.230883	0.640	92,120.000000
16.241550	0.640	87,623.000000
16.252217	0.640	83,709.000000
16.262883	0.640	81,684.000000
16.273550	0.640	82,277.000000
16.284217	0.640	84,046.000000
16.294883	0.640	83,434.000000
16.305550	0.640	80,600.000000
16.316217	0.640	78,875.000000
16.326883	0.640	78,978.000000
16.337550	0.640	80,040.000000
16.348217	0.640	82,188.000000
16.358883	0.640	84,480.000000
16.369550	0.640	85,018.000000
16.380217	0.640	84,324.000000
16.390883	0.640	84,619.000000
16.401550	0.640	85,926.000000
16.412217	0.640	86,416.000000
16.422883	0.640	86,059.000000
16.433550	0.640	86,328.000000
16.444217	0.640	89,639.000000
16.454883	0.640	99,728.000000
16.465550	0.640	118,879.000000
16.476217	0.640	153,813.000000
16.486883	0.640	223,196.000000
16.497550	0.640	350,288.000000
16.508217	0.640	564,460.000000
16.518883	0.640	919,602.000000
16.529550	0.640	1,519,745.000000
16.540217	0.640	2,587,175.000000
16.550883	0.640	4,551,540.000000
16.561550	0.640	8,020,912.000000
16.572217	0.640	13,433,214.000000
16.582883	0.640	20,305,967.000000
16.593550	0.640	26,689,697.000000
16.604217	0.640	29,872,272.000000
16.614883	0.640	28,215,037.000000
16.625550	0.640	22,461,931.000000
16.636217	0.640	15,185,702.000000
16.646883	0.640	8,930,475.000000
16.657550	0.640	4,826,097.000000
16.668217	0.640	2,626,885.000000
16.678883	0.640	1,563,039.000000
16.689550	0.640	1,013,189.000000
16.700217	0.640	676,341.000000
16.710883	0.640	457,971.000000
16.721550	0.640	324,870.000000
16.732217	0.640	243,808.000000
16.742883	0.640	191,101.000000
16.753550	0.640	159,465.000000
16.764217	0.640	142,634.000000
16.774883	0.640	131,028.000000
16.785550	0.640	120,107.000000
16.796217	0.640	112,193.000000
16.806883	0.640	111,070.000000
16.817550	0.640	115,428.000000
16.828217	0.640	120,246.000000
16.838883	0.640	124,048.000000
16.849550	0.640	127,431.000000
16.860217	0.640	129,081.000000
16.870883	0.640	129,208.000000
16.881550	0.640	130,577.000000
16.892217	0.640	133,173.000000
16.902883	0.640	132,379.000000
16.913550	0.640	126,052.000000
16.924217	0.640	119,311.000000
16.934883	0.640	117,172.000000
16.945550	0.640	118,665.000000
16.956217	0.640	121,026.000000
16.966883	0.640	122,429.000000
16.977550	0.640	121,967.000000
16.988217	0.640	121,105.000000
16.998883	0.640	122,028.000000
17.009550	0.640	125,112.000000
17.020217	0.640	129,367.000000
17.030883	0.640	133,953.000000
17.041550	0.640	140,664.000000
17.052217	0.640	152,237.000000
17.062883	0.640	168,775.000000
17.073550	0.640	192,092.000000
17.084217	0.640	230,634.000000
17.094883	0.640	295,272.000000
17.105550	0.640	393,055.000000
17.116217	0.640	532,352.000000
17.126883	0.640	733,384.000000
17.137550	0.640	1,017,817.000000
17.148217	0.640	1,382,691.000000
17.158883	0.640	1,797,672.000000
17.169550	0.640	2,216,066.000000
17.180217	0.640	2,571,037.000000
17.190883	0.640	2,786,676.000000
17.201550	0.640	2,812,616.000000
17.212217	0.640	2,642,378.000000
17.222883	0.640	2,310,300.000000
17.233550	0.640	1,883,041.000000
17.244217	0.640	1,439,549.000000
17.254883	0.640	1,040,714.000000
17.265550	0.640	717,712.000000
17.276217	0.640	483,145.000000
17.286883	0.640	332,521.000000
17.297550	0.640	242,987.000000
17.308217	0.640	189,893.000000
17.318883	0.640	158,191.000000
17.329550	0.640	139,102.000000
17.340217	0.640	128,227.000000
17.350883	0.640	123,798.000000
17.361550	0.640	122,110.000000
17.372217	0.640	119,240.000000
17.382883	0.640	115,925.000000
17.393550	0.640	115,519.000000
17.404217	0.640	118,592.000000
17.414883	0.640	122,385.000000
17.425550	0.640	125,673.000000
17.436217	0.640	130,529.000000
17.446883	0.640	137,223.000000
17.457550	0.640	143,932.000000
17.468217	0.640	151,836.000000
17.478883	0.640	162,309.000000
17.489550	0.640	173,208.000000
17.500217	0.640	183,257.000000
17.510883	0.640	193,711.000000
17.521550	0.640	205,499.000000
17.532217	0.640	219,398.000000
17.542883	0.640	239,135.000000
17.553550	0.640	270,998.000000
17.564217	0.640	317,182.000000
17.574883	0.640	374,626.000000
17.585550	0.640	436,941.000000
17.596217	0.640	489,187.000000
17.606883	0.640	512,329.000000
17.617550	0.640	498,235.000000
17.628217	0.640	452,455.000000
17.638883	0.640	388,481.000000
17.649550	0.640	323,365.000000
17.660217	0.640	270,262.000000
17.670883	0.640	232,741.000000
17.681550	0.640	206,603.000000
17.692217	0.640	187,447.000000
17.702883	0.640	176,331.000000
17.713550	0.640	174,371.000000
17.724217	0.640	176,796.000000
17.734883	0.640	177,484.000000
17.745550	0.640	175,252.000000
17.756217	0.640	174,603.000000
17.766883	0.640	178,931.000000
17.777550	0.640	183,751.000000
17.788217	0.640	183,278.000000
17.798883	0.640	179,925.000000
17.809550	0.640	179,187.000000
17.820217	0.640	180,836.000000
17.830883	0.640	182,622.000000
17.841550	0.640	184,830.000000
17.852217	0.640	186,661.000000
17.862883	0.640	186,937.000000
17.873550	0.640	186,985.000000
17.884217	0.640	187,055.000000
17.894883	0.640	186,195.000000
17.905550	0.640	186,661.000000
17.916217	0.640	190,278.000000
17.926883	0.640	194,917.000000
17.937550	0.640	199,550.000000
17.948217	0.640	203,861.000000
17.958883	0.640	205,681.000000
17.969550	0.640	206,470.000000
17.980217	0.640	210,192.000000
17.990883	0.640	215,228.000000
18.001550	0.640	217,894.000000
18.012217	0.640	220,072.000000
18.022883	0.640	224,905.000000
18.033550	0.640	231,297.000000
18.044217	0.640	237,520.000000
18.054883	0.640	243,622.000000
18.065550	0.640	249,608.000000
18.076217	0.640	256,889.000000
18.086883	0.640	269,460.000000
18.097550	0.640	290,959.000000
18.108217	0.640	321,679.000000
18.118883	0.640	360,867.000000
18.129550	0.640	414,613.000000
18.140217	0.640	495,220.000000
18.150883	0.640	614,398.000000
18.161550	0.640	788,717.000000
18.172217	0.640	1,043,110.000000
18.182883	0.640	1,403,028.000000
18.193550	0.640	1,898,885.000000
18.204217	0.640	2,582,655.000000
18.214883	0.640	3,535,607.000000
18.225550	0.640	4,869,547.000000
18.236217	0.640	6,757,738.000000
18.246883	0.640	9,494,805.000000
18.257550	0.640	13,489,610.000000
18.268217	0.640	19,164,252.000000
18.278883	0.640	26,799,731.000000
18.289550	0.640	36,297,173.000000
18.300217	0.640	46,900,651.000000
18.310883	0.640	57,088,479.000000
18.321550	0.640	64,879,312.000000
18.332217	0.640	68,491,559.000000
18.342883	0.640	66,991,233.000000
18.353550	0.640	60,665,047.000000
18.364217	0.640	50,916,001.000000
18.374883	0.640	39,705,451.000000
18.385550	0.640	28,887,853.000000
18.396217	0.640	19,733,964.000000
18.406883	0.640	12,787,298.000000
18.417550	0.640	7,979,730.000000
18.428217	0.640	4,872,648.000000
18.438883	0.640	2,954,871.000000
18.449550	0.640	1,818,799.000000
18.460217	0.640	1,165,809.000000
18.470883	0.640	790,743.000000
18.481550	0.640	577,808.000000
18.492217	0.640	467,899.000000
18.502883	0.640	428,500.000000
18.513550	0.640	443,863.000000
18.524217	0.640	505,515.000000
18.534883	0.640	608,590.000000
18.545550	0.640	761,065.000000
18.556217	0.640	990,418.000000
18.566883	0.640	1,341,587.000000
18.577550	0.640	1,871,544.000000
18.588217	0.640	2,639,224.000000
18.598883	0.640	3,686,156.000000
18.609550	0.640	5,006,423.000000
18.620217	0.640	6,500,087.000000
18.630883	0.640	7,937,406.000000
18.641550	0.640	9,014,281.000000
18.652217	0.640	9,481,092.000000
18.662883	0.640	9,227,433.000000
18.673550	0.640	8,309,718.000000
18.684217	0.640	6,931,306.000000
18.694883	0.640	5,358,748.000000
18.705550	0.640	3,847,134.000000
18.716217	0.640	2,592,344.000000
18.726883	0.640	1,675,251.000000
18.737550	0.640	1,060,829.000000
18.748217	0.640	668,623.000000
18.758883	0.640	427,682.000000
18.769550	0.640	284,624.000000
18.780217	0.640	201,139.000000
18.790883	0.640	153,559.000000
18.801550	0.640	126,475.000000
18.812217	0.640	108,627.000000
18.822883	0.640	95,532.000000
18.833550	0.640	88,166.000000
18.844217	0.640	86,693.000000
18.854883	0.640	88,689.000000
18.865550	0.640	91,701.000000
18.876217	0.640	94,965.000000
18.886883	0.640	100,027.000000
18.897550	0.640	109,764.000000
18.908217	0.640	125,800.000000
18.918883	0.640	146,842.000000
18.929550	0.640	172,316.000000
18.940217	0.640	206,978.000000
18.950883	0.640	255,715.000000
18.961550	0.640	318,457.000000
18.972217	0.640	397,934.000000
18.982883	0.640	505,032.000000
18.993550	0.640	653,593.000000
19.004217	0.640	861,764.000000
19.014883	0.640	1,159,675.000000
19.025550	0.640	1,588,341.000000
19.036217	0.640	2,185,705.000000
19.046883	0.640	2,960,774.000000
19.057550	0.640	3,880,315.000000
19.068217	0.640	4,872,177.000000
19.078883	0.640	5,812,664.000000
19.089550	0.640	6,538,925.000000
19.100217	0.640	6,903,733.000000
19.110883	0.640	6,814,312.000000
19.121550	0.640	6,271,664.000000
19.132217	0.640	5,388,397.000000
19.142883	0.640	4,335,318.000000
19.153550	0.640	3,281,760.000000
19.164217	0.640	2,356,513.000000
19.174883	0.640	1,619,278.000000
19.185550	0.640	1,072,480.000000
19.196217	0.640	693,523.000000
19.206883	0.640	451,637.000000
19.217550	0.640	308,880.000000
19.228217	0.640	224,301.000000
19.238883	0.640	171,581.000000
19.249550	0.640	141,661.000000
19.260217	0.640	126,059.000000
19.270883	0.640	114,507.000000
19.281550	0.640	104,403.000000
19.292217	0.640	98,329.000000
19.302883	0.640	96,025.000000
19.313550	0.640	95,421.000000
19.324217	0.640	95,157.000000
19.334883	0.640	94,089.000000
19.345550	0.640	92,944.000000
19.356217	0.640	93,600.000000
19.366883	0.640	96,429.000000
19.377550	0.640	99,363.000000
19.388217	0.640	99,189.000000
19.398883	0.640	97,802.000000
19.409550	0.640	101,231.000000
19.420217	0.640	108,327.000000
19.430883	0.640	112,918.000000
19.441550	0.640	115,777.000000
19.452217	0.640	120,822.000000
19.462883	0.640	126,078.000000
19.473550	0.640	128,676.000000
19.484217	0.640	130,906.000000
19.494883	0.640	134,736.000000
19.505550	0.640	137,534.000000
19.516217	0.640	137,171.000000
19.526883	0.640	134,656.000000
19.537550	0.640	130,393.000000
19.548217	0.640	124,269.000000
19.558883	0.640	118,076.000000
19.569550	0.640	113,420.000000
19.580217	0.640	110,644.000000
19.590883	0.640	110,162.000000
19.601550	0.640	110,953.000000
19.612217	0.640	111,165.000000
19.622883	0.640	111,018.000000
19.633550	0.640	112,397.000000
19.644217	0.640	118,036.000000
19.654883	0.640	128,214.000000
19.665550	0.640	137,615.000000
19.676217	0.640	142,607.000000
19.686883	0.640	146,448.000000
19.697550	0.640	153,037.000000
19.708217	0.640	163,549.000000
19.718883	0.640	176,491.000000
19.729550	0.640	188,791.000000
19.740217	0.640	201,901.000000
19.750883	0.640	220,077.000000
19.761550	0.640	244,388.000000
19.772217	0.640	276,441.000000
19.782883	0.640	318,845.000000
19.793550	0.640	372,440.000000
19.804217	0.640	439,152.000000
19.814883	0.640	517,909.000000
19.825550	0.640	603,976.000000
19.836217	0.640	698,527.000000
19.846883	0.640	799,680.000000
19.857550	0.640	892,123.000000
19.868217	0.640	964,168.000000
19.878883	0.640	1,012,894.000000
19.889550	0.640	1,030,449.000000
19.900217	0.640	1,011,669.000000
19.910883	0.640	961,482.000000
19.921550	0.640	884,556.000000
19.932217	0.640	786,713.000000
19.942883	0.640	678,700.000000
19.953550	0.640	568,470.000000
19.964217	0.640	461,826.000000
19.974883	0.640	367,925.000000
19.985550	0.640	292,730.000000
19.996217	0.640	233,802.000000
20.006883	0.640	187,133.000000
20.017550	0.640	150,968.000000
20.028217	0.640	123,779.000000
20.038883	0.640	104,132.000000
20.049550	0.640	90,750.000000
20.060217	0.640	81,667.000000
20.070883	0.640	74,441.000000
20.081550	0.640	68,325.000000
20.092217	0.640	64,885.000000
20.102883	0.640	63,797.000000
20.113550	0.640	62,082.000000
20.124217	0.640	60,133.000000
20.134883	0.640	60,829.000000
20.145550	0.640	62,967.000000
20.156217	0.640	63,703.000000
20.166883	0.640	63,400.000000
20.177550	0.640	63,947.000000
20.188217	0.640	65,325.000000
20.198883	0.640	65,080.000000
20.209550	0.640	62,651.000000
20.220217	0.640	60,537.000000
20.230883	0.640	59,454.000000
20.241550	0.640	58,392.000000
20.252217	0.640	56,934.000000
20.262883	0.640	54,347.000000
20.273550	0.640	50,784.000000
20.284217	0.640	48,254.000000
20.294883	0.640	48,019.000000
20.305550	0.640	48,617.000000
20.316217	0.640	47,518.000000
20.326883	0.640	44,675.000000
20.337550	0.640	42,264.000000
20.348217	0.640	41,328.000000
20.358883	0.640	41,550.000000
20.369550	0.640	41,997.000000
20.380217	0.640	41,844.000000
20.390883	0.640	42,287.000000
20.401550	0.640	44,190.000000
20.412217	0.640	45,278.000000
20.422883	0.640	43,852.000000
20.433550	0.640	41,661.000000
20.444217	0.640	40,952.000000
20.454883	0.640	41,310.000000
20.465550	0.640	40,690.000000
20.476217	0.640	39,120.000000
20.486883	0.640	38,706.000000
20.497550	0.640	40,001.000000
20.508217	0.640	41,626.000000
20.518883	0.640	42,218.000000
20.529550	0.640	41,280.000000
20.540217	0.640	39,826.000000
20.550883	0.640	39,146.000000
20.561550	0.640	39,197.000000
20.572217	0.640	39,902.000000
20.582883	0.640	40,869.000000
20.593550	0.640	40,638.000000
20.604217	0.640	39,185.000000
20.614883	0.640	37,596.000000
20.625550	0.640	36,791.000000
20.636217	0.640	38,323.000000
20.646883	0.640	42,031.000000
20.657550	0.640	45,490.000000
20.668217	0.640	47,718.000000
20.678883	0.640	49,391.000000
20.689550	0.640	50,831.000000
20.700217	0.640	52,388.000000
20.710883	0.640	54,897.000000
20.721550	0.640	59,153.000000
20.732217	0.640	66,114.000000
20.742883	0.640	75,766.000000
20.753550	0.640	86,587.000000
20.764217	0.640	99,159.000000
20.774883	0.640	115,712.000000
20.785550	0.640	136,242.000000
20.796217	0.640	161,249.000000
20.806883	0.640	193,144.000000
20.817550	0.640	233,183.000000
20.828217	0.640	282,543.000000
20.838883	0.640	343,125.000000
20.849550	0.640	415,596.000000
20.860217	0.640	498,741.000000
20.870883	0.640	588,510.000000
20.881550	0.640	677,455.000000
20.892217	0.640	757,872.000000
20.902883	0.640	824,101.000000
20.913550	0.640	869,525.000000
20.924217	0.640	886,716.000000
20.934883	0.640	874,221.000000
20.945550	0.640	838,291.000000
20.956217	0.640	785,743.000000
20.966883	0.640	721,964.000000
20.977550	0.640	658,115.000000
20.988217	0.640	607,026.000000
20.998883	0.640	571,495.000000
21.009550	0.640	550,821.000000
21.020217	0.640	550,950.000000
21.030883	0.640	577,425.000000
21.041550	0.640	627,798.000000
21.052217	0.640	696,663.000000
21.062883	0.640	784,883.000000
21.073550	0.640	900,975.000000
21.084217	0.640	1,051,635.000000
21.094883	0.640	1,233,218.000000
21.105550	0.640	1,438,912.000000
21.116217	0.640	1,674,259.000000
21.126883	0.640	1,952,305.000000
21.137550	0.640	2,270,113.000000
21.148217	0.640	2,605,236.000000
21.158883	0.640	2,934,480.000000
21.169550	0.640	3,236,451.000000
21.180217	0.640	3,479,252.000000
21.190883	0.640	3,628,356.000000
21.201550	0.640	3,661,925.000000
21.212217	0.640	3,573,831.000000
21.222883	0.640	3,371,931.000000
21.233550	0.640	3,070,931.000000
21.244217	0.640	2,696,538.000000
21.254883	0.640	2,288,939.000000
21.265550	0.640	1,880,867.000000
21.276217	0.640	1,493,611.000000
21.286883	0.640	1,152,130.000000
21.297550	0.640	871,458.000000
21.308217	0.640	647,631.000000
21.318883	0.640	474,702.000000
21.329550	0.640	346,570.000000
21.340217	0.640	253,103.000000
21.350883	0.640	186,941.000000
21.361550	0.640	142,409.000000
21.372217	0.640	112,921.000000
21.382883	0.640	93,796.000000
21.393550	0.640	82,593.000000
21.404217	0.640	78,387.000000
21.414883	0.640	80,242.000000
21.425550	0.640	85,063.000000
21.436217	0.640	89,422.000000
21.446883	0.640	93,206.000000
21.457550	0.640	98,356.000000
21.468217	0.640	104,365.000000
21.478883	0.640	108,435.000000
21.489550	0.640	109,068.000000
21.500217	0.640	106,644.000000
21.510883	0.640	102,327.000000
21.521550	0.640	97,348.000000
21.532217	0.640	91,293.000000
21.542883	0.640	82,787.000000
21.553550	0.640	73,490.000000
21.564217	0.640	66,596.000000
21.574883	0.640	61,272.000000
21.585550	0.640	54,675.000000
21.596217	0.640	47,689.000000
21.606883	0.640	43,404.000000
21.617550	0.640	41,972.000000
21.628217	0.640	40,933.000000
21.638883	0.640	39,628.000000
21.649550	0.640	39,503.000000
21.660217	0.640	40,031.000000
21.670883	0.640	39,408.000000
21.681550	0.640	38,377.000000
21.692217	0.640	38,385.000000
21.702883	0.640	39,229.000000
21.713550	0.640	40,108.000000
21.724217	0.640	39,897.000000
21.734883	0.640	38,109.000000
21.745550	0.640	36,607.000000
21.756217	0.640	37,481.000000
21.766883	0.640	39,604.000000
21.777550	0.640	40,789.000000
21.788217	0.640	40,845.000000
21.798883	0.640	40,185.000000
21.809550	0.640	40,018.000000
21.820217	0.640	41,771.000000
21.830883	0.640	42,927.000000
21.841550	0.640	41,024.000000
21.852217	0.640	39,552.000000
21.862883	0.640	40,899.000000
21.873550	0.640	41,943.000000
21.884217	0.640	41,121.000000
21.894883	0.640	41,069.000000
21.905550	0.640	43,232.000000
21.916217	0.640	44,617.000000
21.926883	0.640	42,541.000000
21.937550	0.640	39,631.000000
21.948217	0.640	39,901.000000
21.958883	0.640	42,378.000000
21.969550	0.640	43,428.000000
21.980217	0.640	43,018.000000
21.990883	0.640	42,856.000000
22.001550	0.640	42,357.000000
22.012217	0.640	41,491.000000
22.022883	0.640	42,035.000000
22.033550	0.640	43,636.000000
22.044217	0.640	44,121.000000
22.054883	0.640	43,455.000000
22.065550	0.640	43,116.000000
22.076217	0.640	43,187.000000
22.086883	0.640	42,949.000000
22.097550	0.640	42,968.000000
22.108217	0.640	44,008.000000
22.118883	0.640	45,290.000000
22.129550	0.640	46,388.000000
22.140217	0.640	48,098.000000
22.150883	0.640	50,014.000000
22.161550	0.640	50,835.000000
22.172217	0.640	51,242.000000
22.182883	0.640	53,455.000000
22.193550	0.640	58,021.000000
22.204217	0.640	63,741.000000
22.214883	0.640	70,288.000000
22.225550	0.640	78,367.000000
22.236217	0.640	88,162.000000
22.246883	0.640	98,864.000000
22.257550	0.640	110,229.000000
22.268217	0.640	123,460.000000
22.278883	0.640	139,248.000000
22.289550	0.640	158,395.000000
22.300217	0.640	182,537.000000
22.310883	0.640	212,108.000000
22.321550	0.640	248,293.000000
22.332217	0.640	293,681.000000
22.342883	0.640	349,936.000000
22.353550	0.640	418,792.000000
22.364217	0.640	502,731.000000
22.374883	0.640	605,251.000000
22.385550	0.640	730,857.000000
22.396217	0.640	885,833.000000
22.406883	0.640	1,079,069.000000
22.417550	0.640	1,317,120.000000
22.428217	0.640	1,599,645.000000
22.438883	0.640	1,918,410.000000
22.449550	0.640	2,264,519.000000
22.460217	0.640	2,637,528.000000
22.470883	0.640	3,026,567.000000
22.481550	0.640	3,388,969.000000
22.492217	0.640	3,678,971.000000
22.502883	0.640	3,883,256.000000
22.513550	0.640	3,997,161.000000
22.524217	0.640	3,998,279.000000
22.534883	0.640	3,875,731.000000
22.545550	0.640	3,644,287.000000
22.556217	0.640	3,323,715.000000
22.566883	0.640	2,942,527.000000
22.577550	0.640	2,538,032.000000
22.588217	0.640	2,132,842.000000
22.598883	0.640	1,737,532.000000
22.609550	0.640	1,369,472.000000
22.620217	0.640	1,048,778.000000
22.630883	0.640	785,500.000000
22.641550	0.640	576,932.000000
22.652217	0.640	414,777.000000
22.662883	0.640	293,623.000000
22.673550	0.640	208,556.000000
22.684217	0.640	151,588.000000
22.694883	0.640	114,857.000000
22.705550	0.640	91,657.000000
22.716217	0.640	76,166.000000
22.726883	0.640	64,633.000000
22.737550	0.640	56,474.000000
22.748217	0.640	52,236.000000
22.758883	0.640	49,918.000000
22.769550	0.640	47,943.000000
22.780217	0.640	47,605.000000
22.790883	0.640	47,717.000000
22.801550	0.640	45,618.000000
22.812217	0.640	42,981.000000
22.822883	0.640	42,015.000000
22.833550	0.640	42,178.000000
22.844217	0.640	43,220.000000
22.854883	0.640	44,870.000000
22.865550	0.640	45,881.000000
22.876217	0.640	45,821.000000
22.886883	0.640	45,388.000000
22.897550	0.640	45,511.000000
22.908217	0.640	47,048.000000
22.918883	0.640	50,135.000000
22.929550	0.640	53,219.000000
22.940217	0.640	54,853.000000
22.950883	0.640	56,515.000000
22.961550	0.640	61,446.000000
22.972217	0.640	71,103.000000
22.982883	0.640	83,501.000000
22.993550	0.640	96,432.000000
23.004217	0.640	112,125.000000
23.014883	0.640	134,134.000000
23.025550	0.640	162,067.000000
23.036217	0.640	194,968.000000
23.046883	0.640	235,871.000000
23.057550	0.640	289,458.000000
23.068217	0.640	356,469.000000
23.078883	0.640	436,517.000000
23.089550	0.640	536,989.000000
23.100217	0.640	667,936.000000
23.110883	0.640	838,025.000000
23.121550	0.640	1,065,872.000000
23.132217	0.640	1,375,623.000000
23.142883	0.640	1,782,491.000000
23.153550	0.640	2,296,449.000000
23.164217	0.640	2,921,689.000000
23.174883	0.640	3,646,552.000000
23.185550	0.640	4,437,918.000000
23.196217	0.640	5,228,933.000000
23.206883	0.640	5,928,336.000000
23.217550	0.640	6,454,967.000000
23.228217	0.640	6,739,496.000000
23.238883	0.640	6,718,248.000000
23.249550	0.640	6,368,530.000000
23.260217	0.640	5,735,909.000000
23.270883	0.640	4,913,302.000000
23.281550	0.640	4,006,666.000000
23.292217	0.640	3,114,030.000000
23.302883	0.640	2,311,180.000000
23.313550	0.640	1,642,506.000000
23.324217	0.640	1,122,647.000000
23.334883	0.640	745,240.000000
23.345550	0.640	488,835.000000
23.356217	0.640	322,476.000000
23.366883	0.640	217,449.000000
23.377550	0.640	152,716.000000
23.388217	0.640	113,037.000000
23.398883	0.640	90,017.000000
23.409550	0.640	78,740.000000
23.420217	0.640	73,085.000000
23.430883	0.640	68,806.000000
23.441550	0.640	65,913.000000
23.452217	0.640	65,462.000000
23.462883	0.640	66,386.000000
23.473550	0.640	66,633.000000
23.484217	0.640	66,353.000000
23.494883	0.640	67,156.000000
23.505550	0.640	68,783.000000
23.516217	0.640	70,019.000000
23.526883	0.640	71,366.000000
23.537550	0.640	73,570.000000
23.548217	0.640	75,763.000000
23.558883	0.640	76,354.000000
23.569550	0.640	74,971.000000
23.580217	0.640	73,233.000000
23.590883	0.640	71,841.000000
23.601550	0.640	69,860.000000
23.612217	0.640	67,237.000000
23.622883	0.640	63,597.000000
23.633550	0.640	58,383.000000
23.644217	0.640	53,400.000000
23.654883	0.640	50,277.000000
23.665550	0.640	48,193.000000
23.676217	0.640	46,981.000000
23.686883	0.640	47,701.000000
23.697550	0.640	49,286.000000
23.708217	0.640	49,625.000000
23.718883	0.640	48,738.000000
23.729550	0.640	47,292.000000
23.740217	0.640	45,320.000000
23.750883	0.640	44,135.000000
23.761550	0.640	45,365.000000
23.772217	0.640	48,385.000000
23.782883	0.640	51,383.000000
23.793550	0.640	53,202.000000
23.804217	0.640	53,624.000000
23.814883	0.640	52,878.000000
23.825550	0.640	51,142.000000
23.836217	0.640	49,062.000000
23.846883	0.640	47,715.000000
23.857550	0.640	47,858.000000
23.868217	0.640	49,594.000000
23.878883	0.640	51,720.000000
23.889550	0.640	52,893.000000
23.900217	0.640	53,307.000000
23.910883	0.640	53,158.000000
23.921550	0.640	52,592.000000
23.932217	0.640	52,907.000000
23.942883	0.640	53,814.000000
23.953550	0.640	53,243.000000
23.964217	0.640	52,047.000000
23.974883	0.640	53,070.000000
23.985550	0.640	55,257.000000
23.996217	0.640	55,286.000000
24.006883	0.640	54,484.000000
24.017550	0.640	56,774.000000
24.028217	0.640	60,104.000000
24.038883	0.640	58,844.000000
24.049550	0.640	54,188.000000
24.060217	0.640	52,395.000000
24.070883	0.640	54,216.000000
24.081550	0.640	54,942.000000
24.092217	0.640	53,265.000000
24.102883	0.640	52,257.000000
24.113550	0.640	53,368.000000
24.124217	0.640	54,944.000000
24.134883	0.640	55,172.000000
24.145550	0.640	54,339.000000
24.156217	0.640	53,878.000000
24.166883	0.640	54,766.000000
24.177550	0.640	56,591.000000
24.188217	0.640	57,353.000000
24.198883	0.640	56,679.000000
24.209550	0.640	55,874.000000
24.220217	0.640	55,111.000000
24.230883	0.640	55,830.000000
24.241550	0.640	59,954.000000
24.252217	0.640	64,492.000000
24.262883	0.640	64,785.000000
24.273550	0.640	62,373.000000
24.284217	0.640	62,831.000000
24.294883	0.640	67,941.000000
24.305550	0.640	75,318.000000
24.316217	0.640	81,734.000000
24.326883	0.640	84,648.000000
24.337550	0.640	84,718.000000
24.348217	0.640	84,175.000000
24.358883	0.640	83,703.000000
24.369550	0.640	84,892.000000
24.380217	0.640	89,627.000000
24.390883	0.640	98,633.000000
24.401550	0.640	115,671.000000
24.412217	0.640	148,308.000000
24.422883	0.640	204,648.000000
24.433550	0.640	293,723.000000
24.444217	0.640	429,545.000000
24.454883	0.640	638,282.000000
24.465550	0.640	971,481.000000
24.476217	0.640	1,514,371.000000
24.486883	0.640	2,378,145.000000
24.497550	0.640	3,675,627.000000
24.508217	0.640	5,451,206.000000
24.518883	0.640	7,551,496.000000
24.529550	0.640	9,533,808.000000
24.540217	0.640	10,776,304.000000
24.550883	0.640	10,799,321.000000
24.561550	0.640	9,558,241.000000
24.572217	0.640	7,478,191.000000
24.582883	0.640	5,213,044.000000
24.593550	0.640	3,297,954.000000
24.604217	0.640	1,951,444.000000
24.614883	0.640	1,127,399.000000
24.625550	0.640	670,805.000000
24.636217	0.640	427,296.000000
24.646883	0.640	290,927.000000
24.657550	0.640	209,768.000000
24.668217	0.640	161,655.000000
24.678883	0.640	131,364.000000
24.689550	0.640	108,981.000000
24.700217	0.640	93,537.000000
24.710883	0.640	86,539.000000
24.721550	0.640	85,574.000000
24.732217	0.640	86,683.000000
24.742883	0.640	88,194.000000
24.753550	0.640	89,880.000000
24.764217	0.640	92,000.000000
24.774883	0.640	96,697.000000
24.785550	0.640	105,193.000000
24.796217	0.640	114,004.000000
24.806883	0.640	119,319.000000
24.817550	0.640	123,021.000000
24.828217	0.640	130,382.000000
24.838883	0.640	142,802.000000
24.849550	0.640	156,421.000000
24.860217	0.640	169,715.000000
24.870883	0.640	186,532.000000
24.881550	0.640	208,478.000000
24.892217	0.640	233,396.000000
24.902883	0.640	262,394.000000
24.913550	0.640	298,070.000000
24.924217	0.640	341,492.000000
24.934883	0.640	400,067.000000
24.945550	0.640	494,103.000000
24.956217	0.640	662,362.000000
24.966883	0.640	982,318.000000
24.977550	0.640	1,583,345.000000
24.988217	0.640	2,559,066.000000
24.998883	0.640	3,765,050.000000
25.009550	0.640	4,745,840.000000
25.020217	0.640	5,007,366.000000
25.030883	0.640	4,426,933.000000
25.041550	0.640	3,365,953.000000
25.052217	0.640	2,358,347.000000
25.062883	0.640	1,714,361.000000
25.073550	0.640	1,410,098.000000
25.084217	0.640	1,256,189.000000
25.094883	0.640	1,101,011.000000
25.105550	0.640	903,506.000000
25.116217	0.640	693,186.000000
25.126883	0.640	510,917.000000
25.137550	0.640	376,594.000000
25.148217	0.640	284,838.000000
25.158883	0.640	219,554.000000
25.169550	0.640	169,463.000000
25.180217	0.640	132,888.000000
25.190883	0.640	111,981.000000
25.201550	0.640	102,872.000000
25.212217	0.640	97,080.000000
25.222883	0.640	91,477.000000
25.233550	0.640	87,138.000000
25.244217	0.640	83,114.000000
25.254883	0.640	78,633.000000
25.265550	0.640	75,081.000000
25.276217	0.640	72,704.000000
25.286883	0.640	70,249.000000
25.297550	0.640	68,211.000000
25.308217	0.640	67,908.000000
25.318883	0.640	68,525.000000
25.329550	0.640	69,152.000000
25.340217	0.640	70,363.000000
25.350883	0.640	71,266.000000
25.361550	0.640	69,684.000000
25.372217	0.640	66,246.000000
25.382883	0.640	64,307.000000
25.393550	0.640	65,131.000000
25.404217	0.640	66,120.000000
25.414883	0.640	65,467.000000
25.425550	0.640	64,981.000000
25.436217	0.640	65,772.000000
25.446883	0.640	66,269.000000
25.457550	0.640	66,472.000000
25.468217	0.640	68,180.000000
25.478883	0.640	70,563.000000
25.489550	0.640	71,242.000000
25.500217	0.640	70,728.000000
25.510883	0.640	70,977.000000
25.521550	0.640	71,781.000000
25.532217	0.640	72,141.000000
25.542883	0.640	72,416.000000
25.553550	0.640	73,365.000000
25.564217	0.640	74,939.000000
25.574883	0.640	75,721.000000
25.585550	0.640	74,282.000000
25.596217	0.640	71,944.000000
25.606883	0.640	71,140.000000
25.617550	0.640	71,583.000000
25.628217	0.640	70,961.000000
25.638883	0.640	68,602.000000
25.649550	0.640	66,788.000000
25.660217	0.640	67,164.000000
25.670883	0.640	67,934.000000
25.681550	0.640	67,827.000000
25.692217	0.640	68,201.000000
25.702883	0.640	68,980.000000
25.713550	0.640	68,356.000000
25.724217	0.640	66,751.000000
25.734883	0.640	66,344.000000
25.745550	0.640	66,912.000000
25.756217	0.640	66,689.000000
25.766883	0.640	66,138.000000
25.777550	0.640	66,273.000000
25.788217	0.640	66,920.000000
25.798883	0.640	67,781.000000
25.809550	0.640	68,574.000000
25.820217	0.640	69,996.000000
25.830883	0.640	73,030.000000
25.841550	0.640	77,296.000000
25.852217	0.640	82,019.000000
25.862883	0.640	86,882.000000
25.873550	0.640	92,359.000000
25.884217	0.640	99,978.000000
25.894883	0.640	110,833.000000
25.905550	0.640	123,354.000000
25.916217	0.640	135,171.000000
25.926883	0.640	145,745.000000
25.937550	0.640	153,507.000000
25.948217	0.640	155,356.000000
25.958883	0.640	150,905.000000
25.969550	0.640	142,742.000000
25.980217	0.640	134,600.000000
25.990883	0.640	130,161.000000
26.001550	0.640	130,383.000000
26.012217	0.640	135,540.000000
26.022883	0.640	151,416.000000
26.033550	0.640	192,303.000000
26.044217	0.640	287,498.000000
26.054883	0.640	492,553.000000
26.065550	0.640	875,069.000000
26.076217	0.640	1,437,712.000000
26.086883	0.640	2,017,655.000000
26.097550	0.640	2,311,099.000000
26.108217	0.640	2,100,188.000000
26.118883	0.640	1,482,319.000000
26.129550	0.640	807,325.000000
26.140217	0.640	363,009.000000
26.150883	0.640	179,575.000000
26.161550	0.640	130,940.000000
26.172217	0.640	114,480.000000
26.182883	0.640	99,497.000000
26.193550	0.640	87,273.000000
26.204217	0.640	81,539.000000
26.214883	0.640	81,684.000000
26.225550	0.640	82,944.000000
26.236217	0.640	82,318.000000
26.246883	0.640	81,215.000000
26.257550	0.640	80,540.000000
26.268217	0.640	80,118.000000
26.278883	0.640	79,910.000000
26.289550	0.640	79,068.000000
26.300217	0.640	77,468.000000
26.310883	0.640	75,712.000000
26.321550	0.640	74,146.000000
26.332217	0.640	73,344.000000
26.342883	0.640	73,288.000000
26.353550	0.640	74,178.000000
26.364217	0.640	77,484.000000
26.374883	0.640	82,066.000000
26.385550	0.640	84,263.000000
26.396217	0.640	84,472.000000
26.406883	0.640	85,795.000000
26.417550	0.640	87,921.000000
26.428217	0.640	90,144.000000
26.438883	0.640	95,943.000000
26.449550	0.640	109,373.000000
26.460217	0.640	131,846.000000
26.470883	0.640	163,447.000000
26.481550	0.640	204,484.000000
26.492217	0.640	253,939.000000
26.502883	0.640	299,371.000000
26.513550	0.640	313,180.000000
26.524217	0.640	276,884.000000
26.534883	0.640	206,368.000000
26.545550	0.640	138,354.000000
26.556217	0.640	97,637.000000
26.566883	0.640	84,351.000000
26.577550	0.640	83,499.000000
26.588217	0.640	81,448.000000
26.598883	0.640	75,829.000000
26.609550	0.640	71,803.000000
26.620217	0.640	72,544.000000
26.630883	0.640	76,318.000000
26.641550	0.640	79,962.000000
26.652217	0.640	82,186.000000
26.662883	0.640	83,780.000000
26.673550	0.640	85,034.000000
26.684217	0.640	85,699.000000
26.694883	0.640	87,087.000000
26.705550	0.640	90,461.000000
26.716217	0.640	95,641.000000
26.726883	0.640	102,461.000000
26.737550	0.640	109,962.000000
26.748217	0.640	115,524.000000
26.758883	0.640	117,917.000000
26.769550	0.640	118,488.000000
26.780217	0.640	120,134.000000
26.790883	0.640	127,837.000000
26.801550	0.640	142,357.000000
26.812217	0.640	154,438.000000
26.822883	0.640	160,300.000000
26.833550	0.640	177,618.000000
26.844217	0.640	233,423.000000
26.854883	0.640	337,657.000000
26.865550	0.640	463,126.000000
26.876217	0.640	551,144.000000
26.886883	0.640	553,407.000000
26.897550	0.640	478,323.000000
26.908217	0.640	394,029.000000
26.918883	0.640	368,418.000000
26.929550	0.640	391,949.000000
26.940217	0.640	389,966.000000
26.950883	0.640	328,131.000000
26.961550	0.640	251,563.000000
26.972217	0.640	207,285.000000
26.982883	0.640	193,667.000000
26.993550	0.640	192,062.000000
27.004217	0.640	195,461.000000
27.014883	0.640	205,143.000000
27.025550	0.640	233,049.000000
27.036217	0.640	306,791.000000
27.046883	0.640	428,645.000000
27.057550	0.640	522,506.000000
27.068217	0.640	500,564.000000
27.078883	0.640	392,938.000000
27.089550	0.640	312,005.000000
27.100217	0.640	301,596.000000
27.110883	0.640	320,698.000000
27.121550	0.640	340,132.000000
27.132217	0.640	366,834.000000
27.142883	0.640	401,986.000000
27.153550	0.640	434,459.000000
27.164217	0.640	462,900.000000
27.174883	0.640	498,181.000000
27.185550	0.640	551,155.000000
27.196217	0.640	627,520.000000
27.206883	0.640	724,245.000000
27.217550	0.640	832,693.000000
27.228217	0.640	972,757.000000
27.238883	0.640	1,240,051.000000
27.249550	0.640	1,913,706.000000
27.260217	0.640	3,646,294.000000
27.270883	0.640	6,773,670.000000
27.281550	0.640	9,592,514.000000
27.292217	0.640	9,242,893.000000
27.302883	0.640	5,690,350.000000
27.313550	0.640	2,080,124.000000
27.324217	0.640	512,238.000000
27.334883	0.640	358,380.000000
27.345550	0.640	404,576.000000
27.356217	0.640	314,686.000000
27.366883	0.640	236,065.000000
27.377550	0.640	234,995.000000
27.388217	0.640	254,452.000000
27.398883	0.640	248,044.000000
27.409550	0.640	228,419.000000
27.420217	0.640	231,242.000000
27.430883	0.640	257,419.000000
27.441550	0.640	265,794.000000
27.452217	0.640	234,947.000000
27.462883	0.640	195,157.000000
27.473550	0.640	179,250.000000
27.484217	0.640	184,264.000000
27.494883	0.640	193,263.000000
27.505550	0.640	206,000.000000
27.516217	0.640	242,087.000000
27.526883	0.640	308,498.000000
27.537550	0.640	361,563.000000
27.548217	0.640	345,294.000000
27.558883	0.640	275,834.000000
27.569550	0.640	224,177.000000
27.580217	0.640	223,344.000000
27.590883	0.640	251,653.000000
27.601550	0.640	279,755.000000
27.612217	0.640	296,598.000000
27.622883	0.640	310,440.000000
27.633550	0.640	336,712.000000
27.644217	0.640	382,506.000000
27.654883	0.640	447,968.000000
27.665550	0.640	539,206.000000
27.676217	0.640	654,022.000000
27.686883	0.640	747,112.000000
27.697550	0.640	750,543.000000
27.708217	0.640	637,147.000000
27.718883	0.640	445,525.000000
27.729550	0.640	260,492.000000
27.740217	0.640	158,730.000000
27.750883	0.640	173,122.000000
27.761550	0.640	329,547.000000
27.772217	0.640	610,888.000000
27.782883	0.640	833,393.000000
27.793550	0.640	774,338.000000
27.804217	0.640	480,150.000000
27.814883	0.640	210,892.000000
27.825550	0.640	103,390.000000
27.836217	0.640	95,970.000000
27.846883	0.640	102,688.000000
27.857550	0.640	101,321.000000
27.868217	0.640	97,795.000000
27.878883	0.640	95,753.000000
27.889550	0.640	96,058.000000
27.900217	0.640	97,403.000000
27.910883	0.640	98,468.000000
27.921550	0.640	101,233.000000
27.932217	0.640	106,732.000000
27.942883	0.640	112,500.000000
27.953550	0.640	117,383.000000
27.964217	0.640	121,887.000000
27.974883	0.640	126,016.000000
27.985550	0.640	131,263.000000
27.996217	0.640	139,380.000000
28.006883	0.640	147,727.000000
28.017550	0.640	150,243.000000
28.028217	0.640	146,594.000000
28.038883	0.640	146,505.000000
28.049550	0.640	157,796.000000
28.060217	0.640	176,553.000000
28.070883	0.640	195,246.000000
28.081550	0.640	208,750.000000
28.092217	0.640	210,888.000000
28.102883	0.640	197,786.000000
28.113550	0.640	173,639.000000
28.124217	0.640	147,914.000000
28.134883	0.640	127,607.000000
28.145550	0.640	114,388.000000
28.156217	0.640	108,309.000000
28.166883	0.640	107,351.000000
28.177550	0.640	106,260.000000
28.188217	0.640	103,284.000000
28.198883	0.640	103,698.000000
28.209550	0.640	113,950.000000
28.220217	0.640	135,005.000000
28.230883	0.640	159,352.000000
28.241550	0.640	172,732.000000
28.252217	0.640	164,966.000000
28.262883	0.640	142,163.000000
28.273550	0.640	120,075.000000
28.284217	0.640	106,597.000000
28.294883	0.640	100,855.000000
28.305550	0.640	101,387.000000
28.316217	0.640	104,722.000000
28.326883	0.640	105,129.000000
28.337550	0.640	101,748.000000
28.348217	0.640	99,929.000000
28.358883	0.640	104,324.000000
28.369550	0.640	114,372.000000
28.380217	0.640	125,180.000000
28.390883	0.640	128,582.000000
28.401550	0.640	118,799.000000
28.412217	0.640	101,249.000000
28.422883	0.640	87,789.000000
28.433550	0.640	83,855.000000
28.444217	0.640	86,195.000000
28.454883	0.640	89,262.000000
28.465550	0.640	91,267.000000
28.476217	0.640	95,012.000000
28.486883	0.640	101,073.000000
28.497550	0.640	105,494.000000
28.508217	0.640	108,013.000000
28.518883	0.640	111,557.000000
28.529550	0.640	115,323.000000
28.540217	0.640	118,566.000000
28.550883	0.640	123,193.000000
28.561550	0.640	130,961.000000
28.572217	0.640	144,207.000000
28.582883	0.640	166,552.000000
28.593550	0.640	205,376.000000
28.604217	0.640	264,791.000000
28.614883	0.640	320,428.000000
28.625550	0.640	325,091.000000
28.636217	0.640	263,295.000000
28.646883	0.640	175,166.000000
28.657550	0.640	110,432.000000
28.668217	0.640	80,915.000000
28.678883	0.640	67,614.000000
28.689550	0.640	55,185.000000
28.700217	0.640	44,121.000000
28.710883	0.640	42,033.000000
28.721550	0.640	56,026.000000
28.732217	0.640	75,737.000000
28.742883	0.640	73,359.000000
28.753550	0.640	45,570.000000
28.764217	0.640	20,836.000000
28.774883	0.640	14,796.000000
28.785550	0.640	17,915.000000
28.796217	0.640	19,231.000000
28.806883	0.640	17,250.000000
28.817550	0.640	14,897.000000
28.828217	0.640	13,718.000000
28.838883	0.640	12,970.000000
28.849550	0.640	11,681.000000
28.860217	0.640	10,061.000000
28.870883	0.640	9,012.000000
28.881550	0.640	8,649.000000
28.892217	0.640	8,405.000000
28.902883	0.640	8,454.000000
28.913550	0.640	8,936.000000
28.924217	0.640	8,833.000000
28.934883	0.640	7,723.000000
28.945550	0.640	6,719.000000
28.956217	0.640	6,476.000000
28.966883	0.640	6,545.000000
28.977550	0.640	7,084.000000
28.988217	0.640	8,248.000000
28.998883	0.640	8,631.000000
29.009550	0.640	7,615.000000
29.020217	0.640	6,305.000000
29.030883	0.640	4,996.000000
29.041550	0.640	3,614.000000
29.052217	0.640	2,956.000000
29.062883	0.640	3,229.000000
29.073550	0.640	3,139.000000
29.084217	0.640	1,911.000000
29.094883	0.640	1,096.000000
29.105550	0.640	1,691.000000
29.116217	0.640	2,280.000000
29.126883	0.640	2,235.000000
29.137550	0.640	2,142.000000
29.148217	0.640	1,798.000000
29.158883	0.640	1,402.000000
29.169550	0.640	1,961.000000
29.180217	0.640	3,011.000000
29.190883	0.640	2,662.000000
29.201550	0.640	713.000000
29.212217	0.640	-615.000000
29.222883	0.640	-212.000000
29.233550	0.640	691.000000
29.244217	0.640	1,142.000000
29.254883	0.640	1,308.000000
29.265550	0.640	1,566.000000
29.276217	0.640	1,675.000000
29.286883	0.640	861.000000
29.297550	0.640	-589.000000
29.308217	0.640	-1,134.000000
29.318883	0.640	-17.000000
29.329550	0.640	1,550.000000
29.340217	0.640	1,939.000000
29.350883	0.640	1,118.000000
29.361550	0.640	427.000000
29.372217	0.640	924.000000
29.382883	0.640	2,426.000000
29.393550	0.640	3,637.000000
29.404217	0.640	3,241.000000
29.414883	0.640	1,885.000000
29.425550	0.640	1,253.000000
29.436217	0.640	1,103.000000
29.446883	0.640	758.000000
29.457550	0.640	818.000000
29.468217	0.640	1,164.000000
29.478883	0.640	1,069.000000
29.489550	0.640	868.000000
29.500217	0.640	843.000000
29.510883	0.640	351.000000
29.521550	0.640	-655.000000
29.532217	0.640	-1,619.000000
29.542883	0.640	-2,276.000000
29.553550	0.640	-2,303.000000
29.564217	0.640	-1,868.000000
29.574883	0.640	-1,480.000000
29.585550	0.640	-1,168.000000
29.596217	0.640	-990.000000
29.606883	0.640	-842.000000
29.617550	0.640	-648.000000
29.628217	0.640	-681.000000
29.638883	0.640	-463.000000
29.649550	0.640	231.000000
29.660217	0.640	383.000000
29.670883	0.640	-78.000000
29.681550	0.640	-228.000000
29.692217	0.640	-27.000000
29.702883	0.640	209.000000
29.713550	0.640	703.000000
29.724217	0.640	1,380.000000
29.734883	0.640	1,114.000000
29.745550	0.640	-614.000000
29.756217	0.640	-1,969.000000
29.766883	0.640	-1,245.000000
29.777550	0.640	186.000000
29.788217	0.640	163.000000
29.798883	0.640	-983.000000
29.809550	0.640	-1,448.000000
29.820217	0.640	-696.000000
29.830883	0.640	210.000000
29.841550	0.640	314.000000
29.852217	0.640	-523.000000
29.862883	0.640	-1,855.000000
29.873550	0.640	-2,339.000000
29.884217	0.640	-1,119.000000
29.894883	0.640	82.000000
29.905550	0.640	-324.000000
29.916217	0.640	-827.000000
29.926883	0.640	-407.000000
29.937550	0.640	-189.000000
29.948217	0.640	-223.000000
29.958883	0.640	-100.000000
29.969550	0.640	-420.000000
29.980217	0.640	-1,258.000000
29.990883	0.640	-1,872.000000
30.001550	0.640	-1,699.000000
