File Path	chrom://nnfcb-l0495/ChromeleonLocal/20180320_AA_Lars Nielsen samples Vienna_lbpet.seq/234.smp/Emission_1.channel/Emission_1.chm
Channel	Emission_1

Injection Information:
Data Vault	ChromeleonLocal
Injection	AAmix_2p5ug_mL_2
Injection Number	49
Position	RB6
Comment	
Processing Method	20171024_Calculated with IS_lbpet
Instrument Method	20161104_AA_GeminiC18_FinalVer7
Type	Calibration Standard
Status	Finished
Injection Date	21-03-2018
Injection Time	15:47:10
Injection Volume (µl)	56.500
Dilution Factor	1.0000
Weight	1.0000

Raw Data Information:
Time Min. (min)	0.003883
Time Max. (min)	30.001550
Data Points	2813
Detector	FLD
Exporting Data System	Chromeleon 7.1.2.1478
Operator	
Signal Quantity	
Signal Unit	counts
Signal Min.	-2,980.000000
Signal Max.	68,029,950.000000
Channel	Emission_1
Driver Name	FLD3000.dll
Channel Type	Evaluation
Min. Step (s)	0.640
Max. Step (s)	0.820
Average Step (s)	0.640

Signal Parameter Information:
Signal Info	340 nm /450 nm

Raw Data:
Time (min)	Step (s)	Value (counts)
0.003883	0.000	0.000000
0.017550	0.820	0.000000
0.028217	0.640	0.000000
0.038883	0.640	-59.000000
0.049550	0.640	164.000000
0.060217	0.640	1,292.000000
0.070883	0.640	3,121.000000
0.081550	0.640	4,174.000000
0.092217	0.640	3,870.000000
0.102883	0.640	3,232.000000
0.113550	0.640	2,746.000000
0.124217	0.640	2,007.000000
0.134883	0.640	1,202.000000
0.145550	0.640	1,205.000000
0.156217	0.640	2,094.000000
0.166883	0.640	2,640.000000
0.177550	0.640	2,042.000000
0.188217	0.640	1,261.000000
0.198883	0.640	1,769.000000
0.209550	0.640	3,235.000000
0.220217	0.640	3,958.000000
0.230883	0.640	3,437.000000
0.241550	0.640	2,378.000000
0.252217	0.640	1,278.000000
0.262883	0.640	414.000000
0.273550	0.640	143.000000
0.284217	0.640	608.000000
0.294883	0.640	1,250.000000
0.305550	0.640	1,034.000000
0.316217	0.640	-180.000000
0.326883	0.640	-856.000000
0.337550	0.640	-202.000000
0.348217	0.640	462.000000
0.358883	0.640	703.000000
0.369550	0.640	1,241.000000
0.380217	0.640	1,661.000000
0.390883	0.640	1,510.000000
0.401550	0.640	1,285.000000
0.412217	0.640	1,038.000000
0.422883	0.640	564.000000
0.433550	0.640	386.000000
0.444217	0.640	468.000000
0.454883	0.640	199.000000
0.465550	0.640	304.000000
0.476217	0.640	1,272.000000
0.486883	0.640	1,689.000000
0.497550	0.640	1,010.000000
0.508217	0.640	499.000000
0.518883	0.640	529.000000
0.529550	0.640	315.000000
0.540217	0.640	274.000000
0.550883	0.640	1,721.000000
0.561550	0.640	3,682.000000
0.572217	0.640	3,811.000000
0.582883	0.640	2,352.000000
0.593550	0.640	1,330.000000
0.604217	0.640	1,635.000000
0.614883	0.640	2,543.000000
0.625550	0.640	2,567.000000
0.636217	0.640	1,297.000000
0.646883	0.640	-222.000000
0.657550	0.640	-1,162.000000
0.668217	0.640	-1,129.000000
0.678883	0.640	134.000000
0.689550	0.640	1,972.000000
0.700217	0.640	2,944.000000
0.710883	0.640	2,443.000000
0.721550	0.640	1,187.000000
0.732217	0.640	-104.000000
0.742883	0.640	-814.000000
0.753550	0.640	-688.000000
0.764217	0.640	-455.000000
0.774883	0.640	-116.000000
0.785550	0.640	779.000000
0.796217	0.640	1,303.000000
0.806883	0.640	970.000000
0.817550	0.640	833.000000
0.828217	0.640	1,340.000000
0.838883	0.640	1,909.000000
0.849550	0.640	2,523.000000
0.860217	0.640	3,489.000000
0.870883	0.640	4,016.000000
0.881550	0.640	2,877.000000
0.892217	0.640	371.000000
0.902883	0.640	-1,231.000000
0.913550	0.640	-132.000000
0.924217	0.640	2,194.000000
0.934883	0.640	2,780.000000
0.945550	0.640	1,428.000000
0.956217	0.640	259.000000
0.966883	0.640	359.000000
0.977550	0.640	1,264.000000
0.988217	0.640	1,935.000000
0.998883	0.640	1,859.000000
1.009550	0.640	1,782.000000
1.020217	0.640	2,305.000000
1.030883	0.640	2,207.000000
1.041550	0.640	212.000000
1.052217	0.640	-1,933.000000
1.062883	0.640	-1,513.000000
1.073550	0.640	453.000000
1.084217	0.640	926.000000
1.094883	0.640	204.000000
1.105550	0.640	51.000000
1.116217	0.640	-443.000000
1.126883	0.640	-1,644.000000
1.137550	0.640	-1,785.000000
1.148217	0.640	-288.000000
1.158883	0.640	1,999.000000
1.169550	0.640	3,721.000000
1.180217	0.640	3,925.000000
1.190883	0.640	3,645.000000
1.201550	0.640	4,027.000000
1.212217	0.640	3,883.000000
1.222883	0.640	2,135.000000
1.233550	0.640	340.000000
1.244217	0.640	197.000000
1.254883	0.640	1,244.000000
1.265550	0.640	2,146.000000
1.276217	0.640	2,008.000000
1.286883	0.640	1,040.000000
1.297550	0.640	424.000000
1.308217	0.640	686.000000
1.318883	0.640	845.000000
1.329550	0.640	-75.000000
1.340217	0.640	-1,029.000000
1.350883	0.640	-368.000000
1.361550	0.640	1,262.000000
1.372217	0.640	1,920.000000
1.382883	0.640	1,115.000000
1.393550	0.640	12.000000
1.404217	0.640	-483.000000
1.414883	0.640	-159.000000
1.425550	0.640	1,038.000000
1.436217	0.640	1,863.000000
1.446883	0.640	1,031.000000
1.457550	0.640	-255.000000
1.468217	0.640	-429.000000
1.478883	0.640	91.000000
1.489550	0.640	56.000000
1.500217	0.640	-524.000000
1.510883	0.640	-275.000000
1.521550	0.640	760.000000
1.532217	0.640	1,067.000000
1.542883	0.640	677.000000
1.553550	0.640	490.000000
1.564217	0.640	592.000000
1.574883	0.640	946.000000
1.585550	0.640	1,247.000000
1.596217	0.640	1,025.000000
1.606883	0.640	1,013.000000
1.617550	0.640	2,012.000000
1.628217	0.640	3,098.000000
1.638883	0.640	3,226.000000
1.649550	0.640	2,587.000000
1.660217	0.640	1,642.000000
1.670883	0.640	965.000000
1.681550	0.640	758.000000
1.692217	0.640	626.000000
1.702883	0.640	1,114.000000
1.713550	0.640	2,671.000000
1.724217	0.640	3,720.000000
1.734883	0.640	2,843.000000
1.745550	0.640	1,293.000000
1.756217	0.640	869.000000
1.766883	0.640	1,406.000000
1.777550	0.640	2,281.000000
1.788217	0.640	3,408.000000
1.798883	0.640	4,140.000000
1.809550	0.640	3,782.000000
1.820217	0.640	2,675.000000
1.830883	0.640	1,380.000000
1.841550	0.640	340.000000
1.852217	0.640	114.000000
1.862883	0.640	200.000000
1.873550	0.640	203.000000
1.884217	0.640	543.000000
1.894883	0.640	613.000000
1.905550	0.640	479.000000
1.916217	0.640	1,424.000000
1.926883	0.640	2,650.000000
1.937550	0.640	2,364.000000
1.948217	0.640	1,244.000000
1.958883	0.640	587.000000
1.969550	0.640	-299.000000
1.980217	0.640	-1,238.000000
1.990883	0.640	-645.000000
2.001550	0.640	698.000000
2.012217	0.640	1,123.000000
2.022883	0.640	1,442.000000
2.033550	0.640	2,395.000000
2.044217	0.640	2,397.000000
2.054883	0.640	806.000000
2.065550	0.640	-100.000000
2.076217	0.640	1,098.000000
2.086883	0.640	2,865.000000
2.097550	0.640	3,850.000000
2.108217	0.640	4,010.000000
2.118883	0.640	3,491.000000
2.129550	0.640	2,875.000000
2.140217	0.640	2,232.000000
2.150883	0.640	1,034.000000
2.161550	0.640	-40.000000
2.172217	0.640	-138.000000
2.182883	0.640	558.000000
2.193550	0.640	1,848.000000
2.204217	0.640	3,177.000000
2.214883	0.640	3,549.000000
2.225550	0.640	2,957.000000
2.236217	0.640	2,481.000000
2.246883	0.640	2,945.000000
2.257550	0.640	3,843.000000
2.268217	0.640	3,898.000000
2.278883	0.640	2,766.000000
2.289550	0.640	1,419.000000
2.300217	0.640	628.000000
2.310883	0.640	248.000000
2.321550	0.640	168.000000
2.332217	0.640	422.000000
2.342883	0.640	874.000000
2.353550	0.640	1,393.000000
2.364217	0.640	1,577.000000
2.374883	0.640	1,150.000000
2.385550	0.640	449.000000
2.396217	0.640	-91.000000
2.406883	0.640	-213.000000
2.417550	0.640	132.000000
2.428217	0.640	639.000000
2.438883	0.640	787.000000
2.449550	0.640	628.000000
2.460217	0.640	651.000000
2.470883	0.640	415.000000
2.481550	0.640	-176.000000
2.492217	0.640	160.000000
2.502883	0.640	974.000000
2.513550	0.640	752.000000
2.524217	0.640	455.000000
2.534883	0.640	1,017.000000
2.545550	0.640	1,404.000000
2.556217	0.640	1,610.000000
2.566883	0.640	2,265.000000
2.577550	0.640	2,470.000000
2.588217	0.640	2,186.000000
2.598883	0.640	3,030.000000
2.609550	0.640	4,138.000000
2.620217	0.640	2,752.000000
2.630883	0.640	-289.000000
2.641550	0.640	-1,374.000000
2.652217	0.640	128.000000
2.662883	0.640	1,458.000000
2.673550	0.640	1,112.000000
2.684217	0.640	459.000000
2.694883	0.640	523.000000
2.705550	0.640	701.000000
2.716217	0.640	1,830.000000
2.726883	0.640	5,298.000000
2.737550	0.640	8,391.000000
2.748217	0.640	7,692.000000
2.758883	0.640	4,850.000000
2.769550	0.640	3,054.000000
2.780217	0.640	2,923.000000
2.790883	0.640	3,303.000000
2.801550	0.640	2,580.000000
2.812217	0.640	1,059.000000
2.822883	0.640	871.000000
2.833550	0.640	1,878.000000
2.844217	0.640	1,958.000000
2.854883	0.640	1,823.000000
2.865550	0.640	3,690.000000
2.876217	0.640	6,004.000000
2.886883	0.640	5,600.000000
2.897550	0.640	2,695.000000
2.908217	0.640	-91.000000
2.918883	0.640	-1,338.000000
2.929550	0.640	-1,569.000000
2.940217	0.640	-1,059.000000
2.950883	0.640	136.000000
2.961550	0.640	511.000000
2.972217	0.640	-226.000000
2.982883	0.640	216.000000
2.993550	0.640	2,758.000000
3.004217	0.640	5,766.000000
3.014883	0.640	7,534.000000
3.025550	0.640	8,573.000000
3.036217	0.640	12,100.000000
3.046883	0.640	20,746.000000
3.057550	0.640	35,415.000000
3.068217	0.640	59,636.000000
3.078883	0.640	104,297.000000
3.089550	0.640	189,619.000000
3.100217	0.640	339,385.000000
3.110883	0.640	572,604.000000
3.121550	0.640	894,845.000000
3.132217	0.640	1,273,502.000000
3.142883	0.640	1,624,106.000000
3.153550	0.640	1,849,215.000000
3.164217	0.640	1,896,345.000000
3.174883	0.640	1,784,846.000000
3.185550	0.640	1,590,697.000000
3.196217	0.640	1,396,046.000000
3.206883	0.640	1,241,881.000000
3.217550	0.640	1,127,678.000000
3.228217	0.640	1,044,887.000000
3.238883	0.640	993,690.000000
3.249550	0.640	967,227.000000
3.260217	0.640	941,489.000000
3.270883	0.640	895,930.000000
3.281550	0.640	830,507.000000
3.292217	0.640	753,622.000000
3.302883	0.640	667,368.000000
3.313550	0.640	569,771.000000
3.324217	0.640	463,868.000000
3.334883	0.640	360,024.000000
3.345550	0.640	268,365.000000
3.356217	0.640	192,527.000000
3.366883	0.640	132,305.000000
3.377550	0.640	87,143.000000
3.388217	0.640	56,320.000000
3.398883	0.640	37,873.000000
3.409550	0.640	27,224.000000
3.420217	0.640	19,638.000000
3.430883	0.640	13,792.000000
3.441550	0.640	10,515.000000
3.452217	0.640	9,096.000000
3.462883	0.640	7,104.000000
3.473550	0.640	4,197.000000
3.484217	0.640	2,057.000000
3.494883	0.640	859.000000
3.505550	0.640	138.000000
3.516217	0.640	497.000000
3.526883	0.640	1,541.000000
3.537550	0.640	1,716.000000
3.548217	0.640	1,304.000000
3.558883	0.640	1,910.000000
3.569550	0.640	3,322.000000
3.580217	0.640	4,289.000000
3.590883	0.640	4,640.000000
3.601550	0.640	4,201.000000
3.612217	0.640	2,862.000000
3.622883	0.640	1,993.000000
3.633550	0.640	2,608.000000
3.644217	0.640	3,622.000000
3.654883	0.640	3,881.000000
3.665550	0.640	4,003.000000
3.676217	0.640	4,349.000000
3.686883	0.640	3,937.000000
3.697550	0.640	3,016.000000
3.708217	0.640	2,565.000000
3.718883	0.640	2,064.000000
3.729550	0.640	1,271.000000
3.740217	0.640	1,001.000000
3.750883	0.640	1,575.000000
3.761550	0.640	2,634.000000
3.772217	0.640	3,019.000000
3.782883	0.640	2,421.000000
3.793550	0.640	2,799.000000
3.804217	0.640	4,809.000000
3.814883	0.640	6,824.000000
3.825550	0.640	8,719.000000
3.836217	0.640	11,026.000000
3.846883	0.640	12,774.000000
3.857550	0.640	13,744.000000
3.868217	0.640	14,643.000000
3.878883	0.640	15,149.000000
3.889550	0.640	14,839.000000
3.900217	0.640	13,881.000000
3.910883	0.640	12,179.000000
3.921550	0.640	9,939.000000
3.932217	0.640	7,942.000000
3.942883	0.640	6,690.000000
3.953550	0.640	6,171.000000
3.964217	0.640	5,872.000000
3.974883	0.640	5,185.000000
3.985550	0.640	4,058.000000
3.996217	0.640	2,934.000000
4.006883	0.640	1,899.000000
4.017550	0.640	1,260.000000
4.028217	0.640	1,956.000000
4.038883	0.640	3,435.000000
4.049550	0.640	4,368.000000
4.060217	0.640	4,278.000000
4.070883	0.640	3,029.000000
4.081550	0.640	1,981.000000
4.092217	0.640	2,326.000000
4.102883	0.640	2,655.000000
4.113550	0.640	2,011.000000
4.124217	0.640	1,316.000000
4.134883	0.640	1,471.000000
4.145550	0.640	2,627.000000
4.156217	0.640	3,818.000000
4.166883	0.640	3,754.000000
4.177550	0.640	2,556.000000
4.188217	0.640	1,395.000000
4.198883	0.640	1,338.000000
4.209550	0.640	2,686.000000
4.220217	0.640	4,062.000000
4.230883	0.640	3,758.000000
4.241550	0.640	2,117.000000
4.252217	0.640	388.000000
4.262883	0.640	-737.000000
4.273550	0.640	-517.000000
4.284217	0.640	755.000000
4.294883	0.640	1,389.000000
4.305550	0.640	1,139.000000
4.316217	0.640	1,381.000000
4.326883	0.640	2,666.000000
4.337550	0.640	4,313.000000
4.348217	0.640	5,191.000000
4.358883	0.640	4,931.000000
4.369550	0.640	4,407.000000
4.380217	0.640	4,120.000000
4.390883	0.640	3,483.000000
4.401550	0.640	2,801.000000
4.412217	0.640	3,249.000000
4.422883	0.640	4,077.000000
4.433550	0.640	3,428.000000
4.444217	0.640	1,811.000000
4.454883	0.640	1,451.000000
4.465550	0.640	2,357.000000
4.476217	0.640	2,595.000000
4.486883	0.640	1,975.000000
4.497550	0.640	2,032.000000
4.508217	0.640	3,450.000000
4.518883	0.640	4,806.000000
4.529550	0.640	4,928.000000
4.540217	0.640	5,414.000000
4.550883	0.640	7,195.000000
4.561550	0.640	8,909.000000
4.572217	0.640	10,265.000000
4.582883	0.640	12,139.000000
4.593550	0.640	15,153.000000
4.604217	0.640	19,864.000000
4.614883	0.640	28,047.000000
4.625550	0.640	43,277.000000
4.636217	0.640	68,928.000000
4.646883	0.640	110,228.000000
4.657550	0.640	179,268.000000
4.668217	0.640	298,804.000000
4.678883	0.640	517,315.000000
4.689550	0.640	919,214.000000
4.700217	0.640	1,579,131.000000
4.710883	0.640	2,458,572.000000
4.721550	0.640	3,324,975.000000
4.732217	0.640	3,815,551.000000
4.742883	0.640	3,673,119.000000
4.753550	0.640	2,957,547.000000
4.764217	0.640	2,008,882.000000
4.774883	0.640	1,191,748.000000
4.785550	0.640	666,669.000000
4.796217	0.640	385,908.000000
4.806883	0.640	241,582.000000
4.817550	0.640	159,979.000000
4.828217	0.640	104,885.000000
4.838883	0.640	65,236.000000
4.849550	0.640	40,832.000000
4.860217	0.640	27,980.000000
4.870883	0.640	20,366.000000
4.881550	0.640	14,572.000000
4.892217	0.640	10,392.000000
4.902883	0.640	8,146.000000
4.913550	0.640	6,748.000000
4.924217	0.640	5,664.000000
4.934883	0.640	5,612.000000
4.945550	0.640	5,891.000000
4.956217	0.640	4,749.000000
4.966883	0.640	2,718.000000
4.977550	0.640	2,352.000000
4.988217	0.640	3,988.000000
4.998883	0.640	5,197.000000
5.009550	0.640	5,081.000000
5.020217	0.640	5,002.000000
5.030883	0.640	5,619.000000
5.041550	0.640	6,253.000000
5.052217	0.640	6,063.000000
5.062883	0.640	5,129.000000
5.073550	0.640	4,481.000000
5.084217	0.640	4,649.000000
5.094883	0.640	5,404.000000
5.105550	0.640	5,893.000000
5.116217	0.640	4,687.000000
5.126883	0.640	2,434.000000
5.137550	0.640	1,812.000000
5.148217	0.640	3,124.000000
5.158883	0.640	4,076.000000
5.169550	0.640	3,742.000000
5.180217	0.640	3,417.000000
5.190883	0.640	3,814.000000
5.201550	0.640	4,182.000000
5.212217	0.640	4,582.000000
5.222883	0.640	5,734.000000
5.233550	0.640	6,721.000000
5.244217	0.640	6,543.000000
5.254883	0.640	5,844.000000
5.265550	0.640	4,890.000000
5.276217	0.640	3,639.000000
5.286883	0.640	3,490.000000
5.297550	0.640	4,965.000000
5.308217	0.640	5,914.000000
5.318883	0.640	4,986.000000
5.329550	0.640	3,437.000000
5.340217	0.640	2,537.000000
5.350883	0.640	2,389.000000
5.361550	0.640	2,800.000000
5.372217	0.640	3,776.000000
5.382883	0.640	5,120.000000
5.393550	0.640	5,982.000000
5.404217	0.640	5,601.000000
5.414883	0.640	4,668.000000
5.425550	0.640	4,550.000000
5.436217	0.640	4,923.000000
5.446883	0.640	4,923.000000
5.457550	0.640	5,394.000000
5.468217	0.640	6,588.000000
5.478883	0.640	7,158.000000
5.489550	0.640	7,192.000000
5.500217	0.640	8,395.000000
5.510883	0.640	12,193.000000
5.521550	0.640	19,004.000000
5.532217	0.640	27,591.000000
5.542883	0.640	37,208.000000
5.553550	0.640	49,949.000000
5.564217	0.640	66,475.000000
5.574883	0.640	81,860.000000
5.585550	0.640	90,358.000000
5.596217	0.640	91,634.000000
5.606883	0.640	87,777.000000
5.617550	0.640	78,223.000000
5.628217	0.640	63,362.000000
5.638883	0.640	47,779.000000
5.649550	0.640	35,193.000000
5.660217	0.640	25,786.000000
5.670883	0.640	18,950.000000
5.681550	0.640	13,668.000000
5.692217	0.640	8,738.000000
5.702883	0.640	4,935.000000
5.713550	0.640	4,177.000000
5.724217	0.640	5,882.000000
5.734883	0.640	6,603.000000
5.745550	0.640	5,110.000000
5.756217	0.640	4,172.000000
5.766883	0.640	4,919.000000
5.777550	0.640	5,361.000000
5.788217	0.640	5,250.000000
5.798883	0.640	5,726.000000
5.809550	0.640	5,840.000000
5.820217	0.640	4,590.000000
5.830883	0.640	3,709.000000
5.841550	0.640	4,841.000000
5.852217	0.640	6,196.000000
5.862883	0.640	5,770.000000
5.873550	0.640	4,935.000000
5.884217	0.640	4,821.000000
5.894883	0.640	4,018.000000
5.905550	0.640	2,407.000000
5.916217	0.640	2,509.000000
5.926883	0.640	5,209.000000
5.937550	0.640	7,532.000000
5.948217	0.640	7,681.000000
5.958883	0.640	7,690.000000
5.969550	0.640	8,272.000000
5.980217	0.640	7,886.000000
5.990883	0.640	6,766.000000
6.001550	0.640	6,203.000000
6.012217	0.640	6,281.000000
6.022883	0.640	6,939.000000
6.033550	0.640	8,098.000000
6.044217	0.640	8,130.000000
6.054883	0.640	6,244.000000
6.065550	0.640	4,964.000000
6.076217	0.640	5,954.000000
6.086883	0.640	7,221.000000
6.097550	0.640	7,455.000000
6.108217	0.640	8,228.000000
6.118883	0.640	10,037.000000
6.129550	0.640	11,283.000000
6.140217	0.640	12,403.000000
6.150883	0.640	15,359.000000
6.161550	0.640	19,151.000000
6.172217	0.640	21,040.000000
6.182883	0.640	20,339.000000
6.193550	0.640	18,194.000000
6.204217	0.640	15,515.000000
6.214883	0.640	12,478.000000
6.225550	0.640	9,908.000000
6.236217	0.640	8,620.000000
6.246883	0.640	7,300.000000
6.257550	0.640	5,126.000000
6.268217	0.640	4,390.000000
6.278883	0.640	6,716.000000
6.289550	0.640	10,031.000000
6.300217	0.640	12,506.000000
6.310883	0.640	16,373.000000
6.321550	0.640	23,704.000000
6.332217	0.640	32,988.000000
6.342883	0.640	44,893.000000
6.353550	0.640	65,394.000000
6.364217	0.640	99,900.000000
6.374883	0.640	153,478.000000
6.385550	0.640	241,640.000000
6.396217	0.640	387,847.000000
6.406883	0.640	601,523.000000
6.417550	0.640	863,593.000000
6.428217	0.640	1,126,325.000000
6.438883	0.640	1,319,315.000000
6.449550	0.640	1,378,955.000000
6.460217	0.640	1,290,426.000000
6.470883	0.640	1,090,707.000000
6.481550	0.640	838,686.000000
6.492217	0.640	591,156.000000
6.502883	0.640	386,218.000000
6.513550	0.640	237,619.000000
6.524217	0.640	141,833.000000
6.534883	0.640	85,844.000000
6.545550	0.640	54,254.000000
6.556217	0.640	34,988.000000
6.566883	0.640	22,085.000000
6.577550	0.640	14,860.000000
6.588217	0.640	12,357.000000
6.598883	0.640	11,373.000000
6.609550	0.640	10,322.000000
6.620217	0.640	9,339.000000
6.630883	0.640	8,243.000000
6.641550	0.640	7,418.000000
6.652217	0.640	7,163.000000
6.662883	0.640	6,895.000000
6.673550	0.640	6,892.000000
6.684217	0.640	8,264.000000
6.694883	0.640	10,365.000000
6.705550	0.640	10,599.000000
6.716217	0.640	8,652.000000
6.726883	0.640	7,617.000000
6.737550	0.640	8,867.000000
6.748217	0.640	9,953.000000
6.758883	0.640	9,014.000000
6.769550	0.640	7,942.000000
6.780217	0.640	8,923.000000
6.790883	0.640	10,356.000000
6.801550	0.640	9,973.000000
6.812217	0.640	9,317.000000
6.822883	0.640	10,632.000000
6.833550	0.640	12,909.000000
6.844217	0.640	14,686.000000
6.854883	0.640	16,293.000000
6.865550	0.640	17,645.000000
6.876217	0.640	17,717.000000
6.886883	0.640	16,201.000000
6.897550	0.640	14,185.000000
6.908217	0.640	13,505.000000
6.918883	0.640	14,265.000000
6.929550	0.640	14,370.000000
6.940217	0.640	13,029.000000
6.950883	0.640	12,004.000000
6.961550	0.640	12,637.000000
6.972217	0.640	13,682.000000
6.982883	0.640	13,702.000000
6.993550	0.640	13,436.000000
7.004217	0.640	13,165.000000
7.014883	0.640	11,666.000000
7.025550	0.640	9,609.000000
7.036217	0.640	9,060.000000
7.046883	0.640	9,456.000000
7.057550	0.640	8,867.000000
7.068217	0.640	7,507.000000
7.078883	0.640	6,695.000000
7.089550	0.640	6,959.000000
7.100217	0.640	7,689.000000
7.110883	0.640	7,788.000000
7.121550	0.640	7,403.000000
7.132217	0.640	7,446.000000
7.142883	0.640	7,881.000000
7.153550	0.640	8,040.000000
7.164217	0.640	7,812.000000
7.174883	0.640	7,604.000000
7.185550	0.640	7,287.000000
7.196217	0.640	6,756.000000
7.206883	0.640	6,711.000000
7.217550	0.640	7,185.000000
7.228217	0.640	7,020.000000
7.238883	0.640	6,061.000000
7.249550	0.640	5,897.000000
7.260217	0.640	6,995.000000
7.270883	0.640	7,659.000000
7.281550	0.640	6,950.000000
7.292217	0.640	6,222.000000
7.302883	0.640	6,795.000000
7.313550	0.640	7,536.000000
7.324217	0.640	7,083.000000
7.334883	0.640	6,756.000000
7.345550	0.640	7,761.000000
7.356217	0.640	8,415.000000
7.366883	0.640	7,211.000000
7.377550	0.640	5,292.000000
7.388217	0.640	4,374.000000
7.398883	0.640	5,019.000000
7.409550	0.640	6,805.000000
7.420217	0.640	8,263.000000
7.430883	0.640	8,019.000000
7.441550	0.640	7,045.000000
7.452217	0.640	7,358.000000
7.462883	0.640	8,672.000000
7.473550	0.640	8,915.000000
7.484217	0.640	7,325.000000
7.494883	0.640	5,628.000000
7.505550	0.640	5,502.000000
7.516217	0.640	5,863.000000
7.526883	0.640	5,524.000000
7.537550	0.640	5,652.000000
7.548217	0.640	6,418.000000
7.558883	0.640	6,418.000000
7.569550	0.640	6,030.000000
7.580217	0.640	6,316.000000
7.590883	0.640	6,500.000000
7.601550	0.640	5,971.000000
7.612217	0.640	6,307.000000
7.622883	0.640	8,291.000000
7.633550	0.640	10,008.000000
7.644217	0.640	10,072.000000
7.654883	0.640	9,236.000000
7.665550	0.640	8,526.000000
7.676217	0.640	7,948.000000
7.686883	0.640	7,459.000000
7.697550	0.640	7,754.000000
7.708217	0.640	8,521.000000
7.718883	0.640	8,853.000000
7.729550	0.640	9,167.000000
7.740217	0.640	9,762.000000
7.750883	0.640	10,561.000000
7.761550	0.640	12,476.000000
7.772217	0.640	16,606.000000
7.782883	0.640	23,369.000000
7.793550	0.640	33,201.000000
7.804217	0.640	48,551.000000
7.814883	0.640	73,740.000000
7.825550	0.640	111,909.000000
7.836217	0.640	167,176.000000
7.846883	0.640	251,564.000000
7.857550	0.640	387,835.000000
7.868217	0.640	612,213.000000
7.878883	0.640	973,976.000000
7.889550	0.640	1,516,875.000000
7.900217	0.640	2,241,238.000000
7.910883	0.640	3,051,999.000000
7.921550	0.640	3,744,254.000000
7.932217	0.640	4,088,762.000000
7.942883	0.640	3,962,760.000000
7.953550	0.640	3,411,717.000000
7.964217	0.640	2,610,694.000000
7.974883	0.640	1,783,300.000000
7.985550	0.640	1,110,326.000000
7.996217	0.640	654,551.000000
8.006883	0.640	377,620.000000
8.017550	0.640	218,659.000000
8.028217	0.640	132,336.000000
8.038883	0.640	85,954.000000
8.049550	0.640	57,879.000000
8.060217	0.640	39,093.000000
8.070883	0.640	27,120.000000
8.081550	0.640	20,287.000000
8.092217	0.640	17,715.000000
8.102883	0.640	18,362.000000
8.113550	0.640	20,821.000000
8.124217	0.640	23,963.000000
8.134883	0.640	26,626.000000
8.145550	0.640	28,638.000000
8.156217	0.640	29,661.000000
8.166883	0.640	27,883.000000
8.177550	0.640	23,128.000000
8.188217	0.640	18,085.000000
8.198883	0.640	15,332.000000
8.209550	0.640	14,406.000000
8.220217	0.640	12,673.000000
8.230883	0.640	9,845.000000
8.241550	0.640	8,253.000000
8.252217	0.640	8,320.000000
8.262883	0.640	8,426.000000
8.273550	0.640	8,155.000000
8.284217	0.640	8,345.000000
8.294883	0.640	9,650.000000
8.305550	0.640	11,140.000000
8.316217	0.640	10,636.000000
8.326883	0.640	8,611.000000
8.337550	0.640	8,268.000000
8.348217	0.640	9,997.000000
8.358883	0.640	10,648.000000
8.369550	0.640	9,015.000000
8.380217	0.640	7,300.000000
8.390883	0.640	6,704.000000
8.401550	0.640	6,299.000000
8.412217	0.640	6,383.000000
8.422883	0.640	7,737.000000
8.433550	0.640	9,047.000000
8.444217	0.640	9,590.000000
8.454883	0.640	10,559.000000
8.465550	0.640	11,662.000000
8.476217	0.640	10,988.000000
8.486883	0.640	8,815.000000
8.497550	0.640	7,732.000000
8.508217	0.640	8,465.000000
8.518883	0.640	9,421.000000
8.529550	0.640	10,024.000000
8.540217	0.640	10,857.000000
8.550883	0.640	11,913.000000
8.561550	0.640	13,403.000000
8.572217	0.640	16,940.000000
8.582883	0.640	23,513.000000
8.593550	0.640	32,343.000000
8.604217	0.640	44,356.000000
8.614883	0.640	62,912.000000
8.625550	0.640	90,530.000000
8.636217	0.640	130,949.000000
8.646883	0.640	192,767.000000
8.657550	0.640	287,381.000000
8.668217	0.640	427,807.000000
8.678883	0.640	634,648.000000
8.689550	0.640	945,725.000000
8.700217	0.640	1,411,933.000000
8.710883	0.640	2,067,833.000000
8.721550	0.640	2,890,477.000000
8.732217	0.640	3,766,334.000000
8.742883	0.640	4,494,928.000000
8.753550	0.640	4,856,997.000000
8.764217	0.640	4,721,941.000000
8.774883	0.640	4,120,433.000000
8.785550	0.640	3,233,125.000000
8.796217	0.640	2,300,384.000000
8.806883	0.640	1,507,170.000000
8.817550	0.640	927,543.000000
8.828217	0.640	550,197.000000
8.838883	0.640	325,649.000000
8.849550	0.640	198,395.000000
8.860217	0.640	126,264.000000
8.870883	0.640	83,911.000000
8.881550	0.640	57,018.000000
8.892217	0.640	39,449.000000
8.902883	0.640	29,093.000000
8.913550	0.640	23,652.000000
8.924217	0.640	20,946.000000
8.934883	0.640	18,696.000000
8.945550	0.640	15,920.000000
8.956217	0.640	14,405.000000
8.966883	0.640	14,690.000000
8.977550	0.640	14,535.000000
8.988217	0.640	13,366.000000
8.998883	0.640	13,360.000000
9.009550	0.640	14,503.000000
9.020217	0.640	14,614.000000
9.030883	0.640	14,302.000000
9.041550	0.640	14,651.000000
9.052217	0.640	14,165.000000
9.062883	0.640	12,663.000000
9.073550	0.640	12,207.000000
9.084217	0.640	13,207.000000
9.094883	0.640	13,729.000000
9.105550	0.640	12,539.000000
9.116217	0.640	10,999.000000
9.126883	0.640	11,037.000000
9.137550	0.640	12,367.000000
9.148217	0.640	13,339.000000
9.158883	0.640	13,441.000000
9.169550	0.640	13,512.000000
9.180217	0.640	14,499.000000
9.190883	0.640	16,161.000000
9.201550	0.640	16,687.000000
9.212217	0.640	15,328.000000
9.222883	0.640	13,447.000000
9.233550	0.640	12,153.000000
9.244217	0.640	11,758.000000
9.254883	0.640	12,079.000000
9.265550	0.640	12,469.000000
9.276217	0.640	12,853.000000
9.286883	0.640	13,765.000000
9.297550	0.640	15,141.000000
9.308217	0.640	15,845.000000
9.318883	0.640	14,881.000000
9.329550	0.640	13,036.000000
9.340217	0.640	12,438.000000
9.350883	0.640	13,857.000000
9.361550	0.640	15,619.000000
9.372217	0.640	16,339.000000
9.382883	0.640	16,553.000000
9.393550	0.640	16,452.000000
9.404217	0.640	15,488.000000
9.414883	0.640	14,980.000000
9.425550	0.640	16,692.000000
9.436217	0.640	18,919.000000
9.446883	0.640	19,009.000000
9.457550	0.640	18,028.000000
9.468217	0.640	18,202.000000
9.478883	0.640	18,935.000000
9.489550	0.640	18,932.000000
9.500217	0.640	19,091.000000
9.510883	0.640	20,839.000000
9.521550	0.640	24,100.000000
9.532217	0.640	28,612.000000
9.542883	0.640	34,887.000000
9.553550	0.640	43,739.000000
9.564217	0.640	56,657.000000
9.574883	0.640	75,412.000000
9.585550	0.640	101,752.000000
9.596217	0.640	139,047.000000
9.606883	0.640	194,782.000000
9.617550	0.640	282,549.000000
9.628217	0.640	423,963.000000
9.638883	0.640	652,918.000000
9.649550	0.640	1,012,887.000000
9.660217	0.640	1,535,590.000000
9.670883	0.640	2,206,313.000000
9.681550	0.640	2,927,977.000000
9.692217	0.640	3,516,815.000000
9.702883	0.640	3,772,760.000000
9.713550	0.640	3,594,990.000000
9.724217	0.640	3,042,889.000000
9.734883	0.640	2,298,035.000000
9.745550	0.640	1,566,077.000000
9.756217	0.640	981,769.000000
9.766883	0.640	581,598.000000
9.777550	0.640	339,165.000000
9.788217	0.640	204,868.000000
9.798883	0.640	132,774.000000
9.809550	0.640	93,101.000000
9.820217	0.640	69,440.000000
9.830883	0.640	54,192.000000
9.841550	0.640	44,170.000000
9.852217	0.640	37,217.000000
9.862883	0.640	33,333.000000
9.873550	0.640	32,953.000000
9.884217	0.640	34,185.000000
9.894883	0.640	35,262.000000
9.905550	0.640	36,091.000000
9.916217	0.640	37,313.000000
9.926883	0.640	39,514.000000
9.937550	0.640	43,583.000000
9.948217	0.640	51,629.000000
9.958883	0.640	64,683.000000
9.969550	0.640	81,385.000000
9.980217	0.640	103,199.000000
9.990883	0.640	139,174.000000
10.001550	0.640	201,502.000000
10.012217	0.640	300,713.000000
10.022883	0.640	449,554.000000
10.033550	0.640	660,030.000000
10.044217	0.640	926,998.000000
10.054883	0.640	1,211,543.000000
10.065550	0.640	1,434,707.000000
10.076217	0.640	1,507,871.000000
10.086883	0.640	1,396,847.000000
10.097550	0.640	1,147,418.000000
10.108217	0.640	846,160.000000
10.118883	0.640	572,212.000000
10.129550	0.640	369,489.000000
10.140217	0.640	239,416.000000
10.150883	0.640	161,396.000000
10.161550	0.640	118,687.000000
10.172217	0.640	100,323.000000
10.182883	0.640	94,636.000000
10.193550	0.640	93,684.000000
10.204217	0.640	95,873.000000
10.214883	0.640	99,116.000000
10.225550	0.640	99,139.000000
10.236217	0.640	95,709.000000
10.246883	0.640	91,065.000000
10.257550	0.640	83,590.000000
10.268217	0.640	71,172.000000
10.278883	0.640	57,043.000000
10.289550	0.640	46,059.000000
10.300217	0.640	38,435.000000
10.310883	0.640	31,993.000000
10.321550	0.640	27,016.000000
10.332217	0.640	24,552.000000
10.342883	0.640	23,358.000000
10.353550	0.640	22,057.000000
10.364217	0.640	21,248.000000
10.374883	0.640	21,544.000000
10.385550	0.640	22,748.000000
10.396217	0.640	24,612.000000
10.406883	0.640	26,692.000000
10.417550	0.640	27,788.000000
10.428217	0.640	26,120.000000
10.438883	0.640	22,310.000000
10.449550	0.640	19,416.000000
10.460217	0.640	18,320.000000
10.470883	0.640	17,563.000000
10.481550	0.640	16,527.000000
10.492217	0.640	15,845.000000
10.502883	0.640	15,140.000000
10.513550	0.640	13,311.000000
10.524217	0.640	12,204.000000
10.534883	0.640	14,234.000000
10.545550	0.640	17,128.000000
10.556217	0.640	17,397.000000
10.566883	0.640	15,947.000000
10.577550	0.640	15,385.000000
10.588217	0.640	15,315.000000
10.598883	0.640	14,640.000000
10.609550	0.640	14,511.000000
10.620217	0.640	15,348.000000
10.630883	0.640	15,536.000000
10.641550	0.640	14,571.000000
10.652217	0.640	13,876.000000
10.662883	0.640	14,467.000000
10.673550	0.640	15,466.000000
10.684217	0.640	15,871.000000
10.694883	0.640	16,000.000000
10.705550	0.640	16,091.000000
10.716217	0.640	16,245.000000
10.726883	0.640	16,276.000000
10.737550	0.640	15,644.000000
10.748217	0.640	15,347.000000
10.758883	0.640	15,895.000000
10.769550	0.640	15,254.000000
10.780217	0.640	13,073.000000
10.790883	0.640	12,301.000000
10.801550	0.640	14,060.000000
10.812217	0.640	15,705.000000
10.822883	0.640	15,240.000000
10.833550	0.640	13,618.000000
10.844217	0.640	12,356.000000
10.854883	0.640	12,229.000000
10.865550	0.640	13,968.000000
10.876217	0.640	17,249.000000
10.886883	0.640	20,233.000000
10.897550	0.640	22,457.000000
10.908217	0.640	25,628.000000
10.918883	0.640	31,334.000000
10.929550	0.640	41,389.000000
10.940217	0.640	58,321.000000
10.950883	0.640	83,553.000000
10.961550	0.640	119,488.000000
10.972217	0.640	173,752.000000
10.982883	0.640	256,041.000000
10.993550	0.640	374,072.000000
11.004217	0.640	544,710.000000
11.014883	0.640	806,392.000000
11.025550	0.640	1,211,903.000000
11.036217	0.640	1,820,070.000000
11.046883	0.640	2,685,230.000000
11.057550	0.640	3,806,910.000000
11.068217	0.640	5,057,563.000000
11.078883	0.640	6,170,000.000000
11.089550	0.640	6,828,566.000000
11.100217	0.640	6,811,493.000000
11.110883	0.640	6,106,945.000000
11.121550	0.640	4,930,984.000000
11.132217	0.640	3,609,836.000000
11.142883	0.640	2,423,385.000000
11.153550	0.640	1,522,180.000000
11.164217	0.640	923,083.000000
11.174883	0.640	562,022.000000
11.185550	0.640	360,707.000000
11.196217	0.640	258,150.000000
11.206883	0.640	214,647.000000
11.217550	0.640	208,523.000000
11.228217	0.640	228,994.000000
11.238883	0.640	273,357.000000
11.249550	0.640	348,611.000000
11.260217	0.640	470,629.000000
11.270883	0.640	665,858.000000
11.281550	0.640	971,458.000000
11.292217	0.640	1,421,108.000000
11.302883	0.640	2,018,465.000000
11.313550	0.640	2,708,097.000000
11.324217	0.640	3,364,096.000000
11.334883	0.640	3,812,705.000000
11.345550	0.640	3,897,573.000000
11.356217	0.640	3,571,340.000000
11.366883	0.640	2,934,086.000000
11.377550	0.640	2,177,268.000000
11.388217	0.640	1,482,055.000000
11.398883	0.640	943,289.000000
11.409550	0.640	571,314.000000
11.420217	0.640	338,195.000000
11.430883	0.640	203,863.000000
11.441550	0.640	128,726.000000
11.452217	0.640	86,039.000000
11.462883	0.640	61,574.000000
11.473550	0.640	47,336.000000
11.484217	0.640	38,671.000000
11.494883	0.640	33,077.000000
11.505550	0.640	30,140.000000
11.516217	0.640	29,484.000000
11.526883	0.640	29,149.000000
11.537550	0.640	27,926.000000
11.548217	0.640	27,241.000000
11.558883	0.640	29,782.000000
11.569550	0.640	34,925.000000
11.580217	0.640	38,277.000000
11.590883	0.640	37,815.000000
11.601550	0.640	34,681.000000
11.612217	0.640	30,171.000000
11.622883	0.640	26,207.000000
11.633550	0.640	24,356.000000
11.644217	0.640	24,179.000000
11.654883	0.640	23,483.000000
11.665550	0.640	20,753.000000
11.676217	0.640	18,192.000000
11.686883	0.640	18,342.000000
11.697550	0.640	19,631.000000
11.708217	0.640	19,876.000000
11.718883	0.640	19,790.000000
11.729550	0.640	20,337.000000
11.740217	0.640	20,698.000000
11.750883	0.640	20,564.000000
11.761550	0.640	21,417.000000
11.772217	0.640	24,026.000000
11.782883	0.640	27,048.000000
11.793550	0.640	29,302.000000
11.804217	0.640	31,368.000000
11.814883	0.640	34,631.000000
11.825550	0.640	41,102.000000
11.836217	0.640	53,225.000000
11.846883	0.640	72,113.000000
11.857550	0.640	97,402.000000
11.868217	0.640	129,081.000000
11.878883	0.640	167,562.000000
11.889550	0.640	212,073.000000
11.900217	0.640	263,375.000000
11.910883	0.640	331,172.000000
11.921550	0.640	438,878.000000
11.932217	0.640	623,540.000000
11.942883	0.640	928,473.000000
11.953550	0.640	1,381,851.000000
11.964217	0.640	1,966,963.000000
11.974883	0.640	2,598,392.000000
11.985550	0.640	3,120,074.000000
11.996217	0.640	3,357,801.000000
12.006883	0.640	3,218,945.000000
12.017550	0.640	2,749,127.000000
12.028217	0.640	2,098,844.000000
12.038883	0.640	1,443,930.000000
12.049550	0.640	909,902.000000
12.060217	0.640	541,762.000000
12.070883	0.640	320,626.000000
12.081550	0.640	196,841.000000
12.092217	0.640	126,492.000000
12.102883	0.640	86,743.000000
12.113550	0.640	63,967.000000
12.124217	0.640	48,438.000000
12.134883	0.640	38,066.000000
12.145550	0.640	32,771.000000
12.156217	0.640	29,655.000000
12.166883	0.640	26,812.000000
12.177550	0.640	25,008.000000
12.188217	0.640	24,698.000000
12.198883	0.640	24,668.000000
12.209550	0.640	23,758.000000
12.220217	0.640	22,285.000000
12.230883	0.640	20,981.000000
12.241550	0.640	19,698.000000
12.252217	0.640	18,471.000000
12.262883	0.640	17,986.000000
12.273550	0.640	18,395.000000
12.284217	0.640	19,448.000000
12.294883	0.640	20,525.000000
12.305550	0.640	20,805.000000
12.316217	0.640	20,351.000000
12.326883	0.640	19,630.000000
12.337550	0.640	19,184.000000
12.348217	0.640	19,515.000000
12.358883	0.640	20,013.000000
12.369550	0.640	19,618.000000
12.380217	0.640	18,712.000000
12.390883	0.640	18,626.000000
12.401550	0.640	18,786.000000
12.412217	0.640	17,941.000000
12.422883	0.640	17,370.000000
12.433550	0.640	18,106.000000
12.444217	0.640	19,305.000000
12.454883	0.640	20,707.000000
12.465550	0.640	21,954.000000
12.476217	0.640	22,446.000000
12.486883	0.640	22,754.000000
12.497550	0.640	23,099.000000
12.508217	0.640	23,043.000000
12.518883	0.640	22,696.000000
12.529550	0.640	21,692.000000
12.540217	0.640	19,911.000000
12.550883	0.640	19,060.000000
12.561550	0.640	20,445.000000
12.572217	0.640	22,799.000000
12.582883	0.640	23,731.000000
12.593550	0.640	22,764.000000
12.604217	0.640	21,677.000000
12.614883	0.640	21,781.000000
12.625550	0.640	22,725.000000
12.636217	0.640	23,609.000000
12.646883	0.640	24,182.000000
12.657550	0.640	24,607.000000
12.668217	0.640	24,335.000000
12.678883	0.640	23,247.000000
12.689550	0.640	22,714.000000
12.700217	0.640	23,107.000000
12.710883	0.640	23,358.000000
12.721550	0.640	23,238.000000
12.732217	0.640	22,869.000000
12.742883	0.640	22,079.000000
12.753550	0.640	21,584.000000
12.764217	0.640	22,205.000000
12.774883	0.640	23,567.000000
12.785550	0.640	25,368.000000
12.796217	0.640	27,707.000000
12.806883	0.640	29,528.000000
12.817550	0.640	29,545.000000
12.828217	0.640	28,393.000000
12.838883	0.640	27,569.000000
12.849550	0.640	27,296.000000
12.860217	0.640	26,660.000000
12.870883	0.640	24,780.000000
12.881550	0.640	22,351.000000
12.892217	0.640	20,928.000000
12.902883	0.640	20,356.000000
12.913550	0.640	19,912.000000
12.924217	0.640	19,501.000000
12.934883	0.640	19,064.000000
12.945550	0.640	19,487.000000
12.956217	0.640	20,828.000000
12.966883	0.640	20,810.000000
12.977550	0.640	18,873.000000
12.988217	0.640	17,784.000000
12.998883	0.640	18,988.000000
13.009550	0.640	20,291.000000
13.020217	0.640	20,150.000000
13.030883	0.640	19,540.000000
13.041550	0.640	18,311.000000
13.052217	0.640	15,948.000000
13.062883	0.640	14,306.000000
13.073550	0.640	14,507.000000
13.084217	0.640	15,264.000000
13.094883	0.640	15,732.000000
13.105550	0.640	15,834.000000
13.116217	0.640	15,619.000000
13.126883	0.640	15,978.000000
13.137550	0.640	17,130.000000
13.148217	0.640	18,161.000000
13.158883	0.640	18,625.000000
13.169550	0.640	18,248.000000
13.180217	0.640	17,293.000000
13.190883	0.640	16,943.000000
13.201550	0.640	17,788.000000
13.212217	0.640	19,591.000000
13.222883	0.640	21,698.000000
13.233550	0.640	23,493.000000
13.244217	0.640	25,257.000000
13.254883	0.640	26,918.000000
13.265550	0.640	27,223.000000
13.276217	0.640	26,466.000000
13.286883	0.640	26,524.000000
13.297550	0.640	27,151.000000
13.308217	0.640	26,663.000000
13.318883	0.640	25,430.000000
13.329550	0.640	24,496.000000
13.340217	0.640	22,725.000000
13.350883	0.640	19,807.000000
13.361550	0.640	18,360.000000
13.372217	0.640	18,837.000000
13.382883	0.640	18,592.000000
13.393550	0.640	17,621.000000
13.404217	0.640	18,160.000000
13.414883	0.640	19,417.000000
13.425550	0.640	18,857.000000
13.436217	0.640	16,842.000000
13.446883	0.640	15,452.000000
13.457550	0.640	15,420.000000
13.468217	0.640	16,415.000000
13.478883	0.640	17,490.000000
13.489550	0.640	17,869.000000
13.500217	0.640	17,856.000000
13.510883	0.640	17,565.000000
13.521550	0.640	17,285.000000
13.532217	0.640	17,763.000000
13.542883	0.640	18,262.000000
13.553550	0.640	17,819.000000
13.564217	0.640	16,953.000000
13.574883	0.640	16,813.000000
13.585550	0.640	18,119.000000
13.596217	0.640	19,341.000000
13.606883	0.640	18,384.000000
13.617550	0.640	16,478.000000
13.628217	0.640	15,629.000000
13.638883	0.640	16,064.000000
13.649550	0.640	18,289.000000
13.660217	0.640	21,539.000000
13.670883	0.640	22,740.000000
13.681550	0.640	21,259.000000
13.692217	0.640	20,459.000000
13.702883	0.640	22,753.000000
13.713550	0.640	26,859.000000
13.724217	0.640	31,074.000000
13.734883	0.640	35,712.000000
13.745550	0.640	42,617.000000
13.756217	0.640	53,923.000000
13.766883	0.640	69,897.000000
13.777550	0.640	89,616.000000
13.788217	0.640	113,589.000000
13.798883	0.640	143,664.000000
13.809550	0.640	182,245.000000
13.820217	0.640	233,015.000000
13.830883	0.640	300,697.000000
13.841550	0.640	390,498.000000
13.852217	0.640	511,283.000000
13.862883	0.640	681,437.000000
13.873550	0.640	929,407.000000
13.884217	0.640	1,280,942.000000
13.894883	0.640	1,749,005.000000
13.905550	0.640	2,334,009.000000
13.916217	0.640	3,006,441.000000
13.926883	0.640	3,689,454.000000
13.937550	0.640	4,277,061.000000
13.948217	0.640	4,660,209.000000
13.958883	0.640	4,744,238.000000
13.969550	0.640	4,489,603.000000
13.980217	0.640	3,950,714.000000
13.990883	0.640	3,242,395.000000
14.001550	0.640	2,482,931.000000
14.012217	0.640	1,782,328.000000
14.022883	0.640	1,220,142.000000
14.033550	0.640	813,014.000000
14.044217	0.640	533,534.000000
14.054883	0.640	349,997.000000
14.065550	0.640	239,451.000000
14.076217	0.640	179,964.000000
14.086883	0.640	146,837.000000
14.097550	0.640	123,246.000000
14.108217	0.640	105,615.000000
14.118883	0.640	93,909.000000
14.129550	0.640	84,570.000000
14.140217	0.640	74,042.000000
14.150883	0.640	62,601.000000
14.161550	0.640	52,480.000000
14.172217	0.640	44,894.000000
14.182883	0.640	38,945.000000
14.193550	0.640	33,910.000000
14.204217	0.640	30,875.000000
14.214883	0.640	29,763.000000
14.225550	0.640	28,785.000000
14.236217	0.640	26,972.000000
14.246883	0.640	25,071.000000
14.257550	0.640	23,820.000000
14.268217	0.640	23,023.000000
14.278883	0.640	23,995.000000
14.289550	0.640	27,233.000000
14.300217	0.640	29,216.000000
14.310883	0.640	28,498.000000
14.321550	0.640	28,154.000000
14.332217	0.640	29,807.000000
14.342883	0.640	32,723.000000
14.353550	0.640	35,774.000000
14.364217	0.640	37,331.000000
14.374883	0.640	37,382.000000
14.385550	0.640	37,483.000000
14.396217	0.640	37,803.000000
14.406883	0.640	37,343.000000
14.417550	0.640	35,307.000000
14.428217	0.640	32,060.000000
14.438883	0.640	29,097.000000
14.449550	0.640	27,443.000000
14.460217	0.640	26,912.000000
14.470883	0.640	26,556.000000
14.481550	0.640	25,995.000000
14.492217	0.640	25,920.000000
14.502883	0.640	26,871.000000
14.513550	0.640	28,239.000000
14.524217	0.640	28,574.000000
14.534883	0.640	27,520.000000
14.545550	0.640	26,239.000000
14.556217	0.640	25,414.000000
14.566883	0.640	25,316.000000
14.577550	0.640	26,186.000000
14.588217	0.640	27,000.000000
14.598883	0.640	27,178.000000
14.609550	0.640	28,625.000000
14.620217	0.640	32,621.000000
14.630883	0.640	37,172.000000
14.641550	0.640	40,099.000000
14.652217	0.640	41,600.000000
14.662883	0.640	42,522.000000
14.673550	0.640	43,171.000000
14.684217	0.640	43,353.000000
14.694883	0.640	42,507.000000
14.705550	0.640	40,242.000000
14.716217	0.640	36,826.000000
14.726883	0.640	34,043.000000
14.737550	0.640	32,954.000000
14.748217	0.640	31,807.000000
14.758883	0.640	30,462.000000
14.769550	0.640	31,211.000000
14.780217	0.640	33,259.000000
14.790883	0.640	33,598.000000
14.801550	0.640	31,798.000000
14.812217	0.640	29,222.000000
14.822883	0.640	26,719.000000
14.833550	0.640	25,229.000000
14.844217	0.640	25,897.000000
14.854883	0.640	27,881.000000
14.865550	0.640	28,506.000000
14.876217	0.640	27,575.000000
14.886883	0.640	27,644.000000
14.897550	0.640	29,203.000000
14.908217	0.640	30,267.000000
14.918883	0.640	30,162.000000
14.929550	0.640	30,393.000000
14.940217	0.640	31,270.000000
14.950883	0.640	30,577.000000
14.961550	0.640	28,060.000000
14.972217	0.640	26,712.000000
14.982883	0.640	27,594.000000
14.993550	0.640	28,501.000000
15.004217	0.640	27,922.000000
15.014883	0.640	27,157.000000
15.025550	0.640	28,030.000000
15.036217	0.640	29,800.000000
15.046883	0.640	30,940.000000
15.057550	0.640	31,619.000000
15.068217	0.640	32,081.000000
15.078883	0.640	32,777.000000
15.089550	0.640	35,454.000000
15.100217	0.640	40,227.000000
15.110883	0.640	45,127.000000
15.121550	0.640	50,118.000000
15.132217	0.640	56,074.000000
15.142883	0.640	60,653.000000
15.153550	0.640	60,350.000000
15.164217	0.640	55,161.000000
15.174883	0.640	48,652.000000
15.185550	0.640	44,000.000000
15.196217	0.640	41,574.000000
15.206883	0.640	40,225.000000
15.217550	0.640	38,637.000000
15.228217	0.640	36,728.000000
15.238883	0.640	36,357.000000
15.249550	0.640	37,819.000000
15.260217	0.640	38,570.000000
15.270883	0.640	37,286.000000
15.281550	0.640	35,489.000000
15.292217	0.640	35,419.000000
15.302883	0.640	37,427.000000
15.313550	0.640	39,598.000000
15.324217	0.640	40,832.000000
15.334883	0.640	42,073.000000
15.345550	0.640	43,195.000000
15.356217	0.640	42,196.000000
15.366883	0.640	38,756.000000
15.377550	0.640	35,423.000000
15.388217	0.640	34,551.000000
15.398883	0.640	35,790.000000
15.409550	0.640	36,898.000000
15.420217	0.640	36,680.000000
15.430883	0.640	36,225.000000
15.441550	0.640	36,402.000000
15.452217	0.640	35,965.000000
15.462883	0.640	34,293.000000
15.473550	0.640	34,113.000000
15.484217	0.640	37,740.000000
15.494883	0.640	42,151.000000
15.505550	0.640	43,990.000000
15.516217	0.640	46,351.000000
15.526883	0.640	53,904.000000
15.537550	0.640	67,575.000000
15.548217	0.640	88,410.000000
15.558883	0.640	117,970.000000
15.569550	0.640	151,112.000000
15.580217	0.640	175,750.000000
15.590883	0.640	181,597.000000
15.601550	0.640	165,952.000000
15.612217	0.640	134,090.000000
15.622883	0.640	97,411.000000
15.633550	0.640	68,383.000000
15.644217	0.640	52,424.000000
15.654883	0.640	45,734.000000
15.665550	0.640	42,573.000000
15.676217	0.640	40,446.000000
15.686883	0.640	39,019.000000
15.697550	0.640	38,479.000000
15.708217	0.640	38,864.000000
15.718883	0.640	39,419.000000
15.729550	0.640	39,139.000000
15.740217	0.640	38,611.000000
15.750883	0.640	39,331.000000
15.761550	0.640	41,904.000000
15.772217	0.640	46,811.000000
15.782883	0.640	55,355.000000
15.793550	0.640	69,716.000000
15.804217	0.640	92,980.000000
15.814883	0.640	130,936.000000
15.825550	0.640	195,203.000000
15.836217	0.640	307,899.000000
15.846883	0.640	514,757.000000
15.857550	0.640	894,536.000000
15.868217	0.640	1,525,435.000000
15.878883	0.640	2,385,005.000000
15.889550	0.640	3,256,031.000000
15.900217	0.640	3,779,563.000000
15.910883	0.640	3,678,064.000000
15.921550	0.640	2,983,210.000000
15.932217	0.640	2,033,151.000000
15.942883	0.640	1,203,953.000000
15.953550	0.640	664,084.000000
15.964217	0.640	377,184.000000
15.974883	0.640	238,903.000000
15.985550	0.640	167,665.000000
15.996217	0.640	123,972.000000
16.006883	0.640	95,986.000000
16.017550	0.640	79,113.000000
16.028217	0.640	69,416.000000
16.038883	0.640	64,031.000000
16.049550	0.640	60,219.000000
16.060217	0.640	57,657.000000
16.070883	0.640	58,092.000000
16.081550	0.640	61,002.000000
16.092217	0.640	63,659.000000
16.102883	0.640	64,992.000000
16.113550	0.640	66,676.000000
16.124217	0.640	70,202.000000
16.134883	0.640	74,334.000000
16.145550	0.640	76,874.000000
16.156217	0.640	77,594.000000
16.166883	0.640	77,320.000000
16.177550	0.640	76,722.000000
16.188217	0.640	75,847.000000
16.198883	0.640	73,571.000000
16.209550	0.640	70,348.000000
16.220217	0.640	67,625.000000
16.230883	0.640	64,337.000000
16.241550	0.640	60,186.000000
16.252217	0.640	57,358.000000
16.262883	0.640	56,200.000000
16.273550	0.640	55,653.000000
16.284217	0.640	55,447.000000
16.294883	0.640	55,124.000000
16.305550	0.640	55,477.000000
16.316217	0.640	57,165.000000
16.326883	0.640	57,714.000000
16.337550	0.640	56,092.000000
16.348217	0.640	54,455.000000
16.358883	0.640	54,151.000000
16.369550	0.640	55,317.000000
16.380217	0.640	57,175.000000
16.390883	0.640	57,763.000000
16.401550	0.640	56,415.000000
16.412217	0.640	55,239.000000
16.422883	0.640	56,302.000000
16.433550	0.640	60,479.000000
16.444217	0.640	68,801.000000
16.454883	0.640	81,760.000000
16.465550	0.640	102,389.000000
16.476217	0.640	140,166.000000
16.486883	0.640	209,802.000000
16.497550	0.640	335,131.000000
16.508217	0.640	554,892.000000
16.518883	0.640	926,618.000000
16.529550	0.640	1,555,195.000000
16.540217	0.640	2,671,340.000000
16.550883	0.640	4,723,350.000000
16.561550	0.640	8,327,533.000000
16.572217	0.640	13,864,588.000000
16.582883	0.640	20,747,214.000000
16.593550	0.640	26,976,947.000000
16.604217	0.640	29,878,479.000000
16.614883	0.640	27,916,373.000000
16.625550	0.640	21,975,188.000000
16.636217	0.640	14,697,575.000000
16.646883	0.640	8,570,973.000000
16.657550	0.640	4,616,513.000000
16.668217	0.640	2,513,218.000000
16.678883	0.640	1,485,272.000000
16.689550	0.640	949,378.000000
16.700217	0.640	629,654.000000
16.710883	0.640	424,783.000000
16.721550	0.640	293,202.000000
16.732217	0.640	210,034.000000
16.742883	0.640	157,369.000000
16.753550	0.640	123,092.000000
16.764217	0.640	101,123.000000
16.774883	0.640	89,325.000000
16.785550	0.640	85,357.000000
16.796217	0.640	85,101.000000
16.806883	0.640	84,989.000000
16.817550	0.640	83,180.000000
16.828217	0.640	80,745.000000
16.838883	0.640	81,724.000000
16.849550	0.640	86,123.000000
16.860217	0.640	88,492.000000
16.870883	0.640	87,198.000000
16.881550	0.640	85,608.000000
16.892217	0.640	84,785.000000
16.902883	0.640	83,063.000000
16.913550	0.640	81,146.000000
16.924217	0.640	81,092.000000
16.934883	0.640	81,173.000000
16.945550	0.640	78,535.000000
16.956217	0.640	74,963.000000
16.966883	0.640	74,055.000000
16.977550	0.640	75,638.000000
16.988217	0.640	76,792.000000
16.998883	0.640	76,670.000000
17.009550	0.640	77,911.000000
17.020217	0.640	82,278.000000
17.030883	0.640	87,855.000000
17.041550	0.640	93,031.000000
17.052217	0.640	98,715.000000
17.062883	0.640	106,353.000000
17.073550	0.640	118,973.000000
17.084217	0.640	141,463.000000
17.094883	0.640	176,542.000000
17.105550	0.640	226,288.000000
17.116217	0.640	300,571.000000
17.126883	0.640	413,751.000000
17.137550	0.640	569,510.000000
17.148217	0.640	760,847.000000
17.158883	0.640	975,307.000000
17.169550	0.640	1,183,214.000000
17.180217	0.640	1,342,135.000000
17.190883	0.640	1,423,849.000000
17.201550	0.640	1,418,432.000000
17.212217	0.640	1,322,497.000000
17.222883	0.640	1,146,196.000000
17.233550	0.640	923,944.000000
17.244217	0.640	701,195.000000
17.254883	0.640	509,852.000000
17.265550	0.640	359,731.000000
17.276217	0.640	248,764.000000
17.286883	0.640	173,849.000000
17.297550	0.640	130,525.000000
17.308217	0.640	108,889.000000
17.318883	0.640	95,871.000000
17.329550	0.640	84,185.000000
17.340217	0.640	75,879.000000
17.350883	0.640	73,408.000000
17.361550	0.640	73,802.000000
17.372217	0.640	73,974.000000
17.382883	0.640	74,237.000000
17.393550	0.640	75,838.000000
17.404217	0.640	78,622.000000
17.414883	0.640	81,180.000000
17.425550	0.640	83,689.000000
17.436217	0.640	87,882.000000
17.446883	0.640	93,069.000000
17.457550	0.640	98,364.000000
17.468217	0.640	106,606.000000
17.478883	0.640	119,514.000000
17.489550	0.640	133,908.000000
17.500217	0.640	145,711.000000
17.510883	0.640	154,441.000000
17.521550	0.640	163,132.000000
17.532217	0.640	175,002.000000
17.542883	0.640	193,096.000000
17.553550	0.640	222,278.000000
17.564217	0.640	266,360.000000
17.574883	0.640	323,224.000000
17.585550	0.640	382,943.000000
17.596217	0.640	430,033.000000
17.606883	0.640	451,075.000000
17.617550	0.640	440,348.000000
17.628217	0.640	399,935.000000
17.638883	0.640	338,153.000000
17.649550	0.640	268,822.000000
17.660217	0.640	209,481.000000
17.670883	0.640	169,971.000000
17.681550	0.640	146,081.000000
17.692217	0.640	131,782.000000
17.702883	0.640	125,106.000000
17.713550	0.640	122,213.000000
17.724217	0.640	119,086.000000
17.734883	0.640	115,962.000000
17.745550	0.640	115,075.000000
17.756217	0.640	116,364.000000
17.766883	0.640	117,127.000000
17.777550	0.640	116,145.000000
17.788217	0.640	114,839.000000
17.798883	0.640	113,839.000000
17.809550	0.640	113,094.000000
17.820217	0.640	113,881.000000
17.830883	0.640	116,098.000000
17.841550	0.640	117,272.000000
17.852217	0.640	116,873.000000
17.862883	0.640	116,835.000000
17.873550	0.640	118,033.000000
17.884217	0.640	120,345.000000
17.894883	0.640	123,619.000000
17.905550	0.640	126,720.000000
17.916217	0.640	128,822.000000
17.926883	0.640	130,180.000000
17.937550	0.640	130,945.000000
17.948217	0.640	131,486.000000
17.958883	0.640	131,873.000000
17.969550	0.640	131,913.000000
17.980217	0.640	132,708.000000
17.990883	0.640	135,236.000000
18.001550	0.640	137,920.000000
18.012217	0.640	138,969.000000
18.022883	0.640	140,150.000000
18.033550	0.640	143,370.000000
18.044217	0.640	147,355.000000
18.054883	0.640	151,204.000000
18.065550	0.640	155,165.000000
18.076217	0.640	160,862.000000
18.086883	0.640	172,231.000000
18.097550	0.640	190,396.000000
18.108217	0.640	214,340.000000
18.118883	0.640	249,531.000000
18.129550	0.640	305,567.000000
18.140217	0.640	389,472.000000
18.150883	0.640	512,140.000000
18.161550	0.640	692,283.000000
18.172217	0.640	951,414.000000
18.182883	0.640	1,316,019.000000
18.193550	0.640	1,823,297.000000
18.204217	0.640	2,524,948.000000
18.214883	0.640	3,498,042.000000
18.225550	0.640	4,861,050.000000
18.236217	0.640	6,797,787.000000
18.246883	0.640	9,598,381.000000
18.257550	0.640	13,670,223.000000
18.268217	0.640	19,453,376.000000
18.278883	0.640	27,214,326.000000
18.289550	0.640	36,771,781.000000
18.300217	0.640	47,294,311.000000
18.310883	0.640	57,276,207.000000
18.321550	0.640	64,786,081.000000
18.332217	0.640	68,029,950.000000
18.342883	0.640	66,071,631.000000
18.353550	0.640	59,326,797.000000
18.364217	0.640	49,375,764.000000
18.374883	0.640	38,216,556.000000
18.385550	0.640	27,619,565.000000
18.396217	0.640	18,780,118.000000
18.406883	0.640	12,151,478.000000
18.417550	0.640	7,576,164.000000
18.428217	0.640	4,618,558.000000
18.438883	0.640	2,807,034.000000
18.449550	0.640	1,735,515.000000
18.460217	0.640	1,105,330.000000
18.470883	0.640	732,222.000000
18.481550	0.640	515,631.000000
18.492217	0.640	397,137.000000
18.502883	0.640	337,986.000000
18.513550	0.640	314,956.000000
18.524217	0.640	320,436.000000
18.534883	0.640	357,118.000000
18.545550	0.640	430,210.000000
18.556217	0.640	546,521.000000
18.566883	0.640	719,910.000000
18.577550	0.640	977,364.000000
18.588217	0.640	1,354,791.000000
18.598883	0.640	1,872,991.000000
18.609550	0.640	2,517,015.000000
18.620217	0.640	3,233,144.000000
18.630883	0.640	3,919,882.000000
18.641550	0.640	4,437,292.000000
18.652217	0.640	4,660,724.000000
18.662883	0.640	4,528,486.000000
18.673550	0.640	4,064,012.000000
18.684217	0.640	3,372,451.000000
18.694883	0.640	2,596,422.000000
18.705550	0.640	1,865,949.000000
18.716217	0.640	1,266,908.000000
18.726883	0.640	828,129.000000
18.737550	0.640	534,452.000000
18.748217	0.640	350,048.000000
18.758883	0.640	237,911.000000
18.769550	0.640	171,298.000000
18.780217	0.640	132,313.000000
18.790883	0.640	108,806.000000
18.801550	0.640	95,472.000000
18.812217	0.640	89,062.000000
18.822883	0.640	84,055.000000
18.833550	0.640	78,403.000000
18.844217	0.640	75,222.000000
18.854883	0.640	76,149.000000
18.865550	0.640	79,592.000000
18.876217	0.640	83,007.000000
18.886883	0.640	85,017.000000
18.897550	0.640	87,537.000000
18.908217	0.640	94,288.000000
18.918883	0.640	106,830.000000
18.929550	0.640	123,044.000000
18.940217	0.640	140,680.000000
18.950883	0.640	160,998.000000
18.961550	0.640	187,944.000000
18.972217	0.640	226,708.000000
18.982883	0.640	282,389.000000
18.993550	0.640	360,028.000000
19.004217	0.640	465,556.000000
19.014883	0.640	609,723.000000
19.025550	0.640	814,168.000000
19.036217	0.640	1,099,879.000000
19.046883	0.640	1,472,146.000000
19.057550	0.640	1,919,925.000000
19.068217	0.640	2,406,012.000000
19.078883	0.640	2,862,904.000000
19.089550	0.640	3,212,250.000000
19.100217	0.640	3,385,839.000000
19.110883	0.640	3,341,848.000000
19.121550	0.640	3,079,089.000000
19.132217	0.640	2,647,598.000000
19.142883	0.640	2,135,662.000000
19.153550	0.640	1,626,971.000000
19.164217	0.640	1,175,703.000000
19.174883	0.640	813,813.000000
19.185550	0.640	552,613.000000
19.196217	0.640	378,898.000000
19.206883	0.640	267,225.000000
19.217550	0.640	196,541.000000
19.228217	0.640	153,081.000000
19.238883	0.640	126,621.000000
19.249550	0.640	111,210.000000
19.260217	0.640	104,272.000000
19.270883	0.640	101,781.000000
19.281550	0.640	99,452.000000
19.292217	0.640	96,741.000000
19.302883	0.640	94,463.000000
19.313550	0.640	92,501.000000
19.324217	0.640	91,443.000000
19.334883	0.640	91,815.000000
19.345550	0.640	92,238.000000
19.356217	0.640	91,686.000000
19.366883	0.640	92,228.000000
19.377550	0.640	95,543.000000
19.388217	0.640	98,807.000000
19.398883	0.640	99,195.000000
19.409550	0.640	98,814.000000
19.420217	0.640	100,589.000000
19.430883	0.640	103,884.000000
19.441550	0.640	108,078.000000
19.452217	0.640	115,210.000000
19.462883	0.640	124,271.000000
19.473550	0.640	130,282.000000
19.484217	0.640	132,327.000000
19.494883	0.640	133,325.000000
19.505550	0.640	134,209.000000
19.516217	0.640	134,772.000000
19.526883	0.640	133,668.000000
19.537550	0.640	128,282.000000
19.548217	0.640	119,947.000000
19.558883	0.640	113,679.000000
19.569550	0.640	112,084.000000
19.580217	0.640	113,233.000000
19.590883	0.640	113,190.000000
19.601550	0.640	111,227.000000
19.612217	0.640	111,206.000000
19.622883	0.640	115,250.000000
19.633550	0.640	120,749.000000
19.644217	0.640	125,192.000000
19.654883	0.640	129,436.000000
19.665550	0.640	135,026.000000
19.676217	0.640	140,695.000000
19.686883	0.640	145,750.000000
19.697550	0.640	152,720.000000
19.708217	0.640	161,953.000000
19.718883	0.640	172,224.000000
19.729550	0.640	185,251.000000
19.740217	0.640	201,577.000000
19.750883	0.640	219,911.000000
19.761550	0.640	243,494.000000
19.772217	0.640	277,056.000000
19.782883	0.640	320,464.000000
19.793550	0.640	372,112.000000
19.804217	0.640	432,501.000000
19.814883	0.640	504,692.000000
19.825550	0.640	592,397.000000
19.836217	0.640	691,780.000000
19.846883	0.640	791,747.000000
19.857550	0.640	884,355.000000
19.868217	0.640	962,970.000000
19.878883	0.640	1,016,746.000000
19.889550	0.640	1,035,695.000000
19.900217	0.640	1,015,839.000000
19.910883	0.640	961,968.000000
19.921550	0.640	882,370.000000
19.932217	0.640	781,228.000000
19.942883	0.640	666,080.000000
19.953550	0.640	551,806.000000
19.964217	0.640	449,886.000000
19.974883	0.640	362,726.000000
19.985550	0.640	288,345.000000
19.996217	0.640	226,044.000000
20.006883	0.640	176,843.000000
20.017550	0.640	141,202.000000
20.028217	0.640	118,125.000000
20.038883	0.640	103,249.000000
20.049550	0.640	90,708.000000
20.060217	0.640	79,373.000000
20.070883	0.640	71,454.000000
20.081550	0.640	66,932.000000
20.092217	0.640	63,997.000000
20.102883	0.640	61,527.000000
20.113550	0.640	59,210.000000
20.124217	0.640	57,593.000000
20.134883	0.640	57,660.000000
20.145550	0.640	58,597.000000
20.156217	0.640	58,614.000000
20.166883	0.640	58,210.000000
20.177550	0.640	58,552.000000
20.188217	0.640	58,488.000000
20.198883	0.640	56,610.000000
20.209550	0.640	53,811.000000
20.220217	0.640	52,324.000000
20.230883	0.640	52,729.000000
20.241550	0.640	52,514.000000
20.252217	0.640	49,980.000000
20.262883	0.640	47,394.000000
20.273550	0.640	46,792.000000
20.284217	0.640	46,737.000000
20.294883	0.640	45,923.000000
20.305550	0.640	45,301.000000
20.316217	0.640	45,522.000000
20.326883	0.640	45,801.000000
20.337550	0.640	45,036.000000
20.348217	0.640	43,093.000000
20.358883	0.640	40,824.000000
20.369550	0.640	38,856.000000
20.380217	0.640	38,167.000000
20.390883	0.640	40,099.000000
20.401550	0.640	43,517.000000
20.412217	0.640	44,975.000000
20.422883	0.640	43,493.000000
20.433550	0.640	41,990.000000
20.444217	0.640	42,645.000000
20.454883	0.640	43,939.000000
20.465550	0.640	43,199.000000
20.476217	0.640	40,548.000000
20.486883	0.640	38,151.000000
20.497550	0.640	36,655.000000
20.508217	0.640	36,528.000000
20.518883	0.640	38,360.000000
20.529550	0.640	40,103.000000
20.540217	0.640	39,877.000000
20.550883	0.640	38,773.000000
20.561550	0.640	38,517.000000
20.572217	0.640	38,790.000000
20.582883	0.640	38,042.000000
20.593550	0.640	36,822.000000
20.604217	0.640	36,808.000000
20.614883	0.640	37,890.000000
20.625550	0.640	39,207.000000
20.636217	0.640	40,200.000000
20.646883	0.640	40,657.000000
20.657550	0.640	41,428.000000
20.668217	0.640	43,792.000000
20.678883	0.640	47,874.000000
20.689550	0.640	52,649.000000
20.700217	0.640	56,635.000000
20.710883	0.640	59,072.000000
20.721550	0.640	62,039.000000
20.732217	0.640	67,940.000000
20.742883	0.640	76,080.000000
20.753550	0.640	86,327.000000
20.764217	0.640	99,643.000000
20.774883	0.640	114,595.000000
20.785550	0.640	131,270.000000
20.796217	0.640	153,939.000000
20.806883	0.640	185,854.000000
20.817550	0.640	228,001.000000
20.828217	0.640	281,444.000000
20.838883	0.640	345,299.000000
20.849550	0.640	418,745.000000
20.860217	0.640	502,208.000000
20.870883	0.640	590,969.000000
20.881550	0.640	678,507.000000
20.892217	0.640	760,166.000000
20.902883	0.640	826,634.000000
20.913550	0.640	868,074.000000
20.924217	0.640	881,623.000000
20.934883	0.640	867,682.000000
20.945550	0.640	827,301.000000
20.956217	0.640	766,170.000000
20.966883	0.640	697,472.000000
20.977550	0.640	632,701.000000
20.988217	0.640	573,254.000000
20.998883	0.640	521,447.000000
21.009550	0.640	486,014.000000
21.020217	0.640	471,804.000000
21.030883	0.640	479,305.000000
21.041550	0.640	508,952.000000
21.052217	0.640	558,195.000000
21.062883	0.640	622,301.000000
21.073550	0.640	698,280.000000
21.084217	0.640	784,867.000000
21.094883	0.640	883,018.000000
21.105550	0.640	995,815.000000
21.116217	0.640	1,123,620.000000
21.126883	0.640	1,264,271.000000
21.137550	0.640	1,419,128.000000
21.148217	0.640	1,585,613.000000
21.158883	0.640	1,745,587.000000
21.169550	0.640	1,877,918.000000
21.180217	0.640	1,973,690.000000
21.190883	0.640	2,028,578.000000
21.201550	0.640	2,034,257.000000
21.212217	0.640	1,981,099.000000
21.222883	0.640	1,867,433.000000
21.233550	0.640	1,705,086.000000
21.244217	0.640	1,510,297.000000
21.254883	0.640	1,297,379.000000
21.265550	0.640	1,081,678.000000
21.276217	0.640	877,827.000000
21.286883	0.640	694,766.000000
21.297550	0.640	535,856.000000
21.308217	0.640	404,604.000000
21.318883	0.640	304,150.000000
21.329550	0.640	230,841.000000
21.340217	0.640	176,369.000000
21.350883	0.640	134,907.000000
21.361550	0.640	105,561.000000
21.372217	0.640	88,772.000000
21.382883	0.640	81,259.000000
21.393550	0.640	78,132.000000
21.404217	0.640	77,319.000000
21.414883	0.640	78,772.000000
21.425550	0.640	83,367.000000
21.436217	0.640	90,768.000000
21.446883	0.640	97,629.000000
21.457550	0.640	101,593.000000
21.468217	0.640	103,654.000000
21.478883	0.640	105,356.000000
21.489550	0.640	106,645.000000
21.500217	0.640	106,250.000000
21.510883	0.640	103,843.000000
21.521550	0.640	99,592.000000
21.532217	0.640	92,202.000000
21.542883	0.640	81,694.000000
21.553550	0.640	70,669.000000
21.564217	0.640	61,610.000000
21.574883	0.640	55,907.000000
21.585550	0.640	52,428.000000
21.596217	0.640	48,444.000000
21.606883	0.640	43,976.000000
21.617550	0.640	41,201.000000
21.628217	0.640	40,893.000000
21.638883	0.640	41,736.000000
21.649550	0.640	41,546.000000
21.660217	0.640	39,882.000000
21.670883	0.640	38,918.000000
21.681550	0.640	39,826.000000
21.692217	0.640	40,239.000000
21.702883	0.640	38,098.000000
21.713550	0.640	35,698.000000
21.724217	0.640	35,992.000000
21.734883	0.640	37,712.000000
21.745550	0.640	38,074.000000
21.756217	0.640	37,314.000000
21.766883	0.640	37,476.000000
21.777550	0.640	38,609.000000
21.788217	0.640	38,717.000000
21.798883	0.640	37,515.000000
21.809550	0.640	37,700.000000
21.820217	0.640	40,560.000000
21.830883	0.640	43,283.000000
21.841550	0.640	42,930.000000
21.852217	0.640	40,003.000000
21.862883	0.640	37,242.000000
21.873550	0.640	36,895.000000
21.884217	0.640	38,994.000000
21.894883	0.640	41,506.000000
21.905550	0.640	42,187.000000
21.916217	0.640	41,151.000000
21.926883	0.640	40,976.000000
21.937550	0.640	42,349.000000
21.948217	0.640	42,622.000000
21.958883	0.640	40,726.000000
21.969550	0.640	38,992.000000
21.980217	0.640	39,959.000000
21.990883	0.640	43,449.000000
22.001550	0.640	46,450.000000
22.012217	0.640	46,830.000000
22.022883	0.640	45,354.000000
22.033550	0.640	43,982.000000
22.044217	0.640	44,300.000000
22.054883	0.640	45,717.000000
22.065550	0.640	45,924.000000
22.076217	0.640	44,615.000000
22.086883	0.640	43,784.000000
22.097550	0.640	43,796.000000
22.108217	0.640	43,100.000000
22.118883	0.640	42,002.000000
22.129550	0.640	42,119.000000
22.140217	0.640	43,365.000000
22.150883	0.640	44,967.000000
22.161550	0.640	46,444.000000
22.172217	0.640	47,408.000000
22.182883	0.640	48,340.000000
22.193550	0.640	49,642.000000
22.204217	0.640	51,220.000000
22.214883	0.640	53,578.000000
22.225550	0.640	57,166.000000
22.236217	0.640	61,887.000000
22.246883	0.640	67,944.000000
22.257550	0.640	75,689.000000
22.268217	0.640	83,978.000000
22.278883	0.640	90,915.000000
22.289550	0.640	97,358.000000
22.300217	0.640	106,670.000000
22.310883	0.640	120,925.000000
22.321550	0.640	139,801.000000
22.332217	0.640	162,462.000000
22.342883	0.640	188,845.000000
22.353550	0.640	220,037.000000
22.364217	0.640	258,806.000000
22.374883	0.640	307,820.000000
22.385550	0.640	368,041.000000
22.396217	0.640	442,071.000000
22.406883	0.640	534,543.000000
22.417550	0.640	648,189.000000
22.428217	0.640	783,629.000000
22.438883	0.640	937,625.000000
22.449550	0.640	1,103,847.000000
22.460217	0.640	1,281,601.000000
22.470883	0.640	1,469,511.000000
22.481550	0.640	1,649,440.000000
22.492217	0.640	1,797,285.000000
22.502883	0.640	1,901,536.000000
22.513550	0.640	1,957,970.000000
22.524217	0.640	1,962,814.000000
22.534883	0.640	1,916,088.000000
22.545550	0.640	1,820,183.000000
22.556217	0.640	1,677,268.000000
22.566883	0.640	1,495,457.000000
22.577550	0.640	1,291,943.000000
22.588217	0.640	1,084,131.000000
22.598883	0.640	884,171.000000
22.609550	0.640	701,231.000000
22.620217	0.640	542,618.000000
22.630883	0.640	413,447.000000
22.641550	0.640	313,187.000000
22.652217	0.640	234,855.000000
22.662883	0.640	173,297.000000
22.673550	0.640	128,561.000000
22.684217	0.640	99,168.000000
22.694883	0.640	79,126.000000
22.705550	0.640	63,943.000000
22.716217	0.640	54,157.000000
22.726883	0.640	49,722.000000
22.737550	0.640	47,782.000000
22.748217	0.640	46,723.000000
22.758883	0.640	45,698.000000
22.769550	0.640	43,207.000000
22.780217	0.640	39,864.000000
22.790883	0.640	38,434.000000
22.801550	0.640	40,092.000000
22.812217	0.640	42,643.000000
22.822883	0.640	42,608.000000
22.833550	0.640	39,846.000000
22.844217	0.640	38,579.000000
22.854883	0.640	41,104.000000
22.865550	0.640	43,916.000000
22.876217	0.640	43,827.000000
22.886883	0.640	42,951.000000
22.897550	0.640	43,618.000000
22.908217	0.640	44,590.000000
22.918883	0.640	44,909.000000
22.929550	0.640	45,415.000000
22.940217	0.640	46,998.000000
22.950883	0.640	50,502.000000
22.961550	0.640	54,979.000000
22.972217	0.640	57,941.000000
22.982883	0.640	60,636.000000
22.993550	0.640	66,566.000000
23.004217	0.640	74,848.000000
23.014883	0.640	83,983.000000
23.025550	0.640	96,878.000000
23.036217	0.640	115,021.000000
23.046883	0.640	136,475.000000
23.057550	0.640	161,838.000000
23.068217	0.640	193,699.000000
23.078883	0.640	232,632.000000
23.089550	0.640	280,621.000000
23.100217	0.640	343,356.000000
23.110883	0.640	426,137.000000
23.121550	0.640	534,450.000000
23.132217	0.640	677,058.000000
23.142883	0.640	864,668.000000
23.153550	0.640	1,105,488.000000
23.164217	0.640	1,399,634.000000
23.174883	0.640	1,740,907.000000
23.185550	0.640	2,118,946.000000
23.196217	0.640	2,510,314.000000
23.206883	0.640	2,871,137.000000
23.217550	0.640	3,143,192.000000
23.228217	0.640	3,281,883.000000
23.238883	0.640	3,277,877.000000
23.249550	0.640	3,134,332.000000
23.260217	0.640	2,854,188.000000
23.270883	0.640	2,465,997.000000
23.281550	0.640	2,024,031.000000
23.292217	0.640	1,583,235.000000
23.302883	0.640	1,186,328.000000
23.313550	0.640	856,401.000000
23.324217	0.640	598,161.000000
23.334883	0.640	408,189.000000
23.345550	0.640	277,560.000000
23.356217	0.640	192,050.000000
23.366883	0.640	137,999.000000
23.377550	0.640	104,628.000000
23.388217	0.640	83,157.000000
23.398883	0.640	68,789.000000
23.409550	0.640	60,831.000000
23.420217	0.640	58,236.000000
23.430883	0.640	57,354.000000
23.441550	0.640	55,795.000000
23.452217	0.640	54,818.000000
23.462883	0.640	56,171.000000
23.473550	0.640	58,764.000000
23.484217	0.640	59,790.000000
23.494883	0.640	59,158.000000
23.505550	0.640	59,543.000000
23.516217	0.640	61,786.000000
23.526883	0.640	65,136.000000
23.537550	0.640	69,427.000000
23.548217	0.640	72,833.000000
23.558883	0.640	73,598.000000
23.569550	0.640	73,758.000000
23.580217	0.640	74,075.000000
23.590883	0.640	71,894.000000
23.601550	0.640	67,627.000000
23.612217	0.640	63,967.000000
23.622883	0.640	61,169.000000
23.633550	0.640	58,442.000000
23.644217	0.640	55,073.000000
23.654883	0.640	50,923.000000
23.665550	0.640	48,017.000000
23.676217	0.640	48,021.000000
23.686883	0.640	49,054.000000
23.697550	0.640	48,786.000000
23.708217	0.640	47,648.000000
23.718883	0.640	46,537.000000
23.729550	0.640	45,586.000000
23.740217	0.640	45,806.000000
23.750883	0.640	48,210.000000
23.761550	0.640	51,600.000000
23.772217	0.640	53,577.000000
23.782883	0.640	52,933.000000
23.793550	0.640	50,214.000000
23.804217	0.640	47,316.000000
23.814883	0.640	46,283.000000
23.825550	0.640	47,558.000000
23.836217	0.640	49,720.000000
23.846883	0.640	50,946.000000
23.857550	0.640	50,501.000000
23.868217	0.640	49,140.000000
23.878883	0.640	48,269.000000
23.889550	0.640	48,917.000000
23.900217	0.640	50,935.000000
23.910883	0.640	52,613.000000
23.921550	0.640	52,368.000000
23.932217	0.640	50,996.000000
23.942883	0.640	51,092.000000
23.953550	0.640	53,820.000000
23.964217	0.640	57,008.000000
23.974883	0.640	57,406.000000
23.985550	0.640	54,773.000000
23.996217	0.640	52,452.000000
24.006883	0.640	52,476.000000
24.017550	0.640	53,098.000000
24.028217	0.640	52,865.000000
24.038883	0.640	52,144.000000
24.049550	0.640	50,854.000000
24.060217	0.640	48,803.000000
24.070883	0.640	47,132.000000
24.081550	0.640	47,353.000000
24.092217	0.640	49,297.000000
24.102883	0.640	51,499.000000
24.113550	0.640	52,949.000000
24.124217	0.640	52,960.000000
24.134883	0.640	51,657.000000
24.145550	0.640	51,542.000000
24.156217	0.640	54,103.000000
24.166883	0.640	55,915.000000
24.177550	0.640	54,604.000000
24.188217	0.640	53,763.000000
24.198883	0.640	55,933.000000
24.209550	0.640	58,292.000000
24.220217	0.640	58,181.000000
24.230883	0.640	56,472.000000
24.241550	0.640	55,511.000000
24.252217	0.640	56,526.000000
24.262883	0.640	58,787.000000
24.273550	0.640	61,786.000000
24.284217	0.640	65,923.000000
24.294883	0.640	70,740.000000
24.305550	0.640	75,625.000000
24.316217	0.640	80,274.000000
24.326883	0.640	83,547.000000
24.337550	0.640	84,038.000000
24.348217	0.640	82,412.000000
24.358883	0.640	80,812.000000
24.369550	0.640	79,622.000000
24.380217	0.640	79,306.000000
24.390883	0.640	81,893.000000
24.401550	0.640	88,654.000000
24.412217	0.640	102,682.000000
24.422883	0.640	130,240.000000
24.433550	0.640	176,994.000000
24.444217	0.640	248,479.000000
24.454883	0.640	356,344.000000
24.465550	0.640	525,978.000000
24.476217	0.640	799,426.000000
24.486883	0.640	1,232,108.000000
24.497550	0.640	1,881,863.000000
24.508217	0.640	2,767,248.000000
24.518883	0.640	3,797,411.000000
24.529550	0.640	4,742,891.000000
24.540217	0.640	5,303,898.000000
24.550883	0.640	5,260,430.000000
24.561550	0.640	4,611,013.000000
24.572217	0.640	3,578,830.000000
24.582883	0.640	2,478,888.000000
24.593550	0.640	1,560,048.000000
24.604217	0.640	925,183.000000
24.614883	0.640	548,807.000000
24.625550	0.640	344,468.000000
24.636217	0.640	231,949.000000
24.646883	0.640	166,375.000000
24.657550	0.640	126,928.000000
24.668217	0.640	103,436.000000
24.678883	0.640	90,489.000000
24.689550	0.640	82,647.000000
24.700217	0.640	76,202.000000
24.710883	0.640	70,475.000000
24.721550	0.640	65,935.000000
24.732217	0.640	64,150.000000
24.742883	0.640	66,493.000000
24.753550	0.640	71,681.000000
24.764217	0.640	76,041.000000
24.774883	0.640	77,750.000000
24.785550	0.640	79,600.000000
24.796217	0.640	83,968.000000
24.806883	0.640	88,763.000000
24.817550	0.640	92,162.000000
24.828217	0.640	95,570.000000
24.838883	0.640	100,499.000000
24.849550	0.640	107,488.000000
24.860217	0.640	116,343.000000
24.870883	0.640	125,426.000000
24.881550	0.640	133,444.000000
24.892217	0.640	142,113.000000
24.902883	0.640	154,493.000000
24.913550	0.640	171,547.000000
24.924217	0.640	193,982.000000
24.934883	0.640	225,092.000000
24.945550	0.640	271,923.000000
24.956217	0.640	352,683.000000
24.966883	0.640	506,996.000000
24.977550	0.640	792,066.000000
24.988217	0.640	1,245,779.000000
24.998883	0.640	1,813,015.000000
25.009550	0.640	2,300,770.000000
25.020217	0.640	2,476,249.000000
25.030883	0.640	2,264,984.000000
25.041550	0.640	1,825,724.000000
25.052217	0.640	1,412,305.000000
25.062883	0.640	1,174,791.000000
25.073550	0.640	1,085,544.000000
25.084217	0.640	1,028,107.000000
25.094883	0.640	923,281.000000
25.105550	0.640	768,160.000000
25.116217	0.640	598,552.000000
25.126883	0.640	447,614.000000
25.137550	0.640	330,544.000000
25.148217	0.640	245,912.000000
25.158883	0.640	185,048.000000
25.169550	0.640	142,378.000000
25.180217	0.640	116,202.000000
25.190883	0.640	102,725.000000
25.201550	0.640	95,725.000000
25.212217	0.640	90,674.000000
25.222883	0.640	85,752.000000
25.233550	0.640	81,372.000000
25.244217	0.640	78,483.000000
25.254883	0.640	76,051.000000
25.265550	0.640	73,201.000000
25.276217	0.640	71,546.000000
25.286883	0.640	71,697.000000
25.297550	0.640	71,289.000000
25.308217	0.640	69,051.000000
25.318883	0.640	66,703.000000
25.329550	0.640	65,471.000000
25.340217	0.640	65,224.000000
25.350883	0.640	65,882.000000
25.361550	0.640	66,537.000000
25.372217	0.640	66,169.000000
25.382883	0.640	65,115.000000
25.393550	0.640	64,061.000000
25.404217	0.640	63,368.000000
25.414883	0.640	63,214.000000
25.425550	0.640	63,403.000000
25.436217	0.640	63,549.000000
25.446883	0.640	63,625.000000
25.457550	0.640	63,607.000000
25.468217	0.640	63,056.000000
25.478883	0.640	62,823.000000
25.489550	0.640	64,507.000000
25.500217	0.640	66,833.000000
25.510883	0.640	67,567.000000
25.521550	0.640	67,529.000000
25.532217	0.640	68,014.000000
25.542883	0.640	68,151.000000
25.553550	0.640	67,194.000000
25.564217	0.640	65,886.000000
25.574883	0.640	65,160.000000
25.585550	0.640	65,285.000000
25.596217	0.640	66,102.000000
25.606883	0.640	67,534.000000
25.617550	0.640	68,710.000000
25.628217	0.640	68,192.000000
25.638883	0.640	66,711.000000
25.649550	0.640	66,032.000000
25.660217	0.640	66,370.000000
25.670883	0.640	67,239.000000
25.681550	0.640	67,921.000000
25.692217	0.640	67,485.000000
25.702883	0.640	65,681.000000
25.713550	0.640	63,884.000000
25.724217	0.640	64,051.000000
25.734883	0.640	65,593.000000
25.745550	0.640	66,389.000000
25.756217	0.640	66,457.000000
25.766883	0.640	67,189.000000
25.777550	0.640	69,518.000000
25.788217	0.640	73,125.000000
25.798883	0.640	75,048.000000
25.809550	0.640	73,501.000000
25.820217	0.640	72,442.000000
25.830883	0.640	75,365.000000
25.841550	0.640	79,599.000000
25.852217	0.640	82,562.000000
25.862883	0.640	85,961.000000
25.873550	0.640	91,555.000000
25.884217	0.640	99,033.000000
25.894883	0.640	108,885.000000
25.905550	0.640	122,534.000000
25.916217	0.640	137,072.000000
25.926883	0.640	146,571.000000
25.937550	0.640	150,355.000000
25.948217	0.640	150,906.000000
25.958883	0.640	147,264.000000
25.969550	0.640	139,018.000000
25.980217	0.640	129,744.000000
25.990883	0.640	123,490.000000
26.001550	0.640	121,925.000000
26.012217	0.640	123,841.000000
26.022883	0.640	129,772.000000
26.033550	0.640	147,395.000000
26.044217	0.640	192,246.000000
26.054883	0.640	289,720.000000
26.065550	0.640	472,411.000000
26.076217	0.640	746,402.000000
26.086883	0.640	1,032,349.000000
26.097550	0.640	1,171,740.000000
26.108217	0.640	1,054,787.000000
26.118883	0.640	742,228.000000
26.129550	0.640	415,264.000000
26.140217	0.640	207,607.000000
26.150883	0.640	123,167.000000
26.161550	0.640	98,234.000000
26.172217	0.640	86,844.000000
26.182883	0.640	78,530.000000
26.193550	0.640	74,163.000000
26.204217	0.640	73,189.000000
26.214883	0.640	75,193.000000
26.225550	0.640	78,255.000000
26.236217	0.640	78,945.000000
26.246883	0.640	77,331.000000
26.257550	0.640	77,073.000000
26.268217	0.640	79,680.000000
26.278883	0.640	81,668.000000
26.289550	0.640	79,504.000000
26.300217	0.640	75,045.000000
26.310883	0.640	72,450.000000
26.321550	0.640	72,577.000000
26.332217	0.640	73,520.000000
26.342883	0.640	74,621.000000
26.353550	0.640	76,877.000000
26.364217	0.640	80,063.000000
26.374883	0.640	82,742.000000
26.385550	0.640	84,570.000000
26.396217	0.640	86,189.000000
26.406883	0.640	87,303.000000
26.417550	0.640	88,305.000000
26.428217	0.640	92,734.000000
26.438883	0.640	103,453.000000
26.449550	0.640	120,783.000000
26.460217	0.640	146,177.000000
26.470883	0.640	181,139.000000
26.481550	0.640	225,164.000000
26.492217	0.640	272,745.000000
26.502883	0.640	301,649.000000
26.513550	0.640	281,516.000000
26.524217	0.640	213,370.000000
26.534883	0.640	138,026.000000
26.545550	0.640	92,408.000000
26.556217	0.640	77,768.000000
26.566883	0.640	75,520.000000
26.577550	0.640	75,103.000000
26.588217	0.640	75,836.000000
26.598883	0.640	76,681.000000
26.609550	0.640	77,231.000000
26.620217	0.640	79,145.000000
26.630883	0.640	81,433.000000
26.641550	0.640	81,339.000000
26.652217	0.640	79,649.000000
26.662883	0.640	80,261.000000
26.673550	0.640	84,301.000000
26.684217	0.640	88,777.000000
26.694883	0.640	92,015.000000
26.705550	0.640	94,986.000000
26.716217	0.640	98,320.000000
26.726883	0.640	102,513.000000
26.737550	0.640	107,199.000000
26.748217	0.640	109,618.000000
26.758883	0.640	108,987.000000
26.769550	0.640	110,243.000000
26.780217	0.640	119,278.000000
26.790883	0.640	134,972.000000
26.801550	0.640	149,343.000000
26.812217	0.640	160,059.000000
26.822883	0.640	179,784.000000
26.833550	0.640	231,060.000000
26.844217	0.640	329,532.000000
26.854883	0.640	454,600.000000
26.865550	0.640	543,156.000000
26.876217	0.640	542,903.000000
26.886883	0.640	467,441.000000
26.897550	0.640	386,806.000000
26.908217	0.640	363,785.000000
26.918883	0.640	386,911.000000
26.929550	0.640	384,851.000000
26.940217	0.640	325,077.000000
26.950883	0.640	250,219.000000
26.961550	0.640	205,459.000000
26.972217	0.640	190,063.000000
26.982883	0.640	185,254.000000
26.993550	0.640	184,166.000000
27.004217	0.640	191,565.000000
27.014883	0.640	223,156.000000
27.025550	0.640	305,287.000000
27.036217	0.640	430,694.000000
27.046883	0.640	514,843.000000
27.057550	0.640	479,441.000000
27.068217	0.640	370,836.000000
27.078883	0.640	297,147.000000
27.089550	0.640	288,823.000000
27.100217	0.640	305,456.000000
27.110883	0.640	322,455.000000
27.121550	0.640	346,139.000000
27.132217	0.640	376,768.000000
27.142883	0.640	404,683.000000
27.153550	0.640	432,311.000000
27.164217	0.640	469,245.000000
27.174883	0.640	520,144.000000
27.185550	0.640	591,727.000000
27.196217	0.640	689,371.000000
27.206883	0.640	811,594.000000
27.217550	0.640	976,482.000000
27.228217	0.640	1,266,269.000000
27.238883	0.640	1,956,030.000000
27.249550	0.640	3,714,736.000000
27.260217	0.640	6,873,579.000000
27.270883	0.640	9,694,376.000000
27.281550	0.640	9,318,117.000000
27.292217	0.640	5,742,967.000000
27.302883	0.640	2,110,531.000000
27.313550	0.640	506,975.000000
27.324217	0.640	326,178.000000
27.334883	0.640	374,858.000000
27.345550	0.640	304,492.000000
27.356217	0.640	240,778.000000
27.366883	0.640	242,964.000000
27.377550	0.640	259,229.000000
27.388217	0.640	250,433.000000
27.398883	0.640	232,094.000000
27.409550	0.640	235,903.000000
27.420217	0.640	256,430.000000
27.430883	0.640	253,822.000000
27.441550	0.640	216,362.000000
27.452217	0.640	179,650.000000
27.462883	0.640	172,503.000000
27.473550	0.640	185,852.000000
27.484217	0.640	198,754.000000
27.494883	0.640	213,432.000000
27.505550	0.640	254,801.000000
27.516217	0.640	320,663.000000
27.526883	0.640	355,809.000000
27.537550	0.640	321,102.000000
27.548217	0.640	255,274.000000
27.558883	0.640	219,863.000000
27.569550	0.640	227,919.000000
27.580217	0.640	256,547.000000
27.590883	0.640	282,796.000000
27.601550	0.640	298,002.000000
27.612217	0.640	311,719.000000
27.622883	0.640	338,088.000000
27.633550	0.640	382,535.000000
27.644217	0.640	450,982.000000
27.654883	0.640	553,231.000000
27.665550	0.640	675,271.000000
27.676217	0.640	757,974.000000
27.686883	0.640	736,066.000000
27.697550	0.640	599,269.000000
27.708217	0.640	402,744.000000
27.718883	0.640	231,477.000000
27.729550	0.640	149,112.000000
27.740217	0.640	183,050.000000
27.750883	0.640	359,242.000000
27.761550	0.640	642,876.000000
27.772217	0.640	830,265.000000
27.782883	0.640	723,320.000000
27.793550	0.640	416,702.000000
27.804217	0.640	173,459.000000
27.814883	0.640	93,983.000000
27.825550	0.640	96,346.000000
27.836217	0.640	100,625.000000
27.846883	0.640	96,178.000000
27.857550	0.640	94,502.000000
27.868217	0.640	96,157.000000
27.878883	0.640	96,815.000000
27.889550	0.640	95,854.000000
27.900217	0.640	95,247.000000
27.910883	0.640	96,307.000000
27.921550	0.640	98,593.000000
27.932217	0.640	101,858.000000
27.942883	0.640	106,156.000000
27.953550	0.640	111,443.000000
27.964217	0.640	119,852.000000
27.974883	0.640	132,510.000000
27.985550	0.640	143,494.000000
27.996217	0.640	145,558.000000
28.006883	0.640	141,012.000000
28.017550	0.640	139,038.000000
28.028217	0.640	145,059.000000
28.038883	0.640	158,475.000000
28.049550	0.640	177,120.000000
28.060217	0.640	197,409.000000
28.070883	0.640	212,169.000000
28.081550	0.640	214,383.000000
28.092217	0.640	201,580.000000
28.102883	0.640	178,370.000000
28.113550	0.640	155,599.000000
28.124217	0.640	139,905.000000
28.134883	0.640	128,128.000000
28.145550	0.640	116,242.000000
28.156217	0.640	106,127.000000
28.166883	0.640	101,201.000000
28.177550	0.640	101,473.000000
28.188217	0.640	106,761.000000
28.198883	0.640	120,601.000000
28.209550	0.640	143,888.000000
28.220217	0.640	165,964.000000
28.230883	0.640	171,495.000000
28.241550	0.640	156,910.000000
28.252217	0.640	133,137.000000
28.262883	0.640	113,406.000000
28.273550	0.640	102,568.000000
28.284217	0.640	98,474.000000
28.294883	0.640	98,538.000000
28.305550	0.640	99,468.000000
28.316217	0.640	96,983.000000
28.326883	0.640	91,521.000000
28.337550	0.640	89,437.000000
28.348217	0.640	96,473.000000
28.358883	0.640	111,391.000000
28.369550	0.640	125,273.000000
28.380217	0.640	127,016.000000
28.390883	0.640	113,638.000000
28.401550	0.640	95,265.000000
28.412217	0.640	83,984.000000
28.422883	0.640	81,450.000000
28.433550	0.640	82,845.000000
28.444217	0.640	85,244.000000
28.454883	0.640	88,094.000000
28.465550	0.640	91,967.000000
28.476217	0.640	97,584.000000
28.486883	0.640	103,420.000000
28.497550	0.640	106,695.000000
28.508217	0.640	107,322.000000
28.518883	0.640	108,070.000000
28.529550	0.640	110,760.000000
28.540217	0.640	115,244.000000
28.550883	0.640	121,601.000000
28.561550	0.640	130,049.000000
28.572217	0.640	141,412.000000
28.582883	0.640	162,375.000000
28.593550	0.640	205,501.000000
28.604217	0.640	271,638.000000
28.614883	0.640	328,148.000000
28.625550	0.640	325,970.000000
28.636217	0.640	256,584.000000
28.646883	0.640	167,278.000000
28.657550	0.640	105,297.000000
28.668217	0.640	76,605.000000
28.678883	0.640	62,904.000000
28.689550	0.640	50,806.000000
28.700217	0.640	40,345.000000
28.710883	0.640	40,265.000000
28.721550	0.640	57,554.000000
28.732217	0.640	78,633.000000
28.742883	0.640	75,728.000000
28.753550	0.640	48,342.000000
28.764217	0.640	24,386.000000
28.774883	0.640	16,997.000000
28.785550	0.640	16,911.000000
28.796217	0.640	16,709.000000
28.806883	0.640	16,862.000000
28.817550	0.640	17,128.000000
28.828217	0.640	15,668.000000
28.838883	0.640	13,160.000000
28.849550	0.640	11,416.000000
28.860217	0.640	10,076.000000
28.870883	0.640	8,587.000000
28.881550	0.640	7,941.000000
28.892217	0.640	8,217.000000
28.902883	0.640	8,415.000000
28.913550	0.640	8,031.000000
28.924217	0.640	7,513.000000
28.934883	0.640	7,772.000000
28.945550	0.640	8,564.000000
28.956217	0.640	9,183.000000
28.966883	0.640	9,398.000000
28.977550	0.640	8,408.000000
28.988217	0.640	6,088.000000
28.998883	0.640	4,204.000000
29.009550	0.640	3,839.000000
29.020217	0.640	3,809.000000
29.030883	0.640	3,285.000000
29.041550	0.640	3,056.000000
29.052217	0.640	3,314.000000
29.062883	0.640	3,526.000000
29.073550	0.640	3,788.000000
29.084217	0.640	4,033.000000
29.094883	0.640	3,609.000000
29.105550	0.640	2,705.000000
29.116217	0.640	2,140.000000
29.126883	0.640	1,937.000000
29.137550	0.640	1,748.000000
29.148217	0.640	1,662.000000
29.158883	0.640	2,043.000000
29.169550	0.640	2,512.000000
29.180217	0.640	2,041.000000
29.190883	0.640	1,188.000000
29.201550	0.640	1,498.000000
29.212217	0.640	2,486.000000
29.222883	0.640	2,767.000000
29.233550	0.640	2,219.000000
29.244217	0.640	1,081.000000
29.254883	0.640	101.000000
29.265550	0.640	546.000000
29.276217	0.640	1,996.000000
29.286883	0.640	2,445.000000
29.297550	0.640	1,040.000000
29.308217	0.640	-761.000000
29.318883	0.640	-806.000000
29.329550	0.640	1,103.000000
29.340217	0.640	2,767.000000
29.350883	0.640	2,733.000000
29.361550	0.640	1,587.000000
29.372217	0.640	233.000000
29.382883	0.640	-357.000000
29.393550	0.640	31.000000
29.404217	0.640	158.000000
29.414883	0.640	-135.000000
29.425550	0.640	340.000000
29.436217	0.640	1,241.000000
29.446883	0.640	1,419.000000
29.457550	0.640	857.000000
29.468217	0.640	-265.000000
29.478883	0.640	-1,379.000000
29.489550	0.640	-1,450.000000
29.500217	0.640	-783.000000
29.510883	0.640	-371.000000
29.521550	0.640	-231.000000
29.532217	0.640	47.000000
29.542883	0.640	378.000000
29.553550	0.640	4.000000
29.564217	0.640	-1,287.000000
29.574883	0.640	-1,798.000000
29.585550	0.640	-351.000000
29.596217	0.640	1,450.000000
29.606883	0.640	2,031.000000
29.617550	0.640	1,744.000000
29.628217	0.640	1,066.000000
29.638883	0.640	253.000000
29.649550	0.640	-8.000000
29.660217	0.640	-29.000000
29.670883	0.640	-846.000000
29.681550	0.640	-1,523.000000
29.692217	0.640	-265.000000
29.702883	0.640	2,005.000000
29.713550	0.640	2,906.000000
29.724217	0.640	2,381.000000
29.734883	0.640	1,374.000000
29.745550	0.640	-55.000000
29.756217	0.640	-901.000000
29.766883	0.640	-440.000000
29.777550	0.640	318.000000
29.788217	0.640	858.000000
29.798883	0.640	1,086.000000
29.809550	0.640	931.000000
29.820217	0.640	1,074.000000
29.830883	0.640	1,125.000000
29.841550	0.640	73.000000
29.852217	0.640	-1,041.000000
29.862883	0.640	-918.000000
29.873550	0.640	-209.000000
29.884217	0.640	-233.000000
29.894883	0.640	-1,521.000000
29.905550	0.640	-2,980.000000
29.916217	0.640	-2,862.000000
29.926883	0.640	-1,601.000000
29.937550	0.640	-1,300.000000
29.948217	0.640	-2,271.000000
29.958883	0.640	-2,895.000000
29.969550	0.640	-2,334.000000
29.980217	0.640	-1,308.000000
29.990883	0.640	-599.000000
30.001550	0.640	-143.000000
