File Path	chrom://nnfcb-l0495/ChromeleonLocal/20180320_AA_Lars Nielsen samples Vienna_lbpet.seq/649.smp/Emission_1.channel/Emission_1.chm
Channel	Emission_1

Injection Information:
Data Vault	ChromeleonLocal
Injection	AAmix_1ug_mL_1
Injection Number	6
Position	RB5
Comment	
Processing Method	20171024_Calculated with IS_lbpet
Instrument Method	20161104_AA_GeminiC18_FinalVer7
Type	Calibration Standard
Status	Finished
Injection Date	20-03-2018
Injection Time	13:19:09
Injection Volume (µl)	56.500
Dilution Factor	1.0000
Weight	1.0000

Raw Data Information:
Time Min. (min)	0.003933
Time Max. (min)	30.001600
Data Points	2813
Detector	FLD
Exporting Data System	Chromeleon 7.1.2.1478
Operator	
Signal Quantity	
Signal Unit	counts
Signal Min.	-4,492.000000
Signal Max.	70,921,826.000000
Channel	Emission_1
Driver Name	FLD3000.dll
Channel Type	Evaluation
Min. Step (s)	0.636
Max. Step (s)	0.820
Average Step (s)	0.640

Signal Parameter Information:
Signal Info	340 nm /450 nm

Raw Data:
Time (min)	Step (s)	Value (counts)
0.003933	0.000	0.000000
0.017600	0.820	0.000000
0.028267	0.640	0.000000
0.038933	0.640	429.000000
0.049600	0.640	1,045.000000
0.060267	0.640	1,649.000000
0.070933	0.640	1,884.000000
0.081600	0.640	1,479.000000
0.092267	0.640	824.000000
0.102933	0.640	774.000000
0.113600	0.640	1,107.000000
0.124267	0.640	1,158.000000
0.134933	0.640	1,500.000000
0.145600	0.640	1,725.000000
0.156267	0.640	590.000000
0.166933	0.640	-469.000000
0.177600	0.640	434.000000
0.188267	0.640	1,799.000000
0.198933	0.640	1,516.000000
0.209600	0.640	425.000000
0.220267	0.640	-70.000000
0.230933	0.640	-366.000000
0.241600	0.640	-707.000000
0.252267	0.640	-494.000000
0.262933	0.640	726.000000
0.273600	0.640	2,634.000000
0.284267	0.640	3,534.000000
0.294933	0.640	2,497.000000
0.305600	0.640	782.000000
0.316267	0.640	-265.000000
0.326933	0.640	-427.000000
0.337600	0.640	-242.000000
0.348267	0.640	-256.000000
0.358933	0.640	-404.000000
0.369600	0.640	-236.000000
0.380267	0.640	397.000000
0.390933	0.640	1,425.000000
0.401600	0.640	2,504.000000
0.412267	0.640	2,651.000000
0.422933	0.640	2,044.000000
0.433600	0.640	2,230.000000
0.444267	0.640	2,829.000000
0.454933	0.640	2,210.000000
0.465600	0.640	1,158.000000
0.476267	0.640	1,046.000000
0.486933	0.640	789.000000
0.497600	0.640	-523.000000
0.508267	0.640	-1,408.000000
0.518933	0.640	-336.000000
0.529600	0.640	2,047.000000
0.540267	0.640	3,270.000000
0.550933	0.640	2,400.000000
0.561600	0.640	1,863.000000
0.572267	0.640	2,793.000000
0.582933	0.640	3,147.000000
0.593600	0.640	2,073.000000
0.604267	0.640	822.000000
0.614933	0.640	321.000000
0.625600	0.640	456.000000
0.636267	0.640	920.000000
0.646933	0.640	1,555.000000
0.657600	0.640	2,008.000000
0.668267	0.640	2,196.000000
0.678933	0.640	2,165.000000
0.689600	0.640	1,724.000000
0.700267	0.640	1,095.000000
0.710933	0.640	626.000000
0.721600	0.640	172.000000
0.732267	0.640	-167.000000
0.742933	0.640	105.000000
0.753600	0.640	801.000000
0.764267	0.640	1,385.000000
0.774933	0.640	1,524.000000
0.785600	0.640	749.000000
0.796267	0.640	-709.000000
0.806933	0.640	-1,700.000000
0.817600	0.640	-1,321.000000
0.828267	0.640	89.000000
0.838933	0.640	1,309.000000
0.849600	0.640	1,636.000000
0.860267	0.640	1,147.000000
0.870933	0.640	522.000000
0.881600	0.640	163.000000
0.892267	0.640	-610.000000
0.902933	0.640	-1,366.000000
0.913600	0.640	-567.000000
0.924267	0.640	1,218.000000
0.934933	0.640	2,012.000000
0.945600	0.640	1,221.000000
0.956267	0.640	129.000000
0.966933	0.640	541.000000
0.977600	0.640	2,116.000000
0.988267	0.640	2,538.000000
0.998933	0.640	1,672.000000
1.009600	0.640	1,558.000000
1.020267	0.640	1,888.000000
1.030933	0.640	1,053.000000
1.041600	0.640	372.000000
1.052267	0.640	1,627.000000
1.062933	0.640	2,779.000000
1.073600	0.640	1,272.000000
1.084267	0.640	-1,022.000000
1.094933	0.640	-1,034.000000
1.105600	0.640	594.000000
1.116267	0.640	1,386.000000
1.126933	0.640	776.000000
1.137600	0.640	223.000000
1.148267	0.640	772.000000
1.158933	0.640	1,683.000000
1.169600	0.640	1,811.000000
1.180267	0.640	1,367.000000
1.190933	0.640	1,315.000000
1.201600	0.640	1,645.000000
1.212267	0.640	1,517.000000
1.222933	0.640	434.000000
1.233600	0.640	-1,169.000000
1.244267	0.640	-1,952.000000
1.254933	0.640	-1,117.000000
1.265600	0.640	114.000000
1.276267	0.640	184.000000
1.286933	0.640	-233.000000
1.297600	0.640	396.000000
1.308267	0.640	1,887.000000
1.318933	0.640	2,585.000000
1.329600	0.640	1,642.000000
1.340267	0.640	806.000000
1.350933	0.640	1,792.000000
1.361600	0.640	3,033.000000
1.372267	0.640	2,584.000000
1.382933	0.640	1,306.000000
1.393600	0.640	983.000000
1.404267	0.640	1,823.000000
1.414933	0.640	2,620.000000
1.425600	0.640	2,434.000000
1.436267	0.640	1,486.000000
1.446933	0.640	619.000000
1.457600	0.640	539.000000
1.468267	0.640	1,401.000000
1.478933	0.640	2,351.000000
1.489600	0.640	2,008.000000
1.500267	0.640	612.000000
1.510933	0.640	-25.000000
1.521600	0.640	460.000000
1.532267	0.640	801.000000
1.542933	0.640	613.000000
1.553600	0.640	791.000000
1.564267	0.640	1,704.000000
1.574933	0.640	2,235.000000
1.585600	0.640	1,554.000000
1.596267	0.640	154.000000
1.606933	0.640	-1,411.000000
1.617600	0.640	-2,100.000000
1.628267	0.640	-718.000000
1.638933	0.640	1,793.000000
1.649600	0.640	3,286.000000
1.660267	0.640	2,843.000000
1.670933	0.640	1,282.000000
1.681600	0.640	125.000000
1.692267	0.640	-58.000000
1.702933	0.640	329.000000
1.713600	0.640	594.000000
1.724267	0.640	433.000000
1.734933	0.640	558.000000
1.745600	0.640	1,146.000000
1.756267	0.640	1,305.000000
1.766933	0.640	880.000000
1.777600	0.640	372.000000
1.788267	0.640	407.000000
1.798933	0.640	1,613.000000
1.809600	0.640	3,307.000000
1.820267	0.640	4,293.000000
1.830933	0.640	4,200.000000
1.841600	0.640	2,480.000000
1.852267	0.640	-255.000000
1.862933	0.640	-1,284.000000
1.873600	0.640	-45.000000
1.884267	0.640	992.000000
1.894933	0.640	872.000000
1.905600	0.640	664.000000
1.916267	0.640	965.000000
1.926933	0.640	1,639.000000
1.937600	0.640	2,182.000000
1.948267	0.640	2,143.000000
1.958933	0.640	1,863.000000
1.969600	0.640	1,923.000000
1.980267	0.640	2,086.000000
1.990933	0.640	1,726.000000
2.001600	0.640	499.000000
2.012267	0.640	-1,261.000000
2.022933	0.640	-2,011.000000
2.033600	0.640	-589.000000
2.044267	0.640	1,965.000000
2.054933	0.640	3,672.000000
2.065600	0.640	3,376.000000
2.076267	0.640	1,344.000000
2.086933	0.640	-699.000000
2.097600	0.640	-892.000000
2.108267	0.640	675.000000
2.118933	0.640	1,816.000000
2.129600	0.640	1,331.000000
2.140267	0.640	483.000000
2.150933	0.640	107.000000
2.161600	0.640	-149.000000
2.172267	0.640	-153.000000
2.182933	0.640	-72.000000
2.193600	0.640	-218.000000
2.204267	0.640	144.000000
2.214933	0.640	951.000000
2.225600	0.640	1,301.000000
2.236267	0.640	1,611.000000
2.246933	0.640	2,008.000000
2.257600	0.640	1,511.000000
2.268267	0.640	517.000000
2.278933	0.640	225.000000
2.289600	0.640	423.000000
2.300267	0.640	589.000000
2.310933	0.640	1,195.000000
2.321600	0.640	2,190.000000
2.332267	0.640	2,289.000000
2.342933	0.640	1,098.000000
2.353600	0.640	268.000000
2.364267	0.640	690.000000
2.374933	0.640	1,013.000000
2.385600	0.640	879.000000
2.396267	0.640	990.000000
2.406933	0.640	786.000000
2.417600	0.640	497.000000
2.428267	0.640	1,411.000000
2.438933	0.640	2,884.000000
2.449600	0.640	3,060.000000
2.460267	0.640	1,476.000000
2.470933	0.640	-791.000000
2.481600	0.640	-2,132.000000
2.492267	0.640	-1,207.000000
2.502933	0.640	1,390.000000
2.513600	0.640	2,739.000000
2.524267	0.640	1,657.000000
2.534933	0.640	399.000000
2.545600	0.640	751.000000
2.556267	0.640	2,060.000000
2.566933	0.640	2,452.000000
2.577600	0.640	1,508.000000
2.588267	0.640	1,097.000000
2.598933	0.640	1,758.000000
2.609600	0.640	2,277.000000
2.620267	0.640	2,753.000000
2.630933	0.640	3,277.000000
2.641600	0.640	3,009.000000
2.652267	0.640	2,672.000000
2.662933	0.640	3,285.000000
2.673600	0.640	3,718.000000
2.684267	0.640	2,876.000000
2.694933	0.640	1,938.000000
2.705600	0.640	2,630.000000
2.716267	0.640	4,764.000000
2.726933	0.640	6,662.000000
2.737600	0.640	7,402.000000
2.748267	0.640	7,194.000000
2.758933	0.640	6,125.000000
2.769600	0.640	4,715.000000
2.780267	0.640	4,215.000000
2.790933	0.640	4,486.000000
2.801600	0.640	3,831.000000
2.812267	0.640	1,797.000000
2.822933	0.640	73.000000
2.833600	0.640	191.000000
2.844267	0.640	2,053.000000
2.854933	0.640	4,206.000000
2.865600	0.640	4,617.000000
2.876267	0.640	2,570.000000
2.886933	0.640	-201.000000
2.897600	0.640	-1,202.000000
2.908267	0.640	-93.000000
2.918933	0.640	1,225.000000
2.929600	0.640	1,637.000000
2.940267	0.640	1,591.000000
2.950933	0.640	1,389.000000
2.961600	0.640	1,118.000000
2.972267	0.640	1,201.000000
2.982933	0.640	1,887.000000
2.993600	0.640	2,814.000000
3.004267	0.640	3,724.000000
3.014933	0.640	5,551.000000
3.025600	0.640	9,557.000000
3.036267	0.640	16,033.000000
3.046933	0.640	25,645.000000
3.057600	0.640	41,645.000000
3.068267	0.640	70,140.000000
3.078933	0.640	119,661.000000
3.089600	0.640	201,113.000000
3.100267	0.640	323,170.000000
3.110933	0.640	480,120.000000
3.121600	0.640	643,301.000000
3.132267	0.640	770,816.000000
3.142933	0.640	831,282.000000
3.153600	0.640	821,136.000000
3.164267	0.640	760,513.000000
3.174933	0.640	675,913.000000
3.185600	0.640	591,841.000000
3.196267	0.640	527,697.000000
3.206933	0.640	487,084.000000
3.217600	0.640	458,547.000000
3.228267	0.640	433,409.000000
3.238933	0.640	412,563.000000
3.249600	0.640	395,972.000000
3.260267	0.640	378,274.000000
3.270933	0.640	355,697.000000
3.281600	0.640	326,822.000000
3.292267	0.640	288,933.000000
3.302933	0.640	242,691.000000
3.313600	0.640	194,918.000000
3.324267	0.640	151,034.000000
3.334933	0.640	111,420.000000
3.345600	0.640	76,960.000000
3.356267	0.640	50,691.000000
3.366933	0.640	33,555.000000
3.377600	0.640	23,462.000000
3.388267	0.640	17,410.000000
3.398933	0.640	12,966.000000
3.409600	0.640	9,329.000000
3.420267	0.640	6,738.000000
3.430933	0.640	5,184.000000
3.441600	0.640	4,199.000000
3.452267	0.640	3,203.000000
3.462933	0.640	2,096.000000
3.473600	0.640	1,548.000000
3.484267	0.640	1,861.000000
3.494933	0.640	1,826.000000
3.505600	0.640	858.000000
3.516267	0.640	402.000000
3.526933	0.640	987.000000
3.537600	0.640	1,553.000000
3.548267	0.640	1,864.000000
3.558933	0.640	2,494.000000
3.569600	0.640	3,303.000000
3.580267	0.640	3,249.000000
3.590933	0.640	2,218.000000
3.601600	0.640	1,824.000000
3.612267	0.640	2,641.000000
3.622933	0.640	3,114.000000
3.633600	0.640	2,404.000000
3.644267	0.640	1,556.000000
3.654933	0.640	1,555.000000
3.665600	0.640	2,212.000000
3.676267	0.640	2,914.000000
3.686933	0.640	2,986.000000
3.697600	0.640	2,019.000000
3.708267	0.640	1,126.000000
3.718933	0.640	1,527.000000
3.729600	0.640	2,007.000000
3.740267	0.640	1,504.000000
3.750933	0.640	1,785.000000
3.761600	0.640	4,022.000000
3.772267	0.640	5,718.000000
3.782933	0.640	4,131.000000
3.793600	0.640	913.000000
3.804267	0.640	-299.000000
3.814933	0.640	908.000000
3.825600	0.640	2,866.000000
3.836267	0.640	4,843.000000
3.846933	0.640	6,139.000000
3.857600	0.640	5,869.000000
3.868267	0.640	4,645.000000
3.878933	0.640	3,577.000000
3.889600	0.640	2,339.000000
3.900267	0.640	914.000000
3.910933	0.640	695.000000
3.921600	0.640	1,897.000000
3.932267	0.640	2,943.000000
3.942933	0.640	2,873.000000
3.953600	0.640	2,167.000000
3.964267	0.640	1,500.000000
3.974933	0.640	1,174.000000
3.985600	0.640	1,437.000000
3.996267	0.640	2,209.000000
4.006933	0.640	2,853.000000
4.017600	0.640	2,922.000000
4.028267	0.640	2,726.000000
4.038933	0.640	2,471.000000
4.049600	0.640	1,983.000000
4.060267	0.640	1,885.000000
4.070933	0.640	2,435.000000
4.081600	0.640	2,424.000000
4.092267	0.640	1,688.000000
4.102933	0.640	1,428.000000
4.113600	0.640	2,170.000000
4.124267	0.640	3,792.000000
4.134933	0.640	5,277.000000
4.145600	0.640	4,981.000000
4.156267	0.640	3,258.000000
4.166933	0.640	2,242.000000
4.177600	0.640	2,652.000000
4.188267	0.640	3,377.000000
4.198933	0.640	3,373.000000
4.209600	0.640	2,753.000000
4.220267	0.640	2,346.000000
4.230933	0.640	2,601.000000
4.241600	0.640	3,190.000000
4.252267	0.640	3,497.000000
4.262933	0.640	3,649.000000
4.273600	0.640	3,861.000000
4.284267	0.640	3,408.000000
4.294933	0.640	2,503.000000
4.305600	0.640	2,373.000000
4.316267	0.640	2,984.000000
4.326933	0.640	3,492.000000
4.337600	0.640	3,215.000000
4.348267	0.640	2,158.000000
4.358933	0.640	1,373.000000
4.369600	0.640	1,867.000000
4.380267	0.640	3,772.000000
4.390933	0.640	5,781.000000
4.401600	0.640	6,426.000000
4.412267	0.640	6,322.000000
4.422933	0.640	6,017.000000
4.433600	0.640	4,460.000000
4.444267	0.640	2,120.000000
4.454933	0.640	1,093.000000
4.465600	0.640	1,694.000000
4.476267	0.640	2,462.000000
4.486933	0.640	2,822.000000
4.497600	0.640	3,162.000000
4.508267	0.640	3,418.000000
4.518933	0.640	3,846.000000
4.529600	0.640	4,877.000000
4.540267	0.640	6,085.000000
4.550933	0.640	7,596.000000
4.561600	0.640	9,831.000000
4.572267	0.640	11,703.000000
4.582933	0.640	12,492.000000
4.593600	0.640	13,994.000000
4.604267	0.640	17,928.000000
4.614933	0.640	24,106.000000
4.625600	0.640	34,262.000000
4.636267	0.640	52,677.000000
4.646933	0.640	81,976.000000
4.657600	0.640	127,797.000000
4.668267	0.640	208,735.000000
4.678933	0.640	355,913.000000
4.689600	0.640	601,325.000000
4.700267	0.640	946,930.000000
4.710933	0.640	1,319,767.000000
4.721600	0.640	1,576,516.000000
4.732267	0.640	1,591,219.000000
4.742933	0.640	1,353,344.000000
4.753600	0.640	978,125.000000
4.764267	0.640	615,777.000000
4.774933	0.640	354,080.000000
4.785600	0.640	199,483.000000
4.796267	0.640	117,692.000000
4.806933	0.640	75,001.000000
4.817600	0.640	51,320.000000
4.828267	0.640	35,895.000000
4.838933	0.640	24,420.000000
4.849600	0.640	16,450.000000
4.860267	0.640	12,079.000000
4.870933	0.640	9,951.000000
4.881600	0.640	7,736.000000
4.892267	0.640	5,480.000000
4.902933	0.640	5,187.000000
4.913600	0.640	6,168.000000
4.924267	0.640	5,605.000000
4.934933	0.640	3,613.000000
4.945600	0.640	2,984.000000
4.956267	0.640	4,576.000000
4.966933	0.640	6,051.000000
4.977600	0.640	5,175.000000
4.988267	0.640	2,957.000000
4.998933	0.640	2,020.000000
5.009600	0.640	3,177.000000
5.020267	0.640	5,184.000000
5.030933	0.640	6,347.000000
5.041600	0.640	5,854.000000
5.052267	0.640	4,556.000000
5.062933	0.640	3,913.000000
5.073600	0.640	3,822.000000
5.084267	0.640	3,374.000000
5.094933	0.640	3,206.000000
5.105600	0.640	3,965.000000
5.116267	0.640	4,448.000000
5.126933	0.640	4,102.000000
5.137600	0.640	3,783.000000
5.148267	0.640	3,746.000000
5.158933	0.640	3,866.000000
5.169600	0.640	3,913.000000
5.180267	0.640	3,474.000000
5.190933	0.640	3,007.000000
5.201600	0.640	3,530.000000
5.212267	0.640	4,827.000000
5.222933	0.640	5,373.000000
5.233600	0.640	4,680.000000
5.244267	0.640	3,964.000000
5.254933	0.640	4,384.000000
5.265600	0.640	5,963.000000
5.276267	0.640	7,526.000000
5.286933	0.640	7,649.000000
5.297600	0.640	6,531.000000
5.308267	0.640	5,633.000000
5.318933	0.640	5,134.000000
5.329600	0.640	4,644.000000
5.340267	0.640	4,921.000000
5.350933	0.640	6,031.000000
5.361600	0.640	6,573.000000
5.372267	0.640	5,367.000000
5.382933	0.640	3,132.000000
5.393600	0.640	2,600.000000
5.404267	0.640	4,936.000000
5.414933	0.640	7,650.000000
5.425600	0.640	8,007.000000
5.436267	0.640	6,311.000000
5.446933	0.640	5,008.000000
5.457600	0.640	5,482.000000
5.468267	0.640	6,831.000000
5.478933	0.640	7,647.000000
5.489600	0.640	8,117.000000
5.500267	0.640	9,805.000000
5.510933	0.640	13,678.000000
5.521600	0.640	20,487.000000
5.532267	0.640	31,634.000000
5.542933	0.640	46,421.000000
5.553600	0.640	61,807.000000
5.564267	0.640	76,520.000000
5.574933	0.640	89,623.000000
5.585600	0.640	96,534.000000
5.596267	0.640	93,071.000000
5.606933	0.640	81,156.000000
5.617600	0.640	66,817.000000
5.628267	0.640	54,076.000000
5.638933	0.640	42,808.000000
5.649600	0.640	31,916.000000
5.660267	0.640	22,749.000000
5.670933	0.640	17,670.000000
5.681600	0.640	15,651.000000
5.692267	0.640	13,369.000000
5.702933	0.640	10,291.000000
5.713600	0.640	8,007.000000
5.724267	0.640	6,633.000000
5.734933	0.640	5,448.000000
5.745600	0.640	4,667.000000
5.756267	0.640	4,863.000000
5.766933	0.640	5,481.000000
5.777600	0.640	5,531.000000
5.788267	0.640	5,474.000000
5.798933	0.640	5,783.000000
5.809600	0.640	5,683.000000
5.820267	0.640	5,305.000000
5.830933	0.640	5,653.000000
5.841600	0.640	6,540.000000
5.852267	0.640	6,974.000000
5.862933	0.640	6,922.000000
5.873600	0.640	7,167.000000
5.884267	0.640	7,201.000000
5.894933	0.640	6,216.000000
5.905600	0.640	4,951.000000
5.916267	0.640	3,967.000000
5.926933	0.640	3,939.000000
5.937600	0.640	5,438.000000
5.948267	0.640	6,583.000000
5.958933	0.640	5,926.000000
5.969600	0.640	4,840.000000
5.980267	0.640	4,860.000000
5.990933	0.640	5,890.000000
6.001600	0.640	6,738.000000
6.012267	0.640	6,820.000000
6.022933	0.640	6,371.000000
6.033600	0.640	5,304.000000
6.044267	0.640	4,149.000000
6.054933	0.640	4,081.000000
6.065600	0.640	5,263.000000
6.076267	0.640	7,227.000000
6.086933	0.640	8,909.000000
6.097600	0.640	9,270.000000
6.108267	0.640	9,472.000000
6.118933	0.640	10,699.000000
6.129600	0.640	11,509.000000
6.140267	0.640	11,237.000000
6.150933	0.640	11,928.000000
6.161600	0.640	14,083.000000
6.172267	0.640	15,303.000000
6.182933	0.640	14,557.000000
6.193600	0.640	13,017.000000
6.204267	0.640	11,154.000000
6.214933	0.640	8,764.000000
6.225600	0.640	6,522.000000
6.236267	0.640	5,697.000000
6.246933	0.640	6,420.000000
6.257600	0.640	7,103.000000
6.268267	0.640	7,070.000000
6.278933	0.640	7,767.000000
6.289600	0.640	10,205.000000
6.300267	0.640	14,016.000000
6.310933	0.640	18,885.000000
6.321600	0.640	24,961.000000
6.332267	0.640	32,866.000000
6.342933	0.640	44,603.000000
6.353600	0.640	64,551.000000
6.364267	0.640	99,617.000000
6.374933	0.640	158,023.000000
6.385600	0.640	245,362.000000
6.396267	0.640	357,787.000000
6.406933	0.640	477,602.000000
6.417600	0.640	577,113.000000
6.428267	0.640	628,352.000000
6.438933	0.640	614,637.000000
6.449600	0.640	541,220.000000
6.460267	0.640	432,560.000000
6.470933	0.640	315,840.000000
6.481600	0.640	211,565.000000
6.492267	0.640	132,496.000000
6.502933	0.640	80,941.000000
6.513600	0.640	50,671.000000
6.524267	0.640	33,708.000000
6.534933	0.640	24,345.000000
6.545600	0.640	19,050.000000
6.556267	0.640	14,966.000000
6.566933	0.640	10,729.000000
6.577600	0.640	7,336.000000
6.588267	0.640	6,227.000000
6.598933	0.640	6,820.000000
6.609600	0.640	6,552.000000
6.620267	0.640	4,760.000000
6.630933	0.640	4,021.000000
6.641600	0.640	5,445.000000
6.652267	0.640	7,022.000000
6.662933	0.640	7,032.000000
6.673600	0.640	5,648.000000
6.684267	0.640	4,312.000000
6.694933	0.640	4,584.000000
6.705600	0.640	6,455.000000
6.716267	0.640	8,187.000000
6.726933	0.640	8,561.000000
6.737600	0.640	7,991.000000
6.748267	0.640	7,682.000000
6.758933	0.640	8,440.000000
6.769600	0.640	9,354.000000
6.780267	0.640	9,074.000000
6.790933	0.640	8,063.000000
6.801600	0.640	7,546.000000
6.812267	0.640	7,920.000000
6.822933	0.640	8,950.000000
6.833600	0.640	10,242.000000
6.844267	0.640	11,464.000000
6.854933	0.640	12,116.000000
6.865600	0.640	11,863.000000
6.876267	0.640	11,575.000000
6.886933	0.640	12,023.000000
6.897600	0.640	12,399.000000
6.908267	0.640	11,498.000000
6.918933	0.640	9,411.000000
6.929600	0.640	7,726.000000
6.940267	0.640	7,707.000000
6.950933	0.640	8,902.000000
6.961600	0.640	9,993.000000
6.972267	0.640	10,588.000000
6.982933	0.640	11,017.000000
6.993600	0.640	10,780.000000
7.004267	0.640	9,821.000000
7.014933	0.640	9,235.000000
7.025600	0.640	9,104.000000
7.036267	0.640	8,627.000000
7.046933	0.640	7,650.000000
7.057600	0.640	6,684.000000
7.068267	0.640	6,421.000000
7.078933	0.640	6,891.000000
7.089600	0.640	7,318.000000
7.100267	0.640	6,951.000000
7.110933	0.640	6,094.000000
7.121600	0.640	6,044.000000
7.132267	0.640	6,758.000000
7.142933	0.640	6,696.000000
7.153600	0.640	5,808.000000
7.164267	0.640	5,300.000000
7.174933	0.640	5,716.000000
7.185600	0.640	7,266.000000
7.196267	0.640	9,116.000000
7.206933	0.640	9,448.000000
7.217600	0.640	8,348.000000
7.228267	0.640	7,439.000000
7.238933	0.640	7,278.000000
7.249600	0.640	7,623.000000
7.260267	0.640	7,740.000000
7.270933	0.640	6,833.000000
7.281600	0.640	6,124.000000
7.292267	0.640	7,135.000000
7.302933	0.640	8,331.000000
7.313600	0.640	8,375.000000
7.324267	0.640	8,998.000000
7.334933	0.640	10,076.000000
7.345600	0.640	9,126.000000
7.356267	0.640	6,897.000000
7.366933	0.640	6,026.000000
7.377600	0.640	7,129.000000
7.388267	0.640	8,977.000000
7.398933	0.640	9,616.000000
7.409600	0.640	8,965.000000
7.420267	0.640	8,906.000000
7.430933	0.640	9,330.000000
7.441600	0.640	8,601.000000
7.452267	0.640	6,898.000000
7.462933	0.640	5,506.000000
7.473600	0.640	5,004.000000
7.484267	0.640	5,358.000000
7.494933	0.640	6,257.000000
7.505600	0.640	7,369.000000
7.516267	0.640	8,517.000000
7.526933	0.640	8,876.000000
7.537600	0.640	7,615.000000
7.548267	0.640	5,593.000000
7.558933	0.640	4,534.000000
7.569600	0.640	5,774.000000
7.580267	0.640	8,947.000000
7.590933	0.640	11,288.000000
7.601600	0.640	10,905.000000
7.612267	0.640	8,879.000000
7.622933	0.640	7,257.000000
7.633600	0.640	6,932.000000
7.644267	0.640	6,919.000000
7.654933	0.640	6,027.000000
7.665600	0.640	4,744.000000
7.676267	0.640	4,352.000000
7.686933	0.640	5,583.000000
7.697600	0.640	7,548.000000
7.708267	0.640	8,029.000000
7.718933	0.640	6,975.000000
7.729600	0.640	7,012.000000
7.740267	0.640	9,140.000000
7.750933	0.640	11,864.000000
7.761600	0.640	14,338.000000
7.772267	0.640	17,451.000000
7.782933	0.640	22,399.000000
7.793600	0.640	30,287.000000
7.804267	0.640	43,155.000000
7.814933	0.640	62,705.000000
7.825600	0.640	89,330.000000
7.836267	0.640	126,134.000000
7.846933	0.640	182,616.000000
7.857600	0.640	273,739.000000
7.868267	0.640	419,520.000000
7.878933	0.640	641,281.000000
7.889600	0.640	939,049.000000
7.900267	0.640	1,268,762.000000
7.910933	0.640	1,552,378.000000
7.921600	0.640	1,706,235.000000
7.932267	0.640	1,675,008.000000
7.942933	0.640	1,464,377.000000
7.953600	0.640	1,138,579.000000
7.964267	0.640	789,828.000000
7.974933	0.640	499,473.000000
7.985600	0.640	299,026.000000
7.996267	0.640	173,950.000000
8.006933	0.640	101,447.000000
8.017600	0.640	63,634.000000
8.028267	0.640	43,079.000000
8.038933	0.640	28,964.000000
8.049600	0.640	19,763.000000
8.060267	0.640	15,473.000000
8.070933	0.640	14,186.000000
8.081600	0.640	14,316.000000
8.092267	0.640	16,065.000000
8.102933	0.640	19,996.000000
8.113600	0.640	24,566.000000
8.124267	0.640	27,693.000000
8.134933	0.640	29,125.000000
8.145600	0.640	29,210.000000
8.156267	0.640	27,393.000000
8.166933	0.640	23,369.000000
8.177600	0.640	18,605.000000
8.188267	0.640	14,582.000000
8.198933	0.640	11,331.000000
8.209600	0.640	9,036.000000
8.220267	0.640	7,727.000000
8.230933	0.640	6,559.000000
8.241600	0.640	5,980.000000
8.252267	0.640	7,098.000000
8.262933	0.640	8,744.000000
8.273600	0.640	9,064.000000
8.284267	0.640	8,576.000000
8.294933	0.640	9,074.000000
8.305600	0.640	10,491.000000
8.316267	0.640	10,929.000000
8.326933	0.640	9,847.000000
8.337600	0.640	8,759.000000
8.348267	0.640	8,462.000000
8.358933	0.640	8,038.000000
8.369600	0.640	7,511.000000
8.380267	0.640	8,117.000000
8.390933	0.640	8,839.000000
8.401600	0.640	7,976.000000
8.412267	0.640	7,045.000000
8.422933	0.640	7,874.000000
8.433600	0.640	9,298.000000
8.444267	0.640	9,703.000000
8.454933	0.640	9,142.000000
8.465600	0.640	8,068.000000
8.476267	0.640	6,951.000000
8.486933	0.640	6,608.000000
8.497600	0.640	7,360.000000
8.508267	0.640	8,925.000000
8.518933	0.640	10,528.000000
8.529600	0.640	11,289.000000
8.540267	0.640	11,768.000000
8.550933	0.640	12,903.000000
8.561600	0.640	14,036.000000
8.572267	0.640	14,981.000000
8.582933	0.640	17,656.000000
8.593600	0.640	24,216.000000
8.604267	0.640	35,297.000000
8.614933	0.640	50,913.000000
8.625600	0.640	73,301.000000
8.636267	0.640	105,761.000000
8.646933	0.640	150,542.000000
8.657600	0.640	213,465.000000
8.668267	0.640	305,925.000000
8.678933	0.640	442,373.000000
8.689600	0.640	642,565.000000
8.700267	0.640	924,529.000000
8.710933	0.640	1,280,403.000000
8.721600	0.640	1,658,443.000000
8.732267	0.640	1,968,033.000000
8.742933	0.640	2,117,094.000000
8.753600	0.640	2,060,248.000000
8.764267	0.640	1,810,794.000000
8.774933	0.640	1,432,606.000000
8.785600	0.640	1,024,591.000000
8.796267	0.640	672,581.000000
8.806933	0.640	413,736.000000
8.817600	0.640	247,153.000000
8.828267	0.640	151,447.000000
8.838933	0.640	97,789.000000
8.849600	0.640	64,570.000000
8.860267	0.640	42,831.000000
8.870933	0.640	30,301.000000
8.881600	0.640	23,824.000000
8.892267	0.640	19,771.000000
8.902933	0.640	16,811.000000
8.913600	0.640	14,570.000000
8.924267	0.640	12,880.000000
8.934933	0.640	11,636.000000
8.945600	0.640	10,254.000000
8.956267	0.640	9,322.000000
8.966933	0.640	10,567.000000
8.977600	0.640	13,136.000000
8.988267	0.640	14,289.000000
8.998933	0.640	13,450.000000
9.009600	0.640	11,868.000000
9.020267	0.640	10,752.000000
9.030933	0.640	10,612.000000
9.041600	0.640	10,816.000000
9.052267	0.640	10,816.000000
9.062933	0.640	11,143.000000
9.073600	0.640	12,054.000000
9.084267	0.640	13,131.000000
9.094933	0.640	13,942.000000
9.105600	0.640	13,707.000000
9.116267	0.640	12,693.000000
9.126933	0.640	12,816.000000
9.137600	0.640	13,784.000000
9.148267	0.640	12,907.000000
9.158933	0.640	10,437.000000
9.169600	0.640	9,651.000000
9.180267	0.640	11,660.000000
9.190933	0.640	13,854.000000
9.201600	0.640	14,296.000000
9.212267	0.640	14,031.000000
9.222933	0.640	13,366.000000
9.233600	0.640	12,079.000000
9.244267	0.640	11,733.000000
9.254933	0.640	12,514.000000
9.265600	0.640	12,702.000000
9.276267	0.640	12,059.000000
9.286933	0.640	11,445.000000
9.297600	0.640	10,771.000000
9.308267	0.640	9,943.000000
9.318933	0.640	10,212.000000
9.329600	0.640	12,183.000000
9.340267	0.640	13,722.000000
9.350933	0.640	13,204.000000
9.361600	0.640	12,642.000000
9.372267	0.640	13,692.000000
9.382933	0.640	14,482.000000
9.393600	0.640	13,777.000000
9.404267	0.640	13,340.000000
9.414933	0.640	13,495.000000
9.425600	0.640	12,712.000000
9.436267	0.640	12,023.000000
9.446933	0.640	12,910.000000
9.457600	0.640	14,069.000000
9.468267	0.640	13,813.000000
9.478933	0.640	12,182.000000
9.489600	0.640	11,228.000000
9.500267	0.640	12,499.000000
9.510933	0.640	14,944.000000
9.521600	0.640	17,826.000000
9.532267	0.640	21,814.000000
9.542933	0.640	27,229.000000
9.553600	0.640	34,294.000000
9.564267	0.640	43,555.000000
9.574933	0.640	55,754.000000
9.585600	0.640	72,536.000000
9.596267	0.640	96,853.000000
9.606933	0.640	133,361.000000
9.617600	0.640	190,917.000000
9.628267	0.640	284,574.000000
9.638933	0.640	432,308.000000
9.649600	0.640	645,886.000000
9.660267	0.640	919,395.000000
9.670933	0.640	1,217,050.000000
9.681600	0.640	1,466,960.000000
9.692267	0.640	1,585,194.000000
9.702933	0.640	1,527,273.000000
9.713600	0.640	1,314,666.000000
9.724267	0.640	1,012,894.000000
9.734933	0.640	698,644.000000
9.745600	0.640	437,671.000000
9.756267	0.640	261,003.000000
9.766933	0.640	157,327.000000
9.777600	0.640	98,254.000000
9.788267	0.640	63,511.000000
9.798933	0.640	44,020.000000
9.809600	0.640	34,236.000000
9.820267	0.640	28,412.000000
9.830933	0.640	23,953.000000
9.841600	0.640	21,403.000000
9.852267	0.640	20,231.000000
9.862933	0.640	18,772.000000
9.873600	0.640	16,811.000000
9.884267	0.640	16,226.000000
9.894933	0.640	18,411.000000
9.905600	0.640	21,865.000000
9.916267	0.640	24,781.000000
9.926933	0.640	27,998.000000
9.937600	0.640	32,776.000000
9.948267	0.640	38,726.000000
9.958933	0.640	45,699.000000
9.969600	0.640	55,089.000000
9.980267	0.640	70,120.000000
9.990933	0.640	96,251.000000
10.001600	0.640	139,638.000000
10.012267	0.640	206,401.000000
10.022933	0.640	300,064.000000
10.033600	0.640	415,294.000000
10.044267	0.640	535,921.000000
10.054933	0.640	634,362.000000
10.065600	0.640	676,972.000000
10.076267	0.640	643,880.000000
10.086933	0.640	543,692.000000
10.097600	0.640	409,514.000000
10.108267	0.640	281,518.000000
10.118933	0.640	184,611.000000
10.129600	0.640	120,874.000000
10.140267	0.640	82,253.000000
10.150933	0.640	62,130.000000
10.161600	0.640	54,596.000000
10.172267	0.640	52,511.000000
10.182933	0.640	51,085.000000
10.193600	0.640	50,077.000000
10.204267	0.640	50,566.000000
10.214933	0.640	51,409.000000
10.225600	0.640	50,384.000000
10.236267	0.640	47,279.000000
10.246933	0.640	43,027.000000
10.257600	0.640	38,215.000000
10.268267	0.640	34,291.000000
10.278933	0.640	31,561.000000
10.289600	0.640	27,892.000000
10.300267	0.640	23,075.000000
10.310933	0.640	19,221.000000
10.321600	0.640	17,509.000000
10.332267	0.640	17,846.000000
10.342933	0.640	18,686.000000
10.353600	0.640	18,567.000000
10.364267	0.640	18,037.000000
10.374933	0.640	17,499.000000
10.385600	0.640	17,021.000000
10.396267	0.640	17,519.000000
10.406933	0.640	18,431.000000
10.417600	0.640	17,755.000000
10.428267	0.640	15,708.000000
10.438933	0.640	15,036.000000
10.449600	0.640	16,833.000000
10.460267	0.640	18,678.000000
10.470933	0.640	18,251.000000
10.481600	0.640	16,416.000000
10.492267	0.640	15,184.000000
10.502933	0.640	14,780.000000
10.513600	0.640	14,635.000000
10.524267	0.640	14,914.000000
10.534933	0.640	15,595.000000
10.545600	0.640	15,967.000000
10.556267	0.640	15,584.000000
10.566933	0.640	14,940.000000
10.577600	0.640	14,689.000000
10.588267	0.640	15,088.000000
10.598933	0.640	15,802.000000
10.609600	0.640	15,912.000000
10.620267	0.640	15,574.000000
10.630933	0.640	15,544.000000
10.641600	0.640	15,417.000000
10.652267	0.640	15,233.000000
10.662933	0.640	16,157.000000
10.673600	0.640	17,892.000000
10.684267	0.640	18,323.000000
10.694933	0.640	16,844.000000
10.705600	0.640	15,066.000000
10.716267	0.640	14,013.000000
10.726933	0.640	13,786.000000
10.737600	0.640	14,284.000000
10.748267	0.640	14,516.000000
10.758933	0.640	13,710.000000
10.769600	0.640	12,870.000000
10.780267	0.640	13,605.000000
10.790933	0.640	15,850.000000
10.801600	0.640	17,467.000000
10.812267	0.640	16,652.000000
10.822933	0.640	14,723.000000
10.833600	0.640	14,314.000000
10.844267	0.640	15,244.000000
10.854933	0.640	16,137.000000
10.865600	0.640	17,125.000000
10.876267	0.640	18,188.000000
10.886933	0.640	18,810.000000
10.897600	0.640	19,985.000000
10.908267	0.640	23,867.000000
10.918933	0.640	30,680.000000
10.929600	0.640	39,008.000000
10.940267	0.640	50,718.000000
10.950933	0.640	70,542.000000
10.961600	0.640	99,817.000000
10.972267	0.640	137,582.000000
10.982933	0.640	188,745.000000
10.993600	0.640	265,148.000000
11.004267	0.640	380,978.000000
11.014933	0.640	554,582.000000
11.025600	0.640	811,982.000000
11.036267	0.640	1,176,576.000000
11.046933	0.640	1,644,635.000000
11.057600	0.640	2,164,826.000000
11.068267	0.640	2,633,191.000000
11.078933	0.640	2,918,274.000000
11.089600	0.640	2,927,757.000000
11.100267	0.640	2,659,007.000000
11.110933	0.640	2,185,243.000000
11.121600	0.640	1,622,819.000000
11.132267	0.640	1,097,725.000000
11.142933	0.640	692,981.000000
11.153600	0.640	422,656.000000
11.164267	0.640	259,856.000000
11.174933	0.640	170,075.000000
11.185600	0.640	124,362.000000
11.196267	0.640	104,436.000000
11.206933	0.640	101,317.000000
11.217600	0.640	110,922.000000
11.228267	0.640	132,291.000000
11.238933	0.640	166,565.000000
11.249600	0.640	216,863.000000
11.260267	0.640	290,611.000000
11.270933	0.640	402,903.000000
11.281600	0.640	573,284.000000
11.292267	0.640	809,107.000000
11.302933	0.640	1,090,638.000000
11.313600	0.640	1,375,588.000000
11.324267	0.640	1,603,377.000000
11.334933	0.640	1,698,714.000000
11.345600	0.640	1,616,462.000000
11.356267	0.640	1,385,303.000000
11.366933	0.640	1,078,203.000000
11.377600	0.640	765,930.000000
11.388267	0.640	502,421.000000
11.398933	0.640	311,634.000000
11.409600	0.640	187,076.000000
11.420267	0.640	112,383.000000
11.430933	0.640	71,599.000000
11.441600	0.640	49,208.000000
11.452267	0.640	35,147.000000
11.462933	0.640	26,792.000000
11.473600	0.640	23,244.000000
11.484267	0.640	22,440.000000
11.494933	0.640	22,662.000000
11.505600	0.640	22,741.000000
11.516267	0.640	22,645.000000
11.526933	0.640	24,374.000000
11.537600	0.640	28,102.000000
11.548267	0.640	30,865.000000
11.558933	0.640	32,447.000000
11.569600	0.640	34,430.000000
11.580267	0.640	35,219.000000
11.590933	0.640	33,520.000000
11.601600	0.640	30,367.000000
11.612267	0.640	26,258.000000
11.622933	0.640	22,217.000000
11.633600	0.640	20,453.000000
11.644267	0.640	20,339.000000
11.654933	0.640	18,961.000000
11.665600	0.640	16,638.000000
11.676267	0.640	15,784.000000
11.686933	0.640	16,521.000000
11.697600	0.640	17,350.000000
11.708267	0.640	17,208.000000
11.718933	0.640	16,353.000000
11.729600	0.640	16,144.000000
11.740267	0.640	17,164.000000
11.750933	0.640	18,219.000000
11.761600	0.640	18,568.000000
11.772267	0.640	19,909.000000
11.782933	0.640	23,498.000000
11.793600	0.640	26,829.000000
11.804267	0.640	27,009.000000
11.814933	0.640	26,202.000000
11.825600	0.640	29,049.000000
11.836267	0.640	36,368.000000
11.846933	0.640	46,256.000000
11.857600	0.640	57,465.000000
11.868267	0.640	68,643.000000
11.878933	0.640	79,656.000000
11.889600	0.640	93,687.000000
11.900267	0.640	114,857.000000
11.910933	0.640	147,381.000000
11.921600	0.640	199,217.000000
11.932267	0.640	284,193.000000
11.942933	0.640	418,682.000000
11.953600	0.640	612,038.000000
11.964267	0.640	854,430.000000
11.974933	0.640	1,109,287.000000
11.985600	0.640	1,317,221.000000
11.996267	0.640	1,413,813.000000
12.006933	0.640	1,356,869.000000
12.017600	0.640	1,155,382.000000
12.028267	0.640	874,637.000000
12.038933	0.640	597,495.000000
12.049600	0.640	377,745.000000
12.060267	0.640	228,975.000000
12.070933	0.640	139,582.000000
12.081600	0.640	89,252.000000
12.092267	0.640	60,633.000000
12.102933	0.640	43,378.000000
12.113600	0.640	32,233.000000
12.124267	0.640	25,510.000000
12.134933	0.640	22,587.000000
12.145600	0.640	21,610.000000
12.156267	0.640	20,750.000000
12.166933	0.640	19,572.000000
12.177600	0.640	18,429.000000
12.188267	0.640	17,578.000000
12.198933	0.640	16,928.000000
12.209600	0.640	16,491.000000
12.220267	0.640	16,881.000000
12.230933	0.640	18,006.000000
12.241600	0.640	18,512.000000
12.252267	0.640	17,961.000000
12.262933	0.640	17,587.000000
12.273600	0.640	18,198.000000
12.284267	0.640	18,508.000000
12.294933	0.640	17,474.000000
12.305600	0.640	16,339.000000
12.316267	0.640	16,216.000000
12.326933	0.640	16,939.000000
12.337600	0.640	17,604.000000
12.348267	0.640	17,018.000000
12.358933	0.640	16,067.000000
12.369600	0.640	16,545.000000
12.380267	0.640	17,305.000000
12.390933	0.640	16,997.000000
12.401600	0.640	16,984.000000
12.412267	0.640	17,907.000000
12.422933	0.640	18,393.000000
12.433600	0.640	17,696.000000
12.444267	0.640	16,871.000000
12.454933	0.640	17,122.000000
12.465600	0.640	17,961.000000
12.476267	0.640	18,336.000000
12.486933	0.640	18,307.000000
12.497600	0.640	19,141.000000
12.508267	0.640	21,639.000000
12.518933	0.640	23,411.000000
12.529600	0.640	21,933.000000
12.540267	0.640	18,983.000000
12.550933	0.640	17,048.000000
12.561600	0.640	16,246.000000
12.572267	0.640	15,956.000000
12.582933	0.640	15,658.000000
12.593600	0.640	15,466.000000
12.604267	0.640	16,313.000000
12.614933	0.640	17,923.000000
12.625600	0.640	18,241.000000
12.636267	0.640	17,086.000000
12.646933	0.640	17,111.000000
12.657600	0.640	19,032.000000
12.668267	0.640	20,045.000000
12.678933	0.640	18,704.000000
12.689600	0.640	17,128.000000
12.700267	0.640	17,085.000000
12.710933	0.640	17,949.000000
12.721600	0.640	18,913.000000
12.732267	0.640	19,809.000000
12.742933	0.640	19,991.000000
12.753600	0.640	19,297.000000
12.764267	0.640	19,331.000000
12.774933	0.640	21,033.000000
12.785600	0.640	23,079.000000
12.796267	0.640	24,805.000000
12.806933	0.640	26,366.000000
12.817600	0.640	26,143.000000
12.828267	0.640	23,743.000000
12.838933	0.640	22,092.000000
12.849600	0.640	22,402.000000
12.860267	0.640	22,302.000000
12.870933	0.640	20,263.000000
12.881600	0.640	17,774.000000
12.892267	0.640	16,908.000000
12.902933	0.640	17,550.000000
12.913600	0.640	17,872.000000
12.924267	0.640	17,016.000000
12.934933	0.640	16,007.000000
12.945600	0.640	16,316.000000
12.956267	0.640	17,980.000000
12.966933	0.640	19,222.000000
12.977600	0.640	18,522.000000
12.988267	0.640	16,650.000000
12.998933	0.640	15,994.000000
13.009600	0.640	17,300.000000
13.020267	0.640	18,321.000000
13.030933	0.640	17,757.000000
13.041600	0.640	17,411.000000
13.052267	0.640	18,237.000000
13.062933	0.640	18,725.000000
13.073600	0.640	18,516.000000
13.084267	0.640	19,125.000000
13.094933	0.640	20,283.000000
13.105600	0.640	19,732.000000
13.116267	0.640	17,076.000000
13.126933	0.640	14,807.000000
13.137600	0.640	15,663.000000
13.148267	0.640	19,325.000000
13.158933	0.640	22,403.000000
13.169600	0.640	23,316.000000
13.180267	0.640	23,473.000000
13.190933	0.640	23,362.000000
13.201600	0.640	22,861.000000
13.212267	0.640	22,874.000000
13.222933	0.640	23,786.000000
13.233600	0.640	25,223.000000
13.244267	0.640	26,862.000000
13.254933	0.640	28,338.000000
13.265600	0.640	29,272.000000
13.276267	0.640	29,186.000000
13.286933	0.640	27,685.000000
13.297600	0.640	25,545.000000
13.308267	0.640	23,827.000000
13.318933	0.640	22,048.000000
13.329600	0.640	19,790.000000
13.340267	0.640	17,831.000000
13.350933	0.640	17,082.000000
13.361600	0.640	17,845.000000
13.372267	0.640	19,000.000000
13.382933	0.640	19,533.000000
13.393600	0.640	19,787.000000
13.404267	0.640	19,467.000000
13.414933	0.640	17,836.000000
13.425600	0.640	15,654.000000
13.436267	0.640	14,160.000000
13.446933	0.640	13,838.000000
13.457600	0.640	14,897.000000
13.468267	0.640	16,473.000000
13.478933	0.640	17,271.000000
13.489600	0.640	17,884.000000
13.500267	0.640	18,926.000000
13.510933	0.640	19,254.000000
13.521600	0.640	18,075.000000
13.532267	0.640	16,308.000000
13.542933	0.640	15,464.000000
13.553600	0.640	15,443.000000
13.564267	0.640	15,291.000000
13.574933	0.640	15,524.000000
13.585600	0.640	16,703.000000
13.596267	0.640	17,756.000000
13.606933	0.640	17,540.000000
13.617600	0.640	16,844.000000
13.628267	0.640	17,317.000000
13.638933	0.640	18,755.000000
13.649600	0.640	19,214.000000
13.660267	0.640	17,938.000000
13.670933	0.640	16,922.000000
13.681600	0.640	18,012.000000
13.692267	0.640	20,433.000000
13.702933	0.640	23,088.000000
13.713600	0.640	26,436.000000
13.724267	0.640	31,223.000000
13.734933	0.640	37,259.000000
13.745600	0.640	43,523.000000
13.756267	0.640	50,334.000000
13.766933	0.640	60,350.000000
13.777600	0.640	74,368.000000
13.788267	0.640	90,687.000000
13.798933	0.640	109,752.000000
13.809600	0.640	133,800.000000
13.820267	0.640	164,119.000000
13.830933	0.640	202,447.000000
13.841600	0.640	253,632.000000
13.852267	0.640	326,441.000000
13.862933	0.640	434,095.000000
13.873600	0.640	589,019.000000
13.884267	0.640	793,133.000000
13.894933	0.640	1,037,867.000000
13.905600	0.640	1,309,978.000000
13.916267	0.640	1,588,999.000000
13.926933	0.640	1,836,814.000000
13.937600	0.640	2,001,963.000000
13.948267	0.640	2,041,057.000000
13.958933	0.640	1,934,894.000000
13.969600	0.640	1,704,554.000000
13.980267	0.640	1,405,538.000000
13.990933	0.640	1,090,471.000000
14.001600	0.640	796,556.000000
14.012267	0.640	552,496.000000
14.022933	0.640	371,863.000000
14.033600	0.640	250,873.000000
14.044267	0.640	177,050.000000
14.054933	0.640	135,587.000000
14.065600	0.640	111,811.000000
14.076267	0.640	96,945.000000
14.086933	0.640	89,298.000000
14.097600	0.640	86,129.000000
14.108267	0.640	82,449.000000
14.118933	0.640	77,216.000000
14.129600	0.640	71,892.000000
14.140267	0.640	64,894.000000
14.150933	0.640	54,507.000000
14.161600	0.640	43,757.000000
14.172267	0.640	36,853.000000
14.182933	0.640	33,287.000000
14.193600	0.640	29,617.000000
14.204267	0.640	25,831.000000
14.214933	0.640	23,984.000000
14.225600	0.640	23,413.000000
14.236267	0.640	22,641.000000
14.246933	0.640	21,190.000000
14.257600	0.640	19,495.000000
14.268267	0.640	19,956.000000
14.278933	0.640	23,666.000000
14.289600	0.640	27,595.000000
14.300267	0.640	29,116.000000
14.310933	0.640	28,697.000000
14.321600	0.640	27,803.000000
14.332267	0.640	28,318.000000
14.342933	0.640	30,907.000000
14.353600	0.640	33,302.000000
14.364267	0.640	33,923.000000
14.374933	0.640	33,934.000000
14.385600	0.640	33,894.000000
14.396267	0.640	32,924.000000
14.406933	0.640	31,056.000000
14.417600	0.640	29,392.000000
14.428267	0.640	28,099.000000
14.438933	0.640	26,391.000000
14.449600	0.640	24,430.000000
14.460267	0.640	22,965.000000
14.470933	0.640	22,329.000000
14.481600	0.640	22,677.000000
14.492267	0.640	23,835.000000
14.502933	0.640	25,114.000000
14.513600	0.640	25,376.000000
14.524267	0.640	23,783.000000
14.534933	0.640	21,225.000000
14.545600	0.640	19,997.000000
14.556267	0.640	21,461.000000
14.566933	0.640	24,616.000000
14.577600	0.640	27,306.000000
14.588267	0.640	28,630.000000
14.598933	0.640	28,993.000000
14.609600	0.640	28,866.000000
14.620267	0.640	29,059.000000
14.630933	0.640	30,626.000000
14.641600	0.640	33,066.000000
14.652267	0.640	34,461.000000
14.662933	0.640	34,476.000000
14.673600	0.640	34,350.000000
14.684267	0.640	34,065.000000
14.694933	0.640	32,678.000000
14.705600	0.640	30,389.000000
14.716267	0.640	28,185.000000
14.726933	0.640	26,666.000000
14.737600	0.640	26,181.000000
14.748267	0.640	26,244.000000
14.758933	0.640	25,627.000000
14.769600	0.640	24,687.000000
14.780267	0.640	25,069.000000
14.790933	0.640	26,621.000000
14.801600	0.640	27,361.000000
14.812267	0.640	26,343.000000
14.822933	0.640	24,731.000000
14.833600	0.640	23,950.000000
14.844267	0.640	24,256.000000
14.854933	0.640	25,491.000000
14.865600	0.640	27,238.000000
14.876267	0.640	28,161.000000
14.886933	0.640	27,417.000000
14.897600	0.640	26,297.000000
14.908267	0.640	26,272.000000
14.918933	0.640	26,607.000000
14.929600	0.640	25,858.000000
14.940267	0.640	24,211.000000
14.950933	0.640	23,258.000000
14.961600	0.640	23,771.000000
14.972267	0.640	24,500.000000
14.982933	0.640	24,734.000000
14.993600	0.640	25,582.000000
15.004267	0.640	26,751.000000
15.014933	0.640	27,115.000000
15.025600	0.640	27,381.000000
15.036267	0.640	27,654.000000
15.046933	0.640	27,473.000000
15.057600	0.640	27,613.000000
15.068267	0.640	28,366.000000
15.078933	0.640	30,291.000000
15.089600	0.640	34,349.000000
15.100267	0.640	39,321.000000
15.110933	0.640	43,572.000000
15.121600	0.640	47,643.000000
15.132267	0.640	51,445.000000
15.142933	0.640	52,331.000000
15.153600	0.640	49,165.000000
15.164267	0.640	44,685.000000
15.174933	0.640	42,226.000000
15.185600	0.640	41,746.000000
15.196267	0.640	40,286.000000
15.206933	0.640	36,904.000000
15.217600	0.640	34,336.000000
15.228267	0.640	34,320.000000
15.238933	0.640	34,852.000000
15.249600	0.640	33,884.000000
15.260267	0.640	32,266.000000
15.270933	0.640	31,903.000000
15.281600	0.640	32,919.000000
15.292267	0.640	33,090.000000
15.302933	0.640	31,543.000000
15.313600	0.640	31,268.000000
15.324267	0.640	34,278.000000
15.334933	0.640	37,772.000000
15.345600	0.640	38,387.000000
15.356267	0.640	36,528.000000
15.366933	0.640	34,714.000000
15.377600	0.640	34,557.000000
15.388267	0.640	35,405.000000
15.398933	0.640	35,146.000000
15.409600	0.640	33,109.000000
15.420267	0.640	30,752.000000
15.430933	0.640	29,886.000000
15.441600	0.640	31,214.000000
15.452267	0.640	32,974.000000
15.462933	0.640	32,453.000000
15.473600	0.640	30,730.000000
15.484267	0.640	32,103.000000
15.494933	0.640	36,798.000000
15.505600	0.640	40,238.000000
15.516267	0.640	41,945.000000
15.526933	0.640	48,001.000000
15.537600	0.640	62,969.000000
15.548267	0.640	86,542.000000
15.558933	0.640	115,652.000000
15.569600	0.640	143,047.000000
15.580267	0.640	158,329.000000
15.590933	0.640	154,561.000000
15.601600	0.640	133,745.000000
15.612267	0.640	105,391.000000
15.622933	0.640	78,655.000000
15.633600	0.640	57,989.000000
15.644267	0.640	44,763.000000
15.654933	0.640	38,240.000000
15.665600	0.640	36,218.000000
15.676267	0.640	36,273.000000
15.686933	0.640	36,583.000000
15.697600	0.640	36,976.000000
15.708267	0.640	37,484.000000
15.718933	0.640	36,551.000000
15.729600	0.640	33,985.000000
15.740267	0.640	32,561.000000
15.750933	0.640	33,855.000000
15.761600	0.640	36,697.000000
15.772267	0.640	40,520.000000
15.782933	0.640	46,156.000000
15.793600	0.640	54,843.000000
15.804267	0.640	68,705.000000
15.814933	0.640	90,521.000000
15.825600	0.640	124,849.000000
15.836267	0.640	182,600.000000
15.846933	0.640	286,598.000000
15.857600	0.640	471,084.000000
15.868267	0.640	761,406.000000
15.878933	0.640	1,132,033.000000
15.889600	0.640	1,475,644.000000
15.900267	0.640	1,639,002.000000
15.910933	0.640	1,528,948.000000
15.921600	0.640	1,193,235.000000
15.932267	0.640	786,763.000000
15.942933	0.640	455,582.000000
15.953600	0.640	254,054.000000
15.964267	0.640	156,126.000000
15.974933	0.640	112,382.000000
15.985600	0.640	88,238.000000
15.996267	0.640	70,917.000000
16.006933	0.640	59,222.000000
16.017600	0.640	52,833.000000
16.028267	0.640	49,955.000000
16.038933	0.640	48,846.000000
16.049600	0.640	48,992.000000
16.060267	0.640	50,757.000000
16.070933	0.640	52,851.000000
16.081600	0.640	52,856.000000
16.092267	0.640	51,476.000000
16.102933	0.640	52,683.000000
16.113600	0.640	58,226.000000
16.124267	0.640	64,564.000000
16.134933	0.640	68,582.000000
16.145600	0.640	72,506.000000
16.156267	0.640	77,541.000000
16.166933	0.640	79,783.000000
16.177600	0.640	77,170.000000
16.188267	0.640	71,845.000000
16.198933	0.640	65,093.000000
16.209600	0.640	57,496.000000
16.220267	0.640	51,404.000000
16.230933	0.640	48,375.000000
16.241600	0.640	47,476.000000
16.252267	0.640	47,941.000000
16.262933	0.640	49,291.000000
16.273600	0.640	49,229.000000
16.284267	0.640	46,454.000000
16.294933	0.640	43,039.000000
16.305600	0.640	40,944.000000
16.316267	0.640	40,153.000000
16.326933	0.640	40,509.000000
16.337600	0.640	42,316.000000
16.348267	0.640	45,187.000000
16.358933	0.640	47,116.000000
16.369600	0.640	46,596.000000
16.380267	0.640	45,567.000000
16.390933	0.640	46,301.000000
16.401600	0.640	47,720.000000
16.412267	0.640	48,655.000000
16.422933	0.640	50,729.000000
16.433600	0.640	55,688.000000
16.444267	0.640	64,457.000000
16.454933	0.640	81,247.000000
16.465600	0.640	114,756.000000
16.476267	0.640	176,110.000000
16.486933	0.640	282,826.000000
16.497600	0.640	465,845.000000
16.508267	0.640	771,142.000000
16.518933	0.640	1,263,042.000000
16.529600	0.640	2,054,985.000000
16.540267	0.640	3,392,120.000000
16.550933	0.640	5,745,091.000000
16.561600	0.640	9,740,671.000000
16.572267	0.640	15,692,591.000000
16.582933	0.640	22,811,377.000000
16.593600	0.640	28,853,618.000000
16.604267	0.640	31,100,936.000000
16.614933	0.640	28,297,475.000000
16.625600	0.640	21,729,516.000000
16.636267	0.640	14,241,675.000000
16.646933	0.640	8,214,005.000000
16.657600	0.640	4,431,606.000000
16.668267	0.640	2,432,374.000000
16.678933	0.640	1,437,384.000000
16.689600	0.640	910,668.000000
16.700267	0.640	599,177.000000
16.710933	0.640	400,789.000000
16.721600	0.640	274,449.000000
16.732267	0.640	195,875.000000
16.742933	0.640	144,723.000000
16.753600	0.640	108,869.000000
16.764267	0.640	85,905.000000
16.774933	0.640	75,205.000000
16.785600	0.640	70,937.000000
16.796267	0.640	67,843.000000
16.806933	0.640	65,750.000000
16.817600	0.640	64,327.000000
16.828267	0.640	62,996.000000
16.838933	0.640	63,406.000000
16.849600	0.640	65,216.000000
16.860267	0.640	65,828.000000
16.870933	0.640	65,279.000000
16.881600	0.640	64,769.000000
16.892267	0.640	63,672.000000
16.902933	0.640	61,752.000000
16.913600	0.640	59,767.000000
16.924267	0.640	58,429.000000
16.934933	0.640	58,341.000000
16.945600	0.640	58,193.000000
16.956267	0.640	56,377.000000
16.966933	0.640	54,600.000000
16.977600	0.640	55,088.000000
16.988267	0.640	56,948.000000
16.998933	0.640	58,304.000000
17.009600	0.640	58,592.000000
17.020267	0.640	57,860.000000
17.030933	0.640	57,493.000000
17.041600	0.640	60,429.000000
17.052267	0.640	67,064.000000
17.062933	0.640	74,061.000000
17.073600	0.640	80,531.000000
17.084267	0.640	91,329.000000
17.094933	0.640	110,818.000000
17.105600	0.640	138,962.000000
17.116267	0.640	177,445.000000
17.126933	0.640	233,054.000000
17.137600	0.640	311,416.000000
17.148267	0.640	409,385.000000
17.158933	0.640	513,315.000000
17.169600	0.640	604,481.000000
17.180267	0.640	667,576.000000
17.190933	0.640	695,839.000000
17.201600	0.640	688,080.000000
17.212267	0.640	644,070.000000
17.222933	0.640	566,518.000000
17.233600	0.640	464,880.000000
17.244267	0.640	356,242.000000
17.254933	0.640	260,386.000000
17.265600	0.640	188,796.000000
17.276267	0.640	139,180.000000
17.286933	0.640	103,987.000000
17.297600	0.640	80,315.000000
17.308267	0.640	67,844.000000
17.318933	0.640	63,723.000000
17.329600	0.640	62,978.000000
17.340267	0.640	61,430.000000
17.350933	0.640	57,854.000000
17.361600	0.640	53,518.000000
17.372267	0.640	50,727.000000
17.382933	0.640	50,856.000000
17.393600	0.640	52,645.000000
17.404267	0.640	53,763.000000
17.414933	0.640	54,325.000000
17.425600	0.640	57,097.000000
17.436267	0.640	62,920.000000
17.446933	0.640	69,424.000000
17.457600	0.640	75,543.000000
17.468267	0.640	83,208.000000
17.478933	0.640	94,807.000000
17.489600	0.640	109,931.000000
17.500267	0.640	124,932.000000
17.510933	0.640	137,622.000000
17.521600	0.640	148,690.000000
17.532267	0.640	159,395.000000
17.542933	0.640	173,296.000000
17.553600	0.640	196,002.000000
17.564267	0.640	231,236.000000
17.574933	0.640	279,732.000000
17.585600	0.640	337,181.000000
17.596267	0.640	390,401.000000
17.606933	0.640	421,255.000000
17.617600	0.640	417,579.000000
17.628267	0.640	379,835.000000
17.638933	0.640	320,500.000000
17.649600	0.640	257,133.000000
17.660267	0.640	202,184.000000
17.670933	0.640	159,364.000000
17.681600	0.640	127,969.000000
17.692267	0.640	107,414.000000
17.702933	0.640	97,608.000000
17.713600	0.640	95,998.000000
17.724267	0.640	96,783.000000
17.734933	0.640	95,439.000000
17.745600	0.640	92,180.000000
17.756267	0.640	89,477.000000
17.766933	0.640	88,901.000000
17.777600	0.640	90,072.000000
17.788267	0.640	91,063.000000
17.798933	0.640	91,071.000000
17.809600	0.640	90,444.000000
17.820267	0.640	88,399.000000
17.830933	0.640	86,055.000000
17.841600	0.640	87,260.000000
17.852267	0.640	91,165.000000
17.862933	0.640	92,458.000000
17.873600	0.640	90,473.000000
17.884267	0.640	88,712.000000
17.894933	0.640	88,442.000000
17.905600	0.640	89,429.000000
17.916267	0.640	91,794.000000
17.926933	0.640	94,194.000000
17.937600	0.640	94,996.000000
17.948267	0.640	94,380.000000
17.958933	0.640	93,204.000000
17.969600	0.640	92,633.000000
17.980267	0.640	93,732.000000
17.990933	0.640	96,483.000000
18.001600	0.640	99,379.000000
18.012267	0.640	99,810.000000
18.022933	0.640	98,226.000000
18.033600	0.640	99,150.000000
18.044267	0.640	103,771.000000
18.054933	0.640	108,103.000000
18.065600	0.640	111,606.000000
18.076267	0.640	118,864.000000
18.086933	0.640	132,564.000000
18.097600	0.640	153,756.000000
18.108267	0.640	186,227.000000
18.118933	0.640	235,695.000000
18.129600	0.640	309,435.000000
18.140267	0.640	418,862.000000
18.150933	0.640	578,869.000000
18.161600	0.640	805,122.000000
18.172267	0.640	1,115,698.000000
18.182933	0.640	1,537,039.000000
18.193600	0.640	2,108,360.000000
18.204267	0.640	2,879,095.000000
18.214933	0.640	3,916,166.000000
18.225600	0.640	5,332,989.000000
18.236267	0.640	7,303,877.000000
18.246933	0.640	10,076,653.000000
18.257600	0.640	14,010,550.000000
18.268267	0.640	19,539,601.000000
18.278933	0.640	27,015,977.000000
18.289600	0.640	36,453,418.000000
18.300267	0.640	47,205,296.000000
18.310933	0.640	57,830,837.000000
18.321600	0.640	66,364,871.000000
18.332267	0.640	70,921,826.000000
18.342933	0.640	70,366,520.000000
18.353600	0.640	64,699,357.000000
18.364267	0.640	55,064,169.000000
18.374933	0.640	43,439,392.000000
18.385600	0.640	31,945,393.000000
18.396267	0.640	22,075,213.000000
18.406933	0.640	14,447,030.000000
18.417600	0.640	9,048,725.000000
18.428267	0.640	5,521,270.000000
18.438933	0.640	3,353,108.000000
18.449600	0.640	2,055,615.000000
18.460267	0.640	1,281,397.000000
18.470933	0.640	825,649.000000
18.481600	0.640	562,874.000000
18.492267	0.640	409,516.000000
18.502933	0.640	319,972.000000
18.513600	0.640	273,958.000000
18.524267	0.640	256,850.000000
18.534933	0.640	256,924.000000
18.545600	0.640	270,588.000000
18.556267	0.640	303,234.000000
18.566933	0.640	366,324.000000
18.577600	0.640	470,272.000000
18.588267	0.640	618,872.000000
18.598933	0.640	816,220.000000
18.609600	0.640	1,070,153.000000
18.620267	0.640	1,368,480.000000
18.630933	0.640	1,663,936.000000
18.641600	0.640	1,899,536.000000
18.652267	0.640	2,028,533.000000
18.662933	0.640	2,014,141.000000
18.673600	0.640	1,850,555.000000
18.684267	0.640	1,576,972.000000
18.694933	0.640	1,248,666.000000
18.705600	0.640	918,153.000000
18.716267	0.640	635,678.000000
18.726933	0.640	429,161.000000
18.737600	0.640	293,039.000000
18.748267	0.640	206,785.000000
18.758933	0.640	152,519.000000
18.769600	0.640	119,865.000000
18.780267	0.640	102,312.000000
18.790933	0.640	92,753.000000
18.801600	0.640	85,912.000000
18.812267	0.640	81,402.000000
18.822933	0.640	80,465.000000
18.833600	0.640	81,326.000000
18.844267	0.640	80,849.000000
18.854933	0.640	79,640.000000
18.865600	0.640	80,430.000000
18.876267	0.640	82,520.000000
18.886933	0.640	83,725.000000
18.897600	0.640	84,757.000000
18.908267	0.640	87,622.000000
18.918933	0.640	93,273.000000
18.929600	0.640	101,770.000000
18.940267	0.640	112,478.000000
18.950933	0.640	124,316.000000
18.961600	0.640	136,913.000000
18.972267	0.640	152,435.000000
18.982933	0.640	175,509.000000
18.993600	0.640	209,594.000000
19.004267	0.640	255,680.000000
19.014933	0.640	317,727.000000
19.025600	0.640	405,064.000000
19.036267	0.640	525,144.000000
19.046933	0.640	678,888.000000
19.057600	0.640	863,084.000000
19.068267	0.640	1,066,555.000000
19.078933	0.640	1,261,914.000000
19.089600	0.640	1,411,284.000000
19.100267	0.640	1,483,128.000000
19.110933	0.640	1,461,084.000000
19.121600	0.640	1,347,467.000000
19.132267	0.640	1,166,140.000000
19.142933	0.640	952,927.000000
19.153600	0.640	739,868.000000
19.164267	0.640	549,984.000000
19.174933	0.640	397,893.000000
19.185600	0.640	287,533.000000
19.196267	0.640	212,794.000000
19.206933	0.640	164,506.000000
19.217600	0.640	134,829.000000
19.228267	0.640	116,022.000000
19.238933	0.640	102,936.000000
19.249600	0.640	96,381.000000
19.260267	0.640	96,625.000000
19.270933	0.640	98,612.000000
19.281600	0.640	98,898.000000
19.292267	0.640	98,767.000000
19.302933	0.640	99,101.000000
19.313600	0.640	100,009.000000
19.324267	0.640	101,911.000000
19.334933	0.640	102,912.000000
19.345600	0.640	101,968.000000
19.356267	0.640	102,106.000000
19.366933	0.640	103,976.000000
19.377600	0.640	104,542.000000
19.388267	0.640	103,421.000000
19.398933	0.640	102,822.000000
19.409600	0.640	103,900.000000
19.420267	0.640	105,875.000000
19.430933	0.640	108,446.000000
19.441600	0.640	113,029.000000
19.452267	0.640	119,458.000000
19.462933	0.640	125,336.000000
19.473600	0.640	129,987.000000
19.484267	0.640	135,186.000000
19.494933	0.640	140,623.000000
19.505600	0.640	143,627.000000
19.516267	0.640	143,814.000000
19.526933	0.640	142,307.000000
19.537600	0.640	138,928.000000
19.548267	0.640	134,423.000000
19.558933	0.640	131,122.000000
19.569600	0.640	128,505.000000
19.580267	0.640	124,294.000000
19.590933	0.640	120,234.000000
19.601600	0.640	120,211.000000
19.612267	0.640	124,092.000000
19.622933	0.640	127,821.000000
19.633600	0.640	130,059.000000
19.644267	0.640	133,940.000000
19.654933	0.640	140,603.000000
19.665600	0.640	147,988.000000
19.676267	0.640	155,990.000000
19.686933	0.640	165,848.000000
19.697600	0.640	176,369.000000
19.708267	0.640	186,391.000000
19.718933	0.640	197,112.000000
19.729600	0.640	210,468.000000
19.740267	0.640	229,010.000000
19.750933	0.640	253,886.000000
19.761600	0.640	282,919.000000
19.772267	0.640	316,012.000000
19.782933	0.640	359,074.000000
19.793600	0.640	416,597.000000
19.804267	0.640	486,558.000000
19.814933	0.640	567,522.000000
19.825600	0.640	660,976.000000
19.836267	0.640	764,049.000000
19.846933	0.640	866,847.000000
19.857600	0.640	958,279.000000
19.868267	0.640	1,032,484.000000
19.878933	0.640	1,085,213.000000
19.889600	0.640	1,105,347.000000
19.900267	0.640	1,083,214.000000
19.910933	0.640	1,023,735.000000
19.921600	0.640	936,586.000000
19.932267	0.640	826,516.000000
19.942933	0.640	702,513.000000
19.953600	0.640	581,205.000000
19.964267	0.640	473,912.000000
19.974933	0.640	378,713.000000
19.985600	0.640	293,901.000000
19.996267	0.640	226,794.000000
20.006933	0.640	180,154.000000
20.017600	0.640	147,054.000000
20.028267	0.640	122,136.000000
20.038933	0.640	104,000.000000
20.049600	0.640	90,198.000000
20.060267	0.640	79,089.000000
20.070933	0.640	71,876.000000
20.081600	0.640	68,292.000000
20.092267	0.640	65,324.000000
20.102933	0.640	61,669.000000
20.113600	0.640	58,813.000000
20.124267	0.640	57,102.000000
20.134933	0.640	54,866.000000
20.145600	0.640	52,333.000000
20.156267	0.640	51,895.000000
20.166933	0.640	54,018.000000
20.177600	0.640	55,856.000000
20.188267	0.640	54,892.000000
20.198933	0.640	52,780.000000
20.209600	0.640	51,842.000000
20.220267	0.640	51,104.000000
20.230933	0.640	49,952.000000
20.241600	0.640	49,375.000000
20.252267	0.640	48,517.000000
20.262933	0.640	46,498.000000
20.273600	0.640	44,765.000000
20.284267	0.640	43,792.000000
20.294933	0.640	43,232.000000
20.305600	0.640	43,996.000000
20.316267	0.640	45,314.000000
20.326933	0.640	44,600.000000
20.337600	0.640	41,785.000000
20.348267	0.640	40,167.000000
20.358933	0.640	42,039.000000
20.369600	0.640	44,922.000000
20.380267	0.640	45,023.000000
20.390933	0.640	42,903.000000
20.401600	0.640	41,579.000000
20.412267	0.640	41,598.000000
20.422933	0.640	41,608.000000
20.433600	0.640	40,994.000000
20.444267	0.640	40,295.000000
20.454933	0.640	40,259.000000
20.465600	0.640	40,229.000000
20.476267	0.640	39,462.000000
20.486933	0.640	39,325.000000
20.497600	0.640	40,174.000000
20.508267	0.640	40,071.000000
20.518933	0.640	39,346.000000
20.529600	0.640	39,604.000000
20.540267	0.640	39,177.000000
20.550933	0.640	36,520.000000
20.561600	0.640	34,106.000000
20.572267	0.640	34,959.000000
20.582933	0.640	39,149.000000
20.593600	0.640	43,662.000000
20.604267	0.640	44,979.000000
20.614933	0.640	43,265.000000
20.625600	0.640	41,812.000000
20.636267	0.640	42,112.000000
20.646933	0.640	42,421.000000
20.657600	0.640	41,533.000000
20.668267	0.640	41,527.000000
20.678933	0.640	44,956.000000
20.689600	0.640	51,028.000000
20.700267	0.640	57,243.000000
20.710933	0.640	62,671.000000
20.721600	0.640	67,028.000000
20.732267	0.640	70,490.000000
20.742933	0.640	75,454.000000
20.753600	0.640	84,358.000000
20.764267	0.640	96,859.000000
20.774933	0.640	111,504.000000
20.785600	0.640	129,141.000000
20.796267	0.640	151,542.000000
20.806933	0.640	178,287.000000
20.817600	0.640	211,754.000000
20.828267	0.640	257,386.000000
20.838933	0.640	314,267.000000
20.849600	0.640	379,882.000000
20.860267	0.640	456,388.000000
20.870933	0.640	540,665.000000
20.881600	0.640	624,079.000000
20.892267	0.640	701,581.000000
20.902933	0.640	769,972.000000
20.913600	0.640	823,176.000000
20.924267	0.640	852,713.000000
20.934933	0.640	851,255.000000
20.945600	0.640	819,993.000000
20.956267	0.640	770,460.000000
20.966933	0.640	712,550.000000
20.977600	0.640	650,175.000000
20.988267	0.640	588,302.000000
20.998933	0.640	530,861.000000
21.009600	0.640	480,966.000000
21.020267	0.640	447,746.000000
21.030933	0.640	439,821.000000
21.041600	0.640	453,547.000000
21.052267	0.640	478,693.000000
21.062933	0.640	513,184.000000
21.073600	0.640	560,499.000000
21.084267	0.640	618,022.000000
21.094933	0.640	681,429.000000
21.105600	0.640	751,186.000000
21.116267	0.640	827,537.000000
21.126933	0.640	908,253.000000
21.137600	0.640	987,993.000000
21.148267	0.640	1,059,071.000000
21.158933	0.640	1,120,356.000000
21.169600	0.640	1,174,943.000000
21.180267	0.640	1,216,973.000000
21.190933	0.640	1,235,792.000000
21.201600	0.640	1,227,787.000000
21.212267	0.640	1,193,798.000000
21.222933	0.640	1,134,993.000000
21.233600	0.640	1,055,064.000000
21.244267	0.640	957,728.000000
21.254933	0.640	846,096.000000
21.265600	0.640	728,933.000000
21.276267	0.640	617,005.000000
21.286933	0.640	513,419.000000
21.297600	0.640	417,594.000000
21.308267	0.640	332,382.000000
21.318933	0.640	261,867.000000
21.329600	0.640	208,615.000000
21.340267	0.640	170,668.000000
21.350933	0.640	140,230.000000
21.361600	0.640	113,078.000000
21.372267	0.640	93,337.000000
21.382933	0.640	83,099.000000
21.393600	0.640	78,154.000000
21.404267	0.640	75,448.000000
21.414933	0.640	75,316.000000
21.425600	0.640	78,435.000000
21.436267	0.640	84,591.000000
21.446933	0.640	91,279.000000
21.457600	0.640	95,658.000000
21.468267	0.640	98,997.000000
21.478933	0.640	103,309.000000
21.489600	0.640	106,532.000000
21.500267	0.640	106,243.000000
21.510933	0.640	103,415.000000
21.521600	0.640	99,710.000000
21.532267	0.640	94,115.000000
21.542933	0.640	84,740.000000
21.553600	0.640	73,219.000000
21.564267	0.640	64,522.000000
21.574933	0.640	60,571.000000
21.585600	0.640	56,845.000000
21.596267	0.640	50,337.000000
21.606933	0.640	44,869.000000
21.617600	0.640	43,052.000000
21.628267	0.640	42,475.000000
21.638933	0.640	41,445.000000
21.649600	0.640	40,464.000000
21.660267	0.640	39,713.000000
21.670933	0.640	39,183.000000
21.681600	0.640	39,457.000000
21.692267	0.640	40,622.000000
21.702933	0.640	41,509.000000
21.713600	0.640	41,122.000000
21.724267	0.640	40,377.000000
21.734933	0.640	40,653.000000
21.745600	0.640	41,293.000000
21.756267	0.640	41,013.000000
21.766933	0.640	39,707.000000
21.777600	0.640	38,260.000000
21.788267	0.640	38,489.000000
21.798933	0.640	40,628.000000
21.809600	0.640	42,075.000000
21.820267	0.640	41,728.000000
21.830933	0.640	41,213.000000
21.841600	0.640	41,491.000000
21.852267	0.640	42,058.000000
21.862933	0.640	42,013.000000
21.873600	0.640	41,592.000000
21.884267	0.640	42,026.000000
21.894933	0.640	42,827.000000
21.905600	0.640	42,505.000000
21.916267	0.640	41,467.000000
21.926933	0.640	40,860.000000
21.937600	0.640	40,602.000000
21.948267	0.640	41,044.000000
21.958933	0.640	42,827.000000
21.969600	0.640	43,984.000000
21.980267	0.640	42,644.000000
21.990933	0.640	41,091.000000
22.001600	0.640	41,597.000000
22.012267	0.640	42,552.000000
22.022933	0.640	42,517.000000
22.033600	0.640	42,499.000000
22.044267	0.640	43,296.000000
22.054933	0.640	44,859.000000
22.065600	0.640	46,262.000000
22.076267	0.640	45,884.000000
22.086933	0.640	44,502.000000
22.097600	0.640	44,374.000000
22.108267	0.640	44,831.000000
22.118933	0.640	44,225.000000
22.129600	0.640	42,972.000000
22.140267	0.640	41,702.000000
22.150933	0.640	40,787.000000
22.161600	0.640	41,681.000000
22.172267	0.640	45,211.000000
22.182933	0.640	49,135.000000
22.193600	0.640	50,981.000000
22.204267	0.640	51,595.000000
22.214933	0.640	52,301.000000
22.225600	0.640	52,596.000000
22.236267	0.640	52,840.000000
22.246933	0.640	54,557.000000
22.257600	0.640	57,657.000000
22.268267	0.640	60,949.000000
22.278933	0.640	64,931.000000
22.289600	0.640	71,226.000000
22.300267	0.640	79,242.000000
22.310933	0.640	86,350.000000
22.321600	0.640	91,762.000000
22.332267	0.640	97,597.000000
22.342933	0.640	106,305.000000
22.353600	0.640	118,951.000000
22.364267	0.640	135,087.000000
22.374933	0.640	152,588.000000
22.385600	0.640	171,056.000000
22.396267	0.640	195,834.000000
22.406933	0.640	232,230.000000
22.417600	0.640	278,661.000000
22.428267	0.640	330,226.000000
22.438933	0.640	384,530.000000
22.449600	0.640	445,015.000000
22.460267	0.640	516,472.000000
22.470933	0.640	593,760.000000
22.481600	0.640	666,960.000000
22.492267	0.640	734,221.000000
22.502933	0.640	794,222.000000
22.513600	0.640	837,622.000000
22.524267	0.640	858,441.000000
22.534933	0.640	858,811.000000
22.545600	0.640	837,478.000000
22.556267	0.640	791,819.000000
22.566933	0.640	726,160.000000
22.577600	0.640	646,164.000000
22.588267	0.640	556,735.000000
22.598933	0.640	466,061.000000
22.609600	0.640	382,043.000000
22.620267	0.640	308,178.000000
22.630933	0.640	245,456.000000
22.641600	0.640	193,775.000000
22.652267	0.640	151,906.000000
22.662933	0.640	117,778.000000
22.673600	0.640	90,175.000000
22.684267	0.640	71,075.000000
22.694933	0.640	61,674.000000
22.705600	0.640	58,079.000000
22.716267	0.640	55,451.000000
22.726933	0.640	51,851.000000
22.737600	0.640	48,229.000000
22.748267	0.640	46,896.000000
22.758933	0.640	47,147.000000
22.769600	0.640	45,915.000000
22.780267	0.640	43,865.000000
22.790933	0.640	44,027.000000
22.801600	0.640	45,336.000000
22.812267	0.640	44,859.000000
22.822933	0.640	43,898.000000
22.833600	0.640	44,279.000000
22.844267	0.640	44,807.000000
22.854933	0.640	45,383.000000
22.865600	0.640	46,295.000000
22.876267	0.640	46,081.000000
22.886933	0.640	45,183.000000
22.897600	0.640	45,531.000000
22.908267	0.640	46,653.000000
22.918933	0.640	46,931.000000
22.929600	0.640	46,147.000000
22.940267	0.640	45,466.000000
22.950933	0.640	46,436.000000
22.961600	0.640	49,132.000000
22.972267	0.640	52,115.000000
22.982933	0.640	55,006.000000
22.993600	0.640	58,500.000000
23.004267	0.640	62,196.000000
23.014933	0.640	65,551.000000
23.025600	0.640	69,675.000000
23.036267	0.640	76,545.000000
23.046933	0.640	86,886.000000
23.057600	0.640	99,178.000000
23.068267	0.640	112,405.000000
23.078933	0.640	127,715.000000
23.089600	0.640	146,035.000000
23.100267	0.640	168,492.000000
23.110933	0.640	197,980.000000
23.121600	0.640	236,132.000000
23.132267	0.640	283,468.000000
23.142933	0.640	344,366.000000
23.153600	0.640	423,753.000000
23.164267	0.640	523,474.000000
23.174933	0.640	647,693.000000
23.185600	0.640	798,079.000000
23.196267	0.640	964,051.000000
23.206933	0.640	1,127,472.000000
23.217600	0.640	1,271,396.000000
23.228267	0.640	1,383,205.000000
23.238933	0.640	1,447,057.000000
23.249600	0.640	1,441,223.000000
23.260267	0.640	1,360,779.000000
23.270933	0.640	1,226,165.000000
23.281600	0.640	1,059,595.000000
23.292267	0.640	874,527.000000
23.302933	0.640	685,577.000000
23.313600	0.640	512,515.000000
23.324267	0.640	371,560.000000
23.334933	0.640	265,671.000000
23.345600	0.640	188,971.000000
23.356267	0.640	136,512.000000
23.366933	0.640	103,350.000000
23.377600	0.640	82,646.000000
23.388267	0.640	69,530.000000
23.398933	0.640	61,737.000000
23.409600	0.640	57,576.000000
23.420267	0.640	55,530.000000
23.430933	0.640	54,377.000000
23.441600	0.640	53,553.000000
23.452267	0.640	53,353.000000
23.462933	0.640	53,894.000000
23.473600	0.640	54,311.000000
23.484267	0.640	54,400.000000
23.494933	0.640	55,252.000000
23.505600	0.640	57,270.000000
23.516267	0.640	60,311.000000
23.526933	0.640	64,150.000000
23.537600	0.640	67,950.000000
23.548267	0.640	71,551.000000
23.558933	0.640	75,142.000000
23.569600	0.640	77,313.000000
23.580267	0.640	76,295.000000
23.590933	0.640	73,347.000000
23.601600	0.640	71,746.000000
23.612267	0.640	71,074.000000
23.622933	0.640	68,149.000000
23.633600	0.640	62,914.000000
23.644267	0.640	57,398.000000
23.654933	0.640	52,960.000000
23.665600	0.640	50,638.000000
23.676267	0.640	49,857.000000
23.686933	0.640	48,789.000000
23.697600	0.640	47,786.000000
23.708267	0.640	48,637.000000
23.718933	0.640	50,312.000000
23.729600	0.640	49,752.000000
23.740267	0.640	47,305.000000
23.750933	0.640	46,842.000000
23.761600	0.640	49,320.000000
23.772267	0.640	51,858.000000
23.782933	0.640	53,315.000000
23.793600	0.640	54,163.000000
23.804267	0.640	53,301.000000
23.814933	0.640	50,773.000000
23.825600	0.640	49,695.000000
23.836267	0.640	51,539.000000
23.846933	0.640	53,503.000000
23.857600	0.640	53,317.000000
23.868267	0.640	52,511.000000
23.878933	0.640	52,990.000000
23.889600	0.640	54,144.000000
23.900267	0.640	54,906.000000
23.910933	0.640	55,381.000000
23.921600	0.640	55,002.000000
23.932267	0.640	53,222.000000
23.942933	0.640	52,069.000000
23.953600	0.640	53,282.000000
23.964267	0.640	55,447.000000
23.974933	0.640	56,629.000000
23.985600	0.640	56,452.000000
23.996267	0.640	56,486.000000
24.006933	0.640	58,805.000000
24.017600	0.640	61,277.000000
24.028267	0.640	59,646.000000
24.038933	0.640	55,486.000000
24.049600	0.640	53,195.000000
24.060267	0.640	52,582.000000
24.070933	0.640	51,607.000000
24.081600	0.640	50,084.000000
24.092267	0.640	48,597.000000
24.102933	0.640	48,306.000000
24.113600	0.640	49,939.000000
24.124267	0.640	52,208.000000
24.134933	0.640	53,479.000000
24.145600	0.640	53,754.000000
24.156267	0.640	53,598.000000
24.166933	0.640	53,008.000000
24.177600	0.640	52,162.000000
24.188267	0.640	51,408.000000
24.198933	0.640	51,187.000000
24.209600	0.640	52,233.000000
24.220267	0.640	54,356.000000
24.230933	0.640	56,260.000000
24.241600	0.640	56,491.000000
24.252267	0.640	54,625.000000
24.262933	0.640	53,036.000000
24.273600	0.640	54,987.000000
24.284267	0.640	59,901.000000
24.294933	0.640	63,880.000000
24.305600	0.640	65,409.000000
24.316267	0.640	67,571.000000
24.326933	0.640	72,589.000000
24.337600	0.640	77,476.000000
24.348267	0.640	79,536.000000
24.358933	0.640	79,750.000000
24.369600	0.640	78,297.000000
24.380267	0.640	75,529.000000
24.390933	0.640	73,959.000000
24.401600	0.640	75,254.000000
24.412267	0.640	80,336.000000
24.422933	0.640	90,521.000000
24.433600	0.640	107,216.000000
24.444267	0.640	132,875.000000
24.454933	0.640	171,500.000000
24.465600	0.640	228,027.000000
24.476267	0.640	312,783.000000
24.486933	0.640	447,251.000000
24.497600	0.640	658,963.000000
24.508267	0.640	969,328.000000
24.518933	0.640	1,372,528.000000
24.529600	0.640	1,809,369.000000
24.540267	0.640	2,167,769.000000
24.550933	0.640	2,325,859.000000
24.561600	0.640	2,217,406.000000
24.572267	0.640	1,873,320.000000
24.582933	0.640	1,408,062.000000
24.593600	0.640	956,928.000000
24.604267	0.640	605,679.000000
24.614933	0.640	372,429.000000
24.625600	0.640	236,217.000000
24.636267	0.640	163,526.000000
24.646933	0.640	124,424.000000
24.657600	0.640	101,391.000000
24.668267	0.640	86,999.000000
24.678933	0.640	77,338.000000
24.689600	0.640	70,014.000000
24.700267	0.640	65,832.000000
24.710933	0.640	66,073.000000
24.721600	0.640	67,720.000000
24.732267	0.640	66,788.000000
24.742933	0.640	64,264.000000
24.753600	0.640	63,563.000000
24.764267	0.640	65,032.000000
24.774933	0.640	66,966.000000
24.785600	0.640	68,745.000000
24.796267	0.640	69,891.000000
24.806933	0.640	69,618.000000
24.817600	0.640	69,063.000000
24.828267	0.640	70,646.000000
24.838933	0.640	74,659.000000
24.849600	0.640	78,680.000000
24.860267	0.640	80,404.000000
24.870933	0.640	80,128.000000
24.881600	0.640	80,164.000000
24.892267	0.640	82,930.000000
24.902933	0.640	90,077.000000
24.913600	0.640	101,147.000000
24.924267	0.640	113,328.000000
24.934933	0.640	125,311.000000
24.945600	0.640	141,837.000000
24.956267	0.640	173,430.000000
24.966933	0.640	233,285.000000
24.977600	0.640	340,899.000000
24.988267	0.640	520,813.000000
24.998933	0.640	769,110.000000
25.009600	0.640	1,015,502.000000
25.020267	0.640	1,152,742.000000
25.030933	0.640	1,128,882.000000
25.041600	0.640	999,935.000000
25.052267	0.640	880,201.000000
25.062933	0.640	846,558.000000
25.073600	0.640	889,754.000000
25.084267	0.640	942,351.000000
25.094933	0.640	938,170.000000
25.105600	0.640	850,004.000000
25.116267	0.640	697,392.000000
25.126933	0.640	528,744.000000
25.137600	0.640	385,213.000000
25.148267	0.640	280,989.000000
25.158933	0.640	210,139.000000
25.169600	0.640	160,479.000000
25.180267	0.640	125,379.000000
25.190933	0.640	103,907.000000
25.201600	0.640	93,684.000000
25.212267	0.640	89,285.000000
25.222933	0.640	85,485.000000
25.233600	0.640	81,459.000000
25.244267	0.640	79,014.000000
25.254933	0.640	78,060.000000
25.265600	0.640	78,032.000000
25.276267	0.640	78,458.000000
25.286933	0.640	77,571.000000
25.297600	0.640	74,770.000000
25.308267	0.640	71,556.000000
25.318933	0.640	69,046.000000
25.329600	0.640	67,449.000000
25.340267	0.640	66,902.000000
25.350933	0.640	67,195.000000
25.361600	0.640	67,566.000000
25.372267	0.640	67,158.000000
25.382933	0.640	65,837.000000
25.393600	0.640	64,751.000000
25.404267	0.640	65,231.000000
25.414933	0.640	66,684.000000
25.425600	0.640	67,238.000000
25.436267	0.640	66,656.000000
25.446933	0.640	66,175.000000
25.457600	0.640	66,101.000000
25.468267	0.640	66,052.000000
25.478933	0.640	65,780.000000
25.489600	0.640	64,763.000000
25.500267	0.640	63,613.000000
25.510933	0.640	64,237.000000
25.521600	0.640	67,162.000000
25.532267	0.640	70,844.000000
25.542933	0.640	72,930.000000
25.553600	0.640	72,248.000000
25.564267	0.640	69,960.000000
25.574933	0.640	67,677.000000
25.585600	0.640	65,986.000000
25.596267	0.640	65,156.000000
25.606933	0.640	65,646.000000
25.617600	0.640	67,577.000000
25.628267	0.640	69,879.000000
25.638933	0.640	70,035.000000
25.649600	0.640	66,377.000000
25.660267	0.640	61,644.000000
25.670933	0.640	60,890.000000
25.681600	0.640	64,470.000000
25.692267	0.640	68,008.000000
25.702933	0.640	69,744.000000
25.713600	0.640	70,999.000000
25.724267	0.640	71,037.000000
25.734933	0.640	69,038.000000
25.745600	0.640	67,283.000000
25.756267	0.640	67,349.000000
25.766933	0.640	67,642.000000
25.777600	0.640	67,177.000000
25.788267	0.640	67,769.000000
25.798933	0.640	69,892.000000
25.809600	0.640	71,346.000000
25.820267	0.640	72,182.000000
25.830933	0.640	74,149.000000
25.841600	0.640	76,631.000000
25.852267	0.640	79,320.000000
25.862933	0.640	83,760.000000
25.873600	0.640	90,138.000000
25.884267	0.640	97,558.000000
25.894933	0.640	105,442.000000
25.905600	0.640	113,949.000000
25.916267	0.640	124,615.000000
25.926933	0.640	136,842.000000
25.937600	0.640	146,132.000000
25.948267	0.640	150,010.000000
25.958933	0.640	149,414.000000
25.969600	0.640	142,920.000000
25.980267	0.640	130,398.000000
25.990933	0.640	119,586.000000
26.001600	0.640	117,267.000000
26.012267	0.640	120,537.000000
26.022933	0.640	123,839.000000
26.033600	0.640	128,060.000000
26.044267	0.640	141,395.000000
26.054933	0.640	175,635.000000
26.065600	0.640	242,676.000000
26.076267	0.640	347,637.000000
26.086933	0.640	469,462.000000
26.097600	0.640	549,571.000000
26.108267	0.640	528,339.000000
26.118933	0.640	407,310.000000
26.129600	0.640	256,657.000000
26.140267	0.640	148,576.000000
26.150933	0.640	99,519.000000
26.161600	0.640	83,551.000000
26.172267	0.640	76,292.000000
26.182933	0.640	71,156.000000
26.193600	0.640	69,698.000000
26.204267	0.640	71,748.000000
26.214933	0.640	74,892.000000
26.225600	0.640	78,087.000000
26.236267	0.640	80,227.000000
26.246933	0.640	78,852.000000
26.257600	0.640	75,422.000000
26.268267	0.640	75,438.000000
26.278933	0.640	79,280.000000
26.289600	0.640	81,058.000000
26.300267	0.640	78,579.000000
26.310933	0.640	75,373.000000
26.321600	0.640	74,449.000000
26.332267	0.640	76,453.000000
26.342933	0.640	80,043.000000
26.353600	0.640	82,547.000000
26.364267	0.640	83,378.000000
26.374933	0.640	84,278.000000
26.385600	0.640	85,448.000000
26.396267	0.640	86,249.000000
26.406933	0.640	88,178.000000
26.417600	0.640	92,361.000000
26.428267	0.640	97,602.000000
26.438933	0.640	104,703.000000
26.449600	0.640	117,773.000000
26.460267	0.640	140,030.000000
26.470933	0.640	173,347.000000
26.481600	0.640	219,301.000000
26.492267	0.640	272,911.000000
26.502933	0.640	311,504.000000
26.513600	0.640	301,762.000000
26.524267	0.640	237,608.000000
26.534933	0.640	157,229.000000
26.545600	0.640	102,739.000000
26.556267	0.640	82,177.000000
26.566933	0.640	79,142.000000
26.577600	0.640	79,311.000000
26.588267	0.640	79,317.000000
26.598933	0.640	79,254.000000
26.609600	0.640	78,609.000000
26.620267	0.640	78,500.000000
26.630933	0.640	79,872.000000
26.641600	0.640	81,338.000000
26.652267	0.640	82,378.000000
26.662933	0.640	84,144.000000
26.673600	0.640	86,352.000000
26.684267	0.640	88,532.000000
26.694933	0.640	91,836.000000
26.705600	0.640	96,743.000000
26.716267	0.640	102,691.000000
26.726933	0.640	109,258.000000
26.737600	0.640	114,449.000000
26.748267	0.640	115,361.000000
26.758933	0.640	113,746.000000
26.769600	0.640	116,091.000000
26.780267	0.640	126,415.000000
26.790933	0.640	142,757.000000
26.801600	0.640	159,854.000000
26.812267	0.640	175,159.000000
26.822933	0.640	197,824.000000
26.833600	0.640	251,146.000000
26.844267	0.640	352,633.000000
26.854933	0.640	479,293.000000
26.865600	0.640	564,953.000000
26.876267	0.640	556,684.000000
26.886933	0.640	472,212.000000
26.897600	0.640	388,130.000000
26.908267	0.640	365,069.000000
26.918933	0.640	382,080.000000
26.929600	0.640	370,147.000000
26.940267	0.640	310,562.000000
26.950933	0.640	246,818.000000
26.961600	0.640	211,188.000000
26.972267	0.640	198,658.000000
26.982933	0.640	194,572.000000
26.993600	0.640	192,509.000000
27.004267	0.640	199,916.000000
27.014933	0.640	239,953.000000
27.025600	0.640	339,357.000000
27.036267	0.640	480,454.000000
27.046933	0.640	567,905.000000
27.057600	0.640	522,097.000000
27.068267	0.640	396,456.000000
27.078933	0.640	309,039.000000
27.089600	0.640	296,895.000000
27.100267	0.640	316,868.000000
27.110933	0.640	334,916.000000
27.121600	0.640	352,300.000000
27.132267	0.640	376,402.000000
27.142933	0.640	405,128.000000
27.153600	0.640	435,846.000000
27.164267	0.640	474,181.000000
27.174933	0.640	529,832.000000
27.185600	0.640	607,731.000000
27.196267	0.640	707,562.000000
27.206933	0.640	835,821.000000
27.217600	0.640	1,022,012.000000
27.228267	0.640	1,346,747.000000
27.238933	0.640	2,070,999.000000
27.249600	0.640	3,857,788.000000
27.260267	0.640	7,112,775.000000
27.270933	0.640	10,182,217.000000
27.281600	0.640	10,035,244.000000
27.292267	0.640	6,383,124.000000
27.302933	0.640	2,435,008.000000
27.313600	0.640	586,012.000000
27.324267	0.640	334,202.000000
27.334933	0.640	387,618.000000
27.345600	0.640	319,829.000000
27.356267	0.640	247,514.000000
27.366933	0.640	241,645.000000
27.377600	0.640	256,447.000000
27.388267	0.640	251,567.000000
27.398933	0.640	238,917.000000
27.409600	0.640	247,170.000000
27.420267	0.640	271,625.000000
27.430933	0.640	272,849.000000
27.441600	0.640	234,345.000000
27.452267	0.640	190,260.000000
27.462933	0.640	174,030.000000
27.473600	0.640	179,800.000000
27.484267	0.640	189,621.000000
27.494933	0.640	204,582.000000
27.505600	0.640	242,071.000000
27.516267	0.640	308,288.000000
27.526933	0.640	363,952.000000
27.537600	0.640	354,837.000000
27.548267	0.640	294,575.000000
27.558933	0.640	247,034.000000
27.569600	0.640	239,446.000000
27.580267	0.640	259,578.000000
27.590933	0.640	289,996.000000
27.601600	0.640	313,307.000000
27.612267	0.640	325,653.000000
27.622933	0.640	343,276.000000
27.633600	0.640	382,474.000000
27.644267	0.640	449,101.000000
27.654933	0.640	550,643.000000
27.665600	0.640	685,432.000000
27.676267	0.640	801,580.000000
27.686933	0.640	817,018.000000
27.697600	0.640	700,924.000000
27.708267	0.640	499,502.000000
27.718933	0.640	297,725.000000
27.729600	0.640	172,034.000000
27.740267	0.640	159,216.000000
27.750933	0.640	278,046.000000
27.761600	0.640	527,706.000000
27.772267	0.640	778,182.000000
27.782933	0.640	799,457.000000
27.793600	0.640	551,128.000000
27.804267	0.640	259,789.000000
27.814933	0.640	114,117.000000
27.825600	0.640	91,570.000000
27.836267	0.640	98,175.000000
27.846933	0.640	96,485.000000
27.857600	0.640	90,825.000000
27.868267	0.640	87,385.000000
27.878933	0.640	87,817.000000
27.889600	0.640	92,119.000000
27.900267	0.640	99,037.000000
27.910933	0.640	107,337.000000
27.921600	0.640	114,746.000000
27.932267	0.640	117,916.000000
27.942933	0.640	115,779.000000
27.953600	0.640	110,896.000000
27.964267	0.640	108,376.000000
27.974933	0.640	111,199.000000
27.985600	0.640	117,302.000000
27.996267	0.640	124,135.000000
28.006933	0.640	129,975.000000
28.017600	0.640	132,404.000000
28.028267	0.640	132,925.000000
28.038933	0.640	139,231.000000
28.049600	0.640	156,867.000000
28.060267	0.640	181,699.000000
28.070933	0.640	204,425.000000
28.081600	0.640	217,201.000000
28.092267	0.640	215,069.000000
28.102933	0.640	197,581.000000
28.113600	0.640	170,667.000000
28.124267	0.640	144,480.000000
28.134933	0.640	126,194.000000
28.145600	0.640	115,787.000000
28.156267	0.640	110,171.000000
28.166933	0.640	107,261.000000
28.177600	0.640	105,225.000000
28.188267	0.640	103,680.000000
28.198933	0.640	107,468.000000
28.209600	0.640	123,267.000000
28.220267	0.640	149,311.000000
28.230933	0.640	170,870.000000
28.241600	0.640	171,042.000000
28.252267	0.640	148,581.000000
28.262933	0.640	118,911.000000
28.273600	0.640	97,429.000000
28.284267	0.640	89,048.000000
28.294933	0.640	90,327.000000
28.305600	0.640	95,170.000000
28.316267	0.640	98,210.000000
28.326933	0.640	96,352.000000
28.337600	0.640	92,255.000000
28.348267	0.640	92,917.000000
28.358933	0.640	102,096.000000
28.369600	0.640	116,438.000000
28.380267	0.640	125,415.000000
28.390933	0.640	118,689.000000
28.401600	0.640	99,765.000000
28.412267	0.640	83,544.000000
28.422933	0.640	77,575.000000
28.433600	0.640	77,306.000000
28.444267	0.640	78,256.000000
28.454933	0.640	80,463.000000
28.465600	0.640	84,221.000000
28.476267	0.640	89,654.000000
28.486933	0.640	96,674.000000
28.497600	0.640	103,076.000000
28.508267	0.640	106,329.000000
28.518933	0.640	107,213.000000
28.529600	0.640	108,984.000000
28.540267	0.640	113,075.000000
28.550933	0.640	119,373.000000
28.561600	0.640	128,922.000000
28.572267	0.640	141,447.000000
28.582933	0.640	157,702.000000
28.593600	0.640	187,231.000000
28.604267	0.640	239,679.000000
28.614933	0.640	298,520.000000
28.625600	0.640	318,066.000000
28.636267	0.640	273,147.000000
28.646933	0.640	195,436.000000
28.657600	0.640	132,047.000000
28.668267	0.640	95,953.000000
28.678933	0.640	74,599.000000
28.689600	0.640	57,891.000000
28.700267	0.640	45,437.000000
28.710933	0.640	44,878.000000
28.721600	0.640	66,251.000000
28.732267	0.640	94,521.000000
28.742933	0.640	91,372.000000
28.753600	0.640	54,250.000000
28.764267	0.640	22,329.000000
28.774933	0.640	14,608.000000
28.785600	0.640	16,694.000000
28.796267	0.640	16,001.000000
28.806933	0.640	13,639.000000
28.817600	0.640	12,710.000000
28.828267	0.640	12,541.000000
28.838933	0.640	12,087.000000
28.849600	0.640	11,216.000000
28.860267	0.640	9,910.000000
28.870933	0.640	9,191.000000
28.881600	0.640	9,795.000000
28.892267	0.640	10,406.000000
28.902933	0.640	9,793.000000
28.913600	0.640	8,829.000000
28.924267	0.640	8,886.000000
28.934933	0.640	9,469.000000
28.945600	0.640	8,945.000000
28.956267	0.640	7,225.000000
28.966933	0.640	6,097.000000
28.977600	0.640	6,278.000000
28.988267	0.640	6,171.000000
28.998933	0.640	4,978.000000
29.009600	0.640	3,915.000000
29.020267	0.640	3,160.000000
29.030933	0.640	1,635.000000
29.041600	0.640	31.000000
29.052267	0.640	97.000000
29.063000	0.644	1,469.000000
29.073600	0.636	2,129.000000
29.084267	0.640	1,690.000000
29.094933	0.640	1,701.000000
29.105600	0.640	2,699.000000
29.116267	0.640	3,457.000000
29.126933	0.640	3,259.000000
29.137600	0.640	3,113.000000
29.148267	0.640	3,572.000000
29.158933	0.640	3,510.000000
29.169600	0.640	2,761.000000
29.180267	0.640	2,620.000000
29.190933	0.640	3,194.000000
29.201600	0.640	3,174.000000
29.212267	0.640	2,102.000000
29.222933	0.640	1,027.000000
29.233600	0.640	699.000000
29.244267	0.640	1,351.000000
29.254933	0.640	2,980.000000
29.265600	0.640	3,858.000000
29.276267	0.640	2,604.000000
29.286933	0.640	643.000000
29.297600	0.640	-296.000000
29.308267	0.640	203.000000
29.318933	0.640	1,700.000000
29.329600	0.640	2,942.000000
29.340267	0.640	2,911.000000
29.350933	0.640	1,546.000000
29.361600	0.640	-350.000000
29.372267	0.640	-1,359.000000
29.382933	0.640	-1,386.000000
29.393600	0.640	-1,853.000000
29.404267	0.640	-2,506.000000
29.414933	0.640	-1,956.000000
29.425600	0.640	-963.000000
29.436267	0.640	-455.000000
29.446933	0.640	362.000000
29.457600	0.640	1,032.000000
29.468267	0.640	375.000000
29.478933	0.640	-495.000000
29.489600	0.640	35.000000
29.500267	0.640	1,397.000000
29.510933	0.640	1,718.000000
29.521600	0.640	522.000000
29.532267	0.640	-530.000000
29.542933	0.640	-287.000000
29.553600	0.640	304.000000
29.564267	0.640	515.000000
29.574933	0.640	1,227.000000
29.585600	0.640	2,372.000000
29.596267	0.640	1,943.000000
29.606933	0.640	-163.000000
29.617600	0.640	-1,225.000000
29.628267	0.640	-249.000000
29.638933	0.640	1,110.000000
29.649600	0.640	1,566.000000
29.660267	0.640	1,166.000000
29.670933	0.640	237.000000
29.681600	0.640	-875.000000
29.692267	0.640	-1,353.000000
29.702933	0.640	-1,267.000000
29.713600	0.640	-1,389.000000
29.724267	0.640	-1,003.000000
29.734933	0.640	307.000000
29.745600	0.640	1,183.000000
29.756267	0.640	1,133.000000
29.766933	0.640	563.000000
29.777600	0.640	-571.000000
29.788267	0.640	-1,330.000000
29.798933	0.640	-1,089.000000
29.809600	0.640	-1,191.000000
29.820267	0.640	-1,749.000000
29.830933	0.640	-1,265.000000
29.841600	0.640	85.000000
29.852267	0.640	845.000000
29.862933	0.640	538.000000
29.873600	0.640	-57.000000
29.884267	0.640	158.000000
29.894933	0.640	1,082.000000
29.905600	0.640	1,083.000000
29.916267	0.640	-209.000000
29.926933	0.640	-1,207.000000
29.937600	0.640	-1,764.000000
29.948267	0.640	-3,018.000000
29.958933	0.640	-4,437.000000
29.969600	0.640	-4,492.000000
29.980267	0.640	-3,250.000000
29.990933	0.640	-2,039.000000
30.001600	0.640	-1,072.000000
