File Path	chrom://nnfcb-l0495/ChromeleonLocal/20180320_AA_Lars Nielsen samples Vienna_lbpet.seq/858.smp/Emission_2.channel/Emission_2.chm
Channel	Emission_2

Injection Information:
Data Vault	ChromeleonLocal
Injection	AAmix_1ug_mL_2
Injection Number	48
Position	RB5
Comment	
Processing Method	20171024_Calculated with IS_lbpet
Instrument Method	20161104_AA_GeminiC18_FinalVer7
Type	Calibration Standard
Status	Finished
Injection Date	21-03-2018
Injection Time	15:10:11
Injection Volume (µl)	56.500
Dilution Factor	1.0000
Weight	1.0000

Raw Data Information:
Time Min. (min)	0.007767
Time Max. (min)	30.005483
Data Points	2849
Detector	FLD
Exporting Data System	Chromeleon 7.1.2.1478
Operator	
Signal Quantity	
Signal Unit	counts
Signal Min.	-32,297.000000
Signal Max.	197,887,942.000000
Channel	Emission_2
Driver Name	FLD3000.dll
Channel Type	Evaluation
Min. Step (s)	0.010
Max. Step (s)	0.823
Average Step (s)	0.632

Signal Parameter Information:
Signal Info	266 nm /305 nm

Raw Data:
Time (min)	Step (s)	Value (counts)
0.007767	0.000	0.000000
0.021483	0.823	0.000000
0.032150	0.640	0.000000
0.042817	0.640	-3,694.000000
0.053483	0.640	-5,449.000000
0.064150	0.640	-2,098.000000
0.074817	0.640	553.000000
0.085483	0.640	-2,103.000000
0.096150	0.640	-5,141.000000
0.106817	0.640	-4,654.000000
0.117483	0.640	-5,408.000000
0.128150	0.640	-10,993.000000
0.138817	0.640	-15,414.000000
0.149483	0.640	-12,462.000000
0.160150	0.640	-6,749.000000
0.170817	0.640	-5,990.000000
0.181483	0.640	-8,420.000000
0.192150	0.640	-6,913.000000
0.202817	0.640	-1,283.000000
0.213483	0.640	1,061.000000
0.224150	0.640	-3,428.000000
0.234817	0.640	-9,528.000000
0.245483	0.640	-10,840.000000
0.256150	0.640	-8,247.000000
0.266817	0.640	-8,083.000000
0.277483	0.640	-10,655.000000
0.288150	0.640	-10,224.000000
0.298817	0.640	-6,530.000000
0.309483	0.640	-4,350.000000
0.320150	0.640	-5,260.000000
0.330817	0.640	-7,190.000000
0.341483	0.640	-7,508.000000
0.352150	0.640	-5,007.000000
0.362817	0.640	-3,989.000000
0.373483	0.640	-9,076.000000
0.384150	0.640	-14,667.000000
0.394817	0.640	-14,526.000000
0.405483	0.640	-12,243.000000
0.416150	0.640	-11,903.000000
0.426817	0.640	-13,391.000000
0.437483	0.640	-15,358.000000
0.448150	0.640	-15,442.000000
0.458817	0.640	-13,217.000000
0.469483	0.640	-11,520.000000
0.480150	0.640	-12,265.000000
0.490817	0.640	-13,315.000000
0.501483	0.640	-11,053.000000
0.512150	0.640	-6,280.000000
0.522817	0.640	-2,859.000000
0.533483	0.640	-1,633.000000
0.544150	0.640	-3,483.000000
0.554817	0.640	-8,496.000000
0.565483	0.640	-10,693.000000
0.576150	0.640	-8,085.000000
0.586817	0.640	-7,107.000000
0.597483	0.640	-10,991.000000
0.608150	0.640	-15,896.000000
0.618817	0.640	-16,855.000000
0.629483	0.640	-12,866.000000
0.640150	0.640	-8,096.000000
0.650817	0.640	-8,269.000000
0.661483	0.640	-13,179.000000
0.672150	0.640	-16,116.000000
0.682817	0.640	-13,729.000000
0.693483	0.640	-9,744.000000
0.704150	0.640	-8,808.000000
0.714817	0.640	-10,997.000000
0.725483	0.640	-11,999.000000
0.736150	0.640	-10,176.000000
0.746817	0.640	-8,592.000000
0.757483	0.640	-8,821.000000
0.768150	0.640	-10,145.000000
0.778817	0.640	-10,124.000000
0.789483	0.640	-6,541.000000
0.800150	0.640	-2,595.000000
0.810817	0.640	-1,463.000000
0.821483	0.640	-1,941.000000
0.832150	0.640	-3,135.000000
0.842817	0.640	-3,822.000000
0.853483	0.640	-4,332.000000
0.864150	0.640	-8,448.000000
0.874817	0.640	-15,005.000000
0.885483	0.640	-17,839.000000
0.896150	0.640	-15,487.000000
0.906817	0.640	-11,469.000000
0.917483	0.640	-9,144.000000
0.928150	0.640	-10,316.000000
0.938817	0.640	-13,789.000000
0.949483	0.640	-16,744.000000
0.960150	0.640	-19,095.000000
0.970817	0.640	-20,768.000000
0.981483	0.640	-18,381.000000
0.992150	0.640	-12,525.000000
1.002817	0.640	-10,234.000000
1.013483	0.640	-13,867.000000
1.024150	0.640	-16,394.000000
1.034817	0.640	-11,236.000000
1.045483	0.640	-1,930.000000
1.056150	0.640	3,129.000000
1.066817	0.640	1,065.000000
1.077483	0.640	-5,631.000000
1.088150	0.640	-11,113.000000
1.098817	0.640	-10,815.000000
1.109483	0.640	-7,574.000000
1.120150	0.640	-6,126.000000
1.130817	0.640	-8,484.000000
1.141483	0.640	-13,428.000000
1.152150	0.640	-15,714.000000
1.162817	0.640	-13,956.000000
1.173483	0.640	-11,549.000000
1.184150	0.640	-8,877.000000
1.194817	0.640	-7,794.000000
1.205483	0.640	-12,055.000000
1.216150	0.640	-17,245.000000
1.226817	0.640	-16,255.000000
1.237483	0.640	-11,526.000000
1.248150	0.640	-10,528.000000
1.258817	0.640	-14,220.000000
1.269483	0.640	-16,581.000000
1.280150	0.640	-14,727.000000
1.290817	0.640	-12,660.000000
1.301483	0.640	-12,744.000000
1.312150	0.640	-13,319.000000
1.322817	0.640	-15,449.000000
1.333483	0.640	-20,182.000000
1.344150	0.640	-22,913.000000
1.354817	0.640	-20,208.000000
1.365483	0.640	-14,129.000000
1.376150	0.640	-7,758.000000
1.386817	0.640	-4,987.000000
1.397483	0.640	-8,305.000000
1.408150	0.640	-14,355.000000
1.418817	0.640	-17,931.000000
1.429483	0.640	-16,472.000000
1.440150	0.640	-11,381.000000
1.450817	0.640	-7,057.000000
1.461483	0.640	-5,500.000000
1.472150	0.640	-4,973.000000
1.482817	0.640	-3,976.000000
1.493483	0.640	-2,600.000000
1.504150	0.640	-1,692.000000
1.514817	0.640	-2,448.000000
1.525483	0.640	-4,709.000000
1.536150	0.640	-5,930.000000
1.546817	0.640	-4,779.000000
1.557483	0.640	-3,728.000000
1.568150	0.640	-5,067.000000
1.578817	0.640	-7,453.000000
1.589483	0.640	-9,110.000000
1.600150	0.640	-10,373.000000
1.610817	0.640	-10,942.000000
1.621483	0.640	-9,964.000000
1.632150	0.640	-8,874.000000
1.642817	0.640	-8,390.000000
1.653483	0.640	-5,953.000000
1.664150	0.640	-1,990.000000
1.674817	0.640	-1,295.000000
1.685483	0.640	-4,463.000000
1.696150	0.640	-7,519.000000
1.706817	0.640	-7,155.000000
1.717483	0.640	-2,285.000000
1.728150	0.640	2,400.000000
1.738817	0.640	1,001.000000
1.749483	0.640	-4,335.000000
1.760150	0.640	-8,718.000000
1.770817	0.640	-10,978.000000
1.781483	0.640	-9,766.000000
1.792150	0.640	-5,024.000000
1.802817	0.640	-3,038.000000
1.813483	0.640	-7,273.000000
1.824150	0.640	-11,256.000000
1.834817	0.640	-10,443.000000
1.845483	0.640	-8,083.000000
1.856150	0.640	-6,496.000000
1.866817	0.640	-5,469.000000
1.877483	0.640	-6,066.000000
1.888150	0.640	-7,995.000000
1.898817	0.640	-9,011.000000
1.909483	0.640	-9,255.000000
1.920150	0.640	-11,188.000000
1.930817	0.640	-14,653.000000
1.941483	0.640	-15,421.000000
1.952150	0.640	-11,457.000000
1.962817	0.640	-5,551.000000
1.973483	0.640	-373.000000
1.984150	0.640	2,298.000000
1.994817	0.640	1,046.000000
2.005483	0.640	-2,663.000000
2.016150	0.640	-4,791.000000
2.026817	0.640	-1,835.000000
2.037483	0.640	4,613.000000
2.048150	0.640	6,841.000000
2.058817	0.640	70.000000
2.069483	0.640	-9,451.000000
2.080150	0.640	-12,421.000000
2.090817	0.640	-9,018.000000
2.101483	0.640	-5,529.000000
2.112150	0.640	-5,079.000000
2.122817	0.640	-8,022.000000
2.133483	0.640	-12,748.000000
2.144150	0.640	-14,906.000000
2.154817	0.640	-12,946.000000
2.165483	0.640	-9,839.000000
2.176150	0.640	-6,837.000000
2.186817	0.640	-4,709.000000
2.197483	0.640	-5,640.000000
2.208150	0.640	-6,916.000000
2.218817	0.640	-5,848.000000
2.229483	0.640	-5,894.000000
2.240150	0.640	-6,621.000000
2.250817	0.640	-2,492.000000
2.261483	0.640	6,156.000000
2.272150	0.640	13,220.000000
2.282817	0.640	15,910.000000
2.293483	0.640	16,354.000000
2.304150	0.640	13,890.000000
2.314817	0.640	6,852.000000
2.325483	0.640	379.000000
2.336150	0.640	-2,017.000000
2.346817	0.640	-2,928.000000
2.357483	0.640	-2,042.000000
2.368150	0.640	668.000000
2.378817	0.640	1,253.000000
2.389483	0.640	-1,827.000000
2.400150	0.640	-6,522.000000
2.410817	0.640	-10,174.000000
2.421483	0.640	-12,415.000000
2.432150	0.640	-13,582.000000
2.442817	0.640	-11,492.000000
2.453483	0.640	-6,553.000000
2.464150	0.640	-3,495.000000
2.474817	0.640	-3,559.000000
2.485483	0.640	-3,856.000000
2.496150	0.640	-2,987.000000
2.506817	0.640	-2,444.000000
2.517483	0.640	-3,623.000000
2.528150	0.640	-3,326.000000
2.538817	0.640	-622.000000
2.549483	0.640	-1,593.000000
2.560150	0.640	-6,648.000000
2.570817	0.640	-8,630.000000
2.581483	0.640	-5,349.000000
2.592150	0.640	-2,960.000000
2.602817	0.640	-6,134.000000
2.613483	0.640	-9,774.000000
2.624150	0.640	-8,159.000000
2.634817	0.640	-5,420.000000
2.645483	0.640	-5,959.000000
2.656150	0.640	-6,719.000000
2.666817	0.640	-6,413.000000
2.677483	0.640	-7,102.000000
2.688150	0.640	-7,860.000000
2.698817	0.640	-7,690.000000
2.709483	0.640	-7,313.000000
2.720150	0.640	-5,831.000000
2.730817	0.640	-3,219.000000
2.741483	0.640	-2,967.000000
2.752150	0.640	-6,678.000000
2.762817	0.640	-11,687.000000
2.773483	0.640	-16,167.000000
2.784150	0.640	-18,826.000000
2.794817	0.640	-17,423.000000
2.805483	0.640	-15,379.000000
2.816150	0.640	-16,941.000000
2.826817	0.640	-15,934.000000
2.837483	0.640	-8,744.000000
2.848150	0.640	-4,152.000000
2.858817	0.640	-5,628.000000
2.869483	0.640	-6,818.000000
2.880150	0.640	-7,108.000000
2.890817	0.640	-9,767.000000
2.901483	0.640	-10,660.000000
2.912150	0.640	-5,625.000000
2.922817	0.640	62.000000
2.933483	0.640	1,096.000000
2.944150	0.640	602.000000
2.954817	0.640	1,906.000000
2.965483	0.640	2,021.000000
2.976150	0.640	-1,512.000000
2.986817	0.640	-4,758.000000
2.997483	0.640	-2,607.000000
3.008150	0.640	2,517.000000
3.018817	0.640	2,374.000000
3.029483	0.640	-5,435.000000
3.040150	0.640	-14,728.000000
3.050817	0.640	-18,161.000000
3.061483	0.640	-13,530.000000
3.072150	0.640	-7,491.000000
3.082817	0.640	-7,879.000000
3.093483	0.640	-10,842.000000
3.104150	0.640	-7,488.000000
3.114817	0.640	-312.000000
3.125483	0.640	1,541.000000
3.136150	0.640	-726.000000
3.146817	0.640	1,106.000000
3.157483	0.640	6,591.000000
3.168150	0.640	7,955.000000
3.178817	0.640	4,025.000000
3.189483	0.640	1,036.000000
3.200150	0.640	-605.000000
3.210817	0.640	-5,171.000000
3.221483	0.640	-9,317.000000
3.232150	0.640	-9,534.000000
3.242817	0.640	-11,350.000000
3.253483	0.640	-15,675.000000
3.264150	0.640	-14,787.000000
3.274817	0.640	-9,048.000000
3.285483	0.640	-7,424.000000
3.296150	0.640	-11,182.000000
3.306817	0.640	-13,077.000000
3.317483	0.640	-11,307.000000
3.328150	0.640	-10,516.000000
3.338817	0.640	-11,704.000000
3.349483	0.640	-12,378.000000
3.360150	0.640	-11,288.000000
3.370817	0.640	-8,979.000000
3.381483	0.640	-7,747.000000
3.392150	0.640	-9,235.000000
3.402817	0.640	-11,077.000000
3.413483	0.640	-10,523.000000
3.424150	0.640	-10,306.000000
3.434817	0.640	-13,399.000000
3.445483	0.640	-16,861.000000
3.456150	0.640	-16,301.000000
3.466817	0.640	-10,260.000000
3.477483	0.640	-3,065.000000
3.488150	0.640	-1,436.000000
3.498817	0.640	-3,885.000000
3.509483	0.640	-5,185.000000
3.520150	0.640	-7,129.000000
3.530817	0.640	-12,060.000000
3.541483	0.640	-16,141.000000
3.552150	0.640	-15,869.000000
3.562817	0.640	-12,828.000000
3.573483	0.640	-11,665.000000
3.584150	0.640	-15,185.000000
3.594817	0.640	-19,832.000000
3.605483	0.640	-19,647.000000
3.616150	0.640	-15,285.000000
3.626817	0.640	-13,397.000000
3.637483	0.640	-16,060.000000
3.648150	0.640	-18,411.000000
3.658817	0.640	-16,597.000000
3.669483	0.640	-11,722.000000
3.680150	0.640	-8,839.000000
3.690817	0.640	-9,961.000000
3.701483	0.640	-8,576.000000
3.712150	0.640	-2,040.000000
3.722817	0.640	603.000000
3.733483	0.640	-4,431.000000
3.744150	0.640	-7,550.000000
3.754817	0.640	-4,036.000000
3.765483	0.640	-3,123.000000
3.776150	0.640	-10,371.000000
3.786817	0.640	-17,249.000000
3.797483	0.640	-16,857.000000
3.808150	0.640	-14,300.000000
3.818817	0.640	-14,338.000000
3.829483	0.640	-14,028.000000
3.840150	0.640	-11,593.000000
3.850817	0.640	-9,161.000000
3.861483	0.640	-8,739.000000
3.872150	0.640	-11,042.000000
3.882817	0.640	-12,345.000000
3.893483	0.640	-7,869.000000
3.904150	0.640	-1,051.000000
3.914817	0.640	-285.000000
3.925483	0.640	-6,523.000000
3.936150	0.640	-13,073.000000
3.946817	0.640	-17,955.000000
3.957483	0.640	-21,872.000000
3.968150	0.640	-19,890.000000
3.978817	0.640	-12,997.000000
3.989483	0.640	-9,441.000000
4.000150	0.640	-8,724.000000
4.010817	0.640	-7,482.000000
4.021483	0.640	-9,444.000000
4.032150	0.640	-14,704.000000
4.042817	0.640	-16,982.000000
4.053483	0.640	-14,328.000000
4.064150	0.640	-10,529.000000
4.074817	0.640	-8,370.000000
4.085483	0.640	-7,219.000000
4.096150	0.640	-6,981.000000
4.106817	0.640	-9,044.000000
4.117483	0.640	-12,020.000000
4.128150	0.640	-12,059.000000
4.138817	0.640	-8,373.000000
4.149483	0.640	-5,686.000000
4.160150	0.640	-7,995.000000
4.170817	0.640	-11,900.000000
4.181483	0.640	-12,523.000000
4.192150	0.640	-12,224.000000
4.202817	0.640	-14,349.000000
4.213483	0.640	-16,356.000000
4.224150	0.640	-16,068.000000
4.234817	0.640	-14,537.000000
4.245483	0.640	-13,853.000000
4.256150	0.640	-15,941.000000
4.266817	0.640	-20,652.000000
4.277483	0.640	-24,957.000000
4.288150	0.640	-24,187.000000
4.298817	0.640	-18,313.000000
4.309483	0.640	-12,206.000000
4.320150	0.640	-8,620.000000
4.330817	0.640	-8,469.000000
4.341483	0.640	-10,937.000000
4.352150	0.640	-12,662.000000
4.362817	0.640	-12,415.000000
4.373483	0.640	-12,002.000000
4.384150	0.640	-12,357.000000
4.394817	0.640	-12,631.000000
4.405483	0.640	-11,889.000000
4.416150	0.640	-10,508.000000
4.426817	0.640	-11,442.000000
4.437483	0.640	-16,004.000000
4.448150	0.640	-18,272.000000
4.458817	0.640	-13,656.000000
4.469483	0.640	-9,102.000000
4.480150	0.640	-12,126.000000
4.490817	0.640	-18,285.000000
4.501483	0.640	-20,530.000000
4.512150	0.640	-19,606.000000
4.522817	0.640	-18,006.000000
4.533483	0.640	-14,423.000000
4.544150	0.640	-9,038.000000
4.554817	0.640	-5,262.000000
4.565483	0.640	-4,803.000000
4.576150	0.640	-6,973.000000
4.586817	0.640	-11,195.000000
4.597483	0.640	-16,358.000000
4.608150	0.640	-18,247.000000
4.618817	0.640	-14,501.000000
4.629483	0.640	-10,201.000000
4.640150	0.640	-9,543.000000
4.650817	0.640	-10,602.000000
4.661483	0.640	-13,007.000000
4.672150	0.640	-17,703.000000
4.682817	0.640	-21,617.000000
4.693483	0.640	-22,251.000000
4.704150	0.640	-20,210.000000
4.714817	0.640	-16,446.000000
4.725483	0.640	-13,394.000000
4.736150	0.640	-12,821.000000
4.746817	0.640	-12,797.000000
4.757483	0.640	-12,273.000000
4.768150	0.640	-12,413.000000
4.778817	0.640	-12,892.000000
4.789483	0.640	-11,734.000000
4.800150	0.640	-9,202.000000
4.810817	0.640	-10,408.000000
4.821483	0.640	-17,023.000000
4.832150	0.640	-21,879.000000
4.842817	0.640	-21,461.000000
4.853483	0.640	-19,926.000000
4.864150	0.640	-18,115.000000
4.874817	0.640	-15,816.000000
4.885483	0.640	-17,365.000000
4.896150	0.640	-21,482.000000
4.906817	0.640	-20,376.000000
4.917483	0.640	-15,062.000000
4.928150	0.640	-13,832.000000
4.938817	0.640	-15,733.000000
4.949483	0.640	-12,206.000000
4.960150	0.640	-754.000000
4.970817	0.640	17,472.000000
4.981483	0.640	49,042.000000
4.992150	0.640	98,029.000000
5.002817	0.640	146,663.000000
5.013483	0.640	173,463.000000
5.024150	0.640	179,750.000000
5.034817	0.640	173,884.000000
5.045483	0.640	154,837.000000
5.056150	0.640	125,407.000000
5.066817	0.640	98,303.000000
5.077483	0.640	80,651.000000
5.088150	0.640	66,014.000000
5.098817	0.640	49,310.000000
5.109483	0.640	35,432.000000
5.120150	0.640	26,381.000000
5.130817	0.640	18,570.000000
5.141483	0.640	12,720.000000
5.152150	0.640	8,964.000000
5.162817	0.640	3,164.000000
5.173483	0.640	-3,882.000000
5.184150	0.640	-6,911.000000
5.194817	0.640	-5,108.000000
5.205483	0.640	-4,010.000000
5.216150	0.640	-7,515.000000
5.226817	0.640	-10,932.000000
5.237483	0.640	-10,098.000000
5.248150	0.640	-9,963.000000
5.258817	0.640	-14,685.000000
5.269483	0.640	-20,435.000000
5.280150	0.640	-21,927.000000
5.290817	0.640	-18,632.000000
5.301483	0.640	-14,169.000000
5.312150	0.640	-11,474.000000
5.322817	0.640	-11,035.000000
5.333483	0.640	-13,034.000000
5.344150	0.640	-14,961.000000
5.354817	0.640	-13,246.000000
5.365483	0.640	-11,789.000000
5.376150	0.640	-15,002.000000
5.386817	0.640	-18,094.000000
5.397483	0.640	-17,264.000000
5.408150	0.640	-15,994.000000
5.418817	0.640	-16,937.000000
5.429483	0.640	-17,762.000000
5.440150	0.640	-16,126.000000
5.450817	0.640	-14,661.000000
5.461483	0.640	-15,598.000000
5.472150	0.640	-16,638.000000
5.482817	0.640	-17,945.000000
5.493483	0.640	-21,244.000000
5.504150	0.640	-22,683.000000
5.514817	0.640	-19,201.000000
5.525483	0.640	-14,993.000000
5.536150	0.640	-13,305.000000
5.546817	0.640	-12,433.000000
5.557483	0.640	-11,983.000000
5.568150	0.640	-13,954.000000
5.578817	0.640	-18,573.000000
5.589483	0.640	-22,086.000000
5.600150	0.640	-21,080.000000
5.610817	0.640	-18,045.000000
5.621483	0.640	-17,636.000000
5.632150	0.640	-20,362.000000
5.642817	0.640	-23,256.000000
5.653483	0.640	-23,609.000000
5.664150	0.640	-19,903.000000
5.674817	0.640	-13,634.000000
5.685483	0.640	-11,030.000000
5.696150	0.640	-14,072.000000
5.706817	0.640	-15,824.000000
5.717483	0.640	-14,420.000000
5.728150	0.640	-16,536.000000
5.738817	0.640	-21,775.000000
5.749483	0.640	-23,392.000000
5.760150	0.640	-21,500.000000
5.770817	0.640	-19,286.000000
5.781483	0.640	-16,965.000000
5.792150	0.640	-14,973.000000
5.802817	0.640	-13,862.000000
5.813483	0.640	-13,012.000000
5.824150	0.640	-11,673.000000
5.834817	0.640	-10,793.000000
5.845483	0.640	-12,081.000000
5.856150	0.640	-14,230.000000
5.866817	0.640	-14,706.000000
5.877483	0.640	-14,396.000000
5.888150	0.640	-15,723.000000
5.898817	0.640	-18,168.000000
5.909483	0.640	-18,970.000000
5.920150	0.640	-17,230.000000
5.930817	0.640	-16,051.000000
5.941483	0.640	-17,781.000000
5.952150	0.640	-18,308.000000
5.962817	0.640	-15,015.000000
5.973483	0.640	-15,165.000000
5.984150	0.640	-22,437.000000
5.994817	0.640	-27,127.000000
6.005483	0.640	-23,307.000000
6.016150	0.640	-18,241.000000
6.026817	0.640	-17,129.000000
6.037483	0.640	-16,633.000000
6.048150	0.640	-14,915.000000
6.058817	0.640	-13,253.000000
6.069483	0.640	-10,519.000000
6.080150	0.640	-5,462.000000
6.090817	0.640	-485.000000
6.101483	0.640	297.000000
6.112150	0.640	-3,936.000000
6.122817	0.640	-9,596.000000
6.133483	0.640	-13,914.000000
6.144150	0.640	-16,040.000000
6.154817	0.640	-14,585.000000
6.165483	0.640	-11,297.000000
6.176150	0.640	-10,862.000000
6.186817	0.640	-12,370.000000
6.197483	0.640	-11,687.000000
6.208150	0.640	-11,978.000000
6.218817	0.640	-17,774.000000
6.229483	0.640	-23,814.000000
6.240150	0.640	-24,086.000000
6.250817	0.640	-22,229.000000
6.261483	0.640	-23,403.000000
6.272150	0.640	-25,609.000000
6.282817	0.640	-23,810.000000
6.293483	0.640	-18,541.000000
6.304150	0.640	-14,388.000000
6.314817	0.640	-12,834.000000
6.325483	0.640	-13,774.000000
6.336150	0.640	-15,473.000000
6.346817	0.640	-13,787.000000
6.357483	0.640	-10,624.000000
6.368150	0.640	-12,589.000000
6.378817	0.640	-18,644.000000
6.389483	0.640	-21,217.000000
6.400150	0.640	-18,722.000000
6.410817	0.640	-18,056.000000
6.421483	0.640	-22,913.000000
6.432150	0.640	-27,288.000000
6.442817	0.640	-24,976.000000
6.453483	0.640	-18,031.000000
6.464150	0.640	-12,478.000000
6.474817	0.640	-11,908.000000
6.485483	0.640	-15,452.000000
6.496150	0.640	-19,524.000000
6.506817	0.640	-21,995.000000
6.517483	0.640	-21,290.000000
6.528150	0.640	-15,194.000000
6.538817	0.640	-7,794.000000
6.549483	0.640	-8,381.000000
6.560150	0.640	-17,006.000000
6.570817	0.640	-22,537.000000
6.581483	0.640	-19,245.000000
6.592150	0.640	-13,992.000000
6.602817	0.640	-13,201.000000
6.613483	0.640	-15,285.000000
6.624150	0.640	-18,110.000000
6.634817	0.640	-20,339.000000
6.645483	0.640	-19,833.000000
6.656150	0.640	-18,070.000000
6.666817	0.640	-17,150.000000
6.677483	0.640	-15,546.000000
6.688150	0.640	-12,527.000000
6.698817	0.640	-11,215.000000
6.709483	0.640	-14,336.000000
6.720150	0.640	-18,623.000000
6.730817	0.640	-18,254.000000
6.741483	0.640	-14,478.000000
6.752150	0.640	-12,707.000000
6.762817	0.640	-12,026.000000
6.773483	0.640	-11,194.000000
6.784150	0.640	-14,021.000000
6.794817	0.640	-19,726.000000
6.805483	0.640	-23,098.000000
6.816150	0.640	-21,732.000000
6.826817	0.640	-16,627.000000
6.837483	0.640	-11,823.000000
6.848150	0.640	-11,165.000000
6.858817	0.640	-14,460.000000
6.869483	0.640	-18,488.000000
6.880150	0.640	-19,602.000000
6.890817	0.640	-17,507.000000
6.901483	0.640	-15,821.000000
6.912150	0.640	-16,914.000000
6.922817	0.640	-19,920.000000
6.933483	0.640	-23,573.000000
6.944150	0.640	-26,255.000000
6.954817	0.640	-25,656.000000
6.965483	0.640	-23,008.000000
6.976150	0.640	-20,874.000000
6.986817	0.640	-18,758.000000
6.997483	0.640	-17,246.000000
7.008150	0.640	-16,749.000000
7.018817	0.640	-15,976.000000
7.029483	0.640	-16,960.000000
7.040150	0.640	-20,736.000000
7.050817	0.640	-23,288.000000
7.061483	0.640	-21,529.000000
7.072150	0.640	-16,338.000000
7.082817	0.640	-11,269.000000
7.093483	0.640	-8,846.000000
7.104150	0.640	-8,656.000000
7.114817	0.640	-10,679.000000
7.125483	0.640	-13,997.000000
7.136150	0.640	-16,210.000000
7.146817	0.640	-17,443.000000
7.157483	0.640	-17,745.000000
7.168150	0.640	-14,213.000000
7.178817	0.640	-7,075.000000
7.189483	0.640	-4,991.000000
7.200150	0.640	-13,691.000000
7.210817	0.640	-23,587.000000
7.221483	0.640	-23,817.000000
7.232150	0.640	-17,987.000000
7.242817	0.640	-15,000.000000
7.253483	0.640	-16,789.000000
7.264150	0.640	-18,793.000000
7.274817	0.640	-17,066.000000
7.285483	0.640	-13,527.000000
7.296150	0.640	-11,832.000000
7.306817	0.640	-12,244.000000
7.317483	0.640	-13,729.000000
7.328150	0.640	-14,243.000000
7.338817	0.640	-11,174.000000
7.349483	0.640	-7,454.000000
7.360150	0.640	-9,819.000000
7.370817	0.640	-17,484.000000
7.381483	0.640	-22,114.000000
7.392150	0.640	-19,983.000000
7.402817	0.640	-14,583.000000
7.413483	0.640	-10,052.000000
7.424150	0.640	-9,231.000000
7.434817	0.640	-12,897.000000
7.445483	0.640	-18,286.000000
7.456150	0.640	-21,018.000000
7.466817	0.640	-18,886.000000
7.477483	0.640	-16,038.000000
7.488150	0.640	-17,749.000000
7.498817	0.640	-20,634.000000
7.509483	0.640	-20,211.000000
7.520150	0.640	-19,468.000000
7.530817	0.640	-20,851.000000
7.541483	0.640	-21,227.000000
7.552150	0.640	-18,599.000000
7.562817	0.640	-17,629.000000
7.573483	0.640	-20,052.000000
7.584150	0.640	-19,156.000000
7.594817	0.640	-14,445.000000
7.605483	0.640	-12,435.000000
7.616150	0.640	-12,396.000000
7.626817	0.640	-10,966.000000
7.637483	0.640	-11,516.000000
7.648150	0.640	-16,515.000000
7.658817	0.640	-20,654.000000
7.669483	0.640	-19,073.000000
7.680150	0.640	-16,685.000000
7.690817	0.640	-20,861.000000
7.701483	0.640	-28,294.000000
7.712150	0.640	-29,739.000000
7.722817	0.640	-23,734.000000
7.733483	0.640	-17,427.000000
7.744150	0.640	-16,714.000000
7.754817	0.640	-20,371.000000
7.765483	0.640	-23,931.000000
7.776150	0.640	-25,027.000000
7.786817	0.640	-22,105.000000
7.797483	0.640	-15,255.000000
7.808150	0.640	-10,714.000000
7.818817	0.640	-13,302.000000
7.829483	0.640	-18,930.000000
7.840150	0.640	-22,978.000000
7.850817	0.640	-24,470.000000
7.861483	0.640	-22,665.000000
7.872150	0.640	-20,976.000000
7.882817	0.640	-24,106.000000
7.893483	0.640	-26,772.000000
7.904150	0.640	-22,428.000000
7.914817	0.640	-17,196.000000
7.925483	0.640	-17,608.000000
7.936150	0.640	-20,066.000000
7.946817	0.640	-22,991.000000
7.957483	0.640	-28,630.000000
7.968150	0.640	-32,297.000000
7.978817	0.640	-28,630.000000
7.989483	0.640	-21,869.000000
8.000150	0.640	-18,766.000000
8.010817	0.640	-18,055.000000
8.021483	0.640	-16,156.000000
8.032150	0.640	-15,579.000000
8.042817	0.640	-17,197.000000
8.053483	0.640	-18,648.000000
8.064150	0.640	-20,978.000000
8.074817	0.640	-22,330.000000
8.085483	0.640	-18,091.000000
8.096150	0.640	-12,765.000000
8.106817	0.640	-13,428.000000
8.117483	0.640	-16,679.000000
8.128150	0.640	-17,749.000000
8.138817	0.640	-17,314.000000
8.149483	0.640	-15,389.000000
8.160150	0.640	-13,637.000000
8.170867	0.643	-14,455.000000
8.181483	0.637	-15,548.000000
8.192150	0.640	-16,407.000000
8.202817	0.640	-20,367.000000
8.213483	0.640	-24,709.000000
8.224150	0.640	-22,648.000000
8.234817	0.640	-16,219.000000
8.245483	0.640	-14,084.000000
8.256150	0.640	-16,818.000000
8.266817	0.640	-16,832.000000
8.277483	0.640	-13,066.000000
8.288150	0.640	-11,170.000000
8.298817	0.640	-12,199.000000
8.309483	0.640	-14,657.000000
8.320150	0.640	-18,742.000000
8.330817	0.640	-21,317.000000
8.341483	0.640	-18,584.000000
8.352150	0.640	-15,269.000000
8.362817	0.640	-16,712.000000
8.373483	0.640	-17,379.000000
8.384150	0.640	-12,107.000000
8.394817	0.640	-6,577.000000
8.405533	0.643	-7,530.000000
8.416150	0.637	-12,622.000000
8.426817	0.640	-15,780.000000
8.437483	0.640	-17,028.000000
8.448150	0.640	-19,022.000000
8.458817	0.640	-20,358.000000
8.469483	0.640	-18,559.000000
8.480150	0.640	-14,001.000000
8.490817	0.640	-10,343.000000
8.501483	0.640	-10,916.000000
8.512150	0.640	-15,372.000000
8.522817	0.640	-22,753.000000
8.533483	0.640	-30,052.000000
8.544150	0.640	-30,206.000000
8.554817	0.640	-22,645.000000
8.565483	0.640	-17,305.000000
8.576150	0.640	-20,364.000000
8.586817	0.640	-24,982.000000
8.597483	0.640	-22,665.000000
8.608150	0.640	-15,933.000000
8.618817	0.640	-11,589.000000
8.629483	0.640	-10,173.000000
8.640150	0.640	-10,376.000000
8.650817	0.640	-14,366.000000
8.661483	0.640	-22,232.000000
8.672150	0.640	-27,004.000000
8.682817	0.640	-21,731.000000
8.693483	0.640	-11,907.000000
8.704150	0.640	-10,299.000000
8.714817	0.640	-17,853.000000
8.725483	0.640	-22,945.000000
8.736150	0.640	-20,468.000000
8.746817	0.640	-17,776.000000
8.757483	0.640	-19,141.000000
8.768150	0.640	-21,165.000000
8.778817	0.640	-22,416.000000
8.789483	0.640	-22,162.000000
8.800150	0.640	-18,803.000000
8.810817	0.640	-16,037.000000
8.821483	0.640	-17,590.000000
8.832150	0.640	-19,956.000000
8.842817	0.640	-20,759.000000
8.853483	0.640	-21,716.000000
8.864150	0.640	-21,593.000000
8.874817	0.640	-19,629.000000
8.885483	0.640	-19,318.000000
8.896150	0.640	-21,171.000000
8.906817	0.640	-21,710.000000
8.917483	0.640	-21,885.000000
8.928150	0.640	-24,163.000000
8.938817	0.640	-25,136.000000
8.949483	0.640	-22,396.000000
8.960150	0.640	-19,940.000000
8.970817	0.640	-21,350.000000
8.981483	0.640	-24,803.000000
8.992150	0.640	-25,546.000000
9.002817	0.640	-22,048.000000
9.013483	0.640	-19,031.000000
9.024150	0.640	-20,382.000000
9.034817	0.640	-21,814.000000
9.045483	0.640	-18,208.000000
9.056150	0.640	-13,561.000000
9.066817	0.640	-13,948.000000
9.077483	0.640	-17,546.000000
9.088150	0.640	-19,577.000000
9.098817	0.640	-18,573.000000
9.109483	0.640	-15,300.000000
9.120150	0.640	-12,022.000000
9.130817	0.640	-10,962.000000
9.141483	0.640	-12,139.000000
9.152150	0.640	-15,173.000000
9.162817	0.640	-18,834.000000
9.173483	0.640	-19,178.000000
9.184150	0.640	-15,295.000000
9.194817	0.640	-11,937.000000
9.205483	0.640	-11,796.000000
9.216150	0.640	-12,789.000000
9.226817	0.640	-13,046.000000
9.237483	0.640	-11,861.000000
9.248150	0.640	-9,323.000000
9.258817	0.640	-8,345.000000
9.269483	0.640	-10,929.000000
9.280150	0.640	-13,635.000000
9.290817	0.640	-11,308.000000
9.301483	0.640	-5,478.000000
9.312150	0.640	-4,301.000000
9.322817	0.640	-9,511.000000
9.333483	0.640	-14,731.000000
9.344150	0.640	-15,671.000000
9.354817	0.640	-11,119.000000
9.365483	0.640	-4,540.000000
9.376150	0.640	-3,383.000000
9.386817	0.640	-6,918.000000
9.397483	0.640	-7,853.000000
9.408150	0.640	-6,675.000000
9.418817	0.640	-7,636.000000
9.429483	0.640	-9,084.000000
9.440150	0.640	-8,301.000000
9.450817	0.640	-4,479.000000
9.461483	0.640	1,402.000000
9.472150	0.640	4,098.000000
9.482817	0.640	729.000000
9.493483	0.640	-3,706.000000
9.504150	0.640	-4,053.000000
9.514817	0.640	-1,966.000000
9.525483	0.640	-3,040.000000
9.536150	0.640	-6,916.000000
9.546817	0.640	-6,420.000000
9.557483	0.640	-1,700.000000
9.568150	0.640	-893.000000
9.578817	0.640	-4,516.000000
9.589483	0.640	-6,254.000000
9.600150	0.640	-5,848.000000
9.610817	0.640	-6,959.000000
9.621483	0.640	-8,421.000000
9.632150	0.640	-6,974.000000
9.642817	0.640	-2,090.000000
9.653483	0.640	5,015.000000
9.664150	0.640	11,389.000000
9.674817	0.640	13,742.000000
9.685483	0.640	10,646.000000
9.696150	0.640	3,696.000000
9.706867	0.643	-1,303.000000
9.717483	0.637	-1,642.000000
9.728150	0.640	-642.000000
9.738817	0.640	1,152.000000
9.749483	0.640	5,853.000000
9.760150	0.640	12,024.000000
9.770817	0.640	15,508.000000
9.781483	0.640	13,685.000000
9.792150	0.640	9,497.000000
9.802817	0.640	9,506.000000
9.813483	0.640	13,742.000000
9.824150	0.640	15,733.000000
9.834817	0.640	14,036.000000
9.845483	0.640	12,008.000000
9.856150	0.640	11,459.000000
9.866817	0.640	12,469.000000
9.877483	0.640	13,503.000000
9.888150	0.640	13,181.000000
9.898817	0.640	11,556.000000
9.909483	0.640	9,636.000000
9.920150	0.640	10,987.000000
9.930817	0.640	16,691.000000
9.941483	0.640	20,538.000000
9.952150	0.640	18,906.000000
9.962817	0.640	18,068.000000
9.973483	0.640	23,809.000000
9.984150	0.640	30,354.000000
9.994817	0.640	29,816.000000
10.005483	0.640	26,285.000000
10.016150	0.640	26,490.000000
10.026817	0.640	29,143.000000
10.037483	0.640	31,952.000000
10.048150	0.640	33,270.000000
10.058817	0.640	31,444.000000
10.069483	0.640	29,457.000000
10.080150	0.640	29,356.000000
10.090817	0.640	27,872.000000
10.101483	0.640	25,013.000000
10.112150	0.640	25,967.000000
10.122817	0.640	30,863.000000
10.133483	0.640	33,327.000000
10.144150	0.640	31,437.000000
10.154817	0.640	30,319.000000
10.165483	0.640	32,853.000000
10.176150	0.640	36,001.000000
10.186817	0.640	36,397.000000
10.197483	0.640	34,113.000000
10.208150	0.640	31,731.000000
10.218817	0.640	32,304.000000
10.229483	0.640	36,603.000000
10.240150	0.640	41,031.000000
10.250817	0.640	40,981.000000
10.261483	0.640	39,283.000000
10.272150	0.640	44,188.000000
10.282817	0.640	54,337.000000
10.293483	0.640	59,279.000000
10.304150	0.640	56,404.000000
10.314817	0.640	52,252.000000
10.325483	0.640	51,762.000000
10.336150	0.640	55,446.000000
10.346817	0.640	59,146.000000
10.357483	0.640	58,468.000000
10.368150	0.640	57,016.000000
10.378817	0.640	59,620.000000
10.389483	0.640	63,019.000000
10.400150	0.640	63,308.000000
10.410817	0.640	62,520.000000
10.421483	0.640	64,208.000000
10.432150	0.640	68,831.000000
10.442817	0.640	72,320.000000
10.453483	0.640	70,887.000000
10.464150	0.640	67,091.000000
10.474817	0.640	64,841.000000
10.485483	0.640	64,849.000000
10.496150	0.640	66,749.000000
10.506817	0.640	68,079.000000
10.517483	0.640	67,908.000000
10.528150	0.640	70,014.000000
10.538817	0.640	74,710.000000
10.549483	0.640	77,870.000000
10.560150	0.640	78,579.000000
10.570817	0.640	78,241.000000
10.581483	0.640	77,171.000000
10.592150	0.640	76,626.000000
10.602817	0.640	77,982.000000
10.613483	0.640	79,350.000000
10.624150	0.640	79,812.000000
10.634817	0.640	82,358.000000
10.645483	0.640	88,198.000000
10.656150	0.640	94,260.000000
10.666817	0.640	96,659.000000
10.677483	0.640	95,252.000000
10.688150	0.640	94,697.000000
10.698817	0.640	96,631.000000
10.709483	0.640	95,328.000000
10.720150	0.640	90,908.000000
10.730817	0.640	93,080.000000
10.741483	0.640	103,218.000000
10.752150	0.640	112,063.000000
10.762817	0.640	114,366.000000
10.773483	0.640	112,796.000000
10.784150	0.640	112,150.000000
10.794817	0.640	114,884.000000
10.805483	0.640	120,478.000000
10.816150	0.640	124,836.000000
10.826817	0.640	123,802.000000
10.837483	0.640	119,948.000000
10.848150	0.640	117,933.000000
10.858817	0.640	118,602.000000
10.869483	0.640	122,451.000000
10.880150	0.640	127,584.000000
10.890817	0.640	128,940.000000
10.901483	0.640	126,447.000000
10.912150	0.640	125,547.000000
10.922817	0.640	128,954.000000
10.933483	0.640	133,484.000000
10.944150	0.640	136,149.000000
10.954817	0.640	138,609.000000
10.965483	0.640	142,181.000000
10.976150	0.640	145,341.000000
10.986817	0.640	148,370.000000
10.997483	0.640	152,654.000000
11.008150	0.640	156,554.000000
11.018817	0.640	157,073.000000
11.029483	0.640	154,563.000000
11.040150	0.640	152,126.000000
11.050817	0.640	150,842.000000
11.061483	0.640	151,571.000000
11.072150	0.640	155,671.000000
11.082817	0.640	160,954.000000
11.093483	0.640	163,998.000000
11.104150	0.640	163,774.000000
11.114817	0.640	162,145.000000
11.125483	0.640	161,204.000000
11.136150	0.640	161,808.000000
11.146817	0.640	166,492.000000
11.157483	0.640	174,819.000000
11.168150	0.640	179,881.000000
11.178817	0.640	180,035.000000
11.189483	0.640	181,384.000000
11.200150	0.640	184,553.000000
11.210817	0.640	185,825.000000
11.221483	0.640	186,377.000000
11.232150	0.640	189,396.000000
11.242817	0.640	194,647.000000
11.253483	0.640	198,200.000000
11.264150	0.640	199,406.000000
11.274817	0.640	203,308.000000
11.285483	0.640	209,253.000000
11.296150	0.640	211,560.000000
11.306817	0.640	210,475.000000
11.317483	0.640	207,487.000000
11.328150	0.640	203,757.000000
11.338817	0.640	205,281.000000
11.349483	0.640	212,342.000000
11.360150	0.640	216,744.000000
11.370817	0.640	216,425.000000
11.381483	0.640	215,376.000000
11.392150	0.640	216,348.000000
11.402817	0.640	221,705.000000
11.413483	0.640	227,779.000000
11.424150	0.640	228,483.000000
11.434867	0.643	229,526.000000
11.445483	0.637	236,698.000000
11.456150	0.640	242,417.000000
11.466817	0.640	242,491.000000
11.477483	0.640	244,579.000000
11.488150	0.640	250,013.000000
11.498817	0.640	250,581.000000
11.509483	0.640	248,736.000000
11.520150	0.640	252,859.000000
11.530817	0.640	257,388.000000
11.541483	0.640	255,047.000000
11.552150	0.640	251,323.000000
11.562817	0.640	253,335.000000
11.573483	0.640	260,103.000000
11.584150	0.640	265,315.000000
11.594817	0.640	266,476.000000
11.605483	0.640	268,238.000000
11.616150	0.640	273,081.000000
11.626817	0.640	276,944.000000
11.637483	0.640	277,979.000000
11.648150	0.640	280,374.000000
11.658817	0.640	284,693.000000
11.669483	0.640	286,894.000000
11.680150	0.640	287,317.000000
11.690817	0.640	286,548.000000
11.701483	0.640	283,647.000000
11.712150	0.640	282,908.000000
11.722817	0.640	287,434.000000
11.733483	0.640	293,808.000000
11.744150	0.640	299,861.000000
11.754817	0.640	305,441.000000
11.765483	0.640	307,294.000000
11.776150	0.640	305,410.000000
11.786817	0.640	306,591.000000
11.797483	0.640	312,282.000000
11.808150	0.640	315,947.000000
11.818817	0.640	316,610.000000
11.829483	0.640	318,913.000000
11.840150	0.640	320,961.000000
11.850817	0.640	320,004.000000
11.861483	0.640	322,423.000000
11.872150	0.640	332,073.000000
11.882817	0.640	342,881.000000
11.893483	0.640	349,159.000000
11.904150	0.640	349,862.000000
11.914817	0.640	347,248.000000
11.925483	0.640	345,873.000000
11.936150	0.640	347,091.000000
11.946817	0.640	348,020.000000
11.957483	0.640	348,266.000000
11.968150	0.640	351,858.000000
11.978817	0.640	359,276.000000
11.989483	0.640	364,646.000000
12.000150	0.640	365,702.000000
12.010817	0.640	367,272.000000
12.021483	0.640	371,455.000000
12.032150	0.640	375,236.000000
12.042817	0.640	378,264.000000
12.053483	0.640	380,835.000000
12.064150	0.640	380,914.000000
12.074817	0.640	381,251.000000
12.085483	0.640	385,450.000000
12.096150	0.640	389,081.000000
12.106817	0.640	387,144.000000
12.117483	0.640	383,052.000000
12.128150	0.640	382,435.000000
12.138817	0.640	386,767.000000
12.149483	0.640	395,492.000000
12.160150	0.640	402,882.000000
12.170817	0.640	403,344.000000
12.181483	0.640	402,389.000000
12.192150	0.640	405,353.000000
12.202817	0.640	408,292.000000
12.213483	0.640	408,379.000000
12.224150	0.640	409,000.000000
12.234817	0.640	411,889.000000
12.245483	0.640	414,311.000000
12.256150	0.640	415,730.000000
12.266817	0.640	418,096.000000
12.277483	0.640	421,965.000000
12.288150	0.640	426,084.000000
12.298817	0.640	428,052.000000
12.309483	0.640	427,556.000000
12.320150	0.640	426,925.000000
12.330817	0.640	427,313.000000
12.341483	0.640	429,480.000000
12.352150	0.640	434,276.000000
12.362817	0.640	438,978.000000
12.373483	0.640	441,213.000000
12.384150	0.640	443,444.000000
12.394817	0.640	446,141.000000
12.405483	0.640	445,946.000000
12.416150	0.640	443,187.000000
12.426817	0.640	442,467.000000
12.437483	0.640	445,436.000000
12.448150	0.640	448,431.000000
12.458817	0.640	450,375.000000
12.469483	0.640	454,368.000000
12.480150	0.640	459,699.000000
12.490817	0.640	463,018.000000
12.501483	0.640	465,405.000000
12.512150	0.640	469,772.000000
12.522817	0.640	471,803.000000
12.533483	0.640	466,944.000000
12.544150	0.640	462,803.000000
12.554817	0.640	466,098.000000
12.565483	0.640	470,340.000000
12.576150	0.640	468,454.000000
12.586817	0.640	464,193.000000
12.597483	0.640	464,746.000000
12.608150	0.640	468,843.000000
12.618817	0.640	471,568.000000
12.629483	0.640	475,073.000000
12.640150	0.640	481,473.000000
12.650817	0.640	483,711.000000
12.661483	0.640	478,630.000000
12.672150	0.640	475,932.000000
12.682817	0.640	480,954.000000
12.693483	0.640	487,065.000000
12.704150	0.640	488,363.000000
12.714817	0.640	485,493.000000
12.725483	0.640	482,171.000000
12.736150	0.640	480,639.000000
12.746817	0.640	480,632.000000
12.757483	0.640	482,151.000000
12.768150	0.640	485,594.000000
12.778817	0.640	488,634.000000
12.789483	0.640	488,469.000000
12.800150	0.640	486,290.000000
12.810817	0.640	483,633.000000
12.821483	0.640	481,018.000000
12.832150	0.640	480,469.000000
12.842817	0.640	483,165.000000
12.853483	0.640	488,490.000000
12.864150	0.640	493,113.000000
12.874817	0.640	493,472.000000
12.885483	0.640	492,302.000000
12.896150	0.640	492,673.000000
12.906817	0.640	490,974.000000
12.917483	0.640	486,889.000000
12.928150	0.640	486,303.000000
12.938817	0.640	486,518.000000
12.949483	0.640	480,431.000000
12.960150	0.640	474,675.000000
12.970817	0.640	479,076.000000
12.981483	0.640	489,803.000000
12.992150	0.640	498,150.000000
13.002817	0.640	500,876.000000
13.013483	0.640	500,767.000000
13.024150	0.640	502,205.000000
13.034817	0.640	502,423.000000
13.045483	0.640	496,531.000000
13.056150	0.640	489,854.000000
13.066817	0.640	490,870.000000
13.077483	0.640	497,352.000000
13.088150	0.640	500,818.000000
13.098817	0.640	498,154.000000
13.109483	0.640	491,571.000000
13.120150	0.640	485,913.000000
13.130817	0.640	486,482.000000
13.141483	0.640	490,765.000000
13.152150	0.640	489,967.000000
13.162817	0.640	484,116.000000
13.173483	0.640	482,349.000000
13.184150	0.640	485,110.000000
13.194817	0.640	484,331.000000
13.205483	0.640	479,428.000000
13.216150	0.640	475,852.000000
13.226817	0.640	476,508.000000
13.237483	0.640	481,243.000000
13.248150	0.640	485,985.000000
13.258817	0.640	484,484.000000
13.269483	0.640	475,884.000000
13.280150	0.640	467,348.000000
13.290817	0.640	466,969.000000
13.301483	0.640	473,883.000000
13.312150	0.640	477,951.000000
13.322817	0.640	474,964.000000
13.333483	0.640	472,049.000000
13.344150	0.640	472,690.000000
13.354817	0.640	473,626.000000
13.365483	0.640	473,032.000000
13.376150	0.640	470,406.000000
13.386817	0.640	466,512.000000
13.397483	0.640	463,551.000000
13.408150	0.640	462,806.000000
13.418817	0.640	464,028.000000
13.429483	0.640	463,905.000000
13.440150	0.640	459,368.000000
13.450817	0.640	455,224.000000
13.461483	0.640	457,511.000000
13.472150	0.640	461,730.000000
13.482817	0.640	460,939.000000
13.493483	0.640	456,911.000000
13.504150	0.640	453,583.000000
13.514817	0.640	451,424.000000
13.525483	0.640	450,930.000000
13.536150	0.640	451,414.000000
13.546817	0.640	451,691.000000
13.557483	0.640	452,781.000000
13.568150	0.640	454,247.000000
13.578817	0.640	455,522.000000
13.589483	0.640	458,123.000000
13.600150	0.640	464,427.000000
13.610817	0.640	477,455.000000
13.621483	0.640	496,251.000000
13.632150	0.640	517,063.000000
13.642817	0.640	541,479.000000
13.653483	0.640	575,809.000000
13.664150	0.640	624,212.000000
13.674817	0.640	685,567.000000
13.685483	0.640	756,419.000000
13.696150	0.640	835,189.000000
13.706817	0.640	922,551.000000
13.717483	0.640	1,016,853.000000
13.728150	0.640	1,108,472.000000
13.738817	0.640	1,185,379.000000
13.749483	0.640	1,240,980.000000
13.760150	0.640	1,267,544.000000
13.770817	0.640	1,260,035.000000
13.781483	0.640	1,226,863.000000
13.792150	0.640	1,172,696.000000
13.802817	0.640	1,089,711.000000
13.813483	0.640	981,295.000000
13.824150	0.640	867,207.000000
13.834817	0.640	764,097.000000
13.845483	0.640	677,994.000000
13.856150	0.640	607,382.000000
13.866817	0.640	548,457.000000
13.877483	0.640	501,499.000000
13.888150	0.640	467,634.000000
13.898817	0.640	443,661.000000
13.909483	0.640	425,521.000000
13.920150	0.640	411,614.000000
13.930817	0.640	402,803.000000
13.941483	0.640	398,854.000000
13.952150	0.640	395,833.000000
13.962817	0.640	391,929.000000
13.973483	0.640	390,050.000000
13.984150	0.640	391,394.000000
13.994817	0.640	392,506.000000
14.005483	0.640	390,114.000000
14.016150	0.640	385,593.000000
14.026817	0.640	382,444.000000
14.037483	0.640	381,161.000000
14.048150	0.640	379,655.000000
14.058817	0.640	377,697.000000
14.069483	0.640	376,908.000000
14.080150	0.640	376,988.000000
14.090817	0.640	375,709.000000
14.101483	0.640	372,942.000000
14.112150	0.640	371,484.000000
14.122817	0.640	371,782.000000
14.133483	0.640	370,986.000000
14.144150	0.640	368,942.000000
14.154817	0.640	368,160.000000
14.165483	0.640	368,819.000000
14.176150	0.640	368,924.000000
14.186817	0.640	364,933.000000
14.197483	0.640	355,750.000000
14.208150	0.640	348,541.000000
14.218817	0.640	348,113.000000
14.229483	0.640	350,282.000000
14.240150	0.640	352,166.000000
14.250817	0.640	352,358.000000
14.261483	0.640	349,004.000000
14.272150	0.640	345,137.000000
14.282817	0.640	344,625.000000
14.293483	0.640	344,959.000000
14.304150	0.640	341,820.000000
14.314817	0.640	337,530.000000
14.325483	0.640	336,299.000000
14.336150	0.640	335,705.000000
14.346817	0.640	331,927.000000
14.357483	0.640	327,380.000000
14.368150	0.640	325,927.000000
14.378817	0.640	325,646.000000
14.389483	0.640	323,152.000000
14.400150	0.640	319,554.000000
14.410817	0.640	316,563.000000
14.421483	0.640	314,332.000000
14.432150	0.640	314,271.000000
14.442817	0.640	315,510.000000
14.453483	0.640	313,296.000000
14.464150	0.640	307,167.000000
14.474817	0.640	301,200.000000
14.485483	0.640	296,156.000000
14.496150	0.640	292,602.000000
14.506817	0.640	292,620.000000
14.517483	0.640	294,080.000000
14.528150	0.640	294,201.000000
14.538817	0.640	292,531.000000
14.549483	0.640	288,951.000000
14.560150	0.640	284,338.000000
14.570817	0.640	279,423.000000
14.581483	0.640	274,653.000000
14.592150	0.640	271,614.000000
14.602817	0.640	270,298.000000
14.613483	0.640	267,905.000000
14.624150	0.640	264,731.000000
14.634817	0.640	264,033.000000
14.645483	0.640	264,228.000000
14.656150	0.640	262,118.000000
14.666817	0.640	259,144.000000
14.677483	0.640	255,879.000000
14.688150	0.640	251,681.000000
14.698817	0.640	249,354.000000
14.709483	0.640	247,214.000000
14.720150	0.640	240,315.000000
14.730817	0.640	232,939.000000
14.741483	0.640	230,971.000000
14.752150	0.640	233,436.000000
14.762817	0.640	236,775.000000
14.773483	0.640	234,275.000000
14.784150	0.640	222,750.000000
14.794817	0.640	210,283.000000
14.805483	0.640	204,646.000000
14.816150	0.640	203,422.000000
14.826817	0.640	203,536.000000
14.837483	0.640	207,037.000000
14.848150	0.640	209,812.000000
14.858817	0.640	205,321.000000
14.869483	0.640	199,935.000000
14.880150	0.640	198,642.000000
14.890817	0.640	193,544.000000
14.901483	0.640	185,392.000000
14.912150	0.640	184,591.000000
14.922817	0.640	187,482.000000
14.933483	0.640	183,510.000000
14.944150	0.640	175,643.000000
14.954817	0.640	170,928.000000
14.965483	0.640	167,874.000000
14.976150	0.640	164,667.000000
14.986817	0.640	163,041.000000
14.997483	0.640	161,167.000000
15.008150	0.640	156,011.000000
15.018817	0.640	150,336.000000
15.029483	0.640	147,667.000000
15.040150	0.640	146,626.000000
15.050817	0.640	145,925.000000
15.061483	0.640	146,711.000000
15.072150	0.640	148,385.000000
15.082817	0.640	147,933.000000
15.093483	0.640	142,974.000000
15.104150	0.640	134,371.000000
15.114817	0.640	126,094.000000
15.125483	0.640	121,570.000000
15.136150	0.640	120,450.000000
15.146817	0.640	119,649.000000
15.157483	0.640	117,918.000000
15.168150	0.640	116,119.000000
15.178817	0.640	111,663.000000
15.189483	0.640	102,362.000000
15.200150	0.640	94,283.000000
15.210817	0.640	93,172.000000
15.221483	0.640	93,943.000000
15.232150	0.640	90,752.000000
15.242817	0.640	88,695.000000
15.253483	0.640	91,841.000000
15.264150	0.640	93,400.000000
15.274817	0.640	89,441.000000
15.285483	0.640	84,845.000000
15.296150	0.640	81,632.000000
15.306817	0.640	77,615.000000
15.317483	0.640	74,719.000000
15.328150	0.640	76,016.000000
15.338817	0.640	79,683.000000
15.349483	0.640	82,154.000000
15.360150	0.640	83,040.000000
15.370817	0.640	85,206.000000
15.381483	0.640	89,606.000000
15.392150	0.640	94,056.000000
15.402817	0.640	97,384.000000
15.413483	0.640	99,216.000000
15.424150	0.640	98,607.000000
15.434817	0.640	95,769.000000
15.445483	0.640	92,492.000000
15.456150	0.640	89,940.000000
15.466817	0.640	86,928.000000
15.477483	0.640	81,460.000000
15.488150	0.640	73,065.000000
15.498817	0.640	63,452.000000
15.509483	0.640	55,426.000000
15.520150	0.640	50,112.000000
15.530817	0.640	46,151.000000
15.541483	0.640	42,390.000000
15.552150	0.640	38,353.000000
15.562817	0.640	31,300.000000
15.573483	0.640	21,913.000000
15.584150	0.640	19,320.000000
15.594817	0.640	28,101.000000
15.605483	0.640	41,698.000000
15.616150	0.640	52,753.000000
15.626817	0.640	60,127.000000
15.637483	0.640	69,963.000000
15.648150	0.640	88,300.000000
15.658817	0.640	111,800.000000
15.669483	0.640	136,600.000000
15.680150	0.640	164,701.000000
15.690817	0.640	192,586.000000
15.701483	0.640	214,054.000000
15.712150	0.640	229,759.000000
15.722817	0.640	238,359.000000
15.733483	0.640	233,833.000000
15.744150	0.640	214,693.000000
15.754817	0.640	182,694.000000
15.765483	0.640	142,709.000000
15.776150	0.640	107,977.000000
15.786817	0.640	85,266.000000
15.797483	0.640	65,300.000000
15.808150	0.640	44,610.000000
15.818817	0.640	30,967.000000
15.829483	0.640	24,939.000000
15.840150	0.640	20,616.000000
15.850817	0.640	15,125.000000
15.861483	0.640	9,541.000000
15.872150	0.640	8,144.000000
15.882817	0.640	11,642.000000
15.893483	0.640	14,233.000000
15.904150	0.640	12,427.000000
15.914817	0.640	8,831.000000
15.925483	0.640	7,739.000000
15.936150	0.640	10,000.000000
15.946817	0.640	11,151.000000
15.957483	0.640	7,702.000000
15.968150	0.640	3,723.000000
15.978817	0.640	4,818.000000
15.989483	0.640	8,673.000000
16.000150	0.640	9,064.000000
16.010817	0.640	5,810.000000
16.021483	0.640	3,514.000000
16.032150	0.640	3,463.000000
16.042817	0.640	3,809.000000
16.053483	0.640	4,614.000000
16.064150	0.640	5,444.000000
16.074817	0.640	3,820.000000
16.085483	0.640	911.000000
16.096150	0.640	337.000000
16.106817	0.640	2,629.000000
16.117483	0.640	5,989.000000
16.128150	0.640	7,559.000000
16.138817	0.640	4,519.000000
16.149483	0.640	-2,282.000000
16.160150	0.640	-6,277.000000
16.170817	0.640	-1,464.000000
16.181483	0.640	7,828.000000
16.192150	0.640	10,845.000000
16.202817	0.640	4,184.000000
16.213483	0.640	-4,358.000000
16.224150	0.640	-6,140.000000
16.234817	0.640	-791.000000
16.245483	0.640	7,560.000000
16.256150	0.640	14,511.000000
16.266817	0.640	15,518.000000
16.277483	0.640	11,379.000000
16.288150	0.640	7,849.000000
16.298817	0.640	7,566.000000
16.309483	0.640	9,486.000000
16.320150	0.640	10,892.000000
16.330817	0.640	8,518.000000
16.341483	0.640	2,509.000000
16.352150	0.640	-2,139.000000
16.362817	0.640	-1,957.000000
16.373483	0.640	88.000000
16.384150	0.640	3,380.000000
16.394817	0.640	11,797.000000
16.405483	0.640	21,591.000000
16.416150	0.640	24,546.000000
16.426817	0.640	19,641.000000
16.437483	0.640	11,014.000000
16.448150	0.640	3,465.000000
16.458817	0.640	952.000000
16.469483	0.640	4,544.000000
16.480150	0.640	12,132.000000
16.490817	0.640	18,465.000000
16.501483	0.640	18,674.000000
16.512150	0.640	14,469.000000
16.522817	0.640	12,499.000000
16.533483	0.640	16,295.000000
16.544150	0.640	21,228.000000
16.554817	0.640	18,580.000000
16.565483	0.640	8,406.000000
16.576150	0.640	1,663.000000
16.586817	0.640	5,070.000000
16.597483	0.640	13,950.000000
16.608150	0.640	19,495.000000
16.618817	0.640	17,794.000000
16.629483	0.640	13,384.000000
16.640150	0.640	11,357.000000
16.650817	0.640	11,618.000000
16.661483	0.640	12,534.000000
16.672150	0.640	10,659.000000
16.682817	0.640	3,529.000000
16.693483	0.640	-4,837.000000
16.704150	0.640	-8,365.000000
16.714817	0.640	-3,965.000000
16.725483	0.640	6,168.000000
16.736150	0.640	13,486.000000
16.746817	0.640	11,874.000000
16.757483	0.640	5,693.000000
16.768150	0.640	2,849.000000
16.778817	0.640	5,429.000000
16.789483	0.640	9,777.000000
16.800150	0.640	11,729.000000
16.810817	0.640	11,592.000000
16.821483	0.640	11,557.000000
16.832150	0.640	9,697.000000
16.842817	0.640	5,860.000000
16.853483	0.640	4,724.000000
16.864150	0.640	6,025.000000
16.874817	0.640	6,199.000000
16.885483	0.640	5,949.000000
16.896150	0.640	6,807.000000
16.906817	0.640	9,098.000000
16.917483	0.640	11,919.000000
16.928150	0.640	12,717.000000
16.938817	0.640	12,536.000000
16.949483	0.640	14,883.000000
16.960150	0.640	18,508.000000
16.970817	0.640	19,089.000000
16.981483	0.640	14,622.000000
16.992150	0.640	8,285.000000
17.002817	0.640	6,273.000000
17.013483	0.640	9,032.000000
17.024150	0.640	10,239.000000
17.034817	0.640	7,290.000000
17.045483	0.640	4,543.000000
17.056150	0.640	4,498.000000
17.066817	0.640	4,502.000000
17.077483	0.640	2,973.000000
17.088150	0.640	1,621.000000
17.098817	0.640	3,268.000000
17.109483	0.640	9,595.000000
17.120150	0.640	17,134.000000
17.130817	0.640	19,988.000000
17.141483	0.640	18,634.000000
17.152150	0.640	16,927.000000
17.162817	0.640	15,377.000000
17.173483	0.640	15,596.000000
17.184150	0.640	18,597.000000
17.194817	0.640	19,054.000000
17.205483	0.640	15,844.000000
17.216150	0.640	15,086.000000
17.226817	0.640	17,009.000000
17.237483	0.640	18,889.000000
17.248150	0.640	22,919.000000
17.258817	0.640	29,802.000000
17.269483	0.640	36,421.000000
17.280150	0.640	40,475.000000
17.290817	0.640	40,899.000000
17.301483	0.640	37,736.000000
17.312150	0.640	34,796.000000
17.322817	0.640	36,524.000000
17.333483	0.640	40,890.000000
17.344150	0.640	43,660.000000
17.354817	0.640	45,751.000000
17.365483	0.640	47,721.000000
17.376150	0.640	46,915.000000
17.386817	0.640	43,951.000000
17.397483	0.640	43,136.000000
17.408150	0.640	45,734.000000
17.418817	0.640	47,786.000000
17.429483	0.640	46,918.000000
17.440150	0.640	44,741.000000
17.450817	0.640	42,870.000000
17.461483	0.640	43,459.000000
17.472150	0.640	46,913.000000
17.482817	0.640	47,942.000000
17.493483	0.640	43,166.000000
17.504150	0.640	38,922.000000
17.514817	0.640	42,651.000000
17.525483	0.640	49,752.000000
17.536150	0.640	49,945.000000
17.546817	0.640	44,705.000000
17.557483	0.640	42,219.000000
17.568150	0.640	42,368.000000
17.578817	0.640	42,082.000000
17.589483	0.640	41,011.000000
17.600150	0.640	39,074.000000
17.610817	0.640	39,596.000000
17.621483	0.640	43,613.000000
17.632150	0.640	44,558.000000
17.642817	0.640	41,579.000000
17.653483	0.640	40,512.000000
17.664150	0.640	39,406.000000
17.674817	0.640	34,856.000000
17.685483	0.640	32,677.000000
17.696150	0.640	36,674.000000
17.706817	0.640	42,745.000000
17.717483	0.640	47,132.000000
17.728150	0.640	47,174.000000
17.738817	0.640	42,016.000000
17.749483	0.640	36,921.000000
17.760150	0.640	37,278.000000
17.770817	0.640	42,790.000000
17.781483	0.640	50,907.000000
17.792150	0.640	57,730.000000
17.802817	0.640	59,772.000000
17.813483	0.640	58,750.000000
17.824150	0.640	56,384.000000
17.834817	0.640	50,889.000000
17.845483	0.640	43,305.000000
17.856150	0.640	36,812.000000
17.866817	0.640	32,088.000000
17.877483	0.640	30,047.000000
17.888150	0.640	32,105.000000
17.898817	0.640	35,521.000000
17.909483	0.640	36,514.000000
17.920150	0.640	35,210.000000
17.930817	0.640	32,959.000000
17.941483	0.640	31,116.000000
17.952150	0.640	32,660.000000
17.962817	0.640	38,190.000000
17.973483	0.640	42,296.000000
17.984150	0.640	40,793.000000
17.994817	0.640	36,991.000000
18.005483	0.640	35,218.000000
18.016150	0.640	35,700.000000
18.026817	0.640	37,418.000000
18.037483	0.640	38,964.000000
18.048150	0.640	39,238.000000
18.058817	0.640	38,550.000000
18.069483	0.640	36,464.000000
18.080150	0.640	32,321.000000
18.090817	0.640	27,561.000000
18.101483	0.640	23,137.000000
18.112150	0.640	17,423.000000
18.122817	0.640	12,594.000000
18.133483	0.640	13,983.000000
18.144150	0.640	19,375.000000
18.154817	0.640	22,691.000000
18.165483	0.640	23,923.000000
18.176150	0.640	25,823.000000
18.186817	0.640	26,358.000000
18.197483	0.640	22,218.000000
18.208150	0.640	18,535.000000
18.218817	0.640	22,699.000000
18.229483	0.640	31,545.000000
18.240150	0.640	39,480.000000
18.250817	0.640	49,162.000000
18.261483	0.640	63,306.000000
18.272150	0.640	81,197.000000
18.282817	0.640	106,108.000000
18.293483	0.640	143,407.000000
18.304150	0.640	192,455.000000
18.314817	0.640	245,276.000000
18.325483	0.640	293,585.000000
18.336150	0.640	334,436.000000
18.346817	0.640	365,488.000000
18.357483	0.640	381,501.000000
18.368150	0.640	379,831.000000
18.378817	0.640	360,013.000000
18.389483	0.640	320,949.000000
18.400150	0.640	268,456.000000
18.410817	0.640	215,209.000000
18.421483	0.640	168,731.000000
18.432150	0.640	130,460.000000
18.442817	0.640	102,026.000000
18.453483	0.640	83,028.000000
18.464150	0.640	69,321.000000
18.474817	0.640	58,684.000000
18.485483	0.640	51,582.000000
18.496150	0.640	46,323.000000
18.506817	0.640	40,564.000000
18.517483	0.640	34,904.000000
18.528150	0.640	31,750.000000
18.538817	0.640	32,293.000000
18.549483	0.640	34,991.000000
18.560150	0.640	38,103.000000
18.570817	0.640	39,443.000000
18.581483	0.640	34,919.000000
18.592150	0.640	26,235.000000
18.602817	0.640	22,606.000000
18.613483	0.640	27,427.000000
18.624150	0.640	33,176.000000
18.634817	0.640	32,498.000000
18.645483	0.640	26,564.000000
18.656150	0.640	21,653.000000
18.666817	0.640	22,572.000000
18.677483	0.640	27,143.000000
18.688150	0.640	27,198.000000
18.698817	0.640	21,507.000000
18.709483	0.640	18,140.000000
18.720150	0.640	20,797.000000
18.730817	0.640	26,659.000000
18.741483	0.640	32,295.000000
18.752150	0.640	32,411.000000
18.762817	0.640	24,282.000000
18.773483	0.640	15,679.000000
18.784150	0.640	14,816.000000
18.794817	0.640	17,393.000000
18.805483	0.640	17,482.000000
18.816150	0.640	18,400.000000
18.826817	0.640	21,245.000000
18.837483	0.640	21,994.000000
18.848150	0.640	21,106.000000
18.858817	0.640	19,421.000000
18.869483	0.640	16,706.000000
18.880150	0.640	17,146.000000
18.890817	0.640	21,181.000000
18.901483	0.640	21,894.000000
18.912150	0.640	17,346.000000
18.922817	0.640	13,929.000000
18.933483	0.640	15,450.000000
18.944150	0.640	17,397.000000
18.954817	0.640	16,081.000000
18.965483	0.640	16,008.000000
18.976150	0.640	19,452.000000
18.986817	0.640	19,952.000000
18.997483	0.640	14,842.000000
19.008150	0.640	10,154.000000
19.018817	0.640	10,449.000000
19.029483	0.640	14,945.000000
19.040150	0.640	18,928.000000
19.050817	0.640	17,082.000000
19.061483	0.640	11,443.000000
19.072150	0.640	8,658.000000
19.082817	0.640	9,135.000000
19.093483	0.640	7,123.000000
19.104150	0.640	1,551.000000
19.114817	0.640	474.000000
19.125483	0.640	7,066.000000
19.136150	0.640	12,583.000000
19.146817	0.640	12,075.000000
19.157483	0.640	11,355.000000
19.168150	0.640	14,328.000000
19.178817	0.640	16,882.000000
19.189483	0.640	15,832.000000
19.200150	0.640	13,326.000000
19.210817	0.640	10,940.000000
19.221483	0.640	8,571.000000
19.232150	0.640	7,235.000000
19.242817	0.640	7,415.000000
19.253483	0.640	7,692.000000
19.264150	0.640	4,700.000000
19.274817	0.640	-990.000000
19.285483	0.640	-708.000000
19.296150	0.640	7,407.000000
19.306817	0.640	12,555.000000
19.317483	0.640	9,787.000000
19.328150	0.640	5,979.000000
19.338817	0.640	5,815.000000
19.349483	0.640	6,738.000000
19.360150	0.640	6,097.000000
19.370817	0.640	4,184.000000
19.381483	0.640	3,082.000000
19.392150	0.640	3,448.000000
19.402817	0.640	4,170.000000
19.413483	0.640	5,903.000000
19.424150	0.640	7,890.000000
19.434817	0.640	8,411.000000
19.445483	0.640	8,646.000000
19.456150	0.640	7,696.000000
19.466817	0.640	3,952.000000
19.477483	0.640	677.000000
19.488150	0.640	1,081.000000
19.498817	0.640	2,981.000000
19.509483	0.640	3,088.000000
19.520150	0.640	3,378.000000
19.530817	0.640	6,329.000000
19.541483	0.640	8,473.000000
19.552200	0.643	6,588.000000
19.562817	0.637	3,642.000000
19.573483	0.640	4,160.000000
19.584150	0.640	6,967.000000
19.594817	0.640	6,849.000000
19.605483	0.640	4,753.000000
19.616150	0.640	6,914.000000
19.626817	0.640	13,253.000000
19.637483	0.640	16,034.000000
19.648150	0.640	9,751.000000
19.658817	0.640	-197.000000
19.669483	0.640	-3,715.000000
19.680150	0.640	-527.000000
19.690817	0.640	3,022.000000
19.701483	0.640	5,668.000000
19.712150	0.640	7,319.000000
19.722817	0.640	6,464.000000
19.733483	0.640	5,837.000000
19.744150	0.640	6,828.000000
19.754817	0.640	5,439.000000
19.765483	0.640	1,099.000000
19.776150	0.640	-1,553.000000
19.786817	0.640	-1,150.000000
19.797483	0.640	-584.000000
19.808150	0.640	598.000000
19.818817	0.640	4,439.000000
19.829483	0.640	6,314.000000
19.840150	0.640	2,978.000000
19.850817	0.640	2,162.000000
19.861483	0.640	7,654.000000
19.872150	0.640	10,300.000000
19.882817	0.640	5,610.000000
19.893483	0.640	1,112.000000
19.904150	0.640	2,861.000000
19.914817	0.640	8,387.000000
19.925483	0.640	11,410.000000
19.936150	0.640	9,107.000000
19.946817	0.640	4,714.000000
19.957483	0.640	2,462.000000
19.968150	0.640	4,389.000000
19.978817	0.640	10,085.000000
19.989483	0.640	14,097.000000
20.000150	0.640	9,713.000000
20.010817	0.640	518.000000
20.021483	0.640	-2,042.000000
20.032150	0.640	2,350.000000
20.042817	0.640	4,490.000000
20.053483	0.640	2,887.000000
20.064150	0.640	238.000000
20.074817	0.640	-2,278.000000
20.085483	0.640	-1,292.000000
20.096150	0.640	3,214.000000
20.106817	0.640	5,481.000000
20.117483	0.640	2,952.000000
20.128150	0.640	-1,005.000000
20.138817	0.640	-2,302.000000
20.149483	0.640	-464.000000
20.160150	0.640	1,344.000000
20.170817	0.640	1,805.000000
20.181483	0.640	2,994.000000
20.192150	0.640	4,214.000000
20.202817	0.640	2,547.000000
20.213483	0.640	191.000000
20.224150	0.640	262.000000
20.234817	0.640	202.000000
20.245483	0.640	-997.000000
20.256150	0.640	-1,201.000000
20.266817	0.640	-1,860.000000
20.277483	0.640	-4,319.000000
20.288150	0.640	-6,110.000000
20.298817	0.640	-5,613.000000
20.309483	0.640	-4,099.000000
20.320150	0.640	-3,683.000000
20.330817	0.640	-4,111.000000
20.341483	0.640	-2,222.000000
20.352150	0.640	2,103.000000
20.362817	0.640	5,133.000000
20.373483	0.640	7,073.000000
20.384150	0.640	11,333.000000
20.394817	0.640	16,507.000000
20.405483	0.640	17,880.000000
20.416150	0.640	14,030.000000
20.426817	0.640	9,965.000000
20.437483	0.640	15,882.000000
20.448150	0.640	34,510.000000
20.458817	0.640	55,236.000000
20.469483	0.640	70,443.000000
20.480150	0.640	83,596.000000
20.490817	0.640	102,645.000000
20.501483	0.640	135,112.000000
20.512150	0.640	181,391.000000
20.522817	0.640	237,480.000000
20.533483	0.640	305,797.000000
20.544150	0.640	392,564.000000
20.554817	0.640	501,209.000000
20.565483	0.640	633,289.000000
20.576150	0.640	790,436.000000
20.586817	0.640	980,298.000000
20.597483	0.640	1,220,001.000000
20.608150	0.640	1,526,512.000000
20.618817	0.640	1,914,565.000000
20.629483	0.640	2,409,664.000000
20.640150	0.640	3,047,192.000000
20.650817	0.640	3,864,995.000000
20.661483	0.640	4,916,307.000000
20.672150	0.640	6,267,357.000000
20.682817	0.640	7,960,662.000000
20.693483	0.640	9,991,231.000000
20.704150	0.640	12,318,114.000000
20.714817	0.640	14,883,381.000000
20.725483	0.640	17,569,777.000000
20.736150	0.640	20,138,961.000000
20.746817	0.640	22,307,660.000000
20.757483	0.640	23,870,454.000000
20.768150	0.640	24,688,247.000000
20.778817	0.640	24,657,179.000000
20.789483	0.640	23,763,334.000000
20.800150	0.640	22,119,126.000000
20.810817	0.640	19,941,130.000000
20.821483	0.640	17,490,888.000000
20.832150	0.640	14,986,902.000000
20.842817	0.640	12,588,126.000000
20.853483	0.640	10,437,530.000000
20.864150	0.640	8,633,871.000000
20.874817	0.640	7,187,883.000000
20.885483	0.640	6,053,981.000000
20.896150	0.640	5,182,983.000000
20.906817	0.640	4,533,787.000000
20.917483	0.640	4,055,544.000000
20.928150	0.640	3,692,483.000000
20.938817	0.640	3,410,130.000000
20.949483	0.640	3,195,550.000000
20.960150	0.640	3,037,025.000000
20.970817	0.640	2,914,601.000000
20.981483	0.640	2,805,378.000000
20.992150	0.640	2,697,563.000000
21.002817	0.640	2,596,516.000000
21.013483	0.640	2,510,262.000000
21.024150	0.640	2,437,152.000000
21.034817	0.640	2,371,670.000000
21.045483	0.640	2,312,556.000000
21.056150	0.640	2,259,823.000000
21.066817	0.640	2,207,120.000000
21.077483	0.640	2,148,276.000000
21.088150	0.640	2,089,255.000000
21.098817	0.640	2,040,655.000000
21.109483	0.640	2,000,802.000000
21.120150	0.640	1,958,554.000000
21.130817	0.640	1,911,766.000000
21.141483	0.640	1,865,390.000000
21.152150	0.640	1,818,369.000000
21.162817	0.640	1,771,620.000000
21.173483	0.640	1,731,847.000000
21.184150	0.640	1,698,962.000000
21.194817	0.640	1,667,744.000000
21.205483	0.640	1,636,345.000000
21.216150	0.640	1,604,491.000000
21.226817	0.640	1,573,178.000000
21.237483	0.640	1,545,103.000000
21.248150	0.640	1,520,356.000000
21.258817	0.640	1,496,636.000000
21.269483	0.640	1,471,728.000000
21.280150	0.640	1,443,717.000000
21.290817	0.640	1,414,902.000000
21.301483	0.640	1,390,662.000000
21.312150	0.640	1,372,846.000000
21.322817	0.640	1,359,667.000000
21.333483	0.640	1,347,179.000000
21.344150	0.640	1,332,709.000000
21.354817	0.640	1,317,949.000000
21.365483	0.640	1,305,672.000000
21.376150	0.640	1,298,817.000000
21.386817	0.640	1,297,208.000000
21.397483	0.640	1,292,930.000000
21.408150	0.640	1,280,571.000000
21.418817	0.640	1,265,274.000000
21.429483	0.640	1,253,613.000000
21.440150	0.640	1,247,530.000000
21.450817	0.640	1,245,582.000000
21.461483	0.640	1,243,878.000000
21.472150	0.640	1,238,861.000000
21.482817	0.640	1,229,030.000000
21.493483	0.640	1,216,833.000000
21.504150	0.640	1,208,794.000000
21.514817	0.640	1,205,537.000000
21.525483	0.640	1,198,364.000000
21.536150	0.640	1,185,391.000000
21.546817	0.640	1,174,858.000000
21.557483	0.640	1,168,036.000000
21.568150	0.640	1,158,186.000000
21.578817	0.640	1,142,292.000000
21.589483	0.640	1,123,269.000000
21.600150	0.640	1,105,227.000000
21.610817	0.640	1,089,502.000000
21.621483	0.640	1,076,740.000000
21.632150	0.640	1,067,198.000000
21.642817	0.640	1,056,424.000000
21.653483	0.640	1,041,355.000000
21.664150	0.640	1,026,282.000000
21.674817	0.640	1,012,571.000000
21.685483	0.640	995,800.000000
21.696150	0.640	976,568.000000
21.706817	0.640	958,908.000000
21.717483	0.640	944,078.000000
21.728150	0.640	932,771.000000
21.738817	0.640	923,233.000000
21.749483	0.640	911,408.000000
21.760150	0.640	896,693.000000
21.770817	0.640	880,832.000000
21.781483	0.640	866,677.000000
21.792150	0.640	857,653.000000
21.802817	0.640	850,637.000000
21.813483	0.640	838,939.000000
21.824150	0.640	825,386.000000
21.834817	0.640	816,355.000000
21.845483	0.640	810,151.000000
21.856150	0.640	805,493.000000
21.866817	0.640	804,095.000000
21.877483	0.640	801,648.000000
21.888150	0.640	792,395.000000
21.898817	0.640	779,469.000000
21.909483	0.640	770,404.000000
21.920150	0.640	763,489.000000
21.930817	0.640	753,832.000000
21.941483	0.640	746,647.000000
21.952150	0.640	743,572.000000
21.962817	0.640	736,847.000000
21.973483	0.640	726,990.000000
21.984150	0.640	720,480.000000
21.994817	0.640	715,723.000000
22.005483	0.640	708,453.000000
22.016150	0.640	700,955.000000
22.026817	0.640	696,153.000000
22.037483	0.640	691,772.000000
22.048150	0.640	686,308.000000
22.058817	0.640	681,391.000000
22.069483	0.640	677,427.000000
22.080150	0.640	673,135.000000
22.090817	0.640	667,385.000000
22.101483	0.640	661,678.000000
22.112150	0.640	658,350.000000
22.122817	0.640	654,248.000000
22.133483	0.640	647,842.000000
22.144150	0.640	645,761.000000
22.154817	0.640	647,175.000000
22.165483	0.640	642,649.000000
22.176150	0.640	634,175.000000
22.186817	0.640	629,867.000000
22.197483	0.640	627,710.000000
22.208150	0.640	623,423.000000
22.218817	0.640	619,963.000000
22.229483	0.640	619,730.000000
22.240150	0.640	618,687.000000
22.250817	0.640	613,144.000000
22.261483	0.640	605,337.000000
22.272150	0.640	601,135.000000
22.282817	0.640	602,182.000000
22.293483	0.640	603,827.000000
22.304150	0.640	603,717.000000
22.314817	0.640	601,342.000000
22.325483	0.640	595,449.000000
22.336150	0.640	590,347.000000
22.346817	0.640	590,155.000000
22.357483	0.640	590,766.000000
22.368150	0.640	589,529.000000
22.378817	0.640	588,708.000000
22.389483	0.640	587,516.000000
22.400150	0.640	584,821.000000
22.410817	0.640	582,026.000000
22.421483	0.640	580,380.000000
22.432150	0.640	580,320.000000
22.442817	0.640	578,204.000000
22.453483	0.640	569,902.000000
22.464150	0.640	559,704.000000
22.474817	0.640	554,994.000000
22.485483	0.640	555,701.000000
22.496150	0.640	557,377.000000
22.506817	0.640	558,352.000000
22.517483	0.640	558,759.000000
22.528150	0.640	559,437.000000
22.538817	0.640	561,078.000000
22.549483	0.640	559,658.000000
22.560150	0.640	552,533.000000
22.570817	0.640	547,853.000000
22.581483	0.640	550,925.000000
22.592150	0.640	552,545.000000
22.602817	0.640	547,606.000000
22.613483	0.640	544,295.000000
22.624150	0.640	545,510.000000
22.634817	0.640	545,634.000000
22.645483	0.640	544,617.000000
22.656150	0.640	543,894.000000
22.666817	0.640	540,815.000000
22.677483	0.640	538,470.000000
22.688150	0.640	540,918.000000
22.698817	0.640	543,965.000000
22.709483	0.640	544,613.000000
22.720150	0.640	542,777.000000
22.730817	0.640	537,781.000000
22.741483	0.640	534,414.000000
22.752150	0.640	536,758.000000
22.762817	0.640	538,902.000000
22.773483	0.640	535,736.000000
22.784150	0.640	532,207.000000
22.794817	0.640	531,238.000000
22.805483	0.640	526,616.000000
22.816150	0.640	518,966.000000
22.826817	0.640	518,773.000000
22.837483	0.640	525,259.000000
22.848150	0.640	526,827.000000
22.858817	0.640	522,827.000000
22.869483	0.640	522,493.000000
22.880150	0.640	526,006.000000
22.890817	0.640	527,306.000000
22.901483	0.640	528,658.000000
22.912200	0.643	531,752.000000
22.922817	0.637	532,131.000000
22.933483	0.640	530,765.000000
22.944150	0.640	530,030.000000
22.954817	0.640	529,645.000000
22.965483	0.640	530,983.000000
22.976150	0.640	531,539.000000
22.986817	0.640	528,752.000000
22.997483	0.640	526,921.000000
23.008150	0.640	527,711.000000
23.018817	0.640	527,623.000000
23.029483	0.640	526,185.000000
23.040150	0.640	526,561.000000
23.050817	0.640	530,289.000000
23.061483	0.640	532,994.000000
23.072150	0.640	530,334.000000
23.082817	0.640	526,780.000000
23.093483	0.640	528,277.000000
23.104150	0.640	533,662.000000
23.114817	0.640	539,149.000000
23.125483	0.640	542,500.000000
23.136150	0.640	542,724.000000
23.146817	0.640	541,598.000000
23.157483	0.640	541,747.000000
23.168150	0.640	542,408.000000
23.178817	0.640	543,270.000000
23.189483	0.640	545,514.000000
23.200150	0.640	547,460.000000
23.210817	0.640	548,012.000000
23.221483	0.640	548,739.000000
23.232150	0.640	551,699.000000
23.242817	0.640	558,480.000000
23.253483	0.640	566,301.000000
23.264150	0.640	569,551.000000
23.274817	0.640	567,172.000000
23.285483	0.640	562,875.000000
23.296150	0.640	559,850.000000
23.306817	0.640	558,737.000000
23.317483	0.640	559,419.000000
23.328150	0.640	562,496.000000
23.338817	0.640	567,869.000000
23.349483	0.640	571,061.000000
23.360150	0.640	567,691.000000
23.370817	0.640	564,043.000000
23.381483	0.640	569,776.000000
23.392150	0.640	582,334.000000
23.402817	0.640	591,962.000000
23.413483	0.640	594,454.000000
23.424150	0.640	591,387.000000
23.434817	0.640	585,584.000000
23.445483	0.640	582,013.000000
23.456150	0.640	586,899.000000
23.466817	0.640	598,682.000000
23.477483	0.640	606,503.000000
23.488150	0.640	603,485.000000
23.498817	0.640	595,685.000000
23.509483	0.640	593,514.000000
23.520150	0.640	598,087.000000
23.530817	0.640	603,206.000000
23.541483	0.640	607,368.000000
23.552150	0.640	611,111.000000
23.562817	0.640	608,250.000000
23.573483	0.640	597,508.000000
23.584150	0.640	590,042.000000
23.594867	0.643	591,722.000000
23.605483	0.637	595,571.000000
23.616150	0.640	592,773.000000
23.626817	0.640	582,660.000000
23.637483	0.640	574,903.000000
23.648150	0.640	576,260.000000
23.658817	0.640	581,306.000000
23.669483	0.640	584,086.000000
23.680150	0.640	584,240.000000
23.690817	0.640	580,949.000000
23.701483	0.640	575,140.000000
23.712150	0.640	572,523.000000
23.722817	0.640	575,702.000000
23.733483	0.640	578,071.000000
23.744150	0.640	573,608.000000
23.754817	0.640	568,111.000000
23.765483	0.640	567,571.000000
23.776150	0.640	568,772.000000
23.786817	0.640	571,286.000000
23.797483	0.640	576,716.000000
23.808150	0.640	579,300.000000
23.818817	0.640	575,563.000000
23.829483	0.640	571,217.000000
23.840150	0.640	570,761.000000
23.850817	0.640	571,723.000000
23.861483	0.640	569,735.000000
23.872150	0.640	565,904.000000
23.882817	0.640	567,960.000000
23.893483	0.640	576,542.000000
23.904150	0.640	580,291.000000
23.914817	0.640	576,398.000000
23.925483	0.640	574,416.000000
23.936150	0.640	576,444.000000
23.946817	0.640	579,235.000000
23.957483	0.640	583,883.000000
23.968150	0.640	588,424.000000
23.978817	0.640	588,778.000000
23.989483	0.640	585,868.000000
24.000150	0.640	584,673.000000
24.010817	0.640	591,421.000000
24.021483	0.640	604,449.000000
24.032150	0.640	612,049.000000
24.042817	0.640	610,643.000000
24.053483	0.640	610,363.000000
24.064150	0.640	614,546.000000
24.074817	0.640	615,213.000000
24.085483	0.640	613,390.000000
24.096150	0.640	617,024.000000
24.106817	0.640	623,103.000000
24.117483	0.640	626,499.000000
24.128150	0.640	629,049.000000
24.138817	0.640	630,882.000000
24.149483	0.640	630,548.000000
24.160150	0.640	629,322.000000
24.170817	0.640	630,904.000000
24.181483	0.640	637,821.000000
24.192150	0.640	646,445.000000
24.202817	0.640	651,405.000000
24.213483	0.640	653,220.000000
24.224150	0.640	656,125.000000
24.234817	0.640	662,200.000000
24.245483	0.640	669,436.000000
24.256150	0.640	674,044.000000
24.266817	0.640	678,221.000000
24.277483	0.640	686,442.000000
24.288150	0.640	691,805.000000
24.298817	0.640	688,094.000000
24.309483	0.640	684,395.000000
24.320150	0.640	687,402.000000
24.330817	0.640	693,307.000000
24.341483	0.640	700,633.000000
24.352150	0.640	708,264.000000
24.362817	0.640	710,850.000000
24.373483	0.640	707,022.000000
24.384150	0.640	702,408.000000
24.394817	0.640	701,937.000000
24.405483	0.640	705,573.000000
24.416150	0.640	712,034.000000
24.426817	0.640	720,089.000000
24.437483	0.640	727,817.000000
24.448150	0.640	733,293.000000
24.458817	0.640	733,666.000000
24.469483	0.640	729,589.000000
24.480150	0.640	728,305.000000
24.490817	0.640	733,429.000000
24.501483	0.640	741,112.000000
24.512150	0.640	748,512.000000
24.522817	0.640	754,244.000000
24.533483	0.640	755,957.000000
24.544150	0.640	754,680.000000
24.554817	0.640	753,928.000000
24.565483	0.640	754,221.000000
24.576150	0.640	754,722.000000
24.586817	0.640	757,394.000000
24.597483	0.640	763,983.000000
24.608150	0.640	770,440.000000
24.618817	0.640	770,554.000000
24.629483	0.640	764,707.000000
24.640150	0.640	760,714.000000
24.650817	0.640	766,066.000000
24.661483	0.640	779,543.000000
24.672150	0.640	792,954.000000
24.682817	0.640	799,668.000000
24.693483	0.640	798,163.000000
24.704150	0.640	793,889.000000
24.714817	0.640	795,023.000000
24.725483	0.640	799,898.000000
24.736150	0.640	799,976.000000
24.746817	0.640	795,831.000000
24.757483	0.640	795,559.000000
24.768150	0.640	800,852.000000
24.778817	0.640	805,649.000000
24.789483	0.640	808,409.000000
24.800150	0.640	815,302.000000
24.810817	0.640	825,844.000000
24.821483	0.640	832,540.000000
24.832150	0.640	836,838.000000
24.842817	0.640	844,526.000000
24.853483	0.640	851,283.000000
24.864150	0.640	850,079.000000
24.874817	0.640	844,769.000000
24.885483	0.640	843,128.000000
24.896150	0.640	842,709.000000
24.906817	0.640	836,906.000000
24.917483	0.640	827,801.000000
24.928150	0.640	820,033.000000
24.938817	0.640	815,662.000000
24.949483	0.640	818,968.000000
24.960150	0.640	828,673.000000
24.970817	0.640	834,967.000000
24.981483	0.640	834,518.000000
24.992150	0.640	834,007.000000
25.002817	0.640	836,878.000000
25.013483	0.640	839,303.000000
25.024150	0.640	839,079.000000
25.034817	0.640	838,671.000000
25.045483	0.640	841,805.000000
25.056150	0.640	847,929.000000
25.066817	0.640	850,158.000000
25.077483	0.640	846,625.000000
25.088150	0.640	844,590.000000
25.098817	0.640	847,484.000000
25.109483	0.640	851,976.000000
25.120150	0.640	856,643.000000
25.130817	0.640	860,905.000000
25.141483	0.640	861,543.000000
25.152150	0.640	859,688.000000
25.162817	0.640	861,250.000000
25.173483	0.640	867,742.000000
25.184150	0.640	875,766.000000
25.194817	0.640	880,856.000000
25.205483	0.640	879,813.000000
25.216150	0.640	872,868.000000
25.226817	0.640	864,347.000000
25.237483	0.640	860,588.000000
25.248150	0.640	861,099.000000
25.258817	0.640	860,179.000000
25.269483	0.640	859,711.000000
25.280150	0.640	864,223.000000
25.290817	0.640	869,926.000000
25.301483	0.640	869,483.000000
25.312150	0.640	861,348.000000
25.322817	0.640	853,107.000000
25.333483	0.640	852,701.000000
25.344150	0.640	858,302.000000
25.354817	0.640	865,579.000000
25.365483	0.640	871,662.000000
25.376150	0.640	872,136.000000
25.386817	0.640	869,481.000000
25.397483	0.640	870,309.000000
25.408150	0.640	873,126.000000
25.418817	0.640	872,682.000000
25.429483	0.640	868,056.000000
25.440150	0.640	860,701.000000
25.450817	0.640	852,692.000000
25.461483	0.640	848,222.000000
25.472150	0.640	847,963.000000
25.482817	0.640	846,664.000000
25.493483	0.640	841,580.000000
25.504150	0.640	835,175.000000
25.514817	0.640	831,062.000000
25.525483	0.640	831,386.000000
25.536150	0.640	835,342.000000
25.546817	0.640	840,522.000000
25.557483	0.640	845,958.000000
25.568150	0.640	849,543.000000
25.578817	0.640	847,619.000000
25.589483	0.640	842,653.000000
25.600150	0.640	841,325.000000
25.610817	0.640	845,163.000000
25.621483	0.640	850,519.000000
25.632150	0.640	854,320.000000
25.642817	0.640	857,797.000000
25.653483	0.640	864,242.000000
25.664150	0.640	872,953.000000
25.674817	0.640	878,294.000000
25.685483	0.640	876,415.000000
25.696150	0.640	871,730.000000
25.706817	0.640	872,305.000000
25.717483	0.640	879,171.000000
25.728150	0.640	886,152.000000
25.738817	0.640	889,005.000000
25.749483	0.640	888,047.000000
25.760150	0.640	885,456.000000
25.770817	0.640	885,808.000000
25.781483	0.640	891,577.000000
25.792150	0.640	899,246.000000
25.802817	0.640	905,618.000000
25.813483	0.640	909,022.000000
25.824150	0.640	908,795.000000
25.834817	0.640	909,795.000000
25.845483	0.640	916,123.000000
25.856150	0.640	923,414.000000
25.866817	0.640	925,306.000000
25.877483	0.640	921,959.000000
25.888150	0.640	918,628.000000
25.898817	0.640	917,543.000000
25.909483	0.640	915,055.000000
25.920150	0.640	907,946.000000
25.930817	0.640	899,004.000000
25.941483	0.640	893,880.000000
25.952150	0.640	892,458.000000
25.962817	0.640	887,957.000000
25.973483	0.640	878,174.000000
25.984150	0.640	869,267.000000
25.994817	0.640	864,915.000000
26.005483	0.640	861,315.000000
26.016150	0.640	854,703.000000
26.026817	0.640	847,003.000000
26.037483	0.640	840,256.000000
26.048150	0.640	833,249.000000
26.058817	0.640	828,247.000000
26.069483	0.640	828,492.000000
26.080150	0.640	830,885.000000
26.090817	0.640	832,494.000000
26.101483	0.640	834,458.000000
26.112150	0.640	835,879.000000
26.122817	0.640	834,967.000000
26.133483	0.640	830,799.000000
26.144150	0.640	820,358.000000
26.154817	0.640	805,374.000000
26.165483	0.640	794,039.000000
26.176150	0.640	788,480.000000
26.186817	0.640	785,311.000000
26.197483	0.640	784,106.000000
26.208150	0.640	785,638.000000
26.218817	0.640	790,969.000000
26.229483	0.640	802,018.000000
26.240150	0.640	817,432.000000
26.250817	0.640	830,341.000000
26.261483	0.640	836,521.000000
26.272150	0.640	840,122.000000
26.282817	0.640	843,728.000000
26.293483	0.640	844,921.000000
26.304150	0.640	842,825.000000
26.314817	0.640	841,666.000000
26.325483	0.640	854,383.000000
26.336150	0.640	900,676.000000
26.346817	0.640	1,016,053.000000
26.357483	0.640	1,300,032.000000
26.368150	0.640	1,942,160.000000
26.378817	0.640	3,026,295.000000
26.389483	0.640	4,150,171.000000
26.400150	0.640	4,521,436.000000
26.410817	0.640	3,792,286.000000
26.421483	0.640	2,527,781.000000
26.432150	0.640	1,546,815.000000
26.442817	0.640	1,127,114.000000
26.453483	0.640	1,046,124.000000
26.464150	0.640	1,047,372.000000
26.474817	0.640	1,044,890.000000
26.485483	0.640	1,044,611.000000
26.496150	0.640	1,053,574.000000
26.506817	0.640	1,067,377.000000
26.517483	0.640	1,082,606.000000
26.528150	0.640	1,097,910.000000
26.538817	0.640	1,111,189.000000
26.549483	0.640	1,121,342.000000
26.560150	0.640	1,130,209.000000
26.570817	0.640	1,140,326.000000
26.581483	0.640	1,150,733.000000
26.592150	0.640	1,156,658.000000
26.602817	0.640	1,155,101.000000
26.613483	0.640	1,150,543.000000
26.624150	0.640	1,148,669.000000
26.634817	0.640	1,149,049.000000
26.645483	0.640	1,152,042.000000
26.656150	0.640	1,161,025.000000
26.666817	0.640	1,178,147.000000
26.677483	0.640	1,207,740.000000
26.688150	0.640	1,253,244.000000
26.698817	0.640	1,313,204.000000
26.709483	0.640	1,401,595.000000
26.720150	0.640	1,574,610.000000
26.730817	0.640	1,899,254.000000
26.741483	0.640	2,318,549.000000
26.752150	0.640	2,577,455.000000
26.762817	0.640	2,463,988.000000
26.773483	0.640	2,106,714.000000
26.784150	0.640	1,829,208.000000
26.794817	0.640	1,784,169.000000
26.805483	0.640	1,886,544.000000
26.816150	0.640	1,990,398.000000
26.826817	0.640	2,033,575.000000
26.837483	0.640	2,060,500.000000
26.848150	0.640	2,142,211.000000
26.858817	0.640	2,328,311.000000
26.869483	0.640	2,815,036.000000
26.880150	0.640	4,649,507.000000
26.890817	0.640	12,208,922.000000
26.901483	0.640	36,285,958.000000
26.912150	0.640	84,913,919.000000
26.922817	0.640	138,550,778.000000
26.933483	0.640	153,021,188.000000
26.944150	0.640	111,888,810.000000
26.954817	0.640	51,888,489.000000
26.965483	0.640	15,176,115.000000
26.976150	0.640	6,062,200.000000
26.986817	0.640	6,744,681.000000
26.997483	0.640	6,592,181.000000
27.008150	0.640	5,747,937.000000
27.018817	0.640	6,468,731.000000
27.029483	0.640	9,314,087.000000
27.040150	0.640	13,364,690.000000
27.050817	0.640	16,872,348.000000
27.061483	0.640	18,118,135.000000
27.072150	0.640	16,370,076.000000
27.082817	0.640	12,671,193.000000
27.093483	0.640	9,335,844.000000
27.104150	0.640	7,957,655.000000
27.114817	0.640	8,510,341.000000
27.125483	0.640	10,423,967.000000
27.136150	0.640	12,981,418.000000
27.146817	0.640	14,461,242.000000
27.157483	0.640	13,231,814.000000
27.168150	0.640	10,173,644.000000
27.178817	0.640	7,776,621.000000
27.189483	0.640	7,160,419.000000
27.200150	0.640	7,773,954.000000
27.210817	0.640	9,015,294.000000
27.221483	0.640	10,521,214.000000
27.232150	0.640	11,489,960.000000
27.242817	0.640	11,921,538.000000
27.253483	0.640	17,994,974.000000
27.264150	0.640	18,876,620.000000
27.264317	0.010	38,314,930.000000
27.264483	0.010	18,876,620.000000
27.264650	0.010	38,314,930.000000
27.264817	0.010	18,876,620.000000
27.264983	0.010	38,314,930.000000
27.265150	0.010	18,876,620.000000
27.274817	0.580	18,876,620.000000
27.285483	0.640	18,876,620.000000
27.296150	0.640	18,876,620.000000
27.306817	0.640	18,876,620.000000
27.317483	0.640	18,876,620.000000
27.317650	0.010	38,314,930.000000
27.317817	0.010	18,876,620.000000
27.317983	0.010	38,314,930.000000
27.318150	0.010	18,876,620.000000
27.318317	0.010	38,314,930.000000
27.318483	0.010	18,876,620.000000
27.328150	0.580	197,887,942.000000
27.338817	0.640	101,497,179.000000
27.349483	0.640	63,033,828.000000
27.360150	0.640	56,385,877.000000
27.370817	0.640	50,709,761.000000
27.381483	0.640	56,806,750.000000
27.392150	0.640	57,688,396.000000
27.392317	0.010	96,532,594.000000
27.392483	0.010	57,688,396.000000
27.392650	0.010	96,532,594.000000
27.392817	0.010	57,688,396.000000
27.392983	0.010	96,532,594.000000
27.393150	0.010	57,688,396.000000
27.402817	0.580	57,688,396.000000
27.413483	0.640	57,688,396.000000
27.424150	0.640	57,688,396.000000
27.434817	0.640	57,688,396.000000
27.445483	0.640	57,688,396.000000
27.456150	0.640	57,688,396.000000
27.466817	0.640	57,688,396.000000
27.477483	0.640	57,688,396.000000
27.488150	0.640	57,688,396.000000
27.488317	0.010	96,532,594.000000
27.488483	0.010	57,688,396.000000
27.488650	0.010	96,532,594.000000
27.488817	0.010	57,688,396.000000
27.488983	0.010	96,532,594.000000
27.489150	0.010	57,688,396.000000
27.498817	0.580	126,296,619.000000
27.509483	0.640	93,739,925.000000
27.520150	0.640	91,401,260.000000
27.530817	0.640	85,804,156.000000
27.541483	0.640	67,343,927.000000
27.552150	0.640	49,562,827.000000
27.562817	0.640	40,106,610.000000
27.573483	0.640	35,265,315.000000
27.584150	0.640	31,319,452.000000
27.594817	0.640	28,179,611.000000
27.605483	0.640	26,544,422.000000
27.616150	0.640	25,902,069.000000
27.626817	0.640	24,878,138.000000
27.637483	0.640	22,882,512.000000
27.648150	0.640	20,894,432.000000
27.658817	0.640	19,901,519.000000
27.669483	0.640	19,438,574.000000
27.680150	0.640	18,567,357.000000
27.690817	0.640	17,352,556.000000
27.701483	0.640	16,518,887.000000
27.712150	0.640	16,329,901.000000
27.722817	0.640	16,450,588.000000
27.733483	0.640	16,451,646.000000
27.744150	0.640	16,217,250.000000
27.754817	0.640	16,158,300.000000
27.765483	0.640	16,776,209.000000
27.776150	0.640	17,927,986.000000
27.786817	0.640	18,971,769.000000
27.797483	0.640	19,401,093.000000
27.808150	0.640	19,015,577.000000
27.818817	0.640	17,977,123.000000
27.829483	0.640	16,855,928.000000
27.840150	0.640	16,231,033.000000
27.850817	0.640	16,239,691.000000
27.861483	0.640	16,602,582.000000
27.872150	0.640	17,157,597.000000
27.882817	0.640	19,098,891.000000
27.893483	0.640	27,983,048.000000
27.904150	0.640	28,864,694.000000
27.904317	0.010	53,297,041.000000
27.904483	0.010	28,864,694.000000
27.904650	0.010	53,297,041.000000
27.904817	0.010	28,864,694.000000
27.904983	0.010	53,297,041.000000
27.905150	0.010	28,864,694.000000
27.914817	0.580	28,864,694.000000
27.925483	0.640	28,864,694.000000
27.936150	0.640	28,864,694.000000
27.946817	0.640	28,864,694.000000
27.957483	0.640	28,864,694.000000
27.968150	0.640	28,864,694.000000
27.978817	0.640	28,864,694.000000
27.989483	0.640	28,864,694.000000
28.000150	0.640	28,864,694.000000
28.010817	0.640	28,864,694.000000
28.021483	0.640	28,864,694.000000
28.032150	0.640	28,864,694.000000
28.042817	0.640	28,864,694.000000
28.053483	0.640	28,864,694.000000
28.064150	0.640	28,864,694.000000
28.074817	0.640	28,864,694.000000
28.085483	0.640	28,864,694.000000
28.096150	0.640	28,864,694.000000
28.106817	0.640	28,864,694.000000
28.106983	0.010	53,297,041.000000
28.107150	0.010	28,864,694.000000
28.107317	0.010	53,297,041.000000
28.107483	0.010	28,864,694.000000
28.107650	0.010	53,297,041.000000
28.107817	0.010	28,864,694.000000
28.117483	0.580	132,232,653.000000
28.128150	0.640	65,629,884.000000
28.138817	0.640	56,727,131.000000
28.149483	0.640	61,544,704.000000
28.160150	0.640	59,229,759.000000
28.170817	0.640	50,439,686.000000
28.181483	0.640	38,230,201.000000
28.192150	0.640	26,692,337.000000
28.202817	0.640	22,113,537.000000
28.213483	0.640	29,855,697.000000
28.224150	0.640	54,008,101.000000
28.234817	0.640	92,087,471.000000
28.245483	0.640	129,088,799.000000
28.256150	0.640	149,992,842.000000
28.266817	0.640	156,965,265.000000
28.277483	0.640	161,672,375.000000
28.288150	0.640	167,125,985.000000
28.298817	0.640	168,256,091.000000
28.309483	0.640	163,201,572.000000
28.320150	0.640	155,737,029.000000
28.330817	0.640	149,374,655.000000
28.341483	0.640	142,904,163.000000
28.352150	0.640	132,025,400.000000
28.362817	0.640	113,786,414.000000
28.373483	0.640	88,715,750.000000
28.384150	0.640	61,127,361.000000
28.394817	0.640	37,921,050.000000
28.405483	0.640	23,807,113.000000
28.416150	0.640	17,587,177.000000
28.426817	0.640	15,217,298.000000
28.437483	0.640	14,893,311.000000
28.448150	0.640	16,924,079.000000
28.458817	0.640	20,134,614.000000
28.469483	0.640	21,312,068.000000
28.480150	0.640	18,726,993.000000
28.490817	0.640	14,166,899.000000
28.501483	0.640	10,498,524.000000
28.512150	0.640	8,720,609.000000
28.522817	0.640	8,111,820.000000
28.533483	0.640	7,877,539.000000
28.544150	0.640	7,763,551.000000
28.554817	0.640	7,703,365.000000
28.565483	0.640	7,581,264.000000
28.576150	0.640	7,337,617.000000
28.586817	0.640	7,043,183.000000
28.597483	0.640	6,782,782.000000
28.608150	0.640	6,545,935.000000
28.618817	0.640	6,247,657.000000
28.629483	0.640	5,782,357.000000
28.640150	0.640	5,071,408.000000
28.650817	0.640	4,137,093.000000
28.661483	0.640	3,131,392.000000
28.672150	0.640	2,236,347.000000
28.682817	0.640	1,540,449.000000
28.693483	0.640	1,040,511.000000
28.704150	0.640	716,622.000000
28.714817	0.640	624,988.000000
28.725483	0.640	819,955.000000
28.736150	0.640	1,013,073.000000
28.746817	0.640	801,735.000000
28.757483	0.640	346,230.000000
28.768150	0.640	84,900.000000
28.778817	0.640	60,362.000000
28.789483	0.640	75,707.000000
28.800150	0.640	60,166.000000
28.810817	0.640	43,541.000000
28.821483	0.640	36,588.000000
28.832150	0.640	28,460.000000
28.842817	0.640	17,694.000000
28.853483	0.640	8,589.000000
28.864150	0.640	3,314.000000
28.874817	0.640	1,426.000000
28.885483	0.640	1,354.000000
28.896150	0.640	3,652.000000
28.906817	0.640	7,172.000000
28.917483	0.640	6,617.000000
28.928150	0.640	1,424.000000
28.938817	0.640	-1,989.000000
28.949483	0.640	-1,200.000000
28.960150	0.640	36.000000
28.970817	0.640	0.000000
28.981483	0.640	142.000000
28.992150	0.640	95.000000
29.002817	0.640	-3,650.000000
29.013483	0.640	-10,600.000000
29.024150	0.640	-13,162.000000
29.034817	0.640	-7,803.000000
29.045483	0.640	-1,074.000000
29.056150	0.640	528.000000
29.066817	0.640	-96.000000
29.077483	0.640	266.000000
29.088150	0.640	-3,922.000000
29.098817	0.640	-12,953.000000
29.109483	0.640	-16,245.000000
29.120150	0.640	-10,409.000000
29.130817	0.640	-3,234.000000
29.141483	0.640	162.000000
29.152150	0.640	285.000000
29.162817	0.640	-2,018.000000
29.173483	0.640	-5,971.000000
29.184150	0.640	-9,046.000000
29.194817	0.640	-7,506.000000
29.205483	0.640	-1,845.000000
29.216150	0.640	791.000000
29.226817	0.640	-3,961.000000
29.237483	0.640	-9,764.000000
29.248150	0.640	-9,412.000000
29.258817	0.640	-6,988.000000
29.269483	0.640	-9,153.000000
29.280150	0.640	-12,220.000000
29.290817	0.640	-9,539.000000
29.301483	0.640	-4,204.000000
29.312150	0.640	-4,135.000000
29.322817	0.640	-9,100.000000
29.333483	0.640	-12,033.000000
29.344150	0.640	-9,204.000000
29.354817	0.640	-3,454.000000
29.365483	0.640	-2,051.000000
29.376150	0.640	-8,191.000000
29.386817	0.640	-14,338.000000
29.397483	0.640	-13,376.000000
29.408150	0.640	-8,718.000000
29.418817	0.640	-5,826.000000
29.429483	0.640	-4,943.000000
29.440150	0.640	-3,729.000000
29.450817	0.640	-1,001.000000
29.461483	0.640	-778.000000
29.472150	0.640	-7,300.000000
29.482817	0.640	-14,125.000000
29.493483	0.640	-12,573.000000
29.504150	0.640	-5,800.000000
29.514817	0.640	-2,016.000000
29.525483	0.640	-4,457.000000
29.536150	0.640	-11,221.000000
29.546817	0.640	-16,981.000000
29.557483	0.640	-16,148.000000
29.568150	0.640	-8,617.000000
29.578817	0.640	-1,416.000000
29.589483	0.640	-97.000000
29.600150	0.640	-2,894.000000
29.610817	0.640	-7,968.000000
29.621483	0.640	-13,264.000000
29.632150	0.640	-12,130.000000
29.642817	0.640	-5,505.000000
29.653483	0.640	-2,245.000000
29.664150	0.640	-2,879.000000
29.674817	0.640	-3,040.000000
29.685483	0.640	-3,026.000000
29.696150	0.640	-3,297.000000
29.706817	0.640	-3,718.000000
29.717483	0.640	-5,669.000000
29.728150	0.640	-5,562.000000
29.738817	0.640	644.000000
29.749483	0.640	6,266.000000
29.760150	0.640	5,187.000000
29.770817	0.640	964.000000
29.781483	0.640	-3,560.000000
29.792150	0.640	-7,241.000000
29.802817	0.640	-7,145.000000
29.813483	0.640	-3,485.000000
29.824150	0.640	-851.000000
29.834817	0.640	-3,281.000000
29.845483	0.640	-8,729.000000
29.856150	0.640	-10,781.000000
29.866817	0.640	-6,618.000000
29.877483	0.640	296.000000
29.888150	0.640	4,692.000000
29.898817	0.640	3,877.000000
29.909483	0.640	761.000000
29.920150	0.640	1,849.000000
29.930817	0.640	6,440.000000
29.941483	0.640	7,358.000000
29.952150	0.640	3,567.000000
29.962817	0.640	10.000000
29.973483	0.640	140.000000
29.984150	0.640	2,198.000000
29.994817	0.640	1,560.000000
30.005483	0.640	-2,333.000000
