File Path	chrom://nnfcb-l0495/ChromeleonLocal/20180320_AA_Lars Nielsen samples Vienna_lbpet.seq/941.smp/Emission_1.channel/Emission_1.chm
Channel	Emission_1

Injection Information:
Data Vault	ChromeleonLocal
Injection	AAmix_0p5ug_mL_1
Injection Number	5
Position	RB4
Comment	
Processing Method	20171024_Calculated with IS_lbpet
Instrument Method	20161104_AA_GeminiC18_FinalVer7
Type	Calibration Standard
Status	Finished
Injection Date	20-03-2018
Injection Time	12:42:09
Injection Volume (µl)	56.500
Dilution Factor	1.0000
Weight	1.0000

Raw Data Information:
Time Min. (min)	0.003933
Time Max. (min)	30.001600
Data Points	2813
Detector	FLD
Exporting Data System	Chromeleon 7.1.2.1478
Operator	
Signal Quantity	
Signal Unit	counts
Signal Min.	-2,016.000000
Signal Max.	70,594,744.000000
Channel	Emission_1
Driver Name	FLD3000.dll
Channel Type	Evaluation
Min. Step (s)	0.637
Max. Step (s)	0.820
Average Step (s)	0.640

Signal Parameter Information:
Signal Info	340 nm /450 nm

Raw Data:
Time (min)	Step (s)	Value (counts)
0.003933	0.000	0.000000
0.017600	0.820	0.000000
0.028267	0.640	0.000000
0.038933	0.640	-316.000000
0.049600	0.640	-1,099.000000
0.060267	0.640	-1,029.000000
0.070933	0.640	79.000000
0.081600	0.640	579.000000
0.092267	0.640	70.000000
0.102933	0.640	-63.000000
0.113600	0.640	775.000000
0.124267	0.640	923.000000
0.134933	0.640	-575.000000
0.145600	0.640	-1,710.000000
0.156267	0.640	-983.000000
0.166933	0.640	540.000000
0.177600	0.640	1,583.000000
0.188267	0.640	1,788.000000
0.198933	0.640	1,694.000000
0.209600	0.640	2,048.000000
0.220267	0.640	2,274.000000
0.230933	0.640	1,941.000000
0.241600	0.640	1,975.000000
0.252267	0.640	2,051.000000
0.262933	0.640	1,146.000000
0.273600	0.640	363.000000
0.284267	0.640	894.000000
0.294933	0.640	2,007.000000
0.305600	0.640	2,551.000000
0.316267	0.640	2,103.000000
0.326933	0.640	1,422.000000
0.337600	0.640	1,451.000000
0.348267	0.640	1,739.000000
0.358933	0.640	1,886.000000
0.369600	0.640	2,384.000000
0.380267	0.640	2,719.000000
0.390933	0.640	2,042.000000
0.401600	0.640	1,177.000000
0.412267	0.640	1,360.000000
0.422933	0.640	2,307.000000
0.433600	0.640	2,679.000000
0.444267	0.640	2,227.000000
0.454933	0.640	1,771.000000
0.465600	0.640	995.000000
0.476267	0.640	-142.000000
0.486933	0.640	-44.000000
0.497600	0.640	1,095.000000
0.508267	0.640	1,422.000000
0.518933	0.640	1,259.000000
0.529600	0.640	1,873.000000
0.540267	0.640	2,758.000000
0.550933	0.640	2,734.000000
0.561600	0.640	1,548.000000
0.572267	0.640	164.000000
0.582933	0.640	-334.000000
0.593600	0.640	-478.000000
0.604267	0.640	-889.000000
0.614933	0.640	-413.000000
0.625600	0.640	1,190.000000
0.636267	0.640	2,208.000000
0.646933	0.640	2,150.000000
0.657600	0.640	1,962.000000
0.668267	0.640	1,783.000000
0.678933	0.640	1,446.000000
0.689600	0.640	1,406.000000
0.700267	0.640	1,602.000000
0.710933	0.640	1,166.000000
0.721600	0.640	83.000000
0.732267	0.640	-341.000000
0.742933	0.640	505.000000
0.753600	0.640	1,638.000000
0.764267	0.640	2,253.000000
0.774933	0.640	2,463.000000
0.785600	0.640	2,568.000000
0.796267	0.640	3,017.000000
0.806933	0.640	3,598.000000
0.817600	0.640	3,050.000000
0.828267	0.640	1,770.000000
0.838933	0.640	1,866.000000
0.849600	0.640	2,979.000000
0.860267	0.640	2,671.000000
0.870933	0.640	883.000000
0.881600	0.640	5.000000
0.892267	0.640	732.000000
0.902933	0.640	1,454.000000
0.913600	0.640	1,641.000000
0.924267	0.640	1,766.000000
0.934933	0.640	1,542.000000
0.945600	0.640	676.000000
0.956267	0.640	-429.000000
0.966933	0.640	-893.000000
0.977600	0.640	-262.000000
0.988267	0.640	804.000000
0.998933	0.640	1,100.000000
1.009600	0.640	489.000000
1.020267	0.640	486.000000
1.030933	0.640	1,712.000000
1.041600	0.640	2,421.000000
1.052267	0.640	1,361.000000
1.062933	0.640	-301.000000
1.073600	0.640	-838.000000
1.084267	0.640	245.000000
1.094933	0.640	2,049.000000
1.105600	0.640	2,935.000000
1.116267	0.640	2,190.000000
1.126933	0.640	1,141.000000
1.137600	0.640	1,423.000000
1.148267	0.640	2,430.000000
1.158933	0.640	2,699.000000
1.169600	0.640	2,574.000000
1.180267	0.640	2,830.000000
1.190933	0.640	2,943.000000
1.201600	0.640	2,455.000000
1.212267	0.640	1,817.000000
1.222933	0.640	1,506.000000
1.233600	0.640	1,762.000000
1.244267	0.640	2,612.000000
1.254933	0.640	3,369.000000
1.265600	0.640	3,302.000000
1.276267	0.640	2,784.000000
1.286933	0.640	2,299.000000
1.297600	0.640	1,785.000000
1.308267	0.640	1,472.000000
1.318933	0.640	1,340.000000
1.329600	0.640	870.000000
1.340267	0.640	326.000000
1.350933	0.640	521.000000
1.361600	0.640	1,109.000000
1.372267	0.640	1,336.000000
1.382933	0.640	1,665.000000
1.393600	0.640	2,227.000000
1.404267	0.640	2,023.000000
1.414933	0.640	756.000000
1.425600	0.640	-443.000000
1.436267	0.640	-523.000000
1.446933	0.640	195.000000
1.457600	0.640	941.000000
1.468267	0.640	989.000000
1.478933	0.640	-145.000000
1.489600	0.640	-950.000000
1.500267	0.640	618.000000
1.510933	0.640	3,145.000000
1.521600	0.640	3,684.000000
1.532267	0.640	2,677.000000
1.542933	0.640	2,219.000000
1.553600	0.640	2,190.000000
1.564267	0.640	2,074.000000
1.574933	0.640	2,711.000000
1.585600	0.640	3,805.000000
1.596267	0.640	3,801.000000
1.606933	0.640	2,869.000000
1.617600	0.640	2,583.000000
1.628267	0.640	3,330.000000
1.638933	0.640	3,913.000000
1.649600	0.640	3,708.000000
1.660267	0.640	3,606.000000
1.670933	0.640	3,936.000000
1.681600	0.640	4,158.000000
1.692267	0.640	4,030.000000
1.702933	0.640	3,560.000000
1.713600	0.640	3,319.000000
1.724267	0.640	3,741.000000
1.734933	0.640	3,992.000000
1.745600	0.640	3,327.000000
1.756267	0.640	2,426.000000
1.766933	0.640	2,354.000000
1.777600	0.640	3,113.000000
1.788267	0.640	3,463.000000
1.798933	0.640	2,459.000000
1.809600	0.640	1,066.000000
1.820267	0.640	847.000000
1.830933	0.640	1,887.000000
1.841600	0.640	3,267.000000
1.852267	0.640	3,932.000000
1.862933	0.640	3,425.000000
1.873600	0.640	2,447.000000
1.884267	0.640	1,666.000000
1.894933	0.640	1,053.000000
1.905600	0.640	668.000000
1.916267	0.640	1,017.000000
1.926933	0.640	1,846.000000
1.937600	0.640	1,410.000000
1.948267	0.640	-448.000000
1.958933	0.640	-1,126.000000
1.969600	0.640	82.000000
1.980267	0.640	1,130.000000
1.990933	0.640	1,116.000000
2.001600	0.640	800.000000
2.012267	0.640	1,156.000000
2.022933	0.640	2,012.000000
2.033600	0.640	1,971.000000
2.044267	0.640	968.000000
2.054933	0.640	503.000000
2.065600	0.640	1,095.000000
2.076267	0.640	2,096.000000
2.086933	0.640	3,047.000000
2.097600	0.640	3,693.000000
2.108267	0.640	3,645.000000
2.118933	0.640	2,856.000000
2.129600	0.640	1,770.000000
2.140267	0.640	704.000000
2.150933	0.640	29.000000
2.161600	0.640	389.000000
2.172267	0.640	1,594.000000
2.182933	0.640	2,651.000000
2.193600	0.640	3,010.000000
2.204267	0.640	2,418.000000
2.214933	0.640	1,208.000000
2.225600	0.640	887.000000
2.236267	0.640	1,968.000000
2.246933	0.640	3,021.000000
2.257600	0.640	3,122.000000
2.268267	0.640	2,357.000000
2.278933	0.640	928.000000
2.289600	0.640	-83.000000
2.300267	0.640	287.000000
2.310933	0.640	1,039.000000
2.321600	0.640	1,176.000000
2.332267	0.640	1,141.000000
2.342933	0.640	880.000000
2.353600	0.640	215.000000
2.364267	0.640	367.000000
2.374933	0.640	1,694.000000
2.385600	0.640	2,557.000000
2.396267	0.640	2,158.000000
2.406933	0.640	1,284.000000
2.417600	0.640	545.000000
2.428267	0.640	439.000000
2.438933	0.640	1,409.000000
2.449600	0.640	2,584.000000
2.460267	0.640	2,634.000000
2.470933	0.640	1,807.000000
2.481600	0.640	1,372.000000
2.492267	0.640	2,065.000000
2.502933	0.640	3,642.000000
2.513600	0.640	4,831.000000
2.524267	0.640	4,318.000000
2.534933	0.640	2,169.000000
2.545600	0.640	-55.000000
2.556267	0.640	-878.000000
2.566933	0.640	-714.000000
2.577600	0.640	-619.000000
2.588267	0.640	-214.000000
2.598933	0.640	1,193.000000
2.609600	0.640	3,030.000000
2.620267	0.640	3,594.000000
2.630933	0.640	2,015.000000
2.641600	0.640	-71.000000
2.652267	0.640	-786.000000
2.662933	0.640	-377.000000
2.673600	0.640	-15.000000
2.684267	0.640	83.000000
2.694933	0.640	719.000000
2.705600	0.640	1,863.000000
2.716267	0.640	2,355.000000
2.726933	0.640	2,209.000000
2.737600	0.640	2,454.000000
2.748267	0.640	2,840.000000
2.758933	0.640	2,755.000000
2.769600	0.640	2,658.000000
2.780267	0.640	2,402.000000
2.790933	0.640	1,473.000000
2.801600	0.640	963.000000
2.812267	0.640	1,945.000000
2.822933	0.640	3,193.000000
2.833600	0.640	2,818.000000
2.844267	0.640	1,184.000000
2.854933	0.640	547.000000
2.865600	0.640	1,591.000000
2.876267	0.640	2,448.000000
2.886933	0.640	1,927.000000
2.897600	0.640	1,128.000000
2.908267	0.640	1,737.000000
2.918933	0.640	3,611.000000
2.929600	0.640	4,048.000000
2.940267	0.640	1,817.000000
2.950933	0.640	-36.000000
2.961600	0.640	518.000000
2.972267	0.640	1,252.000000
2.982933	0.640	531.000000
2.993600	0.640	-481.000000
3.004267	0.640	-31.000000
3.014933	0.640	2,940.000000
3.025600	0.640	7,360.000000
3.036267	0.640	11,245.000000
3.046933	0.640	15,377.000000
3.057600	0.640	22,881.000000
3.068267	0.640	37,534.000000
3.078933	0.640	64,875.000000
3.089600	0.640	111,256.000000
3.100267	0.640	179,832.000000
3.110933	0.640	266,104.000000
3.121600	0.640	354,758.000000
3.132267	0.640	423,768.000000
3.142933	0.640	455,892.000000
3.153600	0.640	448,069.000000
3.164267	0.640	411,994.000000
3.174933	0.640	365,580.000000
3.185600	0.640	322,773.000000
3.196267	0.640	289,348.000000
3.206933	0.640	265,312.000000
3.217600	0.640	249,842.000000
3.228267	0.640	240,834.000000
3.238933	0.640	233,154.000000
3.249600	0.640	223,387.000000
3.260267	0.640	210,548.000000
3.270933	0.640	192,663.000000
3.281600	0.640	169,662.000000
3.292267	0.640	144,833.000000
3.302933	0.640	120,064.000000
3.313600	0.640	94,949.000000
3.324267	0.640	71,007.000000
3.334933	0.640	51,014.000000
3.345600	0.640	35,250.000000
3.356267	0.640	23,074.000000
3.366933	0.640	14,858.000000
3.377600	0.640	10,369.000000
3.388267	0.640	8,224.000000
3.398933	0.640	7,012.000000
3.409600	0.640	6,352.000000
3.420267	0.640	6,112.000000
3.430933	0.640	4,819.000000
3.441600	0.640	1,907.000000
3.452267	0.640	-432.000000
3.462933	0.640	-775.000000
3.473600	0.640	-268.000000
3.484267	0.640	186.000000
3.494933	0.640	890.000000
3.505600	0.640	1,881.000000
3.516267	0.640	2,751.000000
3.526933	0.640	3,177.000000
3.537600	0.640	3,043.000000
3.548267	0.640	2,368.000000
3.558933	0.640	1,483.000000
3.569600	0.640	982.000000
3.580267	0.640	713.000000
3.590933	0.640	225.000000
3.601650	0.643	255.000000
3.612267	0.637	1,491.000000
3.622933	0.640	2,716.000000
3.633600	0.640	2,388.000000
3.644267	0.640	1,345.000000
3.654933	0.640	1,316.000000
3.665600	0.640	2,059.000000
3.676267	0.640	2,827.000000
3.686933	0.640	3,802.000000
3.697600	0.640	4,578.000000
3.708267	0.640	3,964.000000
3.718933	0.640	1,889.000000
3.729600	0.640	581.000000
3.740267	0.640	1,774.000000
3.750933	0.640	3,694.000000
3.761600	0.640	4,171.000000
3.772267	0.640	3,751.000000
3.782933	0.640	3,720.000000
3.793600	0.640	4,186.000000
3.804267	0.640	4,402.000000
3.814933	0.640	3,839.000000
3.825600	0.640	2,957.000000
3.836267	0.640	2,975.000000
3.846933	0.640	4,497.000000
3.857600	0.640	6,353.000000
3.868267	0.640	6,352.000000
3.878933	0.640	4,197.000000
3.889600	0.640	2,775.000000
3.900267	0.640	3,717.000000
3.910933	0.640	5,283.000000
3.921600	0.640	6,157.000000
3.932267	0.640	6,047.000000
3.942933	0.640	4,747.000000
3.953600	0.640	2,890.000000
3.964267	0.640	1,369.000000
3.974933	0.640	927.000000
3.985600	0.640	1,566.000000
3.996267	0.640	2,238.000000
4.006933	0.640	2,408.000000
4.017600	0.640	2,077.000000
4.028267	0.640	1,032.000000
4.038933	0.640	-339.000000
4.049600	0.640	-898.000000
4.060267	0.640	39.000000
4.070933	0.640	1,934.000000
4.081600	0.640	3,453.000000
4.092267	0.640	3,751.000000
4.102933	0.640	3,278.000000
4.113600	0.640	2,751.000000
4.124267	0.640	2,150.000000
4.134933	0.640	1,759.000000
4.145600	0.640	2,228.000000
4.156267	0.640	3,132.000000
4.166933	0.640	3,705.000000
4.177600	0.640	4,025.000000
4.188267	0.640	4,261.000000
4.198933	0.640	4,234.000000
4.209600	0.640	3,771.000000
4.220267	0.640	3,226.000000
4.230933	0.640	3,317.000000
4.241600	0.640	3,640.000000
4.252267	0.640	3,569.000000
4.262933	0.640	3,809.000000
4.273600	0.640	4,163.000000
4.284267	0.640	3,494.000000
4.294933	0.640	2,302.000000
4.305600	0.640	1,519.000000
4.316267	0.640	1,521.000000
4.326933	0.640	2,295.000000
4.337600	0.640	2,669.000000
4.348267	0.640	2,635.000000
4.358933	0.640	3,266.000000
4.369600	0.640	3,330.000000
4.380267	0.640	1,737.000000
4.390933	0.640	-395.000000
4.401600	0.640	-2,006.000000
4.412267	0.640	-2,016.000000
4.422933	0.640	68.000000
4.433600	0.640	2,280.000000
4.444267	0.640	2,688.000000
4.454933	0.640	1,829.000000
4.465600	0.640	1,063.000000
4.476267	0.640	1,231.000000
4.486933	0.640	2,342.000000
4.497600	0.640	3,954.000000
4.508267	0.640	6,025.000000
4.518933	0.640	7,930.000000
4.529600	0.640	8,928.000000
4.540267	0.640	9,754.000000
4.550933	0.640	10,877.000000
4.561600	0.640	11,566.000000
4.572267	0.640	11,655.000000
4.582933	0.640	11,981.000000
4.593600	0.640	12,875.000000
4.604267	0.640	13,677.000000
4.614933	0.640	15,765.000000
4.625600	0.640	22,264.000000
4.636267	0.640	33,272.000000
4.646933	0.640	48,813.000000
4.657600	0.640	74,666.000000
4.668267	0.640	121,004.000000
4.678933	0.640	201,550.000000
4.689600	0.640	331,271.000000
4.700267	0.640	507,642.000000
4.710933	0.640	689,354.000000
4.721600	0.640	807,330.000000
4.732267	0.640	804,987.000000
4.742933	0.640	677,596.000000
4.753600	0.640	482,979.000000
4.764267	0.640	300,701.000000
4.774933	0.640	174,928.000000
4.785600	0.640	103,537.000000
4.796267	0.640	65,142.000000
4.806933	0.640	41,643.000000
4.817600	0.640	25,305.000000
4.828267	0.640	15,532.000000
4.838933	0.640	11,543.000000
4.849600	0.640	9,677.000000
4.860267	0.640	7,392.000000
4.870933	0.640	5,589.000000
4.881600	0.640	5,340.000000
4.892267	0.640	5,329.000000
4.902933	0.640	4,235.000000
4.913600	0.640	2,589.000000
4.924267	0.640	902.000000
4.934933	0.640	-93.000000
4.945600	0.640	765.000000
4.956267	0.640	1,949.000000
4.966933	0.640	1,624.000000
4.977600	0.640	1,913.000000
4.988267	0.640	4,494.000000
4.998933	0.640	6,791.000000
5.009600	0.640	6,657.000000
5.020267	0.640	5,954.000000
5.030933	0.640	6,647.000000
5.041600	0.640	7,340.000000
5.052267	0.640	6,618.000000
5.062933	0.640	5,590.000000
5.073600	0.640	5,346.000000
5.084267	0.640	5,270.000000
5.094933	0.640	4,112.000000
5.105600	0.640	2,206.000000
5.116267	0.640	2,027.000000
5.126933	0.640	4,565.000000
5.137600	0.640	7,259.000000
5.148267	0.640	7,709.000000
5.158933	0.640	6,476.000000
5.169600	0.640	5,502.000000
5.180267	0.640	6,005.000000
5.190933	0.640	7,259.000000
5.201600	0.640	7,131.000000
5.212267	0.640	5,326.000000
5.222933	0.640	4,139.000000
5.233600	0.640	4,300.000000
5.244267	0.640	4,236.000000
5.254933	0.640	3,755.000000
5.265600	0.640	3,773.000000
5.276267	0.640	4,081.000000
5.286933	0.640	4,071.000000
5.297600	0.640	3,789.000000
5.308267	0.640	3,455.000000
5.318933	0.640	3,355.000000
5.329600	0.640	4,289.000000
5.340267	0.640	6,056.000000
5.350933	0.640	6,839.000000
5.361600	0.640	6,266.000000
5.372267	0.640	5,703.000000
5.382933	0.640	5,424.000000
5.393600	0.640	5,203.000000
5.404267	0.640	5,557.000000
5.414933	0.640	6,657.000000
5.425600	0.640	7,794.000000
5.436267	0.640	8,234.000000
5.446933	0.640	8,195.000000
5.457600	0.640	8,046.000000
5.468267	0.640	7,574.000000
5.478933	0.640	7,454.000000
5.489600	0.640	9,195.000000
5.500267	0.640	12,804.000000
5.510933	0.640	17,232.000000
5.521600	0.640	23,091.000000
5.532267	0.640	32,405.000000
5.542933	0.640	46,188.000000
5.553600	0.640	62,844.000000
5.564267	0.640	78,362.000000
5.574933	0.640	89,294.000000
5.585600	0.640	94,190.000000
5.596267	0.640	92,054.000000
5.606933	0.640	83,313.000000
5.617600	0.640	69,934.000000
5.628267	0.640	53,725.000000
5.638933	0.640	38,130.000000
5.649600	0.640	27,855.000000
5.660267	0.640	23,097.000000
5.670933	0.640	19,018.000000
5.681600	0.640	13,607.000000
5.692267	0.640	9,631.000000
5.702933	0.640	8,317.000000
5.713600	0.640	7,883.000000
5.724267	0.640	6,772.000000
5.734933	0.640	5,231.000000
5.745600	0.640	4,660.000000
5.756267	0.640	5,727.000000
5.766933	0.640	7,352.000000
5.777600	0.640	7,556.000000
5.788267	0.640	6,174.000000
5.798933	0.640	5,273.000000
5.809600	0.640	5,390.000000
5.820267	0.640	5,329.000000
5.830933	0.640	5,073.000000
5.841600	0.640	5,085.000000
5.852267	0.640	5,240.000000
5.862933	0.640	5,395.000000
5.873600	0.640	5,326.000000
5.884267	0.640	5,224.000000
5.894933	0.640	6,131.000000
5.905600	0.640	8,036.000000
5.916267	0.640	8,712.000000
5.926933	0.640	6,846.000000
5.937600	0.640	4,431.000000
5.948267	0.640	3,744.000000
5.958933	0.640	4,564.000000
5.969600	0.640	5,483.000000
5.980267	0.640	6,030.000000
5.990933	0.640	6,934.000000
6.001600	0.640	8,301.000000
6.012267	0.640	8,615.000000
6.022933	0.640	7,419.000000
6.033600	0.640	6,245.000000
6.044267	0.640	5,830.000000
6.054933	0.640	6,295.000000
6.065600	0.640	7,782.000000
6.076267	0.640	9,078.000000
6.086933	0.640	9,162.000000
6.097600	0.640	8,836.000000
6.108267	0.640	9,023.000000
6.118933	0.640	9,699.000000
6.129600	0.640	10,590.000000
6.140267	0.640	11,466.000000
6.150933	0.640	12,301.000000
6.161600	0.640	13,364.000000
6.172267	0.640	14,429.000000
6.182933	0.640	14,106.000000
6.193600	0.640	11,682.000000
6.204267	0.640	8,772.000000
6.214933	0.640	6,894.000000
6.225600	0.640	6,504.000000
6.236267	0.640	8,016.000000
6.246933	0.640	9,723.000000
6.257600	0.640	9,321.000000
6.268267	0.640	8,216.000000
6.278933	0.640	8,796.000000
6.289600	0.640	10,496.000000
6.300267	0.640	12,010.000000
6.310933	0.640	14,256.000000
6.321600	0.640	17,584.000000
6.332267	0.640	20,016.000000
6.342933	0.640	23,212.000000
6.353600	0.640	32,566.000000
6.364267	0.640	50,040.000000
6.374933	0.640	74,922.000000
6.385600	0.640	108,830.000000
6.396267	0.640	155,852.000000
6.406933	0.640	215,293.000000
6.417600	0.640	272,729.000000
6.428267	0.640	308,539.000000
6.438933	0.640	314,383.000000
6.449600	0.640	291,385.000000
6.460267	0.640	245,369.000000
6.470933	0.640	188,148.000000
6.481600	0.640	131,826.000000
6.492267	0.640	84,629.000000
6.502933	0.640	51,087.000000
6.513600	0.640	31,093.000000
6.524267	0.640	21,099.000000
6.534933	0.640	16,606.000000
6.545600	0.640	14,128.000000
6.556267	0.640	12,074.000000
6.566933	0.640	9,996.000000
6.577600	0.640	7,846.000000
6.588267	0.640	6,214.000000
6.598933	0.640	6,054.000000
6.609600	0.640	7,307.000000
6.620267	0.640	8,578.000000
6.630933	0.640	8,656.000000
6.641600	0.640	7,747.000000
6.652267	0.640	6,902.000000
6.662933	0.640	6,742.000000
6.673600	0.640	6,950.000000
6.684267	0.640	7,130.000000
6.694933	0.640	8,009.000000
6.705600	0.640	10,210.000000
6.716267	0.640	11,855.000000
6.726933	0.640	10,693.000000
6.737600	0.640	8,239.000000
6.748267	0.640	7,171.000000
6.758933	0.640	7,354.000000
6.769600	0.640	8,190.000000
6.780267	0.640	9,774.000000
6.790933	0.640	10,712.000000
6.801600	0.640	9,765.000000
6.812267	0.640	8,289.000000
6.822933	0.640	8,028.000000
6.833600	0.640	8,865.000000
6.844267	0.640	9,678.000000
6.854933	0.640	9,830.000000
6.865600	0.640	9,889.000000
6.876267	0.640	10,822.000000
6.886933	0.640	12,255.000000
6.897600	0.640	12,498.000000
6.908267	0.640	10,887.000000
6.918933	0.640	9,075.000000
6.929600	0.640	8,604.000000
6.940267	0.640	9,190.000000
6.950933	0.640	10,344.000000
6.961600	0.640	11,452.000000
6.972267	0.640	11,400.000000
6.982933	0.640	10,376.000000
6.993600	0.640	9,474.000000
7.004267	0.640	8,849.000000
7.014933	0.640	8,309.000000
7.025600	0.640	7,986.000000
7.036267	0.640	8,151.000000
7.046933	0.640	9,144.000000
7.057600	0.640	10,284.000000
7.068267	0.640	10,206.000000
7.078933	0.640	9,001.000000
7.089600	0.640	7,951.000000
7.100267	0.640	7,921.000000
7.110933	0.640	8,850.000000
7.121600	0.640	9,602.000000
7.132267	0.640	9,174.000000
7.142933	0.640	8,539.000000
7.153600	0.640	8,814.000000
7.164267	0.640	8,987.000000
7.174933	0.640	8,671.000000
7.185600	0.640	9,343.000000
7.196267	0.640	10,593.000000
7.206933	0.640	9,930.000000
7.217600	0.640	7,799.000000
7.228267	0.640	7,603.000000
7.238933	0.640	9,268.000000
7.249600	0.640	9,381.000000
7.260267	0.640	7,802.000000
7.270933	0.640	7,110.000000
7.281600	0.640	7,410.000000
7.292267	0.640	7,256.000000
7.302933	0.640	6,920.000000
7.313600	0.640	7,290.000000
7.324267	0.640	8,160.000000
7.334933	0.640	8,755.000000
7.345600	0.640	8,465.000000
7.356267	0.640	7,645.000000
7.366933	0.640	7,331.000000
7.377600	0.640	7,828.000000
7.388267	0.640	8,645.000000
7.398933	0.640	8,947.000000
7.409600	0.640	8,067.000000
7.420267	0.640	6,818.000000
7.430933	0.640	6,867.000000
7.441600	0.640	7,754.000000
7.452267	0.640	7,578.000000
7.462933	0.640	7,370.000000
7.473600	0.640	8,914.000000
7.484267	0.640	10,025.000000
7.494933	0.640	9,236.000000
7.505600	0.640	8,531.000000
7.516267	0.640	7,939.000000
7.526933	0.640	6,367.000000
7.537600	0.640	5,492.000000
7.548267	0.640	6,263.000000
7.558933	0.640	6,948.000000
7.569600	0.640	7,062.000000
7.580267	0.640	7,702.000000
7.590933	0.640	8,463.000000
7.601600	0.640	8,298.000000
7.612267	0.640	7,944.000000
7.622933	0.640	8,151.000000
7.633600	0.640	8,081.000000
7.644267	0.640	7,965.000000
7.654933	0.640	9,080.000000
7.665600	0.640	10,536.000000
7.676267	0.640	10,295.000000
7.686933	0.640	8,801.000000
7.697600	0.640	8,433.000000
7.708267	0.640	9,474.000000
7.718933	0.640	9,723.000000
7.729600	0.640	8,583.000000
7.740267	0.640	8,100.000000
7.750933	0.640	9,079.000000
7.761600	0.640	10,032.000000
7.772267	0.640	10,911.000000
7.782933	0.640	13,465.000000
7.793600	0.640	18,403.000000
7.804267	0.640	25,772.000000
7.814933	0.640	35,514.000000
7.825600	0.640	47,324.000000
7.836267	0.640	64,072.000000
7.846933	0.640	91,501.000000
7.857600	0.640	133,380.000000
7.868267	0.640	196,810.000000
7.878933	0.640	296,562.000000
7.889600	0.640	438,182.000000
7.900267	0.640	602,687.000000
7.910933	0.640	755,355.000000
7.921600	0.640	857,973.000000
7.932267	0.640	874,361.000000
7.942933	0.640	789,216.000000
7.953600	0.640	629,155.000000
7.964267	0.640	448,906.000000
7.974933	0.640	292,797.000000
7.985600	0.640	177,071.000000
7.996267	0.640	101,375.000000
8.006933	0.640	59,374.000000
8.017600	0.640	39,674.000000
8.028267	0.640	30,097.000000
8.038933	0.640	23,733.000000
8.049600	0.640	19,377.000000
8.060267	0.640	17,283.000000
8.070933	0.640	16,384.000000
8.081600	0.640	15,343.000000
8.092267	0.640	14,544.000000
8.102933	0.640	16,371.000000
8.113600	0.640	21,335.000000
8.124267	0.640	25,955.000000
8.134933	0.640	27,435.000000
8.145600	0.640	26,782.000000
8.156267	0.640	25,702.000000
8.166933	0.640	23,738.000000
8.177600	0.640	20,227.000000
8.188267	0.640	16,304.000000
8.198933	0.640	13,268.000000
8.209600	0.640	11,287.000000
8.220267	0.640	9,892.000000
8.230933	0.640	8,795.000000
8.241600	0.640	8,194.000000
8.252267	0.640	8,373.000000
8.262933	0.640	9,171.000000
8.273600	0.640	9,811.000000
8.284267	0.640	9,798.000000
8.294933	0.640	9,203.000000
8.305600	0.640	7,970.000000
8.316267	0.640	6,669.000000
8.326933	0.640	6,665.000000
8.337600	0.640	8,470.000000
8.348267	0.640	10,894.000000
8.358933	0.640	11,702.000000
8.369600	0.640	9,854.000000
8.380267	0.640	7,492.000000
8.390933	0.640	7,399.000000
8.401600	0.640	9,123.000000
8.412267	0.640	10,333.000000
8.422933	0.640	9,955.000000
8.433600	0.640	8,468.000000
8.444267	0.640	7,148.000000
8.454933	0.640	6,858.000000
8.465600	0.640	7,662.000000
8.476267	0.640	9,298.000000
8.486933	0.640	10,392.000000
8.497600	0.640	9,819.000000
8.508267	0.640	9,094.000000
8.518933	0.640	9,890.000000
8.529600	0.640	11,253.000000
8.540267	0.640	11,791.000000
8.550933	0.640	11,895.000000
8.561600	0.640	12,650.000000
8.572267	0.640	14,627.000000
8.582933	0.640	17,501.000000
8.593600	0.640	20,126.000000
8.604267	0.640	22,769.000000
8.614933	0.640	28,842.000000
8.625600	0.640	41,900.000000
8.636267	0.640	61,724.000000
8.646933	0.640	86,523.000000
8.657600	0.640	119,178.000000
8.668267	0.640	167,303.000000
8.678933	0.640	239,179.000000
8.689600	0.640	345,791.000000
8.700267	0.640	498,481.000000
8.710933	0.640	694,934.000000
8.721600	0.640	910,722.000000
8.732267	0.640	1,099,488.000000
8.742933	0.640	1,202,944.000000
8.753600	0.640	1,185,716.000000
8.764267	0.640	1,060,495.000000
8.774933	0.640	865,506.000000
8.785600	0.640	641,174.000000
8.796267	0.640	430,840.000000
8.806933	0.640	267,397.000000
8.817600	0.640	158,167.000000
8.828267	0.640	93,878.000000
8.838933	0.640	60,281.000000
8.849600	0.640	42,876.000000
8.860267	0.640	32,532.000000
8.870933	0.640	26,368.000000
8.881600	0.640	22,634.000000
8.892267	0.640	18,496.000000
8.902933	0.640	13,215.000000
8.913600	0.640	10,074.000000
8.924267	0.640	11,177.000000
8.934933	0.640	13,284.000000
8.945600	0.640	12,875.000000
8.956267	0.640	11,138.000000
8.966933	0.640	10,959.000000
8.977600	0.640	12,354.000000
8.988267	0.640	13,278.000000
8.998933	0.640	12,762.000000
9.009600	0.640	11,423.000000
9.020267	0.640	10,171.000000
9.030933	0.640	9,554.000000
9.041600	0.640	9,802.000000
9.052267	0.640	10,638.000000
9.062933	0.640	11,432.000000
9.073600	0.640	11,459.000000
9.084267	0.640	10,720.000000
9.094933	0.640	10,500.000000
9.105600	0.640	11,370.000000
9.116267	0.640	12,239.000000
9.126933	0.640	12,290.000000
9.137600	0.640	12,082.000000
9.148267	0.640	12,709.000000
9.158933	0.640	14,208.000000
9.169600	0.640	14,983.000000
9.180267	0.640	13,870.000000
9.190933	0.640	12,162.000000
9.201600	0.640	11,515.000000
9.212267	0.640	10,834.000000
9.222933	0.640	8,738.000000
9.233600	0.640	7,073.000000
9.244267	0.640	7,631.000000
9.254933	0.640	9,516.000000
9.265600	0.640	11,641.000000
9.276267	0.640	13,106.000000
9.286933	0.640	13,023.000000
9.297600	0.640	12,052.000000
9.308267	0.640	11,446.000000
9.318933	0.640	11,362.000000
9.329600	0.640	11,420.000000
9.340267	0.640	11,510.000000
9.350933	0.640	11,507.000000
9.361600	0.640	11,575.000000
9.372267	0.640	12,125.000000
9.382933	0.640	12,597.000000
9.393600	0.640	12,325.000000
9.404267	0.640	12,125.000000
9.414933	0.640	12,674.000000
9.425600	0.640	12,997.000000
9.436267	0.640	12,204.000000
9.446933	0.640	10,982.000000
9.457600	0.640	10,628.000000
9.468267	0.640	11,483.000000
9.478933	0.640	12,736.000000
9.489600	0.640	13,827.000000
9.500267	0.640	15,151.000000
9.510933	0.640	16,836.000000
9.521650	0.643	18,221.000000
9.532267	0.637	19,538.000000
9.542933	0.640	22,475.000000
9.553600	0.640	27,302.000000
9.564267	0.640	31,849.000000
9.574933	0.640	36,305.000000
9.585600	0.640	44,588.000000
9.596267	0.640	58,545.000000
9.606933	0.640	77,136.000000
9.617600	0.640	102,779.000000
9.628267	0.640	145,084.000000
9.638933	0.640	217,052.000000
9.649600	0.640	324,860.000000
9.660267	0.640	461,387.000000
9.670933	0.640	608,482.000000
9.681600	0.640	736,409.000000
9.692267	0.640	805,663.000000
9.702933	0.640	787,029.000000
9.713600	0.640	682,614.000000
9.724267	0.640	525,492.000000
9.734933	0.640	363,044.000000
9.745600	0.640	232,418.000000
9.756267	0.640	143,723.000000
9.766933	0.640	89,145.000000
9.777600	0.640	59,086.000000
9.788267	0.640	44,623.000000
9.798933	0.640	37,332.000000
9.809600	0.640	31,711.000000
9.820267	0.640	26,354.000000
9.830933	0.640	22,732.000000
9.841600	0.640	21,235.000000
9.852267	0.640	20,135.000000
9.862933	0.640	18,750.000000
9.873600	0.640	18,209.000000
9.884267	0.640	18,441.000000
9.894933	0.640	18,162.000000
9.905600	0.640	18,313.000000
9.916267	0.640	20,825.000000
9.926933	0.640	24,310.000000
9.937600	0.640	25,564.000000
9.948267	0.640	25,352.000000
9.958933	0.640	28,163.000000
9.969600	0.640	35,945.000000
9.980267	0.640	46,941.000000
9.990933	0.640	60,896.000000
10.001600	0.640	81,719.000000
10.012267	0.640	114,709.000000
10.022933	0.640	162,673.000000
10.033600	0.640	222,372.000000
10.044267	0.640	283,404.000000
10.054933	0.640	331,914.000000
10.065600	0.640	353,757.000000
10.076267	0.640	338,160.000000
10.086933	0.640	287,131.000000
10.097600	0.640	219,406.000000
10.108267	0.640	157,165.000000
10.118933	0.640	110,339.000000
10.129600	0.640	77,654.000000
10.140267	0.640	56,165.000000
10.150933	0.640	44,160.000000
10.161600	0.640	39,508.000000
10.172267	0.640	39,730.000000
10.182933	0.640	42,544.000000
10.193600	0.640	46,020.000000
10.204267	0.640	48,638.000000
10.214933	0.640	49,179.000000
10.225600	0.640	47,585.000000
10.236267	0.640	44,803.000000
10.246933	0.640	41,470.000000
10.257600	0.640	37,822.000000
10.268267	0.640	33,888.000000
10.278933	0.640	29,919.000000
10.289600	0.640	26,964.000000
10.300267	0.640	25,407.000000
10.310933	0.640	23,271.000000
10.321600	0.640	19,501.000000
10.332267	0.640	17,071.000000
10.342933	0.640	17,297.000000
10.353600	0.640	17,006.000000
10.364267	0.640	15,427.000000
10.374933	0.640	15,381.000000
10.385600	0.640	17,284.000000
10.396267	0.640	18,603.000000
10.406933	0.640	18,097.000000
10.417600	0.640	16,832.000000
10.428267	0.640	16,143.000000
10.438933	0.640	16,793.000000
10.449600	0.640	18,010.000000
10.460267	0.640	17,408.000000
10.470933	0.640	14,861.000000
10.481600	0.640	13,437.000000
10.492267	0.640	14,271.000000
10.502933	0.640	15,232.000000
10.513600	0.640	15,053.000000
10.524267	0.640	14,289.000000
10.534933	0.640	13,377.000000
10.545600	0.640	12,409.000000
10.556267	0.640	11,582.000000
10.566933	0.640	11,274.000000
10.577600	0.640	11,558.000000
10.588267	0.640	11,996.000000
10.598933	0.640	12,554.000000
10.609600	0.640	13,273.000000
10.620267	0.640	13,770.000000
10.630933	0.640	13,696.000000
10.641600	0.640	12,877.000000
10.652267	0.640	12,128.000000
10.662933	0.640	12,623.000000
10.673600	0.640	13,822.000000
10.684267	0.640	14,294.000000
10.694933	0.640	14,308.000000
10.705600	0.640	15,205.000000
10.716267	0.640	15,896.000000
10.726933	0.640	14,283.000000
10.737600	0.640	12,043.000000
10.748267	0.640	11,986.000000
10.758933	0.640	13,068.000000
10.769600	0.640	12,875.000000
10.780267	0.640	11,765.000000
10.790933	0.640	11,630.000000
10.801600	0.640	12,729.000000
10.812267	0.640	13,824.000000
10.822933	0.640	14,091.000000
10.833600	0.640	13,635.000000
10.844317	0.643	13,234.000000
10.854933	0.637	13,564.000000
10.865600	0.640	14,070.000000
10.876267	0.640	13,920.000000
10.886933	0.640	13,872.000000
10.897600	0.640	15,193.000000
10.908267	0.640	17,912.000000
10.918933	0.640	21,926.000000
10.929600	0.640	28,152.000000
10.940267	0.640	36,975.000000
10.950933	0.640	48,428.000000
10.961600	0.640	64,498.000000
10.972267	0.640	87,678.000000
10.982933	0.640	119,057.000000
10.993600	0.640	159,787.000000
11.004267	0.640	215,989.000000
11.014933	0.640	303,948.000000
11.025600	0.640	442,545.000000
11.036267	0.640	639,599.000000
11.046933	0.640	890,746.000000
11.057600	0.640	1,174,088.000000
11.068267	0.640	1,436,985.000000
11.078933	0.640	1,608,149.000000
11.089600	0.640	1,630,274.000000
11.100267	0.640	1,488,552.000000
11.110933	0.640	1,225,361.000000
11.121600	0.640	918,309.000000
11.132267	0.640	634,044.000000
11.142933	0.640	407,652.000000
11.153600	0.640	250,035.000000
11.164267	0.640	155,001.000000
11.174933	0.640	104,279.000000
11.185600	0.640	78,851.000000
11.196267	0.640	67,710.000000
11.206933	0.640	65,706.000000
11.217600	0.640	68,693.000000
11.228267	0.640	74,915.000000
11.238933	0.640	88,346.000000
11.249600	0.640	114,041.000000
11.260267	0.640	153,785.000000
11.270933	0.640	210,567.000000
11.281600	0.640	290,078.000000
11.292267	0.640	398,954.000000
11.302933	0.640	540,207.000000
11.313600	0.640	695,610.000000
11.324267	0.640	819,931.000000
11.334933	0.640	871,141.000000
11.345600	0.640	838,224.000000
11.356267	0.640	734,935.000000
11.366933	0.640	585,516.000000
11.377600	0.640	422,016.000000
11.388267	0.640	278,244.000000
11.398933	0.640	174,294.000000
11.409600	0.640	109,039.000000
11.420267	0.640	70,294.000000
11.430933	0.640	47,684.000000
11.441600	0.640	34,744.000000
11.452267	0.640	27,262.000000
11.462933	0.640	22,781.000000
11.473600	0.640	19,238.000000
11.484267	0.640	16,129.000000
11.494933	0.640	15,393.000000
11.505600	0.640	17,626.000000
11.516267	0.640	20,815.000000
11.526933	0.640	23,243.000000
11.537600	0.640	24,642.000000
11.548267	0.640	26,187.000000
11.558933	0.640	29,325.000000
11.569600	0.640	33,366.000000
11.580267	0.640	35,422.000000
11.590933	0.640	33,596.000000
11.601600	0.640	29,158.000000
11.612267	0.640	24,015.000000
11.622933	0.640	19,489.000000
11.633600	0.640	17,660.000000
11.644267	0.640	18,346.000000
11.654933	0.640	18,771.000000
11.665600	0.640	18,243.000000
11.676267	0.640	17,648.000000
11.686933	0.640	16,977.000000
11.697600	0.640	15,969.000000
11.708267	0.640	14,759.000000
11.718933	0.640	14,235.000000
11.729600	0.640	14,647.000000
11.740267	0.640	14,612.000000
11.750933	0.640	14,320.000000
11.761600	0.640	15,477.000000
11.772267	0.640	17,436.000000
11.782933	0.640	18,549.000000
11.793600	0.640	18,987.000000
11.804267	0.640	19,724.000000
11.814933	0.640	21,319.000000
11.825600	0.640	23,764.000000
11.836267	0.640	26,680.000000
11.846933	0.640	30,540.000000
11.857600	0.640	36,365.000000
11.868267	0.640	43,260.000000
11.878933	0.640	49,166.000000
11.889600	0.640	55,208.000000
11.900267	0.640	66,143.000000
11.910933	0.640	85,056.000000
11.921600	0.640	111,429.000000
11.932267	0.640	147,753.000000
11.942933	0.640	204,718.000000
11.953600	0.640	293,719.000000
11.964267	0.640	413,585.000000
11.974933	0.640	547,215.000000
11.985600	0.640	665,306.000000
11.996267	0.640	730,028.000000
12.006933	0.640	713,658.000000
12.017600	0.640	622,778.000000
12.028267	0.640	490,213.000000
12.038933	0.640	349,558.000000
12.049600	0.640	227,228.000000
12.060267	0.640	140,105.000000
12.070933	0.640	88,473.000000
12.081600	0.640	59,462.000000
12.092267	0.640	41,150.000000
12.102933	0.640	29,485.000000
12.113600	0.640	23,675.000000
12.124267	0.640	21,779.000000
12.134933	0.640	20,948.000000
12.145600	0.640	19,108.000000
12.156267	0.640	17,602.000000
12.166933	0.640	19,263.000000
12.177600	0.640	21,804.000000
12.188267	0.640	20,567.000000
12.198933	0.640	16,997.000000
12.209600	0.640	15,415.000000
12.220267	0.640	16,068.000000
12.230933	0.640	17,060.000000
12.241600	0.640	17,239.000000
12.252267	0.640	16,714.000000
12.262933	0.640	16,456.000000
12.273600	0.640	16,139.000000
12.284267	0.640	15,094.000000
12.294933	0.640	14,151.000000
12.305600	0.640	14,243.000000
12.316267	0.640	15,151.000000
12.326933	0.640	15,752.000000
12.337600	0.640	15,605.000000
12.348267	0.640	15,522.000000
12.358933	0.640	16,116.000000
12.369600	0.640	16,903.000000
12.380267	0.640	16,876.000000
12.390933	0.640	16,223.000000
12.401600	0.640	15,905.000000
12.412267	0.640	15,541.000000
12.422933	0.640	14,964.000000
12.433600	0.640	15,576.000000
12.444267	0.640	17,120.000000
12.454933	0.640	17,871.000000
12.465600	0.640	18,150.000000
12.476267	0.640	18,605.000000
12.486933	0.640	18,534.000000
12.497600	0.640	18,013.000000
12.508267	0.640	17,604.000000
12.518933	0.640	17,394.000000
12.529600	0.640	17,936.000000
12.540267	0.640	18,960.000000
12.550933	0.640	18,604.000000
12.561600	0.640	16,676.000000
12.572267	0.640	15,263.000000
12.582933	0.640	15,451.000000
12.593600	0.640	16,479.000000
12.604267	0.640	17,404.000000
12.614933	0.640	18,025.000000
12.625600	0.640	18,457.000000
12.636267	0.640	18,436.000000
12.646933	0.640	17,803.000000
12.657600	0.640	17,273.000000
12.668267	0.640	17,432.000000
12.678933	0.640	17,724.000000
12.689600	0.640	17,744.000000
12.700267	0.640	17,946.000000
12.710933	0.640	18,102.000000
12.721600	0.640	17,636.000000
12.732267	0.640	17,228.000000
12.742933	0.640	17,339.000000
12.753600	0.640	17,664.000000
12.764267	0.640	18,820.000000
12.774933	0.640	21,225.000000
12.785600	0.640	23,946.000000
12.796267	0.640	25,366.000000
12.806933	0.640	24,238.000000
12.817600	0.640	21,909.000000
12.828267	0.640	20,949.000000
12.838933	0.640	21,317.000000
12.849600	0.640	21,419.000000
12.860267	0.640	20,833.000000
12.870933	0.640	20,048.000000
12.881600	0.640	19,237.000000
12.892267	0.640	18,595.000000
12.902933	0.640	18,703.000000
12.913600	0.640	18,949.000000
12.924267	0.640	18,047.000000
12.934933	0.640	16,426.000000
12.945600	0.640	15,243.000000
12.956267	0.640	15,146.000000
12.966933	0.640	16,247.000000
12.977600	0.640	16,901.000000
12.988267	0.640	15,909.000000
12.998933	0.640	14,733.000000
13.009600	0.640	14,616.000000
13.020267	0.640	15,616.000000
13.030933	0.640	16,939.000000
13.041600	0.640	16,985.000000
13.052267	0.640	16,055.000000
13.062933	0.640	15,529.000000
13.073600	0.640	15,339.000000
13.084267	0.640	15,767.000000
13.094933	0.640	16,811.000000
13.105600	0.640	16,816.000000
13.116267	0.640	15,888.000000
13.126933	0.640	15,821.000000
13.137600	0.640	16,283.000000
13.148267	0.640	15,819.000000
13.158933	0.640	14,658.000000
13.169600	0.640	14,183.000000
13.180267	0.640	15,658.000000
13.190933	0.640	18,885.000000
13.201600	0.640	21,288.000000
13.212267	0.640	21,530.000000
13.222933	0.640	21,908.000000
13.233600	0.640	23,358.000000
13.244267	0.640	24,074.000000
13.254933	0.640	24,360.000000
13.265600	0.640	25,855.000000
13.276267	0.640	27,066.000000
13.286933	0.640	25,222.000000
13.297600	0.640	21,291.000000
13.308267	0.640	18,477.000000
13.318933	0.640	17,593.000000
13.329600	0.640	17,463.000000
13.340267	0.640	17,019.000000
13.350933	0.640	16,400.000000
13.361600	0.640	16,597.000000
13.372267	0.640	17,084.000000
13.382933	0.640	16,909.000000
13.393600	0.640	16,904.000000
13.404267	0.640	17,623.000000
13.414933	0.640	18,139.000000
13.425600	0.640	17,567.000000
13.436267	0.640	16,015.000000
13.446933	0.640	14,844.000000
13.457600	0.640	15,423.000000
13.468267	0.640	16,852.000000
13.478933	0.640	17,177.000000
13.489600	0.640	16,334.000000
13.500267	0.640	15,461.000000
13.510933	0.640	14,634.000000
13.521600	0.640	13,544.000000
13.532267	0.640	13,265.000000
13.542933	0.640	14,573.000000
13.553600	0.640	16,091.000000
13.564267	0.640	16,624.000000
13.574933	0.640	16,670.000000
13.585600	0.640	16,696.000000
13.596267	0.640	16,945.000000
13.606933	0.640	17,644.000000
13.617600	0.640	17,827.000000
13.628267	0.640	17,175.000000
13.638933	0.640	17,482.000000
13.649600	0.640	19,031.000000
13.660267	0.640	19,794.000000
13.670933	0.640	19,853.000000
13.681600	0.640	21,461.000000
13.692267	0.640	24,431.000000
13.702933	0.640	25,891.000000
13.713600	0.640	25,029.000000
13.724267	0.640	25,046.000000
13.734933	0.640	28,592.000000
13.745600	0.640	33,685.000000
13.756267	0.640	38,381.000000
13.766933	0.640	44,761.000000
13.777600	0.640	53,644.000000
13.788267	0.640	63,065.000000
13.798933	0.640	73,264.000000
13.809600	0.640	86,201.000000
13.820267	0.640	102,162.000000
13.830933	0.640	121,288.000000
13.841600	0.640	146,665.000000
13.852267	0.640	183,315.000000
13.862933	0.640	235,364.000000
13.873600	0.640	307,065.000000
13.884267	0.640	403,289.000000
13.894933	0.640	523,858.000000
13.905600	0.640	662,854.000000
13.916267	0.640	811,676.000000
13.926933	0.640	950,658.000000
13.937600	0.640	1,047,902.000000
13.948267	0.640	1,078,726.000000
13.958933	0.640	1,037,546.000000
13.969600	0.640	933,200.000000
13.980267	0.640	784,315.000000
13.990933	0.640	616,352.000000
14.001600	0.640	455,699.000000
14.012267	0.640	322,129.000000
14.022933	0.640	223,446.000000
14.033600	0.640	158,182.000000
14.044267	0.640	121,252.000000
14.054933	0.640	103,539.000000
14.065600	0.640	94,281.000000
14.076267	0.640	87,668.000000
14.086933	0.640	82,382.000000
14.097600	0.640	78,082.000000
14.108267	0.640	75,304.000000
14.118933	0.640	74,359.000000
14.129600	0.640	72,200.000000
14.140267	0.640	65,432.000000
14.150933	0.640	55,783.000000
14.161600	0.640	47,007.000000
14.172267	0.640	40,145.000000
14.182933	0.640	34,499.000000
14.193600	0.640	29,712.000000
14.204267	0.640	25,825.000000
14.214933	0.640	23,424.000000
14.225600	0.640	23,136.000000
14.236267	0.640	23,462.000000
14.246933	0.640	22,976.000000
14.257600	0.640	22,672.000000
14.268267	0.640	22,911.000000
14.278933	0.640	23,149.000000
14.289600	0.640	23,560.000000
14.300267	0.640	24,120.000000
14.310933	0.640	24,812.000000
14.321600	0.640	26,127.000000
14.332267	0.640	27,853.000000
14.342933	0.640	29,712.000000
14.353600	0.640	32,231.000000
14.364267	0.640	34,457.000000
14.374933	0.640	34,829.000000
14.385600	0.640	33,581.000000
14.396267	0.640	31,195.000000
14.406933	0.640	28,455.000000
14.417600	0.640	26,834.000000
14.428267	0.640	25,929.000000
14.438933	0.640	23,866.000000
14.449600	0.640	20,655.000000
14.460267	0.640	18,156.000000
14.470933	0.640	17,541.000000
14.481600	0.640	18,597.000000
14.492267	0.640	20,132.000000
14.502933	0.640	21,005.000000
14.513600	0.640	21,265.000000
14.524267	0.640	21,564.000000
14.534933	0.640	22,262.000000
14.545600	0.640	22,760.000000
14.556267	0.640	22,524.000000
14.566933	0.640	22,461.000000
14.577600	0.640	23,152.000000
14.588267	0.640	24,034.000000
14.598933	0.640	24,671.000000
14.609600	0.640	25,445.000000
14.620267	0.640	27,590.000000
14.630933	0.640	31,385.000000
14.641600	0.640	34,782.000000
14.652267	0.640	36,030.000000
14.662933	0.640	36,219.000000
14.673600	0.640	36,527.000000
14.684267	0.640	35,533.000000
14.694933	0.640	32,550.000000
14.705600	0.640	29,312.000000
14.716267	0.640	26,682.000000
14.726933	0.640	25,004.000000
14.737600	0.640	25,300.000000
14.748267	0.640	26,376.000000
14.758933	0.640	25,746.000000
14.769600	0.640	23,828.000000
14.780267	0.640	22,781.000000
14.790933	0.640	23,136.000000
14.801600	0.640	24,240.000000
14.812267	0.640	25,412.000000
14.822933	0.640	25,866.000000
14.833600	0.640	25,181.000000
14.844267	0.640	23,497.000000
14.854933	0.640	22,204.000000
14.865600	0.640	23,072.000000
14.876267	0.640	24,888.000000
14.886933	0.640	25,206.000000
14.897600	0.640	24,437.000000
14.908267	0.640	24,041.000000
14.918933	0.640	24,056.000000
14.929600	0.640	23,812.000000
14.940267	0.640	23,022.000000
14.950933	0.640	22,403.000000
14.961600	0.640	22,964.000000
14.972267	0.640	24,516.000000
14.982933	0.640	25,551.000000
14.993600	0.640	25,075.000000
15.004267	0.640	24,112.000000
15.014933	0.640	24,398.000000
15.025600	0.640	26,147.000000
15.036267	0.640	27,646.000000
15.046933	0.640	27,649.000000
15.057600	0.640	27,466.000000
15.068267	0.640	28,687.000000
15.078933	0.640	30,723.000000
15.089600	0.640	32,431.000000
15.100267	0.640	34,230.000000
15.110933	0.640	37,494.000000
15.121600	0.640	42,144.000000
15.132267	0.640	45,962.000000
15.142933	0.640	47,192.000000
15.153600	0.640	46,374.000000
15.164267	0.640	44,780.000000
15.174933	0.640	42,244.000000
15.185600	0.640	38,299.000000
15.196267	0.640	34,891.000000
15.206933	0.640	33,893.000000
15.217600	0.640	33,477.000000
15.228267	0.640	31,829.000000
15.238933	0.640	30,013.000000
15.249600	0.640	29,390.000000
15.260267	0.640	30,511.000000
15.270933	0.640	32,476.000000
15.281600	0.640	33,105.000000
15.292267	0.640	31,671.000000
15.302933	0.640	29,672.000000
15.313600	0.640	29,027.000000
15.324267	0.640	30,478.000000
15.334933	0.640	33,229.000000
15.345600	0.640	35,539.000000
15.356267	0.640	36,038.000000
15.366933	0.640	34,932.000000
15.377600	0.640	33,368.000000
15.388267	0.640	32,415.000000
15.398933	0.640	32,852.000000
15.409600	0.640	33,603.000000
15.420267	0.640	32,923.000000
15.430933	0.640	31,629.000000
15.441600	0.640	30,545.000000
15.452267	0.640	28,870.000000
15.462933	0.640	27,818.000000
15.473600	0.640	29,770.000000
15.484267	0.640	33,647.000000
15.494933	0.640	36,362.000000
15.505600	0.640	37,979.000000
15.516267	0.640	41,054.000000
15.526933	0.640	47,176.000000
15.537600	0.640	58,136.000000
15.548267	0.640	76,538.000000
15.558933	0.640	102,389.000000
15.569600	0.640	130,404.000000
15.580267	0.640	149,927.000000
15.590933	0.640	150,950.000000
15.601600	0.640	132,294.000000
15.612267	0.640	101,883.000000
15.622933	0.640	72,178.000000
15.633600	0.640	52,593.000000
15.644267	0.640	42,604.000000
15.654933	0.640	37,058.000000
15.665600	0.640	34,070.000000
15.676267	0.640	32,949.000000
15.686933	0.640	32,206.000000
15.697600	0.640	31,955.000000
15.708267	0.640	32,820.000000
15.718933	0.640	33,501.000000
15.729600	0.640	32,813.000000
15.740267	0.640	31,705.000000
15.750933	0.640	31,396.000000
15.761600	0.640	32,177.000000
15.772267	0.640	33,828.000000
15.782933	0.640	35,933.000000
15.793600	0.640	39,676.000000
15.804267	0.640	47,432.000000
15.814933	0.640	60,025.000000
15.825600	0.640	78,334.000000
15.836267	0.640	107,467.000000
15.846933	0.640	159,116.000000
15.857600	0.640	250,213.000000
15.868267	0.640	394,453.000000
15.878933	0.640	582,689.000000
15.889600	0.640	763,453.000000
15.900267	0.640	858,845.000000
15.910933	0.640	817,298.000000
15.921600	0.640	654,141.000000
15.932267	0.640	443,926.000000
15.942933	0.640	266,430.000000
15.953600	0.640	154,887.000000
15.964267	0.640	97,538.000000
15.974933	0.640	70,362.000000
15.985600	0.640	56,844.000000
15.996267	0.640	50,419.000000
16.006933	0.640	47,602.000000
16.017600	0.640	43,984.000000
16.028267	0.640	39,802.000000
16.038933	0.640	38,965.000000
16.049600	0.640	40,273.000000
16.060267	0.640	40,432.000000
16.070933	0.640	41,224.000000
16.081600	0.640	43,998.000000
16.092267	0.640	46,518.000000
16.102933	0.640	48,599.000000
16.113600	0.640	51,218.000000
16.124267	0.640	54,395.000000
16.134933	0.640	58,800.000000
16.145600	0.640	63,532.000000
16.156267	0.640	66,074.000000
16.166933	0.640	65,709.000000
16.177600	0.640	62,734.000000
16.188267	0.640	57,384.000000
16.198933	0.640	51,471.000000
16.209600	0.640	46,744.000000
16.220267	0.640	42,921.000000
16.230933	0.640	40,420.000000
16.241600	0.640	40,714.000000
16.252267	0.640	42,426.000000
16.262933	0.640	42,347.000000
16.273600	0.640	40,643.000000
16.284267	0.640	39,936.000000
16.294933	0.640	40,918.000000
16.305600	0.640	42,372.000000
16.316267	0.640	42,901.000000
16.326933	0.640	41,890.000000
16.337600	0.640	40,095.000000
16.348267	0.640	38,687.000000
16.358933	0.640	38,656.000000
16.369600	0.640	40,590.000000
16.380267	0.640	42,874.000000
16.390933	0.640	42,756.000000
16.401600	0.640	40,576.000000
16.412267	0.640	39,781.000000
16.422933	0.640	42,884.000000
16.433600	0.640	49,399.000000
16.444267	0.640	58,833.000000
16.454933	0.640	75,149.000000
16.465600	0.640	105,476.000000
16.476267	0.640	158,945.000000
16.486933	0.640	253,077.000000
16.497600	0.640	417,335.000000
16.508267	0.640	691,566.000000
16.518933	0.640	1,131,427.000000
16.529600	0.640	1,833,603.000000
16.540267	0.640	2,998,954.000000
16.550933	0.640	5,033,452.000000
16.561600	0.640	8,550,537.000000
16.572267	0.640	13,985,461.000000
16.582933	0.640	20,855,304.000000
16.593600	0.640	27,296,714.000000
16.604267	0.640	30,635,893.000000
16.614933	0.640	29,092,279.000000
16.625600	0.640	23,281,905.000000
16.636267	0.640	15,819,231.000000
16.646933	0.640	9,360,357.000000
16.657600	0.640	5,092,625.000000
16.668267	0.640	2,767,593.000000
16.678933	0.640	1,610,307.000000
16.689600	0.640	1,007,642.000000
16.700267	0.640	653,738.000000
16.710933	0.640	429,953.000000
16.721600	0.640	287,259.000000
16.732267	0.640	197,502.000000
16.742933	0.640	141,461.000000
16.753600	0.640	106,376.000000
16.764267	0.640	85,133.000000
16.774933	0.640	73,087.000000
16.785600	0.640	65,429.000000
16.796267	0.640	59,894.000000
16.806933	0.640	57,087.000000
16.817600	0.640	57,165.000000
16.828267	0.640	58,708.000000
16.838933	0.640	59,513.000000
16.849600	0.640	58,909.000000
16.860267	0.640	58,213.000000
16.870933	0.640	57,695.000000
16.881600	0.640	56,221.000000
16.892267	0.640	53,391.000000
16.902933	0.640	50,282.000000
16.913600	0.640	49,098.000000
16.924267	0.640	50,205.000000
16.934933	0.640	50,643.000000
16.945600	0.640	48,552.000000
16.956267	0.640	45,895.000000
16.966933	0.640	45,118.000000
16.977600	0.640	46,448.000000
16.988267	0.640	48,795.000000
16.998933	0.640	51,156.000000
17.009600	0.640	52,930.000000
17.020267	0.640	53,621.000000
17.030933	0.640	53,821.000000
17.041600	0.640	54,999.000000
17.052267	0.640	57,237.000000
17.062933	0.640	60,561.000000
17.073600	0.640	65,989.000000
17.084267	0.640	73,094.000000
17.094933	0.640	82,019.000000
17.105600	0.640	96,536.000000
17.116267	0.640	120,873.000000
17.126933	0.640	157,374.000000
17.137600	0.640	206,889.000000
17.148267	0.640	266,730.000000
17.158933	0.640	328,265.000000
17.169600	0.640	378,988.000000
17.180267	0.640	409,748.000000
17.190933	0.640	418,277.000000
17.201600	0.640	406,393.000000
17.212267	0.640	377,217.000000
17.222933	0.640	333,396.000000
17.233600	0.640	278,990.000000
17.244267	0.640	221,273.000000
17.254933	0.640	167,534.000000
17.265600	0.640	123,920.000000
17.276267	0.640	94,415.000000
17.286933	0.640	76,742.000000
17.297600	0.640	64,949.000000
17.308267	0.640	56,529.000000
17.318933	0.640	51,623.000000
17.329600	0.640	48,544.000000
17.340267	0.640	45,250.000000
17.350933	0.640	42,344.000000
17.361600	0.640	41,617.000000
17.372267	0.640	43,010.000000
17.382933	0.640	45,161.000000
17.393600	0.640	47,002.000000
17.404267	0.640	47,522.000000
17.414933	0.640	47,283.000000
17.425600	0.640	48,270.000000
17.436267	0.640	51,118.000000
17.446933	0.640	55,838.000000
17.457600	0.640	62,412.000000
17.468267	0.640	70,384.000000
17.478933	0.640	80,302.000000
17.489600	0.640	92,954.000000
17.500267	0.640	108,075.000000
17.510933	0.640	124,475.000000
17.521600	0.640	139,191.000000
17.532267	0.640	150,679.000000
17.542933	0.640	163,047.000000
17.553600	0.640	181,687.000000
17.564267	0.640	210,315.000000
17.574933	0.640	254,201.000000
17.585600	0.640	313,684.000000
17.596267	0.640	373,981.000000
17.606933	0.640	412,264.000000
17.617600	0.640	415,093.000000
17.628267	0.640	384,237.000000
17.638933	0.640	329,840.000000
17.649600	0.640	265,684.000000
17.660267	0.640	205,347.000000
17.670933	0.640	156,275.000000
17.681600	0.640	121,506.000000
17.692267	0.640	101,898.000000
17.702933	0.640	92,841.000000
17.713600	0.640	87,546.000000
17.724267	0.640	83,494.000000
17.734933	0.640	81,630.000000
17.745600	0.640	82,175.000000
17.756267	0.640	82,663.000000
17.766933	0.640	80,999.000000
17.777600	0.640	78,910.000000
17.788267	0.640	78,234.000000
17.798933	0.640	77,811.000000
17.809600	0.640	76,655.000000
17.820267	0.640	75,511.000000
17.830933	0.640	75,310.000000
17.841600	0.640	75,980.000000
17.852267	0.640	76,857.000000
17.862933	0.640	77,791.000000
17.873600	0.640	78,231.000000
17.884267	0.640	77,060.000000
17.894933	0.640	75,177.000000
17.905600	0.640	75,141.000000
17.916267	0.640	77,213.000000
17.926933	0.640	78,572.000000
17.937600	0.640	78,095.000000
17.948267	0.640	78,255.000000
17.958933	0.640	79,469.000000
17.969600	0.640	79,287.000000
17.980267	0.640	78,209.000000
17.990933	0.640	79,151.000000
18.001600	0.640	82,785.000000
18.012267	0.640	86,386.000000
18.022933	0.640	87,355.000000
18.033600	0.640	87,238.000000
18.044267	0.640	88,628.000000
18.054933	0.640	91,436.000000
18.065600	0.640	96,234.000000
18.076267	0.640	105,240.000000
18.086933	0.640	118,894.000000
18.097600	0.640	137,732.000000
18.108267	0.640	166,542.000000
18.118933	0.640	212,565.000000
18.129600	0.640	282,067.000000
18.140267	0.640	382,797.000000
18.150933	0.640	528,283.000000
18.161600	0.640	737,249.000000
18.172267	0.640	1,032,328.000000
18.182933	0.640	1,438,359.000000
18.193600	0.640	1,983,321.000000
18.204267	0.640	2,713,505.000000
18.214933	0.640	3,699,813.000000
18.225600	0.640	5,023,972.000000
18.236267	0.640	6,809,602.000000
18.246933	0.640	9,293,329.000000
18.257600	0.640	12,841,875.000000
18.268267	0.640	17,903,778.000000
18.278933	0.640	24,865,117.000000
18.289600	0.640	33,789,022.000000
18.300267	0.640	44,179,719.000000
18.310933	0.640	54,866,328.000000
18.321600	0.640	64,071,014.000000
18.332267	0.640	69,808,637.000000
18.342933	0.640	70,594,744.000000
18.353600	0.640	66,121,468.000000
18.364267	0.640	57,409,555.000000
18.374933	0.640	46,294,574.000000
18.385600	0.640	34,744,056.000000
18.396267	0.640	24,379,467.000000
18.406933	0.640	16,134,094.000000
18.417600	0.640	10,188,281.000000
18.428267	0.640	6,234,990.000000
18.438933	0.640	3,771,936.000000
18.449600	0.640	2,299,769.000000
18.460267	0.640	1,435,653.000000
18.470933	0.640	926,704.000000
18.481600	0.640	619,891.000000
18.492267	0.640	431,318.000000
18.502933	0.640	318,175.000000
18.513600	0.640	254,465.000000
18.524267	0.640	219,130.000000
18.534933	0.640	201,160.000000
18.545600	0.640	199,235.000000
18.556267	0.640	210,970.000000
18.566933	0.640	234,941.000000
18.577600	0.640	277,439.000000
18.588267	0.640	345,686.000000
18.598933	0.640	441,422.000000
18.609600	0.640	563,593.000000
18.620267	0.640	707,922.000000
18.630933	0.640	860,200.000000
18.641600	0.640	994,130.000000
18.652267	0.640	1,079,340.000000
18.662933	0.640	1,091,384.000000
18.673600	0.640	1,021,696.000000
18.684267	0.640	887,267.000000
18.694933	0.640	722,198.000000
18.705600	0.640	556,063.000000
18.716267	0.640	407,240.000000
18.726933	0.640	287,172.000000
18.737600	0.640	200,866.000000
18.748267	0.640	146,310.000000
18.758933	0.640	115,300.000000
18.769600	0.640	97,362.000000
18.780267	0.640	86,136.000000
18.790933	0.640	80,734.000000
18.801600	0.640	79,909.000000
18.812267	0.640	79,985.000000
18.822933	0.640	78,833.000000
18.833600	0.640	77,143.000000
18.844267	0.640	77,425.000000
18.854933	0.640	80,751.000000
18.865600	0.640	83,875.000000
18.876267	0.640	83,258.000000
18.886933	0.640	80,132.000000
18.897600	0.640	78,950.000000
18.908267	0.640	81,539.000000
18.918933	0.640	85,432.000000
18.929600	0.640	88,784.000000
18.940267	0.640	92,734.000000
18.950933	0.640	98,806.000000
18.961600	0.640	107,277.000000
18.972267	0.640	117,047.000000
18.982933	0.640	126,736.000000
18.993600	0.640	137,577.000000
19.004267	0.640	154,507.000000
19.014933	0.640	182,538.000000
19.025600	0.640	223,646.000000
19.036267	0.640	279,235.000000
19.046933	0.640	352,040.000000
19.057600	0.640	442,379.000000
19.068267	0.640	542,426.000000
19.078933	0.640	636,905.000000
19.089600	0.640	712,229.000000
19.100267	0.640	759,224.000000
19.110933	0.640	768,179.000000
19.121600	0.640	732,801.000000
19.132267	0.640	657,336.000000
19.142933	0.640	555,581.000000
19.153600	0.640	447,051.000000
19.164267	0.640	349,773.000000
19.174933	0.640	270,713.000000
19.185600	0.640	207,964.000000
19.196267	0.640	161,020.000000
19.206933	0.640	131,392.000000
19.217600	0.640	115,805.000000
19.228267	0.640	106,586.000000
19.238933	0.640	99,831.000000
19.249600	0.640	96,073.000000
19.260267	0.640	94,834.000000
19.270933	0.640	94,943.000000
19.281600	0.640	95,974.000000
19.292267	0.640	98,007.000000
19.302933	0.640	100,316.000000
19.313600	0.640	100,935.000000
19.324267	0.640	100,458.000000
19.334933	0.640	101,299.000000
19.345600	0.640	103,183.000000
19.356267	0.640	105,291.000000
19.366933	0.640	107,452.000000
19.377600	0.640	108,763.000000
19.388267	0.640	109,750.000000
19.398933	0.640	110,194.000000
19.409600	0.640	108,359.000000
19.420267	0.640	106,841.000000
19.430933	0.640	109,343.000000
19.441600	0.640	113,750.000000
19.452267	0.640	117,175.000000
19.462933	0.640	122,005.000000
19.473600	0.640	130,946.000000
19.484267	0.640	140,037.000000
19.494933	0.640	143,293.000000
19.505600	0.640	142,827.000000
19.516267	0.640	143,943.000000
19.526933	0.640	145,576.000000
19.537600	0.640	145,557.000000
19.548267	0.640	143,372.000000
19.558933	0.640	137,403.000000
19.569600	0.640	129,977.000000
19.580267	0.640	126,561.000000
19.590933	0.640	127,232.000000
19.601600	0.640	127,893.000000
19.612267	0.640	128,334.000000
19.622933	0.640	131,326.000000
19.633600	0.640	135,258.000000
19.644267	0.640	137,250.000000
19.654933	0.640	140,126.000000
19.665600	0.640	146,062.000000
19.676267	0.640	153,037.000000
19.686933	0.640	161,245.000000
19.697600	0.640	170,781.000000
19.708267	0.640	179,939.000000
19.718933	0.640	191,112.000000
19.729600	0.640	208,757.000000
19.740267	0.640	232,047.000000
19.750933	0.640	255,064.000000
19.761600	0.640	277,153.000000
19.772267	0.640	306,875.000000
19.782933	0.640	349,679.000000
19.793600	0.640	404,576.000000
19.804267	0.640	471,878.000000
19.814933	0.640	549,488.000000
19.825600	0.640	633,678.000000
19.836267	0.640	727,190.000000
19.846933	0.640	828,973.000000
19.857600	0.640	926,044.000000
19.868267	0.640	1,007,330.000000
19.878933	0.640	1,066,188.000000
19.889600	0.640	1,090,505.000000
19.900267	0.640	1,071,564.000000
19.910933	0.640	1,015,677.000000
19.921600	0.640	936,666.000000
19.932267	0.640	841,501.000000
19.942933	0.640	730,459.000000
19.953600	0.640	610,858.000000
19.964267	0.640	495,370.000000
19.974933	0.640	391,634.000000
19.985600	0.640	305,356.000000
19.996267	0.640	238,972.000000
20.006933	0.640	187,827.000000
20.017600	0.640	148,379.000000
20.028267	0.640	120,864.000000
20.038933	0.640	103,270.000000
20.049600	0.640	91,021.000000
20.060267	0.640	80,963.000000
20.070933	0.640	73,030.000000
20.081600	0.640	67,949.000000
20.092267	0.640	64,793.000000
20.102933	0.640	62,550.000000
20.113600	0.640	61,549.000000
20.124267	0.640	61,699.000000
20.134933	0.640	61,363.000000
20.145600	0.640	58,950.000000
20.156267	0.640	55,372.000000
20.166933	0.640	53,606.000000
20.177600	0.640	54,491.000000
20.188267	0.640	54,984.000000
20.198933	0.640	53,010.000000
20.209600	0.640	50,397.000000
20.220267	0.640	48,423.000000
20.230933	0.640	46,969.000000
20.241600	0.640	47,419.000000
20.252267	0.640	49,891.000000
20.262933	0.640	51,730.000000
20.273600	0.640	51,131.000000
20.284267	0.640	48,788.000000
20.294933	0.640	46,027.000000
20.305600	0.640	43,419.000000
20.316267	0.640	41,443.000000
20.326933	0.640	41,068.000000
20.337600	0.640	42,683.000000
20.348267	0.640	44,501.000000
20.358933	0.640	44,181.000000
20.369600	0.640	42,416.000000
20.380267	0.640	42,266.000000
20.390933	0.640	44,301.000000
20.401600	0.640	45,429.000000
20.412267	0.640	44,560.000000
20.422933	0.640	44,349.000000
20.433600	0.640	45,384.000000
20.444267	0.640	45,384.000000
20.454933	0.640	43,914.000000
20.465600	0.640	42,572.000000
20.476267	0.640	42,323.000000
20.486933	0.640	42,975.000000
20.497600	0.640	43,600.000000
20.508267	0.640	43,005.000000
20.518933	0.640	40,798.000000
20.529600	0.640	38,321.000000
20.540267	0.640	37,480.000000
20.550933	0.640	38,090.000000
20.561600	0.640	38,333.000000
20.572267	0.640	37,900.000000
20.582933	0.640	37,532.000000
20.593600	0.640	37,101.000000
20.604267	0.640	37,128.000000
20.614933	0.640	38,835.000000
20.625600	0.640	41,721.000000
20.636267	0.640	44,004.000000
20.646933	0.640	44,748.000000
20.657600	0.640	44,386.000000
20.668267	0.640	44,571.000000
20.678933	0.640	47,154.000000
20.689600	0.640	51,478.000000
20.700267	0.640	55,061.000000
20.710933	0.640	57,766.000000
20.721600	0.640	61,970.000000
20.732267	0.640	69,673.000000
20.742933	0.640	79,763.000000
20.753600	0.640	89,005.000000
20.764267	0.640	97,872.000000
20.774933	0.640	110,325.000000
20.785600	0.640	127,086.000000
20.796267	0.640	145,929.000000
20.806933	0.640	169,414.000000
20.817600	0.640	203,955.000000
20.828267	0.640	250,383.000000
20.838933	0.640	306,674.000000
20.849600	0.640	374,019.000000
20.860267	0.640	450,197.000000
20.870933	0.640	528,182.000000
20.881600	0.640	604,777.000000
20.892267	0.640	681,267.000000
20.902933	0.640	755,853.000000
20.913600	0.640	820,635.000000
20.924267	0.640	863,639.000000
20.934933	0.640	874,803.000000
20.945600	0.640	854,975.000000
20.956267	0.640	812,117.000000
20.966933	0.640	751,734.000000
20.977600	0.640	680,087.000000
20.988267	0.640	605,234.000000
20.998933	0.640	535,049.000000
21.009600	0.640	480,072.000000
21.020267	0.640	446,312.000000
21.030933	0.640	429,116.000000
21.041600	0.640	423,721.000000
21.052267	0.640	433,265.000000
21.062933	0.640	461,688.000000
21.073600	0.640	505,697.000000
21.084267	0.640	557,199.000000
21.094933	0.640	608,637.000000
21.105600	0.640	657,756.000000
21.116267	0.640	707,974.000000
21.126933	0.640	759,295.000000
21.137600	0.640	806,121.000000
21.148267	0.640	845,303.000000
21.158933	0.640	879,364.000000
21.169600	0.640	910,645.000000
21.180267	0.640	934,256.000000
21.190933	0.640	940,978.000000
21.201600	0.640	925,581.000000
21.212267	0.640	892,761.000000
21.222933	0.640	852,022.000000
21.233600	0.640	802,540.000000
21.244267	0.640	738,356.000000
21.254933	0.640	663,728.000000
21.265600	0.640	585,872.000000
21.276267	0.640	507,642.000000
21.286933	0.640	431,619.000000
21.297600	0.640	360,089.000000
21.308267	0.640	296,498.000000
21.318933	0.640	244,186.000000
21.329600	0.640	200,066.000000
21.340267	0.640	160,755.000000
21.350933	0.640	130,378.000000
21.361600	0.640	111,025.000000
21.372267	0.640	96,997.000000
21.382933	0.640	84,535.000000
21.393600	0.640	75,337.000000
21.404267	0.640	71,450.000000
21.414933	0.640	72,949.000000
21.425600	0.640	77,429.000000
21.436267	0.640	82,145.000000
21.446933	0.640	87,133.000000
21.457600	0.640	93,269.000000
21.468267	0.640	99,273.000000
21.478933	0.640	103,288.000000
21.489600	0.640	105,046.000000
21.500267	0.640	104,838.000000
21.510933	0.640	102,849.000000
21.521600	0.640	99,610.000000
21.532267	0.640	94,687.000000
21.542933	0.640	87,340.000000
21.553600	0.640	78,927.000000
21.564267	0.640	71,103.000000
21.574933	0.640	63,807.000000
21.585600	0.640	56,728.000000
21.596267	0.640	50,739.000000
21.606933	0.640	46,806.000000
21.617600	0.640	44,217.000000
21.628267	0.640	42,228.000000
21.638933	0.640	41,098.000000
21.649600	0.640	40,292.000000
21.660267	0.640	39,589.000000
21.670933	0.640	39,822.000000
21.681600	0.640	40,463.000000
21.692267	0.640	40,013.000000
21.702933	0.640	38,630.000000
21.713600	0.640	37,939.000000
21.724267	0.640	38,492.000000
21.734933	0.640	39,054.000000
21.745600	0.640	39,097.000000
21.756267	0.640	40,073.000000
21.766933	0.640	42,167.000000
21.777600	0.640	42,878.000000
21.788267	0.640	41,474.000000
21.798933	0.640	40,331.000000
21.809600	0.640	40,673.000000
21.820267	0.640	41,487.000000
21.830933	0.640	41,378.000000
21.841600	0.640	40,597.000000
21.852267	0.640	40,933.000000
21.862933	0.640	41,645.000000
21.873600	0.640	41,128.000000
21.884267	0.640	41,136.000000
21.894933	0.640	42,330.000000
21.905600	0.640	42,142.000000
21.916267	0.640	40,766.000000
21.926933	0.640	41,394.000000
21.937600	0.640	43,666.000000
21.948267	0.640	44,451.000000
21.958933	0.640	43,411.000000
21.969600	0.640	42,253.000000
21.980267	0.640	42,178.000000
21.990933	0.640	43,069.000000
22.001600	0.640	43,312.000000
22.012267	0.640	42,644.000000
22.022933	0.640	42,496.000000
22.033600	0.640	42,437.000000
22.044267	0.640	41,689.000000
22.054933	0.640	40,986.000000
22.065600	0.640	40,282.000000
22.076267	0.640	39,991.000000
22.086933	0.640	41,365.000000
22.097600	0.640	43,077.000000
22.108267	0.640	42,679.000000
22.118933	0.640	41,013.000000
22.129600	0.640	41,456.000000
22.140267	0.640	44,870.000000
22.150933	0.640	48,220.000000
22.161600	0.640	48,976.000000
22.172267	0.640	47,922.000000
22.182933	0.640	47,404.000000
22.193600	0.640	48,604.000000
22.204267	0.640	50,158.000000
22.214933	0.640	50,113.000000
22.225600	0.640	49,335.000000
22.236267	0.640	50,350.000000
22.246933	0.640	53,424.000000
22.257600	0.640	56,390.000000
22.268267	0.640	57,413.000000
22.278933	0.640	56,671.000000
22.289600	0.640	56,427.000000
22.300267	0.640	59,173.000000
22.310933	0.640	64,523.000000
22.321600	0.640	69,897.000000
22.332267	0.640	73,835.000000
22.342933	0.640	76,831.000000
22.353600	0.640	81,286.000000
22.364267	0.640	89,119.000000
22.374933	0.640	98,700.000000
22.385600	0.640	108,796.000000
22.396267	0.640	122,212.000000
22.406933	0.640	140,314.000000
22.417600	0.640	160,037.000000
22.428267	0.640	180,829.000000
22.438933	0.640	207,818.000000
22.449600	0.640	243,183.000000
22.460267	0.640	281,381.000000
22.470933	0.640	318,930.000000
22.481600	0.640	358,118.000000
22.492267	0.640	396,309.000000
22.502933	0.640	426,099.000000
22.513600	0.640	445,676.000000
22.524267	0.640	457,688.000000
22.534933	0.640	462,091.000000
22.545600	0.640	454,264.000000
22.556267	0.640	430,371.000000
22.566933	0.640	394,349.000000
22.577600	0.640	353,937.000000
22.588267	0.640	312,467.000000
22.598933	0.640	270,476.000000
22.609600	0.640	229,204.000000
22.620267	0.640	188,881.000000
22.630933	0.640	151,206.000000
22.641600	0.640	121,309.000000
22.652267	0.640	100,061.000000
22.662933	0.640	83,124.000000
22.673600	0.640	69,811.000000
22.684267	0.640	61,970.000000
22.694933	0.640	57,049.000000
22.705600	0.640	51,191.000000
22.716267	0.640	45,580.000000
22.726933	0.640	43,985.000000
22.737600	0.640	46,009.000000
22.748267	0.640	47,591.000000
22.758933	0.640	46,842.000000
22.769600	0.640	45,004.000000
22.780267	0.640	44,121.000000
22.790933	0.640	44,854.000000
22.801600	0.640	45,680.000000
22.812267	0.640	45,685.000000
22.822933	0.640	45,302.000000
22.833600	0.640	44,486.000000
22.844267	0.640	43,437.000000
22.854933	0.640	42,751.000000
22.865600	0.640	42,776.000000
22.876267	0.640	43,886.000000
22.886933	0.640	45,115.000000
22.897600	0.640	44,826.000000
22.908267	0.640	43,762.000000
22.918933	0.640	43,754.000000
22.929600	0.640	44,911.000000
22.940267	0.640	45,683.000000
22.950933	0.640	45,181.000000
22.961600	0.640	45,437.000000
22.972267	0.640	48,186.000000
22.982933	0.640	51,487.000000
22.993600	0.640	53,850.000000
23.004267	0.640	56,249.000000
23.014933	0.640	58,872.000000
23.025600	0.640	61,636.000000
23.036267	0.640	65,635.000000
23.046933	0.640	71,217.000000
23.057600	0.640	77,338.000000
23.068267	0.640	83,876.000000
23.078933	0.640	92,205.000000
23.089600	0.640	102,553.000000
23.100267	0.640	113,940.000000
23.110933	0.640	127,069.000000
23.121600	0.640	144,794.000000
23.132267	0.640	169,966.000000
23.142933	0.640	203,639.000000
23.153600	0.640	245,626.000000
23.164267	0.640	297,491.000000
23.174933	0.640	362,087.000000
23.185600	0.640	436,892.000000
23.196267	0.640	515,816.000000
23.206933	0.640	595,893.000000
23.217600	0.640	671,887.000000
23.228267	0.640	732,173.000000
23.238933	0.640	762,878.000000
23.249600	0.640	756,497.000000
23.260267	0.640	718,419.000000
23.270933	0.640	656,411.000000
23.281600	0.640	573,235.000000
23.292267	0.640	476,131.000000
23.302933	0.640	378,194.000000
23.313600	0.640	289,901.000000
23.324267	0.640	217,222.000000
23.334933	0.640	162,839.000000
23.345600	0.640	124,163.000000
23.356267	0.640	95,760.000000
23.366933	0.640	75,961.000000
23.377600	0.640	64,704.000000
23.388267	0.640	58,759.000000
23.398933	0.640	55,320.000000
23.409600	0.640	53,937.000000
23.420267	0.640	53,620.000000
23.430933	0.640	53,421.000000
23.441600	0.640	54,318.000000
23.452267	0.640	56,476.000000
23.462933	0.640	57,314.000000
23.473600	0.640	55,794.000000
23.484267	0.640	54,490.000000
23.494933	0.640	55,852.000000
23.505600	0.640	60,090.000000
23.516267	0.640	64,812.000000
23.526933	0.640	66,239.000000
23.537600	0.640	64,982.000000
23.548267	0.640	66,751.000000
23.558933	0.640	72,217.000000
23.569600	0.640	75,123.000000
23.580267	0.640	73,865.000000
23.590933	0.640	72,532.000000
23.601600	0.640	71,915.000000
23.612267	0.640	69,396.000000
23.622933	0.640	63,907.000000
23.633600	0.640	57,761.000000
23.644267	0.640	54,536.000000
23.654933	0.640	54,078.000000
23.665600	0.640	52,507.000000
23.676267	0.640	48,732.000000
23.686933	0.640	45,840.000000
23.697600	0.640	45,448.000000
23.708267	0.640	46,438.000000
23.718933	0.640	47,914.000000
23.729600	0.640	48,687.000000
23.740267	0.640	48,063.000000
23.750933	0.640	47,883.000000
23.761600	0.640	49,242.000000
23.772267	0.640	50,569.000000
23.782933	0.640	50,981.000000
23.793600	0.640	51,513.000000
23.804267	0.640	52,575.000000
23.814933	0.640	53,609.000000
23.825600	0.640	54,349.000000
23.836267	0.640	53,647.000000
23.846933	0.640	51,079.000000
23.857600	0.640	49,339.000000
23.868267	0.640	50,164.000000
23.878933	0.640	51,461.000000
23.889600	0.640	51,219.000000
23.900267	0.640	50,798.000000
23.910933	0.640	51,937.000000
23.921600	0.640	53,326.000000
23.932267	0.640	53,367.000000
23.942933	0.640	52,533.000000
23.953600	0.640	52,075.000000
23.964267	0.640	53,356.000000
23.974933	0.640	55,591.000000
23.985600	0.640	56,372.000000
23.996267	0.640	56,958.000000
24.006933	0.640	59,360.000000
24.017600	0.640	60,533.000000
24.028267	0.640	57,892.000000
24.038933	0.640	54,262.000000
24.049600	0.640	52,662.000000
24.060267	0.640	52,447.000000
24.070933	0.640	51,541.000000
24.081600	0.640	49,517.000000
24.092267	0.640	48,830.000000
24.102933	0.640	51,735.000000
24.113600	0.640	56,075.000000
24.124267	0.640	57,328.000000
24.134933	0.640	54,950.000000
24.145600	0.640	52,870.000000
24.156267	0.640	53,248.000000
24.166933	0.640	54,664.000000
24.177600	0.640	55,295.000000
24.188267	0.640	54,934.000000
24.198933	0.640	55,303.000000
24.209600	0.640	57,057.000000
24.220267	0.640	58,268.000000
24.230933	0.640	58,024.000000
24.241600	0.640	57,369.000000
24.252267	0.640	57,196.000000
24.262933	0.640	58,231.000000
24.273600	0.640	60,424.000000
24.284267	0.640	62,146.000000
24.294933	0.640	62,784.000000
24.305600	0.640	64,428.000000
24.316267	0.640	68,539.000000
24.326933	0.640	72,895.000000
24.337600	0.640	74,903.000000
24.348267	0.640	75,402.000000
24.358933	0.640	76,061.000000
24.369600	0.640	75,858.000000
24.380267	0.640	73,220.000000
24.390933	0.640	70,377.000000
24.401600	0.640	70,764.000000
24.412267	0.640	73,911.000000
24.422933	0.640	78,643.000000
24.433600	0.640	86,801.000000
24.444267	0.640	101,063.000000
24.454933	0.640	123,520.000000
24.465600	0.640	156,070.000000
24.476267	0.640	202,001.000000
24.486933	0.640	270,441.000000
24.497600	0.640	377,701.000000
24.508267	0.640	538,260.000000
24.518933	0.640	748,458.000000
24.529600	0.640	973,885.000000
24.540267	0.640	1,155,494.000000
24.550933	0.640	1,234,616.000000
24.561600	0.640	1,178,986.000000
24.572267	0.640	1,001,259.000000
24.582933	0.640	758,271.000000
24.593600	0.640	520,949.000000
24.604267	0.640	337,281.000000
24.614933	0.640	217,665.000000
24.625600	0.640	148,314.000000
24.636267	0.640	111,147.000000
24.646933	0.640	91,513.000000
24.657600	0.640	80,015.000000
24.668267	0.640	72,273.000000
24.678933	0.640	66,146.000000
24.689600	0.640	61,458.000000
24.700267	0.640	59,232.000000
24.710933	0.640	59,261.000000
24.721600	0.640	60,005.000000
24.732267	0.640	59,907.000000
24.742933	0.640	59,775.000000
24.753600	0.640	61,641.000000
24.764267	0.640	64,285.000000
24.774933	0.640	65,481.000000
24.785600	0.640	66,452.000000
24.796267	0.640	68,699.000000
24.806933	0.640	70,292.000000
24.817600	0.640	69,508.000000
24.828267	0.640	68,234.000000
24.838933	0.640	68,305.000000
24.849600	0.640	68,490.000000
24.860267	0.640	67,745.000000
24.870933	0.640	67,630.000000
24.881600	0.640	69,782.000000
24.892267	0.640	73,685.000000
24.902933	0.640	77,575.000000
24.913600	0.640	81,087.000000
24.924267	0.640	86,774.000000
24.934933	0.640	96,617.000000
24.945600	0.640	109,928.000000
24.956267	0.640	128,511.000000
24.966933	0.640	160,007.000000
24.977600	0.640	217,870.000000
24.988267	0.640	316,805.000000
24.998933	0.640	453,923.000000
25.009600	0.640	594,639.000000
25.020267	0.640	688,608.000000
25.030933	0.640	707,206.000000
25.041600	0.640	677,743.000000
25.052267	0.640	669,511.000000
25.062933	0.640	727,138.000000
25.073600	0.640	831,396.000000
25.084267	0.640	921,734.000000
25.094933	0.640	938,976.000000
25.105600	0.640	861,112.000000
25.116267	0.640	714,229.000000
25.126933	0.640	547,702.000000
25.137600	0.640	400,058.000000
25.148267	0.640	287,954.000000
25.158933	0.640	211,730.000000
25.169600	0.640	161,682.000000
25.180267	0.640	127,756.000000
25.190933	0.640	105,711.000000
25.201600	0.640	93,777.000000
25.212267	0.640	89,659.000000
25.222933	0.640	89,459.000000
25.233600	0.640	88,246.000000
25.244267	0.640	84,161.000000
25.254933	0.640	78,723.000000
25.265600	0.640	73,641.000000
25.276267	0.640	70,614.000000
25.286933	0.640	70,588.000000
25.297600	0.640	71,662.000000
25.308267	0.640	70,945.000000
25.318933	0.640	68,618.000000
25.329600	0.640	67,075.000000
25.340267	0.640	66,757.000000
25.350933	0.640	66,452.000000
25.361600	0.640	66,047.000000
25.372267	0.640	66,066.000000
25.382933	0.640	65,441.000000
25.393600	0.640	63,020.000000
25.404267	0.640	60,975.000000
25.414933	0.640	61,227.000000
25.425600	0.640	62,039.000000
25.436267	0.640	62,190.000000
25.446933	0.640	62,511.000000
25.457600	0.640	63,606.000000
25.468267	0.640	65,704.000000
25.478933	0.640	68,073.000000
25.489600	0.640	68,856.000000
25.500267	0.640	67,687.000000
25.510933	0.640	66,888.000000
25.521600	0.640	68,267.000000
25.532267	0.640	69,871.000000
25.542933	0.640	69,061.000000
25.553600	0.640	67,378.000000
25.564267	0.640	67,857.000000
25.574933	0.640	69,646.000000
25.585600	0.640	69,602.000000
25.596267	0.640	67,526.000000
25.606933	0.640	65,914.000000
25.617600	0.640	65,901.000000
25.628267	0.640	66,548.000000
25.638933	0.640	66,535.000000
25.649600	0.640	65,779.000000
25.660267	0.640	65,247.000000
25.670933	0.640	64,889.000000
25.681600	0.640	64,520.000000
25.692267	0.640	64,818.000000
25.702933	0.640	65,816.000000
25.713600	0.640	67,516.000000
25.724267	0.640	69,581.000000
25.734933	0.640	69,747.000000
25.745600	0.640	67,582.000000
25.756267	0.640	66,072.000000
25.766933	0.640	65,821.000000
25.777600	0.640	65,591.000000
25.788267	0.640	66,621.000000
25.798933	0.640	69,214.000000
25.809600	0.640	71,033.000000
25.820267	0.640	71,041.000000
25.830933	0.640	71,300.000000
25.841600	0.640	74,700.000000
25.852267	0.640	80,356.000000
25.862933	0.640	84,820.000000
25.873600	0.640	88,983.000000
25.884267	0.640	95,633.000000
25.894933	0.640	103,718.000000
25.905600	0.640	112,734.000000
25.916267	0.640	124,929.000000
25.926933	0.640	139,645.000000
25.937600	0.640	151,183.000000
25.948267	0.640	153,953.000000
25.958933	0.640	148,992.000000
25.969600	0.640	141,188.000000
25.980267	0.640	132,440.000000
25.990933	0.640	124,701.000000
26.001600	0.640	121,023.000000
26.012267	0.640	120,406.000000
26.022933	0.640	120,201.000000
26.033600	0.640	120,316.000000
26.044267	0.640	124,100.000000
26.054933	0.640	138,937.000000
26.065600	0.640	174,015.000000
26.076267	0.640	232,310.000000
26.086933	0.640	296,580.000000
26.097600	0.640	329,700.000000
26.108267	0.640	304,350.000000
26.118933	0.640	231,542.000000
26.129600	0.640	152,719.000000
26.140267	0.640	102,812.000000
26.150933	0.640	84,922.000000
26.161600	0.640	81,451.000000
26.172267	0.640	78,825.000000
26.182933	0.640	75,377.000000
26.193600	0.640	74,112.000000
26.204267	0.640	75,645.000000
26.214933	0.640	77,868.000000
26.225600	0.640	79,408.000000
26.236267	0.640	80,259.000000
26.246933	0.640	80,297.000000
26.257600	0.640	79,277.000000
26.268267	0.640	77,452.000000
26.278933	0.640	76,498.000000
26.289600	0.640	78,203.000000
26.300267	0.640	81,119.000000
26.310933	0.640	81,578.000000
26.321600	0.640	79,303.000000
26.332267	0.640	77,621.000000
26.342933	0.640	77,328.000000
26.353600	0.640	77,347.000000
26.364267	0.640	79,084.000000
26.374933	0.640	83,093.000000
26.385600	0.640	86,324.000000
26.396267	0.640	87,018.000000
26.406933	0.640	88,261.000000
26.417600	0.640	92,959.000000
26.428267	0.640	99,297.000000
26.438933	0.640	105,806.000000
26.449600	0.640	116,493.000000
26.460267	0.640	137,428.000000
26.470933	0.640	171,095.000000
26.481600	0.640	217,693.000000
26.492267	0.640	273,322.000000
26.502933	0.640	315,672.000000
26.513600	0.640	310,384.000000
26.524267	0.640	249,194.000000
26.534933	0.640	166,457.000000
26.545600	0.640	105,837.000000
26.556267	0.640	80,708.000000
26.566933	0.640	75,830.000000
26.577600	0.640	74,476.000000
26.588267	0.640	72,100.000000
26.598933	0.640	71,903.000000
26.609600	0.640	75,635.000000
26.620267	0.640	80,149.000000
26.630933	0.640	81,382.000000
26.641600	0.640	79,880.000000
26.652267	0.640	80,556.000000
26.662933	0.640	84,827.000000
26.673600	0.640	87,933.000000
26.684267	0.640	88,047.000000
26.694933	0.640	89,768.000000
26.705600	0.640	95,231.000000
26.716267	0.640	101,996.000000
26.726933	0.640	109,142.000000
26.737600	0.640	115,617.000000
26.748267	0.640	118,347.000000
26.758933	0.640	117,890.000000
26.769600	0.640	118,435.000000
26.780267	0.640	123,002.000000
26.790933	0.640	133,403.000000
26.801600	0.640	148,324.000000
26.812267	0.640	161,881.000000
26.822933	0.640	175,990.000000
26.833600	0.640	211,498.000000
26.844267	0.640	292,818.000000
26.854933	0.640	416,327.000000
26.865600	0.640	534,123.000000
26.876267	0.640	579,692.000000
26.886933	0.640	529,378.000000
26.897600	0.640	435,627.000000
26.908267	0.640	377,726.000000
26.918933	0.640	377,355.000000
26.929600	0.640	384,030.000000
26.940267	0.640	348,574.000000
26.950933	0.640	282,336.000000
26.961600	0.640	228,803.000000
26.972267	0.640	205,329.000000
26.982933	0.640	198,240.000000
26.993600	0.640	195,414.000000
27.004267	0.640	197,937.000000
27.014933	0.640	214,875.000000
27.025600	0.640	271,246.000000
27.036267	0.640	390,727.000000
27.046933	0.640	526,150.000000
27.057600	0.640	565,878.000000
27.068267	0.640	475,010.000000
27.078933	0.640	351,804.000000
27.089600	0.640	295,252.000000
27.100267	0.640	304,196.000000
27.110933	0.640	329,483.000000
27.121600	0.640	348,115.000000
27.132267	0.640	366,291.000000
27.142933	0.640	391,602.000000
27.153600	0.640	422,612.000000
27.164267	0.640	458,248.000000
27.174933	0.640	503,341.000000
27.185600	0.640	564,952.000000
27.196267	0.640	651,773.000000
27.206933	0.640	770,435.000000
27.217600	0.640	930,247.000000
27.228267	0.640	1,178,268.000000
27.238933	0.640	1,680,501.000000
27.249600	0.640	2,926,777.000000
27.260267	0.640	5,602,199.000000
27.270933	0.640	9,102,585.000000
27.281600	0.640	10,609,607.000000
27.292267	0.640	8,187,536.000000
27.302933	0.640	3,901,358.000000
27.313600	0.640	1,066,845.000000
27.324267	0.640	318,683.000000
27.334933	0.640	361,547.000000
27.345600	0.640	351,107.000000
27.356267	0.640	267,113.000000
27.366933	0.640	237,401.000000
27.377600	0.640	255,406.000000
27.388267	0.640	265,565.000000
27.398933	0.640	254,258.000000
27.409600	0.640	248,508.000000
27.420267	0.640	262,995.000000
27.430933	0.640	271,198.000000
27.441600	0.640	244,351.000000
27.452267	0.640	199,331.000000
27.462933	0.640	173,993.000000
27.473600	0.640	175,994.000000
27.484267	0.640	188,026.000000
27.494933	0.640	201,823.000000
27.505600	0.640	227,671.000000
27.516267	0.640	279,159.000000
27.526933	0.640	342,112.000000
27.537600	0.640	368,594.000000
27.548267	0.640	334,741.000000
27.558933	0.640	277,572.000000
27.569600	0.640	245,813.000000
27.580267	0.640	251,824.000000
27.590933	0.640	278,387.000000
27.601600	0.640	304,389.000000
27.612267	0.640	324,518.000000
27.622933	0.640	351,261.000000
27.633600	0.640	399,793.000000
27.644267	0.640	476,078.000000
27.654933	0.640	582,066.000000
27.665600	0.640	709,234.000000
27.676267	0.640	807,835.000000
27.686933	0.640	805,073.000000
27.697600	0.640	675,769.000000
27.708267	0.640	468,312.000000
27.718933	0.640	271,842.000000
27.729600	0.640	162,364.000000
27.740267	0.640	168,882.000000
27.750933	0.640	303,340.000000
27.761600	0.640	555,689.000000
27.772267	0.640	785,969.000000
27.782933	0.640	776,656.000000
27.793600	0.640	514,990.000000
27.804267	0.640	233,441.000000
27.814933	0.640	103,947.000000
27.825600	0.640	89,561.000000
27.836267	0.640	95,573.000000
27.846933	0.640	93,226.000000
27.857600	0.640	91,504.000000
27.868267	0.640	91,874.000000
27.878933	0.640	90,363.000000
27.889600	0.640	88,286.000000
27.900267	0.640	90,616.000000
27.910933	0.640	98,308.000000
27.921600	0.640	106,986.000000
27.932267	0.640	113,695.000000
27.942933	0.640	117,596.000000
27.953600	0.640	117,567.000000
27.964267	0.640	116,543.000000
27.974933	0.640	119,850.000000
27.985600	0.640	126,045.000000
27.996267	0.640	129,909.000000
28.006933	0.640	131,629.000000
28.017600	0.640	133,654.000000
28.028267	0.640	136,651.000000
28.038933	0.640	144,763.000000
28.049600	0.640	162,726.000000
28.060267	0.640	185,701.000000
28.070933	0.640	203,939.000000
28.081600	0.640	211,563.000000
28.092267	0.640	205,511.000000
28.102933	0.640	187,181.000000
28.113600	0.640	163,238.000000
28.124267	0.640	141,086.000000
28.134933	0.640	125,821.000000
28.145600	0.640	117,232.000000
28.156267	0.640	111,742.000000
28.166933	0.640	107,707.000000
28.177600	0.640	105,141.000000
28.188267	0.640	106,253.000000
28.198933	0.640	115,915.000000
28.209600	0.640	135,372.000000
28.220267	0.640	157,863.000000
28.230933	0.640	170,386.000000
28.241600	0.640	162,675.000000
28.252267	0.640	138,993.000000
28.262933	0.640	113,618.000000
28.273600	0.640	96,794.000000
28.284267	0.640	91,573.000000
28.294933	0.640	95,227.000000
28.305600	0.640	100,332.000000
28.316267	0.640	99,865.000000
28.326933	0.640	93,436.000000
28.337600	0.640	88,199.000000
28.348267	0.640	91,528.000000
28.358933	0.640	103,614.000000
28.369600	0.640	117,095.000000
28.380267	0.640	121,828.000000
28.390933	0.640	112,377.000000
28.401600	0.640	94,559.000000
28.412267	0.640	81,347.000000
28.422933	0.640	78,421.000000
28.433600	0.640	79,749.000000
28.444267	0.640	79,462.000000
28.454933	0.640	79,452.000000
28.465600	0.640	83,306.000000
28.476267	0.640	90,102.000000
28.486933	0.640	96,264.000000
28.497600	0.640	99,982.000000
28.508267	0.640	102,350.000000
28.518933	0.640	104,884.000000
28.529600	0.640	107,697.000000
28.540267	0.640	110,218.000000
28.550933	0.640	113,125.000000
28.561600	0.640	119,294.000000
28.572267	0.640	131,910.000000
28.582933	0.640	154,046.000000
28.593600	0.640	193,108.000000
28.604267	0.640	254,119.000000
28.614933	0.640	313,319.000000
28.625600	0.640	322,553.000000
28.636267	0.640	267,543.000000
28.646933	0.640	189,391.000000
28.657600	0.640	130,183.000000
28.668267	0.640	95,111.000000
28.678933	0.640	72,055.000000
28.689600	0.640	55,336.000000
28.700267	0.640	46,566.000000
28.710933	0.640	56,449.000000
28.721600	0.640	94,034.000000
28.732267	0.640	124,463.000000
28.742933	0.640	100,313.000000
28.753600	0.640	46,833.000000
28.764267	0.640	19,297.000000
28.774933	0.640	19,189.000000
28.785600	0.640	21,341.000000
28.796267	0.640	18,964.000000
28.806933	0.640	16,694.000000
28.817600	0.640	16,165.000000
28.828267	0.640	15,967.000000
28.838933	0.640	14,792.000000
28.849600	0.640	13,147.000000
28.860267	0.640	12,884.000000
28.870933	0.640	13,333.000000
28.881600	0.640	12,111.000000
28.892267	0.640	9,892.000000
28.902933	0.640	9,032.000000
28.913600	0.640	9,655.000000
28.924267	0.640	10,142.000000
28.934933	0.640	9,283.000000
28.945600	0.640	7,344.000000
28.956267	0.640	5,774.000000
28.966933	0.640	5,464.000000
28.977600	0.640	5,670.000000
28.988267	0.640	5,277.000000
28.998933	0.640	4,365.000000
29.009600	0.640	3,526.000000
29.020267	0.640	2,792.000000
29.030933	0.640	2,178.000000
29.041600	0.640	2,470.000000
29.052267	0.640	4,265.000000
29.062933	0.640	6,033.000000
29.073600	0.640	5,726.000000
29.084267	0.640	4,267.000000
29.094933	0.640	4,058.000000
29.105600	0.640	4,863.000000
29.116267	0.640	4,591.000000
29.126933	0.640	3,499.000000
29.137600	0.640	3,267.000000
29.148267	0.640	3,279.000000
29.158933	0.640	2,357.000000
29.169600	0.640	1,335.000000
29.180267	0.640	1,177.000000
29.190933	0.640	1,345.000000
29.201600	0.640	1,329.000000
29.212267	0.640	1,741.000000
29.222933	0.640	2,790.000000
29.233600	0.640	3,382.000000
29.244267	0.640	2,863.000000
29.254933	0.640	2,062.000000
29.265600	0.640	1,721.000000
29.276267	0.640	1,587.000000
29.286933	0.640	1,663.000000
29.297600	0.640	2,186.000000
29.308267	0.640	2,241.000000
29.318933	0.640	1,423.000000
29.329600	0.640	1,102.000000
29.340267	0.640	1,421.000000
29.350933	0.640	930.000000
29.361600	0.640	41.000000
29.372267	0.640	649.000000
29.382933	0.640	2,494.000000
29.393600	0.640	2,962.000000
29.404267	0.640	1,215.000000
29.414933	0.640	-47.000000
29.425600	0.640	741.000000
29.436267	0.640	1,494.000000
29.446933	0.640	831.000000
29.457600	0.640	71.000000
29.468267	0.640	262.000000
29.478933	0.640	435.000000
29.489600	0.640	-133.000000
29.500267	0.640	-108.000000
29.510933	0.640	1,022.000000
29.521600	0.640	1,724.000000
29.532267	0.640	1,375.000000
29.542933	0.640	821.000000
29.553600	0.640	558.000000
29.564267	0.640	199.000000
29.574933	0.640	-611.000000
29.585600	0.640	-1,061.000000
29.596267	0.640	-267.000000
29.606933	0.640	707.000000
29.617600	0.640	311.000000
29.628267	0.640	-1,090.000000
29.638933	0.640	-1,858.000000
29.649600	0.640	-872.000000
29.660267	0.640	1,258.000000
29.670933	0.640	2,825.000000
29.681600	0.640	3,110.000000
29.692267	0.640	2,429.000000
29.702933	0.640	940.000000
29.713600	0.640	-702.000000
29.724267	0.640	-1,214.000000
29.734933	0.640	-219.000000
29.745600	0.640	1,445.000000
29.756267	0.640	2,209.000000
29.766933	0.640	1,520.000000
29.777600	0.640	1,032.000000
29.788267	0.640	1,679.000000
29.798933	0.640	2,424.000000
29.809600	0.640	2,288.000000
29.820267	0.640	1,222.000000
29.830933	0.640	287.000000
29.841600	0.640	175.000000
29.852267	0.640	27.000000
29.862933	0.640	-399.000000
29.873600	0.640	-428.000000
29.884267	0.640	-382.000000
29.894933	0.640	-808.000000
29.905600	0.640	-1,298.000000
29.916267	0.640	-1,246.000000
29.926933	0.640	-370.000000
29.937600	0.640	1,130.000000
29.948267	0.640	1,711.000000
29.958933	0.640	426.000000
29.969600	0.640	-736.000000
29.980267	0.640	-620.000000
29.990933	0.640	-697.000000
30.001600	0.640	-1,282.000000
