File Path	chrom://nnfcb-l0495/ChromeleonLocal/20180320_AA_Lars Nielsen samples Vienna_lbpet.seq/681.smp/Emission_2.channel/Emission_2.chm
Channel	Emission_2

Injection Information:
Data Vault	ChromeleonLocal
Injection	Blank_IS_4
Injection Number	44
Position	RB1
Comment	
Processing Method	20171024_Calculated with IS_lbpet
Instrument Method	20161104_AA_GeminiC18_FinalVer7
Type	Unknown
Status	Finished
Injection Date	21-03-2018
Injection Time	12:42:19
Injection Volume (µl)	56.500
Dilution Factor	1.0000
Weight	1.0000

Raw Data Information:
Time Min. (min)	0.007767
Time Max. (min)	30.005483
Data Points	2849
Detector	FLD
Exporting Data System	Chromeleon 7.1.2.1478
Operator	
Signal Quantity	
Signal Unit	counts
Signal Min.	-30,099.000000
Signal Max.	210,090,861.000000
Channel	Emission_2
Driver Name	FLD3000.dll
Channel Type	Evaluation
Min. Step (s)	0.010
Max. Step (s)	0.823
Average Step (s)	0.632

Signal Parameter Information:
Signal Info	266 nm /305 nm

Raw Data:
Time (min)	Step (s)	Value (counts)
0.007767	0.000	0.000000
0.021483	0.823	0.000000
0.032150	0.640	0.000000
0.042817	0.640	-3,991.000000
0.053483	0.640	-5,920.000000
0.064150	0.640	-2,814.000000
0.074817	0.640	-336.000000
0.085483	0.640	-1,553.000000
0.096150	0.640	-2,094.000000
0.106817	0.640	-1,634.000000
0.117483	0.640	-837.000000
0.128150	0.640	2,243.000000
0.138817	0.640	3,025.000000
0.149483	0.640	-1,205.000000
0.160150	0.640	-3,707.000000
0.170817	0.640	-2,950.000000
0.181483	0.640	-6,169.000000
0.192150	0.640	-12,733.000000
0.202817	0.640	-12,184.000000
0.213483	0.640	-3,630.000000
0.224150	0.640	2,218.000000
0.234817	0.640	1,933.000000
0.245483	0.640	1,245.000000
0.256150	0.640	1,312.000000
0.266817	0.640	-2,407.000000
0.277483	0.640	-9,297.000000
0.288150	0.640	-11,834.000000
0.298817	0.640	-8,175.000000
0.309483	0.640	-4,907.000000
0.320150	0.640	-4,129.000000
0.330817	0.640	-3,486.000000
0.341483	0.640	-4,264.000000
0.352150	0.640	-6,194.000000
0.362817	0.640	-5,210.000000
0.373483	0.640	-1,470.000000
0.384150	0.640	773.000000
0.394817	0.640	-408.000000
0.405483	0.640	-3,082.000000
0.416150	0.640	-2,648.000000
0.426817	0.640	2,660.000000
0.437483	0.640	6,915.000000
0.448150	0.640	3,171.000000
0.458817	0.640	-6,070.000000
0.469483	0.640	-10,562.000000
0.480150	0.640	-5,965.000000
0.490817	0.640	1,178.000000
0.501483	0.640	3,453.000000
0.512150	0.640	870.000000
0.522817	0.640	-1,702.000000
0.533483	0.640	-2,873.000000
0.544150	0.640	-5,682.000000
0.554817	0.640	-10,955.000000
0.565483	0.640	-16,069.000000
0.576150	0.640	-18,627.000000
0.586817	0.640	-18,780.000000
0.597483	0.640	-17,695.000000
0.608150	0.640	-14,726.000000
0.618817	0.640	-10,158.000000
0.629483	0.640	-7,482.000000
0.640150	0.640	-9,153.000000
0.650817	0.640	-13,378.000000
0.661483	0.640	-14,757.000000
0.672150	0.640	-10,296.000000
0.682817	0.640	-4,630.000000
0.693483	0.640	-2,488.000000
0.704150	0.640	-3,943.000000
0.714817	0.640	-9,098.000000
0.725483	0.640	-14,975.000000
0.736150	0.640	-16,519.000000
0.746817	0.640	-14,702.000000
0.757483	0.640	-12,029.000000
0.768150	0.640	-8,811.000000
0.778817	0.640	-7,034.000000
0.789483	0.640	-7,613.000000
0.800150	0.640	-8,633.000000
0.810817	0.640	-7,952.000000
0.821483	0.640	-5,306.000000
0.832150	0.640	-4,042.000000
0.842817	0.640	-4,790.000000
0.853483	0.640	-4,112.000000
0.864150	0.640	-4,294.000000
0.874817	0.640	-9,241.000000
0.885483	0.640	-15,524.000000
0.896150	0.640	-17,841.000000
0.906817	0.640	-14,831.000000
0.917483	0.640	-8,992.000000
0.928150	0.640	-4,530.000000
0.938817	0.640	-3,721.000000
0.949483	0.640	-6,222.000000
0.960150	0.640	-10,326.000000
0.970817	0.640	-12,039.000000
0.981483	0.640	-7,270.000000
0.992150	0.640	-656.000000
1.002817	0.640	-1,790.000000
1.013483	0.640	-8,761.000000
1.024150	0.640	-12,772.000000
1.034817	0.640	-11,812.000000
1.045483	0.640	-8,285.000000
1.056150	0.640	-5,827.000000
1.066817	0.640	-7,024.000000
1.077483	0.640	-10,124.000000
1.088150	0.640	-12,566.000000
1.098817	0.640	-14,456.000000
1.109483	0.640	-17,179.000000
1.120150	0.640	-19,794.000000
1.130817	0.640	-19,488.000000
1.141483	0.640	-16,614.000000
1.152150	0.640	-12,937.000000
1.162817	0.640	-8,639.000000
1.173483	0.640	-6,436.000000
1.184150	0.640	-9,332.000000
1.194817	0.640	-14,294.000000
1.205483	0.640	-16,888.000000
1.216150	0.640	-17,188.000000
1.226817	0.640	-16,310.000000
1.237483	0.640	-13,902.000000
1.248150	0.640	-11,160.000000
1.258817	0.640	-9,918.000000
1.269483	0.640	-9,983.000000
1.280150	0.640	-11,691.000000
1.290817	0.640	-14,404.000000
1.301483	0.640	-14,653.000000
1.312150	0.640	-13,212.000000
1.322817	0.640	-13,893.000000
1.333483	0.640	-14,785.000000
1.344150	0.640	-13,116.000000
1.354817	0.640	-13,128.000000
1.365483	0.640	-17,329.000000
1.376150	0.640	-18,501.000000
1.386817	0.640	-12,581.000000
1.397483	0.640	-6,361.000000
1.408150	0.640	-5,557.000000
1.418817	0.640	-9,477.000000
1.429483	0.640	-13,387.000000
1.440150	0.640	-11,308.000000
1.450817	0.640	-5,174.000000
1.461483	0.640	-4,699.000000
1.472150	0.640	-11,762.000000
1.482817	0.640	-17,705.000000
1.493483	0.640	-19,802.000000
1.504150	0.640	-21,906.000000
1.514817	0.640	-20,689.000000
1.525483	0.640	-13,125.000000
1.536150	0.640	-7,582.000000
1.546817	0.640	-9,318.000000
1.557483	0.640	-10,814.000000
1.568150	0.640	-8,605.000000
1.578817	0.640	-9,235.000000
1.589483	0.640	-12,429.000000
1.600150	0.640	-10,773.000000
1.610817	0.640	-4,439.000000
1.621483	0.640	-613.000000
1.632150	0.640	-3,026.000000
1.642817	0.640	-7,438.000000
1.653483	0.640	-7,660.000000
1.664150	0.640	-4,327.000000
1.674817	0.640	-2,597.000000
1.685483	0.640	-3,512.000000
1.696150	0.640	-4,910.000000
1.706817	0.640	-6,305.000000
1.717483	0.640	-6,521.000000
1.728150	0.640	-5,789.000000
1.738817	0.640	-7,849.000000
1.749483	0.640	-11,435.000000
1.760150	0.640	-11,863.000000
1.770817	0.640	-10,249.000000
1.781483	0.640	-9,132.000000
1.792150	0.640	-7,264.000000
1.802817	0.640	-4,024.000000
1.813483	0.640	-1,346.000000
1.824150	0.640	-1,703.000000
1.834817	0.640	-5,896.000000
1.845483	0.640	-9,701.000000
1.856150	0.640	-9,401.000000
1.866817	0.640	-8,999.000000
1.877483	0.640	-10,180.000000
1.888150	0.640	-8,900.000000
1.898817	0.640	-7,396.000000
1.909483	0.640	-10,333.000000
1.920150	0.640	-14,531.000000
1.930817	0.640	-14,194.000000
1.941483	0.640	-9,443.000000
1.952150	0.640	-6,422.000000
1.962817	0.640	-9,254.000000
1.973483	0.640	-14,362.000000
1.984150	0.640	-15,379.000000
1.994817	0.640	-10,280.000000
2.005483	0.640	-3,886.000000
2.016150	0.640	-2,443.000000
2.026817	0.640	-3,931.000000
2.037483	0.640	-2,564.000000
2.048150	0.640	-551.000000
2.058817	0.640	-1,413.000000
2.069483	0.640	-1,617.000000
2.080150	0.640	829.000000
2.090817	0.640	2,086.000000
2.101483	0.640	-1,152.000000
2.112150	0.640	-7,054.000000
2.122817	0.640	-10,866.000000
2.133483	0.640	-11,298.000000
2.144150	0.640	-10,945.000000
2.154817	0.640	-11,321.000000
2.165483	0.640	-11,020.000000
2.176150	0.640	-9,044.000000
2.186817	0.640	-7,984.000000
2.197483	0.640	-9,268.000000
2.208150	0.640	-9,840.000000
2.218817	0.640	-8,903.000000
2.229483	0.640	-8,315.000000
2.240150	0.640	-6,528.000000
2.250817	0.640	-2,271.000000
2.261483	0.640	2,936.000000
2.272150	0.640	8,955.000000
2.282817	0.640	14,247.000000
2.293483	0.640	14,574.000000
2.304150	0.640	10,136.000000
2.314817	0.640	4,805.000000
2.325483	0.640	1,183.000000
2.336150	0.640	1,173.000000
2.346817	0.640	3,740.000000
2.357483	0.640	4,843.000000
2.368150	0.640	2,151.000000
2.378817	0.640	-2,219.000000
2.389483	0.640	-3,064.000000
2.400150	0.640	741.000000
2.410817	0.640	4,486.000000
2.421483	0.640	4,776.000000
2.432150	0.640	1,590.000000
2.442817	0.640	-2,482.000000
2.453483	0.640	-1,969.000000
2.464150	0.640	3,151.000000
2.474817	0.640	4,835.000000
2.485483	0.640	1,690.000000
2.496150	0.640	1,643.000000
2.506817	0.640	5,091.000000
2.517483	0.640	3,299.000000
2.528150	0.640	-3,367.000000
2.538817	0.640	-5,008.000000
2.549483	0.640	-2,356.000000
2.560150	0.640	-4,550.000000
2.570817	0.640	-9,729.000000
2.581483	0.640	-10,090.000000
2.592150	0.640	-6,658.000000
2.602817	0.640	-4,478.000000
2.613483	0.640	-3,930.000000
2.624150	0.640	-3,931.000000
2.634817	0.640	-5,976.000000
2.645483	0.640	-10,739.000000
2.656150	0.640	-15,816.000000
2.666817	0.640	-17,324.000000
2.677483	0.640	-12,407.000000
2.688150	0.640	-5,266.000000
2.698817	0.640	-4,680.000000
2.709483	0.640	-10,906.000000
2.720150	0.640	-14,421.000000
2.730817	0.640	-9,647.000000
2.741483	0.640	-2,702.000000
2.752150	0.640	-625.000000
2.762817	0.640	-1,782.000000
2.773483	0.640	-3,667.000000
2.784150	0.640	-6,688.000000
2.794817	0.640	-8,077.000000
2.805483	0.640	-5,401.000000
2.816150	0.640	-1,928.000000
2.826817	0.640	-427.000000
2.837483	0.640	-212.000000
2.848150	0.640	-2,767.000000
2.858817	0.640	-10,459.000000
2.869483	0.640	-19,495.000000
2.880150	0.640	-21,520.000000
2.890817	0.640	-15,460.000000
2.901483	0.640	-11,099.000000
2.912150	0.640	-12,955.000000
2.922817	0.640	-13,846.000000
2.933483	0.640	-10,548.000000
2.944150	0.640	-6,525.000000
2.954817	0.640	-3,046.000000
2.965483	0.640	-1,898.000000
2.976150	0.640	-5,337.000000
2.986817	0.640	-11,512.000000
2.997483	0.640	-16,473.000000
3.008150	0.640	-16,189.000000
3.018817	0.640	-10,633.000000
3.029483	0.640	-6,470.000000
3.040150	0.640	-8,926.000000
3.050817	0.640	-14,630.000000
3.061483	0.640	-16,954.000000
3.072150	0.640	-14,122.000000
3.082817	0.640	-9,491.000000
3.093483	0.640	-7,069.000000
3.104150	0.640	-7,599.000000
3.114817	0.640	-8,986.000000
3.125483	0.640	-9,138.000000
3.136150	0.640	-8,301.000000
3.146817	0.640	-9,780.000000
3.157483	0.640	-13,320.000000
3.168150	0.640	-13,399.000000
3.178817	0.640	-10,681.000000
3.189483	0.640	-10,260.000000
3.200150	0.640	-9,432.000000
3.210817	0.640	-5,249.000000
3.221483	0.640	-3,485.000000
3.232150	0.640	-5,969.000000
3.242817	0.640	-6,554.000000
3.253483	0.640	-6,044.000000
3.264150	0.640	-9,570.000000
3.274817	0.640	-13,914.000000
3.285483	0.640	-15,326.000000
3.296150	0.640	-16,199.000000
3.306817	0.640	-17,168.000000
3.317483	0.640	-15,052.000000
3.328150	0.640	-9,215.000000
3.338817	0.640	-4,271.000000
3.349483	0.640	-3,944.000000
3.360150	0.640	-5,211.000000
3.370817	0.640	-3,617.000000
3.381483	0.640	-686.000000
3.392150	0.640	-732.000000
3.402817	0.640	-3,626.000000
3.413483	0.640	-5,262.000000
3.424150	0.640	-3,537.000000
3.434817	0.640	-710.000000
3.445483	0.640	-1,157.000000
3.456150	0.640	-5,944.000000
3.466817	0.640	-9,757.000000
3.477483	0.640	-8,910.000000
3.488150	0.640	-6,647.000000
3.498817	0.640	-7,396.000000
3.509483	0.640	-11,547.000000
3.520150	0.640	-12,788.000000
3.530817	0.640	-6,445.000000
3.541483	0.640	-88.000000
3.552150	0.640	-1,351.000000
3.562817	0.640	-6,159.000000
3.573483	0.640	-8,773.000000
3.584150	0.640	-9,391.000000
3.594817	0.640	-9,627.000000
3.605483	0.640	-9,574.000000
3.616150	0.640	-9,313.000000
3.626817	0.640	-8,301.000000
3.637483	0.640	-6,797.000000
3.648150	0.640	-7,652.000000
3.658817	0.640	-9,870.000000
3.669483	0.640	-8,863.000000
3.680150	0.640	-5,912.000000
3.690817	0.640	-6,203.000000
3.701483	0.640	-8,919.000000
3.712150	0.640	-8,948.000000
3.722817	0.640	-6,046.000000
3.733483	0.640	-3,143.000000
3.744150	0.640	-59.000000
3.754817	0.640	4,610.000000
3.765483	0.640	7,489.000000
3.776150	0.640	2,446.000000
3.786817	0.640	-6,484.000000
3.797483	0.640	-9,157.000000
3.808150	0.640	-7,869.000000
3.818817	0.640	-10,009.000000
3.829483	0.640	-12,422.000000
3.840150	0.640	-10,466.000000
3.850817	0.640	-9,528.000000
3.861483	0.640	-15,055.000000
3.872150	0.640	-19,783.000000
3.882817	0.640	-16,223.000000
3.893483	0.640	-12,001.000000
3.904150	0.640	-14,543.000000
3.914817	0.640	-16,958.000000
3.925483	0.640	-12,569.000000
3.936150	0.640	-5,509.000000
3.946817	0.640	-2,321.000000
3.957483	0.640	-4,542.000000
3.968150	0.640	-8,787.000000
3.978817	0.640	-10,570.000000
3.989483	0.640	-9,395.000000
4.000150	0.640	-7,936.000000
4.010817	0.640	-6,556.000000
4.021483	0.640	-4,373.000000
4.032150	0.640	-3,814.000000
4.042817	0.640	-7,054.000000
4.053483	0.640	-9,699.000000
4.064150	0.640	-6,020.000000
4.074817	0.640	-457.000000
4.085483	0.640	-1,597.000000
4.096150	0.640	-5,882.000000
4.106817	0.640	-5,928.000000
4.117483	0.640	-5,536.000000
4.128150	0.640	-8,182.000000
4.138817	0.640	-8,177.000000
4.149483	0.640	-3,365.000000
4.160150	0.640	-1,015.000000
4.170817	0.640	-5,594.000000
4.181483	0.640	-10,910.000000
4.192150	0.640	-12,650.000000
4.202817	0.640	-16,152.000000
4.213483	0.640	-22,419.000000
4.224150	0.640	-23,718.000000
4.234817	0.640	-16,806.000000
4.245483	0.640	-7,403.000000
4.256150	0.640	-3,981.000000
4.266817	0.640	-8,907.000000
4.277483	0.640	-14,491.000000
4.288150	0.640	-13,230.000000
4.298817	0.640	-6,578.000000
4.309483	0.640	-607.000000
4.320150	0.640	-1,643.000000
4.330817	0.640	-12,246.000000
4.341483	0.640	-25,565.000000
4.352150	0.640	-30,099.000000
4.362817	0.640	-22,615.000000
4.373483	0.640	-12,550.000000
4.384150	0.640	-10,025.000000
4.394817	0.640	-13,370.000000
4.405483	0.640	-14,894.000000
4.416150	0.640	-11,736.000000
4.426817	0.640	-7,096.000000
4.437483	0.640	-7,191.000000
4.448150	0.640	-13,167.000000
4.458817	0.640	-16,537.000000
4.469483	0.640	-11,607.000000
4.480150	0.640	-5,562.000000
4.490817	0.640	-7,170.000000
4.501483	0.640	-13,983.000000
4.512150	0.640	-18,285.000000
4.522817	0.640	-17,814.000000
4.533483	0.640	-14,092.000000
4.544150	0.640	-9,625.000000
4.554817	0.640	-8,308.000000
4.565483	0.640	-8,191.000000
4.576150	0.640	-3,751.000000
4.586817	0.640	732.000000
4.597483	0.640	-2,061.000000
4.608150	0.640	-9,340.000000
4.618817	0.640	-15,619.000000
4.629483	0.640	-17,428.000000
4.640150	0.640	-11,496.000000
4.650817	0.640	-4,826.000000
4.661483	0.640	-8,009.000000
4.672150	0.640	-14,517.000000
4.682817	0.640	-12,503.000000
4.693483	0.640	-5,280.000000
4.704150	0.640	-2,515.000000
4.714817	0.640	-5,459.000000
4.725483	0.640	-7,864.000000
4.736150	0.640	-6,422.000000
4.746817	0.640	-5,346.000000
4.757483	0.640	-7,319.000000
4.768150	0.640	-9,509.000000
4.778817	0.640	-12,125.000000
4.789483	0.640	-15,104.000000
4.800150	0.640	-13,319.000000
4.810817	0.640	-9,173.000000
4.821483	0.640	-10,371.000000
4.832150	0.640	-13,043.000000
4.842817	0.640	-9,118.000000
4.853483	0.640	-3,468.000000
4.864150	0.640	-4,651.000000
4.874817	0.640	-8,523.000000
4.885483	0.640	-7,490.000000
4.896150	0.640	-4,284.000000
4.906817	0.640	-3,913.000000
4.917483	0.640	-6,541.000000
4.928150	0.640	-12,496.000000
4.938817	0.640	-16,989.000000
4.949483	0.640	-10,728.000000
4.960150	0.640	5,224.000000
4.970817	0.640	28,092.000000
4.981483	0.640	66,443.000000
4.992150	0.640	120,018.000000
5.002817	0.640	166,912.000000
5.013483	0.640	185,672.000000
5.024150	0.640	174,867.000000
5.034817	0.640	149,464.000000
5.045483	0.640	125,333.000000
5.056150	0.640	108,041.000000
5.066817	0.640	94,316.000000
5.077483	0.640	79,724.000000
5.088150	0.640	64,339.000000
5.098817	0.640	50,990.000000
5.109483	0.640	40,478.000000
5.120150	0.640	30,662.000000
5.130817	0.640	20,274.000000
5.141483	0.640	11,103.000000
5.152150	0.640	4,232.000000
5.162817	0.640	1,124.000000
5.173483	0.640	2,172.000000
5.184150	0.640	1,892.000000
5.194817	0.640	-1,128.000000
5.205483	0.640	-1,551.000000
5.216150	0.640	-151.000000
5.226817	0.640	-1,964.000000
5.237483	0.640	-6,507.000000
5.248150	0.640	-11,186.000000
5.258817	0.640	-16,376.000000
5.269483	0.640	-20,472.000000
5.280150	0.640	-19,040.000000
5.290817	0.640	-13,489.000000
5.301483	0.640	-9,804.000000
5.312150	0.640	-10,114.000000
5.322817	0.640	-13,788.000000
5.333483	0.640	-19,132.000000
5.344150	0.640	-22,730.000000
5.354817	0.640	-22,325.000000
5.365483	0.640	-19,088.000000
5.376150	0.640	-16,605.000000
5.386817	0.640	-15,039.000000
5.397483	0.640	-11,688.000000
5.408150	0.640	-10,045.000000
5.418817	0.640	-14,910.000000
5.429483	0.640	-21,547.000000
5.440150	0.640	-21,668.000000
5.450817	0.640	-14,712.000000
5.461483	0.640	-8,094.000000
5.472150	0.640	-7,967.000000
5.482817	0.640	-11,860.000000
5.493483	0.640	-14,639.000000
5.504150	0.640	-15,723.000000
5.514817	0.640	-14,888.000000
5.525483	0.640	-11,920.000000
5.536150	0.640	-9,403.000000
5.546817	0.640	-8,984.000000
5.557483	0.640	-9,678.000000
5.568150	0.640	-10,243.000000
5.578817	0.640	-11,413.000000
5.589483	0.640	-13,366.000000
5.600150	0.640	-13,399.000000
5.610817	0.640	-10,524.000000
5.621483	0.640	-7,996.000000
5.632150	0.640	-8,855.000000
5.642817	0.640	-12,102.000000
5.653483	0.640	-15,858.000000
5.664150	0.640	-19,361.000000
5.674817	0.640	-20,487.000000
5.685483	0.640	-18,484.000000
5.696150	0.640	-16,343.000000
5.706817	0.640	-17,800.000000
5.717483	0.640	-22,256.000000
5.728150	0.640	-22,236.000000
5.738817	0.640	-15,430.000000
5.749483	0.640	-11,868.000000
5.760150	0.640	-16,579.000000
5.770817	0.640	-21,190.000000
5.781483	0.640	-18,563.000000
5.792150	0.640	-12,699.000000
5.802817	0.640	-10,323.000000
5.813483	0.640	-9,376.000000
5.824150	0.640	-6,716.000000
5.834817	0.640	-7,577.000000
5.845483	0.640	-14,213.000000
5.856150	0.640	-20,425.000000
5.866817	0.640	-20,494.000000
5.877483	0.640	-13,597.000000
5.888150	0.640	-5,546.000000
5.898817	0.640	-4,501.000000
5.909483	0.640	-9,956.000000
5.920150	0.640	-13,130.000000
5.930817	0.640	-10,624.000000
5.941483	0.640	-8,057.000000
5.952150	0.640	-8,364.000000
5.962817	0.640	-10,313.000000
5.973483	0.640	-14,806.000000
5.984150	0.640	-19,556.000000
5.994817	0.640	-18,516.000000
6.005483	0.640	-13,542.000000
6.016150	0.640	-12,959.000000
6.026817	0.640	-17,940.000000
6.037483	0.640	-21,168.000000
6.048150	0.640	-17,348.000000
6.058817	0.640	-10,949.000000
6.069483	0.640	-9,508.000000
6.080150	0.640	-10,872.000000
6.090817	0.640	-8,651.000000
6.101483	0.640	-4,738.000000
6.112150	0.640	-5,319.000000
6.122817	0.640	-11,156.000000
6.133483	0.640	-16,648.000000
6.144150	0.640	-17,577.000000
6.154817	0.640	-16,156.000000
6.165483	0.640	-15,965.000000
6.176150	0.640	-18,422.000000
6.186817	0.640	-22,043.000000
6.197483	0.640	-21,776.000000
6.208150	0.640	-16,243.000000
6.218817	0.640	-11,151.000000
6.229483	0.640	-10,296.000000
6.240150	0.640	-12,146.000000
6.250817	0.640	-14,264.000000
6.261483	0.640	-15,884.000000
6.272150	0.640	-17,657.000000
6.282817	0.640	-18,485.000000
6.293483	0.640	-17,347.000000
6.304150	0.640	-15,914.000000
6.314817	0.640	-14,474.000000
6.325483	0.640	-12,103.000000
6.336150	0.640	-10,463.000000
6.346817	0.640	-11,300.000000
6.357483	0.640	-12,359.000000
6.368150	0.640	-12,632.000000
6.378817	0.640	-14,915.000000
6.389483	0.640	-16,972.000000
6.400150	0.640	-13,982.000000
6.410817	0.640	-10,022.000000
6.421483	0.640	-12,878.000000
6.432150	0.640	-21,528.000000
6.442817	0.640	-28,250.000000
6.453483	0.640	-27,778.000000
6.464150	0.640	-22,380.000000
6.474817	0.640	-19,222.000000
6.485483	0.640	-18,634.000000
6.496150	0.640	-15,472.000000
6.506817	0.640	-11,462.000000
6.517483	0.640	-11,189.000000
6.528150	0.640	-14,504.000000
6.538817	0.640	-16,870.000000
6.549483	0.640	-13,948.000000
6.560150	0.640	-9,405.000000
6.570817	0.640	-9,652.000000
6.581483	0.640	-13,183.000000
6.592150	0.640	-15,434.000000
6.602817	0.640	-15,490.000000
6.613483	0.640	-14,405.000000
6.624150	0.640	-14,406.000000
6.634817	0.640	-16,407.000000
6.645483	0.640	-17,028.000000
6.656150	0.640	-15,204.000000
6.666817	0.640	-15,859.000000
6.677483	0.640	-20,725.000000
6.688150	0.640	-23,629.000000
6.698817	0.640	-19,293.000000
6.709483	0.640	-11,083.000000
6.720150	0.640	-6,048.000000
6.730817	0.640	-7,588.000000
6.741483	0.640	-14,030.000000
6.752150	0.640	-19,848.000000
6.762817	0.640	-20,750.000000
6.773483	0.640	-17,446.000000
6.784150	0.640	-13,276.000000
6.794817	0.640	-10,583.000000
6.805483	0.640	-9,075.000000
6.816150	0.640	-7,337.000000
6.826817	0.640	-6,331.000000
6.837483	0.640	-9,102.000000
6.848150	0.640	-14,926.000000
6.858817	0.640	-18,231.000000
6.869483	0.640	-16,419.000000
6.880150	0.640	-14,527.000000
6.890817	0.640	-17,609.000000
6.901483	0.640	-21,289.000000
6.912150	0.640	-18,782.000000
6.922817	0.640	-13,392.000000
6.933483	0.640	-12,330.000000
6.944150	0.640	-13,909.000000
6.954817	0.640	-12,073.000000
6.965483	0.640	-8,609.000000
6.976150	0.640	-9,100.000000
6.986817	0.640	-12,491.000000
6.997483	0.640	-15,726.000000
7.008150	0.640	-18,310.000000
7.018817	0.640	-18,581.000000
7.029483	0.640	-15,887.000000
7.040150	0.640	-13,001.000000
7.050817	0.640	-12,444.000000
7.061483	0.640	-14,231.000000
7.072150	0.640	-16,645.000000
7.082817	0.640	-17,433.000000
7.093483	0.640	-15,998.000000
7.104150	0.640	-14,107.000000
7.114817	0.640	-14,111.000000
7.125483	0.640	-16,442.000000
7.136150	0.640	-18,216.000000
7.146817	0.640	-17,277.000000
7.157483	0.640	-13,759.000000
7.168150	0.640	-7,940.000000
7.178817	0.640	-2,892.000000
7.189483	0.640	-2,313.000000
7.200150	0.640	-4,917.000000
7.210817	0.640	-8,741.000000
7.221483	0.640	-14,485.000000
7.232150	0.640	-18,536.000000
7.242817	0.640	-16,123.000000
7.253483	0.640	-11,341.000000
7.264150	0.640	-8,757.000000
7.274817	0.640	-7,428.000000
7.285483	0.640	-8,188.000000
7.296150	0.640	-11,920.000000
7.306817	0.640	-16,344.000000
7.317483	0.640	-19,571.000000
7.328150	0.640	-21,658.000000
7.338817	0.640	-23,185.000000
7.349483	0.640	-24,037.000000
7.360150	0.640	-23,574.000000
7.370817	0.640	-21,601.000000
7.381483	0.640	-17,909.000000
7.392150	0.640	-12,257.000000
7.402817	0.640	-7,943.000000
7.413483	0.640	-8,566.000000
7.424150	0.640	-11,481.000000
7.434817	0.640	-12,701.000000
7.445483	0.640	-12,484.000000
7.456150	0.640	-13,507.000000
7.466817	0.640	-17,054.000000
7.477483	0.640	-19,988.000000
7.488150	0.640	-18,615.000000
7.498817	0.640	-14,990.000000
7.509483	0.640	-12,787.000000
7.520150	0.640	-12,044.000000
7.530817	0.640	-12,825.000000
7.541483	0.640	-15,622.000000
7.552150	0.640	-17,921.000000
7.562817	0.640	-17,526.000000
7.573483	0.640	-16,036.000000
7.584150	0.640	-14,257.000000
7.594817	0.640	-11,109.000000
7.605483	0.640	-8,696.000000
7.616150	0.640	-10,057.000000
7.626817	0.640	-14,844.000000
7.637483	0.640	-20,353.000000
7.648150	0.640	-23,175.000000
7.658817	0.640	-21,276.000000
7.669483	0.640	-15,770.000000
7.680150	0.640	-11,402.000000
7.690817	0.640	-12,989.000000
7.701483	0.640	-17,518.000000
7.712150	0.640	-17,414.000000
7.722817	0.640	-13,610.000000
7.733483	0.640	-12,443.000000
7.744150	0.640	-14,353.000000
7.754817	0.640	-16,565.000000
7.765483	0.640	-17,398.000000
7.776150	0.640	-15,508.000000
7.786817	0.640	-12,128.000000
7.797483	0.640	-11,359.000000
7.808150	0.640	-14,567.000000
7.818817	0.640	-17,355.000000
7.829483	0.640	-16,091.000000
7.840150	0.640	-13,355.000000
7.850817	0.640	-13,476.000000
7.861483	0.640	-17,034.000000
7.872150	0.640	-20,001.000000
7.882817	0.640	-18,377.000000
7.893483	0.640	-13,945.000000
7.904150	0.640	-11,367.000000
7.914817	0.640	-11,733.000000
7.925483	0.640	-13,633.000000
7.936150	0.640	-16,669.000000
7.946817	0.640	-20,713.000000
7.957483	0.640	-23,724.000000
7.968150	0.640	-22,064.000000
7.978817	0.640	-16,233.000000
7.989483	0.640	-12,094.000000
8.000150	0.640	-13,024.000000
8.010817	0.640	-17,315.000000
8.021483	0.640	-21,266.000000
8.032150	0.640	-20,568.000000
8.042817	0.640	-15,758.000000
8.053483	0.640	-14,509.000000
8.064150	0.640	-18,330.000000
8.074817	0.640	-20,083.000000
8.085483	0.640	-19,766.000000
8.096150	0.640	-21,575.000000
8.106817	0.640	-22,543.000000
8.117483	0.640	-20,320.000000
8.128150	0.640	-18,793.000000
8.138817	0.640	-19,721.000000
8.149483	0.640	-18,883.000000
8.160150	0.640	-14,171.000000
8.170817	0.640	-10,421.000000
8.181483	0.640	-11,108.000000
8.192150	0.640	-13,578.000000
8.202817	0.640	-15,293.000000
8.213483	0.640	-17,322.000000
8.224150	0.640	-20,918.000000
8.234817	0.640	-24,204.000000
8.245483	0.640	-24,573.000000
8.256150	0.640	-22,267.000000
8.266817	0.640	-18,615.000000
8.277483	0.640	-15,028.000000
8.288150	0.640	-13,051.000000
8.298817	0.640	-11,815.000000
8.309483	0.640	-10,862.000000
8.320150	0.640	-12,000.000000
8.330817	0.640	-14,572.000000
8.341483	0.640	-15,515.000000
8.352150	0.640	-13,644.000000
8.362817	0.640	-10,994.000000
8.373483	0.640	-9,384.000000
8.384150	0.640	-8,518.000000
8.394817	0.640	-9,142.000000
8.405483	0.640	-12,402.000000
8.416150	0.640	-16,843.000000
8.426817	0.640	-19,904.000000
8.437483	0.640	-20,328.000000
8.448150	0.640	-19,169.000000
8.458817	0.640	-18,217.000000
8.469483	0.640	-17,143.000000
8.480150	0.640	-16,535.000000
8.490817	0.640	-19,336.000000
8.501483	0.640	-23,171.000000
8.512150	0.640	-21,640.000000
8.522817	0.640	-15,874.000000
8.533483	0.640	-12,850.000000
8.544150	0.640	-14,455.000000
8.554817	0.640	-17,739.000000
8.565483	0.640	-21,228.000000
8.576150	0.640	-23,082.000000
8.586817	0.640	-21,279.000000
8.597483	0.640	-18,536.000000
8.608150	0.640	-17,132.000000
8.618817	0.640	-15,129.000000
8.629483	0.640	-12,774.000000
8.640150	0.640	-13,035.000000
8.650817	0.640	-14,984.000000
8.661483	0.640	-14,192.000000
8.672150	0.640	-10,303.000000
8.682883	0.644	-7,864.000000
8.693483	0.636	-8,610.000000
8.704150	0.640	-9,013.000000
8.714817	0.640	-8,310.000000
8.725483	0.640	-11,159.000000
8.736150	0.640	-18,116.000000
8.746817	0.640	-22,506.000000
8.757483	0.640	-19,458.000000
8.768150	0.640	-12,946.000000
8.778817	0.640	-10,839.000000
8.789483	0.640	-13,499.000000
8.800150	0.640	-15,367.000000
8.810817	0.640	-16,586.000000
8.821483	0.640	-19,858.000000
8.832150	0.640	-21,188.000000
8.842817	0.640	-17,789.000000
8.853483	0.640	-15,659.000000
8.864150	0.640	-18,347.000000
8.874817	0.640	-20,029.000000
8.885483	0.640	-16,016.000000
8.896150	0.640	-10,088.000000
8.906817	0.640	-8,005.000000
8.917483	0.640	-10,605.000000
8.928150	0.640	-15,480.000000
8.938817	0.640	-19,819.000000
8.949483	0.640	-21,756.000000
8.960150	0.640	-21,844.000000
8.970817	0.640	-21,121.000000
8.981483	0.640	-19,216.000000
8.992150	0.640	-16,453.000000
9.002817	0.640	-15,426.000000
9.013483	0.640	-17,192.000000
9.024150	0.640	-18,423.000000
9.034817	0.640	-17,338.000000
9.045483	0.640	-16,008.000000
9.056150	0.640	-16,160.000000
9.066817	0.640	-19,235.000000
9.077483	0.640	-23,709.000000
9.088150	0.640	-23,883.000000
9.098817	0.640	-18,487.000000
9.109483	0.640	-13,894.000000
9.120150	0.640	-14,184.000000
9.130817	0.640	-15,555.000000
9.141483	0.640	-15,522.000000
9.152150	0.640	-15,899.000000
9.162817	0.640	-16,080.000000
9.173483	0.640	-14,384.000000
9.184150	0.640	-10,938.000000
9.194817	0.640	-7,092.000000
9.205483	0.640	-5,422.000000
9.216150	0.640	-6,803.000000
9.226817	0.640	-8,455.000000
9.237483	0.640	-7,340.000000
9.248150	0.640	-3,895.000000
9.258817	0.640	-2,568.000000
9.269483	0.640	-6,539.000000
9.280150	0.640	-12,164.000000
9.290817	0.640	-15,541.000000
9.301483	0.640	-17,428.000000
9.312150	0.640	-15,825.000000
9.322817	0.640	-10,083.000000
9.333483	0.640	-8,532.000000
9.344150	0.640	-13,572.000000
9.354817	0.640	-13,928.000000
9.365483	0.640	-5,418.000000
9.376150	0.640	-311.000000
9.386817	0.640	-5,271.000000
9.397483	0.640	-9,156.000000
9.408150	0.640	-3,832.000000
9.418817	0.640	1,939.000000
9.429483	0.640	-243.000000
9.440150	0.640	-5,125.000000
9.450817	0.640	-6,298.000000
9.461483	0.640	-5,838.000000
9.472150	0.640	-6,380.000000
9.482817	0.640	-7,774.000000
9.493483	0.640	-10,068.000000
9.504150	0.640	-11,121.000000
9.514817	0.640	-8,653.000000
9.525483	0.640	-5,070.000000
9.536150	0.640	-3,298.000000
9.546817	0.640	-3,111.000000
9.557483	0.640	-4,415.000000
9.568150	0.640	-6,106.000000
9.578817	0.640	-4,035.000000
9.589483	0.640	1,749.000000
9.600150	0.640	5,192.000000
9.610817	0.640	3,085.000000
9.621483	0.640	-828.000000
9.632150	0.640	-1,103.000000
9.642817	0.640	1,824.000000
9.653483	0.640	2,902.000000
9.664150	0.640	1,154.000000
9.674817	0.640	2,587.000000
9.685483	0.640	10,741.000000
9.696150	0.640	17,475.000000
9.706817	0.640	15,531.000000
9.717483	0.640	10,850.000000
9.728150	0.640	9,512.000000
9.738817	0.640	10,068.000000
9.749483	0.640	10,840.000000
9.760150	0.640	10,449.000000
9.770817	0.640	8,013.000000
9.781483	0.640	6,688.000000
9.792150	0.640	9,095.000000
9.802817	0.640	12,429.000000
9.813483	0.640	13,135.000000
9.824150	0.640	11,793.000000
9.834817	0.640	10,901.000000
9.845483	0.640	10,863.000000
9.856150	0.640	10,993.000000
9.866817	0.640	10,864.000000
9.877483	0.640	9,651.000000
9.888150	0.640	9,816.000000
9.898817	0.640	13,431.000000
9.909483	0.640	15,446.000000
9.920150	0.640	14,262.000000
9.930817	0.640	15,648.000000
9.941483	0.640	19,594.000000
9.952150	0.640	21,135.000000
9.962817	0.640	20,541.000000
9.973483	0.640	20,793.000000
9.984150	0.640	22,406.000000
9.994817	0.640	24,936.000000
10.005483	0.640	27,683.000000
10.016150	0.640	29,564.000000
10.026817	0.640	29,656.000000
10.037483	0.640	28,620.000000
10.048150	0.640	28,993.000000
10.058817	0.640	31,104.000000
10.069483	0.640	34,505.000000
10.080150	0.640	39,366.000000
10.090817	0.640	42,601.000000
10.101483	0.640	42,984.000000
10.112150	0.640	43,353.000000
10.122817	0.640	42,495.000000
10.133483	0.640	38,261.000000
10.144150	0.640	36,167.000000
10.154817	0.640	40,348.000000
10.165483	0.640	42,789.000000
10.176150	0.640	36,259.000000
10.186817	0.640	29,393.000000
10.197483	0.640	32,907.000000
10.208150	0.640	40,410.000000
10.218817	0.640	41,256.000000
10.229483	0.640	39,125.000000
10.240150	0.640	42,216.000000
10.250817	0.640	49,190.000000
10.261483	0.640	52,566.000000
10.272150	0.640	49,723.000000
10.282817	0.640	46,209.000000
10.293483	0.640	47,444.000000
10.304150	0.640	52,602.000000
10.314817	0.640	56,928.000000
10.325483	0.640	57,512.000000
10.336150	0.640	56,180.000000
10.346817	0.640	55,728.000000
10.357483	0.640	56,488.000000
10.368150	0.640	58,161.000000
10.378817	0.640	61,728.000000
10.389483	0.640	66,752.000000
10.400150	0.640	70,866.000000
10.410817	0.640	72,645.000000
10.421483	0.640	71,453.000000
10.432150	0.640	70,136.000000
10.442817	0.640	73,763.000000
10.453483	0.640	80,338.000000
10.464150	0.640	83,068.000000
10.474817	0.640	80,626.000000
10.485483	0.640	76,240.000000
10.496150	0.640	72,078.000000
10.506817	0.640	70,408.000000
10.517483	0.640	73,071.000000
10.528150	0.640	77,474.000000
10.538817	0.640	79,578.000000
10.549483	0.640	79,576.000000
10.560150	0.640	80,028.000000
10.570817	0.640	81,442.000000
10.581483	0.640	83,609.000000
10.592150	0.640	86,270.000000
10.602817	0.640	87,238.000000
10.613483	0.640	86,501.000000
10.624217	0.644	87,570.000000
10.634817	0.636	89,640.000000
10.645483	0.640	89,790.000000
10.656150	0.640	90,694.000000
10.666817	0.640	94,128.000000
10.677483	0.640	98,294.000000
10.688150	0.640	103,543.000000
10.698817	0.640	108,457.000000
10.709483	0.640	109,089.000000
10.720150	0.640	106,555.000000
10.730817	0.640	104,754.000000
10.741483	0.640	103,125.000000
10.752150	0.640	101,175.000000
10.762817	0.640	104,293.000000
10.773483	0.640	114,120.000000
10.784150	0.640	123,680.000000
10.794817	0.640	127,361.000000
10.805483	0.640	124,024.000000
10.816150	0.640	118,275.000000
10.826817	0.640	118,268.000000
10.837483	0.640	122,057.000000
10.848150	0.640	122,709.000000
10.858817	0.640	123,490.000000
10.869483	0.640	127,557.000000
10.880150	0.640	130,609.000000
10.890817	0.640	133,690.000000
10.901483	0.640	139,920.000000
10.912150	0.640	144,386.000000
10.922817	0.640	143,853.000000
10.933483	0.640	140,717.000000
10.944150	0.640	136,413.000000
10.954817	0.640	134,083.000000
10.965483	0.640	136,490.000000
10.976150	0.640	139,659.000000
10.986817	0.640	140,886.000000
10.997483	0.640	144,475.000000
11.008150	0.640	151,485.000000
11.018817	0.640	156,259.000000
11.029483	0.640	158,002.000000
11.040150	0.640	160,501.000000
11.050817	0.640	160,905.000000
11.061483	0.640	156,675.000000
11.072150	0.640	154,877.000000
11.082817	0.640	159,268.000000
11.093483	0.640	162,428.000000
11.104150	0.640	160,947.000000
11.114817	0.640	162,880.000000
11.125483	0.640	171,758.000000
11.136150	0.640	179,648.000000
11.146817	0.640	182,540.000000
11.157483	0.640	184,482.000000
11.168150	0.640	186,153.000000
11.178817	0.640	185,925.000000
11.189483	0.640	186,066.000000
11.200150	0.640	187,497.000000
11.210817	0.640	188,380.000000
11.221483	0.640	190,110.000000
11.232150	0.640	194,173.000000
11.242817	0.640	197,327.000000
11.253483	0.640	196,758.000000
11.264150	0.640	195,591.000000
11.274817	0.640	197,687.000000
11.285483	0.640	200,214.000000
11.296150	0.640	200,050.000000
11.306817	0.640	199,644.000000
11.317483	0.640	202,000.000000
11.328150	0.640	208,161.000000
11.338817	0.640	215,525.000000
11.349483	0.640	219,547.000000
11.360150	0.640	220,427.000000
11.370817	0.640	221,202.000000
11.381483	0.640	223,105.000000
11.392150	0.640	227,123.000000
11.402817	0.640	232,016.000000
11.413483	0.640	233,140.000000
11.424150	0.640	230,560.000000
11.434817	0.640	229,956.000000
11.445483	0.640	232,437.000000
11.456150	0.640	234,067.000000
11.466817	0.640	235,172.000000
11.477483	0.640	238,146.000000
11.488150	0.640	241,548.000000
11.498817	0.640	245,308.000000
11.509483	0.640	250,442.000000
11.520150	0.640	254,856.000000
11.530817	0.640	255,909.000000
11.541483	0.640	253,646.000000
11.552150	0.640	253,349.000000
11.562817	0.640	258,630.000000
11.573483	0.640	264,630.000000
11.584150	0.640	267,768.000000
11.594817	0.640	271,304.000000
11.605483	0.640	277,864.000000
11.616150	0.640	284,325.000000
11.626817	0.640	285,576.000000
11.637483	0.640	283,139.000000
11.648150	0.640	283,801.000000
11.658817	0.640	288,828.000000
11.669483	0.640	293,250.000000
11.680150	0.640	295,431.000000
11.690817	0.640	298,552.000000
11.701483	0.640	302,248.000000
11.712150	0.640	301,850.000000
11.722817	0.640	296,788.000000
11.733483	0.640	293,226.000000
11.744150	0.640	296,556.000000
11.754817	0.640	304,322.000000
11.765483	0.640	310,293.000000
11.776150	0.640	313,306.000000
11.786817	0.640	317,338.000000
11.797483	0.640	323,347.000000
11.808150	0.640	326,578.000000
11.818817	0.640	325,121.000000
11.829483	0.640	324,325.000000
11.840150	0.640	328,532.000000
11.850817	0.640	333,630.000000
11.861483	0.640	333,080.000000
11.872150	0.640	329,609.000000
11.882817	0.640	331,075.000000
11.893483	0.640	338,507.000000
11.904150	0.640	347,091.000000
11.914817	0.640	351,550.000000
11.925483	0.640	349,056.000000
11.936150	0.640	342,802.000000
11.946817	0.640	341,223.000000
11.957483	0.640	347,889.000000
11.968150	0.640	355,568.000000
11.978817	0.640	358,721.000000
11.989483	0.640	360,874.000000
12.000150	0.640	363,902.000000
12.010817	0.640	365,402.000000
12.021483	0.640	366,453.000000
12.032150	0.640	369,336.000000
12.042817	0.640	372,578.000000
12.053483	0.640	376,309.000000
12.064150	0.640	381,716.000000
12.074817	0.640	383,839.000000
12.085483	0.640	380,103.000000
12.096150	0.640	378,598.000000
12.106817	0.640	384,687.000000
12.117483	0.640	393,189.000000
12.128150	0.640	398,837.000000
12.138817	0.640	400,834.000000
12.149483	0.640	400,091.000000
12.160150	0.640	399,319.000000
12.170817	0.640	400,426.000000
12.181483	0.640	402,705.000000
12.192150	0.640	406,135.000000
12.202817	0.640	410,591.000000
12.213483	0.640	414,912.000000
12.224150	0.640	419,776.000000
12.234817	0.640	423,894.000000
12.245483	0.640	422,161.000000
12.256150	0.640	415,740.000000
12.266817	0.640	414,952.000000
12.277483	0.640	423,283.000000
12.288150	0.640	430,024.000000
12.298817	0.640	429,044.000000
12.309483	0.640	426,998.000000
12.320150	0.640	427,376.000000
12.330817	0.640	427,187.000000
12.341483	0.640	427,115.000000
12.352150	0.640	430,263.000000
12.362817	0.640	436,330.000000
12.373483	0.640	443,580.000000
12.384150	0.640	450,485.000000
12.394817	0.640	453,906.000000
12.405483	0.640	452,085.000000
12.416150	0.640	448,504.000000
12.426817	0.640	448,484.000000
12.437483	0.640	452,754.000000
12.448150	0.640	456,613.000000
12.458817	0.640	457,213.000000
12.469483	0.640	458,047.000000
12.480150	0.640	463,093.000000
12.490817	0.640	470,001.000000
12.501483	0.640	472,419.000000
12.512150	0.640	470,004.000000
12.522817	0.640	468,509.000000
12.533483	0.640	469,787.000000
12.544150	0.640	473,007.000000
12.554817	0.640	476,884.000000
12.565483	0.640	477,264.000000
12.576150	0.640	475,035.000000
12.586817	0.640	475,675.000000
12.597483	0.640	477,556.000000
12.608150	0.640	475,868.000000
12.618817	0.640	473,272.000000
12.629483	0.640	475,147.000000
12.640150	0.640	478,067.000000
12.650817	0.640	477,198.000000
12.661483	0.640	478,371.000000
12.672150	0.640	485,043.000000
12.682817	0.640	490,009.000000
12.693483	0.640	489,830.000000
12.704150	0.640	488,659.000000
12.714817	0.640	488,011.000000
12.725483	0.640	486,002.000000
12.736150	0.640	484,591.000000
12.746817	0.640	485,768.000000
12.757483	0.640	485,370.000000
12.768150	0.640	482,790.000000
12.778817	0.640	483,976.000000
12.789483	0.640	489,712.000000
12.800150	0.640	494,211.000000
12.810817	0.640	492,290.000000
12.821483	0.640	484,433.000000
12.832150	0.640	477,727.000000
12.842817	0.640	478,817.000000
12.853483	0.640	486,670.000000
12.864150	0.640	494,383.000000
12.874817	0.640	497,081.000000
12.885483	0.640	496,535.000000
12.896150	0.640	495,617.000000
12.906817	0.640	493,841.000000
12.917483	0.640	492,521.000000
12.928150	0.640	494,300.000000
12.938817	0.640	498,008.000000
12.949483	0.640	500,068.000000
12.960150	0.640	498,170.000000
12.970817	0.640	494,878.000000
12.981483	0.640	494,892.000000
12.992150	0.640	498,258.000000
13.002817	0.640	502,109.000000
13.013483	0.640	504,090.000000
13.024150	0.640	502,935.000000
13.034817	0.640	501,458.000000
13.045483	0.640	504,033.000000
13.056150	0.640	507,967.000000
13.066817	0.640	507,739.000000
13.077483	0.640	505,898.000000
13.088150	0.640	505,050.000000
13.098817	0.640	501,517.000000
13.109483	0.640	496,879.000000
13.120150	0.640	495,889.000000
13.130817	0.640	496,084.000000
13.141483	0.640	493,674.000000
13.152150	0.640	490,479.000000
13.162817	0.640	489,439.000000
13.173483	0.640	488,929.000000
13.184150	0.640	486,670.000000
13.194817	0.640	484,564.000000
13.205483	0.640	483,404.000000
13.216150	0.640	481,718.000000
13.226817	0.640	481,080.000000
13.237483	0.640	481,720.000000
13.248150	0.640	480,098.000000
13.258817	0.640	476,790.000000
13.269483	0.640	475,352.000000
13.280150	0.640	475,950.000000
13.290817	0.640	477,159.000000
13.301483	0.640	477,804.000000
13.312150	0.640	478,186.000000
13.322817	0.640	480,588.000000
13.333483	0.640	483,716.000000
13.344150	0.640	483,345.000000
13.354817	0.640	479,756.000000
13.365483	0.640	475,400.000000
13.376150	0.640	470,587.000000
13.386817	0.640	467,864.000000
13.397483	0.640	469,899.000000
13.408150	0.640	472,375.000000
13.418817	0.640	469,776.000000
13.429483	0.640	463,009.000000
13.440150	0.640	457,810.000000
13.450817	0.640	460,561.000000
13.461483	0.640	470,123.000000
13.472150	0.640	475,849.000000
13.482817	0.640	471,758.000000
13.493483	0.640	463,191.000000
13.504150	0.640	456,495.000000
13.514817	0.640	453,245.000000
13.525483	0.640	452,419.000000
13.536150	0.640	450,905.000000
13.546817	0.640	446,671.000000
13.557483	0.640	443,935.000000
13.568150	0.640	447,507.000000
13.578817	0.640	456,451.000000
13.589483	0.640	467,724.000000
13.600150	0.640	477,652.000000
13.610817	0.640	485,080.000000
13.621483	0.640	495,942.000000
13.632150	0.640	515,549.000000
13.642817	0.640	541,823.000000
13.653483	0.640	572,879.000000
13.664150	0.640	612,490.000000
13.674817	0.640	664,753.000000
13.685483	0.640	731,645.000000
13.696150	0.640	814,232.000000
13.706817	0.640	908,926.000000
13.717483	0.640	1,005,798.000000
13.728150	0.640	1,095,526.000000
13.738817	0.640	1,175,183.000000
13.749483	0.640	1,241,286.000000
13.760150	0.640	1,282,499.000000
13.770817	0.640	1,288,678.000000
13.781483	0.640	1,260,053.000000
13.792150	0.640	1,201,347.000000
13.802817	0.640	1,117,136.000000
13.813483	0.640	1,015,644.000000
13.824150	0.640	908,043.000000
13.834817	0.640	804,132.000000
13.845483	0.640	711,166.000000
13.856150	0.640	633,169.000000
13.866817	0.640	569,520.000000
13.877483	0.640	517,812.000000
13.888150	0.640	479,241.000000
13.898817	0.640	454,630.000000
13.909483	0.640	439,239.000000
13.920150	0.640	428,984.000000
13.930817	0.640	422,225.000000
13.941483	0.640	415,011.000000
13.952150	0.640	406,161.000000
13.962817	0.640	400,154.000000
13.973483	0.640	399,010.000000
13.984150	0.640	400,226.000000
13.994817	0.640	399,375.000000
14.005483	0.640	392,811.000000
14.016150	0.640	385,090.000000
14.026817	0.640	384,399.000000
14.037483	0.640	388,586.000000
14.048150	0.640	389,248.000000
14.058817	0.640	384,158.000000
14.069483	0.640	377,917.000000
14.080150	0.640	375,175.000000
14.090817	0.640	375,502.000000
14.101483	0.640	376,234.000000
14.112150	0.640	376,348.000000
14.122817	0.640	375,912.000000
14.133483	0.640	374,567.000000
14.144150	0.640	370,605.000000
14.154883	0.644	365,341.000000
14.165483	0.636	363,825.000000
14.176150	0.640	365,788.000000
14.186817	0.640	365,487.000000
14.197483	0.640	362,943.000000
14.208150	0.640	362,443.000000
14.218817	0.640	360,306.000000
14.229483	0.640	351,585.000000
14.240150	0.640	343,793.000000
14.250817	0.640	344,798.000000
14.261483	0.640	349,110.000000
14.272150	0.640	349,993.000000
14.282817	0.640	348,005.000000
14.293483	0.640	345,498.000000
14.304150	0.640	345,886.000000
14.314817	0.640	348,881.000000
14.325483	0.640	348,183.000000
14.336150	0.640	341,630.000000
14.346817	0.640	332,877.000000
14.357483	0.640	327,980.000000
14.368150	0.640	332,144.000000
14.378817	0.640	340,151.000000
14.389483	0.640	339,829.000000
14.400150	0.640	329,220.000000
14.410817	0.640	317,801.000000
14.421483	0.640	312,023.000000
14.432150	0.640	311,753.000000
14.442817	0.640	315,199.000000
14.453483	0.640	317,975.000000
14.464150	0.640	314,530.000000
14.474817	0.640	304,482.000000
14.485483	0.640	295,181.000000
14.496150	0.640	293,641.000000
14.506817	0.640	296,024.000000
14.517483	0.640	294,800.000000
14.528150	0.640	291,154.000000
14.538817	0.640	289,419.000000
14.549483	0.640	288,634.000000
14.560150	0.640	287,831.000000
14.570817	0.640	287,683.000000
14.581483	0.640	284,985.000000
14.592150	0.640	277,975.000000
14.602817	0.640	269,436.000000
14.613483	0.640	261,594.000000
14.624150	0.640	257,306.000000
14.634817	0.640	259,098.000000
14.645483	0.640	264,192.000000
14.656150	0.640	265,445.000000
14.666817	0.640	258,919.000000
14.677483	0.640	249,890.000000
14.688150	0.640	246,632.000000
14.698817	0.640	249,127.000000
14.709483	0.640	249,479.000000
14.720150	0.640	244,571.000000
14.730817	0.640	239,610.000000
14.741483	0.640	237,396.000000
14.752150	0.640	235,672.000000
14.762817	0.640	232,572.000000
14.773483	0.640	227,209.000000
14.784150	0.640	220,725.000000
14.794817	0.640	217,156.000000
14.805483	0.640	217,045.000000
14.816150	0.640	216,544.000000
14.826817	0.640	214,255.000000
14.837483	0.640	209,587.000000
14.848150	0.640	203,444.000000
14.858817	0.640	201,852.000000
14.869483	0.640	204,801.000000
14.880150	0.640	204,291.000000
14.890817	0.640	199,775.000000
14.901483	0.640	195,710.000000
14.912150	0.640	189,365.000000
14.922817	0.640	179,026.000000
14.933483	0.640	172,011.000000
14.944150	0.640	172,615.000000
14.954817	0.640	174,779.000000
14.965483	0.640	172,443.000000
14.976150	0.640	168,939.000000
14.986817	0.640	169,686.000000
14.997483	0.640	170,426.000000
15.008150	0.640	164,849.000000
15.018817	0.640	156,063.000000
15.029483	0.640	150,278.000000
15.040150	0.640	149,681.000000
15.050817	0.640	152,219.000000
15.061483	0.640	151,168.000000
15.072150	0.640	141,748.000000
15.082817	0.640	129,346.000000
15.093483	0.640	123,221.000000
15.104150	0.640	124,616.000000
15.114817	0.640	126,213.000000
15.125483	0.640	123,781.000000
15.136150	0.640	121,267.000000
15.146817	0.640	120,644.000000
15.157483	0.640	119,309.000000
15.168150	0.640	116,068.000000
15.178817	0.640	111,549.000000
15.189483	0.640	107,848.000000
15.200150	0.640	105,781.000000
15.210817	0.640	103,189.000000
15.221483	0.640	99,040.000000
15.232150	0.640	92,950.000000
15.242817	0.640	85,034.000000
15.253483	0.640	80,278.000000
15.264150	0.640	81,890.000000
15.274817	0.640	84,627.000000
15.285483	0.640	84,337.000000
15.296150	0.640	82,722.000000
15.306817	0.640	82,172.000000
15.317483	0.640	84,283.000000
15.328150	0.640	87,835.000000
15.338817	0.640	90,070.000000
15.349483	0.640	91,317.000000
15.360150	0.640	91,905.000000
15.370817	0.640	91,428.000000
15.381483	0.640	92,176.000000
15.392150	0.640	94,482.000000
15.402817	0.640	94,662.000000
15.413483	0.640	93,267.000000
15.424150	0.640	95,301.000000
15.434817	0.640	99,125.000000
15.445483	0.640	99,526.000000
15.456150	0.640	97,981.000000
15.466817	0.640	95,097.000000
15.477483	0.640	88,803.000000
15.488150	0.640	82,681.000000
15.498817	0.640	77,019.000000
15.509483	0.640	65,886.000000
15.520150	0.640	50,427.000000
15.530817	0.640	37,183.000000
15.541483	0.640	29,149.000000
15.552150	0.640	27,106.000000
15.562817	0.640	30,199.000000
15.573483	0.640	33,919.000000
15.584150	0.640	32,686.000000
15.594817	0.640	27,603.000000
15.605483	0.640	27,860.000000
15.616150	0.640	37,334.000000
15.626817	0.640	50,363.000000
15.637483	0.640	65,024.000000
15.648150	0.640	85,041.000000
15.658817	0.640	109,220.000000
15.669483	0.640	133,839.000000
15.680150	0.640	161,031.000000
15.690817	0.640	191,904.000000
15.701483	0.640	220,609.000000
15.712150	0.640	240,441.000000
15.722817	0.640	246,707.000000
15.733483	0.640	237,491.000000
15.744150	0.640	216,633.000000
15.754817	0.640	191,470.000000
15.765483	0.640	164,088.000000
15.776150	0.640	131,056.000000
15.786817	0.640	95,898.000000
15.797483	0.640	69,258.000000
15.808150	0.640	53,670.000000
15.818817	0.640	41,109.000000
15.829483	0.640	27,756.000000
15.840150	0.640	18,822.000000
15.850817	0.640	16,312.000000
15.861483	0.640	16,063.000000
15.872150	0.640	15,612.000000
15.882817	0.640	13,952.000000
15.893483	0.640	9,874.000000
15.904150	0.640	5,525.000000
15.914817	0.640	3,117.000000
15.925483	0.640	1,742.000000
15.936150	0.640	1,902.000000
15.946817	0.640	4,530.000000
15.957483	0.640	8,514.000000
15.968150	0.640	11,215.000000
15.978817	0.640	10,342.000000
15.989483	0.640	7,381.000000
16.000150	0.640	5,273.000000
16.010817	0.640	5,995.000000
16.021483	0.640	8,492.000000
16.032150	0.640	8,452.000000
16.042817	0.640	7,032.000000
16.053483	0.640	8,421.000000
16.064150	0.640	9,625.000000
16.074817	0.640	7,147.000000
16.085483	0.640	5,201.000000
16.096150	0.640	7,865.000000
16.106817	0.640	11,017.000000
16.117483	0.640	9,714.000000
16.128150	0.640	6,302.000000
16.138817	0.640	4,297.000000
16.149483	0.640	2,787.000000
16.160150	0.640	2,139.000000
16.170817	0.640	6,991.000000
16.181483	0.640	16,251.000000
16.192150	0.640	20,063.000000
16.202817	0.640	16,045.000000
16.213483	0.640	12,997.000000
16.224150	0.640	14,524.000000
16.234817	0.640	16,400.000000
16.245483	0.640	16,319.000000
16.256150	0.640	15,075.000000
16.266817	0.640	13,708.000000
16.277483	0.640	13,197.000000
16.288150	0.640	12,606.000000
16.298817	0.640	9,679.000000
16.309483	0.640	7,148.000000
16.320150	0.640	8,911.000000
16.330817	0.640	9,871.000000
16.341483	0.640	4,494.000000
16.352150	0.640	-1,462.000000
16.362817	0.640	-55.000000
16.373483	0.640	7,443.000000
16.384150	0.640	12,934.000000
16.394817	0.640	10,132.000000
16.405483	0.640	2,169.000000
16.416150	0.640	-1,490.000000
16.426817	0.640	1,426.000000
16.437483	0.640	5,311.000000
16.448150	0.640	8,152.000000
16.458817	0.640	10,281.000000
16.469483	0.640	10,561.000000
16.480150	0.640	10,402.000000
16.490817	0.640	10,786.000000
16.501483	0.640	10,307.000000
16.512150	0.640	10,936.000000
16.522817	0.640	15,259.000000
16.533483	0.640	19,991.000000
16.544150	0.640	19,539.000000
16.554817	0.640	13,132.000000
16.565483	0.640	6,324.000000
16.576150	0.640	4,600.000000
16.586817	0.640	7,990.000000
16.597483	0.640	12,098.000000
16.608150	0.640	12,338.000000
16.618817	0.640	9,522.000000
16.629483	0.640	7,886.000000
16.640150	0.640	8,511.000000
16.650817	0.640	8,429.000000
16.661483	0.640	6,040.000000
16.672150	0.640	4,545.000000
16.682817	0.640	4,640.000000
16.693483	0.640	3,576.000000
16.704150	0.640	2,622.000000
16.714817	0.640	3,233.000000
16.725483	0.640	5,582.000000
16.736150	0.640	11,496.000000
16.746817	0.640	17,112.000000
16.757483	0.640	15,615.000000
16.768150	0.640	9,742.000000
16.778817	0.640	6,738.000000
16.789483	0.640	7,353.000000
16.800150	0.640	7,361.000000
16.810817	0.640	4,678.000000
16.821483	0.640	1,938.000000
16.832150	0.640	703.000000
16.842817	0.640	-825.000000
16.853483	0.640	-1,770.000000
16.864150	0.640	395.000000
16.874817	0.640	3,060.000000
16.885483	0.640	2,541.000000
16.896150	0.640	1,449.000000
16.906817	0.640	2,069.000000
16.917483	0.640	1,780.000000
16.928150	0.640	1,118.000000
16.938817	0.640	3,244.000000
16.949483	0.640	6,044.000000
16.960150	0.640	5,118.000000
16.970817	0.640	1,806.000000
16.981483	0.640	3,167.000000
16.992150	0.640	11,554.000000
17.002817	0.640	18,296.000000
17.013483	0.640	16,946.000000
17.024150	0.640	12,406.000000
17.034817	0.640	9,696.000000
17.045483	0.640	8,075.000000
17.056150	0.640	6,084.000000
17.066817	0.640	5,079.000000
17.077483	0.640	7,993.000000
17.088150	0.640	13,473.000000
17.098817	0.640	15,767.000000
17.109483	0.640	13,335.000000
17.120150	0.640	10,553.000000
17.130817	0.640	9,297.000000
17.141483	0.640	9,027.000000
17.152150	0.640	11,609.000000
17.162817	0.640	16,182.000000
17.173483	0.640	19,294.000000
17.184150	0.640	20,638.000000
17.194817	0.640	21,632.000000
17.205483	0.640	23,614.000000
17.216150	0.640	26,283.000000
17.226817	0.640	27,043.000000
17.237483	0.640	25,459.000000
17.248150	0.640	25,042.000000
17.258817	0.640	27,667.000000
17.269483	0.640	30,644.000000
17.280150	0.640	31,797.000000
17.290817	0.640	32,212.000000
17.301483	0.640	34,185.000000
17.312150	0.640	38,467.000000
17.322817	0.640	41,818.000000
17.333483	0.640	40,891.000000
17.344150	0.640	38,175.000000
17.354817	0.640	38,165.000000
17.365483	0.640	40,098.000000
17.376150	0.640	41,373.000000
17.386817	0.640	42,792.000000
17.397483	0.640	44,938.000000
17.408150	0.640	46,040.000000
17.418817	0.640	44,978.000000
17.429483	0.640	43,527.000000
17.440150	0.640	43,275.000000
17.450817	0.640	42,680.000000
17.461550	0.644	41,459.000000
17.472150	0.636	41,908.000000
17.482817	0.640	44,062.000000
17.493483	0.640	43,965.000000
17.504150	0.640	39,887.000000
17.514817	0.640	37,426.000000
17.525483	0.640	39,928.000000
17.536150	0.640	41,654.000000
17.546817	0.640	38,420.000000
17.557483	0.640	33,624.000000
17.568150	0.640	32,178.000000
17.578817	0.640	35,842.000000
17.589483	0.640	41,224.000000
17.600150	0.640	43,986.000000
17.610817	0.640	44,081.000000
17.621483	0.640	41,771.000000
17.632150	0.640	37,364.000000
17.642817	0.640	34,507.000000
17.653483	0.640	34,796.000000
17.664150	0.640	34,219.000000
17.674817	0.640	31,985.000000
17.685483	0.640	34,608.000000
17.696150	0.640	43,156.000000
17.706817	0.640	48,917.000000
17.717483	0.640	45,997.000000
17.728150	0.640	37,858.000000
17.738817	0.640	32,277.000000
17.749483	0.640	33,468.000000
17.760150	0.640	39,245.000000
17.770817	0.640	45,267.000000
17.781483	0.640	49,531.000000
17.792150	0.640	52,227.000000
17.802817	0.640	53,769.000000
17.813483	0.640	53,633.000000
17.824150	0.640	51,079.000000
17.834817	0.640	48,636.000000
17.845483	0.640	48,833.000000
17.856150	0.640	47,402.000000
17.866817	0.640	41,067.000000
17.877483	0.640	35,169.000000
17.888150	0.640	33,940.000000
17.898817	0.640	33,960.000000
17.909483	0.640	31,546.000000
17.920150	0.640	28,936.000000
17.930817	0.640	30,323.000000
17.941483	0.640	35,391.000000
17.952150	0.640	39,271.000000
17.962817	0.640	37,905.000000
17.973483	0.640	33,580.000000
17.984150	0.640	32,859.000000
17.994817	0.640	37,259.000000
18.005483	0.640	41,038.000000
18.016150	0.640	40,109.000000
18.026817	0.640	35,324.000000
18.037483	0.640	29,753.000000
18.048150	0.640	28,456.000000
18.058817	0.640	32,989.000000
18.069483	0.640	38,733.000000
18.080150	0.640	40,198.000000
18.090817	0.640	35,082.000000
18.101483	0.640	26,623.000000
18.112150	0.640	20,677.000000
18.122817	0.640	19,838.000000
18.133483	0.640	21,928.000000
18.144150	0.640	23,491.000000
18.154817	0.640	23,273.000000
18.165483	0.640	20,603.000000
18.176150	0.640	16,104.000000
18.186817	0.640	14,050.000000
18.197483	0.640	16,588.000000
18.208150	0.640	19,172.000000
18.218817	0.640	18,848.000000
18.229483	0.640	20,864.000000
18.240150	0.640	29,130.000000
18.250817	0.640	39,866.000000
18.261483	0.640	50,984.000000
18.272150	0.640	66,518.000000
18.282817	0.640	88,520.000000
18.293483	0.640	115,775.000000
18.304150	0.640	151,234.000000
18.314817	0.640	197,504.000000
18.325483	0.640	248,673.000000
18.336150	0.640	298,655.000000
18.346817	0.640	345,575.000000
18.357483	0.640	380,212.000000
18.368150	0.640	389,307.000000
18.378817	0.640	372,729.000000
18.389483	0.640	341,944.000000
18.400150	0.640	304,717.000000
18.410817	0.640	259,667.000000
18.421483	0.640	208,006.000000
18.432150	0.640	159,867.000000
18.442817	0.640	121,340.000000
18.453483	0.640	90,655.000000
18.464150	0.640	66,604.000000
18.474817	0.640	49,720.000000
18.485483	0.640	39,657.000000
18.496150	0.640	36,154.000000
18.506817	0.640	39,773.000000
18.517483	0.640	46,218.000000
18.528150	0.640	47,790.000000
18.538817	0.640	43,415.000000
18.549483	0.640	36,952.000000
18.560150	0.640	31,046.000000
18.570817	0.640	28,616.000000
18.581483	0.640	30,590.000000
18.592150	0.640	30,873.000000
18.602817	0.640	24,380.000000
18.613483	0.640	16,878.000000
18.624150	0.640	16,932.000000
18.634817	0.640	22,431.000000
18.645483	0.640	24,378.000000
18.656150	0.640	22,765.000000
18.666817	0.640	25,463.000000
18.677483	0.640	31,996.000000
18.688150	0.640	33,366.000000
18.698817	0.640	26,337.000000
18.709483	0.640	17,238.000000
18.720150	0.640	12,338.000000
18.730817	0.640	12,501.000000
18.741483	0.640	15,613.000000
18.752150	0.640	18,183.000000
18.762883	0.644	17,581.000000
18.773483	0.636	14,023.000000
18.784150	0.640	10,311.000000
18.794817	0.640	12,245.000000
18.805483	0.640	21,840.000000
18.816150	0.640	29,154.000000
18.826817	0.640	26,199.000000
18.837550	0.644	20,767.000000
18.848150	0.636	20,779.000000
18.858817	0.640	21,179.000000
18.869483	0.640	18,196.000000
18.880150	0.640	17,408.000000
18.890817	0.640	19,557.000000
18.901483	0.640	19,973.000000
18.912150	0.640	19,513.000000
18.922817	0.640	19,101.000000
18.933483	0.640	16,440.000000
18.944150	0.640	13,520.000000
18.954817	0.640	12,771.000000
18.965483	0.640	9,984.000000
18.976150	0.640	4,608.000000
18.986817	0.640	4,538.000000
18.997483	0.640	10,949.000000
19.008150	0.640	14,960.000000
19.018817	0.640	12,454.000000
19.029483	0.640	9,254.000000
19.040150	0.640	10,570.000000
19.050817	0.640	14,173.000000
19.061483	0.640	15,483.000000
19.072150	0.640	12,153.000000
19.082817	0.640	5,742.000000
19.093483	0.640	2,175.000000
19.104150	0.640	5,338.000000
19.114817	0.640	13,258.000000
19.125483	0.640	19,979.000000
19.136150	0.640	17,603.000000
19.146817	0.640	7,274.000000
19.157483	0.640	1,446.000000
19.168150	0.640	4,000.000000
19.178817	0.640	7,585.000000
19.189483	0.640	10,217.000000
19.200150	0.640	11,889.000000
19.210817	0.640	8,212.000000
19.221483	0.640	1,274.000000
19.232150	0.640	-1,173.000000
19.242817	0.640	1,177.000000
19.253483	0.640	2,702.000000
19.264150	0.640	3,062.000000
19.274817	0.640	7,586.000000
19.285483	0.640	16,138.000000
19.296150	0.640	20,249.000000
19.306817	0.640	14,428.000000
19.317483	0.640	4,327.000000
19.328150	0.640	2,082.000000
19.338817	0.640	10,256.000000
19.349483	0.640	16,379.000000
19.360150	0.640	13,399.000000
19.370817	0.640	8,479.000000
19.381483	0.640	7,011.000000
19.392150	0.640	5,853.000000
19.402817	0.640	1,305.000000
19.413483	0.640	-3,649.000000
19.424150	0.640	-1,763.000000
19.434817	0.640	8,274.000000
19.445483	0.640	17,512.000000
19.456150	0.640	18,081.000000
19.466817	0.640	13,681.000000
19.477483	0.640	10,267.000000
19.488150	0.640	7,346.000000
19.498817	0.640	5,070.000000
19.509483	0.640	6,829.000000
19.520150	0.640	10,650.000000
19.530817	0.640	9,854.000000
19.541483	0.640	5,058.000000
19.552150	0.640	3,489.000000
19.562817	0.640	7,284.000000
19.573483	0.640	12,721.000000
19.584150	0.640	14,706.000000
19.594817	0.640	10,603.000000
19.605483	0.640	5,672.000000
19.616150	0.640	4,610.000000
19.626817	0.640	3,267.000000
19.637483	0.640	-157.000000
19.648150	0.640	-2,049.000000
19.658817	0.640	-1,840.000000
19.669483	0.640	-1,079.000000
19.680150	0.640	-232.000000
19.690817	0.640	1,426.000000
19.701483	0.640	3,993.000000
19.712217	0.644	4,037.000000
19.722817	0.636	826.000000
19.733483	0.640	744.000000
19.744150	0.640	5,349.000000
19.754817	0.640	8,860.000000
19.765483	0.640	8,414.000000
19.776150	0.640	4,529.000000
19.786817	0.640	1,832.000000
19.797483	0.640	6,150.000000
19.808150	0.640	13,483.000000
19.818817	0.640	15,635.000000
19.829483	0.640	12,227.000000
19.840150	0.640	5,813.000000
19.850817	0.640	-973.000000
19.861483	0.640	-1,224.000000
19.872150	0.640	6,114.000000
19.882817	0.640	10,249.000000
19.893483	0.640	5,949.000000
19.904150	0.640	1,691.000000
19.914817	0.640	2,528.000000
19.925483	0.640	4,234.000000
19.936150	0.640	5,097.000000
19.946817	0.640	4,133.000000
19.957483	0.640	-1,095.000000
19.968150	0.640	-7,221.000000
19.978817	0.640	-8,837.000000
19.989483	0.640	-4,703.000000
20.000150	0.640	1,872.000000
20.010817	0.640	4,692.000000
20.021483	0.640	2,537.000000
20.032150	0.640	1,574.000000
20.042817	0.640	3,240.000000
20.053483	0.640	1,749.000000
20.064150	0.640	-3,781.000000
20.074817	0.640	-8,271.000000
20.085483	0.640	-8,814.000000
20.096150	0.640	-5,899.000000
20.106817	0.640	-1,427.000000
20.117483	0.640	1,656.000000
20.128150	0.640	2,927.000000
20.138817	0.640	3,117.000000
20.149483	0.640	-1,095.000000
20.160150	0.640	-8,867.000000
20.170817	0.640	-11,720.000000
20.181483	0.640	-7,331.000000
20.192150	0.640	-1,842.000000
20.202817	0.640	2,670.000000
20.213483	0.640	9,006.000000
20.224150	0.640	14,029.000000
20.234817	0.640	10,030.000000
20.245483	0.640	-118.000000
20.256150	0.640	-4,035.000000
20.266817	0.640	449.000000
20.277483	0.640	4,145.000000
20.288150	0.640	2,959.000000
20.298817	0.640	431.000000
20.309483	0.640	-1,105.000000
20.320150	0.640	-1,963.000000
20.330817	0.640	-2,971.000000
20.341483	0.640	-4,863.000000
20.352150	0.640	-4,675.000000
20.362817	0.640	-844.000000
20.373483	0.640	698.000000
20.384150	0.640	-2,470.000000
20.394817	0.640	-4,018.000000
20.405483	0.640	483.000000
20.416150	0.640	8,270.000000
20.426817	0.640	13,534.000000
20.437483	0.640	14,037.000000
20.448150	0.640	15,176.000000
20.458817	0.640	23,090.000000
20.469483	0.640	36,302.000000
20.480150	0.640	51,718.000000
20.490817	0.640	72,746.000000
20.501483	0.640	102,037.000000
20.512150	0.640	133,516.000000
20.522817	0.640	164,744.000000
20.533483	0.640	205,623.000000
20.544150	0.640	264,976.000000
20.554817	0.640	342,827.000000
20.565483	0.640	437,797.000000
20.576150	0.640	553,584.000000
20.586817	0.640	698,776.000000
20.597483	0.640	881,790.000000
20.608150	0.640	1,107,169.000000
20.618817	0.640	1,381,987.000000
20.629483	0.640	1,725,748.000000
20.640150	0.640	2,170,849.000000
20.650817	0.640	2,758,259.000000
20.661483	0.640	3,528,688.000000
20.672150	0.640	4,519,640.000000
20.682817	0.640	5,780,894.000000
20.693483	0.640	7,369,144.000000
20.704150	0.640	9,317,850.000000
20.714817	0.640	11,624,509.000000
20.725483	0.640	14,219,004.000000
20.736150	0.640	16,931,488.000000
20.746817	0.640	19,551,783.000000
20.757483	0.640	21,874,233.000000
20.768150	0.640	23,662,402.000000
20.778817	0.640	24,689,806.000000
20.789483	0.640	24,843,567.000000
20.800150	0.640	24,136,114.000000
20.810817	0.640	22,641,059.000000
20.821483	0.640	20,501,463.000000
20.832150	0.640	17,975,681.000000
20.842817	0.640	15,352,056.000000
20.853483	0.640	12,833,396.000000
20.864150	0.640	10,544,028.000000
20.874817	0.640	8,575,382.000000
20.885483	0.640	6,978,006.000000
20.896150	0.640	5,736,776.000000
20.906817	0.640	4,798,276.000000
20.917483	0.640	4,107,223.000000
20.928150	0.640	3,603,836.000000
20.938817	0.640	3,235,582.000000
20.949483	0.640	2,970,124.000000
20.960150	0.640	2,775,014.000000
20.970817	0.640	2,618,379.000000
20.981483	0.640	2,491,122.000000
20.992150	0.640	2,394,739.000000
21.002817	0.640	2,318,102.000000
21.013483	0.640	2,245,465.000000
21.024150	0.640	2,174,573.000000
21.034817	0.640	2,114,233.000000
21.045483	0.640	2,064,564.000000
21.056150	0.640	2,015,805.000000
21.066817	0.640	1,966,514.000000
21.077483	0.640	1,919,627.000000
21.088150	0.640	1,873,779.000000
21.098817	0.640	1,831,173.000000
21.109483	0.640	1,794,029.000000
21.120150	0.640	1,758,511.000000
21.130817	0.640	1,721,933.000000
21.141483	0.640	1,685,615.000000
21.152150	0.640	1,652,496.000000
21.162817	0.640	1,624,144.000000
21.173483	0.640	1,597,941.000000
21.184150	0.640	1,570,412.000000
21.194817	0.640	1,539,381.000000
21.205483	0.640	1,505,941.000000
21.216150	0.640	1,478,237.000000
21.226817	0.640	1,460,701.000000
21.237483	0.640	1,443,214.000000
21.248150	0.640	1,415,750.000000
21.258817	0.640	1,384,187.000000
21.269483	0.640	1,359,037.000000
21.280150	0.640	1,338,076.000000
21.290817	0.640	1,314,295.000000
21.301483	0.640	1,291,700.000000
21.312150	0.640	1,276,818.000000
21.322817	0.640	1,264,103.000000
21.333483	0.640	1,243,734.000000
21.344150	0.640	1,217,810.000000
21.354817	0.640	1,197,225.000000
21.365483	0.640	1,186,423.000000
21.376150	0.640	1,177,933.000000
21.386817	0.640	1,160,661.000000
21.397483	0.640	1,136,563.000000
21.408150	0.640	1,118,278.000000
21.418817	0.640	1,109,198.000000
21.429483	0.640	1,105,409.000000
21.440150	0.640	1,103,133.000000
21.450817	0.640	1,093,640.000000
21.461483	0.640	1,072,457.000000
21.472150	0.640	1,049,960.000000
21.482817	0.640	1,037,162.000000
21.493483	0.640	1,031,647.000000
21.504150	0.640	1,026,359.000000
21.514817	0.640	1,020,032.000000
21.525483	0.640	1,012,585.000000
21.536150	0.640	1,002,687.000000
21.546817	0.640	992,531.000000
21.557483	0.640	982,742.000000
21.568150	0.640	967,590.000000
21.578817	0.640	946,458.000000
21.589483	0.640	928,586.000000
21.600150	0.640	917,653.000000
21.610817	0.640	906,680.000000
21.621483	0.640	892,065.000000
21.632150	0.640	876,968.000000
21.642817	0.640	863,102.000000
21.653483	0.640	848,671.000000
21.664150	0.640	833,621.000000
21.674817	0.640	821,417.000000
21.685483	0.640	809,802.000000
21.696150	0.640	793,994.000000
21.706817	0.640	779,474.000000
21.717483	0.640	771,543.000000
21.728150	0.640	763,058.000000
21.738817	0.640	746,436.000000
21.749483	0.640	726,952.000000
21.760150	0.640	713,429.000000
21.770817	0.640	704,431.000000
21.781483	0.640	696,449.000000
21.792150	0.640	691,256.000000
21.802817	0.640	686,483.000000
21.813483	0.640	676,607.000000
21.824150	0.640	662,110.000000
21.834817	0.640	648,534.000000
21.845483	0.640	640,886.000000
21.856150	0.640	638,151.000000
21.866817	0.640	634,253.000000
21.877483	0.640	626,516.000000
21.888150	0.640	618,282.000000
21.898817	0.640	611,646.000000
21.909483	0.640	603,443.000000
21.920150	0.640	591,869.000000
21.930817	0.640	580,416.000000
21.941483	0.640	572,775.000000
21.952150	0.640	569,655.000000
21.962817	0.640	569,107.000000
21.973483	0.640	567,366.000000
21.984150	0.640	562,093.000000
21.994817	0.640	555,960.000000
22.005483	0.640	552,988.000000
22.016150	0.640	550,336.000000
22.026817	0.640	543,721.000000
22.037483	0.640	535,624.000000
22.048150	0.640	528,859.000000
22.058817	0.640	523,640.000000
22.069483	0.640	520,038.000000
22.080150	0.640	517,426.000000
22.090817	0.640	513,857.000000
22.101483	0.640	506,076.000000
22.112150	0.640	496,810.000000
22.122817	0.640	494,872.000000
22.133483	0.640	499,019.000000
22.144150	0.640	497,215.000000
22.154817	0.640	485,612.000000
22.165483	0.640	473,844.000000
22.176150	0.640	469,683.000000
22.186817	0.640	469,949.000000
22.197483	0.640	468,216.000000
22.208150	0.640	462,791.000000
22.218817	0.640	457,903.000000
22.229483	0.640	457,254.000000
22.240150	0.640	458,526.000000
22.250817	0.640	458,191.000000
22.261483	0.640	452,994.000000
22.272150	0.640	443,636.000000
22.282817	0.640	438,943.000000
22.293483	0.640	440,221.000000
22.304150	0.640	437,487.000000
22.314817	0.640	430,551.000000
22.325483	0.640	427,868.000000
22.336150	0.640	428,134.000000
22.346817	0.640	426,499.000000
22.357483	0.640	424,908.000000
22.368150	0.640	422,816.000000
22.378817	0.640	417,687.000000
22.389483	0.640	413,939.000000
22.400150	0.640	414,211.000000
22.410817	0.640	413,644.000000
22.421483	0.640	409,340.000000
22.432150	0.640	404,097.000000
22.442817	0.640	402,071.000000
22.453483	0.640	402,821.000000
22.464150	0.640	402,399.000000
22.474817	0.640	401,965.000000
22.485483	0.640	402,967.000000
22.496150	0.640	400,615.000000
22.506817	0.640	394,735.000000
22.517483	0.640	391,562.000000
22.528150	0.640	392,657.000000
22.538817	0.640	394,677.000000
22.549483	0.640	394,517.000000
22.560150	0.640	390,346.000000
22.570817	0.640	382,969.000000
22.581483	0.640	375,837.000000
22.592150	0.640	371,405.000000
22.602817	0.640	371,006.000000
22.613483	0.640	375,034.000000
22.624150	0.640	379,916.000000
22.634817	0.640	382,618.000000
22.645483	0.640	384,926.000000
22.656150	0.640	386,334.000000
22.666817	0.640	382,011.000000
22.677483	0.640	374,296.000000
22.688150	0.640	371,410.000000
22.698817	0.640	371,494.000000
22.709483	0.640	368,706.000000
22.720150	0.640	366,252.000000
22.730817	0.640	366,669.000000
22.741483	0.640	367,194.000000
22.752150	0.640	368,265.000000
22.762817	0.640	371,057.000000
22.773483	0.640	371,917.000000
22.784150	0.640	368,632.000000
22.794817	0.640	364,654.000000
22.805483	0.640	364,094.000000
22.816150	0.640	367,667.000000
22.826817	0.640	371,540.000000
22.837483	0.640	372,326.000000
22.848150	0.640	372,288.000000
22.858817	0.640	373,787.000000
22.869483	0.640	375,677.000000
22.880150	0.640	376,909.000000
22.890817	0.640	377,368.000000
22.901483	0.640	377,334.000000
22.912150	0.640	376,829.000000
22.922817	0.640	375,250.000000
22.933483	0.640	373,959.000000
22.944150	0.640	374,033.000000
22.954817	0.640	374,022.000000
22.965483	0.640	374,276.000000
22.976150	0.640	374,994.000000
22.986817	0.640	375,444.000000
22.997483	0.640	377,704.000000
23.008150	0.640	381,500.000000
23.018817	0.640	382,923.000000
23.029483	0.640	381,455.000000
23.040150	0.640	380,863.000000
23.050817	0.640	382,578.000000
23.061483	0.640	383,911.000000
23.072150	0.640	385,784.000000
23.082817	0.640	388,799.000000
23.093483	0.640	387,147.000000
23.104150	0.640	381,707.000000
23.114817	0.640	380,880.000000
23.125483	0.640	383,557.000000
23.136150	0.640	382,767.000000
23.146817	0.640	381,981.000000
23.157483	0.640	387,779.000000
23.168150	0.640	395,615.000000
23.178817	0.640	397,358.000000
23.189483	0.640	392,754.000000
23.200150	0.640	388,252.000000
23.210817	0.640	391,013.000000
23.221483	0.640	400,457.000000
23.232150	0.640	405,699.000000
23.242817	0.640	402,060.000000
23.253483	0.640	398,506.000000
23.264150	0.640	400,704.000000
23.274817	0.640	405,727.000000
23.285483	0.640	411,034.000000
23.296150	0.640	414,265.000000
23.306817	0.640	411,398.000000
23.317483	0.640	403,247.000000
23.328150	0.640	396,599.000000
23.338817	0.640	396,290.000000
23.349483	0.640	402,045.000000
23.360150	0.640	409,725.000000
23.370817	0.640	415,822.000000
23.381483	0.640	421,134.000000
23.392150	0.640	425,470.000000
23.402817	0.640	426,968.000000
23.413483	0.640	426,651.000000
23.424150	0.640	426,303.000000
23.434817	0.640	428,313.000000
23.445483	0.640	434,973.000000
23.456150	0.640	441,327.000000
23.466817	0.640	440,784.000000
23.477483	0.640	438,342.000000
23.488150	0.640	442,493.000000
23.498817	0.640	450,996.000000
23.509483	0.640	457,115.000000
23.520150	0.640	460,250.000000
23.530817	0.640	462,979.000000
23.541483	0.640	464,637.000000
23.552150	0.640	465,837.000000
23.562817	0.640	472,307.000000
23.573483	0.640	482,510.000000
23.584150	0.640	486,860.000000
23.594817	0.640	485,015.000000
23.605483	0.640	483,293.000000
23.616150	0.640	483,504.000000
23.626817	0.640	483,771.000000
23.637483	0.640	481,280.000000
23.648150	0.640	477,013.000000
23.658817	0.640	472,851.000000
23.669483	0.640	468,181.000000
23.680150	0.640	465,986.000000
23.690817	0.640	468,763.000000
23.701483	0.640	473,485.000000
23.712150	0.640	477,041.000000
23.722817	0.640	478,366.000000
23.733483	0.640	478,378.000000
23.744150	0.640	479,070.000000
23.754817	0.640	479,821.000000
23.765483	0.640	480,005.000000
23.776150	0.640	481,658.000000
23.786817	0.640	485,688.000000
23.797483	0.640	491,195.000000
23.808150	0.640	494,672.000000
23.818817	0.640	493,750.000000
23.829483	0.640	493,204.000000
23.840150	0.640	494,700.000000
23.850817	0.640	492,914.000000
23.861483	0.640	490,001.000000
23.872150	0.640	493,503.000000
23.882817	0.640	500,971.000000
23.893483	0.640	504,696.000000
23.904150	0.640	503,974.000000
23.914817	0.640	500,905.000000
23.925483	0.640	495,620.000000
23.936150	0.640	490,795.000000
23.946817	0.640	492,027.000000
23.957483	0.640	500,649.000000
23.968150	0.640	510,208.000000
23.978817	0.640	516,232.000000
23.989483	0.640	519,853.000000
24.000150	0.640	518,886.000000
24.010817	0.640	511,599.000000
24.021483	0.640	504,604.000000
24.032150	0.640	505,848.000000
24.042817	0.640	513,233.000000
24.053483	0.640	518,770.000000
24.064150	0.640	523,448.000000
24.074817	0.640	532,491.000000
24.085483	0.640	541,378.000000
24.096150	0.640	543,351.000000
24.106817	0.640	540,389.000000
24.117483	0.640	537,685.000000
24.128150	0.640	537,171.000000
24.138817	0.640	537,905.000000
24.149483	0.640	538,044.000000
24.160150	0.640	538,964.000000
24.170817	0.640	543,637.000000
24.181483	0.640	549,117.000000
24.192150	0.640	551,378.000000
24.202817	0.640	553,786.000000
24.213483	0.640	560,422.000000
24.224150	0.640	568,435.000000
24.234817	0.640	571,101.000000
24.245483	0.640	566,206.000000
24.256150	0.640	561,162.000000
24.266817	0.640	562,876.000000
24.277483	0.640	567,818.000000
24.288150	0.640	572,915.000000
24.298817	0.640	581,337.000000
24.309483	0.640	589,601.000000
24.320150	0.640	589,163.000000
24.330817	0.640	582,575.000000
24.341483	0.640	578,518.000000
24.352150	0.640	576,597.000000
24.362817	0.640	572,816.000000
24.373483	0.640	569,317.000000
24.384150	0.640	568,811.000000
24.394817	0.640	569,566.000000
24.405483	0.640	569,393.000000
24.416150	0.640	568,438.000000
24.426817	0.640	568,807.000000
24.437483	0.640	571,267.000000
24.448150	0.640	572,175.000000
24.458817	0.640	569,376.000000
24.469483	0.640	568,207.000000
24.480150	0.640	573,799.000000
24.490817	0.640	582,203.000000
24.501483	0.640	587,188.000000
24.512150	0.640	587,368.000000
24.522817	0.640	583,685.000000
24.533483	0.640	582,210.000000
24.544150	0.640	590,833.000000
24.554817	0.640	603,954.000000
24.565483	0.640	609,148.000000
24.576150	0.640	607,836.000000
24.586817	0.640	608,203.000000
24.597483	0.640	610,706.000000
24.608150	0.640	614,121.000000
24.618817	0.640	618,533.000000
24.629483	0.640	622,425.000000
24.640150	0.640	626,037.000000
24.650817	0.640	629,173.000000
24.661483	0.640	629,350.000000
24.672150	0.640	627,617.000000
24.682817	0.640	627,215.000000
24.693483	0.640	627,705.000000
24.704150	0.640	627,891.000000
24.714817	0.640	632,593.000000
24.725483	0.640	644,281.000000
24.736150	0.640	651,710.000000
24.746817	0.640	649,257.000000
24.757483	0.640	650,265.000000
24.768150	0.640	660,126.000000
24.778817	0.640	667,247.000000
24.789483	0.640	666,798.000000
24.800150	0.640	665,439.000000
24.810817	0.640	668,478.000000
24.821483	0.640	674,482.000000
24.832150	0.640	680,390.000000
24.842817	0.640	688,542.000000
24.853483	0.640	699,578.000000
24.864150	0.640	706,263.000000
24.874817	0.640	705,626.000000
24.885483	0.640	704,390.000000
24.896150	0.640	707,078.000000
24.906817	0.640	710,706.000000
24.917483	0.640	711,316.000000
24.928150	0.640	708,931.000000
24.938817	0.640	708,746.000000
24.949483	0.640	715,069.000000
24.960150	0.640	723,206.000000
24.970817	0.640	727,755.000000
24.981483	0.640	732,132.000000
24.992150	0.640	737,624.000000
25.002817	0.640	738,839.000000
25.013483	0.640	736,427.000000
25.024150	0.640	736,552.000000
25.034817	0.640	740,300.000000
25.045483	0.640	745,331.000000
25.056150	0.640	750,484.000000
25.066817	0.640	752,907.000000
25.077483	0.640	750,588.000000
25.088150	0.640	748,829.000000
25.098817	0.640	752,759.000000
25.109483	0.640	757,564.000000
25.120150	0.640	757,314.000000
25.130817	0.640	756,745.000000
25.141483	0.640	762,499.000000
25.152150	0.640	771,238.000000
25.162817	0.640	777,354.000000
25.173483	0.640	780,732.000000
25.184150	0.640	783,100.000000
25.194817	0.640	785,620.000000
25.205483	0.640	788,618.000000
25.216150	0.640	793,673.000000
25.226817	0.640	801,691.000000
25.237483	0.640	808,366.000000
25.248150	0.640	810,506.000000
25.258817	0.640	810,006.000000
25.269483	0.640	808,900.000000
25.280150	0.640	807,945.000000
25.290817	0.640	807,519.000000
25.301483	0.640	807,055.000000
25.312150	0.640	804,557.000000
25.322817	0.640	801,187.000000
25.333483	0.640	803,499.000000
25.344150	0.640	812,820.000000
25.354817	0.640	820,147.000000
25.365483	0.640	819,388.000000
25.376150	0.640	816,952.000000
25.386817	0.640	820,748.000000
25.397483	0.640	827,835.000000
25.408150	0.640	829,600.000000
25.418817	0.640	823,597.000000
25.429483	0.640	816,413.000000
25.440150	0.640	814,892.000000
25.450817	0.640	817,088.000000
25.461483	0.640	815,192.000000
25.472150	0.640	808,357.000000
25.482817	0.640	804,790.000000
25.493483	0.640	805,565.000000
25.504150	0.640	802,577.000000
25.514817	0.640	794,202.000000
25.525483	0.640	786,109.000000
25.536150	0.640	783,114.000000
25.546817	0.640	786,720.000000
25.557483	0.640	792,890.000000
25.568150	0.640	793,426.000000
25.578817	0.640	786,040.000000
25.589483	0.640	779,447.000000
25.600150	0.640	780,190.000000
25.610817	0.640	785,540.000000
25.621483	0.640	793,419.000000
25.632150	0.640	802,850.000000
25.642817	0.640	810,792.000000
25.653483	0.640	814,683.000000
25.664150	0.640	813,713.000000
25.674817	0.640	813,458.000000
25.685483	0.640	819,938.000000
25.696150	0.640	827,902.000000
25.706817	0.640	831,107.000000
25.717483	0.640	832,603.000000
25.728150	0.640	834,920.000000
25.738817	0.640	837,298.000000
25.749483	0.640	839,951.000000
25.760150	0.640	841,537.000000
25.770817	0.640	841,567.000000
25.781483	0.640	842,946.000000
25.792150	0.640	849,225.000000
25.802817	0.640	859,050.000000
25.813483	0.640	864,511.000000
25.824150	0.640	863,157.000000
25.834817	0.640	859,944.000000
25.845483	0.640	857,712.000000
25.856150	0.640	859,217.000000
25.866817	0.640	865,795.000000
25.877483	0.640	873,133.000000
25.888150	0.640	878,794.000000
25.898817	0.640	884,272.000000
25.909483	0.640	887,452.000000
25.920150	0.640	886,127.000000
25.930817	0.640	883,725.000000
25.941483	0.640	881,536.000000
25.952150	0.640	880,187.000000
25.962817	0.640	885,531.000000
25.973483	0.640	895,473.000000
25.984150	0.640	898,849.000000
25.994817	0.640	894,401.000000
26.005483	0.640	892,927.000000
26.016150	0.640	900,742.000000
26.026817	0.640	911,111.000000
26.037483	0.640	917,551.000000
26.048150	0.640	923,223.000000
26.058817	0.640	929,272.000000
26.069483	0.640	932,736.000000
26.080150	0.640	938,391.000000
26.090817	0.640	953,092.000000
26.101483	0.640	970,509.000000
26.112150	0.640	978,518.000000
26.122817	0.640	977,375.000000
26.133483	0.640	979,362.000000
26.144150	0.640	991,438.000000
26.154817	0.640	1,004,602.000000
26.165483	0.640	1,005,886.000000
26.176150	0.640	995,665.000000
26.186817	0.640	986,693.000000
26.197483	0.640	988,820.000000
26.208150	0.640	998,586.000000
26.218817	0.640	1,006,999.000000
26.229483	0.640	1,012,851.000000
26.240150	0.640	1,018,759.000000
26.250817	0.640	1,025,285.000000
26.261483	0.640	1,034,995.000000
26.272150	0.640	1,047,694.000000
26.282817	0.640	1,058,713.000000
26.293483	0.640	1,066,146.000000
26.304150	0.640	1,069,774.000000
26.314817	0.640	1,070,918.000000
26.325483	0.640	1,076,230.000000
26.336150	0.640	1,100,048.000000
26.346817	0.640	1,172,910.000000
26.357483	0.640	1,371,745.000000
26.368150	0.640	1,866,387.000000
26.378817	0.640	2,822,052.000000
26.389483	0.640	4,028,495.000000
26.400150	0.640	4,740,503.000000
26.410817	0.640	4,333,036.000000
26.421483	0.640	3,087,738.000000
26.432150	0.640	1,894,768.000000
26.442817	0.640	1,283,586.000000
26.453483	0.640	1,129,017.000000
26.464150	0.640	1,116,044.000000
26.474817	0.640	1,104,354.000000
26.485483	0.640	1,093,486.000000
26.496150	0.640	1,092,804.000000
26.506817	0.640	1,095,241.000000
26.517483	0.640	1,100,327.000000
26.528150	0.640	1,114,054.000000
26.538817	0.640	1,135,198.000000
26.549483	0.640	1,156,708.000000
26.560150	0.640	1,173,411.000000
26.570817	0.640	1,182,133.000000
26.581483	0.640	1,181,983.000000
26.592150	0.640	1,176,455.000000
26.602817	0.640	1,171,797.000000
26.613483	0.640	1,172,791.000000
26.624150	0.640	1,178,279.000000
26.634817	0.640	1,181,743.000000
26.645483	0.640	1,180,829.000000
26.656150	0.640	1,183,551.000000
26.666817	0.640	1,198,663.000000
26.677483	0.640	1,225,126.000000
26.688150	0.640	1,259,685.000000
26.698817	0.640	1,308,080.000000
26.709483	0.640	1,381,867.000000
26.720150	0.640	1,512,130.000000
26.730817	0.640	1,771,202.000000
26.741483	0.640	2,170,067.000000
26.752150	0.640	2,499,878.000000
26.762817	0.640	2,487,264.000000
26.773483	0.640	2,167,195.000000
26.784150	0.640	1,861,437.000000
26.794817	0.640	1,784,349.000000
26.805483	0.640	1,880,164.000000
26.816150	0.640	1,992,820.000000
26.826817	0.640	2,044,742.000000
26.837483	0.640	2,070,521.000000
26.848150	0.640	2,139,197.000000
26.858817	0.640	2,300,420.000000
26.869483	0.640	2,714,589.000000
26.880150	0.640	4,211,540.000000
26.890817	0.640	10,386,085.000000
26.901483	0.640	31,058,393.000000
26.912150	0.640	76,197,053.000000
26.922817	0.640	132,149,467.000000
26.933483	0.640	156,154,174.000000
26.944150	0.640	123,057,060.000000
26.954817	0.640	62,149,783.000000
26.965483	0.640	19,450,098.000000
26.976150	0.640	6,440,579.000000
26.986817	0.640	6,551,704.000000
26.997483	0.640	6,732,763.000000
27.008150	0.640	5,764,140.000000
27.018817	0.640	5,868,428.000000
27.029483	0.640	7,497,764.000000
27.040150	0.640	9,283,523.000000
27.050817	0.640	9,653,820.000000
27.061483	0.640	8,561,892.000000
27.072150	0.640	7,232,281.000000
27.082817	0.640	6,533,298.000000
27.093483	0.640	6,511,613.000000
27.104150	0.640	6,958,334.000000
27.114817	0.640	7,883,070.000000
27.125483	0.640	9,654,270.000000
27.136150	0.640	12,199,685.000000
27.146817	0.640	13,896,769.000000
27.157483	0.640	12,952,906.000000
27.168150	0.640	10,105,331.000000
27.178817	0.640	7,807,230.000000
27.189483	0.640	7,218,619.000000
27.200150	0.640	7,867,811.000000
27.210817	0.640	9,229,900.000000
27.221483	0.640	10,894,941.000000
27.232150	0.640	11,894,679.000000
27.242817	0.640	12,544,303.000000
27.253483	0.640	22,058,382.000000
27.264150	0.640	22,940,833.000000
27.264317	0.010	44,411,249.000000
27.264483	0.010	22,940,833.000000
27.264650	0.010	44,411,249.000000
27.264817	0.010	22,940,833.000000
27.264983	0.010	44,411,249.000000
27.265150	0.010	22,940,833.000000
27.274817	0.580	22,940,833.000000
27.285483	0.640	22,940,833.000000
27.296150	0.640	22,940,833.000000
27.306817	0.640	22,940,833.000000
27.317483	0.640	22,940,833.000000
27.317650	0.010	44,411,249.000000
27.317817	0.010	22,940,833.000000
27.317983	0.010	44,411,249.000000
27.318150	0.010	22,940,833.000000
27.318317	0.010	44,411,249.000000
27.318483	0.010	22,940,833.000000
27.328150	0.580	184,525,734.000000
27.338817	0.640	87,290,770.000000
27.349483	0.640	54,323,331.000000
27.360150	0.640	53,087,114.000000
27.370817	0.640	51,134,138.000000
27.381483	0.640	52,016,589.000000
27.381650	0.010	88,024,883.000000
27.381817	0.010	52,016,589.000000
27.381983	0.010	88,024,883.000000
27.382150	0.010	52,016,589.000000
27.382317	0.010	88,024,883.000000
27.382483	0.010	52,016,589.000000
27.392150	0.580	52,016,589.000000
27.402817	0.640	52,016,589.000000
27.413483	0.640	52,016,589.000000
27.424150	0.640	52,016,589.000000
27.434817	0.640	52,016,589.000000
27.445483	0.640	52,016,589.000000
27.456150	0.640	52,016,589.000000
27.466817	0.640	52,016,589.000000
27.477483	0.640	52,016,589.000000
27.488150	0.640	52,016,589.000000
27.488317	0.010	88,024,883.000000
27.488483	0.010	52,016,589.000000
27.488650	0.010	88,024,883.000000
27.488817	0.010	52,016,589.000000
27.488983	0.010	88,024,883.000000
27.489150	0.010	52,016,589.000000
27.498817	0.580	115,647,800.000000
27.509483	0.640	89,452,044.000000
27.520150	0.640	91,116,534.000000
27.530817	0.640	90,797,048.000000
27.541483	0.640	77,921,069.000000
27.552150	0.640	63,355,371.000000
27.562817	0.640	54,261,723.000000
27.573483	0.640	48,262,431.000000
27.584150	0.640	42,973,893.000000
27.594817	0.640	38,676,212.000000
27.605483	0.640	35,748,561.000000
27.616150	0.640	33,517,933.000000
27.626817	0.640	31,074,167.000000
27.637483	0.640	28,503,537.000000
27.648150	0.640	26,670,370.000000
27.658817	0.640	25,702,817.000000
27.669483	0.640	24,765,358.000000
27.680150	0.640	23,405,697.000000
27.690817	0.640	22,116,499.000000
27.701483	0.640	21,420,873.000000
27.712150	0.640	21,181,225.000000
27.722817	0.640	20,968,362.000000
27.733483	0.640	20,575,379.000000
27.744150	0.640	20,208,314.000000
27.754817	0.640	20,379,003.000000
27.765483	0.640	21,271,989.000000
27.776150	0.640	22,345,033.000000
27.786817	0.640	22,905,119.000000
27.797483	0.640	22,670,435.000000
27.808150	0.640	21,715,604.000000
27.818817	0.640	20,430,664.000000
27.829483	0.640	19,408,850.000000
27.840150	0.640	18,997,147.000000
27.850817	0.640	19,075,946.000000
27.861483	0.640	19,361,110.000000
27.872150	0.640	20,218,089.000000
27.882817	0.640	24,501,348.000000
27.893483	0.640	43,406,692.000000
27.904150	0.640	44,289,143.000000
27.904317	0.010	76,433,714.000000
27.904483	0.010	44,289,143.000000
27.904650	0.010	76,433,714.000000
27.904817	0.010	44,289,143.000000
27.904983	0.010	76,433,714.000000
27.905150	0.010	44,289,143.000000
27.914817	0.580	44,289,143.000000
27.925483	0.640	44,289,143.000000
27.936150	0.640	44,289,143.000000
27.946817	0.640	44,289,143.000000
27.957483	0.640	44,289,143.000000
27.968150	0.640	44,289,143.000000
27.978817	0.640	44,289,143.000000
27.989483	0.640	44,289,143.000000
28.000150	0.640	44,289,143.000000
28.010817	0.640	44,289,143.000000
28.021483	0.640	44,289,143.000000
28.032150	0.640	44,289,143.000000
28.042817	0.640	44,289,143.000000
28.053483	0.640	44,289,143.000000
28.064150	0.640	44,289,143.000000
28.074817	0.640	44,289,143.000000
28.085483	0.640	44,289,143.000000
28.096150	0.640	44,289,143.000000
28.096317	0.010	76,433,714.000000
28.096483	0.010	44,289,143.000000
28.096650	0.010	76,433,714.000000
28.096817	0.010	44,289,143.000000
28.096983	0.010	76,433,714.000000
28.097150	0.010	44,289,143.000000
28.106817	0.580	210,090,861.000000
28.117483	0.640	102,237,953.000000
28.128150	0.640	70,831,892.000000
28.138817	0.640	70,323,093.000000
28.149483	0.640	66,181,716.000000
28.160150	0.640	57,081,934.000000
28.170817	0.640	46,188,269.000000
28.181483	0.640	34,218,580.000000
28.192150	0.640	26,300,439.000000
28.202817	0.640	29,184,600.000000
28.213483	0.640	48,522,575.000000
28.224150	0.640	85,416,131.000000
28.234817	0.640	128,284,836.000000
28.245483	0.640	158,312,842.000000
28.256150	0.640	170,045,825.000000
28.266817	0.640	174,445,933.000000
28.277483	0.640	179,593,236.000000
28.288150	0.640	181,985,661.000000
28.298817	0.640	176,832,412.000000
28.309483	0.640	166,419,311.000000
28.320150	0.640	156,642,644.000000
28.330817	0.640	149,775,349.000000
28.341483	0.640	142,688,556.000000
28.352150	0.640	130,313,557.000000
28.362817	0.640	109,302,839.000000
28.373483	0.640	80,873,315.000000
28.384150	0.640	52,064,509.000000
28.394817	0.640	31,237,677.000000
28.405483	0.640	20,784,569.000000
28.416150	0.640	16,835,404.000000
28.426817	0.640	15,633,962.000000
28.437483	0.640	16,681,988.000000
28.448150	0.640	19,708,303.000000
28.458817	0.640	22,029,409.000000
28.469483	0.640	20,860,636.000000
28.480150	0.640	16,708,654.000000
28.490817	0.640	12,471,500.000000
28.501483	0.640	9,993,760.000000
28.512150	0.640	9,004,891.000000
28.522817	0.640	8,607,087.000000
28.533483	0.640	8,392,563.000000
28.544150	0.640	8,294,614.000000
28.554817	0.640	8,209,414.000000
28.565483	0.640	8,015,031.000000
28.576150	0.640	7,723,178.000000
28.586817	0.640	7,450,211.000000
28.597483	0.640	7,269,346.000000
28.608150	0.640	7,137,652.000000
28.618817	0.640	6,923,592.000000
28.629483	0.640	6,451,039.000000
28.640150	0.640	5,600,457.000000
28.650817	0.640	4,456,414.000000
28.661483	0.640	3,281,841.000000
28.672150	0.640	2,298,455.000000
28.682817	0.640	1,566,392.000000
28.693483	0.640	1,059,236.000000
28.704150	0.640	746,716.000000
28.714817	0.640	667,926.000000
28.725483	0.640	856,113.000000
28.736150	0.640	1,022,286.000000
28.746817	0.640	795,557.000000
28.757483	0.640	351,509.000000
28.768150	0.640	103,465.000000
28.778817	0.640	79,388.000000
28.789483	0.640	93,487.000000
28.800150	0.640	76,609.000000
28.810817	0.640	50,464.000000
28.821483	0.640	31,972.000000
28.832150	0.640	22,699.000000
28.842817	0.640	20,058.000000
28.853483	0.640	17,808.000000
28.864150	0.640	11,858.000000
28.874817	0.640	4,495.000000
28.885483	0.640	-301.000000
28.896150	0.640	-1,532.000000
28.906817	0.640	-719.000000
28.917483	0.640	456.000000
28.928150	0.640	-482.000000
28.938817	0.640	-3,568.000000
28.949483	0.640	-4,094.000000
28.960150	0.640	-1,885.000000
28.970817	0.640	-2,012.000000
28.981483	0.640	-4,207.000000
28.992150	0.640	-5,045.000000
29.002817	0.640	-6,505.000000
29.013483	0.640	-10,402.000000
29.024150	0.640	-11,537.000000
29.034817	0.640	-8,900.000000
29.045483	0.640	-8,323.000000
29.056150	0.640	-8,274.000000
29.066817	0.640	-4,529.000000
29.077483	0.640	-229.000000
29.088150	0.640	-847.000000
29.098817	0.640	-9,257.000000
29.109483	0.640	-18,333.000000
29.120150	0.640	-16,857.000000
29.130817	0.640	-9,888.000000
29.141483	0.640	-8,522.000000
29.152150	0.640	-9,510.000000
29.162817	0.640	-6,847.000000
29.173483	0.640	-4,248.000000
29.184150	0.640	-5,929.000000
29.194817	0.640	-9,296.000000
29.205483	0.640	-10,864.000000
29.216150	0.640	-10,595.000000
29.226817	0.640	-8,842.000000
29.237483	0.640	-7,544.000000
29.248150	0.640	-10,981.000000
29.258817	0.640	-16,883.000000
29.269483	0.640	-16,928.000000
29.280150	0.640	-10,910.000000
29.290817	0.640	-6,738.000000
29.301483	0.640	-6,418.000000
29.312150	0.640	-3,834.000000
29.322817	0.640	2,041.000000
29.333483	0.640	3,165.000000
29.344150	0.640	-2,609.000000
29.354817	0.640	-8,165.000000
29.365483	0.640	-9,182.000000
29.376150	0.640	-6,599.000000
29.386817	0.640	-4,231.000000
29.397483	0.640	-3,710.000000
29.408150	0.640	-1,141.000000
29.418817	0.640	937.000000
29.429483	0.640	-3,814.000000
29.440150	0.640	-8,441.000000
29.450817	0.640	-5,409.000000
29.461483	0.640	-689.000000
29.472150	0.640	-576.000000
29.482817	0.640	-3,912.000000
29.493483	0.640	-6,580.000000
29.504150	0.640	-5,750.000000
29.514817	0.640	-2,795.000000
29.525483	0.640	-2,243.000000
29.536150	0.640	-5,892.000000
29.546817	0.640	-9,302.000000
29.557483	0.640	-7,059.000000
29.568150	0.640	-1,548.000000
29.578817	0.640	178.000000
29.589483	0.640	-1,530.000000
29.600150	0.640	-2,915.000000
29.610817	0.640	-5,536.000000
29.621483	0.640	-9,013.000000
29.632150	0.640	-8,930.000000
29.642817	0.640	-5,778.000000
29.653483	0.640	-4,045.000000
29.664150	0.640	-3,918.000000
29.674817	0.640	-3,852.000000
29.685483	0.640	-5,292.000000
29.696150	0.640	-6,293.000000
29.706817	0.640	-3,900.000000
29.717483	0.640	-2,587.000000
29.728150	0.640	-5,274.000000
29.738817	0.640	-7,150.000000
29.749483	0.640	-5,951.000000
29.760150	0.640	-4,462.000000
29.770817	0.640	-3,209.000000
29.781483	0.640	-870.000000
29.792150	0.640	1,076.000000
29.802817	0.640	-1,223.000000
29.813483	0.640	-8,327.000000
29.824150	0.640	-13,518.000000
29.834817	0.640	-12,107.000000
29.845483	0.640	-9,149.000000
29.856150	0.640	-8,927.000000
29.866817	0.640	-8,642.000000
29.877483	0.640	-5,609.000000
29.888150	0.640	-1,276.000000
29.898817	0.640	-51.000000
29.909483	0.640	-4,138.000000
29.920150	0.640	-8,546.000000
29.930817	0.640	-8,582.000000
29.941483	0.640	-6,671.000000
29.952150	0.640	-5,471.000000
29.962817	0.640	-4,831.000000
29.973483	0.640	-4,202.000000
29.984150	0.640	-2,150.000000
29.994817	0.640	-21.000000
30.005483	0.640	-1,915.000000
