File Path	chrom://nnfcb-l0495/ChromeleonLocal/20180320_AA_Lars Nielsen samples Vienna_lbpet.seq/470.smp/Emission_2.channel/Emission_2.chm
Channel	Emission_2

Injection Information:
Data Vault	ChromeleonLocal
Injection	20180320_Lars Nielsen samples Vienna_dx20_BA3
Injection Number	16
Position	BA3
Comment	
Processing Method	20171024_Calculated with IS_lbpet
Instrument Method	20161104_AA_GeminiC18_FinalVer7
Type	Unknown
Status	Finished
Injection Date	20-03-2018
Injection Time	19:28:17
Injection Volume (µl)	56.500
Dilution Factor	1.0000
Weight	1.0000

Raw Data Information:
Time Min. (min)	0.007833
Time Max. (min)	30.005500
Data Points	2849
Detector	FLD
Exporting Data System	Chromeleon 7.1.2.1478
Operator	
Signal Quantity	
Signal Unit	counts
Signal Min.	-23,018.000000
Signal Max.	241,926,474.000000
Channel	Emission_2
Driver Name	FLD3000.dll
Channel Type	Evaluation
Min. Step (s)	0.010
Max. Step (s)	0.820
Average Step (s)	0.632

Signal Parameter Information:
Signal Info	266 nm /305 nm

Raw Data:
Time (min)	Step (s)	Value (counts)
0.007833	0.000	0.000000
0.021500	0.820	0.000000
0.032167	0.640	0.000000
0.042833	0.640	-1,120.000000
0.053500	0.640	-4,571.000000
0.064167	0.640	-8,213.000000
0.074833	0.640	-9,119.000000
0.085500	0.640	-7,864.000000
0.096233	0.644	-7,009.000000
0.106833	0.636	-5,942.000000
0.117500	0.640	-3,036.000000
0.128167	0.640	25.000000
0.138833	0.640	2,254.000000
0.149500	0.640	4,043.000000
0.160167	0.640	3,604.000000
0.170833	0.640	233.000000
0.181500	0.640	-1,224.000000
0.192167	0.640	2,455.000000
0.202833	0.640	4,394.000000
0.213500	0.640	-1,092.000000
0.224167	0.640	-7,874.000000
0.234833	0.640	-9,558.000000
0.245500	0.640	-7,949.000000
0.256167	0.640	-6,857.000000
0.266833	0.640	-7,671.000000
0.277500	0.640	-9,138.000000
0.288167	0.640	-8,710.000000
0.298833	0.640	-6,100.000000
0.309500	0.640	-3,536.000000
0.320167	0.640	-3,711.000000
0.330833	0.640	-6,751.000000
0.341500	0.640	-9,404.000000
0.352167	0.640	-9,332.000000
0.362833	0.640	-5,402.000000
0.373500	0.640	571.000000
0.384167	0.640	2,921.000000
0.394833	0.640	1,160.000000
0.405500	0.640	4.000000
0.416167	0.640	167.000000
0.426833	0.640	-553.000000
0.437500	0.640	-2,790.000000
0.448167	0.640	-6,608.000000
0.458833	0.640	-10,756.000000
0.469500	0.640	-12,730.000000
0.480167	0.640	-11,542.000000
0.490833	0.640	-7,354.000000
0.501500	0.640	-2,912.000000
0.512167	0.640	-3,555.000000
0.522833	0.640	-7,864.000000
0.533500	0.640	-7,239.000000
0.544167	0.640	-1,926.000000
0.554833	0.640	-1,050.000000
0.565500	0.640	-5,331.000000
0.576167	0.640	-7,885.000000
0.586833	0.640	-6,995.000000
0.597500	0.640	-7,008.000000
0.608167	0.640	-9,351.000000
0.618833	0.640	-9,789.000000
0.629500	0.640	-7,035.000000
0.640167	0.640	-4,357.000000
0.650833	0.640	-3,236.000000
0.661500	0.640	-3,458.000000
0.672167	0.640	-4,968.000000
0.682833	0.640	-7,087.000000
0.693500	0.640	-7,596.000000
0.704167	0.640	-4,561.000000
0.714833	0.640	-1,018.000000
0.725500	0.640	-2,433.000000
0.736167	0.640	-6,519.000000
0.746833	0.640	-6,019.000000
0.757500	0.640	-1,418.000000
0.768167	0.640	1,522.000000
0.778833	0.640	712.000000
0.789500	0.640	-1,339.000000
0.800167	0.640	-509.000000
0.810833	0.640	2,436.000000
0.821500	0.640	1,822.000000
0.832167	0.640	-4,126.000000
0.842833	0.640	-10,847.000000
0.853500	0.640	-12,643.000000
0.864167	0.640	-8,482.000000
0.874833	0.640	-2,921.000000
0.885500	0.640	-717.000000
0.896167	0.640	-2,586.000000
0.906833	0.640	-5,703.000000
0.917500	0.640	-7,545.000000
0.928167	0.640	-8,470.000000
0.938833	0.640	-9,161.000000
0.949500	0.640	-9,590.000000
0.960167	0.640	-9,863.000000
0.970833	0.640	-8,499.000000
0.981500	0.640	-5,203.000000
0.992167	0.640	-4,811.000000
1.002833	0.640	-9,021.000000
1.013500	0.640	-11,258.000000
1.024167	0.640	-7,937.000000
1.034833	0.640	-2,420.000000
1.045500	0.640	1,408.000000
1.056167	0.640	692.000000
1.066833	0.640	-3,793.000000
1.077500	0.640	-6,498.000000
1.088167	0.640	-4,725.000000
1.098833	0.640	-2,863.000000
1.109500	0.640	-4,799.000000
1.120167	0.640	-7,883.000000
1.130833	0.640	-7,923.000000
1.141500	0.640	-5,312.000000
1.152167	0.640	-3,753.000000
1.162833	0.640	-5,630.000000
1.173500	0.640	-10,163.000000
1.184167	0.640	-13,269.000000
1.194833	0.640	-11,735.000000
1.205500	0.640	-9,104.000000
1.216167	0.640	-9,072.000000
1.226833	0.640	-9,009.000000
1.237500	0.640	-6,934.000000
1.248167	0.640	-3,734.000000
1.258833	0.640	547.000000
1.269500	0.640	4,603.000000
1.280167	0.640	4,753.000000
1.290833	0.640	424.000000
1.301500	0.640	-4,019.000000
1.312167	0.640	-7,188.000000
1.322833	0.640	-11,993.000000
1.333500	0.640	-16,897.000000
1.344167	0.640	-17,308.000000
1.354833	0.640	-13,311.000000
1.365500	0.640	-8,019.000000
1.376167	0.640	-3,418.000000
1.386833	0.640	-69.000000
1.397500	0.640	1,291.000000
1.408167	0.640	-920.000000
1.418833	0.640	-4,749.000000
1.429500	0.640	-5,793.000000
1.440167	0.640	-4,999.000000
1.450833	0.640	-5,379.000000
1.461500	0.640	-6,157.000000
1.472167	0.640	-6,755.000000
1.482833	0.640	-7,161.000000
1.493500	0.640	-5,861.000000
1.504167	0.640	-4,730.000000
1.514833	0.640	-6,439.000000
1.525500	0.640	-7,731.000000
1.536167	0.640	-6,975.000000
1.546833	0.640	-7,008.000000
1.557500	0.640	-6,413.000000
1.568167	0.640	-4,221.000000
1.578833	0.640	-5,259.000000
1.589500	0.640	-9,061.000000
1.600167	0.640	-9,548.000000
1.610833	0.640	-7,379.000000
1.621500	0.640	-6,160.000000
1.632167	0.640	-5,009.000000
1.642833	0.640	-3,589.000000
1.653500	0.640	-2,207.000000
1.664167	0.640	908.000000
1.674833	0.640	3,890.000000
1.685500	0.640	1,544.000000
1.696167	0.640	-4,482.000000
1.706833	0.640	-6,690.000000
1.717500	0.640	-4,892.000000
1.728167	0.640	-4,982.000000
1.738833	0.640	-6,195.000000
1.749500	0.640	-3,960.000000
1.760167	0.640	855.000000
1.770833	0.640	5,238.000000
1.781500	0.640	8,438.000000
1.792167	0.640	10,731.000000
1.802833	0.640	11,670.000000
1.813500	0.640	9,839.000000
1.824167	0.640	7,278.000000
1.834833	0.640	8,631.000000
1.845500	0.640	12,128.000000
1.856167	0.640	12,690.000000
1.866833	0.640	11,125.000000
1.877500	0.640	9,311.000000
1.888167	0.640	5,335.000000
1.898833	0.640	-590.000000
1.909500	0.640	-3,572.000000
1.920167	0.640	-1,926.000000
1.930833	0.640	-1,471.000000
1.941500	0.640	-4,619.000000
1.952167	0.640	-5,284.000000
1.962833	0.640	-1,454.000000
1.973500	0.640	1,177.000000
1.984167	0.640	-380.000000
1.994833	0.640	-2,860.000000
2.005500	0.640	-1,136.000000
2.016167	0.640	5,128.000000
2.026833	0.640	10,155.000000
2.037500	0.640	11,683.000000
2.048167	0.640	12,933.000000
2.058833	0.640	13,780.000000
2.069500	0.640	11,626.000000
2.080167	0.640	7,402.000000
2.090833	0.640	3,087.000000
2.101500	0.640	-1,272.000000
2.112167	0.640	-4,559.000000
2.122833	0.640	-4,368.000000
2.133500	0.640	-1,562.000000
2.144167	0.640	-904.000000
2.154833	0.640	-5,124.000000
2.165500	0.640	-9,875.000000
2.176167	0.640	-8,712.000000
2.186833	0.640	-2,070.000000
2.197500	0.640	3,673.000000
2.208167	0.640	4,351.000000
2.218833	0.640	2,538.000000
2.229500	0.640	2,984.000000
2.240167	0.640	5,322.000000
2.250833	0.640	5,990.000000
2.261500	0.640	5,172.000000
2.272167	0.640	7,940.000000
2.282833	0.640	15,440.000000
2.293500	0.640	20,101.000000
2.304167	0.640	19,273.000000
2.314833	0.640	17,390.000000
2.325500	0.640	12,987.000000
2.336167	0.640	5,907.000000
2.346833	0.640	1,709.000000
2.357500	0.640	1,033.000000
2.368167	0.640	2,570.000000
2.378833	0.640	6,242.000000
2.389500	0.640	8,358.000000
2.400167	0.640	6,874.000000
2.410833	0.640	5,990.000000
2.421500	0.640	6,602.000000
2.432167	0.640	3,421.000000
2.442833	0.640	-2,613.000000
2.453500	0.640	-3,965.000000
2.464167	0.640	177.000000
2.474833	0.640	3,170.000000
2.485500	0.640	1,201.000000
2.496167	0.640	-3,054.000000
2.506833	0.640	-5,251.000000
2.517500	0.640	-4,119.000000
2.528167	0.640	-1,503.000000
2.538833	0.640	450.000000
2.549500	0.640	1,635.000000
2.560167	0.640	1,949.000000
2.570833	0.640	-230.000000
2.581500	0.640	-3,024.000000
2.592167	0.640	-3,273.000000
2.602833	0.640	-3,285.000000
2.613500	0.640	-3,995.000000
2.624167	0.640	-2,168.000000
2.634833	0.640	138.000000
2.645500	0.640	-1,809.000000
2.656167	0.640	-5,413.000000
2.666833	0.640	-5,768.000000
2.677500	0.640	-4,035.000000
2.688167	0.640	-2,018.000000
2.698833	0.640	269.000000
2.709500	0.640	339.000000
2.720167	0.640	-1,094.000000
2.730833	0.640	669.000000
2.741500	0.640	3,252.000000
2.752167	0.640	323.000000
2.762833	0.640	-5,008.000000
2.773500	0.640	-4,802.000000
2.784167	0.640	254.000000
2.794833	0.640	2,899.000000
2.805500	0.640	792.000000
2.816167	0.640	-1,616.000000
2.826833	0.640	-2,574.000000
2.837500	0.640	-5,147.000000
2.848167	0.640	-8,395.000000
2.858833	0.640	-7,631.000000
2.869500	0.640	-2,228.000000
2.880167	0.640	6,031.000000
2.890833	0.640	14,034.000000
2.901500	0.640	14,099.000000
2.912167	0.640	4,846.000000
2.922833	0.640	-3,545.000000
2.933500	0.640	-6,420.000000
2.944167	0.640	-7,667.000000
2.954833	0.640	-6,693.000000
2.965500	0.640	-2,238.000000
2.976167	0.640	1,743.000000
2.986833	0.640	2,797.000000
2.997500	0.640	1,146.000000
3.008167	0.640	-1,219.000000
3.018833	0.640	-715.000000
3.029500	0.640	1,106.000000
3.040167	0.640	-125.000000
3.050833	0.640	-1,543.000000
3.061500	0.640	1,348.000000
3.072167	0.640	3,639.000000
3.082833	0.640	-307.000000
3.093500	0.640	-5,682.000000
3.104167	0.640	-5,931.000000
3.114833	0.640	-2,068.000000
3.125500	0.640	2,321.000000
3.136167	0.640	5,390.000000
3.146833	0.640	5,642.000000
3.157500	0.640	3,553.000000
3.168167	0.640	641.000000
3.178833	0.640	-2,919.000000
3.189500	0.640	-6,178.000000
3.200167	0.640	-8,373.000000
3.210833	0.640	-9,007.000000
3.221500	0.640	-6,068.000000
3.232167	0.640	189.000000
3.242833	0.640	5,168.000000
3.253500	0.640	6,209.000000
3.264167	0.640	6,234.000000
3.274833	0.640	6,339.000000
3.285500	0.640	3,806.000000
3.296167	0.640	149.000000
3.306833	0.640	-159.000000
3.317500	0.640	2,019.000000
3.328167	0.640	2,202.000000
3.338833	0.640	106.000000
3.349500	0.640	-958.000000
3.360167	0.640	-1,011.000000
3.370833	0.640	-3,265.000000
3.381500	0.640	-6,756.000000
3.392167	0.640	-6,532.000000
3.402833	0.640	-3,031.000000
3.413500	0.640	-1,801.000000
3.424167	0.640	-3,556.000000
3.434833	0.640	-4,008.000000
3.445500	0.640	-827.000000
3.456167	0.640	2,838.000000
3.466833	0.640	2,084.000000
3.477500	0.640	-1,312.000000
3.488167	0.640	-3,085.000000
3.498833	0.640	-3,565.000000
3.509500	0.640	-2,140.000000
3.520167	0.640	-316.000000
3.530833	0.640	-4,480.000000
3.541500	0.640	-11,522.000000
3.552167	0.640	-11,658.000000
3.562833	0.640	-7,096.000000
3.573500	0.640	-4,433.000000
3.584167	0.640	-1,584.000000
3.594833	0.640	430.000000
3.605500	0.640	-3,363.000000
3.616167	0.640	-7,612.000000
3.626833	0.640	-6,154.000000
3.637500	0.640	-4,492.000000
3.648167	0.640	-6,323.000000
3.658833	0.640	-5,750.000000
3.669500	0.640	-2,369.000000
3.680167	0.640	-2,848.000000
3.690833	0.640	-5,266.000000
3.701500	0.640	-3,573.000000
3.712167	0.640	116.000000
3.722833	0.640	1,684.000000
3.733500	0.640	1,436.000000
3.744167	0.640	-572.000000
3.754833	0.640	-5,103.000000
3.765500	0.640	-9,633.000000
3.776167	0.640	-11,494.000000
3.786833	0.640	-11,547.000000
3.797500	0.640	-10,993.000000
3.808167	0.640	-8,220.000000
3.818833	0.640	-2,600.000000
3.829500	0.640	1,501.000000
3.840167	0.640	406.000000
3.850833	0.640	-3,405.000000
3.861500	0.640	-5,292.000000
3.872167	0.640	-5,088.000000
3.882833	0.640	-5,508.000000
3.893500	0.640	-5,915.000000
3.904167	0.640	-5,465.000000
3.914833	0.640	-5,716.000000
3.925500	0.640	-5,913.000000
3.936167	0.640	-3,960.000000
3.946833	0.640	-165.000000
3.957500	0.640	2,022.000000
3.968167	0.640	763.000000
3.978833	0.640	-528.000000
3.989500	0.640	-1,809.000000
4.000167	0.640	-6,403.000000
4.010833	0.640	-10,669.000000
4.021500	0.640	-10,830.000000
4.032167	0.640	-9,397.000000
4.042833	0.640	-7,458.000000
4.053500	0.640	-5,090.000000
4.064167	0.640	-4,800.000000
4.074833	0.640	-7,702.000000
4.085500	0.640	-9,496.000000
4.096167	0.640	-4,625.000000
4.106833	0.640	1,410.000000
4.117500	0.640	-51.000000
4.128167	0.640	-3,226.000000
4.138833	0.640	-1,169.000000
4.149500	0.640	1,089.000000
4.160167	0.640	-469.000000
4.170833	0.640	-3,251.000000
4.181500	0.640	-5,309.000000
4.192167	0.640	-6,984.000000
4.202833	0.640	-8,973.000000
4.213500	0.640	-10,301.000000
4.224167	0.640	-8,643.000000
4.234833	0.640	-5,625.000000
4.245500	0.640	-6,054.000000
4.256167	0.640	-9,296.000000
4.266833	0.640	-9,570.000000
4.277500	0.640	-5,722.000000
4.288167	0.640	-2,973.000000
4.298833	0.640	-4,687.000000
4.309500	0.640	-8,296.000000
4.320167	0.640	-8,911.000000
4.330833	0.640	-5,362.000000
4.341500	0.640	-2,195.000000
4.352167	0.640	-2,060.000000
4.362833	0.640	-1,847.000000
4.373500	0.640	-1,312.000000
4.384167	0.640	-3,779.000000
4.394833	0.640	-7,756.000000
4.405500	0.640	-8,823.000000
4.416167	0.640	-5,202.000000
4.426833	0.640	522.000000
4.437500	0.640	1,804.000000
4.448167	0.640	-3,486.000000
4.458833	0.640	-8,289.000000
4.469500	0.640	-5,890.000000
4.480167	0.640	1,082.000000
4.490833	0.640	3,332.000000
4.501500	0.640	-2,336.000000
4.512167	0.640	-7,296.000000
4.522833	0.640	-6,373.000000
4.533500	0.640	-6,802.000000
4.544167	0.640	-12,228.000000
4.554833	0.640	-13,823.000000
4.565500	0.640	-8,127.000000
4.576167	0.640	-4,853.000000
4.586833	0.640	-6,144.000000
4.597500	0.640	-4,485.000000
4.608167	0.640	-1,348.000000
4.618833	0.640	-1,933.000000
4.629500	0.640	-4,951.000000
4.640167	0.640	-8,405.000000
4.650833	0.640	-10,148.000000
4.661500	0.640	-7,668.000000
4.672167	0.640	-4,710.000000
4.682833	0.640	-6,201.000000
4.693500	0.640	-8,773.000000
4.704167	0.640	-8,372.000000
4.714833	0.640	-7,684.000000
4.725500	0.640	-7,458.000000
4.736167	0.640	-4,520.000000
4.746833	0.640	-397.000000
4.757500	0.640	1,313.000000
4.768167	0.640	847.000000
4.778833	0.640	-1,057.000000
4.789500	0.640	-5,450.000000
4.800167	0.640	-11,745.000000
4.810833	0.640	-15,392.000000
4.821500	0.640	-12,972.000000
4.832167	0.640	-8,054.000000
4.842833	0.640	-6,688.000000
4.853500	0.640	-7,341.000000
4.864167	0.640	-3,035.000000
4.874833	0.640	4,130.000000
4.885500	0.640	3,829.000000
4.896167	0.640	-5,424.000000
4.906833	0.640	-14,258.000000
4.917500	0.640	-16,294.000000
4.928167	0.640	-14,877.000000
4.938833	0.640	-14,578.000000
4.949500	0.640	-11,306.000000
4.960167	0.640	2,143.000000
4.970833	0.640	28,710.000000
4.981500	0.640	70,416.000000
4.992167	0.640	122,024.000000
5.002833	0.640	164,603.000000
5.013500	0.640	182,132.000000
5.024167	0.640	175,642.000000
5.034833	0.640	157,600.000000
5.045500	0.640	138,189.000000
5.056167	0.640	118,524.000000
5.066833	0.640	100,611.000000
5.077500	0.640	88,710.000000
5.088167	0.640	77,871.000000
5.098833	0.640	62,254.000000
5.109500	0.640	46,249.000000
5.120167	0.640	35,082.000000
5.130833	0.640	26,327.000000
5.141500	0.640	15,822.000000
5.152167	0.640	6,503.000000
5.162833	0.640	2,852.000000
5.173500	0.640	2,005.000000
5.184167	0.640	-369.000000
5.194833	0.640	-3,937.000000
5.205500	0.640	-5,178.000000
5.216167	0.640	-2,663.000000
5.226833	0.640	-1,999.000000
5.237500	0.640	-8,288.000000
5.248167	0.640	-16,024.000000
5.258833	0.640	-16,288.000000
5.269500	0.640	-10,685.000000
5.280167	0.640	-9,393.000000
5.290833	0.640	-14,915.000000
5.301500	0.640	-17,841.000000
5.312167	0.640	-13,780.000000
5.322833	0.640	-9,575.000000
5.333500	0.640	-9,377.000000
5.344167	0.640	-11,903.000000
5.354833	0.640	-15,208.000000
5.365500	0.640	-14,970.000000
5.376167	0.640	-10,345.000000
5.386833	0.640	-7,521.000000
5.397500	0.640	-9,213.000000
5.408167	0.640	-10,540.000000
5.418833	0.640	-8,663.000000
5.429500	0.640	-8,611.000000
5.440167	0.640	-13,997.000000
5.450833	0.640	-17,581.000000
5.461500	0.640	-12,921.000000
5.472167	0.640	-7,129.000000
5.482833	0.640	-7,218.000000
5.493500	0.640	-9,377.000000
5.504167	0.640	-11,202.000000
5.514833	0.640	-14,250.000000
5.525500	0.640	-15,889.000000
5.536167	0.640	-13,271.000000
5.546833	0.640	-8,655.000000
5.557500	0.640	-5,831.000000
5.568167	0.640	-5,330.000000
5.578833	0.640	-5,818.000000
5.589500	0.640	-7,957.000000
5.600167	0.640	-10,388.000000
5.610833	0.640	-9,462.000000
5.621500	0.640	-8,269.000000
5.632167	0.640	-11,413.000000
5.642833	0.640	-14,806.000000
5.653500	0.640	-14,067.000000
5.664167	0.640	-12,065.000000
5.674833	0.640	-12,588.000000
5.685500	0.640	-15,458.000000
5.696167	0.640	-16,846.000000
5.706833	0.640	-13,137.000000
5.717500	0.640	-7,354.000000
5.728167	0.640	-6,149.000000
5.738833	0.640	-9,371.000000
5.749500	0.640	-9,852.000000
5.760167	0.640	-4,812.000000
5.770833	0.640	-1,676.000000
5.781500	0.640	-6,210.000000
5.792167	0.640	-12,759.000000
5.802833	0.640	-14,850.000000
5.813500	0.640	-13,862.000000
5.824167	0.640	-12,482.000000
5.834833	0.640	-10,285.000000
5.845500	0.640	-7,704.000000
5.856167	0.640	-6,842.000000
5.866833	0.640	-7,899.000000
5.877500	0.640	-9,799.000000
5.888167	0.640	-11,319.000000
5.898833	0.640	-10,565.000000
5.909500	0.640	-8,444.000000
5.920167	0.640	-8,513.000000
5.930833	0.640	-11,039.000000
5.941500	0.640	-13,217.000000
5.952167	0.640	-12,655.000000
5.962833	0.640	-9,829.000000
5.973500	0.640	-9,198.000000
5.984167	0.640	-12,041.000000
5.994833	0.640	-13,598.000000
6.005500	0.640	-12,569.000000
6.016167	0.640	-13,305.000000
6.026833	0.640	-16,931.000000
6.037500	0.640	-17,674.000000
6.048167	0.640	-13,114.000000
6.058833	0.640	-10,961.000000
6.069500	0.640	-14,845.000000
6.080167	0.640	-17,740.000000
6.090833	0.640	-15,891.000000
6.101500	0.640	-11,698.000000
6.112167	0.640	-8,266.000000
6.122833	0.640	-9,143.000000
6.133500	0.640	-13,372.000000
6.144167	0.640	-15,531.000000
6.154833	0.640	-14,599.000000
6.165500	0.640	-13,676.000000
6.176167	0.640	-13,455.000000
6.186833	0.640	-12,073.000000
6.197500	0.640	-8,950.000000
6.208167	0.640	-6,316.000000
6.218833	0.640	-7,087.000000
6.229500	0.640	-10,969.000000
6.240167	0.640	-12,960.000000
6.250833	0.640	-11,134.000000
6.261500	0.640	-10,557.000000
6.272167	0.640	-11,860.000000
6.282833	0.640	-10,641.000000
6.293500	0.640	-8,306.000000
6.304167	0.640	-7,699.000000
6.314833	0.640	-6,997.000000
6.325500	0.640	-6,673.000000
6.336167	0.640	-9,821.000000
6.346833	0.640	-13,787.000000
6.357500	0.640	-13,645.000000
6.368167	0.640	-10,546.000000
6.378833	0.640	-8,356.000000
6.389500	0.640	-8,675.000000
6.400167	0.640	-11,223.000000
6.410833	0.640	-14,184.000000
6.421500	0.640	-15,762.000000
6.432167	0.640	-15,531.000000
6.442833	0.640	-14,402.000000
6.453500	0.640	-14,018.000000
6.464167	0.640	-14,437.000000
6.474833	0.640	-13,666.000000
6.485500	0.640	-11,010.000000
6.496167	0.640	-8,690.000000
6.506833	0.640	-7,501.000000
6.517500	0.640	-6,376.000000
6.528167	0.640	-7,458.000000
6.538833	0.640	-11,717.000000
6.549500	0.640	-13,780.000000
6.560167	0.640	-10,351.000000
6.570833	0.640	-6,761.000000
6.581500	0.640	-8,537.000000
6.592167	0.640	-12,300.000000
6.602833	0.640	-12,377.000000
6.613500	0.640	-9,291.000000
6.624167	0.640	-5,593.000000
6.634833	0.640	-3,699.000000
6.645500	0.640	-6,249.000000
6.656167	0.640	-11,305.000000
6.666833	0.640	-13,420.000000
6.677500	0.640	-9,602.000000
6.688167	0.640	-4,406.000000
6.698833	0.640	-6,518.000000
6.709500	0.640	-13,173.000000
6.720167	0.640	-13,955.000000
6.730833	0.640	-11,800.000000
6.741500	0.640	-15,109.000000
6.752167	0.640	-19,784.000000
6.762833	0.640	-20,092.000000
6.773500	0.640	-19,035.000000
6.784167	0.640	-18,404.000000
6.794833	0.640	-15,544.000000
6.805500	0.640	-11,206.000000
6.816167	0.640	-9,844.000000
6.826833	0.640	-13,236.000000
6.837500	0.640	-18,000.000000
6.848167	0.640	-18,188.000000
6.858833	0.640	-12,849.000000
6.869500	0.640	-9,181.000000
6.880167	0.640	-11,229.000000
6.890833	0.640	-15,546.000000
6.901500	0.640	-20,251.000000
6.912167	0.640	-22,749.000000
6.922833	0.640	-18,046.000000
6.933500	0.640	-8,532.000000
6.944167	0.640	-1,120.000000
6.954833	0.640	2,056.000000
6.965500	0.640	1,813.000000
6.976167	0.640	-1,765.000000
6.986833	0.640	-7,999.000000
6.997500	0.640	-12,932.000000
7.008167	0.640	-12,770.000000
7.018833	0.640	-9,409.000000
7.029500	0.640	-5,709.000000
7.040167	0.640	-2,463.000000
7.050833	0.640	-3,617.000000
7.061500	0.640	-11,481.000000
7.072167	0.640	-19,902.000000
7.082833	0.640	-21,040.000000
7.093500	0.640	-14,338.000000
7.104167	0.640	-7,427.000000
7.114833	0.640	-6,554.000000
7.125500	0.640	-9,781.000000
7.136167	0.640	-13,808.000000
7.146833	0.640	-16,821.000000
7.157500	0.640	-16,269.000000
7.168167	0.640	-12,824.000000
7.178833	0.640	-11,001.000000
7.189500	0.640	-13,768.000000
7.200167	0.640	-18,992.000000
7.210833	0.640	-20,043.000000
7.221500	0.640	-12,744.000000
7.232167	0.640	-3,492.000000
7.242833	0.640	-2,780.000000
7.253500	0.640	-10,568.000000
7.264167	0.640	-18,164.000000
7.274833	0.640	-20,845.000000
7.285500	0.640	-19,852.000000
7.296167	0.640	-17,513.000000
7.306833	0.640	-15,511.000000
7.317500	0.640	-13,916.000000
7.328167	0.640	-11,018.000000
7.338833	0.640	-7,067.000000
7.349500	0.640	-6,490.000000
7.360167	0.640	-10,681.000000
7.370833	0.640	-13,351.000000
7.381500	0.640	-11,794.000000
7.392167	0.640	-10,172.000000
7.402833	0.640	-7,969.000000
7.413500	0.640	-4,481.000000
7.424167	0.640	-5,852.000000
7.434833	0.640	-12,425.000000
7.445500	0.640	-15,719.000000
7.456167	0.640	-12,920.000000
7.466833	0.640	-10,813.000000
7.477500	0.640	-13,271.000000
7.488167	0.640	-15,346.000000
7.498833	0.640	-14,587.000000
7.509500	0.640	-13,997.000000
7.520167	0.640	-13,787.000000
7.530833	0.640	-12,979.000000
7.541500	0.640	-10,563.000000
7.552167	0.640	-5,394.000000
7.562833	0.640	-2,145.000000
7.573500	0.640	-5,849.000000
7.584167	0.640	-12,379.000000
7.594833	0.640	-15,510.000000
7.605500	0.640	-15,332.000000
7.616167	0.640	-14,684.000000
7.626833	0.640	-14,794.000000
7.637500	0.640	-15,439.000000
7.648167	0.640	-15,809.000000
7.658833	0.640	-14,312.000000
7.669500	0.640	-11,076.000000
7.680167	0.640	-9,360.000000
7.690833	0.640	-10,624.000000
7.701500	0.640	-13,116.000000
7.712167	0.640	-13,905.000000
7.722833	0.640	-11,778.000000
7.733500	0.640	-10,763.000000
7.744167	0.640	-13,968.000000
7.754833	0.640	-16,728.000000
7.765500	0.640	-12,996.000000
7.776167	0.640	-4,924.000000
7.786833	0.640	-1,593.000000
7.797500	0.640	-6,581.000000
7.808167	0.640	-11,870.000000
7.818833	0.640	-10,621.000000
7.829500	0.640	-7,210.000000
7.840167	0.640	-7,542.000000
7.850833	0.640	-10,211.000000
7.861500	0.640	-10,981.000000
7.872167	0.640	-8,673.000000
7.882833	0.640	-5,929.000000
7.893500	0.640	-6,290.000000
7.904167	0.640	-7,907.000000
7.914833	0.640	-5,673.000000
7.925500	0.640	-2,276.000000
7.936167	0.640	-2,430.000000
7.946833	0.640	-4,061.000000
7.957500	0.640	-7,369.000000
7.968167	0.640	-13,450.000000
7.978833	0.640	-16,487.000000
7.989500	0.640	-13,250.000000
8.000167	0.640	-9,327.000000
8.010833	0.640	-9,833.000000
8.021500	0.640	-12,640.000000
8.032167	0.640	-13,020.000000
8.042833	0.640	-10,309.000000
8.053500	0.640	-7,556.000000
8.064167	0.640	-5,247.000000
8.074833	0.640	-1,896.000000
8.085500	0.640	-1,581.000000
8.096167	0.640	-5,898.000000
8.106833	0.640	-6,400.000000
8.117500	0.640	-1,473.000000
8.128167	0.640	-714.000000
8.138833	0.640	-6,640.000000
8.149500	0.640	-12,676.000000
8.160167	0.640	-14,749.000000
8.170833	0.640	-13,049.000000
8.181500	0.640	-10,199.000000
8.192167	0.640	-10,901.000000
8.202833	0.640	-14,571.000000
8.213500	0.640	-13,984.000000
8.224167	0.640	-8,647.000000
8.234833	0.640	-5,628.000000
8.245500	0.640	-6,506.000000
8.256167	0.640	-7,577.000000
8.266833	0.640	-6,804.000000
8.277500	0.640	-4,445.000000
8.288167	0.640	-2,836.000000
8.298833	0.640	-3,592.000000
8.309500	0.640	-5,104.000000
8.320167	0.640	-6,143.000000
8.330833	0.640	-6,474.000000
8.341500	0.640	-6,666.000000
8.352167	0.640	-9,846.000000
8.362833	0.640	-14,857.000000
8.373500	0.640	-15,153.000000
8.384167	0.640	-10,944.000000
8.394833	0.640	-8,545.000000
8.405500	0.640	-9,330.000000
8.416167	0.640	-9,285.000000
8.426833	0.640	-6,075.000000
8.437500	0.640	-2,900.000000
8.448167	0.640	-2,791.000000
8.458833	0.640	-4,283.000000
8.469500	0.640	-6,840.000000
8.480167	0.640	-12,066.000000
8.490833	0.640	-17,740.000000
8.501500	0.640	-18,406.000000
8.512167	0.640	-13,964.000000
8.522833	0.640	-9,688.000000
8.533500	0.640	-8,280.000000
8.544167	0.640	-8,256.000000
8.554833	0.640	-7,365.000000
8.565500	0.640	-7,145.000000
8.576167	0.640	-10,385.000000
8.586833	0.640	-13,717.000000
8.597500	0.640	-13,950.000000
8.608167	0.640	-15,032.000000
8.618833	0.640	-18,322.000000
8.629500	0.640	-19,582.000000
8.640167	0.640	-18,962.000000
8.650833	0.640	-19,039.000000
8.661500	0.640	-17,420.000000
8.672167	0.640	-13,167.000000
8.682833	0.640	-9,670.000000
8.693500	0.640	-7,660.000000
8.704167	0.640	-7,131.000000
8.714833	0.640	-8,029.000000
8.725500	0.640	-6,619.000000
8.736167	0.640	-4,121.000000
8.746833	0.640	-7,747.000000
8.757500	0.640	-15,989.000000
8.768167	0.640	-19,510.000000
8.778833	0.640	-14,876.000000
8.789500	0.640	-8,101.000000
8.800167	0.640	-7,284.000000
8.810833	0.640	-11,435.000000
8.821500	0.640	-12,688.000000
8.832167	0.640	-10,399.000000
8.842833	0.640	-11,068.000000
8.853500	0.640	-15,800.000000
8.864167	0.640	-19,294.000000
8.874833	0.640	-20,224.000000
8.885500	0.640	-21,554.000000
8.896167	0.640	-23,018.000000
8.906833	0.640	-22,916.000000
8.917500	0.640	-21,315.000000
8.928167	0.640	-17,647.000000
8.938833	0.640	-12,985.000000
8.949500	0.640	-11,844.000000
8.960167	0.640	-15,063.000000
8.970833	0.640	-17,141.000000
8.981500	0.640	-15,846.000000
8.992167	0.640	-14,531.000000
9.002833	0.640	-12,410.000000
9.013500	0.640	-8,366.000000
9.024167	0.640	-6,483.000000
9.034833	0.640	-6,430.000000
9.045500	0.640	-5,807.000000
9.056167	0.640	-7,689.000000
9.066833	0.640	-12,445.000000
9.077500	0.640	-14,323.000000
9.088167	0.640	-11,406.000000
9.098833	0.640	-8,106.000000
9.109500	0.640	-6,929.000000
9.120167	0.640	-8,359.000000
9.130833	0.640	-13,679.000000
9.141500	0.640	-18,487.000000
9.152167	0.640	-14,880.000000
9.162833	0.640	-5,404.000000
9.173500	0.640	-951.000000
9.184167	0.640	-4,146.000000
9.194833	0.640	-8,331.000000
9.205500	0.640	-9,223.000000
9.216167	0.640	-6,834.000000
9.226833	0.640	-3,007.000000
9.237500	0.640	-1,281.000000
9.248167	0.640	-2,168.000000
9.258833	0.640	-2,535.000000
9.269500	0.640	-2,421.000000
9.280167	0.640	-4,732.000000
9.290833	0.640	-9,534.000000
9.301500	0.640	-14,130.000000
9.312167	0.640	-15,339.000000
9.322833	0.640	-11,334.000000
9.333500	0.640	-5,526.000000
9.344167	0.640	-3,023.000000
9.354833	0.640	-3,135.000000
9.365500	0.640	-3,066.000000
9.376167	0.640	-2,168.000000
9.386833	0.640	-312.000000
9.397500	0.640	1,824.000000
9.408167	0.640	3,567.000000
9.418833	0.640	4,225.000000
9.429500	0.640	2,098.000000
9.440167	0.640	-2,172.000000
9.450833	0.640	-4,085.000000
9.461500	0.640	-387.000000
9.472167	0.640	5,293.000000
9.482833	0.640	7,195.000000
9.493500	0.640	5,569.000000
9.504167	0.640	3,565.000000
9.514833	0.640	3,801.000000
9.525500	0.640	7,135.000000
9.536167	0.640	10,800.000000
9.546833	0.640	13,420.000000
9.557500	0.640	15,766.000000
9.568167	0.640	16,104.000000
9.578833	0.640	12,408.000000
9.589500	0.640	7,696.000000
9.600167	0.640	6,783.000000
9.610833	0.640	7,970.000000
9.621500	0.640	7,808.000000
9.632167	0.640	7,883.000000
9.642833	0.640	9,762.000000
9.653500	0.640	13,503.000000
9.664167	0.640	17,547.000000
9.674833	0.640	18,789.000000
9.685500	0.640	18,189.000000
9.696167	0.640	18,797.000000
9.706833	0.640	19,944.000000
9.717500	0.640	19,330.000000
9.728167	0.640	17,994.000000
9.738833	0.640	18,456.000000
9.749500	0.640	18,815.000000
9.760167	0.640	16,284.000000
9.770833	0.640	14,334.000000
9.781500	0.640	18,326.000000
9.792167	0.640	25,052.000000
9.802833	0.640	25,590.000000
9.813500	0.640	19,036.000000
9.824167	0.640	11,855.000000
9.834833	0.640	8,026.000000
9.845500	0.640	8,607.000000
9.856167	0.640	13,196.000000
9.866833	0.640	18,309.000000
9.877500	0.640	21,089.000000
9.888167	0.640	22,892.000000
9.898833	0.640	24,095.000000
9.909500	0.640	23,480.000000
9.920167	0.640	23,250.000000
9.930833	0.640	25,856.000000
9.941500	0.640	29,938.000000
9.952167	0.640	31,953.000000
9.962833	0.640	29,977.000000
9.973500	0.640	26,947.000000
9.984167	0.640	26,505.000000
9.994833	0.640	28,021.000000
10.005500	0.640	29,150.000000
10.016167	0.640	28,863.000000
10.026833	0.640	29,376.000000
10.037500	0.640	33,032.000000
10.048167	0.640	35,265.000000
10.058833	0.640	31,236.000000
10.069500	0.640	27,092.000000
10.080167	0.640	29,858.000000
10.090833	0.640	35,310.000000
10.101500	0.640	38,308.000000
10.112167	0.640	38,677.000000
10.122833	0.640	36,020.000000
10.133500	0.640	33,195.000000
10.144167	0.640	33,934.000000
10.154833	0.640	35,300.000000
10.165500	0.640	34,166.000000
10.176167	0.640	34,020.000000
10.186833	0.640	38,305.000000
10.197500	0.640	42,869.000000
10.208167	0.640	42,380.000000
10.218833	0.640	39,969.000000
10.229500	0.640	41,149.000000
10.240167	0.640	45,287.000000
10.250833	0.640	49,702.000000
10.261500	0.640	53,522.000000
10.272167	0.640	55,257.000000
10.282833	0.640	55,098.000000
10.293500	0.640	55,900.000000
10.304167	0.640	55,760.000000
10.314833	0.640	52,333.000000
10.325500	0.640	51,871.000000
10.336167	0.640	58,848.000000
10.346833	0.640	66,084.000000
10.357500	0.640	65,986.000000
10.368167	0.640	63,135.000000
10.378833	0.640	65,406.000000
10.389500	0.640	70,053.000000
10.400167	0.640	70,206.000000
10.410833	0.640	66,612.000000
10.421500	0.640	64,312.000000
10.432167	0.640	65,513.000000
10.442833	0.640	68,189.000000
10.453500	0.640	68,970.000000
10.464167	0.640	67,575.000000
10.474833	0.640	66,785.000000
10.485500	0.640	69,905.000000
10.496167	0.640	76,432.000000
10.506833	0.640	80,538.000000
10.517500	0.640	78,896.000000
10.528167	0.640	75,774.000000
10.538833	0.640	78,031.000000
10.549500	0.640	86,654.000000
10.560167	0.640	94,611.000000
10.570833	0.640	95,372.000000
10.581500	0.640	90,643.000000
10.592167	0.640	87,036.000000
10.602833	0.640	87,814.000000
10.613500	0.640	90,466.000000
10.624167	0.640	92,202.000000
10.634833	0.640	94,585.000000
10.645500	0.640	99,149.000000
10.656167	0.640	102,585.000000
10.666833	0.640	102,391.000000
10.677500	0.640	101,300.000000
10.688167	0.640	101,284.000000
10.698833	0.640	101,699.000000
10.709500	0.640	104,118.000000
10.720167	0.640	109,502.000000
10.730833	0.640	113,927.000000
10.741500	0.640	113,892.000000
10.752167	0.640	110,241.000000
10.762833	0.640	106,129.000000
10.773500	0.640	104,928.000000
10.784167	0.640	107,377.000000
10.794833	0.640	109,706.000000
10.805500	0.640	109,302.000000
10.816167	0.640	111,336.000000
10.826833	0.640	120,012.000000
10.837500	0.640	129,791.000000
10.848167	0.640	133,532.000000
10.858833	0.640	131,558.000000
10.869500	0.640	130,825.000000
10.880167	0.640	134,625.000000
10.890833	0.640	139,020.000000
10.901500	0.640	142,013.000000
10.912167	0.640	143,189.000000
10.922833	0.640	141,694.000000
10.933500	0.640	139,465.000000
10.944167	0.640	136,980.000000
10.954833	0.640	135,799.000000
10.965500	0.640	139,027.000000
10.976167	0.640	142,420.000000
10.986833	0.640	143,280.000000
10.997500	0.640	146,546.000000
11.008167	0.640	151,658.000000
11.018833	0.640	153,634.000000
11.029500	0.640	153,147.000000
11.040167	0.640	153,155.000000
11.050833	0.640	154,096.000000
11.061500	0.640	156,146.000000
11.072167	0.640	161,003.000000
11.082833	0.640	166,806.000000
11.093500	0.640	168,192.000000
11.104167	0.640	167,587.000000
11.114833	0.640	171,606.000000
11.125500	0.640	176,575.000000
11.136167	0.640	175,750.000000
11.146833	0.640	173,134.000000
11.157500	0.640	175,955.000000
11.168167	0.640	182,483.000000
11.178833	0.640	186,362.000000
11.189500	0.640	186,316.000000
11.200167	0.640	185,079.000000
11.210833	0.640	183,665.000000
11.221500	0.640	183,303.000000
11.232167	0.640	185,948.000000
11.242833	0.640	190,520.000000
11.253500	0.640	195,818.000000
11.264167	0.640	201,600.000000
11.274833	0.640	206,991.000000
11.285500	0.640	210,913.000000
11.296167	0.640	210,954.000000
11.306833	0.640	207,465.000000
11.317500	0.640	206,371.000000
11.328167	0.640	210,248.000000
11.338833	0.640	212,981.000000
11.349500	0.640	211,137.000000
11.360167	0.640	211,922.000000
11.370833	0.640	219,743.000000
11.381500	0.640	226,141.000000
11.392167	0.640	224,687.000000
11.402833	0.640	222,386.000000
11.413500	0.640	225,515.000000
11.424167	0.640	229,663.000000
11.434833	0.640	230,766.000000
11.445500	0.640	232,360.000000
11.456167	0.640	237,045.000000
11.466833	0.640	240,472.000000
11.477500	0.640	240,042.000000
11.488167	0.640	239,455.000000
11.498833	0.640	241,099.000000
11.509500	0.640	244,521.000000
11.520167	0.640	249,158.000000
11.530833	0.640	253,870.000000
11.541500	0.640	258,011.000000
11.552167	0.640	260,712.000000
11.562833	0.640	260,481.000000
11.573500	0.640	258,756.000000
11.584167	0.640	258,327.000000
11.594833	0.640	259,403.000000
11.605500	0.640	263,275.000000
11.616167	0.640	271,230.000000
11.626833	0.640	277,401.000000
11.637500	0.640	276,590.000000
11.648167	0.640	274,124.000000
11.658833	0.640	276,802.000000
11.669500	0.640	283,767.000000
11.680167	0.640	289,498.000000
11.690833	0.640	290,010.000000
11.701500	0.640	289,059.000000
11.712167	0.640	292,700.000000
11.722833	0.640	297,684.000000
11.733500	0.640	299,048.000000
11.744167	0.640	299,689.000000
11.754833	0.640	302,657.000000
11.765500	0.640	305,849.000000
11.776167	0.640	306,416.000000
11.786833	0.640	305,628.000000
11.797500	0.640	307,800.000000
11.808167	0.640	313,096.000000
11.818833	0.640	317,333.000000
11.829500	0.640	319,993.000000
11.840167	0.640	322,747.000000
11.850833	0.640	323,237.000000
11.861500	0.640	321,729.000000
11.872167	0.640	325,119.000000
11.882833	0.640	333,898.000000
11.893500	0.640	339,601.000000
11.904167	0.640	339,779.000000
11.914833	0.640	339,323.000000
11.925500	0.640	340,004.000000
11.936167	0.640	340,669.000000
11.946833	0.640	343,175.000000
11.957500	0.640	349,806.000000
11.968167	0.640	357,158.000000
11.978833	0.640	361,595.000000
11.989500	0.640	364,109.000000
12.000167	0.640	363,930.000000
12.010833	0.640	362,203.000000
12.021500	0.640	364,651.000000
12.032233	0.644	370,263.000000
12.042833	0.636	373,565.000000
12.053500	0.640	374,338.000000
12.064167	0.640	375,521.000000
12.074833	0.640	376,527.000000
12.085500	0.640	374,170.000000
12.096167	0.640	371,451.000000
12.106833	0.640	373,369.000000
12.117500	0.640	377,801.000000
12.128167	0.640	382,524.000000
12.138833	0.640	389,578.000000
12.149500	0.640	398,043.000000
12.160167	0.640	402,659.000000
12.170833	0.640	401,215.000000
12.181500	0.640	396,378.000000
12.192167	0.640	391,628.000000
12.202833	0.640	392,568.000000
12.213500	0.640	401,029.000000
12.224167	0.640	407,676.000000
12.234833	0.640	407,576.000000
12.245500	0.640	408,457.000000
12.256167	0.640	412,369.000000
12.266833	0.640	413,027.000000
12.277500	0.640	413,639.000000
12.288167	0.640	420,711.000000
12.298833	0.640	427,320.000000
12.309500	0.640	426,883.000000
12.320167	0.640	424,993.000000
12.330833	0.640	426,999.000000
12.341500	0.640	432,499.000000
12.352167	0.640	438,457.000000
12.362833	0.640	441,131.000000
12.373500	0.640	439,558.000000
12.384167	0.640	437,230.000000
12.394833	0.640	438,700.000000
12.405500	0.640	444,121.000000
12.416167	0.640	448,202.000000
12.426833	0.640	446,692.000000
12.437500	0.640	443,685.000000
12.448167	0.640	445,582.000000
12.458833	0.640	450,313.000000
12.469500	0.640	453,143.000000
12.480167	0.640	455,527.000000
12.490833	0.640	458,765.000000
12.501500	0.640	459,608.000000
12.512167	0.640	456,959.000000
12.522833	0.640	454,029.000000
12.533500	0.640	454,111.000000
12.544167	0.640	457,026.000000
12.554833	0.640	460,085.000000
12.565500	0.640	463,579.000000
12.576167	0.640	468,528.000000
12.586833	0.640	471,277.000000
12.597500	0.640	470,136.000000
12.608167	0.640	469,640.000000
12.618833	0.640	472,496.000000
12.629500	0.640	476,373.000000
12.640167	0.640	479,038.000000
12.650833	0.640	480,405.000000
12.661500	0.640	481,191.000000
12.672167	0.640	481,192.000000
12.682833	0.640	478,443.000000
12.693500	0.640	473,417.000000
12.704167	0.640	471,393.000000
12.714833	0.640	474,913.000000
12.725500	0.640	478,827.000000
12.736167	0.640	478,282.000000
12.746833	0.640	476,643.000000
12.757500	0.640	479,192.000000
12.768167	0.640	483,937.000000
12.778833	0.640	487,479.000000
12.789500	0.640	490,035.000000
12.800167	0.640	490,455.000000
12.810833	0.640	489,949.000000
12.821500	0.640	491,860.000000
12.832167	0.640	493,605.000000
12.842833	0.640	491,278.000000
12.853500	0.640	485,507.000000
12.864167	0.640	481,194.000000
12.874833	0.640	483,691.000000
12.885500	0.640	489,179.000000
12.896167	0.640	489,159.000000
12.906833	0.640	485,596.000000
12.917500	0.640	486,032.000000
12.928167	0.640	490,651.000000
12.938833	0.640	493,392.000000
12.949500	0.640	491,159.000000
12.960167	0.640	490,260.000000
12.970833	0.640	495,337.000000
12.981500	0.640	497,862.000000
12.992167	0.640	493,304.000000
13.002833	0.640	490,609.000000
13.013500	0.640	492,762.000000
13.024167	0.640	493,411.000000
13.034833	0.640	491,336.000000
13.045500	0.640	491,792.000000
13.056167	0.640	497,112.000000
13.066833	0.640	501,006.000000
13.077500	0.640	498,371.000000
13.088167	0.640	494,310.000000
13.098833	0.640	493,603.000000
13.109500	0.640	493,545.000000
13.120167	0.640	491,965.000000
13.130833	0.640	490,605.000000
13.141500	0.640	489,550.000000
13.152167	0.640	487,320.000000
13.162833	0.640	484,027.000000
13.173500	0.640	480,868.000000
13.184167	0.640	479,171.000000
13.194833	0.640	477,108.000000
13.205500	0.640	471,898.000000
13.216167	0.640	466,661.000000
13.226833	0.640	466,913.000000
13.237500	0.640	472,117.000000
13.248167	0.640	476,140.000000
13.258833	0.640	477,199.000000
13.269500	0.640	479,354.000000
13.280167	0.640	481,453.000000
13.290833	0.640	479,345.000000
13.301500	0.640	476,619.000000
13.312167	0.640	477,541.000000
13.322833	0.640	478,271.000000
13.333500	0.640	475,295.000000
13.344167	0.640	470,788.000000
13.354833	0.640	465,432.000000
13.365500	0.640	458,694.000000
13.376167	0.640	454,540.000000
13.386833	0.640	455,889.000000
13.397500	0.640	459,695.000000
13.408167	0.640	460,398.000000
13.418833	0.640	455,602.000000
13.429500	0.640	451,358.000000
13.440167	0.640	454,465.000000
13.450833	0.640	462,281.000000
13.461500	0.640	468,143.000000
13.472167	0.640	467,286.000000
13.482833	0.640	458,866.000000
13.493500	0.640	450,304.000000
13.504167	0.640	450,322.000000
13.514833	0.640	454,568.000000
13.525500	0.640	452,961.000000
13.536167	0.640	448,175.000000
13.546833	0.640	448,589.000000
13.557500	0.640	452,621.000000
13.568167	0.640	456,258.000000
13.578833	0.640	461,077.000000
13.589500	0.640	465,953.000000
13.600167	0.640	468,621.000000
13.610833	0.640	475,430.000000
13.621500	0.640	493,906.000000
13.632167	0.640	520,795.000000
13.642833	0.640	550,002.000000
13.653500	0.640	583,815.000000
13.664167	0.640	626,716.000000
13.674833	0.640	680,177.000000
13.685500	0.640	746,362.000000
13.696167	0.640	826,846.000000
13.706833	0.640	916,933.000000
13.717500	0.640	1,006,376.000000
13.728167	0.640	1,088,474.000000
13.738833	0.640	1,161,236.000000
13.749500	0.640	1,220,130.000000
13.760167	0.640	1,257,596.000000
13.770833	0.640	1,265,777.000000
13.781500	0.640	1,239,028.000000
13.792167	0.640	1,177,578.000000
13.802833	0.640	1,089,031.000000
13.813500	0.640	986,073.000000
13.824167	0.640	879,496.000000
13.834833	0.640	775,275.000000
13.845500	0.640	680,398.000000
13.856167	0.640	603,153.000000
13.866833	0.640	545,791.000000
13.877500	0.640	502,618.000000
13.888167	0.640	467,345.000000
13.898833	0.640	440,076.000000
13.909500	0.640	423,554.000000
13.920167	0.640	416,474.000000
13.930833	0.640	413,022.000000
13.941500	0.640	407,581.000000
13.952167	0.640	400,646.000000
13.962833	0.640	396,004.000000
13.973500	0.640	392,801.000000
13.984167	0.640	387,461.000000
13.994833	0.640	380,915.000000
14.005500	0.640	377,932.000000
14.016167	0.640	380,261.000000
14.026833	0.640	384,168.000000
14.037500	0.640	384,545.000000
14.048167	0.640	380,604.000000
14.058833	0.640	377,386.000000
14.069500	0.640	378,139.000000
14.080167	0.640	378,034.000000
14.090833	0.640	372,416.000000
14.101500	0.640	365,471.000000
14.112167	0.640	364,112.000000
14.122833	0.640	368,602.000000
14.133500	0.640	372,828.000000
14.144233	0.644	372,188.000000
14.154833	0.636	368,039.000000
14.165500	0.640	364,007.000000
14.176167	0.640	360,492.000000
14.186833	0.640	354,835.000000
14.197500	0.640	349,072.000000
14.208167	0.640	349,094.000000
14.218833	0.640	353,225.000000
14.229500	0.640	354,778.000000
14.240167	0.640	352,327.000000
14.250833	0.640	348,981.000000
14.261500	0.640	347,270.000000
14.272167	0.640	346,594.000000
14.282833	0.640	345,237.000000
14.293500	0.640	342,715.000000
14.304167	0.640	339,060.000000
14.314833	0.640	335,427.000000
14.325500	0.640	331,602.000000
14.336167	0.640	325,961.000000
14.346833	0.640	322,586.000000
14.357500	0.640	325,520.000000
14.368167	0.640	328,932.000000
14.378833	0.640	326,752.000000
14.389500	0.640	322,142.000000
14.400167	0.640	320,609.000000
14.410833	0.640	322,004.000000
14.421500	0.640	321,633.000000
14.432167	0.640	316,924.000000
14.442833	0.640	309,999.000000
14.453500	0.640	303,021.000000
14.464167	0.640	296,959.000000
14.474833	0.640	294,663.000000
14.485500	0.640	298,290.000000
14.496167	0.640	304,276.000000
14.506833	0.640	305,428.000000
14.517500	0.640	300,137.000000
14.528167	0.640	293,717.000000
14.538833	0.640	288,931.000000
14.549500	0.640	285,557.000000
14.560167	0.640	283,778.000000
14.570833	0.640	280,995.000000
14.581500	0.640	275,777.000000
14.592167	0.640	271,215.000000
14.602833	0.640	269,454.000000
14.613500	0.640	270,682.000000
14.624167	0.640	272,761.000000
14.634833	0.640	271,660.000000
14.645500	0.640	266,930.000000
14.656167	0.640	261,125.000000
14.666833	0.640	257,169.000000
14.677500	0.640	255,367.000000
14.688167	0.640	252,753.000000
14.698833	0.640	249,829.000000
14.709500	0.640	247,343.000000
14.720167	0.640	242,904.000000
14.730833	0.640	237,598.000000
14.741500	0.640	234,249.000000
14.752167	0.640	233,121.000000
14.762833	0.640	232,479.000000
14.773500	0.640	229,715.000000
14.784167	0.640	224,747.000000
14.794833	0.640	221,208.000000
14.805500	0.640	220,703.000000
14.816167	0.640	220,214.000000
14.826833	0.640	218,577.000000
14.837500	0.640	215,857.000000
14.848167	0.640	208,871.000000
14.858833	0.640	199,400.000000
14.869500	0.640	194,631.000000
14.880167	0.640	195,391.000000
14.890833	0.640	196,886.000000
14.901500	0.640	194,395.000000
14.912167	0.640	186,778.000000
14.922833	0.640	179,315.000000
14.933500	0.640	175,731.000000
14.944167	0.640	174,668.000000
14.954833	0.640	176,664.000000
14.965500	0.640	180,338.000000
14.976167	0.640	178,565.000000
14.986833	0.640	169,908.000000
14.997500	0.640	162,586.000000
15.008167	0.640	161,711.000000
15.018833	0.640	163,494.000000
15.029500	0.640	163,025.000000
15.040167	0.640	159,483.000000
15.050833	0.640	155,270.000000
15.061500	0.640	151,431.000000
15.072167	0.640	144,622.000000
15.082833	0.640	134,687.000000
15.093500	0.640	127,955.000000
15.104167	0.640	126,335.000000
15.114833	0.640	125,257.000000
15.125500	0.640	123,334.000000
15.136167	0.640	121,686.000000
15.146833	0.640	119,290.000000
15.157500	0.640	117,041.000000
15.168167	0.640	117,549.000000
15.178833	0.640	118,660.000000
15.189500	0.640	116,498.000000
15.200167	0.640	112,614.000000
15.210833	0.640	109,480.000000
15.221500	0.640	105,550.000000
15.232167	0.640	99,969.000000
15.242833	0.640	94,651.000000
15.253500	0.640	91,633.000000
15.264167	0.640	91,093.000000
15.274833	0.640	90,553.000000
15.285500	0.640	89,228.000000
15.296167	0.640	90,497.000000
15.306833	0.640	94,206.000000
15.317500	0.640	94,318.000000
15.328167	0.640	88,397.000000
15.338833	0.640	82,946.000000
15.349500	0.640	86,601.000000
15.360167	0.640	98,169.000000
15.370833	0.640	106,225.000000
15.381500	0.640	104,386.000000
15.392167	0.640	100,201.000000
15.402833	0.640	101,904.000000
15.413500	0.640	105,768.000000
15.424167	0.640	106,070.000000
15.434833	0.640	104,133.000000
15.445500	0.640	101,216.000000
15.456167	0.640	95,493.000000
15.466833	0.640	87,711.000000
15.477500	0.640	81,780.000000
15.488167	0.640	79,924.000000
15.498833	0.640	81,227.000000
15.509500	0.640	81,104.000000
15.520167	0.640	74,445.000000
15.530833	0.640	64,275.000000
15.541500	0.640	55,503.000000
15.552167	0.640	45,732.000000
15.562833	0.640	34,556.000000
15.573500	0.640	27,465.000000
15.584167	0.640	27,908.000000
15.594833	0.640	35,296.000000
15.605500	0.640	46,867.000000
15.616167	0.640	58,006.000000
15.626833	0.640	65,505.000000
15.637500	0.640	73,267.000000
15.648167	0.640	89,686.000000
15.658833	0.640	115,670.000000
15.669567	0.644	143,610.000000
15.680167	0.636	170,109.000000
15.690833	0.640	196,461.000000
15.701500	0.640	220,887.000000
15.712167	0.640	238,502.000000
15.722833	0.640	241,588.000000
15.733500	0.640	228,303.000000
15.744167	0.640	208,586.000000
15.754833	0.640	188,792.000000
15.765500	0.640	167,419.000000
15.776167	0.640	142,664.000000
15.786833	0.640	110,929.000000
15.797500	0.640	75,032.000000
15.808167	0.640	48,542.000000
15.818833	0.640	38,467.000000
15.829500	0.640	36,995.000000
15.840167	0.640	32,724.000000
15.850833	0.640	23,950.000000
15.861500	0.640	18,277.000000
15.872167	0.640	19,295.000000
15.882833	0.640	23,718.000000
15.893500	0.640	27,452.000000
15.904167	0.640	26,453.000000
15.914833	0.640	21,242.000000
15.925500	0.640	17,326.000000
15.936167	0.640	16,398.000000
15.946833	0.640	17,902.000000
15.957500	0.640	22,195.000000
15.968167	0.640	25,481.000000
15.978833	0.640	23,437.000000
15.989500	0.640	18,530.000000
16.000167	0.640	17,055.000000
16.010833	0.640	19,435.000000
16.021500	0.640	18,614.000000
16.032167	0.640	13,404.000000
16.042833	0.640	11,087.000000
16.053500	0.640	13,663.000000
16.064167	0.640	17,415.000000
16.074833	0.640	19,896.000000
16.085500	0.640	20,304.000000
16.096167	0.640	19,066.000000
16.106833	0.640	15,556.000000
16.117500	0.640	11,859.000000
16.128167	0.640	14,150.000000
16.138833	0.640	19,379.000000
16.149500	0.640	18,642.000000
16.160167	0.640	15,904.000000
16.170833	0.640	18,462.000000
16.181500	0.640	21,098.000000
16.192167	0.640	18,646.000000
16.202833	0.640	14,846.000000
16.213500	0.640	13,471.000000
16.224167	0.640	14,218.000000
16.234833	0.640	15,037.000000
16.245500	0.640	14,216.000000
16.256167	0.640	12,539.000000
16.266833	0.640	13,302.000000
16.277500	0.640	15,959.000000
16.288167	0.640	15,603.000000
16.298833	0.640	12,764.000000
16.309500	0.640	11,474.000000
16.320167	0.640	10,783.000000
16.330833	0.640	9,296.000000
16.341500	0.640	9,578.000000
16.352167	0.640	12,151.000000
16.362833	0.640	13,435.000000
16.373500	0.640	11,787.000000
16.384167	0.640	9,782.000000
16.394833	0.640	11,106.000000
16.405500	0.640	15,098.000000
16.416167	0.640	16,224.000000
16.426833	0.640	12,629.000000
16.437500	0.640	8,149.000000
16.448167	0.640	7,126.000000
16.458833	0.640	11,585.000000
16.469500	0.640	18,182.000000
16.480167	0.640	20,931.000000
16.490833	0.640	18,362.000000
16.501500	0.640	13,619.000000
16.512167	0.640	10,692.000000
16.522833	0.640	11,141.000000
16.533500	0.640	12,970.000000
16.544167	0.640	14,578.000000
16.554833	0.640	16,462.000000
16.565500	0.640	19,295.000000
16.576167	0.640	23,808.000000
16.586833	0.640	27,390.000000
16.597500	0.640	24,947.000000
16.608167	0.640	18,732.000000
16.618833	0.640	15,718.000000
16.629500	0.640	15,830.000000
16.640167	0.640	14,145.000000
16.650833	0.640	10,287.000000
16.661500	0.640	9,561.000000
16.672167	0.640	15,513.000000
16.682833	0.640	22,671.000000
16.693500	0.640	22,019.000000
16.704167	0.640	13,929.000000
16.714833	0.640	7,673.000000
16.725500	0.640	7,139.000000
16.736167	0.640	8,051.000000
16.746833	0.640	8,314.000000
16.757500	0.640	6,554.000000
16.768167	0.640	2,189.000000
16.778833	0.640	1,470.000000
16.789500	0.640	5,972.000000
16.800167	0.640	9,163.000000
16.810833	0.640	11,393.000000
16.821500	0.640	17,455.000000
16.832167	0.640	22,458.000000
16.842833	0.640	18,369.000000
16.853500	0.640	9,922.000000
16.864167	0.640	7,813.000000
16.874833	0.640	12,064.000000
16.885500	0.640	15,325.000000
16.896167	0.640	14,858.000000
16.906833	0.640	13,286.000000
16.917500	0.640	13,510.000000
16.928167	0.640	15,163.000000
16.938833	0.640	16,000.000000
16.949500	0.640	17,575.000000
16.960167	0.640	21,900.000000
16.970833	0.640	23,849.000000
16.981500	0.640	18,390.000000
16.992167	0.640	10,363.000000
17.002833	0.640	8,045.000000
17.013500	0.640	11,156.000000
17.024167	0.640	12,748.000000
17.034833	0.640	11,497.000000
17.045500	0.640	11,010.000000
17.056167	0.640	10,942.000000
17.066833	0.640	11,308.000000
17.077500	0.640	14,812.000000
17.088167	0.640	19,079.000000
17.098833	0.640	20,626.000000
17.109500	0.640	20,472.000000
17.120167	0.640	19,034.000000
17.130833	0.640	18,864.000000
17.141500	0.640	24,390.000000
17.152167	0.640	31,156.000000
17.162833	0.640	31,783.000000
17.173500	0.640	27,658.000000
17.184167	0.640	24,185.000000
17.194833	0.640	25,208.000000
17.205500	0.640	31,210.000000
17.216167	0.640	37,448.000000
17.226833	0.640	38,921.000000
17.237500	0.640	36,150.000000
17.248167	0.640	34,040.000000
17.258833	0.640	35,848.000000
17.269500	0.640	39,048.000000
17.280167	0.640	40,136.000000
17.290833	0.640	40,574.000000
17.301500	0.640	41,585.000000
17.312167	0.640	40,399.000000
17.322833	0.640	38,312.000000
17.333500	0.640	41,812.000000
17.344167	0.640	52,086.000000
17.354833	0.640	60,068.000000
17.365500	0.640	57,880.000000
17.376167	0.640	52,158.000000
17.386833	0.640	51,272.000000
17.397500	0.640	50,192.000000
17.408167	0.640	45,398.000000
17.418833	0.640	44,323.000000
17.429500	0.640	49,095.000000
17.440167	0.640	51,258.000000
17.450833	0.640	47,308.000000
17.461500	0.640	44,790.000000
17.472167	0.640	49,186.000000
17.482833	0.640	53,924.000000
17.493500	0.640	50,657.000000
17.504167	0.640	43,572.000000
17.514833	0.640	41,270.000000
17.525500	0.640	42,856.000000
17.536167	0.640	45,483.000000
17.546833	0.640	50,292.000000
17.557500	0.640	53,262.000000
17.568167	0.640	49,352.000000
17.578833	0.640	44,206.000000
17.589500	0.640	44,960.000000
17.600167	0.640	47,376.000000
17.610833	0.640	44,862.000000
17.621500	0.640	41,180.000000
17.632167	0.640	41,904.000000
17.642833	0.640	42,990.000000
17.653500	0.640	41,179.000000
17.664167	0.640	42,104.000000
17.674833	0.640	48,113.000000
17.685500	0.640	53,981.000000
17.696167	0.640	56,171.000000
17.706833	0.640	53,864.000000
17.717500	0.640	47,803.000000
17.728167	0.640	43,042.000000
17.738833	0.640	42,937.000000
17.749500	0.640	45,062.000000
17.760167	0.640	47,718.000000
17.770833	0.640	50,847.000000
17.781500	0.640	54,500.000000
17.792167	0.640	59,533.000000
17.802833	0.640	63,303.000000
17.813500	0.640	60,824.000000
17.824167	0.640	52,841.000000
17.834833	0.640	45,873.000000
17.845500	0.640	44,846.000000
17.856167	0.640	48,300.000000
17.866833	0.640	50,415.000000
17.877500	0.640	47,906.000000
17.888167	0.640	43,047.000000
17.898833	0.640	40,637.000000
17.909500	0.640	42,024.000000
17.920167	0.640	42,668.000000
17.930833	0.640	41,070.000000
17.941500	0.640	41,450.000000
17.952167	0.640	43,963.000000
17.962833	0.640	45,122.000000
17.973500	0.640	45,486.000000
17.984167	0.640	48,268.000000
17.994833	0.640	52,678.000000
18.005500	0.640	54,984.000000
18.016167	0.640	56,305.000000
18.026833	0.640	59,269.000000
18.037567	0.644	60,165.000000
18.048167	0.636	55,597.000000
18.058833	0.640	48,881.000000
18.069500	0.640	45,055.000000
18.080167	0.640	43,184.000000
18.090833	0.640	38,136.000000
18.101500	0.640	31,673.000000
18.112167	0.640	28,683.000000
18.122833	0.640	28,127.000000
18.133500	0.640	28,570.000000
18.144167	0.640	30,213.000000
18.154833	0.640	31,621.000000
18.165500	0.640	31,198.000000
18.176167	0.640	29,338.000000
18.186833	0.640	27,590.000000
18.197500	0.640	27,255.000000
18.208167	0.640	30,599.000000
18.218833	0.640	37,894.000000
18.229500	0.640	44,867.000000
18.240167	0.640	49,903.000000
18.250833	0.640	56,923.000000
18.261500	0.640	69,553.000000
18.272167	0.640	88,928.000000
18.282833	0.640	113,642.000000
18.293500	0.640	141,166.000000
18.304167	0.640	172,991.000000
18.314833	0.640	213,988.000000
18.325500	0.640	264,758.000000
18.336167	0.640	316,990.000000
18.346833	0.640	356,636.000000
18.357500	0.640	373,628.000000
18.368167	0.640	369,398.000000
18.378833	0.640	351,375.000000
18.389500	0.640	321,035.000000
18.400167	0.640	275,803.000000
18.410833	0.640	221,573.000000
18.421500	0.640	171,762.000000
18.432167	0.640	135,625.000000
18.442833	0.640	113,335.000000
18.453500	0.640	97,652.000000
18.464167	0.640	82,226.000000
18.474833	0.640	68,641.000000
18.485500	0.640	59,688.000000
18.496167	0.640	53,665.000000
18.506833	0.640	49,088.000000
18.517500	0.640	47,854.000000
18.528167	0.640	50,794.000000
18.538833	0.640	53,520.000000
18.549500	0.640	53,173.000000
18.560167	0.640	52,623.000000
18.570833	0.640	52,731.000000
18.581500	0.640	52,129.000000
18.592167	0.640	51,532.000000
18.602833	0.640	48,484.000000
18.613500	0.640	41,045.000000
18.624167	0.640	36,074.000000
18.634833	0.640	36,698.000000
18.645500	0.640	36,682.000000
18.656167	0.640	34,854.000000
18.666833	0.640	34,512.000000
18.677500	0.640	35,936.000000
18.688167	0.640	38,498.000000
18.698833	0.640	40,373.000000
18.709500	0.640	40,392.000000
18.720167	0.640	39,872.000000
18.730833	0.640	39,303.000000
18.741500	0.640	39,075.000000
18.752167	0.640	39,242.000000
18.762833	0.640	37,075.000000
18.773500	0.640	31,263.000000
18.784167	0.640	26,936.000000
18.794833	0.640	28,889.000000
18.805500	0.640	31,696.000000
18.816167	0.640	29,777.000000
18.826833	0.640	27,638.000000
18.837500	0.640	28,599.000000
18.848167	0.640	29,915.000000
18.858833	0.640	28,621.000000
18.869500	0.640	24,512.000000
18.880167	0.640	22,696.000000
18.890833	0.640	28,175.000000
18.901500	0.640	36,444.000000
18.912167	0.640	38,170.000000
18.922833	0.640	32,799.000000
18.933500	0.640	27,231.000000
18.944167	0.640	24,555.000000
18.954833	0.640	24,508.000000
18.965500	0.640	25,809.000000
18.976167	0.640	25,424.000000
18.986833	0.640	23,653.000000
18.997500	0.640	22,646.000000
19.008167	0.640	22,324.000000
19.018833	0.640	23,911.000000
19.029500	0.640	26,450.000000
19.040167	0.640	26,057.000000
19.050833	0.640	23,637.000000
19.061500	0.640	21,984.000000
19.072167	0.640	21,729.000000
19.082833	0.640	23,527.000000
19.093500	0.640	26,791.000000
19.104167	0.640	29,143.000000
19.114833	0.640	28,752.000000
19.125500	0.640	24,408.000000
19.136167	0.640	18,414.000000
19.146833	0.640	17,349.000000
19.157500	0.640	22,317.000000
19.168167	0.640	26,505.000000
19.178833	0.640	25,591.000000
19.189500	0.640	21,753.000000
19.200167	0.640	17,266.000000
19.210833	0.640	13,472.000000
19.221500	0.640	14,235.000000
19.232167	0.640	19,361.000000
19.242833	0.640	23,446.000000
19.253500	0.640	24,545.000000
19.264167	0.640	22,975.000000
19.274833	0.640	21,009.000000
19.285500	0.640	22,824.000000
19.296167	0.640	26,059.000000
19.306833	0.640	25,366.000000
19.317500	0.640	20,480.000000
19.328167	0.640	14,490.000000
19.338833	0.640	11,934.000000
19.349500	0.640	14,031.000000
19.360167	0.640	16,894.000000
19.370833	0.640	18,078.000000
19.381500	0.640	17,740.000000
19.392167	0.640	16,835.000000
19.402833	0.640	16,824.000000
19.413500	0.640	16,795.000000
19.424167	0.640	13,609.000000
19.434833	0.640	8,077.000000
19.445500	0.640	6,533.000000
19.456167	0.640	10,280.000000
19.466833	0.640	13,095.000000
19.477500	0.640	13,500.000000
19.488167	0.640	14,095.000000
19.498833	0.640	13,685.000000
19.509500	0.640	12,088.000000
19.520167	0.640	11,937.000000
19.530833	0.640	12,939.000000
19.541500	0.640	13,854.000000
19.552167	0.640	15,911.000000
19.562833	0.640	18,247.000000
19.573500	0.640	18,647.000000
19.584167	0.640	18,858.000000
19.594833	0.640	20,599.000000
19.605500	0.640	22,120.000000
19.616167	0.640	20,326.000000
19.626833	0.640	13,379.000000
19.637500	0.640	6,475.000000
19.648167	0.640	8,184.000000
19.658833	0.640	16,257.000000
19.669500	0.640	20,180.000000
19.680167	0.640	16,081.000000
19.690833	0.640	9,445.000000
19.701500	0.640	8,468.000000
19.712167	0.640	13,617.000000
19.722833	0.640	16,346.000000
19.733500	0.640	14,281.000000
19.744167	0.640	12,536.000000
19.754833	0.640	11,733.000000
19.765500	0.640	10,421.000000
19.776167	0.640	9,403.000000
19.786833	0.640	9,057.000000
19.797500	0.640	9,626.000000
19.808167	0.640	10,202.000000
19.818833	0.640	9,706.000000
19.829500	0.640	9,865.000000
19.840167	0.640	10,049.000000
19.850833	0.640	8,864.000000
19.861500	0.640	10,340.000000
19.872167	0.640	15,632.000000
19.882833	0.640	19,961.000000
19.893500	0.640	20,745.000000
19.904167	0.640	18,475.000000
19.914833	0.640	15,350.000000
19.925500	0.640	15,346.000000
19.936167	0.640	19,500.000000
19.946833	0.640	23,332.000000
19.957500	0.640	23,456.000000
19.968167	0.640	20,877.000000
19.978833	0.640	16,392.000000
19.989500	0.640	11,004.000000
20.000167	0.640	7,532.000000
20.010833	0.640	6,819.000000
20.021500	0.640	6,787.000000
20.032167	0.640	5,318.000000
20.042833	0.640	3,978.000000
20.053500	0.640	7,172.000000
20.064167	0.640	13,619.000000
20.074833	0.640	17,217.000000
20.085500	0.640	17,174.000000
20.096167	0.640	16,635.000000
20.106833	0.640	15,578.000000
20.117500	0.640	11,509.000000
20.128167	0.640	5,139.000000
20.138833	0.640	2,715.000000
20.149500	0.640	7,174.000000
20.160167	0.640	11,841.000000
20.170833	0.640	11,028.000000
20.181500	0.640	8,199.000000
20.192167	0.640	9,746.000000
20.202833	0.640	14,769.000000
20.213500	0.640	15,285.000000
20.224167	0.640	10,440.000000
20.234833	0.640	7,741.000000
20.245500	0.640	8,667.000000
20.256167	0.640	9,132.000000
20.266833	0.640	7,060.000000
20.277500	0.640	2,485.000000
20.288167	0.640	-836.000000
20.298833	0.640	1,901.000000
20.309500	0.640	7,070.000000
20.320167	0.640	6,265.000000
20.330833	0.640	1,030.000000
20.341500	0.640	-82.000000
20.352167	0.640	3,605.000000
20.362833	0.640	6,828.000000
20.373500	0.640	9,050.000000
20.384167	0.640	13,459.000000
20.394833	0.640	20,201.000000
20.405500	0.640	25,084.000000
20.416167	0.640	25,240.000000
20.426833	0.640	25,002.000000
20.437500	0.640	30,557.000000
20.448167	0.640	40,054.000000
20.458833	0.640	48,386.000000
20.469500	0.640	58,498.000000
20.480167	0.640	76,669.000000
20.490833	0.640	102,776.000000
20.501500	0.640	135,077.000000
20.512167	0.640	174,831.000000
20.522833	0.640	222,249.000000
20.533500	0.640	278,244.000000
20.544167	0.640	348,529.000000
20.554833	0.640	438,208.000000
20.565500	0.640	548,476.000000
20.576167	0.640	684,940.000000
20.586833	0.640	858,759.000000
20.597500	0.640	1,076,320.000000
20.608167	0.640	1,341,126.000000
20.618833	0.640	1,666,729.000000
20.629500	0.640	2,077,215.000000
20.640167	0.640	2,601,436.000000
20.650833	0.640	3,277,138.000000
20.661500	0.640	4,150,671.000000
20.672167	0.640	5,268,676.000000
20.682833	0.640	6,678,815.000000
20.693500	0.640	8,422,745.000000
20.704167	0.640	10,503,529.000000
20.714833	0.640	12,856,301.000000
20.725500	0.640	15,348,175.000000
20.736167	0.640	17,808,946.000000
20.746833	0.640	20,055,509.000000
20.757500	0.640	21,882,019.000000
20.768167	0.640	23,070,565.000000
20.778833	0.640	23,458,661.000000
20.789500	0.640	23,017,774.000000
20.800167	0.640	21,838,799.000000
20.810833	0.640	20,048,650.000000
20.821500	0.640	17,826,459.000000
20.832167	0.640	15,434,686.000000
20.842833	0.640	13,119,611.000000
20.853500	0.640	11,022,172.000000
20.864167	0.640	9,199,062.000000
20.874833	0.640	7,674,890.000000
20.885500	0.640	6,456,928.000000
20.896167	0.640	5,520,626.000000
20.906833	0.640	4,816,376.000000
20.917500	0.640	4,297,677.000000
20.928167	0.640	3,921,145.000000
20.938833	0.640	3,639,913.000000
20.949500	0.640	3,422,722.000000
20.960167	0.640	3,254,225.000000
20.970833	0.640	3,119,032.000000
20.981500	0.640	3,005,177.000000
20.992167	0.640	2,906,899.000000
21.002833	0.640	2,818,090.000000
21.013500	0.640	2,733,886.000000
21.024167	0.640	2,654,072.000000
21.034833	0.640	2,580,648.000000
21.045500	0.640	2,517,977.000000
21.056167	0.640	2,467,849.000000
21.066833	0.640	2,421,437.000000
21.077500	0.640	2,367,805.000000
21.088167	0.640	2,309,670.000000
21.098833	0.640	2,261,002.000000
21.109500	0.640	2,225,418.000000
21.120167	0.640	2,187,454.000000
21.130833	0.640	2,136,100.000000
21.141500	0.640	2,082,164.000000
21.152167	0.640	2,037,492.000000
21.162833	0.640	1,999,973.000000
21.173500	0.640	1,966,824.000000
21.184167	0.640	1,936,772.000000
21.194833	0.640	1,905,952.000000
21.205500	0.640	1,871,998.000000
21.216167	0.640	1,834,238.000000
21.226833	0.640	1,797,153.000000
21.237500	0.640	1,766,312.000000
21.248167	0.640	1,737,533.000000
21.258833	0.640	1,705,853.000000
21.269500	0.640	1,675,760.000000
21.280167	0.640	1,651,298.000000
21.290833	0.640	1,627,741.000000
21.301500	0.640	1,600,424.000000
21.312167	0.640	1,572,989.000000
21.322833	0.640	1,551,727.000000
21.333500	0.640	1,536,959.000000
21.344167	0.640	1,522,598.000000
21.354833	0.640	1,504,552.000000
21.365500	0.640	1,484,289.000000
21.376167	0.640	1,462,225.000000
21.386833	0.640	1,439,390.000000
21.397500	0.640	1,421,713.000000
21.408167	0.640	1,410,499.000000
21.418833	0.640	1,400,358.000000
21.429500	0.640	1,390,824.000000
21.440167	0.640	1,385,243.000000
21.450833	0.640	1,379,765.000000
21.461500	0.640	1,368,536.000000
21.472167	0.640	1,354,905.000000
21.482833	0.640	1,344,379.000000
21.493500	0.640	1,334,728.000000
21.504167	0.640	1,320,726.000000
21.514833	0.640	1,305,824.000000
21.525500	0.640	1,299,626.000000
21.536167	0.640	1,299,462.000000
21.546833	0.640	1,293,768.000000
21.557500	0.640	1,280,846.000000
21.568167	0.640	1,265,203.000000
21.578833	0.640	1,248,643.000000
21.589500	0.640	1,232,446.000000
21.600167	0.640	1,218,374.000000
21.610833	0.640	1,205,305.000000
21.621500	0.640	1,189,281.000000
21.632167	0.640	1,170,270.000000
21.642833	0.640	1,150,825.000000
21.653500	0.640	1,130,874.000000
21.664167	0.640	1,112,274.000000
21.674833	0.640	1,096,275.000000
21.685500	0.640	1,079,356.000000
21.696167	0.640	1,062,267.000000
21.706833	0.640	1,046,345.000000
21.717500	0.640	1,025,038.000000
21.728167	0.640	999,829.000000
21.738833	0.640	983,113.000000
21.749500	0.640	975,690.000000
21.760167	0.640	967,221.000000
21.770833	0.640	953,913.000000
21.781500	0.640	939,125.000000
21.792167	0.640	924,956.000000
21.802833	0.640	913,092.000000
21.813500	0.640	907,011.000000
21.824167	0.640	905,070.000000
21.834833	0.640	898,924.000000
21.845500	0.640	884,716.000000
21.856167	0.640	870,182.000000
21.866833	0.640	862,153.000000
21.877500	0.640	855,418.000000
21.888167	0.640	845,499.000000
21.898833	0.640	836,995.000000
21.909500	0.640	832,897.000000
21.920167	0.640	828,758.000000
21.930833	0.640	820,983.000000
21.941500	0.640	812,513.000000
21.952167	0.640	804,823.000000
21.962833	0.640	795,774.000000
21.973500	0.640	787,320.000000
21.984167	0.640	783,286.000000
21.994833	0.640	783,743.000000
22.005500	0.640	784,425.000000
22.016167	0.640	777,960.000000
22.026833	0.640	761,770.000000
22.037500	0.640	745,499.000000
22.048167	0.640	740,946.000000
22.058833	0.640	743,646.000000
22.069500	0.640	739,422.000000
22.080167	0.640	727,705.000000
22.090833	0.640	719,493.000000
22.101500	0.640	718,709.000000
22.112167	0.640	719,847.000000
22.122833	0.640	717,322.000000
22.133500	0.640	711,089.000000
22.144167	0.640	705,275.000000
22.154833	0.640	701,475.000000
22.165500	0.640	696,626.000000
22.176167	0.640	688,228.000000
22.186833	0.640	677,242.000000
22.197500	0.640	668,495.000000
22.208167	0.640	665,067.000000
22.218833	0.640	662,269.000000
22.229500	0.640	657,371.000000
22.240167	0.640	653,185.000000
22.250833	0.640	649,639.000000
22.261500	0.640	646,970.000000
22.272167	0.640	646,182.000000
22.282833	0.640	644,249.000000
22.293500	0.640	638,946.000000
22.304167	0.640	630,802.000000
22.314833	0.640	621,505.000000
22.325500	0.640	614,847.000000
22.336167	0.640	612,660.000000
22.346833	0.640	611,316.000000
22.357500	0.640	606,619.000000
22.368167	0.640	600,221.000000
22.378833	0.640	597,077.000000
22.389500	0.640	596,224.000000
22.400167	0.640	592,765.000000
22.410833	0.640	587,486.000000
22.421500	0.640	583,402.000000
22.432167	0.640	579,945.000000
22.442833	0.640	576,807.000000
22.453500	0.640	574,886.000000
22.464167	0.640	575,998.000000
22.474833	0.640	582,130.000000
22.485500	0.640	586,993.000000
22.496167	0.640	580,707.000000
22.506833	0.640	568,010.000000
22.517500	0.640	562,786.000000
22.528167	0.640	567,243.000000
22.538833	0.640	571,295.000000
22.549500	0.640	565,980.000000
22.560167	0.640	553,649.000000
22.570833	0.640	546,096.000000
22.581500	0.640	547,623.000000
22.592167	0.640	549,374.000000
22.602833	0.640	545,050.000000
22.613500	0.640	538,498.000000
22.624167	0.640	535,676.000000
22.634833	0.640	536,029.000000
22.645500	0.640	534,773.000000
22.656167	0.640	533,496.000000
22.666833	0.640	536,878.000000
22.677500	0.640	540,420.000000
22.688167	0.640	536,707.000000
22.698833	0.640	528,593.000000
22.709500	0.640	523,045.000000
22.720167	0.640	519,797.000000
22.730833	0.640	517,106.000000
22.741500	0.640	517,619.000000
22.752167	0.640	520,676.000000
22.762833	0.640	522,048.000000
22.773500	0.640	523,477.000000
22.784167	0.640	528,048.000000
22.794833	0.640	531,083.000000
22.805500	0.640	529,543.000000
22.816167	0.640	528,476.000000
22.826833	0.640	529,509.000000
22.837500	0.640	529,400.000000
22.848167	0.640	528,325.000000
22.858833	0.640	526,747.000000
22.869500	0.640	525,247.000000
22.880167	0.640	526,875.000000
22.890833	0.640	529,634.000000
22.901500	0.640	528,708.000000
22.912167	0.640	527,070.000000
22.922833	0.640	531,694.000000
22.933500	0.640	542,185.000000
22.944167	0.640	549,127.000000
22.954833	0.640	545,949.000000
22.965500	0.640	539,436.000000
22.976167	0.640	538,915.000000
22.986833	0.640	543,128.000000
22.997500	0.640	548,162.000000
23.008167	0.640	553,811.000000
23.018833	0.640	558,484.000000
23.029500	0.640	561,310.000000
23.040167	0.640	563,044.000000
23.050833	0.640	560,332.000000
23.061500	0.640	553,471.000000
23.072167	0.640	552,809.000000
23.082833	0.640	561,631.000000
23.093500	0.640	569,938.000000
23.104167	0.640	573,100.000000
23.114833	0.640	573,505.000000
23.125500	0.640	571,701.000000
23.136167	0.640	569,641.000000
23.146833	0.640	568,097.000000
23.157500	0.640	569,458.000000
23.168167	0.640	579,561.000000
23.178833	0.640	591,847.000000
23.189500	0.640	593,641.000000
23.200167	0.640	588,079.000000
23.210833	0.640	586,400.000000
23.221500	0.640	589,284.000000
23.232167	0.640	591,876.000000
23.242833	0.640	594,502.000000
23.253500	0.640	596,900.000000
23.264167	0.640	597,146.000000
23.274833	0.640	597,386.000000
23.285500	0.640	598,532.000000
23.296167	0.640	598,995.000000
23.306833	0.640	600,682.000000
23.317500	0.640	605,803.000000
23.328167	0.640	611,385.000000
23.338833	0.640	614,003.000000
23.349500	0.640	615,714.000000
23.360167	0.640	619,183.000000
23.370833	0.640	622,806.000000
23.381500	0.640	624,091.000000
23.392167	0.640	622,626.000000
23.402833	0.640	620,845.000000
23.413500	0.640	621,148.000000
23.424167	0.640	623,629.000000
23.434833	0.640	630,065.000000
23.445500	0.640	639,471.000000
23.456167	0.640	644,197.000000
23.466833	0.640	643,532.000000
23.477500	0.640	646,358.000000
23.488167	0.640	654,514.000000
23.498833	0.640	660,327.000000
23.509500	0.640	660,716.000000
23.520167	0.640	661,882.000000
23.530833	0.640	668,530.000000
23.541500	0.640	675,379.000000
23.552167	0.640	675,779.000000
23.562833	0.640	673,067.000000
23.573500	0.640	674,045.000000
23.584167	0.640	677,347.000000
23.594833	0.640	677,935.000000
23.605500	0.640	678,503.000000
23.616167	0.640	684,989.000000
23.626833	0.640	692,538.000000
23.637500	0.640	691,926.000000
23.648167	0.640	686,849.000000
23.658833	0.640	686,640.000000
23.669500	0.640	691,554.000000
23.680167	0.640	696,896.000000
23.690833	0.640	699,612.000000
23.701500	0.640	699,510.000000
23.712167	0.640	699,212.000000
23.722833	0.640	701,120.000000
23.733500	0.640	705,867.000000
23.744167	0.640	710,225.000000
23.754833	0.640	709,217.000000
23.765500	0.640	706,085.000000
23.776167	0.640	705,911.000000
23.786833	0.640	705,272.000000
23.797500	0.640	704,201.000000
23.808167	0.640	708,168.000000
23.818833	0.640	714,728.000000
23.829500	0.640	718,260.000000
23.840167	0.640	720,474.000000
23.850833	0.640	724,601.000000
23.861500	0.640	728,690.000000
23.872167	0.640	730,860.000000
23.882833	0.640	732,105.000000
23.893500	0.640	732,867.000000
23.904167	0.640	734,620.000000
23.914833	0.640	739,435.000000
23.925500	0.640	745,249.000000
23.936167	0.640	747,930.000000
23.946833	0.640	746,588.000000
23.957500	0.640	745,367.000000
23.968167	0.640	749,597.000000
23.978833	0.640	759,211.000000
23.989500	0.640	768,034.000000
24.000167	0.640	772,201.000000
24.010833	0.640	775,841.000000
24.021500	0.640	781,777.000000
24.032167	0.640	786,138.000000
24.042833	0.640	786,821.000000
24.053500	0.640	786,333.000000
24.064167	0.640	789,556.000000
24.074833	0.640	799,219.000000
24.085500	0.640	807,445.000000
24.096167	0.640	803,429.000000
24.106833	0.640	793,390.000000
24.117500	0.640	794,924.000000
24.128167	0.640	807,279.000000
24.138833	0.640	811,440.000000
24.149500	0.640	804,583.000000
24.160167	0.640	802,788.000000
24.170833	0.640	811,932.000000
24.181500	0.640	825,232.000000
24.192167	0.640	836,654.000000
24.202833	0.640	842,821.000000
24.213500	0.640	844,681.000000
24.224167	0.640	845,720.000000
24.234833	0.640	845,941.000000
24.245500	0.640	845,841.000000
24.256167	0.640	850,871.000000
24.266833	0.640	862,275.000000
24.277500	0.640	871,887.000000
24.288167	0.640	875,556.000000
24.298833	0.640	879,295.000000
24.309500	0.640	885,300.000000
24.320167	0.640	889,322.000000
24.330833	0.640	890,772.000000
24.341500	0.640	891,324.000000
24.352167	0.640	892,743.000000
24.362833	0.640	896,528.000000
24.373500	0.640	901,013.000000
24.384167	0.640	905,103.000000
24.394833	0.640	907,706.000000
24.405500	0.640	906,863.000000
24.416167	0.640	906,445.000000
24.426833	0.640	909,757.000000
24.437500	0.640	912,803.000000
24.448167	0.640	916,198.000000
24.458833	0.640	924,694.000000
24.469500	0.640	932,473.000000
24.480167	0.640	932,938.000000
24.490833	0.640	935,207.000000
24.501500	0.640	949,864.000000
24.512167	0.640	969,534.000000
24.522833	0.640	978,954.000000
24.533500	0.640	976,568.000000
24.544167	0.640	973,267.000000
24.554833	0.640	975,941.000000
24.565500	0.640	982,228.000000
24.576167	0.640	987,724.000000
24.586833	0.640	991,759.000000
24.597500	0.640	994,219.000000
24.608167	0.640	994,782.000000
24.618833	0.640	996,836.000000
24.629500	0.640	1,002,310.000000
24.640167	0.640	1,006,634.000000
24.650833	0.640	1,005,463.000000
24.661500	0.640	999,239.000000
24.672167	0.640	992,211.000000
24.682833	0.640	990,936.000000
24.693500	0.640	996,272.000000
24.704167	0.640	1,001,783.000000
24.714833	0.640	1,004,643.000000
24.725500	0.640	1,007,826.000000
24.736167	0.640	1,010,759.000000
24.746833	0.640	1,008,027.000000
24.757500	0.640	1,002,440.000000
24.768167	0.640	1,005,620.000000
24.778833	0.640	1,018,870.000000
24.789500	0.640	1,029,574.000000
24.800167	0.640	1,030,663.000000
24.810833	0.640	1,029,398.000000
24.821500	0.640	1,032,453.000000
24.832167	0.640	1,037,468.000000
24.842833	0.640	1,042,520.000000
24.853500	0.640	1,049,535.000000
24.864167	0.640	1,055,803.000000
24.874833	0.640	1,056,875.000000
24.885500	0.640	1,058,495.000000
24.896167	0.640	1,066,800.000000
24.906833	0.640	1,076,567.000000
24.917500	0.640	1,083,871.000000
24.928167	0.640	1,092,831.000000
24.938833	0.640	1,102,984.000000
24.949500	0.640	1,106,856.000000
24.960167	0.640	1,103,797.000000
24.970833	0.640	1,101,533.000000
24.981500	0.640	1,104,100.000000
24.992167	0.640	1,110,287.000000
25.002833	0.640	1,119,343.000000
25.013500	0.640	1,129,614.000000
25.024167	0.640	1,137,402.000000
25.034833	0.640	1,141,972.000000
25.045500	0.640	1,145,750.000000
25.056167	0.640	1,148,658.000000
25.066833	0.640	1,152,484.000000
25.077500	0.640	1,162,476.000000
25.088167	0.640	1,173,334.000000
25.098833	0.640	1,176,292.000000
25.109500	0.640	1,175,991.000000
25.120167	0.640	1,178,900.000000
25.130833	0.640	1,185,832.000000
25.141500	0.640	1,197,681.000000
25.152167	0.640	1,212,632.000000
25.162833	0.640	1,226,302.000000
25.173500	0.640	1,239,600.000000
25.184167	0.640	1,261,013.000000
25.194833	0.640	1,298,394.000000
25.205500	0.640	1,358,585.000000
25.216167	0.640	1,455,132.000000
25.226833	0.640	1,608,405.000000
25.237500	0.640	1,847,497.000000
25.248167	0.640	2,215,283.000000
25.258833	0.640	2,776,964.000000
25.269500	0.640	3,627,327.000000
25.280167	0.640	4,873,209.000000
25.290833	0.640	6,617,222.000000
25.301500	0.640	8,972,518.000000
25.312167	0.640	12,042,520.000000
25.322833	0.640	15,852,442.000000
25.333500	0.640	20,324,440.000000
25.344167	0.640	25,266,642.000000
25.354833	0.640	30,335,119.000000
25.365500	0.640	35,066,183.000000
25.376167	0.640	38,968,825.000000
25.386833	0.640	41,598,813.000000
25.397500	0.640	42,618,198.000000
25.408167	0.640	41,848,424.000000
25.418833	0.640	39,349,431.000000
25.429500	0.640	35,466,540.000000
25.440167	0.640	30,724,899.000000
25.450833	0.640	25,630,742.000000
25.461500	0.640	20,574,761.000000
25.472167	0.640	15,890,504.000000
25.482833	0.640	11,868,375.000000
25.493500	0.640	8,664,313.000000
25.504167	0.640	6,262,380.000000
25.514833	0.640	4,538,204.000000
25.525500	0.640	3,345,909.000000
25.536167	0.640	2,552,812.000000
25.546833	0.640	2,038,686.000000
25.557500	0.640	1,709,867.000000
25.568167	0.640	1,507,473.000000
25.578833	0.640	1,387,343.000000
25.589500	0.640	1,310,154.000000
25.600167	0.640	1,257,796.000000
25.610833	0.640	1,229,421.000000
25.621500	0.640	1,217,282.000000
25.632167	0.640	1,208,117.000000
25.642833	0.640	1,198,068.000000
25.653500	0.640	1,189,073.000000
25.664167	0.640	1,181,247.000000
25.674833	0.640	1,174,773.000000
25.685500	0.640	1,169,041.000000
25.696167	0.640	1,161,952.000000
25.706833	0.640	1,153,163.000000
25.717500	0.640	1,145,017.000000
25.728167	0.640	1,141,938.000000
25.738833	0.640	1,143,860.000000
25.749500	0.640	1,144,418.000000
25.760167	0.640	1,142,007.000000
25.770833	0.640	1,141,254.000000
25.781500	0.640	1,144,585.000000
25.792167	0.640	1,151,512.000000
25.802833	0.640	1,161,376.000000
25.813500	0.640	1,172,432.000000
25.824167	0.640	1,182,690.000000
25.834833	0.640	1,194,227.000000
25.845500	0.640	1,213,106.000000
25.856167	0.640	1,245,112.000000
25.866833	0.640	1,293,166.000000
25.877500	0.640	1,352,586.000000
25.888167	0.640	1,408,467.000000
25.898833	0.640	1,443,858.000000
25.909500	0.640	1,446,477.000000
25.920167	0.640	1,412,504.000000
25.930833	0.640	1,355,107.000000
25.941500	0.640	1,298,141.000000
25.952167	0.640	1,255,777.000000
25.962833	0.640	1,229,954.000000
25.973500	0.640	1,218,229.000000
25.984167	0.640	1,212,365.000000
25.994833	0.640	1,205,795.000000
26.005500	0.640	1,202,652.000000
26.016167	0.640	1,206,411.000000
26.026833	0.640	1,212,875.000000
26.037500	0.640	1,218,403.000000
26.048167	0.640	1,222,669.000000
26.058833	0.640	1,226,355.000000
26.069500	0.640	1,230,261.000000
26.080167	0.640	1,234,369.000000
26.090833	0.640	1,240,674.000000
26.101500	0.640	1,254,112.000000
26.112167	0.640	1,276,080.000000
26.122833	0.640	1,305,024.000000
26.133500	0.640	1,344,110.000000
26.144167	0.640	1,395,600.000000
26.154833	0.640	1,441,980.000000
26.165500	0.640	1,449,125.000000
26.176167	0.640	1,406,603.000000
26.186833	0.640	1,345,910.000000
26.197500	0.640	1,304,180.000000
26.208167	0.640	1,289,542.000000
26.218833	0.640	1,288,590.000000
26.229500	0.640	1,292,595.000000
26.240167	0.640	1,303,042.000000
26.250833	0.640	1,317,253.000000
26.261500	0.640	1,322,224.000000
26.272167	0.640	1,306,033.000000
26.282833	0.640	1,273,036.000000
26.293500	0.640	1,238,763.000000
26.304167	0.640	1,210,902.000000
26.314833	0.640	1,188,100.000000
26.325500	0.640	1,175,021.000000
26.336167	0.640	1,188,228.000000
26.346833	0.640	1,254,151.000000
26.357500	0.640	1,434,382.000000
26.368167	0.640	1,878,912.000000
26.378833	0.640	2,760,444.000000
26.389500	0.640	3,945,971.000000
26.400167	0.640	4,777,470.000000
26.410833	0.640	4,575,205.000000
26.421500	0.640	3,440,358.000000
26.432167	0.640	2,183,421.000000
26.442833	0.640	1,436,713.000000
26.453500	0.640	1,192,071.000000
26.464167	0.640	1,148,999.000000
26.474833	0.640	1,129,092.000000
26.485500	0.640	1,111,405.000000
26.496167	0.640	1,112,621.000000
26.506833	0.640	1,131,882.000000
26.517500	0.640	1,155,142.000000
26.528167	0.640	1,174,535.000000
26.538833	0.640	1,195,685.000000
26.549500	0.640	1,224,602.000000
26.560167	0.640	1,257,895.000000
26.570833	0.640	1,289,386.000000
26.581500	0.640	1,314,456.000000
26.592167	0.640	1,329,790.000000
26.602833	0.640	1,337,237.000000
26.613500	0.640	1,341,670.000000
26.624167	0.640	1,342,500.000000
26.634833	0.640	1,335,386.000000
26.645500	0.640	1,325,815.000000
26.656167	0.640	1,326,480.000000
26.666833	0.640	1,338,094.000000
26.677500	0.640	1,354,685.000000
26.688167	0.640	1,380,610.000000
26.698833	0.640	1,425,192.000000
26.709500	0.640	1,495,497.000000
26.720167	0.640	1,609,063.000000
26.730833	0.640	1,812,118.000000
26.741500	0.640	2,134,654.000000
26.752167	0.640	2,460,902.000000
26.762833	0.640	2,549,048.000000
26.773500	0.640	2,328,444.000000
26.784167	0.640	2,036,253.000000
26.794833	0.640	1,924,366.000000
26.805500	0.640	1,998,834.000000
26.816167	0.640	2,117,078.000000
26.826833	0.640	2,193,607.000000
26.837500	0.640	2,259,383.000000
26.848167	0.640	2,386,229.000000
26.858833	0.640	2,625,074.000000
26.869500	0.640	3,150,123.000000
26.880167	0.640	4,959,522.000000
26.890833	0.640	12,247,979.000000
26.901500	0.640	35,384,208.000000
26.912167	0.640	82,316,574.000000
26.922833	0.640	134,462,095.000000
26.933500	0.640	148,754,705.000000
26.944167	0.640	108,684,012.000000
26.954833	0.640	50,138,947.000000
26.965500	0.640	14,615,800.000000
26.976167	0.640	6,167,815.000000
26.986833	0.640	7,156,163.000000
26.997500	0.640	7,518,082.000000
27.008167	0.640	8,892,890.000000
27.018833	0.640	18,470,276.000000
27.029500	0.640	48,308,447.000000
27.040167	0.640	109,388,644.000000
27.050833	0.640	189,503,173.000000
27.061500	0.640	241,926,474.000000
27.072167	0.640	223,285,280.000000
27.082833	0.640	145,963,576.000000
27.093500	0.640	66,558,423.000000
27.104167	0.640	23,888,264.000000
27.114833	0.640	13,277,055.000000
27.125500	0.640	14,150,970.000000
27.136167	0.640	15,915,859.000000
27.146833	0.640	16,639,967.000000
27.157500	0.640	15,390,547.000000
27.168167	0.640	12,398,201.000000
27.178833	0.640	9,755,245.000000
27.189500	0.640	8,830,430.000000
27.200167	0.640	9,337,761.000000
27.210833	0.640	10,814,927.000000
27.221500	0.640	12,954,615.000000
27.232167	0.640	14,576,603.000000
27.242833	0.640	15,539,252.000000
27.253500	0.640	25,509,964.000000
27.264167	0.640	26,383,996.000000
27.264333	0.010	49,575,994.000000
27.264500	0.010	26,383,996.000000
27.264667	0.010	49,575,994.000000
27.264833	0.010	26,383,996.000000
27.265000	0.010	49,575,994.000000
27.265167	0.010	26,383,996.000000
27.274833	0.580	26,383,996.000000
27.285500	0.640	26,383,996.000000
27.296167	0.640	26,383,996.000000
27.306833	0.640	26,383,996.000000
27.317500	0.640	26,383,996.000000
27.328167	0.640	26,383,996.000000
27.328333	0.010	49,575,994.000000
27.328500	0.010	26,383,996.000000
27.328667	0.010	49,575,994.000000
27.328833	0.010	26,383,996.000000
27.329000	0.010	49,575,994.000000
27.329167	0.010	26,383,996.000000
27.338833	0.580	125,570,838.000000
27.349500	0.640	64,981,326.000000
27.360167	0.640	54,304,160.000000
27.370833	0.640	57,955,366.000000
27.381500	0.640	68,011,891.000000
27.392167	0.640	68,885,923.000000
27.392333	0.010	113,328,884.000000
27.392500	0.010	68,885,923.000000
27.392667	0.010	113,328,884.000000
27.392833	0.010	68,885,923.000000
27.393000	0.010	113,328,884.000000
27.393167	0.010	68,885,923.000000
27.402833	0.580	68,885,923.000000
27.413500	0.640	68,885,923.000000
27.424167	0.640	68,885,923.000000
27.434833	0.640	68,885,923.000000
27.445500	0.640	68,885,923.000000
27.456167	0.640	68,885,923.000000
27.466833	0.640	68,885,923.000000
27.477500	0.640	68,885,923.000000
27.488167	0.640	68,885,923.000000
27.488333	0.010	113,328,884.000000
27.488500	0.010	68,885,923.000000
27.488667	0.010	113,328,884.000000
27.488833	0.010	68,885,923.000000
27.489000	0.010	113,328,884.000000
27.489167	0.010	68,885,923.000000
27.498833	0.580	143,149,560.000000
27.509500	0.640	111,400,786.000000
27.520167	0.640	114,259,849.000000
27.530833	0.640	111,927,340.000000
27.541500	0.640	92,115,898.000000
27.552167	0.640	71,447,147.000000
27.562833	0.640	59,869,702.000000
27.573500	0.640	53,268,440.000000
27.584167	0.640	47,282,915.000000
27.594833	0.640	41,940,581.000000
27.605500	0.640	38,260,247.000000
27.616167	0.640	36,147,517.000000
27.626833	0.640	34,556,198.000000
27.637500	0.640	32,300,850.000000
27.648167	0.640	29,391,649.000000
27.658833	0.640	26,995,176.000000
27.669500	0.640	25,567,125.000000
27.680167	0.640	24,401,500.000000
27.690833	0.640	23,094,986.000000
27.701500	0.640	22,031,520.000000
27.712167	0.640	21,508,429.000000
27.722833	0.640	21,321,569.000000
27.733500	0.640	21,098,931.000000
27.744167	0.640	20,683,594.000000
27.754833	0.640	20,367,946.000000
27.765500	0.640	20,696,577.000000
27.776167	0.640	21,774,777.000000
27.786833	0.640	22,990,520.000000
27.797500	0.640	23,581,392.000000
27.808167	0.640	23,202,457.000000
27.818833	0.640	22,035,760.000000
27.829500	0.640	20,658,156.000000
27.840167	0.640	19,663,536.000000
27.850833	0.640	19,278,652.000000
27.861500	0.640	19,335,217.000000
27.872167	0.640	19,633,682.000000
27.882833	0.640	20,893,903.000000
27.893500	0.640	26,863,201.000000
27.904167	0.640	50,918,956.000000
27.914833	0.640	51,792,988.000000
27.915000	0.010	87,689,482.000000
27.915167	0.010	51,792,988.000000
27.915333	0.010	87,689,482.000000
27.915500	0.010	51,792,988.000000
27.915667	0.010	87,689,482.000000
27.915833	0.010	51,792,988.000000
27.925500	0.580	51,792,988.000000
27.936167	0.640	51,792,988.000000
27.946833	0.640	51,792,988.000000
27.957500	0.640	51,792,988.000000
27.968167	0.640	51,792,988.000000
27.978833	0.640	51,792,988.000000
27.989500	0.640	51,792,988.000000
28.000167	0.640	51,792,988.000000
28.010833	0.640	51,792,988.000000
28.021500	0.640	51,792,988.000000
28.032167	0.640	51,792,988.000000
28.042833	0.640	51,792,988.000000
28.053500	0.640	51,792,988.000000
28.064167	0.640	51,792,988.000000
28.074833	0.640	51,792,988.000000
28.085500	0.640	51,792,988.000000
28.096167	0.640	51,792,988.000000
28.106833	0.640	51,792,988.000000
28.107000	0.010	87,689,482.000000
28.107167	0.010	51,792,988.000000
28.107333	0.010	87,689,482.000000
28.107500	0.010	51,792,988.000000
28.107667	0.010	87,689,482.000000
28.107833	0.010	51,792,988.000000
28.117500	0.580	211,119,209.000000
28.128167	0.640	103,279,130.000000
28.138833	0.640	70,460,144.000000
28.149500	0.640	70,239,923.000000
28.160167	0.640	67,071,315.000000
28.170833	0.640	58,213,545.000000
28.181500	0.640	47,068,936.000000
28.192167	0.640	35,360,541.000000
28.202833	0.640	28,820,023.000000
28.213500	0.640	35,121,326.000000
28.224167	0.640	62,217,966.000000
28.234833	0.640	112,354,458.000000
28.245500	0.640	169,731,608.000000
28.256167	0.640	208,708,285.000000
28.266833	0.640	222,547,980.000000
28.277500	0.640	226,710,133.000000
28.288167	0.640	231,767,185.000000
28.298833	0.640	232,310,816.000000
28.309500	0.640	221,912,437.000000
28.320167	0.640	203,580,239.000000
28.330833	0.640	184,621,136.000000
28.341500	0.640	169,611,360.000000
28.352167	0.640	159,076,026.000000
28.362833	0.640	149,447,910.000000
28.373500	0.640	133,488,157.000000
28.384167	0.640	106,211,454.000000
28.394833	0.640	72,402,629.000000
28.405500	0.640	43,680,078.000000
28.416167	0.640	26,875,407.000000
28.426833	0.640	19,677,796.000000
28.437500	0.640	17,279,086.000000
28.448167	0.640	17,813,956.000000
28.458833	0.640	20,465,206.000000
28.469500	0.640	22,567,891.000000
28.480167	0.640	21,350,101.000000
28.490833	0.640	17,165,343.000000
28.501500	0.640	12,826,048.000000
28.512167	0.640	10,263,754.000000
28.522833	0.640	9,272,958.000000
28.533500	0.640	8,885,447.000000
28.544167	0.640	8,613,929.000000
28.554833	0.640	8,411,007.000000
28.565500	0.640	8,233,745.000000
28.576167	0.640	7,971,388.000000
28.586833	0.640	7,598,387.000000
28.597500	0.640	7,193,085.000000
28.608167	0.640	6,810,297.000000
28.618833	0.640	6,402,422.000000
28.629500	0.640	5,852,445.000000
28.640167	0.640	5,065,976.000000
28.650833	0.640	4,070,793.000000
28.661500	0.640	3,030,069.000000
28.672167	0.640	2,121,305.000000
28.682833	0.640	1,426,236.000000
28.693500	0.640	949,504.000000
28.704167	0.640	682,805.000000
28.714833	0.640	675,886.000000
28.725500	0.640	921,407.000000
28.736167	0.640	1,066,888.000000
28.746833	0.640	770,236.000000
28.757500	0.640	297,971.000000
28.768167	0.640	75,884.000000
28.778833	0.640	79,117.000000
28.789500	0.640	99,605.000000
28.800167	0.640	80,911.000000
28.810833	0.640	56,351.000000
28.821500	0.640	43,172.000000
28.832167	0.640	35,028.000000
28.842833	0.640	25,999.000000
28.853500	0.640	20,371.000000
28.864167	0.640	21,263.000000
28.874833	0.640	21,287.000000
28.885500	0.640	14,129.000000
28.896167	0.640	5,089.000000
28.906833	0.640	2,130.000000
28.917500	0.640	4,853.000000
28.928167	0.640	7,415.000000
28.938833	0.640	6,586.000000
28.949500	0.640	5,202.000000
28.960167	0.640	7,402.000000
28.970833	0.640	10,460.000000
28.981500	0.640	8,533.000000
28.992167	0.640	2,036.000000
29.002833	0.640	-2,531.000000
29.013500	0.640	-187.000000
29.024167	0.640	5,446.000000
29.034833	0.640	7,214.000000
29.045500	0.640	3,456.000000
29.056167	0.640	-3,107.000000
29.066833	0.640	-6,185.000000
29.077500	0.640	-1,297.000000
29.088167	0.640	3,242.000000
29.098833	0.640	-1,644.000000
29.109500	0.640	-7,870.000000
29.120167	0.640	-5,398.000000
29.130833	0.640	1,017.000000
29.141500	0.640	4,446.000000
29.152167	0.640	6,215.000000
29.162833	0.640	7,521.000000
29.173500	0.640	4,016.000000
29.184167	0.640	-5,481.000000
29.194833	0.640	-13,952.000000
29.205500	0.640	-15,355.000000
29.216167	0.640	-10,760.000000
29.226833	0.640	-4,172.000000
29.237500	0.640	853.000000
29.248167	0.640	1,878.000000
29.258833	0.640	329.000000
29.269500	0.640	915.000000
29.280167	0.640	4,290.000000
29.290833	0.640	5,055.000000
29.301500	0.640	1,101.000000
29.312167	0.640	-2,391.000000
29.322833	0.640	-2,212.000000
29.333500	0.640	-675.000000
29.344167	0.640	937.000000
29.354833	0.640	3,422.000000
29.365500	0.640	6,101.000000
29.376167	0.640	7,157.000000
29.386833	0.640	5,623.000000
29.397500	0.640	3,524.000000
29.408167	0.640	4,933.000000
29.418833	0.640	9,226.000000
29.429500	0.640	11,324.000000
29.440167	0.640	9,435.000000
29.450833	0.640	5,299.000000
29.461500	0.640	192.000000
29.472167	0.640	-3,440.000000
29.482833	0.640	-1,721.000000
29.493500	0.640	3,417.000000
29.504167	0.640	5,291.000000
29.514833	0.640	3,275.000000
29.525500	0.640	1,496.000000
29.536167	0.640	-14.000000
29.546833	0.640	-2,462.000000
29.557500	0.640	-2,557.000000
29.568167	0.640	2,018.000000
29.578833	0.640	7,156.000000
29.589500	0.640	7,598.000000
29.600167	0.640	3,572.000000
29.610833	0.640	-410.000000
29.621500	0.640	-448.000000
29.632167	0.640	1,897.000000
29.642833	0.640	528.000000
29.653500	0.640	-3,436.000000
29.664167	0.640	-1,812.000000
29.674833	0.640	4,381.000000
29.685500	0.640	6,425.000000
29.696167	0.640	3,170.000000
29.706833	0.640	-287.000000
29.717500	0.640	-2,086.000000
29.728167	0.640	-2,791.000000
29.738833	0.640	-3,108.000000
29.749500	0.640	-3,617.000000
29.760167	0.640	-2,413.000000
29.770833	0.640	527.000000
29.781500	0.640	561.000000
29.792167	0.640	-2,959.000000
29.802833	0.640	-3,814.000000
29.813500	0.640	1,507.000000
29.824167	0.640	7,064.000000
29.834833	0.640	6,438.000000
29.845500	0.640	3,734.000000
29.856167	0.640	5,730.000000
29.866833	0.640	10,965.000000
29.877500	0.640	14,032.000000
29.888167	0.640	12,938.000000
29.898833	0.640	9,686.000000
29.909500	0.640	6,958.000000
29.920167	0.640	4,737.000000
29.930833	0.640	1,000.000000
29.941500	0.640	-3,277.000000
29.952167	0.640	-2,303.000000
29.962833	0.640	5,098.000000
29.973500	0.640	10,382.000000
29.984167	0.640	9,335.000000
29.994833	0.640	6,649.000000
30.005500	0.640	3,622.000000
