File Path	chrom://nnfcb-l0495/ChromeleonLocal/20180320_AA_Lars Nielsen samples Vienna_lbpet.seq/488.smp/Emission_1.channel/Emission_1.chm
Channel	Emission_1

Injection Information:
Data Vault	ChromeleonLocal
Injection	20180320_Lars Nielsen samples Vienna_dx20_BC1
Injection Number	38
Position	BC1
Comment	
Processing Method	20171024_Calculated with IS_lbpet
Instrument Method	20161104_AA_GeminiC18_FinalVer7
Type	Unknown
Status	Finished
Injection Date	21-03-2018
Injection Time	09:00:35
Injection Volume (µl)	56.500
Dilution Factor	1.0000
Weight	1.0000

Raw Data Information:
Time Min. (min)	0.003933
Time Max. (min)	30.001650
Data Points	2813
Detector	FLD
Exporting Data System	Chromeleon 7.1.2.1478
Operator	
Signal Quantity	
Signal Unit	counts
Signal Min.	-2,675.000000
Signal Max.	70,865,896.000000
Channel	Emission_1
Driver Name	FLD3000.dll
Channel Type	Evaluation
Min. Step (s)	0.637
Max. Step (s)	0.823
Average Step (s)	0.640

Signal Parameter Information:
Signal Info	340 nm /450 nm

Raw Data:
Time (min)	Step (s)	Value (counts)
0.003933	0.000	0.000000
0.017650	0.823	0.000000
0.028317	0.640	0.000000
0.038983	0.640	1,110.000000
0.049650	0.640	2,474.000000
0.060317	0.640	2,506.000000
0.070983	0.640	1,765.000000
0.081650	0.640	2,410.000000
0.092317	0.640	3,643.000000
0.102983	0.640	2,980.000000
0.113650	0.640	1,267.000000
0.124317	0.640	1,028.000000
0.134983	0.640	1,850.000000
0.145650	0.640	1,781.000000
0.156317	0.640	961.000000
0.166983	0.640	858.000000
0.177650	0.640	1,731.000000
0.188317	0.640	2,767.000000
0.198983	0.640	3,474.000000
0.209650	0.640	3,348.000000
0.220317	0.640	2,136.000000
0.230983	0.640	934.000000
0.241650	0.640	800.000000
0.252317	0.640	1,599.000000
0.262983	0.640	2,562.000000
0.273650	0.640	2,822.000000
0.284317	0.640	2,405.000000
0.294983	0.640	2,063.000000
0.305650	0.640	1,938.000000
0.316317	0.640	2,070.000000
0.326983	0.640	2,647.000000
0.337650	0.640	2,855.000000
0.348317	0.640	2,219.000000
0.358983	0.640	2,012.000000
0.369650	0.640	2,830.000000
0.380317	0.640	3,590.000000
0.390983	0.640	3,721.000000
0.401650	0.640	3,347.000000
0.412317	0.640	2,293.000000
0.422983	0.640	796.000000
0.433650	0.640	-70.000000
0.444317	0.640	67.000000
0.454983	0.640	265.000000
0.465650	0.640	573.000000
0.476317	0.640	1,824.000000
0.486983	0.640	3,184.000000
0.497650	0.640	3,504.000000
0.508317	0.640	2,896.000000
0.518983	0.640	1,946.000000
0.529650	0.640	1,248.000000
0.540317	0.640	875.000000
0.550983	0.640	326.000000
0.561650	0.640	-167.000000
0.572317	0.640	587.000000
0.582983	0.640	2,647.000000
0.593650	0.640	4,193.000000
0.604317	0.640	3,881.000000
0.614983	0.640	2,147.000000
0.625650	0.640	327.000000
0.636317	0.640	-175.000000
0.646983	0.640	974.000000
0.657650	0.640	2,504.000000
0.668317	0.640	3,119.000000
0.678983	0.640	2,787.000000
0.689650	0.640	2,063.000000
0.700317	0.640	1,317.000000
0.710983	0.640	851.000000
0.721650	0.640	1,087.000000
0.732317	0.640	2,159.000000
0.742983	0.640	3,289.000000
0.753650	0.640	3,601.000000
0.764317	0.640	3,176.000000
0.774983	0.640	2,211.000000
0.785650	0.640	880.000000
0.796317	0.640	-246.000000
0.806983	0.640	-751.000000
0.817650	0.640	-295.000000
0.828317	0.640	756.000000
0.838983	0.640	1,527.000000
0.849650	0.640	2,400.000000
0.860317	0.640	3,291.000000
0.870983	0.640	2,651.000000
0.881650	0.640	1,182.000000
0.892317	0.640	1,734.000000
0.902983	0.640	3,709.000000
0.913650	0.640	3,710.000000
0.924317	0.640	2,245.000000
0.934983	0.640	2,405.000000
0.945650	0.640	3,676.000000
0.956317	0.640	3,718.000000
0.966983	0.640	2,539.000000
0.977650	0.640	1,535.000000
0.988317	0.640	2,067.000000
0.998983	0.640	4,291.000000
1.009650	0.640	6,033.000000
1.020317	0.640	5,772.000000
1.030983	0.640	4,665.000000
1.041650	0.640	4,126.000000
1.052317	0.640	4,249.000000
1.062983	0.640	3,825.000000
1.073650	0.640	2,197.000000
1.084317	0.640	606.000000
1.094983	0.640	63.000000
1.105650	0.640	742.000000
1.116317	0.640	2,512.000000
1.126983	0.640	3,816.000000
1.137650	0.640	3,021.000000
1.148317	0.640	1,158.000000
1.158983	0.640	433.000000
1.169650	0.640	1,269.000000
1.180317	0.640	2,662.000000
1.190983	0.640	3,175.000000
1.201650	0.640	2,172.000000
1.212317	0.640	1,317.000000
1.222983	0.640	1,624.000000
1.233650	0.640	1,611.000000
1.244317	0.640	1,097.000000
1.254983	0.640	1,487.000000
1.265650	0.640	2,528.000000
1.276317	0.640	3,329.000000
1.286983	0.640	3,943.000000
1.297650	0.640	4,037.000000
1.308317	0.640	3,113.000000
1.318983	0.640	1,809.000000
1.329650	0.640	999.000000
1.340317	0.640	671.000000
1.350983	0.640	370.000000
1.361650	0.640	223.000000
1.372317	0.640	602.000000
1.382983	0.640	907.000000
1.393650	0.640	587.000000
1.404317	0.640	483.000000
1.414983	0.640	1,180.000000
1.425650	0.640	1,951.000000
1.436317	0.640	2,149.000000
1.446983	0.640	1,738.000000
1.457650	0.640	1,315.000000
1.468317	0.640	2,021.000000
1.478983	0.640	4,004.000000
1.489650	0.640	5,371.000000
1.500317	0.640	3,887.000000
1.510983	0.640	863.000000
1.521650	0.640	-83.000000
1.532317	0.640	888.000000
1.542983	0.640	1,410.000000
1.553650	0.640	1,619.000000
1.564317	0.640	2,454.000000
1.574983	0.640	3,752.000000
1.585650	0.640	4,752.000000
1.596317	0.640	5,021.000000
1.606983	0.640	4,582.000000
1.617650	0.640	3,361.000000
1.628317	0.640	2,380.000000
1.638983	0.640	2,989.000000
1.649650	0.640	4,383.000000
1.660317	0.640	5,179.000000
1.670983	0.640	4,806.000000
1.681650	0.640	2,731.000000
1.692317	0.640	647.000000
1.702983	0.640	1,838.000000
1.713650	0.640	5,370.000000
1.724317	0.640	7,335.000000
1.734983	0.640	7,102.000000
1.745650	0.640	6,905.000000
1.756317	0.640	8,072.000000
1.766983	0.640	9,588.000000
1.777650	0.640	9,661.000000
1.788317	0.640	8,141.000000
1.798983	0.640	5,982.000000
1.809650	0.640	4,176.000000
1.820317	0.640	3,119.000000
1.830983	0.640	2,299.000000
1.841650	0.640	2,617.000000
1.852317	0.640	4,910.000000
1.862983	0.640	6,370.000000
1.873650	0.640	4,991.000000
1.884317	0.640	2,563.000000
1.894983	0.640	770.000000
1.905650	0.640	424.000000
1.916317	0.640	1,679.000000
1.926983	0.640	3,073.000000
1.937650	0.640	3,985.000000
1.948317	0.640	5,058.000000
1.958983	0.640	5,325.000000
1.969650	0.640	4,102.000000
1.980317	0.640	3,291.000000
1.990983	0.640	4,151.000000
2.001650	0.640	5,337.000000
2.012317	0.640	5,022.000000
2.022983	0.640	3,086.000000
2.033650	0.640	1,178.000000
2.044317	0.640	688.000000
2.054983	0.640	1,126.000000
2.065650	0.640	1,194.000000
2.076317	0.640	1,002.000000
2.086983	0.640	1,438.000000
2.097650	0.640	1,800.000000
2.108317	0.640	1,153.000000
2.118983	0.640	571.000000
2.129650	0.640	1,204.000000
2.140317	0.640	2,232.000000
2.150983	0.640	2,339.000000
2.161650	0.640	2,459.000000
2.172317	0.640	4,453.000000
2.182983	0.640	7,115.000000
2.193650	0.640	7,762.000000
2.204317	0.640	6,048.000000
2.214983	0.640	3,672.000000
2.225650	0.640	2,855.000000
2.236317	0.640	3,933.000000
2.246983	0.640	4,834.000000
2.257650	0.640	5,388.000000
2.268317	0.640	7,482.000000
2.278983	0.640	9,836.000000
2.289650	0.640	9,018.000000
2.300317	0.640	5,893.000000
2.310983	0.640	4,555.000000
2.321650	0.640	4,915.000000
2.332317	0.640	3,704.000000
2.342983	0.640	1,585.000000
2.353650	0.640	1,992.000000
2.364317	0.640	4,328.000000
2.374983	0.640	4,746.000000
2.385650	0.640	3,038.000000
2.396317	0.640	2,415.000000
2.406983	0.640	3,592.000000
2.417650	0.640	4,292.000000
2.428317	0.640	3,538.000000
2.438983	0.640	2,769.000000
2.449650	0.640	2,310.000000
2.460317	0.640	889.000000
2.470983	0.640	-900.000000
2.481650	0.640	-911.000000
2.492317	0.640	1,113.000000
2.502983	0.640	3,170.000000
2.513650	0.640	4,359.000000
2.524317	0.640	5,493.000000
2.534983	0.640	6,087.000000
2.545650	0.640	4,879.000000
2.556317	0.640	2,331.000000
2.566983	0.640	276.000000
2.577650	0.640	3.000000
2.588317	0.640	897.000000
2.598983	0.640	1,497.000000
2.609650	0.640	1,514.000000
2.620317	0.640	1,357.000000
2.630983	0.640	1,021.000000
2.641650	0.640	877.000000
2.652317	0.640	1,390.000000
2.662983	0.640	1,778.000000
2.673650	0.640	1,622.000000
2.684317	0.640	1,810.000000
2.694983	0.640	2,575.000000
2.705650	0.640	4,086.000000
2.716317	0.640	7,668.000000
2.726983	0.640	12,586.000000
2.737650	0.640	14,706.000000
2.748317	0.640	12,204.000000
2.758983	0.640	8,153.000000
2.769650	0.640	5,489.000000
2.780317	0.640	4,554.000000
2.790983	0.640	4,760.000000
2.801650	0.640	5,059.000000
2.812317	0.640	4,701.000000
2.822983	0.640	4,422.000000
2.833650	0.640	4,818.000000
2.844317	0.640	4,876.000000
2.854983	0.640	4,041.000000
2.865650	0.640	3,024.000000
2.876317	0.640	1,882.000000
2.886983	0.640	611.000000
2.897650	0.640	455.000000
2.908317	0.640	1,901.000000
2.918983	0.640	3,663.000000
2.929650	0.640	4,777.000000
2.940317	0.640	5,303.000000
2.950983	0.640	5,366.000000
2.961650	0.640	5,515.000000
2.972317	0.640	6,964.000000
2.982983	0.640	9,729.000000
2.993650	0.640	13,380.000000
3.004317	0.640	20,820.000000
3.014983	0.640	36,911.000000
3.025650	0.640	64,096.000000
3.036317	0.640	105,237.000000
3.046983	0.640	172,549.000000
3.057650	0.640	295,412.000000
3.068317	0.640	529,078.000000
3.078983	0.640	961,808.000000
3.089650	0.640	1,694,220.000000
3.100317	0.640	2,777,068.000000
3.110983	0.640	4,142,392.000000
3.121650	0.640	5,564,479.000000
3.132317	0.640	6,688,907.000000
3.142983	0.640	7,197,607.000000
3.153650	0.640	7,029,208.000000
3.164317	0.640	6,404,638.000000
3.174983	0.640	5,632,777.000000
3.185650	0.640	4,941,711.000000
3.196317	0.640	4,438,989.000000
3.206983	0.640	4,123,603.000000
3.217650	0.640	3,929,341.000000
3.228317	0.640	3,794,407.000000
3.238983	0.640	3,691,784.000000
3.249650	0.640	3,607,549.000000
3.260317	0.640	3,511,002.000000
3.270983	0.640	3,350,338.000000
3.281650	0.640	3,091,864.000000
3.292317	0.640	2,750,876.000000
3.302983	0.640	2,363,092.000000
3.313650	0.640	1,951,704.000000
3.324317	0.640	1,536,802.000000
3.334983	0.640	1,149,855.000000
3.345650	0.640	821,808.000000
3.356317	0.640	566,266.000000
3.366983	0.640	379,541.000000
3.377650	0.640	249,015.000000
3.388317	0.640	159,371.000000
3.398983	0.640	99,353.000000
3.409650	0.640	63,342.000000
3.420317	0.640	43,294.000000
3.430983	0.640	29,654.000000
3.441650	0.640	20,146.000000
3.452317	0.640	15,106.000000
3.462983	0.640	11,542.000000
3.473650	0.640	8,491.000000
3.484317	0.640	7,759.000000
3.494983	0.640	9,053.000000
3.505650	0.640	10,137.000000
3.516317	0.640	9,357.000000
3.526983	0.640	7,217.000000
3.537650	0.640	6,199.000000
3.548317	0.640	7,131.000000
3.558983	0.640	8,015.000000
3.569650	0.640	7,807.000000
3.580317	0.640	6,686.000000
3.590983	0.640	4,664.000000
3.601650	0.640	3,485.000000
3.612317	0.640	5,104.000000
3.622983	0.640	7,592.000000
3.633650	0.640	7,278.000000
3.644317	0.640	4,476.000000
3.654983	0.640	2,715.000000
3.665650	0.640	3,143.000000
3.676317	0.640	4,180.000000
3.686983	0.640	4,544.000000
3.697650	0.640	3,640.000000
3.708317	0.640	2,121.000000
3.718983	0.640	1,748.000000
3.729650	0.640	2,954.000000
3.740317	0.640	4,489.000000
3.750983	0.640	4,617.000000
3.761650	0.640	2,865.000000
3.772317	0.640	1,551.000000
3.782983	0.640	3,055.000000
3.793650	0.640	6,842.000000
3.804317	0.640	11,196.000000
3.814983	0.640	15,286.000000
3.825650	0.640	18,810.000000
3.836317	0.640	21,664.000000
3.846983	0.640	24,510.000000
3.857650	0.640	27,964.000000
3.868317	0.640	30,373.000000
3.878983	0.640	29,599.000000
3.889650	0.640	26,683.000000
3.900317	0.640	24,153.000000
3.910983	0.640	22,819.000000
3.921650	0.640	21,575.000000
3.932317	0.640	18,670.000000
3.942983	0.640	14,275.000000
3.953650	0.640	11,228.000000
3.964317	0.640	10,899.000000
3.974983	0.640	10,804.000000
3.985650	0.640	9,033.000000
3.996317	0.640	7,231.000000
4.006983	0.640	6,500.000000
4.017650	0.640	5,708.000000
4.028317	0.640	4,976.000000
4.038983	0.640	4,944.000000
4.049650	0.640	4,990.000000
4.060317	0.640	5,366.000000
4.070983	0.640	6,587.000000
4.081650	0.640	7,522.000000
4.092317	0.640	7,518.000000
4.102983	0.640	7,707.000000
4.113650	0.640	8,444.000000
4.124317	0.640	8,574.000000
4.134983	0.640	7,580.000000
4.145650	0.640	5,992.000000
4.156317	0.640	4,718.000000
4.166983	0.640	4,653.000000
4.177650	0.640	5,760.000000
4.188317	0.640	6,460.000000
4.198983	0.640	5,375.000000
4.209650	0.640	3,684.000000
4.220317	0.640	3,301.000000
4.230983	0.640	4,350.000000
4.241650	0.640	5,788.000000
4.252317	0.640	6,364.000000
4.262983	0.640	6,026.000000
4.273650	0.640	5,943.000000
4.284317	0.640	5,851.000000
4.294983	0.640	5,102.000000
4.305650	0.640	5,366.000000
4.316317	0.640	7,089.000000
4.326983	0.640	7,554.000000
4.337650	0.640	6,415.000000
4.348317	0.640	6,225.000000
4.358983	0.640	7,226.000000
4.369650	0.640	8,037.000000
4.380317	0.640	8,312.000000
4.390983	0.640	8,247.000000
4.401650	0.640	8,660.000000
4.412317	0.640	9,980.000000
4.422983	0.640	10,771.000000
4.433650	0.640	10,131.000000
4.444317	0.640	8,867.000000
4.454983	0.640	7,749.000000
4.465650	0.640	7,487.000000
4.476317	0.640	7,889.000000
4.486983	0.640	7,889.000000
4.497650	0.640	7,674.000000
4.508317	0.640	7,621.000000
4.518983	0.640	7,640.000000
4.529650	0.640	8,257.000000
4.540317	0.640	9,545.000000
4.550983	0.640	11,181.000000
4.561650	0.640	13,978.000000
4.572317	0.640	19,412.000000
4.582983	0.640	29,335.000000
4.593650	0.640	47,662.000000
4.604317	0.640	80,873.000000
4.614983	0.640	137,900.000000
4.625650	0.640	232,472.000000
4.636317	0.640	385,321.000000
4.646983	0.640	628,417.000000
4.657650	0.640	1,021,468.000000
4.668317	0.640	1,688,014.000000
4.678983	0.640	2,879,032.000000
4.689650	0.640	5,020,026.000000
4.700317	0.640	8,553,464.000000
4.710983	0.640	13,398,816.000000
4.721650	0.640	18,364,550.000000
4.732317	0.640	21,395,589.000000
4.742983	0.640	20,915,383.000000
4.753650	0.640	17,099,337.000000
4.764317	0.640	11,766,258.000000
4.774983	0.640	7,004,711.000000
4.785650	0.640	3,864,226.000000
4.796317	0.640	2,187,974.000000
4.806983	0.640	1,346,520.000000
4.817650	0.640	872,363.000000
4.828317	0.640	565,174.000000
4.838983	0.640	358,900.000000
4.849650	0.640	225,075.000000
4.860317	0.640	141,608.000000
4.870983	0.640	90,300.000000
4.881650	0.640	58,590.000000
4.892317	0.640	39,524.000000
4.902983	0.640	29,099.000000
4.913650	0.640	23,388.000000
4.924317	0.640	19,449.000000
4.934983	0.640	16,241.000000
4.945650	0.640	13,949.000000
4.956317	0.640	12,819.000000
4.966983	0.640	12,364.000000
4.977650	0.640	12,445.000000
4.988317	0.640	12,946.000000
4.998983	0.640	12,688.000000
5.009650	0.640	11,366.000000
5.020317	0.640	9,952.000000
5.030983	0.640	8,772.000000
5.041650	0.640	7,794.000000
5.052317	0.640	7,113.000000
5.062983	0.640	6,759.000000
5.073650	0.640	7,045.000000
5.084317	0.640	7,838.000000
5.094983	0.640	8,292.000000
5.105650	0.640	7,780.000000
5.116317	0.640	6,461.000000
5.126983	0.640	5,642.000000
5.137650	0.640	6,305.000000
5.148317	0.640	7,267.000000
5.158983	0.640	7,253.000000
5.169650	0.640	7,193.000000
5.180317	0.640	7,856.000000
5.190983	0.640	8,393.000000
5.201650	0.640	8,484.000000
5.212317	0.640	8,676.000000
5.222983	0.640	9,144.000000
5.233650	0.640	9,311.000000
5.244317	0.640	8,693.000000
5.254983	0.640	7,597.000000
5.265650	0.640	6,655.000000
5.276317	0.640	6,765.000000
5.286983	0.640	7,844.000000
5.297650	0.640	8,445.000000
5.308317	0.640	7,950.000000
5.318983	0.640	6,985.000000
5.329650	0.640	6,728.000000
5.340317	0.640	7,726.000000
5.350983	0.640	8,786.000000
5.361650	0.640	9,115.000000
5.372317	0.640	9,190.000000
5.382983	0.640	8,956.000000
5.393650	0.640	8,356.000000
5.404317	0.640	8,142.000000
5.414983	0.640	9,157.000000
5.425650	0.640	11,378.000000
5.436317	0.640	13,437.000000
5.446983	0.640	13,959.000000
5.457650	0.640	12,856.000000
5.468317	0.640	11,449.000000
5.478983	0.640	11,604.000000
5.489650	0.640	13,520.000000
5.500317	0.640	16,140.000000
5.510983	0.640	19,707.000000
5.521650	0.640	25,152.000000
5.532317	0.640	32,930.000000
5.542983	0.640	43,730.000000
5.553650	0.640	57,943.000000
5.564317	0.640	73,789.000000
5.574983	0.640	87,116.000000
5.585650	0.640	94,313.000000
5.596317	0.640	95,376.000000
5.606983	0.640	93,336.000000
5.617650	0.640	89,579.000000
5.628317	0.640	81,683.000000
5.638983	0.640	69,699.000000
5.649650	0.640	59,003.000000
5.660317	0.640	51,887.000000
5.670983	0.640	44,320.000000
5.681650	0.640	33,855.000000
5.692317	0.640	23,657.000000
5.702983	0.640	17,620.000000
5.713650	0.640	15,491.000000
5.724317	0.640	14,243.000000
5.734983	0.640	11,999.000000
5.745650	0.640	9,181.000000
5.756317	0.640	7,481.000000
5.766983	0.640	7,731.000000
5.777650	0.640	8,760.000000
5.788317	0.640	8,866.000000
5.798983	0.640	7,568.000000
5.809650	0.640	6,107.000000
5.820317	0.640	6,069.000000
5.830983	0.640	7,011.000000
5.841650	0.640	7,026.000000
5.852317	0.640	6,000.000000
5.862983	0.640	5,511.000000
5.873650	0.640	5,758.000000
5.884317	0.640	5,963.000000
5.894983	0.640	6,271.000000
5.905650	0.640	6,679.000000
5.916317	0.640	6,338.000000
5.926983	0.640	5,668.000000
5.937650	0.640	6,271.000000
5.948317	0.640	7,824.000000
5.958983	0.640	8,666.000000
5.969650	0.640	8,696.000000
5.980317	0.640	8,171.000000
5.990983	0.640	6,558.000000
6.001650	0.640	4,856.000000
6.012317	0.640	5,454.000000
6.022983	0.640	8,513.000000
6.033650	0.640	10,826.000000
6.044317	0.640	10,166.000000
6.054983	0.640	8,437.000000
6.065650	0.640	7,790.000000
6.076317	0.640	7,623.000000
6.086983	0.640	7,386.000000
6.097650	0.640	8,617.000000
6.108317	0.640	12,466.000000
6.118983	0.640	17,581.000000
6.129650	0.640	22,749.000000
6.140317	0.640	29,367.000000
6.150983	0.640	38,836.000000
6.161650	0.640	49,439.000000
6.172317	0.640	57,538.000000
6.182983	0.640	60,687.000000
6.193650	0.640	58,438.000000
6.204317	0.640	50,856.000000
6.214983	0.640	38,780.000000
6.225650	0.640	26,326.000000
6.236317	0.640	18,593.000000
6.246983	0.640	15,790.000000
6.257650	0.640	14,015.000000
6.268317	0.640	11,303.000000
6.278983	0.640	9,437.000000
6.289650	0.640	10,452.000000
6.300317	0.640	14,140.000000
6.310983	0.640	19,163.000000
6.321650	0.640	24,683.000000
6.332317	0.640	30,319.000000
6.342983	0.640	37,469.000000
6.353650	0.640	51,391.000000
6.364317	0.640	77,583.000000
6.374983	0.640	119,465.000000
6.385650	0.640	185,179.000000
6.396317	0.640	290,129.000000
6.406983	0.640	446,647.000000
6.417650	0.640	650,073.000000
6.428317	0.640	872,231.000000
6.438983	0.640	1,064,838.000000
6.449650	0.640	1,173,094.000000
6.460317	0.640	1,160,157.000000
6.470983	0.640	1,029,951.000000
6.481650	0.640	826,088.000000
6.492317	0.640	604,087.000000
6.502983	0.640	405,976.000000
6.513650	0.640	254,372.000000
6.524317	0.640	153,070.000000
6.534983	0.640	91,893.000000
6.545650	0.640	57,192.000000
6.556317	0.640	37,927.000000
6.566983	0.640	27,156.000000
6.577650	0.640	21,842.000000
6.588317	0.640	19,761.000000
6.598983	0.640	18,647.000000
6.609650	0.640	18,408.000000
6.620317	0.640	20,088.000000
6.630983	0.640	22,099.000000
6.641650	0.640	21,539.000000
6.652317	0.640	19,264.000000
6.662983	0.640	17,991.000000
6.673650	0.640	17,449.000000
6.684317	0.640	16,319.000000
6.694983	0.640	15,361.000000
6.705650	0.640	15,571.000000
6.716317	0.640	16,393.000000
6.726983	0.640	16,961.000000
6.737650	0.640	16,399.000000
6.748317	0.640	14,373.000000
6.758983	0.640	12,272.000000
6.769650	0.640	11,360.000000
6.780317	0.640	11,435.000000
6.790983	0.640	11,773.000000
6.801650	0.640	11,536.000000
6.812317	0.640	10,676.000000
6.822983	0.640	11,087.000000
6.833650	0.640	14,442.000000
6.844317	0.640	19,346.000000
6.854983	0.640	22,956.000000
6.865650	0.640	24,366.000000
6.876317	0.640	25,876.000000
6.886983	0.640	30,331.000000
6.897650	0.640	36,833.000000
6.908317	0.640	42,182.000000
6.918983	0.640	45,223.000000
6.929650	0.640	45,970.000000
6.940317	0.640	44,375.000000
6.950983	0.640	42,390.000000
6.961650	0.640	42,437.000000
6.972317	0.640	44,724.000000
6.982983	0.640	47,975.000000
6.993650	0.640	49,337.000000
7.004317	0.640	46,047.000000
7.014983	0.640	38,782.000000
7.025650	0.640	29,883.000000
7.036317	0.640	21,406.000000
7.046983	0.640	15,380.000000
7.057650	0.640	12,077.000000
7.068317	0.640	10,268.000000
7.078983	0.640	9,126.000000
7.089650	0.640	8,382.000000
7.100317	0.640	8,379.000000
7.110983	0.640	9,199.000000
7.121650	0.640	9,944.000000
7.132317	0.640	10,362.000000
7.142983	0.640	10,834.000000
7.153650	0.640	11,026.000000
7.164317	0.640	11,032.000000
7.174983	0.640	11,129.000000
7.185650	0.640	10,256.000000
7.196317	0.640	8,348.000000
7.206983	0.640	7,871.000000
7.217650	0.640	9,819.000000
7.228317	0.640	11,366.000000
7.238983	0.640	10,166.000000
7.249650	0.640	8,023.000000
7.260317	0.640	7,757.000000
7.270983	0.640	8,935.000000
7.281650	0.640	9,233.000000
7.292317	0.640	8,314.000000
7.302983	0.640	8,083.000000
7.313650	0.640	9,492.000000
7.324317	0.640	11,277.000000
7.334983	0.640	11,928.000000
7.345650	0.640	11,137.000000
7.356317	0.640	9,828.000000
7.366983	0.640	9,209.000000
7.377650	0.640	8,837.000000
7.388317	0.640	7,913.000000
7.398983	0.640	7,804.000000
7.409650	0.640	9,127.000000
7.420317	0.640	10,174.000000
7.430983	0.640	10,049.000000
7.441650	0.640	9,013.000000
7.452317	0.640	7,679.000000
7.462983	0.640	7,236.000000
7.473650	0.640	7,878.000000
7.484317	0.640	8,367.000000
7.494983	0.640	8,548.000000
7.505650	0.640	9,765.000000
7.516317	0.640	11,752.000000
7.526983	0.640	12,283.000000
7.537650	0.640	11,165.000000
7.548317	0.640	10,685.000000
7.558983	0.640	11,019.000000
7.569650	0.640	10,230.000000
7.580317	0.640	8,738.000000
7.590983	0.640	8,443.000000
7.601650	0.640	9,144.000000
7.612317	0.640	9,840.000000
7.622983	0.640	10,651.000000
7.633650	0.640	11,373.000000
7.644317	0.640	11,335.000000
7.654983	0.640	11,043.000000
7.665650	0.640	11,409.000000
7.676317	0.640	12,073.000000
7.686983	0.640	12,101.000000
7.697650	0.640	11,953.000000
7.708317	0.640	13,289.000000
7.718983	0.640	17,520.000000
7.729650	0.640	25,792.000000
7.740317	0.640	39,606.000000
7.750983	0.640	62,062.000000
7.761650	0.640	97,716.000000
7.772317	0.640	152,197.000000
7.782983	0.640	236,559.000000
7.793650	0.640	367,824.000000
7.804317	0.640	566,093.000000
7.814983	0.640	866,522.000000
7.825650	0.640	1,328,896.000000
7.836317	0.640	2,033,381.000000
7.846983	0.640	3,111,777.000000
7.857650	0.640	4,817,607.000000
7.868317	0.640	7,600,946.000000
7.878983	0.640	12,150,997.000000
7.889650	0.640	19,209,698.000000
7.900317	0.640	28,955,921.000000
7.910983	0.640	40,247,587.000000
7.921650	0.640	50,468,768.000000
7.932317	0.640	56,422,680.000000
7.942983	0.640	55,918,604.000000
7.953650	0.640	49,055,758.000000
7.964317	0.640	38,194,384.000000
7.974983	0.640	26,608,028.000000
7.985650	0.640	16,862,934.000000
7.996317	0.640	9,990,299.000000
8.006983	0.640	5,728,770.000000
8.017650	0.640	3,284,873.000000
8.028317	0.640	1,925,226.000000
8.038983	0.640	1,167,873.000000
8.049650	0.640	733,457.000000
8.060317	0.640	467,885.000000
8.070983	0.640	298,036.000000
8.081650	0.640	193,498.000000
8.092317	0.640	133,185.000000
8.102983	0.640	97,866.000000
8.113650	0.640	76,717.000000
8.124317	0.640	65,045.000000
8.134983	0.640	58,805.000000
8.145650	0.640	55,156.000000
8.156317	0.640	52,084.000000
8.166983	0.640	46,475.000000
8.177650	0.640	37,919.000000
8.188317	0.640	30,608.000000
8.198983	0.640	26,709.000000
8.209650	0.640	24,444.000000
8.220317	0.640	22,902.000000
8.230983	0.640	21,768.000000
8.241650	0.640	20,635.000000
8.252317	0.640	20,746.000000
8.262983	0.640	22,104.000000
8.273650	0.640	21,932.000000
8.284317	0.640	19,203.000000
8.294983	0.640	16,154.000000
8.305650	0.640	14,798.000000
8.316317	0.640	15,063.000000
8.326983	0.640	15,918.000000
8.337650	0.640	16,654.000000
8.348317	0.640	16,344.000000
8.358983	0.640	14,879.000000
8.369650	0.640	14,367.000000
8.380317	0.640	15,375.000000
8.390983	0.640	15,924.000000
8.401650	0.640	15,795.000000
8.412317	0.640	15,710.000000
8.422983	0.640	14,831.000000
8.433650	0.640	13,448.000000
8.444317	0.640	12,996.000000
8.454983	0.640	12,888.000000
8.465650	0.640	12,585.000000
8.476317	0.640	13,198.000000
8.486983	0.640	14,539.000000
8.497650	0.640	15,899.000000
8.508317	0.640	18,457.000000
8.518983	0.640	22,800.000000
8.529650	0.640	28,047.000000
8.540317	0.640	34,792.000000
8.550983	0.640	45,059.000000
8.561650	0.640	60,333.000000
8.572317	0.640	82,491.000000
8.582983	0.640	117,667.000000
8.593650	0.640	178,332.000000
8.604317	0.640	280,347.000000
8.614983	0.640	439,544.000000
8.625650	0.640	674,789.000000
8.636317	0.640	1,016,994.000000
8.646983	0.640	1,513,321.000000
8.657650	0.640	2,236,805.000000
8.668317	0.640	3,326,597.000000
8.678983	0.640	5,031,133.000000
8.689650	0.640	7,738,735.000000
8.700317	0.640	11,958,026.000000
8.710983	0.640	18,090,369.000000
8.721650	0.640	26,000,336.000000
8.732317	0.640	34,643,898.000000
8.742983	0.640	42,062,028.000000
8.753650	0.640	46,023,985.000000
8.764317	0.640	45,180,371.000000
8.774983	0.640	39,836,998.000000
8.785650	0.640	31,658,472.000000
8.796317	0.640	22,763,088.000000
8.806983	0.640	14,935,186.000000
8.817650	0.640	9,126,103.000000
8.828317	0.640	5,360,915.000000
8.838983	0.640	3,121,559.000000
8.849650	0.640	1,840,625.000000
8.860317	0.640	1,116,984.000000
8.870983	0.640	699,617.000000
8.881650	0.640	445,420.000000
8.892317	0.640	288,183.000000
8.902983	0.640	194,352.000000
8.913650	0.640	137,795.000000
8.924317	0.640	101,636.000000
8.934983	0.640	77,490.000000
8.945650	0.640	61,259.000000
8.956317	0.640	51,593.000000
8.966983	0.640	45,894.000000
8.977650	0.640	40,863.000000
8.988317	0.640	36,775.000000
8.998983	0.640	34,472.000000
9.009650	0.640	32,333.000000
9.020317	0.640	29,444.000000
9.030983	0.640	26,318.000000
9.041650	0.640	23,732.000000
9.052317	0.640	22,620.000000
9.062983	0.640	22,305.000000
9.073650	0.640	21,675.000000
9.084317	0.640	21,712.000000
9.094983	0.640	22,630.000000
9.105650	0.640	22,867.000000
9.116317	0.640	22,425.000000
9.126983	0.640	21,937.000000
9.137650	0.640	20,976.000000
9.148317	0.640	20,354.000000
9.158983	0.640	21,426.000000
9.169650	0.640	23,109.000000
9.180317	0.640	24,139.000000
9.190983	0.640	25,504.000000
9.201650	0.640	27,129.000000
9.212317	0.640	27,119.000000
9.222983	0.640	25,722.000000
9.233650	0.640	24,488.000000
9.244317	0.640	22,930.000000
9.254983	0.640	20,818.000000
9.265650	0.640	19,511.000000
9.276317	0.640	18,512.000000
9.286983	0.640	16,759.000000
9.297650	0.640	16,261.000000
9.308317	0.640	18,828.000000
9.318983	0.640	21,899.000000
9.329650	0.640	21,754.000000
9.340317	0.640	19,478.000000
9.350983	0.640	18,745.000000
9.361650	0.640	19,305.000000
9.372317	0.640	19,322.000000
9.382983	0.640	19,360.000000
9.393650	0.640	19,418.000000
9.404317	0.640	18,694.000000
9.414983	0.640	18,718.000000
9.425650	0.640	20,804.000000
9.436317	0.640	23,168.000000
9.446983	0.640	24,518.000000
9.457650	0.640	25,697.000000
9.468317	0.640	27,618.000000
9.478983	0.640	31,464.000000
9.489650	0.640	38,817.000000
9.500317	0.640	52,391.000000
9.510983	0.640	77,204.000000
9.521650	0.640	118,653.000000
9.532317	0.640	183,352.000000
9.542983	0.640	284,079.000000
9.553650	0.640	441,706.000000
9.564317	0.640	682,537.000000
9.574983	0.640	1,037,717.000000
9.585650	0.640	1,553,375.000000
9.596317	0.640	2,305,140.000000
9.606983	0.640	3,414,944.000000
9.617650	0.640	5,104,389.000000
9.628317	0.640	7,797,842.000000
9.638983	0.640	12,189,395.000000
9.649650	0.640	19,123,192.000000
9.660317	0.640	29,151,436.000000
9.670983	0.640	41,773,520.000000
9.681650	0.640	54,779,041.000000
9.692317	0.640	64,533,260.000000
9.702983	0.640	67,613,931.000000
9.713650	0.640	62,806,593.000000
9.724317	0.640	51,792,703.000000
9.734983	0.640	38,093,293.000000
9.745650	0.640	25,240,997.000000
9.756317	0.640	15,367,408.000000
9.766983	0.640	8,883,849.000000
9.777650	0.640	5,088,434.000000
9.788317	0.640	2,989,434.000000
9.798983	0.640	1,816,577.000000
9.809650	0.640	1,130,366.000000
9.820317	0.640	716,196.000000
9.830983	0.640	464,564.000000
9.841650	0.640	310,264.000000
9.852317	0.640	213,678.000000
9.862983	0.640	153,144.000000
9.873650	0.640	115,803.000000
9.884317	0.640	93,055.000000
9.894983	0.640	81,168.000000
9.905650	0.640	77,564.000000
9.916317	0.640	78,426.000000
9.926983	0.640	84,000.000000
9.937650	0.640	99,629.000000
9.948317	0.640	128,403.000000
9.958983	0.640	169,614.000000
9.969650	0.640	226,400.000000
9.980317	0.640	309,689.000000
9.990983	0.640	439,072.000000
10.001650	0.640	647,609.000000
10.012317	0.640	985,867.000000
10.022983	0.640	1,516,526.000000
10.033650	0.640	2,281,086.000000
10.044317	0.640	3,234,400.000000
10.054983	0.640	4,198,226.000000
10.065650	0.640	4,900,377.000000
10.076317	0.640	5,096,571.000000
10.086983	0.640	4,703,049.000000
10.097650	0.640	3,850,560.000000
10.108317	0.640	2,811,816.000000
10.118983	0.640	1,857,099.000000
10.129650	0.640	1,141,097.000000
10.140317	0.640	682,431.000000
10.150983	0.640	419,909.000000
10.161650	0.640	277,457.000000
10.172317	0.640	199,504.000000
10.182983	0.640	157,017.000000
10.193650	0.640	135,897.000000
10.204317	0.640	126,939.000000
10.214983	0.640	123,254.000000
10.225650	0.640	119,806.000000
10.236317	0.640	115,182.000000
10.246983	0.640	110,672.000000
10.257650	0.640	104,229.000000
10.268317	0.640	92,425.000000
10.278983	0.640	77,649.000000
10.289650	0.640	64,879.000000
10.300317	0.640	54,617.000000
10.310983	0.640	44,810.000000
10.321650	0.640	36,367.000000
10.332317	0.640	31,802.000000
10.342983	0.640	30,275.000000
10.353650	0.640	29,162.000000
10.364317	0.640	28,467.000000
10.374983	0.640	28,808.000000
10.385650	0.640	29,822.000000
10.396317	0.640	31,618.000000
10.406983	0.640	32,912.000000
10.417650	0.640	32,309.000000
10.428317	0.640	30,853.000000
10.438983	0.640	29,068.000000
10.449650	0.640	26,917.000000
10.460317	0.640	25,716.000000
10.470983	0.640	25,744.000000
10.481650	0.640	25,726.000000
10.492317	0.640	24,968.000000
10.502983	0.640	23,957.000000
10.513650	0.640	23,775.000000
10.524317	0.640	24,257.000000
10.534983	0.640	23,912.000000
10.545650	0.640	22,420.000000
10.556317	0.640	21,355.000000
10.566983	0.640	22,380.000000
10.577650	0.640	24,416.000000
10.588317	0.640	24,632.000000
10.598983	0.640	23,383.000000
10.609650	0.640	23,019.000000
10.620317	0.640	23,446.000000
10.630983	0.640	24,347.000000
10.641650	0.640	26,303.000000
10.652317	0.640	27,863.000000
10.662983	0.640	27,225.000000
10.673650	0.640	25,210.000000
10.684317	0.640	24,127.000000
10.694983	0.640	25,512.000000
10.705650	0.640	28,510.000000
10.716317	0.640	30,288.000000
10.726983	0.640	29,358.000000
10.737650	0.640	26,957.000000
10.748317	0.640	25,008.000000
10.758983	0.640	24,520.000000
10.769650	0.640	24,635.000000
10.780317	0.640	23,722.000000
10.790983	0.640	22,342.000000
10.801650	0.640	22,695.000000
10.812317	0.640	24,648.000000
10.822983	0.640	25,400.000000
10.833650	0.640	24,292.000000
10.844317	0.640	23,479.000000
10.854983	0.640	23,526.000000
10.865650	0.640	23,589.000000
10.876317	0.640	24,267.000000
10.886983	0.640	25,585.000000
10.897650	0.640	26,255.000000
10.908317	0.640	27,385.000000
10.918983	0.640	30,280.000000
10.929650	0.640	33,655.000000
10.940317	0.640	38,581.000000
10.950983	0.640	48,996.000000
10.961650	0.640	66,342.000000
10.972317	0.640	89,344.000000
10.982983	0.640	118,444.000000
10.993650	0.640	159,199.000000
11.004317	0.640	221,009.000000
11.014983	0.640	315,029.000000
11.025650	0.640	457,780.000000
11.036317	0.640	671,740.000000
11.046983	0.640	972,095.000000
11.057650	0.640	1,349,786.000000
11.068317	0.640	1,760,537.000000
11.078983	0.640	2,123,108.000000
11.089650	0.640	2,342,677.000000
11.100317	0.640	2,348,793.000000
11.110983	0.640	2,127,581.000000
11.121650	0.640	1,742,293.000000
11.132317	0.640	1,305,553.000000
11.142983	0.640	915,708.000000
11.153650	0.640	627,871.000000
11.164317	0.640	459,063.000000
11.174983	0.640	396,261.000000
11.185650	0.640	411,465.000000
11.196317	0.640	484,144.000000
11.206983	0.640	615,152.000000
11.217650	0.640	819,412.000000
11.228317	0.640	1,112,797.000000
11.238983	0.640	1,520,384.000000
11.249650	0.640	2,107,612.000000
11.260317	0.640	3,010,921.000000
11.270983	0.640	4,445,180.000000
11.281650	0.640	6,674,861.000000
11.292317	0.640	9,923,387.000000
11.302983	0.640	14,195,430.000000
11.313650	0.640	19,059,828.000000
11.324317	0.640	23,558,462.000000
11.334983	0.640	26,441,480.000000
11.345650	0.640	26,737,319.000000
11.356317	0.640	24,295,184.000000
11.366983	0.640	19,860,071.000000
11.377650	0.640	14,663,136.000000
11.388317	0.640	9,860,169.000000
11.398983	0.640	6,135,907.000000
11.409650	0.640	3,627,910.000000
11.420317	0.640	2,110,228.000000
11.430983	0.640	1,247,498.000000
11.441650	0.640	764,210.000000
11.452317	0.640	486,491.000000
11.462983	0.640	318,415.000000
11.473650	0.640	213,594.000000
11.484317	0.640	149,129.000000
11.494983	0.640	109,903.000000
11.505650	0.640	86,164.000000
11.516317	0.640	71,749.000000
11.526983	0.640	63,129.000000
11.537650	0.640	59,143.000000
11.548317	0.640	58,064.000000
11.558983	0.640	57,772.000000
11.569650	0.640	58,321.000000
11.580317	0.640	59,649.000000
11.590983	0.640	59,272.000000
11.601650	0.640	55,114.000000
11.612317	0.640	47,732.000000
11.622983	0.640	40,146.000000
11.633650	0.640	36,271.000000
11.644317	0.640	36,525.000000
11.654983	0.640	37,311.000000
11.665650	0.640	36,849.000000
11.676317	0.640	36,053.000000
11.686983	0.640	35,411.000000
11.697650	0.640	35,935.000000
11.708317	0.640	37,712.000000
11.718983	0.640	38,595.000000
11.729650	0.640	38,882.000000
11.740317	0.640	40,652.000000
11.750983	0.640	43,774.000000
11.761650	0.640	47,783.000000
11.772317	0.640	52,948.000000
11.782983	0.640	58,484.000000
11.793650	0.640	63,542.000000
11.804317	0.640	71,251.000000
11.814983	0.640	88,716.000000
11.825650	0.640	119,055.000000
11.836317	0.640	160,383.000000
11.846983	0.640	219,285.000000
11.857650	0.640	310,759.000000
11.868317	0.640	444,238.000000
11.878983	0.640	629,724.000000
11.889650	0.640	883,682.000000
11.900317	0.640	1,230,167.000000
11.910983	0.640	1,731,064.000000
11.921650	0.640	2,513,109.000000
11.932317	0.640	3,779,085.000000
11.942983	0.640	5,798,135.000000
11.953650	0.640	8,789,026.000000
11.964317	0.640	12,694,678.000000
11.974983	0.640	16,984,581.000000
11.985650	0.640	20,666,008.000000
11.996317	0.640	22,612,993.000000
12.006983	0.640	22,091,735.000000
12.017650	0.640	19,193,453.000000
12.028317	0.640	14,844,327.000000
12.038983	0.640	10,300,487.000000
12.049650	0.640	6,521,695.000000
12.060317	0.640	3,875,400.000000
12.070983	0.640	2,245,922.000000
12.081650	0.640	1,321,892.000000
12.092317	0.640	811,494.000000
12.102983	0.640	521,111.000000
12.113650	0.640	348,752.000000
12.124317	0.640	243,723.000000
12.134983	0.640	176,417.000000
12.145650	0.640	131,584.000000
12.156317	0.640	103,321.000000
12.166983	0.640	85,693.000000
12.177650	0.640	73,394.000000
12.188317	0.640	65,419.000000
12.198983	0.640	60,710.000000
12.209650	0.640	56,018.000000
12.220317	0.640	50,451.000000
12.230983	0.640	46,457.000000
12.241650	0.640	44,858.000000
12.252317	0.640	43,404.000000
12.262983	0.640	41,338.000000
12.273650	0.640	40,303.000000
12.284317	0.640	40,856.000000
12.294983	0.640	42,091.000000
12.305650	0.640	43,130.000000
12.316317	0.640	43,084.000000
12.326983	0.640	41,164.000000
12.337650	0.640	38,504.000000
12.348317	0.640	37,527.000000
12.358983	0.640	38,272.000000
12.369650	0.640	38,737.000000
12.380317	0.640	38,420.000000
12.390983	0.640	38,719.000000
12.401650	0.640	40,622.000000
12.412317	0.640	43,487.000000
12.422983	0.640	45,662.000000
12.433650	0.640	45,869.000000
12.444317	0.640	44,275.000000
12.454983	0.640	42,352.000000
12.465650	0.640	42,021.000000
12.476317	0.640	43,968.000000
12.486983	0.640	46,780.000000
12.497650	0.640	48,834.000000
12.508317	0.640	49,684.000000
12.518983	0.640	49,555.000000
12.529650	0.640	49,377.000000
12.540317	0.640	50,707.000000
12.550983	0.640	53,105.000000
12.561650	0.640	54,182.000000
12.572317	0.640	54,522.000000
12.582983	0.640	56,113.000000
12.593650	0.640	57,282.000000
12.604317	0.640	56,317.000000
12.614983	0.640	54,439.000000
12.625650	0.640	52,774.000000
12.636317	0.640	51,913.000000
12.646983	0.640	51,509.000000
12.657650	0.640	49,638.000000
12.668317	0.640	46,417.000000
12.678983	0.640	44,133.000000
12.689650	0.640	43,098.000000
12.700317	0.640	42,275.000000
12.710983	0.640	41,779.000000
12.721650	0.640	41,825.000000
12.732317	0.640	42,118.000000
12.742983	0.640	42,445.000000
12.753650	0.640	42,649.000000
12.764317	0.640	42,926.000000
12.774983	0.640	43,253.000000
12.785650	0.640	43,644.000000
12.796317	0.640	45,677.000000
12.806983	0.640	50,708.000000
12.817650	0.640	56,557.000000
12.828317	0.640	58,663.000000
12.838983	0.640	55,960.000000
12.849650	0.640	52,241.000000
12.860317	0.640	49,299.000000
12.870983	0.640	45,034.000000
12.881650	0.640	40,017.000000
12.892317	0.640	37,830.000000
12.902983	0.640	38,260.000000
12.913650	0.640	37,801.000000
12.924317	0.640	36,055.000000
12.934983	0.640	34,959.000000
12.945650	0.640	34,382.000000
12.956317	0.640	33,193.000000
12.966983	0.640	31,458.000000
12.977650	0.640	30,107.000000
12.988317	0.640	29,601.000000
12.998983	0.640	29,108.000000
13.009650	0.640	28,438.000000
13.020317	0.640	28,727.000000
13.030983	0.640	29,865.000000
13.041650	0.640	30,382.000000
13.052317	0.640	29,656.000000
13.062983	0.640	28,890.000000
13.073650	0.640	29,526.000000
13.084317	0.640	30,928.000000
13.094983	0.640	31,880.000000
13.105650	0.640	33,060.000000
13.116317	0.640	35,251.000000
13.126983	0.640	37,178.000000
13.137650	0.640	37,305.000000
13.148317	0.640	36,322.000000
13.158983	0.640	36,383.000000
13.169650	0.640	38,027.000000
13.180317	0.640	39,269.000000
13.190983	0.640	38,489.000000
13.201650	0.640	36,134.000000
13.212317	0.640	33,695.000000
13.222983	0.640	32,687.000000
13.233650	0.640	33,195.000000
13.244317	0.640	34,014.000000
13.254983	0.640	34,158.000000
13.265650	0.640	33,221.000000
13.276317	0.640	32,235.000000
13.286983	0.640	32,803.000000
13.297650	0.640	34,623.000000
13.308317	0.640	35,634.000000
13.318983	0.640	34,236.000000
13.329650	0.640	31,302.000000
13.340317	0.640	29,115.000000
13.350983	0.640	28,046.000000
13.361650	0.640	27,177.000000
13.372317	0.640	27,121.000000
13.382983	0.640	27,869.000000
13.393650	0.640	27,832.000000
13.404317	0.640	27,810.000000
13.414983	0.640	29,126.000000
13.425650	0.640	30,006.000000
13.436317	0.640	29,440.000000
13.446983	0.640	28,856.000000
13.457650	0.640	28,855.000000
13.468317	0.640	29,177.000000
13.478983	0.640	29,605.000000
13.489650	0.640	29,416.000000
13.500317	0.640	28,583.000000
13.510983	0.640	28,329.000000
13.521650	0.640	29,292.000000
13.532317	0.640	30,477.000000
13.542983	0.640	30,781.000000
13.553650	0.640	30,505.000000
13.564317	0.640	29,861.000000
13.574983	0.640	28,724.000000
13.585650	0.640	28,288.000000
13.596317	0.640	29,154.000000
13.606983	0.640	30,188.000000
13.617650	0.640	30,908.000000
13.628317	0.640	31,708.000000
13.638983	0.640	32,665.000000
13.649650	0.640	33,329.000000
13.660317	0.640	32,757.000000
13.670983	0.640	31,163.000000
13.681650	0.640	30,452.000000
13.692317	0.640	30,976.000000
13.702983	0.640	31,685.000000
13.713650	0.640	33,626.000000
13.724317	0.640	38,096.000000
13.734983	0.640	43,672.000000
13.745650	0.640	49,489.000000
13.756317	0.640	57,607.000000
13.766983	0.640	68,501.000000
13.777650	0.640	80,457.000000
13.788317	0.640	94,366.000000
13.798983	0.640	112,555.000000
13.809650	0.640	136,941.000000
13.820317	0.640	169,342.000000
13.830983	0.640	209,918.000000
13.841650	0.640	260,771.000000
13.852317	0.640	330,978.000000
13.862983	0.640	433,945.000000
13.873650	0.640	582,946.000000
13.884317	0.640	789,863.000000
13.894983	0.640	1,066,108.000000
13.905650	0.640	1,418,466.000000
13.916317	0.640	1,831,073.000000
13.926983	0.640	2,252,742.000000
13.937650	0.640	2,614,499.000000
13.948317	0.640	2,854,395.000000
13.958983	0.640	2,922,207.000000
13.969650	0.640	2,792,097.000000
13.980317	0.640	2,485,666.000000
13.990983	0.640	2,064,088.000000
14.001650	0.640	1,604,950.000000
14.012317	0.640	1,180,102.000000
14.022983	0.640	829,342.000000
14.033650	0.640	562,502.000000
14.044317	0.640	379,023.000000
14.054983	0.640	266,643.000000
14.065650	0.640	201,077.000000
14.076317	0.640	161,491.000000
14.086983	0.640	136,623.000000
14.097650	0.640	120,289.000000
14.108317	0.640	109,757.000000
14.118983	0.640	102,897.000000
14.129650	0.640	96,317.000000
14.140317	0.640	88,622.000000
14.150983	0.640	80,206.000000
14.161650	0.640	71,102.000000
14.172317	0.640	62,630.000000
14.182983	0.640	56,265.000000
14.193650	0.640	50,971.000000
14.204317	0.640	45,754.000000
14.214983	0.640	41,484.000000
14.225650	0.640	38,820.000000
14.236317	0.640	37,497.000000
14.246983	0.640	37,105.000000
14.257650	0.640	37,130.000000
14.268317	0.640	37,154.000000
14.278983	0.640	37,383.000000
14.289650	0.640	38,072.000000
14.300317	0.640	38,487.000000
14.310983	0.640	38,248.000000
14.321650	0.640	39,212.000000
14.332317	0.640	42,364.000000
14.342983	0.640	45,021.000000
14.353650	0.640	45,551.000000
14.364317	0.640	46,631.000000
14.374983	0.640	49,744.000000
14.385650	0.640	51,900.000000
14.396317	0.640	51,508.000000
14.406983	0.640	50,269.000000
14.417650	0.640	48,058.000000
14.428317	0.640	44,417.000000
14.438983	0.640	41,601.000000
14.449650	0.640	40,312.000000
14.460317	0.640	39,403.000000
14.470983	0.640	40,118.000000
14.481650	0.640	43,181.000000
14.492317	0.640	45,533.000000
14.502983	0.640	44,933.000000
14.513650	0.640	43,120.000000
14.524317	0.640	41,764.000000
14.534983	0.640	40,256.000000
14.545650	0.640	39,174.000000
14.556317	0.640	39,831.000000
14.566983	0.640	41,287.000000
14.577650	0.640	42,570.000000
14.588317	0.640	44,073.000000
14.598983	0.640	45,754.000000
14.609650	0.640	47,728.000000
14.620317	0.640	51,120.000000
14.630983	0.640	56,293.000000
14.641650	0.640	62,263.000000
14.652317	0.640	68,877.000000
14.662983	0.640	77,398.000000
14.673650	0.640	87,270.000000
14.684317	0.640	93,873.000000
14.694983	0.640	92,140.000000
14.705650	0.640	82,535.000000
14.716317	0.640	71,280.000000
14.726983	0.640	63,642.000000
14.737650	0.640	59,440.000000
14.748317	0.640	57,140.000000
14.758983	0.640	57,520.000000
14.769650	0.640	61,788.000000
14.780317	0.640	70,265.000000
14.790983	0.640	79,645.000000
14.801650	0.640	83,078.000000
14.812317	0.640	78,485.000000
14.822983	0.640	71,123.000000
14.833650	0.640	66,093.000000
14.844317	0.640	63,463.000000
14.854983	0.640	61,243.000000
14.865650	0.640	59,136.000000
14.876317	0.640	57,168.000000
14.886983	0.640	55,070.000000
14.897650	0.640	53,964.000000
14.908317	0.640	54,151.000000
14.918983	0.640	53,588.000000
14.929650	0.640	50,996.000000
14.940317	0.640	48,027.000000
14.950983	0.640	47,904.000000
14.961650	0.640	51,056.000000
14.972317	0.640	54,118.000000
14.982983	0.640	54,844.000000
14.993650	0.640	53,904.000000
15.004317	0.640	52,863.000000
15.014983	0.640	53,248.000000
15.025650	0.640	55,071.000000
15.036317	0.640	56,760.000000
15.046983	0.640	57,629.000000
15.057650	0.640	57,198.000000
15.068317	0.640	55,396.000000
15.078983	0.640	54,942.000000
15.089650	0.640	57,628.000000
15.100317	0.640	62,010.000000
15.110983	0.640	67,152.000000
15.121650	0.640	73,094.000000
15.132317	0.640	78,653.000000
15.142983	0.640	81,664.000000
15.153650	0.640	81,019.000000
15.164317	0.640	77,395.000000
15.174983	0.640	71,820.000000
15.185650	0.640	65,827.000000
15.196317	0.640	62,752.000000
15.206983	0.640	63,478.000000
15.217650	0.640	62,818.000000
15.228317	0.640	58,674.000000
15.238983	0.640	57,339.000000
15.249650	0.640	61,701.000000
15.260317	0.640	65,890.000000
15.270983	0.640	65,047.000000
15.281650	0.640	61,470.000000
15.292317	0.640	59,553.000000
15.302983	0.640	59,561.000000
15.313650	0.640	60,234.000000
15.324317	0.640	62,096.000000
15.334983	0.640	64,919.000000
15.345650	0.640	67,080.000000
15.356317	0.640	67,041.000000
15.366983	0.640	64,669.000000
15.377650	0.640	62,046.000000
15.388317	0.640	61,222.000000
15.398983	0.640	62,671.000000
15.409650	0.640	65,251.000000
15.420317	0.640	66,837.000000
15.430983	0.640	67,194.000000
15.441650	0.640	67,876.000000
15.452317	0.640	69,514.000000
15.462983	0.640	71,091.000000
15.473650	0.640	71,050.000000
15.484317	0.640	70,285.000000
15.494983	0.640	71,375.000000
15.505650	0.640	74,021.000000
15.516317	0.640	76,905.000000
15.526983	0.640	81,616.000000
15.537650	0.640	89,802.000000
15.548317	0.640	101,290.000000
15.558983	0.640	116,752.000000
15.569650	0.640	136,361.000000
15.580317	0.640	153,735.000000
15.590983	0.640	157,751.000000
15.601650	0.640	145,011.000000
15.612317	0.640	123,820.000000
15.622983	0.640	104,469.000000
15.633650	0.640	91,762.000000
15.644317	0.640	84,838.000000
15.654983	0.640	80,432.000000
15.665650	0.640	76,505.000000
15.676317	0.640	73,404.000000
15.686983	0.640	71,940.000000
15.697650	0.640	70,926.000000
15.708317	0.640	69,157.000000
15.718983	0.640	68,380.000000
15.729650	0.640	70,621.000000
15.740317	0.640	75,911.000000
15.750983	0.640	84,457.000000
15.761650	0.640	96,741.000000
15.772317	0.640	112,641.000000
15.782983	0.640	136,218.000000
15.793650	0.640	179,507.000000
15.804317	0.640	257,692.000000
15.814983	0.640	389,556.000000
15.825650	0.640	613,187.000000
15.836317	0.640	1,007,537.000000
15.846983	0.640	1,729,657.000000
15.857650	0.640	3,040,159.000000
15.868317	0.640	5,179,513.000000
15.878983	0.640	8,037,550.000000
15.889650	0.640	10,865,047.000000
15.900317	0.640	12,466,468.000000
15.910983	0.640	11,982,182.000000
15.921650	0.640	9,613,098.000000
15.932317	0.640	6,488,419.000000
15.942983	0.640	3,791,975.000000
15.953650	0.640	2,050,551.000000
15.964317	0.640	1,138,643.000000
15.974983	0.640	705,839.000000
15.985650	0.640	489,341.000000
15.996317	0.640	362,082.000000
16.006983	0.640	277,056.000000
16.017650	0.640	220,942.000000
16.028317	0.640	186,508.000000
16.038983	0.640	166,796.000000
16.049650	0.640	157,563.000000
16.060317	0.640	155,333.000000
16.070983	0.640	158,307.000000
16.081650	0.640	166,554.000000
16.092317	0.640	177,125.000000
16.102983	0.640	183,795.000000
16.113650	0.640	184,197.000000
16.124317	0.640	181,881.000000
16.134983	0.640	180,427.000000
16.145650	0.640	180,328.000000
16.156317	0.640	181,815.000000
16.166983	0.640	185,124.000000
16.177650	0.640	186,877.000000
16.188317	0.640	183,051.000000
16.198983	0.640	174,191.000000
16.209650	0.640	162,973.000000
16.220317	0.640	152,696.000000
16.230983	0.640	148,609.000000
16.241650	0.640	152,211.000000
16.252317	0.640	157,038.000000
16.262983	0.640	157,284.000000
16.273650	0.640	154,774.000000
16.284317	0.640	151,905.000000
16.294983	0.640	146,479.000000
16.305650	0.640	138,927.000000
16.316317	0.640	133,984.000000
16.326983	0.640	132,216.000000
16.337650	0.640	131,140.000000
16.348317	0.640	131,470.000000
16.358983	0.640	133,648.000000
16.369650	0.640	135,391.000000
16.380317	0.640	135,451.000000
16.390983	0.640	135,371.000000
16.401650	0.640	137,277.000000
16.412317	0.640	140,024.000000
16.422983	0.640	141,052.000000
16.433650	0.640	142,017.000000
16.444317	0.640	146,709.000000
16.454983	0.640	156,544.000000
16.465650	0.640	175,874.000000
16.476317	0.640	217,091.000000
16.486983	0.640	295,057.000000
16.497650	0.640	426,907.000000
16.508317	0.640	645,274.000000
16.518983	0.640	1,014,506.000000
16.529650	0.640	1,647,505.000000
16.540317	0.640	2,752,047.000000
16.550983	0.640	4,727,409.000000
16.561650	0.640	8,177,507.000000
16.572317	0.640	13,567,536.000000
16.582983	0.640	20,457,501.000000
16.593650	0.640	26,922,640.000000
16.604317	0.640	30,211,379.000000
16.614983	0.640	28,618,755.000000
16.625650	0.640	22,857,995.000000
16.636317	0.640	15,511,997.000000
16.646983	0.640	9,169,010.000000
16.657650	0.640	4,994,111.000000
16.668317	0.640	2,739,320.000000
16.678983	0.640	1,633,303.000000
16.689650	0.640	1,063,841.000000
16.700317	0.640	725,177.000000
16.710983	0.640	505,570.000000
16.721650	0.640	363,146.000000
16.732317	0.640	272,452.000000
16.742983	0.640	217,696.000000
16.753650	0.640	188,821.000000
16.764317	0.640	174,893.000000
16.774983	0.640	165,505.000000
16.785650	0.640	157,091.000000
16.796317	0.640	152,483.000000
16.806983	0.640	153,967.000000
16.817650	0.640	159,841.000000
16.828317	0.640	167,910.000000
16.838983	0.640	179,989.000000
16.849650	0.640	197,548.000000
16.860317	0.640	213,261.000000
16.870983	0.640	216,217.000000
16.881650	0.640	206,038.000000
16.892317	0.640	192,673.000000
16.902983	0.640	182,441.000000
16.913650	0.640	174,312.000000
16.924317	0.640	167,032.000000
16.934983	0.640	160,204.000000
16.945650	0.640	153,737.000000
16.956317	0.640	148,466.000000
16.966983	0.640	144,986.000000
16.977650	0.640	143,921.000000
16.988317	0.640	144,186.000000
16.998983	0.640	144,256.000000
17.009650	0.640	145,922.000000
17.020317	0.640	149,403.000000
17.030983	0.640	151,004.000000
17.041650	0.640	150,582.000000
17.052317	0.640	152,970.000000
17.062983	0.640	159,807.000000
17.073650	0.640	167,307.000000
17.084317	0.640	174,533.000000
17.094983	0.640	186,356.000000
17.105650	0.640	207,171.000000
17.116317	0.640	240,041.000000
17.126983	0.640	288,267.000000
17.137650	0.640	350,372.000000
17.148317	0.640	419,215.000000
17.158983	0.640	487,720.000000
17.169650	0.640	549,693.000000
17.180317	0.640	596,879.000000
17.190983	0.640	620,791.000000
17.201650	0.640	616,606.000000
17.212317	0.640	583,206.000000
17.222983	0.640	524,351.000000
17.233650	0.640	450,403.000000
17.244317	0.640	374,624.000000
17.254983	0.640	309,217.000000
17.265650	0.640	260,840.000000
17.276317	0.640	226,344.000000
17.286983	0.640	199,683.000000
17.297650	0.640	180,457.000000
17.308317	0.640	170,093.000000
17.318983	0.640	166,287.000000
17.329650	0.640	164,042.000000
17.340317	0.640	160,639.000000
17.350983	0.640	158,729.000000
17.361650	0.640	161,254.000000
17.372317	0.640	166,634.000000
17.382983	0.640	171,326.000000
17.393650	0.640	172,914.000000
17.404317	0.640	172,319.000000
17.414983	0.640	174,684.000000
17.425650	0.640	183,700.000000
17.436317	0.640	195,486.000000
17.446983	0.640	203,991.000000
17.457650	0.640	210,140.000000
17.468317	0.640	218,338.000000
17.478983	0.640	229,720.000000
17.489650	0.640	243,769.000000
17.500317	0.640	258,232.000000
17.510983	0.640	270,896.000000
17.521650	0.640	283,660.000000
17.532317	0.640	297,228.000000
17.542983	0.640	313,065.000000
17.553650	0.640	340,167.000000
17.564317	0.640	385,417.000000
17.574983	0.640	444,667.000000
17.585650	0.640	507,224.000000
17.596317	0.640	561,684.000000
17.606983	0.640	594,018.000000
17.617650	0.640	588,462.000000
17.628317	0.640	543,929.000000
17.638983	0.640	479,238.000000
17.649650	0.640	413,715.000000
17.660317	0.640	356,619.000000
17.670983	0.640	312,777.000000
17.681650	0.640	284,194.000000
17.692317	0.640	268,382.000000
17.702983	0.640	260,365.000000
17.713650	0.640	255,877.000000
17.724317	0.640	252,746.000000
17.734983	0.640	250,061.000000
17.745650	0.640	247,947.000000
17.756317	0.640	247,514.000000
17.766983	0.640	248,954.000000
17.777650	0.640	250,897.000000
17.788317	0.640	252,371.000000
17.798983	0.640	253,174.000000
17.809650	0.640	252,643.000000
17.820317	0.640	251,145.000000
17.830983	0.640	250,824.000000
17.841650	0.640	253,653.000000
17.852317	0.640	259,228.000000
17.862983	0.640	263,903.000000
17.873650	0.640	266,183.000000
17.884317	0.640	268,983.000000
17.894983	0.640	272,506.000000
17.905650	0.640	274,413.000000
17.916317	0.640	276,886.000000
17.926983	0.640	284,287.000000
17.937650	0.640	294,958.000000
17.948317	0.640	301,955.000000
17.958983	0.640	303,295.000000
17.969650	0.640	305,286.000000
17.980317	0.640	312,893.000000
17.990983	0.640	322,822.000000
18.001650	0.640	329,247.000000
18.012317	0.640	332,048.000000
18.022983	0.640	334,975.000000
18.033650	0.640	340,079.000000
18.044317	0.640	348,122.000000
18.054983	0.640	359,010.000000
18.065650	0.640	369,922.000000
18.076317	0.640	378,389.000000
18.086983	0.640	389,359.000000
18.097650	0.640	410,993.000000
18.108317	0.640	444,215.000000
18.118983	0.640	488,022.000000
18.129650	0.640	548,097.000000
18.140317	0.640	635,192.000000
18.150983	0.640	763,349.000000
18.161650	0.640	948,386.000000
18.172317	0.640	1,208,911.000000
18.182983	0.640	1,570,296.000000
18.193650	0.640	2,064,980.000000
18.204317	0.640	2,739,813.000000
18.214983	0.640	3,672,243.000000
18.225650	0.640	4,979,078.000000
18.236317	0.640	6,820,855.000000
18.246983	0.640	9,434,151.000000
18.257650	0.640	13,189,071.000000
18.268317	0.640	18,561,306.000000
18.278983	0.640	25,936,949.000000
18.289650	0.640	35,332,972.000000
18.300317	0.640	46,141,287.000000
18.310983	0.640	56,981,746.000000
18.321650	0.640	65,875,751.000000
18.332317	0.640	70,865,896.000000
18.342983	0.640	70,739,184.000000
18.353650	0.640	65,425,991.000000
18.364317	0.640	56,043,857.000000
18.374983	0.640	44,553,062.000000
18.385650	0.640	33,017,151.000000
18.396317	0.640	22,948,722.000000
18.406983	0.640	15,096,968.000000
18.417650	0.640	9,528,496.000000
18.428317	0.640	5,867,240.000000
18.438983	0.640	3,595,078.000000
18.449650	0.640	2,247,139.000000
18.460317	0.640	1,478,188.000000
18.470983	0.640	1,061,917.000000
18.481650	0.640	859,635.000000
18.492317	0.640	795,454.000000
18.502983	0.640	839,686.000000
18.513650	0.640	982,851.000000
18.524317	0.640	1,219,811.000000
18.534983	0.640	1,558,928.000000
18.545650	0.640	2,037,449.000000
18.556317	0.640	2,727,728.000000
18.566983	0.640	3,741,342.000000
18.577650	0.640	5,242,217.000000
18.588317	0.640	7,446,425.000000
18.598983	0.640	10,549,581.000000
18.609650	0.640	14,581,335.000000
18.620317	0.640	19,284,260.000000
18.630983	0.640	24,078,202.000000
18.641650	0.640	28,115,689.000000
18.652317	0.640	30,471,904.000000
18.662983	0.640	30,500,951.000000
18.673650	0.640	28,177,499.000000
18.684317	0.640	24,086,148.000000
18.694983	0.640	19,096,504.000000
18.705650	0.640	14,071,784.000000
18.716317	0.640	9,690,709.000000
18.726983	0.640	6,317,199.000000
18.737650	0.640	3,971,823.000000
18.748317	0.640	2,451,048.000000
18.758983	0.640	1,504,692.000000
18.769650	0.640	933,444.000000
18.780317	0.640	597,469.000000
18.790983	0.640	402,934.000000
18.801650	0.640	288,946.000000
18.812317	0.640	218,449.000000
18.822983	0.640	172,995.000000
18.833650	0.640	144,261.000000
18.844317	0.640	126,953.000000
18.854983	0.640	117,770.000000
18.865650	0.640	114,953.000000
18.876317	0.640	116,854.000000
18.886983	0.640	121,813.000000
18.897650	0.640	129,918.000000
18.908317	0.640	143,482.000000
18.918983	0.640	163,775.000000
18.929650	0.640	190,119.000000
18.940317	0.640	224,004.000000
18.950983	0.640	270,621.000000
18.961650	0.640	334,598.000000
18.972317	0.640	416,799.000000
18.982983	0.640	519,535.000000
18.993650	0.640	653,374.000000
19.004317	0.640	838,616.000000
19.014983	0.640	1,106,523.000000
19.025650	0.640	1,494,593.000000
19.036317	0.640	2,036,326.000000
19.046983	0.640	2,761,168.000000
19.057650	0.640	3,682,323.000000
19.068317	0.640	4,749,568.000000
19.078983	0.640	5,830,725.000000
19.089650	0.640	6,758,559.000000
19.100317	0.640	7,375,173.000000
19.110983	0.640	7,553,996.000000
19.121650	0.640	7,238,646.000000
19.132317	0.640	6,477,692.000000
19.142983	0.640	5,414,011.000000
19.153650	0.640	4,240,292.000000
19.164317	0.640	3,136,583.000000
19.174983	0.640	2,211,573.000000
19.185650	0.640	1,496,017.000000
19.196317	0.640	978,683.000000
19.206983	0.640	633,469.000000
19.217650	0.640	422,579.000000
19.228317	0.640	298,917.000000
19.238983	0.640	223,500.000000
19.249650	0.640	175,486.000000
19.260317	0.640	145,754.000000
19.270983	0.640	128,909.000000
19.281650	0.640	119,746.000000
19.292317	0.640	114,939.000000
19.302983	0.640	113,177.000000
19.313650	0.640	112,124.000000
19.324317	0.640	109,914.000000
19.334983	0.640	107,518.000000
19.345650	0.640	106,265.000000
19.356317	0.640	106,180.000000
19.366983	0.640	107,785.000000
19.377650	0.640	111,138.000000
19.388317	0.640	113,988.000000
19.398983	0.640	115,127.000000
19.409650	0.640	116,506.000000
19.420317	0.640	118,986.000000
19.430983	0.640	120,905.000000
19.441650	0.640	123,079.000000
19.452317	0.640	128,638.000000
19.462983	0.640	136,826.000000
19.473650	0.640	143,745.000000
19.484317	0.640	148,539.000000
19.494983	0.640	152,555.000000
19.505650	0.640	154,819.000000
19.516317	0.640	153,795.000000
19.526983	0.640	149,849.000000
19.537650	0.640	143,873.000000
19.548317	0.640	137,885.000000
19.558983	0.640	134,186.000000
19.569650	0.640	131,224.000000
19.580317	0.640	127,650.000000
19.590983	0.640	126,600.000000
19.601650	0.640	127,754.000000
19.612317	0.640	127,257.000000
19.622983	0.640	127,605.000000
19.633650	0.640	132,541.000000
19.644317	0.640	139,157.000000
19.654983	0.640	144,927.000000
19.665650	0.640	151,716.000000
19.676317	0.640	160,588.000000
19.686983	0.640	170,196.000000
19.697650	0.640	179,006.000000
19.708317	0.640	187,425.000000
19.718983	0.640	198,702.000000
19.729650	0.640	215,586.000000
19.740317	0.640	236,181.000000
19.750983	0.640	255,955.000000
19.761650	0.640	276,170.000000
19.772317	0.640	307,111.000000
19.782983	0.640	355,749.000000
19.793650	0.640	416,242.000000
19.804317	0.640	482,589.000000
19.814983	0.640	561,888.000000
19.825650	0.640	662,635.000000
19.836317	0.640	778,732.000000
19.846983	0.640	899,649.000000
19.857650	0.640	1,019,798.000000
19.868317	0.640	1,127,095.000000
19.878983	0.640	1,207,131.000000
19.889650	0.640	1,254,697.000000
19.900317	0.640	1,267,087.000000
19.910983	0.640	1,241,436.000000
19.921650	0.640	1,176,309.000000
19.932317	0.640	1,074,502.000000
19.942983	0.640	951,642.000000
19.953650	0.640	824,695.000000
19.964317	0.640	695,680.000000
19.974983	0.640	566,244.000000
19.985650	0.640	449,217.000000
19.996317	0.640	354,108.000000
20.006983	0.640	280,475.000000
20.017650	0.640	225,224.000000
20.028317	0.640	184,514.000000
20.038983	0.640	153,432.000000
20.049650	0.640	128,945.000000
20.060317	0.640	110,411.000000
20.070983	0.640	97,065.000000
20.081650	0.640	87,659.000000
20.092317	0.640	81,699.000000
20.102983	0.640	78,854.000000
20.113650	0.640	78,217.000000
20.124317	0.640	78,767.000000
20.134983	0.640	79,773.000000
20.145650	0.640	81,819.000000
20.156317	0.640	85,785.000000
20.166983	0.640	89,551.000000
20.177650	0.640	91,667.000000
20.188317	0.640	95,454.000000
20.198983	0.640	101,247.000000
20.209650	0.640	103,548.000000
20.220317	0.640	100,978.000000
20.230983	0.640	97,620.000000
20.241650	0.640	94,858.000000
20.252317	0.640	91,098.000000
20.262983	0.640	85,441.000000
20.273650	0.640	77,833.000000
20.284317	0.640	70,001.000000
20.294983	0.640	64,141.000000
20.305650	0.640	60,108.000000
20.316317	0.640	57,134.000000
20.326983	0.640	55,123.000000
20.337650	0.640	53,733.000000
20.348317	0.640	52,761.000000
20.358983	0.640	52,546.000000
20.369650	0.640	53,097.000000
20.380317	0.640	53,229.000000
20.390983	0.640	52,087.000000
20.401650	0.640	50,559.000000
20.412317	0.640	49,526.000000
20.422983	0.640	48,985.000000
20.433650	0.640	48,446.000000
20.444317	0.640	47,620.000000
20.454983	0.640	47,581.000000
20.465650	0.640	48,618.000000
20.476317	0.640	48,946.000000
20.486983	0.640	48,497.000000
20.497650	0.640	48,984.000000
20.508317	0.640	49,730.000000
20.518983	0.640	49,030.000000
20.529650	0.640	47,711.000000
20.540317	0.640	47,545.000000
20.550983	0.640	48,653.000000
20.561650	0.640	49,770.000000
20.572317	0.640	49,342.000000
20.582983	0.640	47,144.000000
20.593650	0.640	45,040.000000
20.604317	0.640	44,466.000000
20.614983	0.640	44,827.000000
20.625650	0.640	45,665.000000
20.636317	0.640	47,695.000000
20.646983	0.640	50,742.000000
20.657650	0.640	53,342.000000
20.668317	0.640	55,062.000000
20.678983	0.640	56,953.000000
20.689650	0.640	59,907.000000
20.700317	0.640	64,384.000000
20.710983	0.640	70,890.000000
20.721650	0.640	79,168.000000
20.732317	0.640	87,682.000000
20.742983	0.640	94,893.000000
20.753650	0.640	101,496.000000
20.764317	0.640	110,839.000000
20.774983	0.640	125,568.000000
20.785650	0.640	145,305.000000
20.796317	0.640	169,188.000000
20.806983	0.640	199,203.000000
20.817650	0.640	239,302.000000
20.828317	0.640	292,454.000000
20.838983	0.640	359,359.000000
20.849650	0.640	437,280.000000
20.860317	0.640	523,623.000000
20.870983	0.640	620,923.000000
20.881650	0.640	730,190.000000
20.892317	0.640	839,781.000000
20.902983	0.640	929,698.000000
20.913650	0.640	992,989.000000
20.924317	0.640	1,037,736.000000
20.934983	0.640	1,061,813.000000
20.945650	0.640	1,052,441.000000
20.956317	0.640	1,010,034.000000
20.966983	0.640	951,119.000000
20.977650	0.640	891,810.000000
20.988317	0.640	837,917.000000
20.998983	0.640	793,286.000000
21.009650	0.640	768,082.000000
21.020317	0.640	771,273.000000
21.030983	0.640	807,535.000000
21.041650	0.640	881,602.000000
21.052317	0.640	993,023.000000
21.062983	0.640	1,135,441.000000
21.073650	0.640	1,307,101.000000
21.084317	0.640	1,513,419.000000
21.094983	0.640	1,765,449.000000
21.105650	0.640	2,075,864.000000
21.116317	0.640	2,452,236.000000
21.126983	0.640	2,901,954.000000
21.137650	0.640	3,429,484.000000
21.148317	0.640	4,020,602.000000
21.158983	0.640	4,642,711.000000
21.169650	0.640	5,254,477.000000
21.180317	0.640	5,802,648.000000
21.190983	0.640	6,223,282.000000
21.201650	0.640	6,464,859.000000
21.212317	0.640	6,499,779.000000
21.222983	0.640	6,316,247.000000
21.233650	0.640	5,922,676.000000
21.244317	0.640	5,355,120.000000
21.254983	0.640	4,668,540.000000
21.265650	0.640	3,927,002.000000
21.276317	0.640	3,197,932.000000
21.286983	0.640	2,530,101.000000
21.297650	0.640	1,941,530.000000
21.308317	0.640	1,442,331.000000
21.318983	0.640	1,044,910.000000
21.329650	0.640	748,075.000000
21.340317	0.640	532,462.000000
21.350983	0.640	376,474.000000
21.361650	0.640	269,009.000000
21.372317	0.640	201,877.000000
21.382983	0.640	160,629.000000
21.393650	0.640	132,860.000000
21.404317	0.640	116,262.000000
21.414983	0.640	109,716.000000
21.425650	0.640	107,786.000000
21.436317	0.640	107,737.000000
21.446983	0.640	109,797.000000
21.457650	0.640	112,862.000000
21.468317	0.640	115,344.000000
21.478983	0.640	116,162.000000
21.489650	0.640	115,988.000000
21.500317	0.640	116,477.000000
21.510983	0.640	115,741.000000
21.521650	0.640	110,573.000000
21.532317	0.640	102,099.000000
21.542983	0.640	93,373.000000
21.553650	0.640	85,231.000000
21.564317	0.640	76,466.000000
21.574983	0.640	67,064.000000
21.585650	0.640	59,761.000000
21.596317	0.640	55,883.000000
21.606983	0.640	53,956.000000
21.617650	0.640	52,616.000000
21.628317	0.640	51,034.000000
21.638983	0.640	49,074.000000
21.649650	0.640	47,286.000000
21.660317	0.640	46,260.000000
21.670983	0.640	45,954.000000
21.681650	0.640	45,275.000000
21.692317	0.640	44,661.000000
21.702983	0.640	45,636.000000
21.713650	0.640	47,148.000000
21.724317	0.640	47,580.000000
21.734983	0.640	47,383.000000
21.745650	0.640	47,229.000000
21.756317	0.640	47,168.000000
21.766983	0.640	47,654.000000
21.777650	0.640	48,391.000000
21.788317	0.640	48,181.000000
21.798983	0.640	47,680.000000
21.809650	0.640	48,244.000000
21.820317	0.640	49,382.000000
21.830983	0.640	49,975.000000
21.841650	0.640	49,027.000000
21.852317	0.640	47,009.000000
21.862983	0.640	46,316.000000
21.873650	0.640	47,010.000000
21.884317	0.640	46,979.000000
21.894983	0.640	46,499.000000
21.905650	0.640	46,877.000000
21.916317	0.640	47,992.000000
21.926983	0.640	49,479.000000
21.937650	0.640	50,640.000000
21.948317	0.640	50,417.000000
21.958983	0.640	49,067.000000
21.969650	0.640	48,005.000000
21.980317	0.640	48,738.000000
21.990983	0.640	51,436.000000
22.001650	0.640	53,186.000000
22.012317	0.640	51,745.000000
22.022983	0.640	49,632.000000
22.033650	0.640	49,621.000000
22.044317	0.640	51,199.000000
22.054983	0.640	52,990.000000
22.065650	0.640	53,877.000000
22.076317	0.640	53,177.000000
22.086983	0.640	51,737.000000
22.097650	0.640	51,200.000000
22.108317	0.640	51,908.000000
22.118983	0.640	53,504.000000
22.129650	0.640	56,652.000000
22.140317	0.640	60,706.000000
22.150983	0.640	63,186.000000
22.161650	0.640	64,532.000000
22.172317	0.640	67,701.000000
22.182983	0.640	73,457.000000
22.193650	0.640	80,772.000000
22.204317	0.640	88,797.000000
22.214983	0.640	96,835.000000
22.225650	0.640	106,108.000000
22.236317	0.640	119,528.000000
22.246983	0.640	137,568.000000
22.257650	0.640	160,101.000000
22.268317	0.640	187,952.000000
22.278983	0.640	218,309.000000
22.289650	0.640	249,291.000000
22.300317	0.640	286,099.000000
22.310983	0.640	333,454.000000
22.321650	0.640	390,303.000000
22.332317	0.640	457,717.000000
22.342983	0.640	541,685.000000
22.353650	0.640	644,953.000000
22.364317	0.640	768,406.000000
22.374983	0.640	920,243.000000
22.385650	0.640	1,112,783.000000
22.396317	0.640	1,352,567.000000
22.406983	0.640	1,644,668.000000
22.417650	0.640	2,004,131.000000
22.428317	0.640	2,448,123.000000
22.438983	0.640	2,980,788.000000
22.449650	0.640	3,593,569.000000
22.460317	0.640	4,268,589.000000
22.470983	0.640	4,979,209.000000
22.481650	0.640	5,689,853.000000
22.492317	0.640	6,356,249.000000
22.502983	0.640	6,936,345.000000
22.513650	0.640	7,387,432.000000
22.524317	0.640	7,652,136.000000
22.534983	0.640	7,687,676.000000
22.545650	0.640	7,491,079.000000
22.556317	0.640	7,078,392.000000
22.566983	0.640	6,485,367.000000
22.577650	0.640	5,767,831.000000
22.588317	0.640	4,978,006.000000
22.598983	0.640	4,167,566.000000
22.609650	0.640	3,388,503.000000
22.620317	0.640	2,678,971.000000
22.630983	0.640	2,061,113.000000
22.641650	0.640	1,543,550.000000
22.652317	0.640	1,125,102.000000
22.662983	0.640	798,541.000000
22.673650	0.640	555,685.000000
22.684317	0.640	387,038.000000
22.694983	0.640	275,152.000000
22.705650	0.640	199,395.000000
22.716317	0.640	147,129.000000
22.726983	0.640	113,097.000000
22.737650	0.640	91,940.000000
22.748317	0.640	77,946.000000
22.758983	0.640	68,346.000000
22.769650	0.640	62,425.000000
22.780317	0.640	59,072.000000
22.790983	0.640	57,087.000000
22.801650	0.640	56,103.000000
22.812317	0.640	55,039.000000
22.822983	0.640	53,128.000000
22.833650	0.640	52,392.000000
22.844317	0.640	54,243.000000
22.854983	0.640	56,666.000000
22.865650	0.640	57,450.000000
22.876317	0.640	57,369.000000
22.886983	0.640	59,104.000000
22.897650	0.640	63,142.000000
22.908317	0.640	67,411.000000
22.918983	0.640	71,532.000000
22.929650	0.640	77,766.000000
22.940317	0.640	87,422.000000
22.950983	0.640	99,737.000000
22.961650	0.640	115,310.000000
22.972317	0.640	136,344.000000
22.982983	0.640	163,450.000000
22.993650	0.640	196,832.000000
23.004317	0.640	239,801.000000
23.014983	0.640	297,160.000000
23.025700	0.643	370,597.000000
23.036317	0.637	459,843.000000
23.046983	0.640	569,159.000000
23.057650	0.640	708,728.000000
23.068317	0.640	888,612.000000
23.078983	0.640	1,115,808.000000
23.089650	0.640	1,399,270.000000
23.100317	0.640	1,758,467.000000
23.110983	0.640	2,225,766.000000
23.121650	0.640	2,839,653.000000
23.132317	0.640	3,648,099.000000
23.142983	0.640	4,720,094.000000
23.153650	0.640	6,128,084.000000
23.164317	0.640	7,909,516.000000
23.174983	0.640	10,057,121.000000
23.185650	0.640	12,517,776.000000
23.196317	0.640	15,157,291.000000
23.206983	0.640	17,734,897.000000
23.217650	0.640	19,939,506.000000
23.228317	0.640	21,461,990.000000
23.238983	0.640	22,051,699.000000
23.249650	0.640	21,577,209.000000
23.260317	0.640	20,086,903.000000
23.270983	0.640	17,797,766.000000
23.281650	0.640	15,022,451.000000
23.292317	0.640	12,076,976.000000
23.302983	0.640	9,232,881.000000
23.313650	0.640	6,721,477.000000
23.324317	0.640	4,691,350.000000
23.334983	0.640	3,164,721.000000
23.345650	0.640	2,075,055.000000
23.356317	0.640	1,330,224.000000
23.366983	0.640	847,552.000000
23.377650	0.640	553,816.000000
23.388317	0.640	379,616.000000
23.398983	0.640	272,948.000000
23.409650	0.640	206,846.000000
23.420317	0.640	168,185.000000
23.430983	0.640	146,798.000000
23.441650	0.640	134,085.000000
23.452317	0.640	124,699.000000
23.462983	0.640	116,136.000000
23.473650	0.640	108,499.000000
23.484317	0.640	103,016.000000
23.494983	0.640	99,136.000000
23.505650	0.640	95,889.000000
23.516317	0.640	93,085.000000
23.526983	0.640	90,278.000000
23.537650	0.640	87,446.000000
23.548317	0.640	85,048.000000
23.558983	0.640	83,900.000000
23.569650	0.640	84,649.000000
23.580317	0.640	85,899.000000
23.590983	0.640	85,000.000000
23.601650	0.640	81,162.000000
23.612317	0.640	76,088.000000
23.622983	0.640	71,648.000000
23.633650	0.640	68,363.000000
23.644317	0.640	66,118.000000
23.654983	0.640	64,523.000000
23.665650	0.640	62,270.000000
23.676317	0.640	58,578.000000
23.686983	0.640	56,202.000000
23.697650	0.640	58,761.000000
23.708317	0.640	63,631.000000
23.718983	0.640	64,927.000000
23.729650	0.640	62,449.000000
23.740317	0.640	60,645.000000
23.750983	0.640	62,480.000000
23.761650	0.640	66,216.000000
23.772317	0.640	67,793.000000
23.782983	0.640	67,115.000000
23.793650	0.640	66,787.000000
23.804317	0.640	67,270.000000
23.814983	0.640	68,186.000000
23.825650	0.640	69,260.000000
23.836317	0.640	69,159.000000
23.846983	0.640	66,643.000000
23.857650	0.640	62,809.000000
23.868317	0.640	60,958.000000
23.878983	0.640	62,622.000000
23.889650	0.640	65,035.000000
23.900317	0.640	65,372.000000
23.910983	0.640	64,527.000000
23.921650	0.640	63,872.000000
23.932317	0.640	63,297.000000
23.942983	0.640	62,916.000000
23.953650	0.640	62,516.000000
23.964317	0.640	62,268.000000
23.974983	0.640	63,896.000000
23.985650	0.640	67,598.000000
23.996317	0.640	70,576.000000
24.006983	0.640	70,808.000000
24.017650	0.640	70,273.000000
24.028317	0.640	71,264.000000
24.038983	0.640	71,724.000000
24.049650	0.640	68,943.000000
24.060317	0.640	64,705.000000
24.070983	0.640	62,664.000000
24.081650	0.640	62,776.000000
24.092317	0.640	62,494.000000
24.102983	0.640	61,784.000000
24.113650	0.640	61,518.000000
24.124317	0.640	61,089.000000
24.134983	0.640	61,081.000000
24.145650	0.640	62,777.000000
24.156317	0.640	65,738.000000
24.166983	0.640	68,644.000000
24.177650	0.640	69,955.000000
24.188317	0.640	68,280.000000
24.198983	0.640	65,038.000000
24.209650	0.640	64,540.000000
24.220317	0.640	67,792.000000
24.230983	0.640	70,954.000000
24.241650	0.640	71,804.000000
24.252317	0.640	71,397.000000
24.262983	0.640	71,306.000000
24.273650	0.640	73,037.000000
24.284317	0.640	77,484.000000
24.294983	0.640	83,463.000000
24.305650	0.640	88,372.000000
24.316317	0.640	91,540.000000
24.326983	0.640	94,849.000000
24.337650	0.640	99,897.000000
24.348317	0.640	106,797.000000
24.358983	0.640	115,585.000000
24.369650	0.640	129,595.000000
24.380317	0.640	156,945.000000
24.390983	0.640	208,246.000000
24.401650	0.640	298,179.000000
24.412317	0.640	447,988.000000
24.422983	0.640	687,919.000000
24.433650	0.640	1,065,231.000000
24.444317	0.640	1,645,888.000000
24.454983	0.640	2,528,439.000000
24.465650	0.640	3,894,285.000000
24.476317	0.640	6,068,191.000000
24.486983	0.640	9,560,196.000000
24.497650	0.640	15,001,391.000000
24.508317	0.640	22,803,527.000000
24.518983	0.640	32,533,714.000000
24.529650	0.640	42,397,480.000000
24.540317	0.640	49,533,194.000000
24.550983	0.640	51,357,544.000000
24.561650	0.640	47,067,513.000000
24.572317	0.640	38,127,684.000000
24.582983	0.640	27,437,019.000000
24.593650	0.640	17,777,223.000000
24.604317	0.640	10,629,001.000000
24.614983	0.640	6,076,042.000000
24.625650	0.640	3,471,879.000000
24.636317	0.640	2,073,234.000000
24.646983	0.640	1,315,027.000000
24.657650	0.640	864,756.000000
24.668317	0.640	576,247.000000
24.678983	0.640	394,267.000000
24.689650	0.640	284,637.000000
24.700317	0.640	218,860.000000
24.710983	0.640	178,926.000000
24.721650	0.640	155,269.000000
24.732317	0.640	141,646.000000
24.742983	0.640	133,554.000000
24.753650	0.640	129,655.000000
24.764317	0.640	130,912.000000
24.774983	0.640	136,810.000000
24.785650	0.640	145,353.000000
24.796317	0.640	155,229.000000
24.806983	0.640	164,722.000000
24.817650	0.640	173,728.000000
24.828317	0.640	185,971.000000
24.838983	0.640	202,754.000000
24.849650	0.640	220,475.000000
24.860317	0.640	237,992.000000
24.870983	0.640	260,188.000000
24.881650	0.640	291,426.000000
24.892317	0.640	332,965.000000
24.902983	0.640	389,943.000000
24.913650	0.640	473,262.000000
24.924317	0.640	598,723.000000
24.934983	0.640	791,294.000000
24.945650	0.640	1,102,081.000000
24.956317	0.640	1,658,644.000000
24.966983	0.640	2,749,457.000000
24.977650	0.640	4,873,681.000000
24.988317	0.640	8,497,407.000000
24.998983	0.640	13,339,096.000000
25.009650	0.640	17,816,748.000000
25.020317	0.640	19,722,983.000000
25.030983	0.640	17,952,654.000000
25.041650	0.640	13,524,097.000000
25.052317	0.640	8,683,731.000000
25.062983	0.640	5,122,459.000000
25.073650	0.640	3,159,067.000000
25.084317	0.640	2,240,164.000000
25.094983	0.640	1,746,265.000000
25.105650	0.640	1,361,968.000000
25.116317	0.640	1,027,748.000000
25.126983	0.640	763,403.000000
25.137650	0.640	571,128.000000
25.148317	0.640	436,364.000000
25.158983	0.640	342,105.000000
25.169650	0.640	272,507.000000
25.180317	0.640	219,408.000000
25.190983	0.640	179,330.000000
25.201650	0.640	149,697.000000
25.212317	0.640	131,844.000000
25.222983	0.640	125,076.000000
25.233650	0.640	122,323.000000
25.244317	0.640	116,683.000000
25.254983	0.640	107,944.000000
25.265650	0.640	101,715.000000
25.276317	0.640	99,380.000000
25.286983	0.640	95,358.000000
25.297650	0.640	88,865.000000
25.308317	0.640	85,874.000000
25.318983	0.640	87,008.000000
25.329650	0.640	87,011.000000
25.340317	0.640	85,669.000000
25.350983	0.640	86,299.000000
25.361650	0.640	87,307.000000
25.372317	0.640	85,618.000000
25.382983	0.640	83,001.000000
25.393650	0.640	83,013.000000
25.404317	0.640	85,165.000000
25.414983	0.640	86,604.000000
25.425650	0.640	87,330.000000
25.436317	0.640	88,557.000000
25.446983	0.640	89,788.000000
25.457650	0.640	90,408.000000
25.468317	0.640	90,187.000000
25.478983	0.640	88,811.000000
25.489650	0.640	86,869.000000
25.500317	0.640	86,028.000000
25.510983	0.640	86,810.000000
25.521650	0.640	88,127.000000
25.532317	0.640	89,875.000000
25.542983	0.640	92,263.000000
25.553650	0.640	94,081.000000
25.564317	0.640	95,185.000000
25.574983	0.640	96,596.000000
25.585650	0.640	96,676.000000
25.596317	0.640	93,543.000000
25.606983	0.640	89,890.000000
25.617650	0.640	89,003.000000
25.628317	0.640	89,397.000000
25.638983	0.640	87,701.000000
25.649650	0.640	84,186.000000
25.660317	0.640	81,974.000000
25.670983	0.640	82,338.000000
25.681650	0.640	84,272.000000
25.692317	0.640	86,503.000000
25.702983	0.640	87,973.000000
25.713650	0.640	88,578.000000
25.724317	0.640	88,626.000000
25.734983	0.640	87,572.000000
25.745650	0.640	85,567.000000
25.756317	0.640	84,267.000000
25.766983	0.640	84,868.000000
25.777650	0.640	86,903.000000
25.788317	0.640	89,189.000000
25.798983	0.640	91,072.000000
25.809650	0.640	92,935.000000
25.820317	0.640	95,304.000000
25.830983	0.640	97,556.000000
25.841650	0.640	99,725.000000
25.852317	0.640	102,784.000000
25.862983	0.640	105,908.000000
25.873650	0.640	108,873.000000
25.884317	0.640	115,051.000000
25.894983	0.640	127,219.000000
25.905650	0.640	143,116.000000
25.916317	0.640	158,192.000000
25.926983	0.640	169,978.000000
25.937650	0.640	177,262.000000
25.948317	0.640	179,689.000000
25.958983	0.640	178,840.000000
25.969650	0.640	175,712.000000
25.980317	0.640	171,305.000000
25.990983	0.640	170,086.000000
26.001650	0.640	179,512.000000
26.012317	0.640	210,239.000000
26.022983	0.640	279,563.000000
26.033650	0.640	421,105.000000
26.044317	0.640	716,590.000000
26.054983	0.640	1,349,829.000000
26.065650	0.640	2,599,181.000000
26.076317	0.640	4,614,461.000000
26.086983	0.640	7,010,580.000000
26.097650	0.640	8,734,869.000000
26.108317	0.640	8,695,040.000000
26.118983	0.640	6,775,745.000000
26.129650	0.640	4,065,473.000000
26.140317	0.640	1,887,105.000000
26.150983	0.640	761,358.000000
26.161650	0.640	382,817.000000
26.172317	0.640	273,302.000000
26.182983	0.640	203,868.000000
26.193650	0.640	149,287.000000
26.204317	0.640	120,790.000000
26.214983	0.640	110,868.000000
26.225650	0.640	108,156.000000
26.236317	0.640	107,625.000000
26.246983	0.640	107,850.000000
26.257650	0.640	107,031.000000
26.268317	0.640	104,805.000000
26.278983	0.640	103,138.000000
26.289650	0.640	102,398.000000
26.300317	0.640	101,145.000000
26.310983	0.640	99,183.000000
26.321650	0.640	97,921.000000
26.332317	0.640	97,892.000000
26.342983	0.640	97,417.000000
26.353650	0.640	96,344.000000
26.364317	0.640	97,607.000000
26.374983	0.640	101,987.000000
26.385650	0.640	106,088.000000
26.396317	0.640	106,746.000000
26.406983	0.640	104,569.000000
26.417650	0.640	103,410.000000
26.428317	0.640	107,333.000000
26.438983	0.640	116,578.000000
26.449650	0.640	128,879.000000
26.460317	0.640	146,848.000000
26.470983	0.640	176,743.000000
26.481650	0.640	222,146.000000
26.492317	0.640	283,983.000000
26.502983	0.640	349,990.000000
26.513650	0.640	381,735.000000
26.524317	0.640	343,833.000000
26.534983	0.640	252,203.000000
26.545650	0.640	163,512.000000
26.556317	0.640	114,918.000000
26.566983	0.640	99,591.000000
26.577650	0.640	96,364.000000
26.588317	0.640	94,988.000000
26.598983	0.640	93,486.000000
26.609650	0.640	92,263.000000
26.620317	0.640	93,157.000000
26.630983	0.640	96,501.000000
26.641650	0.640	99,622.000000
26.652317	0.640	100,490.000000
26.662983	0.640	100,181.000000
26.673650	0.640	100,850.000000
26.684317	0.640	103,902.000000
26.694983	0.640	108,768.000000
26.705650	0.640	113,365.000000
26.716317	0.640	118,105.000000
26.726983	0.640	125,473.000000
26.737650	0.640	134,522.000000
26.748317	0.640	140,967.000000
26.758983	0.640	142,022.000000
26.769650	0.640	139,420.000000
26.780317	0.640	139,166.000000
26.790983	0.640	146,893.000000
26.801650	0.640	162,750.000000
26.812317	0.640	182,496.000000
26.822983	0.640	204,669.000000
26.833650	0.640	241,733.000000
26.844317	0.640	319,592.000000
26.854983	0.640	442,771.000000
26.865650	0.640	563,230.000000
26.876317	0.640	613,136.000000
26.886983	0.640	569,541.000000
26.897650	0.640	476,588.000000
26.908317	0.640	408,262.000000
26.918983	0.640	402,922.000000
26.929650	0.640	424,571.000000
26.940317	0.640	406,716.000000
26.950983	0.640	340,524.000000
26.961650	0.640	279,996.000000
26.972317	0.640	261,312.000000
26.982983	0.640	268,802.000000
26.993650	0.640	276,336.000000
27.004317	0.640	280,795.000000
27.014983	0.640	298,104.000000
27.025650	0.640	355,604.000000
27.036317	0.640	476,444.000000
27.046983	0.640	620,032.000000
27.057650	0.640	671,711.000000
27.068317	0.640	586,396.000000
27.078983	0.640	474,861.000000
27.089650	0.640	447,758.000000
27.100317	0.640	479,449.000000
27.110983	0.640	499,182.000000
27.121650	0.640	505,543.000000
27.132317	0.640	535,495.000000
27.142983	0.640	596,483.000000
27.153650	0.640	667,952.000000
27.164317	0.640	733,816.000000
27.174983	0.640	796,529.000000
27.185650	0.640	870,225.000000
27.196317	0.640	961,260.000000
27.206983	0.640	1,059,145.000000
27.217650	0.640	1,164,673.000000
27.228317	0.640	1,336,994.000000
27.238983	0.640	1,736,340.000000
27.249650	0.640	2,808,437.000000
27.260317	0.640	5,367,047.000000
27.270983	0.640	9,250,313.000000
27.281650	0.640	11,699,157.000000
27.292317	0.640	9,906,037.000000
27.302983	0.640	5,268,237.000000
27.313650	0.640	1,644,699.000000
27.324317	0.640	461,631.000000
27.334983	0.640	458,609.000000
27.345650	0.640	462,236.000000
27.356317	0.640	337,856.000000
27.366983	0.640	271,819.000000
27.377650	0.640	284,489.000000
27.388317	0.640	297,839.000000
27.398983	0.640	281,365.000000
27.409650	0.640	265,992.000000
27.420317	0.640	281,700.000000
27.430983	0.640	308,089.000000
27.441650	0.640	300,228.000000
27.452317	0.640	256,677.000000
27.462983	0.640	220,635.000000
27.473650	0.640	216,834.000000
27.484317	0.640	230,363.000000
27.494983	0.640	243,211.000000
27.505650	0.640	262,172.000000
27.516317	0.640	308,877.000000
27.526983	0.640	377,932.000000
27.537650	0.640	413,779.000000
27.548317	0.640	375,129.000000
27.558983	0.640	303,285.000000
27.569650	0.640	266,994.000000
27.580317	0.640	280,446.000000
27.590983	0.640	315,870.000000
27.601650	0.640	346,489.000000
27.612317	0.640	362,759.000000
27.622983	0.640	375,899.000000
27.633650	0.640	404,924.000000
27.644317	0.640	460,010.000000
27.654983	0.640	546,138.000000
27.665650	0.640	665,828.000000
27.676317	0.640	790,596.000000
27.686983	0.640	849,409.000000
27.697650	0.640	787,229.000000
27.708317	0.640	616,317.000000
27.718983	0.640	402,223.000000
27.729650	0.640	229,203.000000
27.740317	0.640	157,039.000000
27.750983	0.640	208,978.000000
27.761650	0.640	404,939.000000
27.772317	0.640	692,022.000000
27.782983	0.640	852,232.000000
27.793650	0.640	709,621.000000
27.804317	0.640	394,130.000000
27.814983	0.640	167,615.000000
27.825650	0.640	103,429.000000
27.836317	0.640	108,019.000000
27.846983	0.640	109,511.000000
27.857650	0.640	104,333.000000
27.868317	0.640	103,367.000000
27.878983	0.640	105,208.000000
27.889650	0.640	104,692.000000
27.900317	0.640	101,796.000000
27.910983	0.640	100,287.000000
27.921650	0.640	102,459.000000
27.932317	0.640	108,240.000000
27.942983	0.640	116,372.000000
27.953650	0.640	124,393.000000
27.964317	0.640	130,218.000000
27.974983	0.640	135,273.000000
27.985650	0.640	144,196.000000
27.996317	0.640	156,782.000000
28.006983	0.640	165,151.000000
28.017650	0.640	166,029.000000
28.028317	0.640	166,045.000000
28.038983	0.640	170,419.000000
28.049650	0.640	179,420.000000
28.060317	0.640	194,006.000000
28.070983	0.640	211,227.000000
28.081650	0.640	220,218.000000
28.092317	0.640	212,488.000000
28.102983	0.640	190,426.000000
28.113650	0.640	162,649.000000
28.124317	0.640	138,290.000000
28.134983	0.640	124,003.000000
28.145650	0.640	117,755.000000
28.156317	0.640	111,680.000000
28.166983	0.640	104,680.000000
28.177650	0.640	101,970.000000
28.188317	0.640	105,098.000000
28.198983	0.640	113,084.000000
28.209650	0.640	128,692.000000
28.220317	0.640	153,242.000000
28.230983	0.640	176,940.000000
28.241650	0.640	184,512.000000
28.252317	0.640	170,830.000000
28.262983	0.640	145,012.000000
28.273650	0.640	120,948.000000
28.284317	0.640	107,456.000000
28.294983	0.640	105,606.000000
28.305650	0.640	110,260.000000
28.316317	0.640	113,222.000000
28.326983	0.640	109,706.000000
28.337650	0.640	103,088.000000
28.348317	0.640	101,072.000000
28.358983	0.640	108,540.000000
28.369650	0.640	122,913.000000
28.380317	0.640	134,604.000000
28.390983	0.640	135,092.000000
28.401650	0.640	123,259.000000
28.412317	0.640	105,660.000000
28.422983	0.640	92,620.000000
28.433650	0.640	88,414.000000
28.444317	0.640	89,240.000000
28.454983	0.640	92,355.000000
28.465650	0.640	98,334.000000
28.476317	0.640	106,121.000000
28.486983	0.640	111,838.000000
28.497650	0.640	112,767.000000
28.508317	0.640	111,479.000000
28.518983	0.640	113,000.000000
28.529650	0.640	118,621.000000
28.540317	0.640	126,280.000000
28.550983	0.640	134,104.000000
28.561650	0.640	140,934.000000
28.572317	0.640	148,915.000000
28.582983	0.640	167,338.000000
28.593650	0.640	209,163.000000
28.604317	0.640	274,366.000000
28.614983	0.640	329,507.000000
28.625650	0.640	326,339.000000
28.636317	0.640	259,091.000000
28.646983	0.640	174,538.000000
28.657650	0.640	115,606.000000
28.668317	0.640	86,680.000000
28.678983	0.640	72,149.000000
28.689650	0.640	59,762.000000
28.700317	0.640	47,370.000000
28.710983	0.640	43,374.000000
28.721650	0.640	57,589.000000
28.732317	0.640	78,517.000000
28.742983	0.640	77,022.000000
28.753650	0.640	50,056.000000
28.764317	0.640	25,771.000000
28.774983	0.640	18,702.000000
28.785650	0.640	19,209.000000
28.796317	0.640	18,338.000000
28.806983	0.640	15,937.000000
28.817650	0.640	13,915.000000
28.828317	0.640	12,824.000000
28.838983	0.640	12,425.000000
28.849650	0.640	12,439.000000
28.860317	0.640	12,375.000000
28.870983	0.640	12,211.000000
28.881650	0.640	12,016.000000
28.892317	0.640	11,346.000000
28.902983	0.640	10,516.000000
28.913650	0.640	9,817.000000
28.924317	0.640	9,042.000000
28.934983	0.640	8,675.000000
28.945650	0.640	8,522.000000
28.956317	0.640	7,849.000000
28.966983	0.640	7,479.000000
28.977650	0.640	7,960.000000
28.988317	0.640	8,273.000000
28.998983	0.640	7,947.000000
29.009650	0.640	7,149.000000
29.020317	0.640	6,218.000000
29.030983	0.640	5,907.000000
29.041650	0.640	6,056.000000
29.052317	0.640	5,550.000000
29.062983	0.640	4,597.000000
29.073650	0.640	4,546.000000
29.084317	0.640	5,163.000000
29.094983	0.640	5,587.000000
29.105650	0.640	6,196.000000
29.116317	0.640	6,422.000000
29.126983	0.640	5,200.000000
29.137650	0.640	3,623.000000
29.148317	0.640	3,269.000000
29.158983	0.640	4,257.000000
29.169650	0.640	5,439.000000
29.180317	0.640	5,351.000000
29.190983	0.640	4,406.000000
29.201650	0.640	4,233.000000
29.212317	0.640	4,330.000000
29.222983	0.640	2,929.000000
29.233650	0.640	858.000000
29.244317	0.640	341.000000
29.254983	0.640	783.000000
29.265650	0.640	822.000000
29.276317	0.640	1,369.000000
29.286983	0.640	2,524.000000
29.297650	0.640	2,808.000000
29.308317	0.640	2,115.000000
29.318983	0.640	1,687.000000
29.329650	0.640	1,953.000000
29.340317	0.640	1,734.000000
29.350983	0.640	527.000000
29.361650	0.640	-258.000000
29.372317	0.640	-268.000000
29.382983	0.640	-595.000000
29.393650	0.640	-797.000000
29.404317	0.640	129.000000
29.414983	0.640	1,331.000000
29.425650	0.640	1,420.000000
29.436317	0.640	370.000000
29.446983	0.640	-469.000000
29.457650	0.640	251.000000
29.468317	0.640	2,010.000000
29.478983	0.640	3,014.000000
29.489650	0.640	2,608.000000
29.500317	0.640	2,080.000000
29.510983	0.640	2,996.000000
29.521650	0.640	4,474.000000
29.532317	0.640	4,397.000000
29.542983	0.640	3,203.000000
29.553650	0.640	2,404.000000
29.564317	0.640	1,939.000000
29.574983	0.640	1,539.000000
29.585650	0.640	1,339.000000
29.596317	0.640	1,209.000000
29.606983	0.640	1,280.000000
29.617650	0.640	1,835.000000
29.628317	0.640	2,204.000000
29.638983	0.640	1,765.000000
29.649650	0.640	1,354.000000
29.660317	0.640	1,447.000000
29.670983	0.640	1,319.000000
29.681650	0.640	1,002.000000
29.692317	0.640	1,383.000000
29.702983	0.640	2,168.000000
29.713650	0.640	1,798.000000
29.724317	0.640	376.000000
29.734983	0.640	-74.000000
29.745650	0.640	1,066.000000
29.756317	0.640	2,511.000000
29.766983	0.640	2,930.000000
29.777650	0.640	1,970.000000
29.788317	0.640	402.000000
29.798983	0.640	-1,061.000000
29.809650	0.640	-2,240.000000
29.820317	0.640	-2,675.000000
29.830983	0.640	-2,012.000000
29.841650	0.640	-779.000000
29.852317	0.640	277.000000
29.862983	0.640	1,154.000000
29.873650	0.640	1,740.000000
29.884317	0.640	1,596.000000
29.894983	0.640	1,402.000000
29.905650	0.640	1,538.000000
29.916317	0.640	1,002.000000
29.926983	0.640	-55.000000
29.937650	0.640	-98.000000
29.948317	0.640	1,364.000000
29.958983	0.640	2,767.000000
29.969650	0.640	2,943.000000
29.980317	0.640	3,143.000000
29.990983	0.640	3,826.000000
30.001650	0.640	3,564.000000
