File Path	chrom://nnfcb-l0495/ChromeleonLocal/20180320_AA_Lars Nielsen samples Vienna_lbpet.seq/813.smp/Emission_1.channel/Emission_1.chm
Channel	Emission_1

Injection Information:
Data Vault	ChromeleonLocal
Injection	20180320_Lars Nielsen samples Vienna_dx20_BB2
Injection Number	27
Position	BB2
Comment	
Processing Method	20171024_Calculated with IS_lbpet
Instrument Method	20161104_AA_GeminiC18_FinalVer7
Type	Unknown
Status	Finished
Injection Date	21-03-2018
Injection Time	02:14:20
Injection Volume (µl)	56.500
Dilution Factor	1.0000
Weight	1.0000

Raw Data Information:
Time Min. (min)	0.003883
Time Max. (min)	30.001617
Data Points	2813
Detector	FLD
Exporting Data System	Chromeleon 7.1.2.1478
Operator	
Signal Quantity	
Signal Unit	counts
Signal Min.	-215.000000
Signal Max.	71,271,752.000000
Channel	Emission_1
Driver Name	FLD3000.dll
Channel Type	Evaluation
Min. Step (s)	0.637
Max. Step (s)	0.824
Average Step (s)	0.640

Signal Parameter Information:
Signal Info	340 nm /450 nm

Raw Data:
Time (min)	Step (s)	Value (counts)
0.003883	0.000	0.000000
0.017617	0.824	0.000000
0.028283	0.640	0.000000
0.038950	0.640	593.000000
0.049617	0.640	1,358.000000
0.060283	0.640	2,008.000000
0.070950	0.640	2,449.000000
0.081617	0.640	2,275.000000
0.092283	0.640	1,991.000000
0.102950	0.640	3,220.000000
0.113617	0.640	4,891.000000
0.124283	0.640	4,157.000000
0.134950	0.640	2,177.000000
0.145617	0.640	1,971.000000
0.156283	0.640	3,057.000000
0.166950	0.640	3,518.000000
0.177617	0.640	3,002.000000
0.188283	0.640	2,034.000000
0.198950	0.640	1,551.000000
0.209617	0.640	2,300.000000
0.220283	0.640	3,530.000000
0.230950	0.640	3,918.000000
0.241617	0.640	3,621.000000
0.252283	0.640	3,000.000000
0.262950	0.640	1,591.000000
0.273617	0.640	201.000000
0.284283	0.640	242.000000
0.294950	0.640	1,503.000000
0.305617	0.640	2,808.000000
0.316283	0.640	3,211.000000
0.326950	0.640	2,616.000000
0.337617	0.640	1,959.000000
0.348283	0.640	1,894.000000
0.358950	0.640	1,997.000000
0.369617	0.640	1,897.000000
0.380283	0.640	1,781.000000
0.390950	0.640	1,901.000000
0.401617	0.640	2,220.000000
0.412283	0.640	2,381.000000
0.422950	0.640	2,401.000000
0.433617	0.640	2,809.000000
0.444283	0.640	3,525.000000
0.454950	0.640	3,622.000000
0.465617	0.640	2,972.000000
0.476283	0.640	2,850.000000
0.486950	0.640	3,502.000000
0.497617	0.640	3,425.000000
0.508283	0.640	2,678.000000
0.518950	0.640	2,802.000000
0.529617	0.640	3,291.000000
0.540283	0.640	2,890.000000
0.550950	0.640	2,436.000000
0.561617	0.640	2,758.000000
0.572283	0.640	2,909.000000
0.582950	0.640	2,334.000000
0.593617	0.640	1,653.000000
0.604283	0.640	1,303.000000
0.614950	0.640	1,031.000000
0.625617	0.640	592.000000
0.636283	0.640	490.000000
0.646950	0.640	668.000000
0.657617	0.640	257.000000
0.668283	0.640	96.000000
0.678950	0.640	1,596.000000
0.689617	0.640	3,588.000000
0.700283	0.640	4,059.000000
0.710950	0.640	3,258.000000
0.721617	0.640	2,768.000000
0.732283	0.640	2,840.000000
0.742950	0.640	2,522.000000
0.753617	0.640	1,725.000000
0.764283	0.640	1,440.000000
0.774950	0.640	2,183.000000
0.785617	0.640	3,191.000000
0.796283	0.640	3,620.000000
0.806950	0.640	3,311.000000
0.817617	0.640	2,220.000000
0.828283	0.640	1,178.000000
0.838950	0.640	1,448.000000
0.849617	0.640	2,248.000000
0.860283	0.640	2,128.000000
0.870950	0.640	1,775.000000
0.881617	0.640	1,977.000000
0.892283	0.640	1,749.000000
0.902950	0.640	656.000000
0.913617	0.640	-71.000000
0.924283	0.640	485.000000
0.934950	0.640	1,545.000000
0.945617	0.640	1,882.000000
0.956283	0.640	1,609.000000
0.966950	0.640	1,535.000000
0.977617	0.640	1,981.000000
0.988283	0.640	2,538.000000
0.998950	0.640	2,368.000000
1.009617	0.640	1,794.000000
1.020283	0.640	2,047.000000
1.030950	0.640	2,637.000000
1.041617	0.640	2,440.000000
1.052283	0.640	2,263.000000
1.062950	0.640	2,886.000000
1.073617	0.640	3,494.000000
1.084283	0.640	3,244.000000
1.094950	0.640	2,012.000000
1.105617	0.640	792.000000
1.116283	0.640	971.000000
1.126950	0.640	2,241.000000
1.137617	0.640	3,036.000000
1.148283	0.640	2,468.000000
1.158950	0.640	1,332.000000
1.169617	0.640	1,425.000000
1.180283	0.640	2,779.000000
1.190950	0.640	3,394.000000
1.201617	0.640	2,901.000000
1.212283	0.640	3,027.000000
1.222950	0.640	3,692.000000
1.233617	0.640	3,389.000000
1.244283	0.640	2,756.000000
1.254950	0.640	2,969.000000
1.265617	0.640	3,250.000000
1.276283	0.640	2,479.000000
1.286950	0.640	1,149.000000
1.297617	0.640	684.000000
1.308283	0.640	1,338.000000
1.318950	0.640	2,380.000000
1.329617	0.640	3,183.000000
1.340283	0.640	2,997.000000
1.350950	0.640	2,070.000000
1.361617	0.640	2,029.000000
1.372283	0.640	3,144.000000
1.382950	0.640	3,929.000000
1.393617	0.640	3,877.000000
1.404283	0.640	3,292.000000
1.414950	0.640	2,192.000000
1.425617	0.640	1,438.000000
1.436283	0.640	1,923.000000
1.446950	0.640	2,755.000000
1.457617	0.640	2,922.000000
1.468283	0.640	2,791.000000
1.478950	0.640	2,542.000000
1.489617	0.640	2,229.000000
1.500283	0.640	2,553.000000
1.510950	0.640	3,455.000000
1.521617	0.640	3,963.000000
1.532283	0.640	3,595.000000
1.542950	0.640	2,907.000000
1.553617	0.640	2,412.000000
1.564283	0.640	1,962.000000
1.574950	0.640	1,896.000000
1.585617	0.640	2,530.000000
1.596283	0.640	3,199.000000
1.606950	0.640	3,797.000000
1.617617	0.640	4,752.000000
1.628283	0.640	5,108.000000
1.638950	0.640	3,953.000000
1.649617	0.640	2,744.000000
1.660283	0.640	3,160.000000
1.670950	0.640	4,343.000000
1.681617	0.640	5,153.000000
1.692283	0.640	5,868.000000
1.702950	0.640	5,535.000000
1.713617	0.640	3,313.000000
1.724283	0.640	1,893.000000
1.734950	0.640	4,024.000000
1.745617	0.640	8,318.000000
1.756283	0.640	11,517.000000
1.766950	0.640	12,356.000000
1.777617	0.640	11,463.000000
1.788283	0.640	9,248.000000
1.798950	0.640	6,372.000000
1.809617	0.640	4,607.000000
1.820283	0.640	4,670.000000
1.830950	0.640	5,331.000000
1.841617	0.640	5,212.000000
1.852283	0.640	3,917.000000
1.862950	0.640	2,522.000000
1.873617	0.640	2,471.000000
1.884283	0.640	3,595.000000
1.894950	0.640	4,817.000000
1.905617	0.640	5,384.000000
1.916283	0.640	4,870.000000
1.926950	0.640	3,842.000000
1.937617	0.640	3,494.000000
1.948283	0.640	4,339.000000
1.958950	0.640	5,823.000000
1.969617	0.640	6,374.000000
1.980283	0.640	5,463.000000
1.990950	0.640	4,607.000000
2.001617	0.640	4,572.000000
2.012283	0.640	4,668.000000
2.022950	0.640	4,529.000000
2.033617	0.640	4,358.000000
2.044283	0.640	4,587.000000
2.054950	0.640	5,427.000000
2.065617	0.640	6,273.000000
2.076283	0.640	6,067.000000
2.086950	0.640	4,343.000000
2.097617	0.640	2,523.000000
2.108283	0.640	2,418.000000
2.118950	0.640	3,153.000000
2.129617	0.640	3,141.000000
2.140283	0.640	2,870.000000
2.150950	0.640	2,986.000000
2.161617	0.640	3,244.000000
2.172283	0.640	3,777.000000
2.182950	0.640	4,311.000000
2.193617	0.640	3,657.000000
2.204283	0.640	2,452.000000
2.214950	0.640	3,017.000000
2.225617	0.640	4,864.000000
2.236283	0.640	5,299.000000
2.246950	0.640	4,827.000000
2.257617	0.640	6,221.000000
2.268283	0.640	8,844.000000
2.278950	0.640	9,197.000000
2.289617	0.640	6,431.000000
2.300283	0.640	3,527.000000
2.310950	0.640	3,376.000000
2.321617	0.640	5,156.000000
2.332283	0.640	5,720.000000
2.342950	0.640	4,763.000000
2.353617	0.640	4,301.000000
2.364283	0.640	3,969.000000
2.374950	0.640	2,421.000000
2.385617	0.640	638.000000
2.396283	0.640	472.000000
2.406950	0.640	1,659.000000
2.417617	0.640	2,200.000000
2.428283	0.640	1,780.000000
2.438950	0.640	1,857.000000
2.449617	0.640	2,849.000000
2.460283	0.640	3,981.000000
2.470950	0.640	4,518.000000
2.481617	0.640	4,355.000000
2.492283	0.640	3,712.000000
2.502950	0.640	2,781.000000
2.513617	0.640	2,456.000000
2.524283	0.640	3,111.000000
2.534950	0.640	3,506.000000
2.545617	0.640	3,372.000000
2.556283	0.640	3,646.000000
2.566950	0.640	3,979.000000
2.577617	0.640	3,297.000000
2.588283	0.640	1,844.000000
2.598950	0.640	1,225.000000
2.609617	0.640	2,275.000000
2.620283	0.640	3,948.000000
2.630950	0.640	5,016.000000
2.641617	0.640	5,087.000000
2.652283	0.640	4,423.000000
2.662950	0.640	3,634.000000
2.673617	0.640	3,266.000000
2.684283	0.640	4,059.000000
2.694950	0.640	5,981.000000
2.705617	0.640	8,533.000000
2.716283	0.640	12,518.000000
2.726950	0.640	16,774.000000
2.737617	0.640	17,195.000000
2.748283	0.640	13,214.000000
2.758950	0.640	9,075.000000
2.769617	0.640	7,276.000000
2.780283	0.640	6,288.000000
2.790950	0.640	5,137.000000
2.801617	0.640	4,577.000000
2.812283	0.640	4,477.000000
2.822950	0.640	4,420.000000
2.833617	0.640	4,269.000000
2.844283	0.640	3,658.000000
2.854950	0.640	2,742.000000
2.865617	0.640	1,855.000000
2.876283	0.640	1,041.000000
2.886950	0.640	1,054.000000
2.897617	0.640	2,672.000000
2.908283	0.640	4,239.000000
2.918950	0.640	3,748.000000
2.929617	0.640	2,685.000000
2.940283	0.640	3,230.000000
2.950950	0.640	4,524.000000
2.961617	0.640	5,207.000000
2.972283	0.640	6,078.000000
2.982950	0.640	7,965.000000
2.993617	0.640	11,175.000000
3.004283	0.640	17,843.000000
3.014950	0.640	30,190.000000
3.025617	0.640	48,663.000000
3.036283	0.640	76,541.000000
3.046950	0.640	123,960.000000
3.057617	0.640	206,976.000000
3.068283	0.640	354,513.000000
3.078950	0.640	626,185.000000
3.089617	0.640	1,115,638.000000
3.100283	0.640	1,924,847.000000
3.110950	0.640	3,107,557.000000
3.121617	0.640	4,577,720.000000
3.132283	0.640	6,047,979.000000
3.142950	0.640	7,124,050.000000
3.153617	0.640	7,539,049.000000
3.164283	0.640	7,302,217.000000
3.174950	0.640	6,637,455.000000
3.185617	0.640	5,834,214.000000
3.196283	0.640	5,117,817.000000
3.206950	0.640	4,584,715.000000
3.217617	0.640	4,230,737.000000
3.228283	0.640	3,997,980.000000
3.238950	0.640	3,813,393.000000
3.249617	0.640	3,637,596.000000
3.260283	0.640	3,455,412.000000
3.270950	0.640	3,238,068.000000
3.281617	0.640	2,961,931.000000
3.292283	0.640	2,625,104.000000
3.302950	0.640	2,235,831.000000
3.313617	0.640	1,818,868.000000
3.324283	0.640	1,412,349.000000
3.334950	0.640	1,046,352.000000
3.345617	0.640	740,180.000000
3.356283	0.640	504,797.000000
3.366950	0.640	335,995.000000
3.377617	0.640	218,877.000000
3.388283	0.640	140,224.000000
3.398950	0.640	90,154.000000
3.409617	0.640	58,632.000000
3.420283	0.640	37,956.000000
3.430950	0.640	25,004.000000
3.441617	0.640	17,830.000000
3.452283	0.640	13,796.000000
3.462950	0.640	10,946.000000
3.473617	0.640	8,946.000000
3.484283	0.640	8,534.000000
3.494950	0.640	9,147.000000
3.505617	0.640	9,021.000000
3.516283	0.640	8,098.000000
3.526950	0.640	7,310.000000
3.537617	0.640	6,768.000000
3.548283	0.640	6,769.000000
3.558950	0.640	7,531.000000
3.569617	0.640	8,211.000000
3.580283	0.640	8,035.000000
3.590950	0.640	7,198.000000
3.601617	0.640	6,281.000000
3.612283	0.640	5,471.000000
3.622950	0.640	4,931.000000
3.633617	0.640	5,240.000000
3.644283	0.640	6,234.000000
3.654950	0.640	6,753.000000
3.665617	0.640	6,467.000000
3.676283	0.640	6,185.000000
3.686950	0.640	6,304.000000
3.697617	0.640	6,664.000000
3.708283	0.640	7,215.000000
3.718950	0.640	7,414.000000
3.729617	0.640	6,447.000000
3.740283	0.640	4,706.000000
3.750950	0.640	3,600.000000
3.761617	0.640	3,920.000000
3.772283	0.640	5,024.000000
3.782950	0.640	6,207.000000
3.793617	0.640	8,328.000000
3.804283	0.640	12,400.000000
3.814950	0.640	17,484.000000
3.825617	0.640	21,989.000000
3.836283	0.640	26,517.000000
3.846950	0.640	32,327.000000
3.857617	0.640	37,131.000000
3.868283	0.640	38,013.000000
3.878950	0.640	35,989.000000
3.889617	0.640	32,596.000000
3.900283	0.640	28,458.000000
3.910950	0.640	25,272.000000
3.921617	0.640	23,711.000000
3.932283	0.640	22,627.000000
3.942950	0.640	20,984.000000
3.953617	0.640	18,232.000000
3.964283	0.640	14,336.000000
3.974950	0.640	10,456.000000
3.985617	0.640	8,353.000000
3.996283	0.640	7,985.000000
4.006950	0.640	7,484.000000
4.017617	0.640	6,584.000000
4.028283	0.640	6,633.000000
4.038950	0.640	7,235.000000
4.049617	0.640	6,922.000000
4.060283	0.640	5,789.000000
4.070950	0.640	5,386.000000
4.081617	0.640	7,118.000000
4.092283	0.640	9,886.000000
4.102950	0.640	10,843.000000
4.113617	0.640	10,012.000000
4.124283	0.640	9,830.000000
4.134950	0.640	10,185.000000
4.145617	0.640	9,379.000000
4.156283	0.640	8,479.000000
4.166950	0.640	8,971.000000
4.177617	0.640	9,135.000000
4.188283	0.640	7,590.000000
4.198950	0.640	5,726.000000
4.209617	0.640	4,555.000000
4.220283	0.640	4,253.000000
4.230950	0.640	5,541.000000
4.241617	0.640	7,685.000000
4.252283	0.640	8,654.000000
4.262950	0.640	8,169.000000
4.273617	0.640	7,235.000000
4.284283	0.640	6,510.000000
4.294950	0.640	6,336.000000
4.305617	0.640	6,249.000000
4.316283	0.640	5,519.000000
4.326950	0.640	4,829.000000
4.337617	0.640	5,432.000000
4.348283	0.640	6,878.000000
4.358950	0.640	7,585.000000
4.369617	0.640	7,437.000000
4.380283	0.640	7,650.000000
4.390950	0.640	8,679.000000
4.401617	0.640	10,077.000000
4.412283	0.640	11,143.000000
4.422950	0.640	11,440.000000
4.433617	0.640	11,267.000000
4.444283	0.640	10,970.000000
4.454950	0.640	10,283.000000
4.465617	0.640	9,158.000000
4.476283	0.640	7,899.000000
4.486950	0.640	6,318.000000
4.497617	0.640	5,138.000000
4.508283	0.640	6,221.000000
4.518950	0.640	8,947.000000
4.529617	0.640	10,663.000000
4.540283	0.640	11,291.000000
4.550950	0.640	12,907.000000
4.561617	0.640	16,894.000000
4.572283	0.640	24,952.000000
4.582950	0.640	39,951.000000
4.593617	0.640	64,758.000000
4.604283	0.640	104,035.000000
4.614950	0.640	168,966.000000
4.625617	0.640	278,309.000000
4.636283	0.640	456,777.000000
4.646950	0.640	739,168.000000
4.657617	0.640	1,183,920.000000
4.668283	0.640	1,903,414.000000
4.678950	0.640	3,128,806.000000
4.689617	0.640	5,263,655.000000
4.700283	0.640	8,720,242.000000
4.710950	0.640	13,388,590.000000
4.721617	0.640	18,100,733.000000
4.732283	0.640	20,878,550.000000
4.742950	0.640	20,215,012.000000
4.753617	0.640	16,348,597.000000
4.764283	0.640	11,137,008.000000
4.774950	0.640	6,598,891.000000
4.785617	0.640	3,650,004.000000
4.796283	0.640	2,076,642.000000
4.806950	0.640	1,280,590.000000
4.817617	0.640	830,492.000000
4.828283	0.640	538,198.000000
4.838950	0.640	342,248.000000
4.849617	0.640	216,826.000000
4.860283	0.640	138,337.000000
4.870950	0.640	88,006.000000
4.881617	0.640	57,227.000000
4.892283	0.640	40,143.000000
4.902950	0.640	30,243.000000
4.913617	0.640	24,112.000000
4.924283	0.640	20,371.000000
4.934950	0.640	17,464.000000
4.945617	0.640	14,662.000000
4.956283	0.640	12,616.000000
4.966950	0.640	11,958.000000
4.977617	0.640	11,755.000000
4.988283	0.640	10,368.000000
4.998950	0.640	8,769.000000
5.009617	0.640	9,368.000000
5.020283	0.640	11,196.000000
5.030950	0.640	11,604.000000
5.041617	0.640	10,708.000000
5.052283	0.640	10,000.000000
5.062950	0.640	9,065.000000
5.073617	0.640	7,434.000000
5.084283	0.640	6,912.000000
5.094950	0.640	8,223.000000
5.105617	0.640	9,480.000000
5.116283	0.640	9,536.000000
5.126950	0.640	8,941.000000
5.137617	0.640	8,691.000000
5.148283	0.640	9,288.000000
5.158950	0.640	9,522.000000
5.169617	0.640	8,244.000000
5.180283	0.640	7,194.000000
5.190950	0.640	8,371.000000
5.201617	0.640	10,108.000000
5.212283	0.640	9,576.000000
5.222950	0.640	7,436.000000
5.233617	0.640	6,659.000000
5.244283	0.640	8,024.000000
5.254950	0.640	9,770.000000
5.265617	0.640	10,530.000000
5.276283	0.640	9,953.000000
5.286950	0.640	8,530.000000
5.297617	0.640	7,572.000000
5.308283	0.640	7,290.000000
5.318950	0.640	6,794.000000
5.329617	0.640	6,572.000000
5.340283	0.640	7,934.000000
5.350950	0.640	10,266.000000
5.361617	0.640	11,632.000000
5.372283	0.640	11,448.000000
5.382950	0.640	10,412.000000
5.393617	0.640	9,559.000000
5.404283	0.640	9,721.000000
5.414950	0.640	10,567.000000
5.425617	0.640	11,379.000000
5.436283	0.640	11,750.000000
5.446950	0.640	11,566.000000
5.457617	0.640	11,701.000000
5.468283	0.640	12,878.000000
5.478950	0.640	14,368.000000
5.489617	0.640	15,265.000000
5.500283	0.640	16,072.000000
5.510950	0.640	18,724.000000
5.521617	0.640	24,473.000000
5.532283	0.640	32,527.000000
5.542950	0.640	42,586.000000
5.553617	0.640	56,254.000000
5.564283	0.640	73,302.000000
5.574950	0.640	88,989.000000
5.585617	0.640	97,516.000000
5.596283	0.640	97,210.000000
5.606950	0.640	90,735.000000
5.617617	0.640	80,307.000000
5.628283	0.640	66,806.000000
5.638950	0.640	53,193.000000
5.649617	0.640	41,950.000000
5.660283	0.640	32,467.000000
5.670950	0.640	24,171.000000
5.681617	0.640	17,414.000000
5.692283	0.640	13,078.000000
5.702950	0.640	11,691.000000
5.713617	0.640	11,354.000000
5.724283	0.640	9,978.000000
5.734950	0.640	8,271.000000
5.745617	0.640	8,006.000000
5.756283	0.640	9,373.000000
5.766950	0.640	10,885.000000
5.777617	0.640	10,898.000000
5.788283	0.640	9,386.000000
5.798950	0.640	8,238.000000
5.809617	0.640	8,374.000000
5.820283	0.640	8,260.000000
5.830950	0.640	7,474.000000
5.841617	0.640	7,920.000000
5.852283	0.640	9,278.000000
5.862950	0.640	8,815.000000
5.873617	0.640	6,701.000000
5.884283	0.640	5,758.000000
5.894950	0.640	7,160.000000
5.905617	0.640	9,452.000000
5.916283	0.640	10,328.000000
5.926950	0.640	9,402.000000
5.937617	0.640	8,546.000000
5.948283	0.640	8,973.000000
5.958950	0.640	9,697.000000
5.969617	0.640	9,234.000000
5.980283	0.640	8,477.000000
5.990950	0.640	9,581.000000
6.001617	0.640	11,612.000000
6.012283	0.640	11,902.000000
6.022950	0.640	10,562.000000
6.033617	0.640	9,259.000000
6.044283	0.640	8,481.000000
6.054950	0.640	8,553.000000
6.065617	0.640	9,528.000000
6.076283	0.640	10,243.000000
6.086950	0.640	10,573.000000
6.097617	0.640	12,151.000000
6.108283	0.640	15,762.000000
6.118950	0.640	20,776.000000
6.129617	0.640	27,397.000000
6.140283	0.640	36,801.000000
6.150950	0.640	48,497.000000
6.161617	0.640	60,384.000000
6.172283	0.640	69,658.000000
6.182950	0.640	72,045.000000
6.193617	0.640	65,918.000000
6.204283	0.640	54,815.000000
6.214950	0.640	41,902.000000
6.225617	0.640	29,403.000000
6.236283	0.640	20,903.000000
6.246950	0.640	17,458.000000
6.257617	0.640	16,293.000000
6.268283	0.640	14,708.000000
6.278950	0.640	12,973.000000
6.289617	0.640	13,124.000000
6.300283	0.640	15,663.000000
6.310950	0.640	19,609.000000
6.321617	0.640	25,260.000000
6.332283	0.640	33,762.000000
6.342950	0.640	45,297.000000
6.353617	0.640	61,442.000000
6.364283	0.640	86,864.000000
6.374950	0.640	129,049.000000
6.385617	0.640	201,178.000000
6.396283	0.640	319,624.000000
6.406950	0.640	493,777.000000
6.417617	0.640	717,140.000000
6.428283	0.640	957,180.000000
6.438950	0.640	1,155,115.000000
6.449617	0.640	1,251,192.000000
6.460283	0.640	1,215,760.000000
6.470950	0.640	1,062,466.000000
6.481617	0.640	840,082.000000
6.492283	0.640	608,264.000000
6.502950	0.640	410,041.000000
6.513617	0.640	260,349.000000
6.524283	0.640	156,916.000000
6.534950	0.640	92,911.000000
6.545617	0.640	58,093.000000
6.556283	0.640	40,339.000000
6.566950	0.640	31,198.000000
6.577617	0.640	26,590.000000
6.588283	0.640	24,447.000000
6.598950	0.640	24,604.000000
6.609617	0.640	28,183.000000
6.620283	0.640	34,472.000000
6.630950	0.640	39,443.000000
6.641617	0.640	39,628.000000
6.652283	0.640	35,738.000000
6.662950	0.640	30,531.000000
6.673617	0.640	26,365.000000
6.684283	0.640	24,333.000000
6.694950	0.640	23,107.000000
6.705617	0.640	21,477.000000
6.716283	0.640	20,303.000000
6.726950	0.640	19,459.000000
6.737617	0.640	17,982.000000
6.748283	0.640	16,656.000000
6.758950	0.640	16,211.000000
6.769617	0.640	15,625.000000
6.780283	0.640	14,166.000000
6.790950	0.640	12,751.000000
6.801617	0.640	12,596.000000
6.812283	0.640	13,907.000000
6.822950	0.640	15,443.000000
6.833617	0.640	15,670.000000
6.844283	0.640	15,707.000000
6.854950	0.640	18,212.000000
6.865617	0.640	22,844.000000
6.876283	0.640	26,970.000000
6.886950	0.640	28,886.000000
6.897617	0.640	28,234.000000
6.908283	0.640	26,081.000000
6.918950	0.640	23,727.000000
6.929617	0.640	21,870.000000
6.940283	0.640	21,761.000000
6.950950	0.640	24,628.000000
6.961617	0.640	31,434.000000
6.972283	0.640	41,530.000000
6.982950	0.640	49,810.000000
6.993617	0.640	51,070.000000
7.004283	0.640	45,782.000000
7.014950	0.640	37,757.000000
7.025617	0.640	29,921.000000
7.036283	0.640	23,649.000000
7.046950	0.640	19,280.000000
7.057617	0.640	16,120.000000
7.068283	0.640	13,570.000000
7.078950	0.640	11,718.000000
7.089617	0.640	10,549.000000
7.100283	0.640	10,305.000000
7.110950	0.640	11,067.000000
7.121617	0.640	11,717.000000
7.132283	0.640	11,019.000000
7.142950	0.640	9,598.000000
7.153617	0.640	9,306.000000
7.164283	0.640	10,002.000000
7.174950	0.640	10,131.000000
7.185617	0.640	10,038.000000
7.196283	0.640	10,603.000000
7.206950	0.640	11,056.000000
7.217617	0.640	10,394.000000
7.228283	0.640	8,908.000000
7.238950	0.640	8,233.000000
7.249617	0.640	9,494.000000
7.260283	0.640	11,265.000000
7.270950	0.640	11,250.000000
7.281617	0.640	9,633.000000
7.292283	0.640	8,793.000000
7.302950	0.640	9,867.000000
7.313617	0.640	11,426.000000
7.324283	0.640	11,868.000000
7.334950	0.640	11,553.000000
7.345617	0.640	11,449.000000
7.356283	0.640	11,139.000000
7.366950	0.640	10,123.000000
7.377617	0.640	9,201.000000
7.388283	0.640	8,896.000000
7.398950	0.640	8,839.000000
7.409617	0.640	9,099.000000
7.420283	0.640	9,911.000000
7.430950	0.640	10,458.000000
7.441617	0.640	10,000.000000
7.452283	0.640	9,764.000000
7.462950	0.640	10,955.000000
7.473617	0.640	11,703.000000
7.484283	0.640	10,542.000000
7.494950	0.640	9,817.000000
7.505617	0.640	10,654.000000
7.516283	0.640	10,650.000000
7.526950	0.640	9,187.000000
7.537617	0.640	8,584.000000
7.548283	0.640	9,437.000000
7.558950	0.640	10,019.000000
7.569617	0.640	10,072.000000
7.580283	0.640	10,501.000000
7.590950	0.640	10,690.000000
7.601617	0.640	9,797.000000
7.612283	0.640	8,804.000000
7.622950	0.640	8,924.000000
7.633617	0.640	9,631.000000
7.644283	0.640	10,305.000000
7.654950	0.640	11,327.000000
7.665617	0.640	12,490.000000
7.676283	0.640	12,945.000000
7.686950	0.640	12,992.000000
7.697617	0.640	14,553.000000
7.708283	0.640	18,647.000000
7.718950	0.640	24,867.000000
7.729617	0.640	35,267.000000
7.740283	0.640	54,080.000000
7.750950	0.640	85,290.000000
7.761617	0.640	134,137.000000
7.772283	0.640	206,744.000000
7.782950	0.640	312,258.000000
7.793617	0.640	469,321.000000
7.804283	0.640	705,978.000000
7.814950	0.640	1,061,597.000000
7.825617	0.640	1,595,688.000000
7.836283	0.640	2,390,221.000000
7.846950	0.640	3,573,256.000000
7.857617	0.640	5,401,138.000000
7.868283	0.640	8,363,259.000000
7.878950	0.640	13,174,894.000000
7.889617	0.640	20,496,564.000000
7.900283	0.640	30,354,024.000000
7.910950	0.640	41,448,524.000000
7.921617	0.640	51,027,657.000000
7.932283	0.640	55,973,280.000000
7.942950	0.640	54,471,672.000000
7.953617	0.640	46,994,230.000000
7.964283	0.640	36,032,979.000000
7.974950	0.640	24,766,068.000000
7.985617	0.640	15,529,485.000000
7.996283	0.640	9,135,221.000000
8.006950	0.640	5,224,181.000000
8.017617	0.640	3,010,479.000000
8.028283	0.640	1,788,250.000000
8.038950	0.640	1,094,105.000000
8.049617	0.640	682,089.000000
8.060283	0.640	432,066.000000
8.070950	0.640	278,191.000000
8.081617	0.640	182,718.000000
8.092283	0.640	124,489.000000
8.102950	0.640	89,929.000000
8.113617	0.640	70,328.000000
8.124283	0.640	60,475.000000
8.134950	0.640	56,539.000000
8.145617	0.640	55,371.000000
8.156283	0.640	53,337.000000
8.166950	0.640	47,613.000000
8.177617	0.640	39,896.000000
8.188283	0.640	33,432.000000
8.198950	0.640	28,743.000000
8.209617	0.640	25,561.000000
8.220283	0.640	23,663.000000
8.230950	0.640	22,530.000000
8.241617	0.640	22,334.000000
8.252283	0.640	22,559.000000
8.262950	0.640	21,940.000000
8.273617	0.640	20,873.000000
8.284283	0.640	20,232.000000
8.294950	0.640	19,260.000000
8.305617	0.640	17,497.000000
8.316283	0.640	16,206.000000
8.326950	0.640	16,516.000000
8.337617	0.640	17,775.000000
8.348283	0.640	18,082.000000
8.358950	0.640	16,775.000000
8.369617	0.640	15,161.000000
8.380283	0.640	14,282.000000
8.390950	0.640	14,043.000000
8.401617	0.640	13,650.000000
8.412283	0.640	12,694.000000
8.422950	0.640	12,319.000000
8.433617	0.640	13,399.000000
8.444283	0.640	14,850.000000
8.454950	0.640	15,472.000000
8.465617	0.640	15,974.000000
8.476283	0.640	17,949.000000
8.486950	0.640	21,402.000000
8.497617	0.640	25,062.000000
8.508283	0.640	29,493.000000
8.518950	0.640	37,059.000000
8.529617	0.640	47,449.000000
8.540283	0.640	58,021.000000
8.550950	0.640	69,980.000000
8.561617	0.640	89,247.000000
8.572283	0.640	121,882.000000
8.582950	0.640	173,702.000000
8.593617	0.640	254,884.000000
8.604283	0.640	381,654.000000
8.614950	0.640	574,241.000000
8.625617	0.640	857,309.000000
8.636283	0.640	1,264,921.000000
8.646950	0.640	1,848,082.000000
8.657617	0.640	2,688,536.000000
8.668283	0.640	3,934,929.000000
8.678950	0.640	5,858,242.000000
8.689617	0.640	8,882,424.000000
8.700283	0.640	13,530,445.000000
8.710950	0.640	20,205,349.000000
8.721617	0.640	28,740,158.000000
8.732283	0.640	37,941,863.000000
8.742950	0.640	45,680,602.000000
8.753617	0.640	49,707,153.000000
8.764283	0.640	48,677,697.000000
8.774950	0.640	42,804,840.000000
8.785617	0.640	33,833,616.000000
8.796283	0.640	24,207,813.000000
8.806950	0.640	15,893,884.000000
8.817617	0.640	9,762,533.000000
8.828283	0.640	5,750,091.000000
8.838950	0.640	3,338,381.000000
8.849617	0.640	1,959,261.000000
8.860283	0.640	1,183,445.000000
8.870950	0.640	740,581.000000
8.881617	0.640	478,293.000000
8.892283	0.640	316,087.000000
8.902950	0.640	212,178.000000
8.913617	0.640	145,716.000000
8.924283	0.640	105,321.000000
8.934950	0.640	81,323.000000
8.945617	0.640	65,354.000000
8.956283	0.640	53,179.000000
8.966950	0.640	44,748.000000
8.977617	0.640	39,627.000000
8.988283	0.640	35,745.000000
8.998950	0.640	33,050.000000
9.009617	0.640	31,964.000000
9.020283	0.640	31,051.000000
9.030950	0.640	29,486.000000
9.041617	0.640	27,758.000000
9.052283	0.640	26,153.000000
9.062950	0.640	24,773.000000
9.073617	0.640	24,093.000000
9.084283	0.640	23,893.000000
9.094950	0.640	22,894.000000
9.105617	0.640	20,939.000000
9.116283	0.640	19,447.000000
9.126950	0.640	19,366.000000
9.137617	0.640	20,783.000000
9.148283	0.640	23,263.000000
9.158950	0.640	25,567.000000
9.169617	0.640	27,071.000000
9.180283	0.640	27,971.000000
9.190950	0.640	27,831.000000
9.201617	0.640	26,565.000000
9.212283	0.640	24,858.000000
9.222950	0.640	23,132.000000
9.233617	0.640	21,545.000000
9.244283	0.640	20,261.000000
9.254950	0.640	20,005.000000
9.265617	0.640	21,215.000000
9.276283	0.640	22,125.000000
9.286950	0.640	20,955.000000
9.297617	0.640	18,917.000000
9.308283	0.640	18,118.000000
9.318950	0.640	18,661.000000
9.329617	0.640	18,903.000000
9.340283	0.640	18,394.000000
9.350950	0.640	18,754.000000
9.361617	0.640	19,924.000000
9.372283	0.640	20,014.000000
9.382950	0.640	19,389.000000
9.393617	0.640	20,009.000000
9.404283	0.640	21,167.000000
9.414950	0.640	20,188.000000
9.425617	0.640	17,476.000000
9.436283	0.640	16,237.000000
9.446950	0.640	17,419.000000
9.457617	0.640	18,814.000000
9.468283	0.640	19,138.000000
9.478950	0.640	19,701.000000
9.489617	0.640	20,943.000000
9.500283	0.640	22,178.000000
9.510950	0.640	24,280.000000
9.521617	0.640	28,155.000000
9.532283	0.640	33,924.000000
9.542950	0.640	41,495.000000
9.553617	0.640	48,953.000000
9.564283	0.640	53,803.000000
9.574950	0.640	55,685.000000
9.585617	0.640	56,549.000000
9.596283	0.640	59,911.000000
9.606950	0.640	68,678.000000
9.617617	0.640	84,386.000000
9.628283	0.640	109,884.000000
9.638950	0.640	151,472.000000
9.649617	0.640	218,118.000000
9.660283	0.640	315,922.000000
9.670950	0.640	440,042.000000
9.681617	0.640	569,930.000000
9.692283	0.640	672,780.000000
9.702950	0.640	716,873.000000
9.713617	0.640	685,508.000000
9.724283	0.640	585,246.000000
9.734950	0.640	446,914.000000
9.745617	0.640	310,192.000000
9.756283	0.640	201,230.000000
9.766950	0.640	126,881.000000
9.777617	0.640	82,097.000000
9.788283	0.640	56,792.000000
9.798950	0.640	42,056.000000
9.809617	0.640	33,753.000000
9.820283	0.640	30,419.000000
9.830950	0.640	29,884.000000
9.841617	0.640	29,598.000000
9.852283	0.640	28,832.000000
9.862950	0.640	28,681.000000
9.873617	0.640	30,473.000000
9.884283	0.640	34,184.000000
9.894950	0.640	38,884.000000
9.905617	0.640	45,134.000000
9.916283	0.640	54,857.000000
9.926950	0.640	69,961.000000
9.937617	0.640	93,450.000000
9.948283	0.640	129,655.000000
9.958950	0.640	182,192.000000
9.969617	0.640	254,295.000000
9.980283	0.640	354,714.000000
9.990950	0.640	504,220.000000
10.001617	0.640	739,764.000000
10.012283	0.640	1,118,799.000000
10.022950	0.640	1,709,166.000000
10.033617	0.640	2,546,721.000000
10.044283	0.640	3,570,800.000000
10.054950	0.640	4,588,550.000000
10.065617	0.640	5,319,504.000000
10.076283	0.640	5,505,830.000000
10.086950	0.640	5,048,561.000000
10.097617	0.640	4,096,683.000000
10.108283	0.640	2,970,051.000000
10.118950	0.640	1,956,777.000000
10.129617	0.640	1,195,362.000000
10.140283	0.640	700,889.000000
10.150950	0.640	419,936.000000
10.161617	0.640	272,541.000000
10.172283	0.640	193,568.000000
10.182950	0.640	148,579.000000
10.193617	0.640	123,118.000000
10.204283	0.640	109,832.000000
10.214950	0.640	103,489.000000
10.225617	0.640	100,502.000000
10.236283	0.640	97,714.000000
10.246950	0.640	91,803.000000
10.257617	0.640	81,832.000000
10.268283	0.640	70,717.000000
10.278950	0.640	61,754.000000
10.289617	0.640	54,533.000000
10.300283	0.640	47,161.000000
10.310950	0.640	40,776.000000
10.321617	0.640	36,881.000000
10.332283	0.640	34,170.000000
10.342950	0.640	31,393.000000
10.353617	0.640	29,109.000000
10.364283	0.640	27,915.000000
10.374950	0.640	27,417.000000
10.385617	0.640	27,716.000000
10.396283	0.640	29,179.000000
10.406950	0.640	30,573.000000
10.417617	0.640	31,003.000000
10.428283	0.640	31,398.000000
10.438950	0.640	31,620.000000
10.449617	0.640	30,377.000000
10.460283	0.640	28,917.000000
10.470950	0.640	29,388.000000
10.481617	0.640	30,090.000000
10.492283	0.640	28,244.000000
10.502950	0.640	25,363.000000
10.513617	0.640	24,358.000000
10.524283	0.640	24,528.000000
10.534950	0.640	23,796.000000
10.545617	0.640	22,327.000000
10.556283	0.640	21,558.000000
10.566950	0.640	21,777.000000
10.577617	0.640	22,152.000000
10.588283	0.640	22,501.000000
10.598950	0.640	23,273.000000
10.609617	0.640	23,969.000000
10.620283	0.640	23,517.000000
10.630950	0.640	22,860.000000
10.641617	0.640	24,166.000000
10.652283	0.640	26,574.000000
10.662950	0.640	27,262.000000
10.673617	0.640	26,685.000000
10.684283	0.640	27,670.000000
10.694950	0.640	29,944.000000
10.705617	0.640	30,802.000000
10.716283	0.640	30,495.000000
10.726950	0.640	30,749.000000
10.737617	0.640	30,179.000000
10.748283	0.640	27,791.000000
10.758950	0.640	26,116.000000
10.769617	0.640	26,370.000000
10.780283	0.640	26,498.000000
10.790950	0.640	25,561.000000
10.801617	0.640	24,914.000000
10.812283	0.640	24,727.000000
10.822950	0.640	24,021.000000
10.833617	0.640	23,914.000000
10.844283	0.640	25,683.000000
10.854950	0.640	27,496.000000
10.865617	0.640	27,457.000000
10.876283	0.640	26,931.000000
10.886950	0.640	28,335.000000
10.897617	0.640	31,105.000000
10.908283	0.640	32,743.000000
10.918950	0.640	34,038.000000
10.929617	0.640	38,460.000000
10.940283	0.640	46,575.000000
10.950950	0.640	57,046.000000
10.961617	0.640	72,789.000000
10.972283	0.640	98,634.000000
10.982950	0.640	134,151.000000
10.993617	0.640	178,715.000000
11.004283	0.640	240,818.000000
11.014950	0.640	337,511.000000
11.025617	0.640	489,854.000000
11.036283	0.640	719,285.000000
11.046950	0.640	1,040,384.000000
11.057617	0.640	1,448,078.000000
11.068283	0.640	1,903,844.000000
11.078950	0.640	2,323,273.000000
11.089617	0.640	2,592,330.000000
11.100283	0.640	2,625,631.000000
11.110950	0.640	2,409,394.000000
11.121617	0.640	2,005,263.000000
11.132283	0.640	1,530,486.000000
11.142950	0.640	1,103,242.000000
11.153617	0.640	788,778.000000
11.164283	0.640	599,278.000000
11.174950	0.640	522,911.000000
11.185617	0.640	539,454.000000
11.196283	0.640	630,540.000000
11.206950	0.640	791,531.000000
11.217617	0.640	1,028,787.000000
11.228283	0.640	1,354,564.000000
11.238950	0.640	1,798,315.000000
11.249617	0.640	2,422,849.000000
11.260283	0.640	3,345,434.000000
11.270950	0.640	4,778,797.000000
11.281617	0.640	7,029,688.000000
11.292283	0.640	10,370,795.000000
11.302950	0.640	14,833,912.000000
11.313617	0.640	19,993,178.000000
11.324283	0.640	24,868,772.000000
11.334950	0.640	28,179,731.000000
11.345617	0.640	28,874,123.000000
11.356283	0.640	26,637,048.000000
11.366950	0.640	22,103,940.000000
11.377617	0.640	16,554,215.000000
11.388283	0.640	11,277,573.000000
11.398950	0.640	7,095,326.000000
11.409617	0.640	4,230,036.000000
11.420283	0.640	2,466,426.000000
11.430950	0.640	1,446,352.000000
11.441617	0.640	873,139.000000
11.452283	0.640	551,659.000000
11.462950	0.640	362,954.000000
11.473617	0.640	244,628.000000
11.484283	0.640	169,352.000000
11.494950	0.640	122,191.000000
11.505617	0.640	93,589.000000
11.516283	0.640	77,868.000000
11.526950	0.640	69,577.000000
11.537617	0.640	64,417.000000
11.548283	0.640	61,346.000000
11.558950	0.640	60,295.000000
11.569617	0.640	59,806.000000
11.580283	0.640	59,345.000000
11.590950	0.640	59,253.000000
11.601617	0.640	57,096.000000
11.612283	0.640	50,797.000000
11.623000	0.643	43,486.000000
11.633617	0.637	39,254.000000
11.644283	0.640	37,771.000000
11.654950	0.640	36,767.000000
11.665617	0.640	35,708.000000
11.676283	0.640	34,940.000000
11.686950	0.640	34,027.000000
11.697617	0.640	33,181.000000
11.708283	0.640	34,762.000000
11.718950	0.640	39,378.000000
11.729617	0.640	43,281.000000
11.740283	0.640	44,583.000000
11.750950	0.640	46,132.000000
11.761617	0.640	49,096.000000
11.772283	0.640	51,923.000000
11.782950	0.640	55,838.000000
11.793617	0.640	64,307.000000
11.804283	0.640	78,046.000000
11.814950	0.640	97,522.000000
11.825617	0.640	129,214.000000
11.836283	0.640	181,814.000000
11.846950	0.640	260,542.000000
11.857617	0.640	370,521.000000
11.868283	0.640	521,713.000000
11.878950	0.640	728,904.000000
11.889617	0.640	1,010,688.000000
11.900283	0.640	1,398,694.000000
11.910950	0.640	1,954,024.000000
11.921617	0.640	2,789,127.000000
11.932283	0.640	4,103,518.000000
11.942950	0.640	6,180,649.000000
11.953617	0.640	9,267,070.000000
11.964283	0.640	13,340,920.000000
11.974950	0.640	17,887,748.000000
11.985617	0.640	21,867,407.000000
11.996283	0.640	24,032,094.000000
12.006950	0.640	23,554,671.000000
12.017617	0.640	20,541,555.000000
12.028283	0.640	15,977,244.000000
12.038950	0.640	11,169,453.000000
12.049617	0.640	7,127,900.000000
12.060283	0.640	4,258,678.000000
12.070950	0.640	2,466,810.000000
12.081617	0.640	1,442,158.000000
12.092283	0.640	879,235.000000
12.102950	0.640	564,366.000000
12.113617	0.640	377,368.000000
12.124283	0.640	260,510.000000
12.134950	0.640	185,826.000000
12.145617	0.640	137,256.000000
12.156283	0.640	105,241.000000
12.166950	0.640	84,604.000000
12.177617	0.640	72,214.000000
12.188283	0.640	64,955.000000
12.198950	0.640	59,787.000000
12.209617	0.640	55,045.000000
12.220283	0.640	50,955.000000
12.230950	0.640	47,898.000000
12.241617	0.640	44,802.000000
12.252283	0.640	41,509.000000
12.262950	0.640	39,593.000000
12.273617	0.640	39,207.000000
12.284283	0.640	39,360.000000
12.294950	0.640	39,732.000000
12.305617	0.640	39,685.000000
12.316283	0.640	39,148.000000
12.326950	0.640	39,138.000000
12.337617	0.640	39,439.000000
12.348283	0.640	39,457.000000
12.358950	0.640	39,752.000000
12.369617	0.640	40,553.000000
12.380283	0.640	41,493.000000
12.390950	0.640	42,641.000000
12.401617	0.640	43,989.000000
12.412283	0.640	45,031.000000
12.422950	0.640	45,642.000000
12.433617	0.640	45,982.000000
12.444283	0.640	46,013.000000
12.454950	0.640	46,243.000000
12.465617	0.640	47,177.000000
12.476283	0.640	48,361.000000
12.486950	0.640	49,225.000000
12.497617	0.640	49,404.000000
12.508283	0.640	49,042.000000
12.518950	0.640	49,416.000000
12.529617	0.640	51,272.000000
12.540283	0.640	53,216.000000
12.550950	0.640	53,731.000000
12.561617	0.640	53,268.000000
12.572283	0.640	52,930.000000
12.582950	0.640	53,747.000000
12.593617	0.640	56,619.000000
12.604283	0.640	59,640.000000
12.614950	0.640	59,242.000000
12.625617	0.640	56,124.000000
12.636283	0.640	54,036.000000
12.646950	0.640	53,147.000000
12.657617	0.640	51,154.000000
12.668283	0.640	48,690.000000
12.678950	0.640	47,697.000000
12.689617	0.640	47,455.000000
12.700283	0.640	46,525.000000
12.710950	0.640	45,088.000000
12.721617	0.640	42,977.000000
12.732283	0.640	40,210.000000
12.742950	0.640	39,441.000000
12.753617	0.640	41,633.000000
12.764283	0.640	43,719.000000
12.774950	0.640	44,467.000000
12.785617	0.640	45,556.000000
12.796283	0.640	47,487.000000
12.806950	0.640	49,163.000000
12.817617	0.640	50,216.000000
12.828283	0.640	51,598.000000
12.838950	0.640	52,932.000000
12.849617	0.640	52,325.000000
12.860283	0.640	49,394.000000
12.870950	0.640	45,125.000000
12.881617	0.640	40,860.000000
12.892283	0.640	38,084.000000
12.902950	0.640	36,302.000000
12.913617	0.640	34,328.000000
12.924283	0.640	33,474.000000
12.934950	0.640	34,210.000000
12.945617	0.640	34,234.000000
12.956283	0.640	33,087.000000
12.966950	0.640	32,340.000000
12.977617	0.640	32,334.000000
12.988283	0.640	32,827.000000
12.998950	0.640	33,092.000000
13.009617	0.640	32,076.000000
13.020283	0.640	31,145.000000
13.030950	0.640	32,015.000000
13.041617	0.640	33,112.000000
13.052283	0.640	32,988.000000
13.062950	0.640	32,723.000000
13.073617	0.640	32,540.000000
13.084283	0.640	32,170.000000
13.094950	0.640	33,196.000000
13.105617	0.640	35,410.000000
13.116283	0.640	36,093.000000
13.126950	0.640	34,897.000000
13.137617	0.640	33,389.000000
13.148283	0.640	32,408.000000
13.158950	0.640	32,608.000000
13.169617	0.640	33,728.000000
13.180283	0.640	34,484.000000
13.190950	0.640	34,746.000000
13.201617	0.640	34,739.000000
13.212283	0.640	33,964.000000
13.222950	0.640	33,560.000000
13.233617	0.640	35,556.000000
13.244283	0.640	38,439.000000
13.254950	0.640	38,755.000000
13.265617	0.640	36,947.000000
13.276283	0.640	36,200.000000
13.286950	0.640	37,233.000000
13.297617	0.640	37,956.000000
13.308283	0.640	37,189.000000
13.318950	0.640	36,039.000000
13.329617	0.640	34,586.000000
13.340283	0.640	31,913.000000
13.350950	0.640	29,477.000000
13.361617	0.640	29,430.000000
13.372283	0.640	31,383.000000
13.382950	0.640	33,135.000000
13.393617	0.640	33,250.000000
13.404283	0.640	32,100.000000
13.414950	0.640	30,953.000000
13.425617	0.640	30,919.000000
13.436283	0.640	31,835.000000
13.446950	0.640	32,437.000000
13.457617	0.640	32,299.000000
13.468283	0.640	31,810.000000
13.478950	0.640	30,892.000000
13.489617	0.640	29,585.000000
13.500283	0.640	28,816.000000
13.510950	0.640	29,185.000000
13.521617	0.640	29,583.000000
13.532283	0.640	29,460.000000
13.542950	0.640	30,040.000000
13.553617	0.640	30,945.000000
13.564283	0.640	30,653.000000
13.574950	0.640	29,559.000000
13.585617	0.640	29,341.000000
13.596283	0.640	30,098.000000
13.606950	0.640	29,702.000000
13.617617	0.640	28,577.000000
13.628283	0.640	29,502.000000
13.638950	0.640	31,322.000000
13.649617	0.640	31,310.000000
13.660283	0.640	30,417.000000
13.670950	0.640	30,563.000000
13.681617	0.640	31,536.000000
13.692283	0.640	32,905.000000
13.702950	0.640	34,690.000000
13.713617	0.640	36,082.000000
13.724283	0.640	36,863.000000
13.734950	0.640	38,399.000000
13.745617	0.640	42,053.000000
13.756283	0.640	48,176.000000
13.766950	0.640	56,122.000000
13.777617	0.640	64,264.000000
13.788283	0.640	71,648.000000
13.798950	0.640	80,367.000000
13.809617	0.640	93,346.000000
13.820283	0.640	109,577.000000
13.830950	0.640	126,033.000000
13.841617	0.640	144,111.000000
13.852283	0.640	169,221.000000
13.862950	0.640	206,339.000000
13.873617	0.640	260,455.000000
13.884283	0.640	338,364.000000
13.894950	0.640	446,599.000000
13.905617	0.640	586,658.000000
13.916283	0.640	752,175.000000
13.926950	0.640	931,565.000000
13.937617	0.640	1,107,973.000000
13.948283	0.640	1,253,418.000000
13.958950	0.640	1,336,134.000000
13.969617	0.640	1,336,222.000000
13.980283	0.640	1,247,633.000000
13.990950	0.640	1,081,154.000000
14.001617	0.640	870,291.000000
14.012283	0.640	659,320.000000
14.022950	0.640	481,396.000000
14.033617	0.640	347,245.000000
14.044283	0.640	251,868.000000
14.054950	0.640	187,237.000000
14.065617	0.640	148,124.000000
14.076283	0.640	129,255.000000
14.086950	0.640	120,693.000000
14.097617	0.640	112,984.000000
14.108283	0.640	104,694.000000
14.118950	0.640	98,965.000000
14.129617	0.640	95,350.000000
14.140283	0.640	89,907.000000
14.150950	0.640	81,801.000000
14.161617	0.640	73,576.000000
14.172283	0.640	65,910.000000
14.182950	0.640	57,923.000000
14.193617	0.640	50,435.000000
14.204283	0.640	45,054.000000
14.214950	0.640	42,301.000000
14.225617	0.640	41,409.000000
14.236283	0.640	40,767.000000
14.246950	0.640	39,931.000000
14.257617	0.640	40,583.000000
14.268283	0.640	42,709.000000
14.278950	0.640	43,293.000000
14.289617	0.640	41,750.000000
14.300283	0.640	40,320.000000
14.310950	0.640	39,588.000000
14.321617	0.640	39,576.000000
14.332283	0.640	41,322.000000
14.342950	0.640	44,586.000000
14.353617	0.640	47,420.000000
14.364283	0.640	49,343.000000
14.374950	0.640	51,944.000000
14.385617	0.640	55,038.000000
14.396283	0.640	56,579.000000
14.406950	0.640	55,656.000000
14.417617	0.640	52,731.000000
14.428283	0.640	49,770.000000
14.438950	0.640	48,754.000000
14.449617	0.640	48,938.000000
14.460283	0.640	48,343.000000
14.470950	0.640	46,518.000000
14.481617	0.640	44,582.000000
14.492283	0.640	43,452.000000
14.502950	0.640	43,169.000000
14.513617	0.640	44,031.000000
14.524283	0.640	46,129.000000
14.534950	0.640	48,113.000000
14.545617	0.640	48,425.000000
14.556283	0.640	47,278.000000
14.566950	0.640	46,667.000000
14.577617	0.640	48,065.000000
14.588283	0.640	49,802.000000
14.598950	0.640	49,173.000000
14.609617	0.640	47,325.000000
14.620283	0.640	48,355.000000
14.630950	0.640	54,135.000000
14.641617	0.640	62,653.000000
14.652283	0.640	71,373.000000
14.662950	0.640	79,962.000000
14.673617	0.640	88,451.000000
14.684283	0.640	94,492.000000
14.694950	0.640	94,525.000000
14.705617	0.640	88,121.000000
14.716283	0.640	78,793.000000
14.726950	0.640	69,953.000000
14.737617	0.640	63,332.000000
14.748283	0.640	60,238.000000
14.758950	0.640	61,154.000000
14.769617	0.640	65,881.000000
14.780283	0.640	73,821.000000
14.790950	0.640	82,362.000000
14.801617	0.640	87,669.000000
14.812283	0.640	87,577.000000
14.822950	0.640	83,479.000000
14.833617	0.640	79,199.000000
14.844283	0.640	76,670.000000
14.854950	0.640	75,234.000000
14.865617	0.640	73,703.000000
14.876283	0.640	70,334.000000
14.886950	0.640	65,309.000000
14.897617	0.640	61,760.000000
14.908283	0.640	60,566.000000
14.918950	0.640	59,348.000000
14.929617	0.640	56,886.000000
14.940283	0.640	54,343.000000
14.950950	0.640	53,355.000000
14.961617	0.640	53,592.000000
14.972283	0.640	53,342.000000
14.982950	0.640	52,780.000000
14.993617	0.640	53,380.000000
15.004283	0.640	55,146.000000
15.014950	0.640	57,060.000000
15.025617	0.640	57,881.000000
15.036283	0.640	56,580.000000
15.046950	0.640	54,929.000000
15.057617	0.640	55,937.000000
15.068283	0.640	58,759.000000
15.078950	0.640	60,359.000000
15.089617	0.640	60,616.000000
15.100283	0.640	62,291.000000
15.110950	0.640	67,185.000000
15.121617	0.640	74,187.000000
15.132283	0.640	80,805.000000
15.142950	0.640	84,845.000000
15.153617	0.640	85,070.000000
15.164283	0.640	81,988.000000
15.174950	0.640	77,787.000000
15.185617	0.640	74,006.000000
15.196283	0.640	70,837.000000
15.206950	0.640	68,868.000000
15.217617	0.640	68,205.000000
15.228283	0.640	67,689.000000
15.238950	0.640	66,505.000000
15.249617	0.640	65,235.000000
15.260283	0.640	65,440.000000
15.270950	0.640	66,900.000000
15.281617	0.640	67,419.000000
15.292283	0.640	66,570.000000
15.302950	0.640	66,071.000000
15.313617	0.640	66,895.000000
15.324283	0.640	67,715.000000
15.334950	0.640	67,513.000000
15.345617	0.640	68,152.000000
15.356283	0.640	70,604.000000
15.366950	0.640	72,633.000000
15.377617	0.640	72,676.000000
15.388283	0.640	71,584.000000
15.398950	0.640	70,523.000000
15.409617	0.640	69,674.000000
15.420283	0.640	68,957.000000
15.430950	0.640	69,337.000000
15.441617	0.640	72,209.000000
15.452283	0.640	76,643.000000
15.462950	0.640	79,242.000000
15.473617	0.640	78,385.000000
15.484283	0.640	76,248.000000
15.494950	0.640	75,497.000000
15.505617	0.640	76,552.000000
15.516283	0.640	79,140.000000
15.526950	0.640	84,466.000000
15.537617	0.640	93,888.000000
15.548283	0.640	107,510.000000
15.558950	0.640	125,665.000000
15.569617	0.640	147,366.000000
15.580283	0.640	166,783.000000
15.590950	0.640	174,813.000000
15.601617	0.640	165,254.000000
15.612283	0.640	141,479.000000
15.622950	0.640	114,896.000000
15.633617	0.640	95,485.000000
15.644283	0.640	86,899.000000
15.654950	0.640	86,076.000000
15.665617	0.640	85,683.000000
15.676283	0.640	82,593.000000
15.686950	0.640	80,237.000000
15.697617	0.640	80,400.000000
15.708283	0.640	80,572.000000
15.718950	0.640	79,643.000000
15.729617	0.640	79,423.000000
15.740283	0.640	81,674.000000
15.750950	0.640	88,087.000000
15.761617	0.640	100,368.000000
15.772283	0.640	120,404.000000
15.782950	0.640	152,733.000000
15.793617	0.640	205,632.000000
15.804283	0.640	293,914.000000
15.814950	0.640	442,505.000000
15.825617	0.640	688,511.000000
15.836283	0.640	1,099,057.000000
15.846950	0.640	1,819,693.000000
15.857617	0.640	3,108,826.000000
15.868283	0.640	5,237,452.000000
15.878950	0.640	8,180,494.000000
15.889617	0.640	11,267,184.000000
15.900283	0.640	13,248,486.000000
15.910950	0.640	13,063,050.000000
15.921617	0.640	10,725,740.000000
15.932283	0.640	7,369,057.000000
15.942950	0.640	4,350,858.000000
15.953617	0.640	2,360,261.000000
15.964283	0.640	1,308,032.000000
15.974950	0.640	802,070.000000
15.985617	0.640	541,722.000000
15.996283	0.640	388,388.000000
16.006950	0.640	291,753.000000
16.017617	0.640	232,188.000000
16.028283	0.640	197,982.000000
16.038950	0.640	178,446.000000
16.049617	0.640	167,011.000000
16.060283	0.640	164,070.000000
16.070950	0.640	170,455.000000
16.081617	0.640	182,106.000000
16.092283	0.640	194,283.000000
16.102950	0.640	204,122.000000
16.113617	0.640	208,274.000000
16.124283	0.640	205,747.000000
16.134950	0.640	200,815.000000
16.145617	0.640	197,631.000000
16.156283	0.640	196,979.000000
16.166950	0.640	197,538.000000
16.177617	0.640	195,665.000000
16.188283	0.640	188,952.000000
16.198950	0.640	179,995.000000
16.209617	0.640	172,220.000000
16.220283	0.640	166,458.000000
16.230950	0.640	163,680.000000
16.241617	0.640	165,868.000000
16.252283	0.640	172,079.000000
16.262950	0.640	177,555.000000
16.273617	0.640	178,505.000000
16.284283	0.640	173,086.000000
16.294950	0.640	160,661.000000
16.305617	0.640	145,534.000000
16.316283	0.640	134,133.000000
16.326950	0.640	127,510.000000
16.337617	0.640	123,408.000000
16.348283	0.640	120,915.000000
16.358950	0.640	120,708.000000
16.369617	0.640	123,440.000000
16.380283	0.640	126,622.000000
16.390950	0.640	127,179.000000
16.401617	0.640	126,059.000000
16.412283	0.640	125,397.000000
16.422950	0.640	126,286.000000
16.433617	0.640	130,646.000000
16.444283	0.640	139,786.000000
16.454950	0.640	153,611.000000
16.465617	0.640	176,482.000000
16.476283	0.640	220,731.000000
16.486950	0.640	303,057.000000
16.497617	0.640	443,282.000000
16.508283	0.640	671,171.000000
16.518950	0.640	1,039,454.000000
16.529617	0.640	1,643,700.000000
16.540283	0.640	2,665,129.000000
16.550950	0.640	4,454,521.000000
16.561617	0.640	7,571,474.000000
16.572283	0.640	12,526,781.000000
16.582950	0.640	19,091,598.000000
16.593617	0.640	25,650,705.000000
16.604283	0.640	29,584,850.000000
16.614950	0.640	28,922,243.000000
16.625617	0.640	23,886,273.000000
16.636283	0.640	16,753,570.000000
16.646950	0.640	10,177,224.000000
16.657617	0.640	5,612,667.000000
16.668283	0.640	3,055,358.000000
16.678950	0.640	1,789,954.000000
16.689617	0.640	1,149,129.000000
16.700283	0.640	778,546.000000
16.710950	0.640	546,720.000000
16.721617	0.640	401,447.000000
16.732283	0.640	309,700.000000
16.742950	0.640	251,278.000000
16.753617	0.640	214,741.000000
16.764283	0.640	191,467.000000
16.774950	0.640	175,611.000000
16.785617	0.640	165,901.000000
16.796283	0.640	163,155.000000
16.806950	0.640	165,064.000000
16.817617	0.640	168,434.000000
16.828283	0.640	175,461.000000
16.838950	0.640	189,765.000000
16.849617	0.640	208,938.000000
16.860283	0.640	225,992.000000
16.870950	0.640	233,622.000000
16.881617	0.640	227,696.000000
16.892283	0.640	212,414.000000
16.902950	0.640	197,922.000000
16.913617	0.640	188,333.000000
16.924283	0.640	179,622.000000
16.934950	0.640	169,434.000000
16.945617	0.640	160,062.000000
16.956283	0.640	154,999.000000
16.966950	0.640	155,301.000000
16.977617	0.640	156,641.000000
16.988283	0.640	154,195.000000
16.998950	0.640	150,326.000000
17.009617	0.640	150,928.000000
17.020283	0.640	156,037.000000
17.030950	0.640	161,073.000000
17.041617	0.640	164,045.000000
17.052283	0.640	166,129.000000
17.062950	0.640	169,982.000000
17.073617	0.640	177,936.000000
17.084283	0.640	190,218.000000
17.094950	0.640	207,491.000000
17.105617	0.640	230,550.000000
17.116283	0.640	259,366.000000
17.126950	0.640	299,628.000000
17.137617	0.640	361,399.000000
17.148283	0.640	443,157.000000
17.158950	0.640	527,699.000000
17.169617	0.640	600,227.000000
17.180283	0.640	656,192.000000
17.190950	0.640	688,455.000000
17.201617	0.640	686,972.000000
17.212283	0.640	652,372.000000
17.222950	0.640	595,039.000000
17.233617	0.640	524,572.000000
17.244283	0.640	446,795.000000
17.254950	0.640	368,016.000000
17.265617	0.640	299,133.000000
17.276283	0.640	249,361.000000
17.286950	0.640	217,630.000000
17.297617	0.640	197,876.000000
17.308283	0.640	186,743.000000
17.318950	0.640	181,995.000000
17.329617	0.640	179,873.000000
17.340283	0.640	177,148.000000
17.350950	0.640	174,319.000000
17.361617	0.640	173,419.000000
17.372283	0.640	174,197.000000
17.382950	0.640	176,063.000000
17.393617	0.640	180,449.000000
17.404283	0.640	187,266.000000
17.414950	0.640	192,729.000000
17.425617	0.640	196,236.000000
17.436283	0.640	202,325.000000
17.446950	0.640	212,046.000000
17.457617	0.640	222,083.000000
17.468283	0.640	230,226.000000
17.478950	0.640	237,165.000000
17.489617	0.640	247,331.000000
17.500283	0.640	264,073.000000
17.510950	0.640	282,619.000000
17.521617	0.640	296,869.000000
17.532283	0.640	309,776.000000
17.542950	0.640	327,743.000000
17.553617	0.640	353,890.000000
17.564283	0.640	391,111.000000
17.574950	0.640	440,660.000000
17.585617	0.640	498,058.000000
17.596283	0.640	552,193.000000
17.606950	0.640	587,569.000000
17.617617	0.640	591,390.000000
17.628283	0.640	559,372.000000
17.638950	0.640	499,758.000000
17.649617	0.640	431,931.000000
17.660283	0.640	373,803.000000
17.670950	0.640	332,101.000000
17.681617	0.640	304,876.000000
17.692283	0.640	287,405.000000
17.702950	0.640	275,524.000000
17.713617	0.640	267,748.000000
17.724283	0.640	264,517.000000
17.734950	0.640	264,850.000000
17.745617	0.640	266,766.000000
17.756283	0.640	269,045.000000
17.766950	0.640	270,451.000000
17.777617	0.640	269,585.000000
17.788283	0.640	266,414.000000
17.798950	0.640	264,533.000000
17.809617	0.640	267,401.000000
17.820283	0.640	272,118.000000
17.830950	0.640	274,839.000000
17.841617	0.640	277,247.000000
17.852283	0.640	281,294.000000
17.862950	0.640	285,396.000000
17.873617	0.640	288,478.000000
17.884283	0.640	291,233.000000
17.894950	0.640	293,413.000000
17.905617	0.640	294,863.000000
17.916283	0.640	297,549.000000
17.926950	0.640	303,020.000000
17.937617	0.640	309,756.000000
17.948283	0.640	314,890.000000
17.958950	0.640	318,079.000000
17.969617	0.640	322,040.000000
17.980283	0.640	328,165.000000
17.990950	0.640	334,774.000000
18.001617	0.640	340,612.000000
18.012283	0.640	345,291.000000
18.022950	0.640	348,691.000000
18.033617	0.640	352,871.000000
18.044283	0.640	359,718.000000
18.054950	0.640	369,497.000000
18.065617	0.640	382,719.000000
18.076283	0.640	396,692.000000
18.086950	0.640	409,909.000000
18.097617	0.640	431,008.000000
18.108283	0.640	466,245.000000
18.118950	0.640	512,693.000000
18.129617	0.640	575,486.000000
18.140283	0.640	668,416.000000
18.150950	0.640	800,443.000000
18.161617	0.640	981,751.000000
18.172283	0.640	1,235,569.000000
18.182950	0.640	1,590,807.000000
18.193617	0.640	2,073,240.000000
18.204283	0.640	2,722,724.000000
18.214950	0.640	3,609,065.000000
18.225617	0.640	4,816,136.000000
18.236283	0.640	6,446,559.000000
18.246950	0.640	8,694,215.000000
18.257617	0.640	11,904,663.000000
18.268283	0.640	16,528,870.000000
18.278950	0.640	22,970,150.000000
18.289617	0.640	31,377,828.000000
18.300283	0.640	41,453,195.000000
18.310950	0.640	52,257,742.000000
18.321617	0.640	62,137,264.000000
18.332283	0.640	69,044,211.000000
18.342950	0.640	71,271,752.000000
18.353617	0.640	68,212,265.000000
18.364283	0.640	60,567,339.000000
18.374950	0.640	49,932,261.000000
18.385617	0.640	38,265,908.000000
18.396283	0.640	27,396,858.000000
18.406950	0.640	18,508,241.000000
18.417617	0.640	11,935,128.000000
18.428283	0.640	7,433,967.000000
18.438950	0.640	4,554,712.000000
18.449617	0.640	2,825,377.000000
18.460283	0.640	1,830,612.000000
18.470950	0.640	1,275,153.000000
18.481617	0.640	992,685.000000
18.492283	0.640	891,725.000000
18.502950	0.640	912,420.000000
18.513617	0.640	1,031,201.000000
18.524283	0.640	1,254,029.000000
18.534950	0.640	1,582,555.000000
18.545617	0.640	2,022,930.000000
18.556283	0.640	2,628,373.000000
18.566950	0.640	3,498,339.000000
18.577617	0.640	4,765,813.000000
18.588283	0.640	6,625,560.000000
18.598950	0.640	9,314,946.000000
18.609617	0.640	12,984,308.000000
18.620283	0.640	17,547,506.000000
18.630950	0.640	22,596,820.000000
18.641617	0.640	27,385,719.000000
18.652283	0.640	30,940,201.000000
18.662950	0.640	32,391,886.000000
18.673617	0.640	31,358,098.000000
18.684283	0.640	28,075,325.000000
18.694950	0.640	23,280,217.000000
18.705617	0.640	17,939,231.000000
18.716283	0.640	12,913,404.000000
18.726950	0.640	8,739,877.000000
18.737617	0.640	5,615,378.000000
18.748283	0.640	3,480,662.000000
18.758950	0.640	2,122,742.000000
18.769617	0.640	1,297,601.000000
18.780283	0.640	813,868.000000
18.790950	0.640	533,544.000000
18.801617	0.640	364,675.000000
18.812283	0.640	262,113.000000
18.822950	0.640	203,034.000000
18.833617	0.640	168,521.000000
18.844283	0.640	146,284.000000
18.854950	0.640	132,606.000000
18.865617	0.640	127,023.000000
18.876283	0.640	126,657.000000
18.886950	0.640	128,482.000000
18.897617	0.640	133,660.000000
18.908283	0.640	144,891.000000
18.918950	0.640	163,528.000000
18.929617	0.640	189,740.000000
18.940283	0.640	223,403.000000
18.950950	0.640	266,963.000000
18.961617	0.640	324,727.000000
18.972283	0.640	399,328.000000
18.982950	0.640	494,428.000000
18.993617	0.640	618,762.000000
19.004283	0.640	786,461.000000
19.014950	0.640	1,017,526.000000
19.025617	0.640	1,339,308.000000
19.036283	0.640	1,789,691.000000
19.046950	0.640	2,413,640.000000
19.057617	0.640	3,242,829.000000
19.068283	0.640	4,263,280.000000
19.078950	0.640	5,387,459.000000
19.089617	0.640	6,466,589.000000
19.100283	0.640	7,336,131.000000
19.110950	0.640	7,837,504.000000
19.121617	0.640	7,845,532.000000
19.132283	0.640	7,333,615.000000
19.142950	0.640	6,399,077.000000
19.153617	0.640	5,223,210.000000
19.164283	0.640	4,007,987.000000
19.174950	0.640	2,910,490.000000
19.185617	0.640	2,014,313.000000
19.196283	0.640	1,345,026.000000
19.206950	0.640	884,391.000000
19.217617	0.640	584,428.000000
19.228283	0.640	394,825.000000
19.238950	0.640	277,918.000000
19.249617	0.640	207,380.000000
19.260283	0.640	165,466.000000
19.270950	0.640	140,496.000000
19.281617	0.640	125,536.000000
19.292283	0.640	116,725.000000
19.302950	0.640	111,856.000000
19.313617	0.640	110,300.000000
19.324283	0.640	110,370.000000
19.334950	0.640	108,881.000000
19.345617	0.640	106,007.000000
19.356283	0.640	106,019.000000
19.366950	0.640	110,196.000000
19.377617	0.640	113,741.000000
19.388283	0.640	113,187.000000
19.398950	0.640	111,768.000000
19.409617	0.640	113,353.000000
19.420283	0.640	116,342.000000
19.430950	0.640	118,888.000000
19.441617	0.640	123,142.000000
19.452283	0.640	129,482.000000
19.462950	0.640	135,017.000000
19.473617	0.640	139,096.000000
19.484283	0.640	143,288.000000
19.494950	0.640	147,553.000000
19.505617	0.640	149,701.000000
19.516283	0.640	147,972.000000
19.526950	0.640	143,845.000000
19.537617	0.640	140,445.000000
19.548283	0.640	138,078.000000
19.558950	0.640	134,777.000000
19.569617	0.640	130,957.000000
19.580283	0.640	128,646.000000
19.590950	0.640	127,629.000000
19.601617	0.640	126,787.000000
19.612283	0.640	126,638.000000
19.622950	0.640	128,847.000000
19.633617	0.640	133,492.000000
19.644283	0.640	138,572.000000
19.654950	0.640	144,315.000000
19.665617	0.640	152,060.000000
19.676283	0.640	159,751.000000
19.686950	0.640	166,806.000000
19.697617	0.640	176,511.000000
19.708283	0.640	188,894.000000
19.718950	0.640	200,421.000000
19.729617	0.640	210,254.000000
19.740283	0.640	221,887.000000
19.750950	0.640	239,276.000000
19.761617	0.640	262,188.000000
19.772283	0.640	288,715.000000
19.782950	0.640	320,544.000000
19.793617	0.640	361,131.000000
19.804283	0.640	412,970.000000
19.814950	0.640	479,694.000000
19.825617	0.640	564,808.000000
19.836283	0.640	664,281.000000
19.846950	0.640	768,979.000000
19.857617	0.640	877,942.000000
19.868283	0.640	989,498.000000
19.878950	0.640	1,084,379.000000
19.889617	0.640	1,145,044.000000
19.900283	0.640	1,170,144.000000
19.910950	0.640	1,159,020.000000
19.921617	0.640	1,112,756.000000
19.932283	0.640	1,039,701.000000
19.942950	0.640	943,632.000000
19.953617	0.640	827,642.000000
19.964283	0.640	704,206.000000
19.974950	0.640	584,450.000000
19.985617	0.640	474,908.000000
19.996283	0.640	383,543.000000
20.006950	0.640	311,713.000000
20.017617	0.640	252,114.000000
20.028283	0.640	200,833.000000
20.038950	0.640	160,840.000000
20.049617	0.640	133,208.000000
20.060283	0.640	113,524.000000
20.070950	0.640	98,336.000000
20.081617	0.640	87,637.000000
20.092283	0.640	81,082.000000
20.102950	0.640	76,951.000000
20.113617	0.640	74,089.000000
20.124283	0.640	72,949.000000
20.134950	0.640	73,723.000000
20.145617	0.640	75,193.000000
20.156283	0.640	76,963.000000
20.166950	0.640	79,554.000000
20.177617	0.640	83,387.000000
20.188283	0.640	88,852.000000
20.198950	0.640	94,305.000000
20.209617	0.640	96,748.000000
20.220283	0.640	95,603.000000
20.230950	0.640	92,321.000000
20.241617	0.640	87,959.000000
20.252283	0.640	82,380.000000
20.262950	0.640	75,230.000000
20.273617	0.640	68,126.000000
20.284283	0.640	63,608.000000
20.294950	0.640	61,585.000000
20.305617	0.640	59,359.000000
20.316283	0.640	55,310.000000
20.326950	0.640	50,764.000000
20.337617	0.640	47,617.000000
20.348283	0.640	46,063.000000
20.358950	0.640	45,608.000000
20.369617	0.640	45,744.000000
20.380283	0.640	45,866.000000
20.390950	0.640	46,540.000000
20.401617	0.640	48,254.000000
20.412283	0.640	49,870.000000
20.422950	0.640	50,317.000000
20.433617	0.640	49,373.000000
20.444283	0.640	47,745.000000
20.454950	0.640	47,114.000000
20.465617	0.640	48,471.000000
20.476283	0.640	50,668.000000
20.486950	0.640	50,748.000000
20.497617	0.640	46,814.000000
20.508283	0.640	41,854.000000
20.518950	0.640	40,597.000000
20.529617	0.640	42,290.000000
20.540283	0.640	43,439.000000
20.550950	0.640	43,674.000000
20.561617	0.640	43,752.000000
20.572283	0.640	44,253.000000
20.582950	0.640	45,771.000000
20.593617	0.640	47,155.000000
20.604283	0.640	46,763.000000
20.614950	0.640	44,719.000000
20.625617	0.640	42,548.000000
20.636283	0.640	42,041.000000
20.646950	0.640	44,749.000000
20.657617	0.640	50,683.000000
20.668283	0.640	56,518.000000
20.678950	0.640	58,743.000000
20.689617	0.640	59,247.000000
20.700283	0.640	62,610.000000
20.710950	0.640	69,806.000000
20.721617	0.640	78,162.000000
20.732283	0.640	85,117.000000
20.742950	0.640	91,008.000000
20.753617	0.640	97,947.000000
20.764283	0.640	107,026.000000
20.774950	0.640	119,100.000000
20.785617	0.640	135,941.000000
20.796283	0.640	157,965.000000
20.806950	0.640	185,352.000000
20.817617	0.640	220,644.000000
20.828283	0.640	265,576.000000
20.838950	0.640	320,826.000000
20.849617	0.640	388,418.000000
20.860283	0.640	470,098.000000
20.870950	0.640	563,904.000000
20.881617	0.640	662,955.000000
20.892283	0.640	762,772.000000
20.902950	0.640	861,379.000000
20.913617	0.640	947,113.000000
20.924283	0.640	1,004,629.000000
20.934950	0.640	1,031,833.000000
20.945617	0.640	1,035,519.000000
20.956283	0.640	1,017,059.000000
20.966950	0.640	974,585.000000
20.977617	0.640	916,836.000000
20.988283	0.640	860,709.000000
20.998950	0.640	813,016.000000
21.009617	0.640	773,175.000000
21.020283	0.640	751,541.000000
21.030950	0.640	764,519.000000
21.041617	0.640	813,574.000000
21.052283	0.640	886,776.000000
21.062950	0.640	982,140.000000
21.073617	0.640	1,110,160.000000
21.084283	0.640	1,277,657.000000
21.094950	0.640	1,486,039.000000
21.105617	0.640	1,741,190.000000
21.116283	0.640	2,059,597.000000
21.126950	0.640	2,456,391.000000
21.137617	0.640	2,928,453.000000
21.148283	0.640	3,463,076.000000
21.158950	0.640	4,055,936.000000
21.169617	0.640	4,697,182.000000
21.180283	0.640	5,336,171.000000
21.190950	0.640	5,892,683.000000
21.201617	0.640	6,306,973.000000
21.212283	0.640	6,544,911.000000
21.222950	0.640	6,572,527.000000
21.233617	0.640	6,362,616.000000
21.244283	0.640	5,923,101.000000
21.254950	0.640	5,305,832.000000
21.265617	0.640	4,584,890.000000
21.276283	0.640	3,830,875.000000
21.286950	0.640	3,097,516.000000
21.297617	0.640	2,422,151.000000
21.308283	0.640	1,836,513.000000
21.318950	0.640	1,360,860.000000
21.329617	0.640	988,447.000000
21.340283	0.640	701,505.000000
21.350950	0.640	493,161.000000
21.361617	0.640	354,344.000000
21.372283	0.640	263,548.000000
21.382950	0.640	202,338.000000
21.393617	0.640	161,508.000000
21.404283	0.640	135,068.000000
21.414950	0.640	119,335.000000
21.425617	0.640	111,577.000000
21.436283	0.640	108,957.000000
21.446950	0.640	109,395.000000
21.457617	0.640	111,452.000000
21.468283	0.640	114,911.000000
21.478950	0.640	119,054.000000
21.489617	0.640	121,917.000000
21.500283	0.640	122,543.000000
21.510950	0.640	119,864.000000
21.521617	0.640	112,692.000000
21.532283	0.640	102,868.000000
21.542950	0.640	93,418.000000
21.553617	0.640	85,126.000000
21.564283	0.640	77,440.000000
21.574950	0.640	70,018.000000
21.585617	0.640	63,774.000000
21.596283	0.640	60,061.000000
21.606950	0.640	57,309.000000
21.617617	0.640	52,630.000000
21.628283	0.640	47,300.000000
21.638950	0.640	44,678.000000
21.649617	0.640	44,706.000000
21.660283	0.640	45,709.000000
21.670950	0.640	47,079.000000
21.681617	0.640	47,804.000000
21.692283	0.640	47,062.000000
21.702950	0.640	45,823.000000
21.713617	0.640	45,167.000000
21.724283	0.640	44,922.000000
21.734950	0.640	44,811.000000
21.745617	0.640	44,941.000000
21.756283	0.640	45,342.000000
21.766950	0.640	46,058.000000
21.777617	0.640	46,852.000000
21.788283	0.640	47,663.000000
21.798950	0.640	49,371.000000
21.809617	0.640	50,896.000000
21.820283	0.640	49,453.000000
21.830950	0.640	46,575.000000
21.841617	0.640	46,103.000000
21.852283	0.640	47,846.000000
21.862950	0.640	49,305.000000
21.873617	0.640	48,880.000000
21.884283	0.640	46,938.000000
21.894950	0.640	46,133.000000
21.905617	0.640	47,511.000000
21.916283	0.640	48,450.000000
21.926950	0.640	47,607.000000
21.937617	0.640	47,108.000000
21.948283	0.640	48,242.000000
21.958950	0.640	49,663.000000
21.969617	0.640	49,969.000000
21.980283	0.640	49,070.000000
21.990950	0.640	47,812.000000
22.001617	0.640	47,794.000000
22.012283	0.640	49,589.000000
22.022950	0.640	51,493.000000
22.033617	0.640	52,316.000000
22.044283	0.640	52,560.000000
22.054950	0.640	52,511.000000
22.065617	0.640	52,231.000000
22.076283	0.640	52,094.000000
22.086950	0.640	52,532.000000
22.097617	0.640	53,997.000000
22.108283	0.640	56,626.000000
22.118950	0.640	59,732.000000
22.129617	0.640	62,166.000000
22.140283	0.640	63,718.000000
22.150950	0.640	65,324.000000
22.161617	0.640	68,140.000000
22.172283	0.640	72,933.000000
22.182950	0.640	79,009.000000
22.193617	0.640	85,135.000000
22.204283	0.640	91,618.000000
22.214950	0.640	99,382.000000
22.225617	0.640	109,542.000000
22.236283	0.640	123,416.000000
22.246950	0.640	141,664.000000
22.257617	0.640	164,676.000000
22.268283	0.640	190,535.000000
22.278950	0.640	216,764.000000
22.289617	0.640	247,106.000000
22.300283	0.640	287,495.000000
22.310950	0.640	337,785.000000
22.321617	0.640	396,130.000000
22.332283	0.640	465,225.000000
22.342950	0.640	547,280.000000
22.353617	0.640	641,093.000000
22.364283	0.640	749,590.000000
22.374950	0.640	882,657.000000
22.385617	0.640	1,050,041.000000
22.396283	0.640	1,256,781.000000
22.406950	0.640	1,509,542.000000
22.417617	0.640	1,823,650.000000
22.428283	0.640	2,215,885.000000
22.438950	0.640	2,692,024.000000
22.449617	0.640	3,248,623.000000
22.460283	0.640	3,886,238.000000
22.470950	0.640	4,601,248.000000
22.481617	0.640	5,361,658.000000
22.492283	0.640	6,116,759.000000
22.502950	0.640	6,824,944.000000
22.513617	0.640	7,447,981.000000
22.524283	0.640	7,923,964.000000
22.534950	0.640	8,184,519.000000
22.545617	0.640	8,202,557.000000
22.556283	0.640	7,988,481.000000
22.566950	0.640	7,558,597.000000
22.577617	0.640	6,930,460.000000
22.588283	0.640	6,141,368.000000
22.598950	0.640	5,265,239.000000
22.609617	0.640	4,387,461.000000
22.620283	0.640	3,563,443.000000
22.630950	0.640	2,818,085.000000
22.641617	0.640	2,162,463.000000
22.652283	0.640	1,604,824.000000
22.662950	0.640	1,158,157.000000
22.673617	0.640	824,343.000000
22.684283	0.640	582,106.000000
22.694950	0.640	407,428.000000
22.705617	0.640	285,874.000000
22.716283	0.640	203,575.000000
22.726950	0.640	147,734.000000
22.737617	0.640	111,979.000000
22.748283	0.640	90,841.000000
22.758950	0.640	77,178.000000
22.769617	0.640	66,879.000000
22.780283	0.640	59,487.000000
22.790950	0.640	55,512.000000
22.801617	0.640	54,681.000000
22.812283	0.640	55,244.000000
22.822950	0.640	55,040.000000
22.833617	0.640	53,742.000000
22.844283	0.640	52,668.000000
22.854950	0.640	52,333.000000
22.865617	0.640	52,657.000000
22.876283	0.640	53,615.000000
22.886950	0.640	55,032.000000
22.897617	0.640	58,260.000000
22.908283	0.640	64,532.000000
22.918950	0.640	71,963.000000
22.929617	0.640	79,607.000000
22.940283	0.640	90,512.000000
22.950950	0.640	106,507.000000
22.961617	0.640	126,146.000000
22.972283	0.640	148,793.000000
22.982950	0.640	175,031.000000
22.993617	0.640	207,140.000000
23.004283	0.640	250,204.000000
23.014950	0.640	307,241.000000
23.025617	0.640	378,579.000000
23.036283	0.640	467,556.000000
23.046950	0.640	579,867.000000
23.057617	0.640	718,780.000000
23.068283	0.640	887,088.000000
23.078950	0.640	1,096,024.000000
23.089617	0.640	1,361,791.000000
23.100283	0.640	1,690,870.000000
23.110950	0.640	2,094,215.000000
23.121617	0.640	2,611,296.000000
23.132283	0.640	3,297,110.000000
23.142950	0.640	4,209,871.000000
23.153617	0.640	5,416,522.000000
23.164283	0.640	6,977,194.000000
23.174950	0.640	8,929,480.000000
23.185617	0.640	11,277,410.000000
23.196283	0.640	13,932,961.000000
23.206950	0.640	16,689,688.000000
23.217617	0.640	19,278,717.000000
23.228283	0.640	21,387,722.000000
23.238950	0.640	22,702,816.000000
23.249617	0.640	23,018,642.000000
23.260283	0.640	22,260,966.000000
23.270950	0.640	20,482,432.000000
23.281617	0.640	17,902,926.000000
23.292283	0.640	14,869,442.000000
23.302950	0.640	11,749,718.000000
23.313617	0.640	8,847,301.000000
23.324283	0.640	6,360,475.000000
23.334950	0.640	4,383,075.000000
23.345617	0.640	2,916,219.000000
23.356283	0.640	1,892,425.000000
23.366950	0.640	1,213,000.000000
23.377617	0.640	778,066.000000
23.388283	0.640	507,908.000000
23.398950	0.640	348,305.000000
23.409617	0.640	260,313.000000
23.420283	0.640	213,714.000000
23.430950	0.640	187,851.000000
23.441617	0.640	170,192.000000
23.452283	0.640	154,228.000000
23.462950	0.640	139,505.000000
23.473617	0.640	128,179.000000
23.484283	0.640	120,189.000000
23.494950	0.640	113,285.000000
23.505617	0.640	105,926.000000
23.516283	0.640	98,828.000000
23.526950	0.640	94,395.000000
23.537617	0.640	93,806.000000
23.548283	0.640	94,592.000000
23.558950	0.640	93,413.000000
23.569617	0.640	90,419.000000
23.580283	0.640	87,753.000000
23.590950	0.640	85,705.000000
23.601617	0.640	83,434.000000
23.612283	0.640	80,364.000000
23.622950	0.640	76,422.000000
23.633617	0.640	72,332.000000
23.644283	0.640	68,559.000000
23.654950	0.640	65,739.000000
23.665617	0.640	63,787.000000
23.676283	0.640	61,044.000000
23.686950	0.640	58,193.000000
23.697617	0.640	57,601.000000
23.708283	0.640	58,266.000000
23.718950	0.640	57,734.000000
23.729617	0.640	57,279.000000
23.740283	0.640	59,937.000000
23.750950	0.640	64,308.000000
23.761617	0.640	66,078.000000
23.772283	0.640	65,262.000000
23.782950	0.640	65,531.000000
23.793617	0.640	67,697.000000
23.804283	0.640	69,255.000000
23.814950	0.640	69,058.000000
23.825617	0.640	68,311.000000
23.836283	0.640	67,185.000000
23.846950	0.640	64,528.000000
23.857617	0.640	61,481.000000
23.868283	0.640	61,053.000000
23.878950	0.640	62,988.000000
23.889617	0.640	63,449.000000
23.900283	0.640	61,642.000000
23.910950	0.640	61,599.000000
23.921617	0.640	64,602.000000
23.932283	0.640	67,140.000000
23.942950	0.640	68,290.000000
23.953617	0.640	69,762.000000
23.964283	0.640	71,207.000000
23.974950	0.640	73,051.000000
23.985617	0.640	77,440.000000
23.996283	0.640	85,033.000000
24.006950	0.640	94,116.000000
24.017617	0.640	100,188.000000
24.028283	0.640	99,412.000000
24.038950	0.640	93,410.000000
24.049617	0.640	86,701.000000
24.060283	0.640	80,607.000000
24.070950	0.640	73,876.000000
24.081617	0.640	67,636.000000
24.092283	0.640	63,272.000000
24.102950	0.640	60,275.000000
24.113617	0.640	59,840.000000
24.124283	0.640	62,897.000000
24.134950	0.640	66,655.000000
24.145617	0.640	68,045.000000
24.156283	0.640	67,581.000000
24.166950	0.640	67,434.000000
24.177617	0.640	67,496.000000
24.188283	0.640	67,094.000000
24.198950	0.640	67,105.000000
24.209617	0.640	67,012.000000
24.220283	0.640	65,617.000000
24.230950	0.640	64,704.000000
24.241617	0.640	66,586.000000
24.252283	0.640	70,068.000000
24.262950	0.640	72,232.000000
24.273617	0.640	72,294.000000
24.284283	0.640	72,511.000000
24.294950	0.640	75,762.000000
24.305617	0.640	82,026.000000
24.316283	0.640	89,408.000000
24.326950	0.640	96,432.000000
24.337617	0.640	100,989.000000
24.348283	0.640	104,351.000000
24.358950	0.640	114,024.000000
24.369617	0.640	135,329.000000
24.380283	0.640	168,867.000000
24.390950	0.640	221,744.000000
24.401617	0.640	312,692.000000
24.412283	0.640	465,319.000000
24.422950	0.640	706,436.000000
24.433617	0.640	1,076,389.000000
24.444283	0.640	1,639,004.000000
24.454950	0.640	2,483,127.000000
24.465617	0.640	3,746,406.000000
24.476283	0.640	5,677,963.000000
24.486950	0.640	8,703,949.000000
24.497617	0.640	13,435,203.000000
24.508283	0.640	20,455,193.000000
24.518950	0.640	29,777,072.000000
24.529617	0.640	40,189,515.000000
24.540283	0.640	49,115,879.000000
24.550950	0.640	53,593,089.000000
24.561617	0.640	51,881,398.000000
24.572283	0.640	44,446,775.000000
24.582950	0.640	33,727,372.000000
24.593617	0.640	22,841,529.000000
24.604283	0.640	14,055,091.000000
24.614950	0.640	8,115,610.000000
24.625617	0.640	4,613,387.000000
24.636283	0.640	2,708,896.000000
24.646950	0.640	1,675,906.000000
24.657617	0.640	1,079,069.000000
24.668283	0.640	712,053.000000
24.678950	0.640	483,981.000000
24.689617	0.640	342,969.000000
24.700283	0.640	254,525.000000
24.710950	0.640	200,515.000000
24.721617	0.640	169,446.000000
24.732283	0.640	150,930.000000
24.742950	0.640	140,407.000000
24.753617	0.640	137,763.000000
24.764283	0.640	140,332.000000
24.774950	0.640	143,834.000000
24.785617	0.640	146,886.000000
24.796283	0.640	151,388.000000
24.806950	0.640	160,446.000000
24.817617	0.640	174,302.000000
24.828283	0.640	189,510.000000
24.838950	0.640	204,612.000000
24.849617	0.640	222,479.000000
24.860283	0.640	244,734.000000
24.870950	0.640	271,464.000000
24.881617	0.640	305,835.000000
24.892283	0.640	349,026.000000
24.902950	0.640	401,817.000000
24.913617	0.640	478,934.000000
24.924283	0.640	604,769.000000
24.934950	0.640	801,286.000000
24.945617	0.640	1,103,506.000000
24.956283	0.640	1,605,149.000000
24.966950	0.640	2,536,926.000000
24.977617	0.640	4,342,431.000000
24.988283	0.640	7,572,579.000000
24.998950	0.640	12,337,062.000000
25.009617	0.640	17,520,824.000000
25.020283	0.640	20,847,481.000000
25.030950	0.640	20,442,188.000000
25.041617	0.640	16,517,708.000000
25.052283	0.640	11,213,044.000000
25.062950	0.640	6,770,723.000000
25.073617	0.640	4,076,319.000000
25.084283	0.640	2,750,943.000000
25.094950	0.640	2,083,058.000000
25.105617	0.640	1,629,857.000000
25.116283	0.640	1,246,136.000000
25.126950	0.640	920,864.000000
25.137617	0.640	668,557.000000
25.148283	0.640	489,457.000000
25.158950	0.640	367,154.000000
25.169617	0.640	283,110.000000
25.180283	0.640	225,296.000000
25.190950	0.640	186,085.000000
25.201617	0.640	158,909.000000
25.212283	0.640	139,226.000000
25.222950	0.640	126,292.000000
25.233617	0.640	119,502.000000
25.244283	0.640	115,171.000000
25.254950	0.640	109,233.000000
25.265617	0.640	101,168.000000
25.276283	0.640	93,922.000000
25.286950	0.640	89,524.000000
25.297617	0.640	87,211.000000
25.308283	0.640	85,703.000000
25.318950	0.640	84,688.000000
25.329617	0.640	84,718.000000
25.340283	0.640	85,396.000000
25.350950	0.640	85,376.000000
25.361617	0.640	84,909.000000
25.372283	0.640	85,090.000000
25.382950	0.640	85,791.000000
25.393617	0.640	86,471.000000
25.404283	0.640	87,818.000000
25.414950	0.640	90,675.000000
25.425617	0.640	92,879.000000
25.436283	0.640	91,873.000000
25.446950	0.640	90,120.000000
25.457617	0.640	91,391.000000
25.468283	0.640	95,516.000000
25.478950	0.640	100,028.000000
25.489617	0.640	102,601.000000
25.500283	0.640	102,938.000000
25.510950	0.640	102,428.000000
25.521617	0.640	101,168.000000
25.532283	0.640	99,261.000000
25.542950	0.640	98,410.000000
25.553617	0.640	98,710.000000
25.564283	0.640	98,722.000000
25.574950	0.640	98,234.000000
25.585617	0.640	97,119.000000
25.596283	0.640	94,085.000000
25.606950	0.640	89,375.000000
25.617617	0.640	84,992.000000
25.628283	0.640	81,070.000000
25.638950	0.640	78,096.000000
25.649617	0.640	78,269.000000
25.660283	0.640	80,688.000000
25.670950	0.640	82,361.000000
25.681617	0.640	82,336.000000
25.692283	0.640	81,814.000000
25.702950	0.640	81,744.000000
25.713617	0.640	81,431.000000
25.724283	0.640	80,952.000000
25.734950	0.640	81,627.000000
25.745617	0.640	83,266.000000
25.756283	0.640	83,814.000000
25.766950	0.640	82,826.000000
25.777617	0.640	82,507.000000
25.788283	0.640	83,547.000000
25.798950	0.640	85,376.000000
25.809617	0.640	88,109.000000
25.820283	0.640	90,112.000000
25.830950	0.640	91,011.000000
25.841617	0.640	94,555.000000
25.852283	0.640	101,028.000000
25.862950	0.640	105,244.000000
25.873617	0.640	106,120.000000
25.884283	0.640	109,140.000000
25.894950	0.640	118,024.000000
25.905617	0.640	131,310.000000
25.916283	0.640	146,332.000000
25.926950	0.640	160,994.000000
25.937617	0.640	173,258.000000
25.948283	0.640	180,211.000000
25.958950	0.640	178,835.000000
25.969617	0.640	171,118.000000
25.980283	0.640	165,733.000000
25.990950	0.640	170,946.000000
26.001617	0.640	190,158.000000
26.012283	0.640	228,130.000000
26.022950	0.640	298,075.000000
26.033617	0.640	432,785.000000
26.044283	0.640	715,628.000000
26.054950	0.640	1,323,774.000000
26.065617	0.640	2,539,768.000000
26.076283	0.640	4,595,020.000000
26.086950	0.640	7,236,640.000000
26.097617	0.640	9,394,389.000000
26.108283	0.640	9,699,616.000000
26.118950	0.640	7,751,627.000000
26.129617	0.640	4,682,827.000000
26.140283	0.640	2,126,023.000000
26.150950	0.640	811,271.000000
26.161617	0.640	396,807.000000
26.172283	0.640	290,552.000000
26.182950	0.640	216,530.000000
26.193617	0.640	155,196.000000
26.204283	0.640	125,299.000000
26.214950	0.640	115,744.000000
26.225617	0.640	110,747.000000
26.236283	0.640	106,823.000000
26.246950	0.640	105,614.000000
26.257617	0.640	105,603.000000
26.268283	0.640	104,267.000000
26.278950	0.640	101,872.000000
26.289617	0.640	99,947.000000
26.300283	0.640	98,255.000000
26.310950	0.640	95,883.000000
26.321617	0.640	93,766.000000
26.332283	0.640	92,404.000000
26.342950	0.640	91,312.000000
26.353617	0.640	92,228.000000
26.364283	0.640	96,245.000000
26.374950	0.640	100,679.000000
26.385617	0.640	102,520.000000
26.396283	0.640	102,115.000000
26.406950	0.640	102,806.000000
26.417617	0.640	106,311.000000
26.428283	0.640	111,848.000000
26.438950	0.640	121,381.000000
26.449617	0.640	138,546.000000
26.460283	0.640	164,187.000000
26.470950	0.640	200,488.000000
26.481617	0.640	251,634.000000
26.492283	0.640	311,927.000000
26.502950	0.640	358,158.000000
26.513617	0.640	360,026.000000
26.524283	0.640	306,333.000000
26.534950	0.640	222,478.000000
26.545617	0.640	150,617.000000
26.556283	0.640	111,811.000000
26.566950	0.640	97,566.000000
26.577617	0.640	93,102.000000
26.588283	0.640	91,878.000000
26.598950	0.640	90,814.000000
26.609617	0.640	89,570.000000
26.620283	0.640	91,454.000000
26.630950	0.640	96,356.000000
26.641617	0.640	100,153.000000
26.652283	0.640	101,574.000000
26.662950	0.640	102,114.000000
26.673617	0.640	102,270.000000
26.684283	0.640	102,909.000000
26.694950	0.640	106,364.000000
26.705617	0.640	113,451.000000
26.716283	0.640	121,910.000000
26.726950	0.640	128,749.000000
26.737617	0.640	133,658.000000
26.748283	0.640	137,607.000000
26.758950	0.640	140,356.000000
26.769617	0.640	144,405.000000
26.780283	0.640	155,008.000000
26.790950	0.640	172,590.000000
26.801617	0.640	190,932.000000
26.812283	0.640	207,503.000000
26.822950	0.640	235,845.000000
26.833617	0.640	301,151.000000
26.844283	0.640	413,281.000000
26.854950	0.640	537,887.000000
26.865617	0.640	607,620.000000
26.876283	0.640	581,006.000000
26.886950	0.640	487,242.000000
26.897617	0.640	403,680.000000
26.908283	0.640	385,473.000000
26.918950	0.640	411,851.000000
26.929617	0.640	413,386.000000
26.940283	0.640	360,946.000000
26.950950	0.640	294,197.000000
26.961617	0.640	257,671.000000
26.972283	0.640	253,965.000000
26.982950	0.640	262,881.000000
26.993617	0.640	273,508.000000
27.004283	0.640	289,938.000000
27.014950	0.640	327,177.000000
27.025617	0.640	412,186.000000
27.036283	0.640	544,224.000000
27.046950	0.640	638,894.000000
27.057617	0.640	606,963.000000
27.068283	0.640	498,018.000000
27.078950	0.640	438,485.000000
27.089617	0.640	455,197.000000
27.100283	0.640	482,945.000000
27.110950	0.640	490,435.000000
27.121617	0.640	504,753.000000
27.132283	0.640	549,944.000000
27.142950	0.640	618,831.000000
27.153617	0.640	692,491.000000
27.164283	0.640	760,034.000000
27.174950	0.640	828,043.000000
27.185617	0.640	910,536.000000
27.196283	0.640	1,003,008.000000
27.206950	0.640	1,097,234.000000
27.217617	0.640	1,231,192.000000
27.228283	0.640	1,515,373.000000
27.238950	0.640	2,214,785.000000
27.249617	0.640	3,980,017.000000
27.260283	0.640	7,293,275.000000
27.270950	0.640	10,599,913.000000
27.281617	0.640	10,714,071.000000
27.292283	0.640	7,043,515.000000
27.302950	0.640	2,811,022.000000
27.313617	0.640	717,895.000000
27.324283	0.640	407,667.000000
27.334950	0.640	478,069.000000
27.345617	0.640	394,172.000000
27.356283	0.640	284,493.000000
27.366950	0.640	263,745.000000
27.377617	0.640	288,208.000000
27.388283	0.640	292,405.000000
27.398950	0.640	271,881.000000
27.409617	0.640	262,792.000000
27.420283	0.640	281,156.000000
27.430950	0.640	295,421.000000
27.441617	0.640	272,717.000000
27.452283	0.640	231,264.000000
27.462950	0.640	210,782.000000
27.473617	0.640	218,076.000000
27.484283	0.640	232,787.000000
27.494950	0.640	242,899.000000
27.505617	0.640	265,107.000000
27.516283	0.640	324,139.000000
27.526950	0.640	393,135.000000
27.537617	0.640	401,002.000000
27.548283	0.640	336,297.000000
27.558950	0.640	272,247.000000
27.569617	0.640	263,649.000000
27.580283	0.640	295,199.000000
27.590950	0.640	329,525.000000
27.601617	0.640	348,709.000000
27.612283	0.640	358,164.000000
27.622950	0.640	374,181.000000
27.633617	0.640	410,851.000000
27.644283	0.640	475,945.000000
27.654950	0.640	573,361.000000
27.665617	0.640	699,144.000000
27.676283	0.640	814,120.000000
27.686950	0.640	844,313.000000
27.697617	0.640	748,261.000000
27.708283	0.640	558,717.000000
27.718950	0.640	352,725.000000
27.729617	0.640	207,040.000000
27.740283	0.640	165,773.000000
27.750950	0.640	251,738.000000
27.761617	0.640	478,514.000000
27.772283	0.640	748,543.000000
27.782950	0.640	829,002.000000
27.793617	0.640	621,440.000000
27.804283	0.640	320,519.000000
27.814950	0.640	146,503.000000
27.825617	0.640	108,787.000000
27.836283	0.640	112,340.000000
27.846950	0.640	110,285.000000
27.857617	0.640	104,798.000000
27.868283	0.640	102,464.000000
27.878950	0.640	102,380.000000
27.889617	0.640	102,668.000000
27.900283	0.640	103,948.000000
27.910950	0.640	106,250.000000
27.921617	0.640	107,927.000000
27.932283	0.640	108,341.000000
27.942950	0.640	108,430.000000
27.953617	0.640	110,222.000000
27.964283	0.640	117,755.000000
27.974950	0.640	133,878.000000
27.985617	0.640	155,053.000000
27.996283	0.640	173,843.000000
28.006950	0.640	185,267.000000
28.017617	0.640	188,123.000000
28.028283	0.640	184,855.000000
28.038950	0.640	182,785.000000
28.049617	0.640	190,732.000000
28.060283	0.640	209,825.000000
28.070950	0.640	227,809.000000
28.081617	0.640	229,533.000000
28.092283	0.640	213,307.000000
28.102950	0.640	188,878.000000
28.113617	0.640	164,365.000000
28.124283	0.640	143,163.000000
28.134950	0.640	127,244.000000
28.145617	0.640	117,178.000000
28.156283	0.640	112,063.000000
28.166950	0.640	110,808.000000
28.177617	0.640	111,500.000000
28.188283	0.640	112,532.000000
28.198950	0.640	116,777.000000
28.209617	0.640	130,561.000000
28.220283	0.640	154,662.000000
28.230950	0.640	177,676.000000
28.241617	0.640	183,849.000000
28.252283	0.640	169,043.000000
28.262950	0.640	144,313.000000
28.273617	0.640	123,465.000000
28.284283	0.640	111,615.000000
28.294950	0.640	107,292.000000
28.305617	0.640	108,397.000000
28.316283	0.640	111,801.000000
28.326950	0.640	113,454.000000
28.337617	0.640	110,814.000000
28.348283	0.640	106,300.000000
28.358950	0.640	108,422.000000
28.369617	0.640	121,190.000000
28.380283	0.640	134,804.000000
28.390950	0.640	136,082.000000
28.401617	0.640	124,342.000000
28.412283	0.640	109,733.000000
28.422950	0.640	99,563.000000
28.433617	0.640	94,437.000000
28.444283	0.640	93,982.000000
28.454950	0.640	97,704.000000
28.465617	0.640	103,324.000000
28.476283	0.640	108,983.000000
28.486950	0.640	114,823.000000
28.497617	0.640	120,338.000000
28.508283	0.640	122,874.000000
28.518950	0.640	122,583.000000
28.529617	0.640	124,390.000000
28.540283	0.640	130,654.000000
28.550950	0.640	138,416.000000
28.561617	0.640	145,744.000000
28.572283	0.640	155,871.000000
28.582950	0.640	176,575.000000
28.593617	0.640	217,102.000000
28.604283	0.640	275,556.000000
28.614950	0.640	321,729.000000
28.625617	0.640	313,533.000000
28.636283	0.640	247,274.000000
28.646950	0.640	166,892.000000
28.657617	0.640	112,179.000000
28.668283	0.640	85,055.000000
28.678950	0.640	69,529.000000
28.689617	0.640	56,493.000000
28.700283	0.640	45,776.000000
28.710950	0.640	46,555.000000
28.721617	0.640	67,960.000000
28.732283	0.640	89,124.000000
28.742950	0.640	77,178.000000
28.753617	0.640	43,364.000000
28.764283	0.640	23,143.000000
28.774950	0.640	21,894.000000
28.785617	0.640	24,427.000000
28.796283	0.640	23,783.000000
28.806950	0.640	21,125.000000
28.817617	0.640	18,235.000000
28.828283	0.640	16,182.000000
28.838950	0.640	15,110.000000
28.849617	0.640	14,241.000000
28.860283	0.640	12,768.000000
28.870950	0.640	10,951.000000
28.881617	0.640	9,896.000000
28.892283	0.640	9,943.000000
28.902950	0.640	10,305.000000
28.913617	0.640	10,363.000000
28.924283	0.640	10,164.000000
28.934950	0.640	9,785.000000
28.945617	0.640	9,170.000000
28.956283	0.640	8,047.000000
28.966950	0.640	6,529.000000
28.977617	0.640	5,730.000000
28.988283	0.640	6,194.000000
28.998950	0.640	6,761.000000
29.009617	0.640	6,245.000000
29.020283	0.640	5,149.000000
29.030950	0.640	4,461.000000
29.041617	0.640	4,187.000000
29.052283	0.640	4,355.000000
29.062950	0.640	4,731.000000
29.073617	0.640	4,272.000000
29.084283	0.640	3,623.000000
29.094950	0.640	4,391.000000
29.105617	0.640	5,522.000000
29.116283	0.640	5,231.000000
29.126950	0.640	4,770.000000
29.137617	0.640	6,022.000000
29.148283	0.640	7,642.000000
29.158950	0.640	7,455.000000
29.169617	0.640	6,239.000000
29.180283	0.640	5,824.000000
29.190950	0.640	6,286.000000
29.201617	0.640	6,471.000000
29.212283	0.640	5,102.000000
29.222950	0.640	2,757.000000
29.233617	0.640	2,051.000000
29.244283	0.640	3,498.000000
29.254950	0.640	4,846.000000
29.265617	0.640	4,895.000000
29.276283	0.640	4,069.000000
29.286950	0.640	2,676.000000
29.297617	0.640	1,207.000000
29.308283	0.640	580.000000
29.318950	0.640	872.000000
29.329617	0.640	1,691.000000
29.340283	0.640	2,927.000000
29.350950	0.640	3,484.000000
29.361617	0.640	2,366.000000
29.372283	0.640	884.000000
29.382950	0.640	1,013.000000
29.393617	0.640	2,974.000000
29.404283	0.640	4,850.000000
29.414950	0.640	4,774.000000
29.425617	0.640	3,401.000000
29.436283	0.640	2,045.000000
29.446950	0.640	727.000000
29.457617	0.640	-215.000000
29.468283	0.640	57.000000
29.478950	0.640	1,115.000000
29.489617	0.640	1,648.000000
29.500283	0.640	1,441.000000
29.510950	0.640	1,557.000000
29.521617	0.640	2,485.000000
29.532283	0.640	3,079.000000
29.542950	0.640	2,159.000000
29.553617	0.640	582.000000
29.564283	0.640	17.000000
29.574950	0.640	885.000000
29.585617	0.640	2,730.000000
29.596283	0.640	4,387.000000
29.606950	0.640	4,330.000000
29.617617	0.640	2,913.000000
29.628283	0.640	2,296.000000
29.638950	0.640	2,974.000000
29.649617	0.640	3,217.000000
29.660283	0.640	2,393.000000
29.670950	0.640	1,730.000000
29.681617	0.640	2,082.000000
29.692283	0.640	2,846.000000
29.702950	0.640	2,920.000000
29.713617	0.640	2,627.000000
29.724283	0.640	3,508.000000
29.734950	0.640	5,188.000000
29.745617	0.640	5,348.000000
29.756283	0.640	3,619.000000
29.766950	0.640	1,909.000000
29.777617	0.640	1,176.000000
29.788283	0.640	839.000000
29.798950	0.640	587.000000
29.809617	0.640	688.000000
29.820283	0.640	1,150.000000
29.830950	0.640	1,613.000000
29.841617	0.640	1,583.000000
29.852283	0.640	1,028.000000
29.862950	0.640	741.000000
29.873617	0.640	1,111.000000
29.884283	0.640	1,406.000000
29.894950	0.640	1,282.000000
29.905617	0.640	1,371.000000
29.916283	0.640	1,851.000000
29.926950	0.640	1,981.000000
29.937617	0.640	1,250.000000
29.948283	0.640	528.000000
29.958950	0.640	1,145.000000
29.969617	0.640	2,486.000000
29.980283	0.640	3,040.000000
29.990950	0.640	2,993.000000
30.001617	0.640	2,924.000000
