File Path	chrom://nnfcb-l0495/ChromeleonLocal/20180320_AA_Lars Nielsen samples Vienna_lbpet.seq/604.smp/Emission_1.channel/Emission_1.chm
Channel	Emission_1

Injection Information:
Data Vault	ChromeleonLocal
Injection	20180320_Lars Nielsen samples Vienna_dx20_BB11
Injection Number	36
Position	BB11
Comment	
Processing Method	20171024_Calculated with IS_lbpet
Instrument Method	20161104_AA_GeminiC18_FinalVer7
Type	Unknown
Status	Finished
Injection Date	21-03-2018
Injection Time	07:46:43
Injection Volume (µl)	56.500
Dilution Factor	1.0000
Weight	1.0000

Raw Data Information:
Time Min. (min)	0.003950
Time Max. (min)	30.001617
Data Points	2813
Detector	FLD
Exporting Data System	Chromeleon 7.1.2.1478
Operator	
Signal Quantity	
Signal Unit	counts
Signal Min.	-895.000000
Signal Max.	82,040,938.000000
Channel	Emission_1
Driver Name	FLD3000.dll
Channel Type	Evaluation
Min. Step (s)	0.640
Max. Step (s)	0.820
Average Step (s)	0.640

Signal Parameter Information:
Signal Info	340 nm /450 nm

Raw Data:
Time (min)	Step (s)	Value (counts)
0.003950	0.000	0.000000
0.017617	0.820	0.000000
0.028283	0.640	0.000000
0.038950	0.640	75.000000
0.049617	0.640	939.000000
0.060283	0.640	2,208.000000
0.070950	0.640	2,939.000000
0.081617	0.640	3,134.000000
0.092283	0.640	3,280.000000
0.102950	0.640	3,074.000000
0.113617	0.640	2,570.000000
0.124283	0.640	2,605.000000
0.134950	0.640	2,580.000000
0.145617	0.640	1,708.000000
0.156283	0.640	1,212.000000
0.166950	0.640	1,757.000000
0.177617	0.640	2,296.000000
0.188283	0.640	2,553.000000
0.198950	0.640	2,688.000000
0.209617	0.640	2,095.000000
0.220283	0.640	905.000000
0.230950	0.640	377.000000
0.241617	0.640	1,297.000000
0.252283	0.640	2,643.000000
0.262950	0.640	2,784.000000
0.273617	0.640	2,007.000000
0.284283	0.640	1,796.000000
0.294950	0.640	2,363.000000
0.305617	0.640	2,718.000000
0.316283	0.640	2,343.000000
0.326950	0.640	1,739.000000
0.337617	0.640	1,833.000000
0.348283	0.640	2,859.000000
0.358950	0.640	3,799.000000
0.369617	0.640	3,877.000000
0.380283	0.640	3,528.000000
0.390950	0.640	3,355.000000
0.401617	0.640	3,435.000000
0.412283	0.640	3,696.000000
0.422950	0.640	3,870.000000
0.433617	0.640	2,947.000000
0.444283	0.640	844.000000
0.454950	0.640	-154.000000
0.465617	0.640	1,047.000000
0.476283	0.640	2,078.000000
0.486950	0.640	1,632.000000
0.497617	0.640	1,566.000000
0.508283	0.640	2,620.000000
0.518950	0.640	3,223.000000
0.529617	0.640	2,984.000000
0.540283	0.640	3,428.000000
0.550950	0.640	4,781.000000
0.561617	0.640	4,889.000000
0.572283	0.640	3,057.000000
0.582950	0.640	2,008.000000
0.593617	0.640	3,270.000000
0.604283	0.640	4,550.000000
0.614950	0.640	4,046.000000
0.625617	0.640	2,849.000000
0.636283	0.640	2,116.000000
0.646950	0.640	1,631.000000
0.657617	0.640	1,451.000000
0.668283	0.640	2,310.000000
0.678950	0.640	3,707.000000
0.689617	0.640	4,037.000000
0.700283	0.640	3,259.000000
0.710950	0.640	2,704.000000
0.721617	0.640	2,575.000000
0.732283	0.640	2,574.000000
0.742950	0.640	3,086.000000
0.753617	0.640	3,469.000000
0.764283	0.640	2,896.000000
0.774950	0.640	2,735.000000
0.785617	0.640	4,093.000000
0.796283	0.640	5,570.000000
0.806950	0.640	5,376.000000
0.817617	0.640	3,875.000000
0.828283	0.640	3,171.000000
0.838950	0.640	3,610.000000
0.849617	0.640	3,537.000000
0.860283	0.640	2,440.000000
0.870950	0.640	1,042.000000
0.881617	0.640	466.000000
0.892283	0.640	971.000000
0.902950	0.640	1,089.000000
0.913617	0.640	685.000000
0.924283	0.640	1,173.000000
0.934950	0.640	1,892.000000
0.945617	0.640	1,398.000000
0.956283	0.640	643.000000
0.966950	0.640	831.000000
0.977617	0.640	1,242.000000
0.988283	0.640	1,642.000000
0.998950	0.640	2,940.000000
1.009617	0.640	5,156.000000
1.020283	0.640	6,679.000000
1.030950	0.640	5,763.000000
1.041617	0.640	3,694.000000
1.052283	0.640	2,886.000000
1.062950	0.640	2,466.000000
1.073617	0.640	1,603.000000
1.084283	0.640	2,151.000000
1.094950	0.640	4,145.000000
1.105617	0.640	5,045.000000
1.116283	0.640	4,111.000000
1.126950	0.640	2,865.000000
1.137617	0.640	2,199.000000
1.148283	0.640	2,101.000000
1.158950	0.640	2,851.000000
1.169617	0.640	3,763.000000
1.180283	0.640	3,119.000000
1.190950	0.640	1,465.000000
1.201617	0.640	953.000000
1.212283	0.640	1,842.000000
1.222950	0.640	3,222.000000
1.233617	0.640	4,407.000000
1.244283	0.640	4,535.000000
1.254950	0.640	3,280.000000
1.265617	0.640	1,673.000000
1.276283	0.640	1,028.000000
1.286950	0.640	1,276.000000
1.297617	0.640	1,292.000000
1.308283	0.640	749.000000
1.318950	0.640	699.000000
1.329617	0.640	1,837.000000
1.340283	0.640	3,021.000000
1.350950	0.640	3,203.000000
1.361617	0.640	2,783.000000
1.372283	0.640	1,962.000000
1.382950	0.640	587.000000
1.393617	0.640	-758.000000
1.404283	0.640	-895.000000
1.414950	0.640	374.000000
1.425617	0.640	1,712.000000
1.436283	0.640	2,454.000000
1.446950	0.640	2,926.000000
1.457617	0.640	2,866.000000
1.468283	0.640	2,359.000000
1.478950	0.640	2,068.000000
1.489617	0.640	1,675.000000
1.500283	0.640	1,225.000000
1.510950	0.640	1,956.000000
1.521617	0.640	3,212.000000
1.532283	0.640	3,134.000000
1.542950	0.640	2,347.000000
1.553617	0.640	2,374.000000
1.564283	0.640	3,164.000000
1.574950	0.640	4,046.000000
1.585617	0.640	4,716.000000
1.596283	0.640	5,155.000000
1.606950	0.640	5,392.000000
1.617617	0.640	5,403.000000
1.628283	0.640	4,869.000000
1.638950	0.640	3,880.000000
1.649617	0.640	3,456.000000
1.660283	0.640	4,040.000000
1.670950	0.640	5,008.000000
1.681617	0.640	5,486.000000
1.692283	0.640	4,846.000000
1.702950	0.640	3,821.000000
1.713617	0.640	3,651.000000
1.724283	0.640	3,651.000000
1.734950	0.640	3,169.000000
1.745617	0.640	3,747.000000
1.756283	0.640	5,729.000000
1.766950	0.640	6,913.000000
1.777617	0.640	6,149.000000
1.788283	0.640	4,776.000000
1.798950	0.640	4,503.000000
1.809617	0.640	5,040.000000
1.820283	0.640	4,644.000000
1.830950	0.640	3,224.000000
1.841617	0.640	2,259.000000
1.852283	0.640	1,994.000000
1.862950	0.640	1,719.000000
1.873617	0.640	1,613.000000
1.884283	0.640	1,990.000000
1.894950	0.640	2,709.000000
1.905617	0.640	3,961.000000
1.916283	0.640	5,162.000000
1.926950	0.640	5,403.000000
1.937617	0.640	5,075.000000
1.948283	0.640	4,358.000000
1.958950	0.640	3,350.000000
1.969617	0.640	3,249.000000
1.980283	0.640	4,206.000000
1.990950	0.640	4,524.000000
2.001617	0.640	3,177.000000
2.012283	0.640	1,197.000000
2.022950	0.640	16.000000
2.033617	0.640	-312.000000
2.044283	0.640	-88.000000
2.054950	0.640	1,096.000000
2.065617	0.640	2,638.000000
2.076283	0.640	2,877.000000
2.086950	0.640	1,984.000000
2.097617	0.640	1,658.000000
2.108283	0.640	2,093.000000
2.118950	0.640	2,307.000000
2.129617	0.640	2,262.000000
2.140283	0.640	2,180.000000
2.150950	0.640	1,660.000000
2.161617	0.640	837.000000
2.172283	0.640	378.000000
2.182950	0.640	284.000000
2.193617	0.640	352.000000
2.204283	0.640	1,152.000000
2.214950	0.640	3,127.000000
2.225617	0.640	5,559.000000
2.236283	0.640	7,199.000000
2.246950	0.640	6,987.000000
2.257617	0.640	4,783.000000
2.268283	0.640	2,458.000000
2.278950	0.640	2,360.000000
2.289617	0.640	3,878.000000
2.300283	0.640	4,806.000000
2.310950	0.640	5,100.000000
2.321617	0.640	5,199.000000
2.332283	0.640	4,345.000000
2.342950	0.640	2,962.000000
2.353617	0.640	2,298.000000
2.364283	0.640	2,440.000000
2.374950	0.640	2,741.000000
2.385617	0.640	2,686.000000
2.396283	0.640	2,909.000000
2.406950	0.640	4,135.000000
2.417617	0.640	4,995.000000
2.428283	0.640	4,210.000000
2.438950	0.640	2,562.000000
2.449617	0.640	1,377.000000
2.460283	0.640	1,571.000000
2.470950	0.640	2,837.000000
2.481617	0.640	3,534.000000
2.492283	0.640	3,324.000000
2.502950	0.640	3,690.000000
2.513617	0.640	4,498.000000
2.524283	0.640	4,136.000000
2.534950	0.640	3,190.000000
2.545617	0.640	3,431.000000
2.556283	0.640	4,530.000000
2.566950	0.640	5,094.000000
2.577617	0.640	4,753.000000
2.588283	0.640	3,961.000000
2.598950	0.640	3,306.000000
2.609617	0.640	3,022.000000
2.620283	0.640	2,957.000000
2.630950	0.640	3,099.000000
2.641617	0.640	3,764.000000
2.652283	0.640	4,452.000000
2.662950	0.640	3,669.000000
2.673617	0.640	1,785.000000
2.684283	0.640	1,211.000000
2.694950	0.640	2,788.000000
2.705617	0.640	5,337.000000
2.716283	0.640	8,380.000000
2.726950	0.640	11,912.000000
2.737617	0.640	14,029.000000
2.748283	0.640	12,870.000000
2.758950	0.640	9,976.000000
2.769617	0.640	8,312.000000
2.780283	0.640	8,302.000000
2.790950	0.640	8,131.000000
2.801617	0.640	7,092.000000
2.812283	0.640	5,784.000000
2.822950	0.640	4,279.000000
2.833617	0.640	2,929.000000
2.844283	0.640	2,406.000000
2.854950	0.640	2,513.000000
2.865617	0.640	2,899.000000
2.876283	0.640	3,468.000000
2.886950	0.640	3,988.000000
2.897617	0.640	3,999.000000
2.908283	0.640	3,581.000000
2.918950	0.640	3,589.000000
2.929617	0.640	3,898.000000
2.940283	0.640	3,604.000000
2.950950	0.640	2,653.000000
2.961617	0.640	1,354.000000
2.972283	0.640	665.000000
2.982950	0.640	1,994.000000
2.993617	0.640	5,042.000000
3.004283	0.640	9,059.000000
3.014950	0.640	15,115.000000
3.025617	0.640	24,777.000000
3.036283	0.640	39,865.000000
3.046950	0.640	64,411.000000
3.057617	0.640	106,872.000000
3.068283	0.640	183,410.000000
3.078950	0.640	324,848.000000
3.089617	0.640	590,019.000000
3.100283	0.640	1,069,182.000000
3.110950	0.640	1,854,483.000000
3.121617	0.640	2,978,229.000000
3.132283	0.640	4,340,071.000000
3.142950	0.640	5,675,768.000000
3.153617	0.640	6,642,710.000000
3.164283	0.640	7,003,417.000000
3.174950	0.640	6,757,990.000000
3.185617	0.640	6,122,703.000000
3.196283	0.640	5,388,897.000000
3.206950	0.640	4,762,494.000000
3.217617	0.640	4,300,300.000000
3.228283	0.640	3,974,597.000000
3.238950	0.640	3,750,124.000000
3.249617	0.640	3,589,601.000000
3.260283	0.640	3,444,105.000000
3.270950	0.640	3,268,448.000000
3.281617	0.640	3,040,622.000000
3.292283	0.640	2,765,089.000000
3.302950	0.640	2,448,405.000000
3.313617	0.640	2,086,263.000000
3.324283	0.640	1,690,989.000000
3.334950	0.640	1,302,693.000000
3.345617	0.640	959,414.000000
3.356283	0.640	678,639.000000
3.366950	0.640	463,469.000000
3.377617	0.640	307,818.000000
3.388283	0.640	200,219.000000
3.398950	0.640	129,158.000000
3.409617	0.640	83,831.000000
3.420283	0.640	54,215.000000
3.430950	0.640	34,864.000000
3.441617	0.640	24,090.000000
3.452283	0.640	18,420.000000
3.462950	0.640	13,896.000000
3.473617	0.640	10,199.000000
3.484283	0.640	8,309.000000
3.494950	0.640	8,131.000000
3.505617	0.640	9,245.000000
3.516283	0.640	10,228.000000
3.526950	0.640	9,650.000000
3.537617	0.640	7,960.000000
3.548283	0.640	6,266.000000
3.558950	0.640	5,278.000000
3.569617	0.640	4,882.000000
3.580283	0.640	4,215.000000
3.590950	0.640	3,405.000000
3.601617	0.640	3,346.000000
3.612283	0.640	3,866.000000
3.622950	0.640	4,163.000000
3.633617	0.640	3,911.000000
3.644283	0.640	3,351.000000
3.654950	0.640	2,940.000000
3.665617	0.640	2,867.000000
3.676283	0.640	3,397.000000
3.686950	0.640	4,601.000000
3.697617	0.640	5,316.000000
3.708283	0.640	4,515.000000
3.718950	0.640	3,439.000000
3.729617	0.640	4,130.000000
3.740283	0.640	6,173.000000
3.750950	0.640	7,075.000000
3.761617	0.640	6,050.000000
3.772283	0.640	4,924.000000
3.782950	0.640	4,829.000000
3.793617	0.640	5,265.000000
3.804283	0.640	6,286.000000
3.814950	0.640	8,514.000000
3.825617	0.640	11,756.000000
3.836283	0.640	15,473.000000
3.846950	0.640	19,644.000000
3.857617	0.640	23,815.000000
3.868283	0.640	26,830.000000
3.878950	0.640	28,260.000000
3.889617	0.640	28,122.000000
3.900283	0.640	26,079.000000
3.910950	0.640	22,216.000000
3.921617	0.640	17,761.000000
3.932283	0.640	14,468.000000
3.942950	0.640	12,255.000000
3.953617	0.640	9,258.000000
3.964283	0.640	6,162.000000
3.974950	0.640	5,721.000000
3.985617	0.640	7,307.000000
3.996283	0.640	7,803.000000
4.006950	0.640	6,519.000000
4.017617	0.640	5,370.000000
4.028283	0.640	5,495.000000
4.038950	0.640	5,984.000000
4.049617	0.640	6,103.000000
4.060283	0.640	6,045.000000
4.070950	0.640	6,011.000000
4.081617	0.640	6,667.000000
4.092283	0.640	8,068.000000
4.102950	0.640	8,957.000000
4.113617	0.640	9,079.000000
4.124283	0.640	8,875.000000
4.134950	0.640	7,956.000000
4.145617	0.640	6,484.000000
4.156283	0.640	5,118.000000
4.166950	0.640	3,983.000000
4.177617	0.640	3,348.000000
4.188283	0.640	3,478.000000
4.198950	0.640	4,580.000000
4.209617	0.640	6,650.000000
4.220283	0.640	7,853.000000
4.230950	0.640	6,517.000000
4.241617	0.640	4,467.000000
4.252283	0.640	4,234.000000
4.262950	0.640	5,491.000000
4.273617	0.640	6,312.000000
4.284283	0.640	5,702.000000
4.294950	0.640	5,119.000000
4.305617	0.640	6,106.000000
4.316283	0.640	6,730.000000
4.326950	0.640	5,322.000000
4.337617	0.640	4,384.000000
4.348283	0.640	5,800.000000
4.358950	0.640	7,423.000000
4.369617	0.640	7,500.000000
4.380283	0.640	7,421.000000
4.390950	0.640	8,214.000000
4.401617	0.640	8,705.000000
4.412283	0.640	8,309.000000
4.422950	0.640	8,088.000000
4.433617	0.640	8,569.000000
4.444283	0.640	8,960.000000
4.454950	0.640	8,602.000000
4.465617	0.640	7,762.000000
4.476283	0.640	7,116.000000
4.486950	0.640	7,083.000000
4.497617	0.640	7,285.000000
4.508283	0.640	7,056.000000
4.518950	0.640	6,441.000000
4.529617	0.640	5,866.000000
4.540283	0.640	5,744.000000
4.550950	0.640	6,799.000000
4.561617	0.640	9,936.000000
4.572283	0.640	15,275.000000
4.582950	0.640	22,341.000000
4.593617	0.640	32,441.000000
4.604283	0.640	50,156.000000
4.614950	0.640	83,689.000000
4.625617	0.640	144,726.000000
4.636283	0.640	248,490.000000
4.646950	0.640	417,980.000000
4.657617	0.640	690,136.000000
4.668283	0.640	1,132,068.000000
4.678950	0.640	1,897,206.000000
4.689617	0.640	3,308,934.000000
4.700283	0.640	5,851,611.000000
4.710950	0.640	9,870,985.000000
4.721617	0.640	14,948,895.000000
4.732283	0.640	19,495,998.000000
4.742950	0.640	21,395,983.000000
4.753617	0.640	19,557,220.000000
4.764283	0.640	14,898,171.000000
4.774950	0.640	9,616,826.000000
4.785617	0.640	5,505,279.000000
4.796283	0.640	3,043,939.000000
4.806950	0.640	1,786,511.000000
4.817617	0.640	1,139,642.000000
4.828283	0.640	749,485.000000
4.838950	0.640	484,626.000000
4.849617	0.640	307,632.000000
4.860283	0.640	194,964.000000
4.870950	0.640	122,838.000000
4.881617	0.640	77,096.000000
4.892283	0.640	50,425.000000
4.902950	0.640	36,321.000000
4.913617	0.640	29,151.000000
4.924283	0.640	24,406.000000
4.934950	0.640	19,898.000000
4.945617	0.640	15,980.000000
4.956283	0.640	13,836.000000
4.966950	0.640	13,634.000000
4.977617	0.640	13,771.000000
4.988283	0.640	13,239.000000
4.998950	0.640	12,602.000000
5.009617	0.640	11,720.000000
5.020283	0.640	9,908.000000
5.030950	0.640	8,230.000000
5.041617	0.640	8,378.000000
5.052283	0.640	9,436.000000
5.062950	0.640	9,727.000000
5.073617	0.640	9,913.000000
5.084283	0.640	10,080.000000
5.094950	0.640	8,901.000000
5.105617	0.640	7,439.000000
5.116283	0.640	7,363.000000
5.126950	0.640	7,524.000000
5.137617	0.640	7,068.000000
5.148283	0.640	6,733.000000
5.158950	0.640	6,639.000000
5.169617	0.640	7,089.000000
5.180283	0.640	7,797.000000
5.190950	0.640	7,361.000000
5.201617	0.640	6,594.000000
5.212283	0.640	7,028.000000
5.222950	0.640	7,611.000000
5.233617	0.640	7,405.000000
5.244283	0.640	6,868.000000
5.254950	0.640	6,328.000000
5.265617	0.640	6,706.000000
5.276283	0.640	8,305.000000
5.286950	0.640	9,437.000000
5.297617	0.640	9,085.000000
5.308283	0.640	8,060.000000
5.318950	0.640	7,202.000000
5.329617	0.640	6,543.000000
5.340283	0.640	6,236.000000
5.350950	0.640	6,903.000000
5.361617	0.640	8,143.000000
5.372283	0.640	8,663.000000
5.382950	0.640	8,718.000000
5.393617	0.640	9,230.000000
5.404283	0.640	9,159.000000
5.414950	0.640	8,080.000000
5.425617	0.640	8,035.000000
5.436283	0.640	9,421.000000
5.446950	0.640	10,365.000000
5.457617	0.640	10,404.000000
5.468283	0.640	10,280.000000
5.478950	0.640	10,346.000000
5.489617	0.640	11,242.000000
5.500283	0.640	13,519.000000
5.510950	0.640	16,433.000000
5.521617	0.640	19,506.000000
5.532283	0.640	24,480.000000
5.542950	0.640	33,611.000000
5.553617	0.640	47,897.000000
5.564283	0.640	66,438.000000
5.574950	0.640	84,990.000000
5.585617	0.640	97,836.000000
5.596283	0.640	101,746.000000
5.606950	0.640	96,949.000000
5.617617	0.640	86,257.000000
5.628283	0.640	73,643.000000
5.638950	0.640	62,000.000000
5.649617	0.640	51,766.000000
5.660283	0.640	42,315.000000
5.670950	0.640	34,080.000000
5.681617	0.640	28,009.000000
5.692283	0.640	23,557.000000
5.702950	0.640	19,112.000000
5.713617	0.640	14,645.000000
5.724283	0.640	11,745.000000
5.734950	0.640	10,956.000000
5.745617	0.640	11,098.000000
5.756283	0.640	10,862.000000
5.766950	0.640	9,971.000000
5.777617	0.640	8,582.000000
5.788283	0.640	7,144.000000
5.798950	0.640	6,990.000000
5.809617	0.640	8,055.000000
5.820283	0.640	8,047.000000
5.830950	0.640	6,447.000000
5.841617	0.640	5,595.000000
5.852283	0.640	6,458.000000
5.862950	0.640	7,303.000000
5.873617	0.640	7,148.000000
5.884283	0.640	6,693.000000
5.894950	0.640	6,163.000000
5.905617	0.640	5,676.000000
5.916283	0.640	6,121.000000
5.926950	0.640	6,960.000000
5.937617	0.640	6,897.000000
5.948283	0.640	7,299.000000
5.958950	0.640	9,510.000000
5.969617	0.640	11,367.000000
5.980283	0.640	10,806.000000
5.990950	0.640	8,857.000000
6.001617	0.640	7,373.000000
6.012283	0.640	7,046.000000
6.022950	0.640	7,502.000000
6.033617	0.640	7,552.000000
6.044283	0.640	6,465.000000
6.054950	0.640	5,757.000000
6.065617	0.640	7,234.000000
6.076283	0.640	9,331.000000
6.086950	0.640	9,652.000000
6.097617	0.640	9,575.000000
6.108283	0.640	11,464.000000
6.118950	0.640	14,607.000000
6.129617	0.640	18,091.000000
6.140283	0.640	24,500.000000
6.150950	0.640	36,417.000000
6.161617	0.640	50,921.000000
6.172283	0.640	62,068.000000
6.182950	0.640	66,942.000000
6.193617	0.640	65,608.000000
6.204283	0.640	58,183.000000
6.214950	0.640	45,704.000000
6.225617	0.640	32,309.000000
6.236283	0.640	22,641.000000
6.246950	0.640	17,391.000000
6.257617	0.640	14,526.000000
6.268283	0.640	12,961.000000
6.278950	0.640	12,661.000000
6.289617	0.640	13,543.000000
6.300283	0.640	15,721.000000
6.310950	0.640	19,048.000000
6.321617	0.640	22,909.000000
6.332283	0.640	28,390.000000
6.342950	0.640	37,993.000000
6.353617	0.640	53,546.000000
6.364283	0.640	77,094.000000
6.374950	0.640	112,449.000000
6.385617	0.640	169,045.000000
6.396283	0.640	266,332.000000
6.406950	0.640	425,399.000000
6.417617	0.640	650,079.000000
6.428283	0.640	913,156.000000
6.438950	0.640	1,156,230.000000
6.449617	0.640	1,312,990.000000
6.460283	0.640	1,339,891.000000
6.470950	0.640	1,229,284.000000
6.481617	0.640	1,014,694.000000
6.492283	0.640	759,619.000000
6.502950	0.640	521,426.000000
6.513617	0.640	331,024.000000
6.524283	0.640	199,735.000000
6.534950	0.640	121,949.000000
6.545617	0.640	78,061.000000
6.556283	0.640	50,724.000000
6.566950	0.640	33,394.000000
6.577617	0.640	24,253.000000
6.588283	0.640	20,349.000000
6.598950	0.640	18,061.000000
6.609617	0.640	16,337.000000
6.620283	0.640	16,010.000000
6.630950	0.640	16,564.000000
6.641617	0.640	16,830.000000
6.652283	0.640	16,927.000000
6.662950	0.640	17,236.000000
6.673617	0.640	17,110.000000
6.684283	0.640	15,745.000000
6.694950	0.640	13,990.000000
6.705617	0.640	13,958.000000
6.716283	0.640	16,067.000000
6.726950	0.640	17,763.000000
6.737617	0.640	16,490.000000
6.748283	0.640	13,116.000000
6.758950	0.640	10,656.000000
6.769617	0.640	10,724.000000
6.780283	0.640	12,474.000000
6.790950	0.640	13,656.000000
6.801617	0.640	12,845.000000
6.812283	0.640	11,470.000000
6.822950	0.640	12,589.000000
6.833617	0.640	16,518.000000
6.844283	0.640	20,181.000000
6.854950	0.640	22,527.000000
6.865617	0.640	25,437.000000
6.876283	0.640	29,439.000000
6.886950	0.640	34,045.000000
6.897617	0.640	38,942.000000
6.908283	0.640	43,310.000000
6.918950	0.640	47,275.000000
6.929617	0.640	50,767.000000
6.940283	0.640	51,245.000000
6.950950	0.640	47,886.000000
6.961617	0.640	44,869.000000
6.972283	0.640	46,278.000000
6.982950	0.640	50,702.000000
6.993617	0.640	53,078.000000
7.004283	0.640	49,894.000000
7.014950	0.640	42,002.000000
7.025617	0.640	33,342.000000
7.036283	0.640	26,452.000000
7.046950	0.640	21,042.000000
7.057617	0.640	16,795.000000
7.068283	0.640	13,791.000000
7.078950	0.640	11,920.000000
7.089617	0.640	11,219.000000
7.100283	0.640	10,657.000000
7.110950	0.640	9,123.000000
7.121617	0.640	7,866.000000
7.132283	0.640	8,174.000000
7.142950	0.640	8,874.000000
7.153617	0.640	8,479.000000
7.164283	0.640	7,915.000000
7.174950	0.640	9,206.000000
7.185617	0.640	11,266.000000
7.196283	0.640	11,453.000000
7.206950	0.640	10,542.000000
7.217617	0.640	10,491.000000
7.228283	0.640	10,739.000000
7.238950	0.640	9,792.000000
7.249617	0.640	7,987.000000
7.260283	0.640	7,854.000000
7.270950	0.640	10,149.000000
7.281617	0.640	11,747.000000
7.292283	0.640	10,858.000000
7.302950	0.640	9,570.000000
7.313617	0.640	9,653.000000
7.324283	0.640	10,760.000000
7.334950	0.640	11,787.000000
7.345617	0.640	11,679.000000
7.356283	0.640	10,591.000000
7.366950	0.640	9,549.000000
7.377617	0.640	8,942.000000
7.388283	0.640	8,781.000000
7.398950	0.640	8,847.000000
7.409617	0.640	8,601.000000
7.420283	0.640	7,948.000000
7.430950	0.640	6,914.000000
7.441617	0.640	5,939.000000
7.452283	0.640	6,463.000000
7.462950	0.640	8,549.000000
7.473617	0.640	10,461.000000
7.484283	0.640	11,373.000000
7.494950	0.640	11,397.000000
7.505617	0.640	10,476.000000
7.516283	0.640	8,877.000000
7.526950	0.640	7,861.000000
7.537617	0.640	8,381.000000
7.548283	0.640	9,488.000000
7.558950	0.640	10,240.000000
7.569617	0.640	10,999.000000
7.580283	0.640	11,494.000000
7.590950	0.640	11,052.000000
7.601617	0.640	10,401.000000
7.612283	0.640	10,369.000000
7.622950	0.640	10,439.000000
7.633617	0.640	10,192.000000
7.644283	0.640	9,984.000000
7.654950	0.640	9,961.000000
7.665617	0.640	9,938.000000
7.676283	0.640	10,159.000000
7.686950	0.640	11,193.000000
7.697617	0.640	12,507.000000
7.708283	0.640	13,310.000000
7.718950	0.640	15,492.000000
7.729617	0.640	22,341.000000
7.740283	0.640	35,409.000000
7.750950	0.640	55,869.000000
7.761617	0.640	87,190.000000
7.772283	0.640	136,575.000000
7.782950	0.640	215,776.000000
7.793617	0.640	341,824.000000
7.804283	0.640	539,568.000000
7.814950	0.640	841,597.000000
7.825617	0.640	1,294,103.000000
7.836283	0.640	1,976,826.000000
7.846950	0.640	3,021,968.000000
7.857617	0.640	4,661,602.000000
7.868283	0.640	7,337,010.000000
7.878950	0.640	11,767,575.000000
7.889617	0.640	18,783,283.000000
7.900283	0.640	28,792,541.000000
7.910950	0.640	40,994,139.000000
7.921617	0.640	52,911,691.000000
7.932283	0.640	61,041,773.000000
7.942950	0.640	62,529,869.000000
7.953617	0.640	56,722,444.000000
7.964283	0.640	45,584,640.000000
7.974950	0.640	32,667,061.000000
7.985617	0.640	21,199,440.000000
7.996283	0.640	12,765,053.000000
8.006950	0.640	7,358,911.000000
8.017617	0.640	4,201,333.000000
8.028283	0.640	2,443,785.000000
8.038950	0.640	1,472,363.000000
8.049617	0.640	917,743.000000
8.060283	0.640	581,632.000000
8.070950	0.640	372,346.000000
8.081617	0.640	245,342.000000
8.092283	0.640	167,709.000000
8.102950	0.640	118,240.000000
8.113617	0.640	88,425.000000
8.124283	0.640	72,104.000000
8.134950	0.640	62,853.000000
8.145617	0.640	57,001.000000
8.156283	0.640	52,741.000000
8.166950	0.640	48,636.000000
8.177617	0.640	43,589.000000
8.188283	0.640	37,488.000000
8.198950	0.640	31,531.000000
8.209617	0.640	27,113.000000
8.220283	0.640	24,548.000000
8.230950	0.640	23,367.000000
8.241617	0.640	23,012.000000
8.252283	0.640	22,607.000000
8.262950	0.640	21,444.000000
8.273617	0.640	19,671.000000
8.284283	0.640	18,272.000000
8.294950	0.640	18,272.000000
8.305617	0.640	19,159.000000
8.316283	0.640	19,091.000000
8.326950	0.640	17,410.000000
8.337617	0.640	15,783.000000
8.348283	0.640	15,320.000000
8.358950	0.640	14,949.000000
8.369617	0.640	14,138.000000
8.380283	0.640	13,793.000000
8.390950	0.640	14,132.000000
8.401617	0.640	14,340.000000
8.412283	0.640	14,648.000000
8.422950	0.640	15,480.000000
8.433617	0.640	15,236.000000
8.444283	0.640	13,558.000000
8.454950	0.640	12,673.000000
8.465617	0.640	12,882.000000
8.476283	0.640	12,747.000000
8.486950	0.640	12,568.000000
8.497617	0.640	13,072.000000
8.508283	0.640	14,044.000000
8.518950	0.640	16,180.000000
8.529617	0.640	20,722.000000
8.540283	0.640	27,230.000000
8.550950	0.640	34,950.000000
8.561617	0.640	46,465.000000
8.572283	0.640	68,068.000000
8.582950	0.640	106,432.000000
8.593617	0.640	167,437.000000
8.604283	0.640	260,209.000000
8.614950	0.640	400,305.000000
8.625617	0.640	611,889.000000
8.636283	0.640	929,484.000000
8.646950	0.640	1,393,595.000000
8.657617	0.640	2,065,550.000000
8.668283	0.640	3,070,514.000000
8.678950	0.640	4,630,441.000000
8.689617	0.640	7,103,191.000000
8.700283	0.640	11,004,098.000000
8.710950	0.640	16,837,711.000000
8.721617	0.640	24,684,656.000000
8.732283	0.640	33,757,476.000000
8.742950	0.640	42,274,142.000000
8.753617	0.640	47,922,826.000000
8.764283	0.640	48,840,301.000000
8.774950	0.640	44,609,850.000000
8.785617	0.640	36,558,893.000000
8.796283	0.640	27,036,504.000000
8.806950	0.640	18,240,514.000000
8.817617	0.640	11,427,785.000000
8.828283	0.640	6,818,921.000000
8.838950	0.640	3,984,780.000000
8.849617	0.640	2,332,524.000000
8.860283	0.640	1,392,624.000000
8.870950	0.640	857,975.000000
8.881617	0.640	542,993.000000
8.892283	0.640	351,610.000000
8.902950	0.640	235,024.000000
8.913617	0.640	162,895.000000
8.924283	0.640	117,700.000000
8.934950	0.640	89,392.000000
8.945617	0.640	70,657.000000
8.956283	0.640	57,420.000000
8.966950	0.640	48,443.000000
8.977617	0.640	42,664.000000
8.988283	0.640	38,486.000000
8.998950	0.640	35,050.000000
9.009617	0.640	32,388.000000
9.020283	0.640	30,390.000000
9.030950	0.640	28,442.000000
9.041617	0.640	26,592.000000
9.052283	0.640	25,871.000000
9.062950	0.640	26,074.000000
9.073617	0.640	25,572.000000
9.084283	0.640	24,513.000000
9.094950	0.640	24,504.000000
9.105617	0.640	25,398.000000
9.116283	0.640	25,803.000000
9.126950	0.640	25,091.000000
9.137617	0.640	23,379.000000
9.148283	0.640	21,391.000000
9.158950	0.640	20,505.000000
9.169617	0.640	21,176.000000
9.180283	0.640	22,016.000000
9.190950	0.640	22,092.000000
9.201617	0.640	21,982.000000
9.212283	0.640	22,057.000000
9.222950	0.640	21,960.000000
9.233617	0.640	21,230.000000
9.244283	0.640	20,501.000000
9.254950	0.640	21,042.000000
9.265617	0.640	22,072.000000
9.276283	0.640	21,709.000000
9.286950	0.640	19,795.000000
9.297617	0.640	17,492.000000
9.308283	0.640	15,976.000000
9.318950	0.640	15,765.000000
9.329617	0.640	16,754.000000
9.340283	0.640	18,109.000000
9.350950	0.640	18,263.000000
9.361617	0.640	17,368.000000
9.372283	0.640	17,477.000000
9.382950	0.640	18,739.000000
9.393617	0.640	19,298.000000
9.404283	0.640	18,679.000000
9.414950	0.640	17,820.000000
9.425617	0.640	16,909.000000
9.436283	0.640	16,153.000000
9.446950	0.640	16,452.000000
9.457617	0.640	17,882.000000
9.468283	0.640	20,947.000000
9.478950	0.640	27,946.000000
9.489617	0.640	39,713.000000
9.500283	0.640	54,744.000000
9.510950	0.640	75,941.000000
9.521617	0.640	113,206.000000
9.532283	0.640	177,861.000000
9.542950	0.640	284,072.000000
9.553617	0.640	451,837.000000
9.564283	0.640	703,869.000000
9.574950	0.640	1,072,820.000000
9.585617	0.640	1,613,195.000000
9.596283	0.640	2,405,788.000000
9.606950	0.640	3,572,249.000000
9.617617	0.640	5,324,737.000000
9.628283	0.640	8,075,516.000000
9.638950	0.640	12,566,444.000000
9.649617	0.640	19,831,539.000000
9.660283	0.640	30,768,245.000000
9.670950	0.640	45,282,605.000000
9.681617	0.640	61,384,209.000000
9.692283	0.640	75,120,295.000000
9.702950	0.640	82,040,938.000000
9.713617	0.640	79,540,262.000000
9.724283	0.640	68,382,944.000000
9.734950	0.640	52,276,511.000000
9.745617	0.640	35,841,150.000000
9.756283	0.640	22,429,738.000000
9.766950	0.640	13,179,146.000000
9.777617	0.640	7,537,664.000000
9.788283	0.640	4,352,151.000000
9.798950	0.640	2,596,680.000000
9.809617	0.640	1,599,657.000000
9.820283	0.640	1,005,320.000000
9.830950	0.640	644,706.000000
9.841617	0.640	425,449.000000
9.852283	0.640	289,279.000000
9.862950	0.640	203,190.000000
9.873617	0.640	149,230.000000
9.884283	0.640	116,372.000000
9.894950	0.640	97,282.000000
9.905617	0.640	86,449.000000
9.916283	0.640	81,571.000000
9.926950	0.640	84,176.000000
9.937617	0.640	95,864.000000
9.948283	0.640	118,340.000000
9.958950	0.640	155,432.000000
9.969617	0.640	211,138.000000
9.980283	0.640	291,908.000000
9.990950	0.640	413,130.000000
10.001617	0.640	602,440.000000
10.012283	0.640	905,986.000000
10.022950	0.640	1,389,871.000000
10.033617	0.640	2,111,098.000000
10.044283	0.640	3,055,557.000000
10.054950	0.640	4,081,140.000000
10.065617	0.640	4,924,437.000000
10.076283	0.640	5,300,853.000000
10.086950	0.640	5,061,892.000000
10.097617	0.640	4,290,072.000000
10.108283	0.640	3,240,929.000000
10.118950	0.640	2,201,667.000000
10.129617	0.640	1,372,207.000000
10.140283	0.640	814,021.000000
10.150950	0.640	484,516.000000
10.161617	0.640	307,800.000000
10.172283	0.640	217,218.000000
10.182950	0.640	168,927.000000
10.193617	0.640	141,785.000000
10.204283	0.640	127,191.000000
10.214950	0.640	119,657.000000
10.225617	0.640	114,664.000000
10.236283	0.640	108,733.000000
10.246950	0.640	100,957.000000
10.257617	0.640	93,312.000000
10.268283	0.640	85,798.000000
10.278950	0.640	76,141.000000
10.289617	0.640	64,613.000000
10.300283	0.640	53,802.000000
10.310950	0.640	45,627.000000
10.321617	0.640	40,038.000000
10.332283	0.640	35,939.000000
10.342950	0.640	33,168.000000
10.353617	0.640	31,732.000000
10.364283	0.640	30,616.000000
10.374950	0.640	29,458.000000
10.385617	0.640	28,723.000000
10.396283	0.640	27,803.000000
10.406950	0.640	26,265.000000
10.417617	0.640	25,642.000000
10.428283	0.640	26,789.000000
10.438950	0.640	28,115.000000
10.449617	0.640	28,285.000000
10.460283	0.640	27,688.000000
10.470950	0.640	27,208.000000
10.481617	0.640	27,350.000000
10.492283	0.640	27,647.000000
10.502950	0.640	27,291.000000
10.513617	0.640	27,245.000000
10.524283	0.640	28,388.000000
10.534950	0.640	28,851.000000
10.545617	0.640	27,627.000000
10.556283	0.640	25,824.000000
10.566950	0.640	23,387.000000
10.577617	0.640	20,803.000000
10.588283	0.640	20,395.000000
10.598950	0.640	22,023.000000
10.609617	0.640	22,659.000000
10.620283	0.640	21,753.000000
10.630950	0.640	21,828.000000
10.641617	0.640	23,537.000000
10.652283	0.640	25,084.000000
10.662950	0.640	25,618.000000
10.673617	0.640	25,757.000000
10.684283	0.640	25,953.000000
10.694950	0.640	26,434.000000
10.705617	0.640	27,478.000000
10.716283	0.640	28,332.000000
10.726950	0.640	27,766.000000
10.737617	0.640	26,180.000000
10.748283	0.640	25,248.000000
10.758950	0.640	25,509.000000
10.769617	0.640	25,538.000000
10.780283	0.640	24,113.000000
10.790950	0.640	22,695.000000
10.801617	0.640	23,756.000000
10.812283	0.640	26,284.000000
10.822950	0.640	26,641.000000
10.833617	0.640	24,468.000000
10.844283	0.640	23,347.000000
10.854950	0.640	25,161.000000
10.865617	0.640	27,241.000000
10.876283	0.640	26,961.000000
10.886950	0.640	25,901.000000
10.897617	0.640	25,833.000000
10.908283	0.640	25,579.000000
10.918950	0.640	25,116.000000
10.929617	0.640	26,491.000000
10.940283	0.640	29,972.000000
10.950950	0.640	34,708.000000
10.961617	0.640	41,278.000000
10.972283	0.640	50,987.000000
10.982950	0.640	64,351.000000
10.993617	0.640	81,976.000000
11.004283	0.640	107,762.000000
11.014950	0.640	149,036.000000
11.025617	0.640	213,720.000000
11.036283	0.640	310,878.000000
11.046950	0.640	450,562.000000
11.057617	0.640	635,082.000000
11.068283	0.640	849,124.000000
11.078950	0.640	1,056,476.000000
11.089617	0.640	1,204,001.000000
11.100283	0.640	1,244,316.000000
11.110950	0.640	1,165,460.000000
11.121617	0.640	993,583.000000
11.132283	0.640	777,491.000000
11.142950	0.640	572,463.000000
11.153617	0.640	417,295.000000
11.164283	0.640	324,338.000000
11.174950	0.640	293,554.000000
11.185617	0.640	321,754.000000
11.196283	0.640	402,448.000000
11.206950	0.640	533,380.000000
11.217617	0.640	725,254.000000
11.228283	0.640	1,000,038.000000
11.238950	0.640	1,389,205.000000
11.249617	0.640	1,951,400.000000
11.260283	0.640	2,800,243.000000
11.270950	0.640	4,120,235.000000
11.281617	0.640	6,170,589.000000
11.292283	0.640	9,226,011.000000
11.302950	0.640	13,388,163.000000
11.313617	0.640	18,334,769.000000
11.324283	0.640	23,185,203.000000
11.334950	0.640	26,679,234.000000
11.345617	0.640	27,688,256.000000
11.356283	0.640	25,797,226.000000
11.366950	0.640	21,572,176.000000
11.377617	0.640	16,259,823.000000
11.388283	0.640	11,142,630.000000
11.398950	0.640	7,050,796.000000
11.409617	0.640	4,229,771.000000
11.420283	0.640	2,484,215.000000
11.430950	0.640	1,461,853.000000
11.441617	0.640	873,434.000000
11.452283	0.640	538,589.000000
11.462950	0.640	348,303.000000
11.473617	0.640	235,434.000000
11.484283	0.640	162,867.000000
11.494950	0.640	117,117.000000
11.505617	0.640	92,276.000000
11.516283	0.640	78,977.000000
11.526950	0.640	70,233.000000
11.537617	0.640	64,120.000000
11.548283	0.640	59,787.000000
11.558950	0.640	56,720.000000
11.569617	0.640	55,480.000000
11.580283	0.640	56,898.000000
11.590950	0.640	59,161.000000
11.601617	0.640	58,097.000000
11.612283	0.640	52,459.000000
11.622950	0.640	45,018.000000
11.633617	0.640	38,965.000000
11.644283	0.640	35,948.000000
11.654950	0.640	35,278.000000
11.665617	0.640	34,884.000000
11.676283	0.640	34,413.000000
11.686950	0.640	34,681.000000
11.697617	0.640	35,218.000000
11.708283	0.640	35,832.000000
11.718950	0.640	37,524.000000
11.729617	0.640	39,818.000000
11.740283	0.640	41,142.000000
11.750950	0.640	42,108.000000
11.761617	0.640	44,335.000000
11.772283	0.640	48,279.000000
11.782950	0.640	54,286.000000
11.793617	0.640	62,455.000000
11.804283	0.640	73,543.000000
11.814950	0.640	91,413.000000
11.825617	0.640	120,860.000000
11.836283	0.640	164,837.000000
11.846950	0.640	228,049.000000
11.857617	0.640	320,715.000000
11.868283	0.640	454,536.000000
11.878950	0.640	640,083.000000
11.889617	0.640	892,487.000000
11.900283	0.640	1,242,040.000000
11.910950	0.640	1,750,419.000000
11.921617	0.640	2,530,740.000000
11.932283	0.640	3,780,672.000000
11.942950	0.640	5,784,178.000000
11.953617	0.640	8,786,634.000000
11.964283	0.640	12,769,801.000000
11.974950	0.640	17,238,961.000000
11.985617	0.640	21,174,053.000000
11.996283	0.640	23,354,637.000000
12.006950	0.640	22,976,050.000000
12.017617	0.640	20,108,554.000000
12.028283	0.640	15,670,546.000000
12.038950	0.640	10,947,301.000000
12.049617	0.640	6,972,275.000000
12.060283	0.640	4,169,310.000000
12.070950	0.640	2,429,828.000000
12.081617	0.640	1,428,964.000000
12.092283	0.640	867,975.000000
12.102950	0.640	550,844.000000
12.113617	0.640	366,983.000000
12.124283	0.640	254,258.000000
12.134950	0.640	180,839.000000
12.145617	0.640	134,234.000000
12.156283	0.640	106,456.000000
12.166950	0.640	88,707.000000
12.177617	0.640	75,942.000000
12.188283	0.640	67,477.000000
12.198950	0.640	61,894.000000
12.209617	0.640	56,663.000000
12.220283	0.640	51,924.000000
12.230950	0.640	49,259.000000
12.241617	0.640	47,792.000000
12.252283	0.640	45,945.000000
12.262950	0.640	44,388.000000
12.273617	0.640	43,461.000000
12.284283	0.640	42,073.000000
12.294950	0.640	40,138.000000
12.305617	0.640	38,414.000000
12.316283	0.640	37,719.000000
12.326950	0.640	38,350.000000
12.337617	0.640	39,199.000000
12.348283	0.640	39,533.000000
12.358950	0.640	39,828.000000
12.369617	0.640	39,981.000000
12.380283	0.640	39,383.000000
12.390950	0.640	38,576.000000
12.401617	0.640	38,679.000000
12.412283	0.640	39,429.000000
12.422950	0.640	40,247.000000
12.433617	0.640	41,348.000000
12.444283	0.640	42,449.000000
12.454950	0.640	43,483.000000
12.465617	0.640	44,778.000000
12.476283	0.640	45,648.000000
12.486950	0.640	45,607.000000
12.497617	0.640	45,109.000000
12.508283	0.640	44,694.000000
12.518950	0.640	45,174.000000
12.529617	0.640	46,336.000000
12.540283	0.640	46,414.000000
12.550950	0.640	46,042.000000
12.561617	0.640	48,021.000000
12.572283	0.640	51,584.000000
12.582950	0.640	53,591.000000
12.593617	0.640	53,720.000000
12.604283	0.640	53,453.000000
12.614950	0.640	53,244.000000
12.625617	0.640	53,038.000000
12.636283	0.640	53,130.000000
12.646950	0.640	52,819.000000
12.657617	0.640	50,607.000000
12.668283	0.640	47,030.000000
12.678950	0.640	44,174.000000
12.689617	0.640	42,889.000000
12.700283	0.640	42,463.000000
12.710950	0.640	41,770.000000
12.721617	0.640	40,885.000000
12.732283	0.640	40,587.000000
12.742950	0.640	40,166.000000
12.753617	0.640	39,473.000000
12.764283	0.640	40,147.000000
12.774950	0.640	41,848.000000
12.785617	0.640	43,222.000000
12.796283	0.640	45,255.000000
12.806950	0.640	48,712.000000
12.817617	0.640	51,870.000000
12.828283	0.640	52,724.000000
12.838950	0.640	51,223.000000
12.849617	0.640	48,716.000000
12.860283	0.640	46,142.000000
12.870950	0.640	43,804.000000
12.881617	0.640	41,366.000000
12.892283	0.640	38,329.000000
12.902950	0.640	35,794.000000
12.913617	0.640	34,901.000000
12.924283	0.640	35,069.000000
12.934950	0.640	35,764.000000
12.945617	0.640	35,842.000000
12.956283	0.640	33,589.000000
12.966950	0.640	30,774.000000
12.977617	0.640	30,308.000000
12.988283	0.640	31,057.000000
12.998950	0.640	31,417.000000
13.009617	0.640	31,836.000000
13.020283	0.640	31,520.000000
13.030950	0.640	29,646.000000
13.041617	0.640	27,977.000000
13.052283	0.640	28,094.000000
13.062950	0.640	28,929.000000
13.073617	0.640	29,462.000000
13.084283	0.640	30,736.000000
13.094950	0.640	32,985.000000
13.105617	0.640	34,544.000000
13.116283	0.640	35,211.000000
13.126950	0.640	36,515.000000
13.137617	0.640	38,201.000000
13.148283	0.640	39,004.000000
13.158950	0.640	39,725.000000
13.169617	0.640	40,758.000000
13.180283	0.640	40,572.000000
13.190950	0.640	39,607.000000
13.201617	0.640	39,446.000000
13.212283	0.640	38,823.000000
13.222950	0.640	36,812.000000
13.233617	0.640	35,513.000000
13.244283	0.640	35,469.000000
13.254950	0.640	35,044.000000
13.265617	0.640	35,112.000000
13.276283	0.640	36,861.000000
13.286950	0.640	37,637.000000
13.297617	0.640	36,072.000000
13.308283	0.640	34,760.000000
13.318950	0.640	34,472.000000
13.329617	0.640	33,403.000000
13.340283	0.640	30,786.000000
13.350950	0.640	28,030.000000
13.361617	0.640	27,427.000000
13.372283	0.640	28,753.000000
13.382950	0.640	29,629.000000
13.393617	0.640	29,295.000000
13.404283	0.640	28,896.000000
13.414950	0.640	29,878.000000
13.425617	0.640	31,917.000000
13.436283	0.640	32,360.000000
13.446950	0.640	30,674.000000
13.457617	0.640	29,473.000000
13.468283	0.640	29,556.000000
13.478950	0.640	29,722.000000
13.489617	0.640	30,136.000000
13.500283	0.640	31,411.000000
13.510950	0.640	32,488.000000
13.521617	0.640	31,848.000000
13.532283	0.640	29,590.000000
13.542950	0.640	27,567.000000
13.553617	0.640	27,244.000000
13.564283	0.640	28,168.000000
13.574950	0.640	29,419.000000
13.585617	0.640	30,538.000000
13.596283	0.640	30,831.000000
13.606950	0.640	30,040.000000
13.617617	0.640	29,038.000000
13.628283	0.640	28,752.000000
13.638950	0.640	29,587.000000
13.649617	0.640	31,252.000000
13.660283	0.640	31,941.000000
13.670950	0.640	30,705.000000
13.681617	0.640	30,002.000000
13.692283	0.640	31,839.000000
13.702950	0.640	34,698.000000
13.713617	0.640	36,716.000000
13.724283	0.640	38,017.000000
13.734950	0.640	40,068.000000
13.745617	0.640	44,562.000000
13.756283	0.640	50,642.000000
13.766950	0.640	55,177.000000
13.777617	0.640	58,662.000000
13.788283	0.640	64,990.000000
13.798950	0.640	73,975.000000
13.809617	0.640	82,772.000000
13.820283	0.640	93,273.000000
13.830950	0.640	109,287.000000
13.841617	0.640	130,916.000000
13.852283	0.640	158,690.000000
13.862950	0.640	198,157.000000
13.873617	0.640	255,239.000000
13.884283	0.640	333,658.000000
13.894950	0.640	439,581.000000
13.905617	0.640	577,202.000000
13.916283	0.640	740,747.000000
13.926950	0.640	915,182.000000
13.937617	0.640	1,072,230.000000
13.948283	0.640	1,174,987.000000
13.958950	0.640	1,202,335.000000
13.969617	0.640	1,153,789.000000
13.980283	0.640	1,035,707.000000
13.990950	0.640	866,436.000000
14.001617	0.640	680,636.000000
14.012283	0.640	510,554.000000
14.022950	0.640	371,988.000000
14.033617	0.640	268,429.000000
14.044283	0.640	197,150.000000
14.054950	0.640	152,501.000000
14.065617	0.640	128,370.000000
14.076283	0.640	117,052.000000
14.086950	0.640	110,603.000000
14.097617	0.640	105,155.000000
14.108283	0.640	100,402.000000
14.118950	0.640	96,676.000000
14.129617	0.640	92,704.000000
14.140283	0.640	86,370.000000
14.150950	0.640	77,498.000000
14.161617	0.640	67,798.000000
14.172283	0.640	59,406.000000
14.182950	0.640	53,646.000000
14.193617	0.640	50,353.000000
14.204283	0.640	47,802.000000
14.214950	0.640	44,609.000000
14.225617	0.640	41,299.000000
14.236283	0.640	38,120.000000
14.246950	0.640	35,338.000000
14.257617	0.640	34,626.000000
14.268283	0.640	36,053.000000
14.278950	0.640	37,802.000000
14.289617	0.640	39,423.000000
14.300283	0.640	40,839.000000
14.310950	0.640	40,985.000000
14.321617	0.640	40,492.000000
14.332283	0.640	41,409.000000
14.342950	0.640	44,187.000000
14.353617	0.640	48,020.000000
14.364283	0.640	51,667.000000
14.374950	0.640	53,851.000000
14.385617	0.640	54,280.000000
14.396283	0.640	52,775.000000
14.406950	0.640	49,754.000000
14.417617	0.640	46,813.000000
14.428283	0.640	44,664.000000
14.438950	0.640	43,765.000000
14.449617	0.640	44,594.000000
14.460283	0.640	45,111.000000
14.470950	0.640	42,822.000000
14.481617	0.640	39,226.000000
14.492283	0.640	37,861.000000
14.502950	0.640	39,315.000000
14.513617	0.640	41,239.000000
14.524283	0.640	41,787.000000
14.534950	0.640	41,380.000000
14.545617	0.640	41,458.000000
14.556283	0.640	42,418.000000
14.566950	0.640	43,862.000000
14.577617	0.640	45,380.000000
14.588283	0.640	46,328.000000
14.598950	0.640	46,980.000000
14.609617	0.640	48,738.000000
14.620283	0.640	52,232.000000
14.630950	0.640	57,782.000000
14.641617	0.640	65,762.000000
14.652283	0.640	75,245.000000
14.662950	0.640	84,680.000000
14.673617	0.640	91,853.000000
14.684283	0.640	93,541.000000
14.694950	0.640	88,593.000000
14.705617	0.640	79,530.000000
14.716283	0.640	69,721.000000
14.726950	0.640	61,403.000000
14.737617	0.640	56,660.000000
14.748283	0.640	56,969.000000
14.758950	0.640	61,257.000000
14.769617	0.640	66,835.000000
14.780283	0.640	72,392.000000
14.790950	0.640	77,733.000000
14.801617	0.640	80,919.000000
14.812283	0.640	78,687.000000
14.822950	0.640	70,641.000000
14.833617	0.640	61,773.000000
14.844283	0.640	57,530.000000
14.854950	0.640	57,413.000000
14.865617	0.640	57,296.000000
14.876283	0.640	54,608.000000
14.886950	0.640	50,205.000000
14.897617	0.640	47,722.000000
14.908283	0.640	48,421.000000
14.918950	0.640	49,451.000000
14.929617	0.640	49,495.000000
14.940283	0.640	48,949.000000
14.950950	0.640	47,687.000000
14.961617	0.640	47,899.000000
14.972283	0.640	51,135.000000
14.982950	0.640	53,756.000000
14.993617	0.640	53,043.000000
15.004283	0.640	51,657.000000
15.014950	0.640	52,063.000000
15.025617	0.640	53,273.000000
15.036283	0.640	53,986.000000
15.046950	0.640	54,533.000000
15.057617	0.640	55,392.000000
15.068283	0.640	56,252.000000
15.078950	0.640	57,704.000000
15.089617	0.640	61,170.000000
15.100283	0.640	65,625.000000
15.110950	0.640	68,373.000000
15.121617	0.640	69,481.000000
15.132283	0.640	71,615.000000
15.142950	0.640	75,604.000000
15.153617	0.640	78,671.000000
15.164283	0.640	78,044.000000
15.174950	0.640	74,539.000000
15.185617	0.640	70,589.000000
15.196283	0.640	66,846.000000
15.206950	0.640	63,254.000000
15.217617	0.640	61,079.000000
15.228283	0.640	61,211.000000
15.238950	0.640	62,556.000000
15.249617	0.640	63,250.000000
15.260283	0.640	62,588.000000
15.270950	0.640	62,102.000000
15.281617	0.640	63,723.000000
15.292283	0.640	66,875.000000
15.302950	0.640	69,036.000000
15.313617	0.640	68,087.000000
15.324283	0.640	64,845.000000
15.334950	0.640	63,797.000000
15.345617	0.640	66,919.000000
15.356283	0.640	69,791.000000
15.366950	0.640	68,634.000000
15.377617	0.640	65,362.000000
15.388283	0.640	64,033.000000
15.398950	0.640	65,959.000000
15.409617	0.640	68,607.000000
15.420283	0.640	69,694.000000
15.430950	0.640	70,229.000000
15.441617	0.640	71,177.000000
15.452283	0.640	70,814.000000
15.462950	0.640	68,479.000000
15.473617	0.640	67,406.000000
15.484283	0.640	70,385.000000
15.494950	0.640	75,352.000000
15.505617	0.640	78,235.000000
15.516283	0.640	78,437.000000
15.526950	0.640	79,197.000000
15.537617	0.640	84,414.000000
15.548283	0.640	96,774.000000
15.558950	0.640	116,073.000000
15.569617	0.640	138,477.000000
15.580283	0.640	157,269.000000
15.590950	0.640	163,844.000000
15.601617	0.640	153,241.000000
15.612283	0.640	130,920.000000
15.622950	0.640	108,949.000000
15.633617	0.640	94,385.000000
15.644283	0.640	85,816.000000
15.654950	0.640	80,158.000000
15.665617	0.640	76,906.000000
15.676283	0.640	75,923.000000
15.686950	0.640	75,784.000000
15.697617	0.640	75,077.000000
15.708283	0.640	73,655.000000
15.718950	0.640	73,308.000000
15.729617	0.640	76,037.000000
15.740283	0.640	81,164.000000
15.750950	0.640	87,341.000000
15.761617	0.640	95,627.000000
15.772283	0.640	109,627.000000
15.782950	0.640	136,031.000000
15.793617	0.640	184,928.000000
15.804283	0.640	268,893.000000
15.814950	0.640	405,522.000000
15.825617	0.640	630,576.000000
15.836283	0.640	1,023,394.000000
15.846950	0.640	1,748,545.000000
15.857617	0.640	3,084,376.000000
15.868283	0.640	5,297,866.000000
15.878950	0.640	8,284,736.000000
15.889617	0.640	11,264,072.000000
15.900283	0.640	12,993,910.000000
15.910950	0.640	12,566,081.000000
15.921617	0.640	10,149,221.000000
15.932283	0.640	6,888,421.000000
15.942950	0.640	4,029,222.000000
15.953617	0.640	2,165,985.000000
15.964283	0.640	1,198,211.000000
15.974950	0.640	748,490.000000
15.985617	0.640	518,017.000000
15.996283	0.640	374,680.000000
16.006950	0.640	283,180.000000
16.017617	0.640	228,450.000000
16.028283	0.640	194,817.000000
16.038950	0.640	173,383.000000
16.049617	0.640	161,675.000000
16.060283	0.640	158,755.000000
16.070950	0.640	163,069.000000
16.081617	0.640	171,357.000000
16.092283	0.640	179,197.000000
16.102950	0.640	183,263.000000
16.113617	0.640	183,453.000000
16.124283	0.640	182,713.000000
16.134950	0.640	184,055.000000
16.145617	0.640	187,959.000000
16.156283	0.640	192,475.000000
16.166950	0.640	195,020.000000
16.177617	0.640	193,910.000000
16.188283	0.640	188,004.000000
16.198950	0.640	177,959.000000
16.209617	0.640	167,818.000000
16.220283	0.640	160,275.000000
16.230950	0.640	154,309.000000
16.241617	0.640	150,024.000000
16.252283	0.640	148,957.000000
16.262950	0.640	150,333.000000
16.273617	0.640	151,700.000000
16.284283	0.640	151,084.000000
16.294950	0.640	147,245.000000
16.305617	0.640	141,457.000000
16.316283	0.640	137,864.000000
16.326950	0.640	138,187.000000
16.337617	0.640	140,196.000000
16.348283	0.640	141,627.000000
16.358950	0.640	141,351.000000
16.369617	0.640	140,387.000000
16.380283	0.640	140,542.000000
16.390950	0.640	140,181.000000
16.401617	0.640	137,968.000000
16.412283	0.640	137,208.000000
16.422950	0.640	140,377.000000
16.433617	0.640	145,708.000000
16.444283	0.640	151,605.000000
16.454950	0.640	160,642.000000
16.465617	0.640	180,702.000000
16.476283	0.640	223,377.000000
16.486950	0.640	302,339.000000
16.497617	0.640	437,919.000000
16.508283	0.640	666,579.000000
16.518950	0.640	1,052,864.000000
16.529617	0.640	1,709,560.000000
16.540283	0.640	2,858,210.000000
16.550950	0.640	4,926,734.000000
16.561617	0.640	8,519,706.000000
16.572283	0.640	14,023,789.000000
16.582950	0.640	20,875,011.000000
16.593617	0.640	27,092,361.000000
16.604283	0.640	29,986,204.000000
16.614950	0.640	28,005,452.000000
16.625617	0.640	22,047,110.000000
16.636283	0.640	14,764,561.000000
16.646950	0.640	8,639,207.000000
16.657617	0.640	4,687,855.000000
16.668283	0.640	2,589,396.000000
16.678950	0.640	1,563,409.000000
16.689617	0.640	1,021,966.000000
16.700283	0.640	693,841.000000
16.710950	0.640	486,299.000000
16.721617	0.640	357,443.000000
16.732283	0.640	276,073.000000
16.742950	0.640	223,954.000000
16.753617	0.640	191,900.000000
16.764283	0.640	172,247.000000
16.774950	0.640	159,858.000000
16.785617	0.640	152,815.000000
16.796283	0.640	151,443.000000
16.806950	0.640	156,706.000000
16.817617	0.640	166,220.000000
16.828283	0.640	177,337.000000
16.838950	0.640	191,016.000000
16.849617	0.640	206,661.000000
16.860283	0.640	219,996.000000
16.870950	0.640	225,510.000000
16.881617	0.640	219,788.000000
16.892283	0.640	206,421.000000
16.902950	0.640	192,338.000000
16.913617	0.640	180,204.000000
16.924283	0.640	170,263.000000
16.934950	0.640	162,523.000000
16.945617	0.640	155,780.000000
16.956283	0.640	150,935.000000
16.966950	0.640	149,842.000000
16.977617	0.640	150,516.000000
16.988283	0.640	150,421.000000
16.998950	0.640	149,289.000000
17.009617	0.640	147,088.000000
17.020283	0.640	145,024.000000
17.030950	0.640	145,422.000000
17.041617	0.640	148,194.000000
17.052283	0.640	151,510.000000
17.062950	0.640	154,827.000000
17.073617	0.640	159,101.000000
17.084283	0.640	166,524.000000
17.094950	0.640	179,241.000000
17.105617	0.640	197,519.000000
17.116283	0.640	221,200.000000
17.126950	0.640	251,412.000000
17.137617	0.640	289,429.000000
17.148283	0.640	332,306.000000
17.158950	0.640	370,521.000000
17.169617	0.640	395,692.000000
17.180283	0.640	407,260.000000
17.190950	0.640	407,607.000000
17.201617	0.640	396,383.000000
17.212283	0.640	372,223.000000
17.222950	0.640	337,676.000000
17.233617	0.640	299,128.000000
17.244283	0.640	262,674.000000
17.254950	0.640	231,536.000000
17.265617	0.640	205,772.000000
17.276283	0.640	186,213.000000
17.286950	0.640	174,932.000000
17.297617	0.640	169,786.000000
17.308283	0.640	166,456.000000
17.318950	0.640	163,108.000000
17.329617	0.640	160,005.000000
17.340283	0.640	159,128.000000
17.350950	0.640	161,535.000000
17.361617	0.640	165,598.000000
17.372283	0.640	169,471.000000
17.382950	0.640	172,178.000000
17.393617	0.640	174,973.000000
17.404283	0.640	181,327.000000
17.414950	0.640	191,150.000000
17.425617	0.640	199,560.000000
17.436283	0.640	204,644.000000
17.446950	0.640	210,193.000000
17.457617	0.640	218,309.000000
17.468283	0.640	226,565.000000
17.478950	0.640	234,808.000000
17.489617	0.640	245,985.000000
17.500283	0.640	260,467.000000
17.510950	0.640	275,202.000000
17.521617	0.640	286,653.000000
17.532283	0.640	296,360.000000
17.542950	0.640	312,031.000000
17.553617	0.640	341,516.000000
17.564283	0.640	388,588.000000
17.574950	0.640	449,170.000000
17.585617	0.640	511,246.000000
17.596283	0.640	560,644.000000
17.606950	0.640	583,606.000000
17.617617	0.640	571,305.000000
17.628283	0.640	528,958.000000
17.638950	0.640	472,340.000000
17.649617	0.640	413,314.000000
17.660283	0.640	357,526.000000
17.670950	0.640	311,968.000000
17.681617	0.640	282,903.000000
17.692283	0.640	269,007.000000
17.702950	0.640	263,765.000000
17.713617	0.640	261,904.000000
17.724283	0.640	261,096.000000
17.734950	0.640	260,292.000000
17.745617	0.640	258,283.000000
17.756283	0.640	254,590.000000
17.766950	0.640	251,038.000000
17.777617	0.640	249,924.000000
17.788283	0.640	252,168.000000
17.798950	0.640	257,640.000000
17.809617	0.640	262,407.000000
17.820283	0.640	261,557.000000
17.830950	0.640	258,743.000000
17.841617	0.640	261,183.000000
17.852283	0.640	268,162.000000
17.862950	0.640	274,211.000000
17.873617	0.640	276,035.000000
17.884283	0.640	274,241.000000
17.894950	0.640	272,994.000000
17.905617	0.640	276,033.000000
17.916283	0.640	283,353.000000
17.926950	0.640	291,786.000000
17.937617	0.640	297,220.000000
17.948283	0.640	299,221.000000
17.958950	0.640	302,706.000000
17.969617	0.640	310,692.000000
17.980283	0.640	318,984.000000
17.990950	0.640	322,767.000000
18.001617	0.640	324,529.000000
18.012283	0.640	330,648.000000
18.022950	0.640	342,053.000000
18.033617	0.640	352,713.000000
18.044283	0.640	357,435.000000
18.054950	0.640	358,294.000000
18.065617	0.640	361,860.000000
18.076283	0.640	371,548.000000
18.086950	0.640	387,911.000000
18.097617	0.640	413,962.000000
18.108283	0.640	449,886.000000
18.118950	0.640	490,606.000000
18.129617	0.640	541,610.000000
18.140283	0.640	624,858.000000
18.150950	0.640	760,337.000000
18.161617	0.640	952,645.000000
18.172283	0.640	1,204,880.000000
18.182950	0.640	1,546,250.000000
18.193617	0.640	2,029,938.000000
18.204283	0.640	2,703,406.000000
18.214950	0.640	3,614,264.000000
18.225617	0.640	4,858,206.000000
18.236283	0.640	6,615,309.000000
18.246950	0.640	9,153,961.000000
18.257617	0.640	12,833,218.000000
18.268283	0.640	18,082,588.000000
18.278950	0.640	25,259,459.000000
18.289617	0.640	34,420,672.000000
18.300283	0.640	45,084,641.000000
18.310950	0.640	55,978,843.000000
18.321617	0.640	65,124,671.000000
18.332283	0.640	70,519,604.000000
18.342950	0.640	70,867,556.000000
18.353617	0.640	65,958,466.000000
18.364283	0.640	56,808,932.000000
18.374950	0.640	45,389,360.000000
18.385617	0.640	33,840,695.000000
18.396283	0.640	23,702,540.000000
18.406950	0.640	15,698,427.000000
18.417617	0.640	9,936,192.000000
18.428283	0.640	6,117,577.000000
18.438950	0.640	3,744,522.000000
18.449617	0.640	2,337,709.000000
18.460283	0.640	1,535,462.000000
18.470950	0.640	1,097,044.000000
18.481617	0.640	882,340.000000
18.492283	0.640	816,371.000000
18.502950	0.640	861,408.000000
18.513617	0.640	1,004,722.000000
18.524283	0.640	1,245,470.000000
18.534950	0.640	1,591,665.000000
18.545617	0.640	2,076,577.000000
18.556283	0.640	2,771,072.000000
18.566950	0.640	3,793,967.000000
18.577617	0.640	5,320,421.000000
18.588283	0.640	7,557,913.000000
18.598950	0.640	10,691,605.000000
18.609617	0.640	14,777,289.000000
18.620283	0.640	19,594,212.000000
18.630950	0.640	24,555,635.000000
18.641617	0.640	28,757,715.000000
18.652283	0.640	31,232,972.000000
18.662950	0.640	31,340,196.000000
18.673617	0.640	29,053,414.000000
18.684283	0.640	24,932,322.000000
18.694950	0.640	19,836,244.000000
18.705617	0.640	14,663,168.000000
18.716283	0.640	10,140,841.000000
18.726950	0.640	6,638,817.000000
18.737617	0.640	4,169,410.000000
18.748283	0.640	2,551,642.000000
18.758950	0.640	1,556,501.000000
18.769617	0.640	972,399.000000
18.780283	0.640	630,222.000000
18.790950	0.640	424,361.000000
18.801617	0.640	301,924.000000
18.812283	0.640	227,509.000000
18.822950	0.640	177,059.000000
18.833617	0.640	143,846.000000
18.844283	0.640	126,479.000000
18.854950	0.640	119,701.000000
18.865617	0.640	118,485.000000
18.876283	0.640	120,751.000000
18.886950	0.640	124,920.000000
18.897617	0.640	131,576.000000
18.908283	0.640	144,026.000000
18.918950	0.640	163,737.000000
18.929617	0.640	191,247.000000
18.940283	0.640	227,242.000000
18.950950	0.640	272,573.000000
18.961617	0.640	333,341.000000
18.972283	0.640	416,720.000000
18.982950	0.640	524,457.000000
18.993617	0.640	664,332.000000
19.004283	0.640	858,527.000000
19.014950	0.640	1,134,538.000000
19.025617	0.640	1,525,561.000000
19.036283	0.640	2,075,295.000000
19.046950	0.640	2,819,938.000000
19.057617	0.640	3,763,911.000000
19.068283	0.640	4,861,584.000000
19.078950	0.640	6,002,134.000000
19.089617	0.640	7,014,494.000000
19.100283	0.640	7,703,278.000000
19.110950	0.640	7,918,489.000000
19.121617	0.640	7,618,121.000000
19.132283	0.640	6,860,044.000000
19.142950	0.640	5,771,231.000000
19.153617	0.640	4,541,414.000000
19.164283	0.640	3,369,474.000000
19.174950	0.640	2,379,569.000000
19.185617	0.640	1,610,435.000000
19.196283	0.640	1,056,469.000000
19.206950	0.640	687,855.000000
19.217617	0.640	456,395.000000
19.228283	0.640	313,767.000000
19.238950	0.640	227,914.000000
19.249617	0.640	179,095.000000
19.260283	0.640	151,591.000000
19.270950	0.640	134,936.000000
19.281617	0.640	124,357.000000
19.292283	0.640	117,981.000000
19.302950	0.640	114,897.000000
19.313617	0.640	113,092.000000
19.324283	0.640	110,947.000000
19.334950	0.640	109,882.000000
19.345617	0.640	110,233.000000
19.356283	0.640	109,795.000000
19.366950	0.640	108,631.000000
19.377617	0.640	108,059.000000
19.388283	0.640	108,187.000000
19.398950	0.640	109,357.000000
19.409617	0.640	112,115.000000
19.420283	0.640	115,695.000000
19.430950	0.640	118,637.000000
19.441617	0.640	122,187.000000
19.452283	0.640	128,795.000000
19.462950	0.640	137,009.000000
19.473617	0.640	142,931.000000
19.484283	0.640	145,414.000000
19.494950	0.640	146,678.000000
19.505617	0.640	148,559.000000
19.516283	0.640	150,421.000000
19.526950	0.640	149,768.000000
19.537617	0.640	145,300.000000
19.548283	0.640	138,828.000000
19.558950	0.640	132,414.000000
19.569617	0.640	127,460.000000
19.580283	0.640	123,941.000000
19.590950	0.640	120,325.000000
19.601617	0.640	118,031.000000
19.612283	0.640	119,304.000000
19.622950	0.640	123,138.000000
19.633617	0.640	127,988.000000
19.644283	0.640	133,553.000000
19.654950	0.640	140,221.000000
19.665617	0.640	147,706.000000
19.676283	0.640	155,108.000000
19.686950	0.640	163,076.000000
19.697617	0.640	172,993.000000
19.708283	0.640	184,274.000000
19.718950	0.640	194,811.000000
19.729617	0.640	204,117.000000
19.740283	0.640	214,635.000000
19.750950	0.640	230,297.000000
19.761617	0.640	252,752.000000
19.772283	0.640	279,976.000000
19.782950	0.640	313,375.000000
19.793617	0.640	361,167.000000
19.804283	0.640	428,781.000000
19.814950	0.640	510,483.000000
19.825617	0.640	597,702.000000
19.836283	0.640	692,700.000000
19.846950	0.640	799,755.000000
19.857617	0.640	910,317.000000
19.868283	0.640	1,011,043.000000
19.878950	0.640	1,091,641.000000
19.889617	0.640	1,142,002.000000
19.900283	0.640	1,156,220.000000
19.910950	0.640	1,135,201.000000
19.921617	0.640	1,078,707.000000
19.932283	0.640	987,353.000000
19.942950	0.640	875,909.000000
19.953617	0.640	761,402.000000
19.964283	0.640	645,645.000000
19.974950	0.640	530,647.000000
19.985617	0.640	428,212.000000
19.996283	0.640	345,464.000000
20.006950	0.640	279,317.000000
20.017617	0.640	224,673.000000
20.028283	0.640	180,124.000000
20.038950	0.640	146,112.000000
20.049617	0.640	121,428.000000
20.060283	0.640	103,812.000000
20.070950	0.640	92,890.000000
20.081617	0.640	87,777.000000
20.092283	0.640	83,679.000000
20.102950	0.640	78,321.000000
20.113617	0.640	75,305.000000
20.124283	0.640	75,535.000000
20.134950	0.640	75,679.000000
20.145617	0.640	76,195.000000
20.156283	0.640	79,908.000000
20.166950	0.640	84,994.000000
20.177617	0.640	88,596.000000
20.188283	0.640	92,516.000000
20.198950	0.640	97,999.000000
20.209617	0.640	101,219.000000
20.220283	0.640	99,441.000000
20.230950	0.640	94,680.000000
20.241617	0.640	89,368.000000
20.252283	0.640	84,457.000000
20.262950	0.640	79,800.000000
20.273617	0.640	74,089.000000
20.284283	0.640	67,785.000000
20.294950	0.640	63,488.000000
20.305617	0.640	60,960.000000
20.316283	0.640	57,155.000000
20.326950	0.640	51,508.000000
20.337617	0.640	46,864.000000
20.348283	0.640	45,699.000000
20.358950	0.640	47,320.000000
20.369617	0.640	49,750.000000
20.380283	0.640	51,895.000000
20.390950	0.640	52,760.000000
20.401617	0.640	51,708.000000
20.412283	0.640	49,406.000000
20.422950	0.640	47,499.000000
20.433617	0.640	47,140.000000
20.444283	0.640	47,402.000000
20.454950	0.640	46,489.000000
20.465617	0.640	44,934.000000
20.476283	0.640	44,930.000000
20.486950	0.640	46,295.000000
20.497617	0.640	46,901.000000
20.508283	0.640	46,372.000000
20.518950	0.640	46,015.000000
20.529617	0.640	46,147.000000
20.540283	0.640	45,929.000000
20.550950	0.640	45,511.000000
20.561617	0.640	45,417.000000
20.572283	0.640	44,954.000000
20.582950	0.640	44,299.000000
20.593617	0.640	45,070.000000
20.604283	0.640	46,928.000000
20.614950	0.640	47,373.000000
20.625617	0.640	46,175.000000
20.636283	0.640	45,964.000000
20.646950	0.640	47,819.000000
20.657617	0.640	50,733.000000
20.668283	0.640	54,036.000000
20.678950	0.640	57,338.000000
20.689617	0.640	60,359.000000
20.700283	0.640	64,135.000000
20.710950	0.640	69,837.000000
20.721617	0.640	76,195.000000
20.732283	0.640	82,332.000000
20.742950	0.640	90,824.000000
20.753617	0.640	103,446.000000
20.764283	0.640	118,109.000000
20.774950	0.640	132,998.000000
20.785617	0.640	149,688.000000
20.796283	0.640	170,545.000000
20.806950	0.640	198,609.000000
20.817617	0.640	238,490.000000
20.828283	0.640	289,673.000000
20.838950	0.640	348,068.000000
20.849617	0.640	417,866.000000
20.860283	0.640	506,872.000000
20.870950	0.640	612,402.000000
20.881617	0.640	720,976.000000
20.892283	0.640	822,885.000000
20.902950	0.640	919,510.000000
20.913617	0.640	1,004,319.000000
20.924283	0.640	1,057,113.000000
20.934950	0.640	1,069,518.000000
20.945617	0.640	1,051,154.000000
20.956283	0.640	1,012,880.000000
20.966950	0.640	961,524.000000
20.977617	0.640	901,988.000000
20.988283	0.640	837,694.000000
20.998950	0.640	776,813.000000
21.009617	0.640	735,152.000000
21.020283	0.640	725,888.000000
21.030950	0.640	751,618.000000
21.041617	0.640	809,652.000000
21.052283	0.640	898,983.000000
21.062950	0.640	1,018,814.000000
21.073617	0.640	1,167,635.000000
21.084283	0.640	1,350,689.000000
21.094950	0.640	1,582,143.000000
21.105617	0.640	1,869,857.000000
21.116283	0.640	2,213,238.000000
21.126950	0.640	2,627,972.000000
21.137617	0.640	3,138,293.000000
21.148283	0.640	3,736,351.000000
21.158950	0.640	4,380,774.000000
21.169617	0.640	5,024,442.000000
21.180283	0.640	5,618,550.000000
21.190950	0.640	6,102,839.000000
21.201617	0.640	6,411,408.000000
21.212283	0.640	6,497,493.000000
21.222950	0.640	6,357,379.000000
21.233617	0.640	6,018,582.000000
21.244283	0.640	5,507,681.000000
21.254950	0.640	4,854,971.000000
21.265617	0.640	4,119,338.000000
21.276283	0.640	3,371,243.000000
21.286950	0.640	2,662,104.000000
21.297617	0.640	2,032,335.000000
21.308283	0.640	1,513,760.000000
21.318950	0.640	1,108,665.000000
21.329617	0.640	798,190.000000
21.340283	0.640	566,016.000000
21.350950	0.640	399,701.000000
21.361617	0.640	286,618.000000
21.372283	0.640	214,012.000000
21.382950	0.640	168,242.000000
21.393617	0.640	137,888.000000
21.404283	0.640	117,905.000000
21.414950	0.640	107,460.000000
21.425617	0.640	104,829.000000
21.436283	0.640	107,220.000000
21.446950	0.640	111,837.000000
21.457617	0.640	115,864.000000
21.468283	0.640	118,484.000000
21.478950	0.640	119,567.000000
21.489617	0.640	117,849.000000
21.500283	0.640	114,194.000000
21.510950	0.640	111,419.000000
21.521617	0.640	109,603.000000
21.532283	0.640	104,909.000000
21.542950	0.640	94,936.000000
21.553617	0.640	83,917.000000
21.564283	0.640	76,722.000000
21.574950	0.640	71,849.000000
21.585617	0.640	66,362.000000
21.596283	0.640	60,095.000000
21.606950	0.640	53,971.000000
21.617617	0.640	49,503.000000
21.628283	0.640	47,721.000000
21.638950	0.640	47,731.000000
21.649617	0.640	47,630.000000
21.660283	0.640	46,832.000000
21.670950	0.640	46,001.000000
21.681617	0.640	45,180.000000
21.692283	0.640	44,973.000000
21.702950	0.640	45,982.000000
21.713617	0.640	46,462.000000
21.724283	0.640	45,125.000000
21.734950	0.640	43,168.000000
21.745617	0.640	42,148.000000
21.756283	0.640	42,527.000000
21.766950	0.640	43,450.000000
21.777617	0.640	44,082.000000
21.788283	0.640	45,152.000000
21.798950	0.640	47,579.000000
21.809617	0.640	50,449.000000
21.820283	0.640	51,487.000000
21.830950	0.640	49,904.000000
21.841617	0.640	47,673.000000
21.852283	0.640	46,499.000000
21.862950	0.640	46,247.000000
21.873617	0.640	46,727.000000
21.884283	0.640	47,695.000000
21.894950	0.640	48,441.000000
21.905617	0.640	48,970.000000
21.916283	0.640	49,956.000000
21.926950	0.640	51,131.000000
21.937617	0.640	51,229.000000
21.948283	0.640	50,112.000000
21.958950	0.640	48,546.000000
21.969617	0.640	46,727.000000
21.980283	0.640	45,759.000000
21.990950	0.640	47,057.000000
22.001617	0.640	49,834.000000
22.012283	0.640	52,415.000000
22.022950	0.640	53,739.000000
22.033617	0.640	53,267.000000
22.044283	0.640	51,810.000000
22.054950	0.640	50,967.000000
22.065617	0.640	51,181.000000
22.076283	0.640	51,867.000000
22.086950	0.640	53,048.000000
22.097617	0.640	54,713.000000
22.108283	0.640	55,356.000000
22.118950	0.640	54,869.000000
22.129617	0.640	55,606.000000
22.140283	0.640	58,236.000000
22.150950	0.640	62,057.000000
22.161617	0.640	66,646.000000
22.172283	0.640	70,407.000000
22.182950	0.640	72,911.000000
22.193617	0.640	76,923.000000
22.204283	0.640	84,910.000000
22.214950	0.640	95,886.000000
22.225617	0.640	107,516.000000
22.236283	0.640	120,695.000000
22.246950	0.640	138,307.000000
22.257617	0.640	159,900.000000
22.268283	0.640	182,606.000000
22.278950	0.640	208,131.000000
22.289617	0.640	242,938.000000
22.300283	0.640	287,957.000000
22.310950	0.640	337,844.000000
22.321617	0.640	392,055.000000
22.332283	0.640	456,851.000000
22.342950	0.640	539,709.000000
22.353617	0.640	643,980.000000
22.364283	0.640	769,879.000000
22.374950	0.640	922,112.000000
22.385617	0.640	1,109,515.000000
22.396283	0.640	1,343,532.000000
22.406950	0.640	1,639,712.000000
22.417617	0.640	2,011,872.000000
22.428283	0.640	2,463,808.000000
22.438950	0.640	2,993,713.000000
22.449617	0.640	3,606,372.000000
22.460283	0.640	4,294,101.000000
22.470950	0.640	5,023,632.000000
22.481617	0.640	5,768,815.000000
22.492283	0.640	6,501,776.000000
22.502950	0.640	7,153,604.000000
22.513617	0.640	7,644,265.000000
22.524283	0.640	7,925,320.000000
22.534950	0.640	7,978,153.000000
22.545617	0.640	7,808,019.000000
22.556283	0.640	7,428,006.000000
22.566950	0.640	6,852,536.000000
22.577617	0.640	6,122,638.000000
22.588283	0.640	5,307,956.000000
22.598950	0.640	4,474,269.000000
22.609617	0.640	3,661,462.000000
22.620283	0.640	2,899,736.000000
22.630950	0.640	2,226,257.000000
22.641617	0.640	1,666,421.000000
22.652283	0.640	1,220,640.000000
22.662950	0.640	876,332.000000
22.673617	0.640	619,064.000000
22.684283	0.640	433,757.000000
22.694950	0.640	304,438.000000
22.705617	0.640	216,512.000000
22.716283	0.640	157,611.000000
22.726950	0.640	118,050.000000
22.737617	0.640	91,766.000000
22.748283	0.640	75,035.000000
22.758950	0.640	65,265.000000
22.769617	0.640	60,349.000000
22.780283	0.640	57,448.000000
22.790950	0.640	54,441.000000
22.801617	0.640	52,419.000000
22.812283	0.640	52,508.000000
22.822950	0.640	52,958.000000
22.833617	0.640	52,718.000000
22.844283	0.640	52,146.000000
22.854950	0.640	51,158.000000
22.865617	0.640	50,484.000000
22.876283	0.640	51,356.000000
22.886950	0.640	54,117.000000
22.897617	0.640	58,463.000000
22.908283	0.640	63,308.000000
22.918950	0.640	67,530.000000
22.929617	0.640	72,811.000000
22.940283	0.640	82,702.000000
22.950950	0.640	97,663.000000
22.961617	0.640	115,534.000000
22.972283	0.640	136,210.000000
22.982950	0.640	162,083.000000
22.993617	0.640	196,448.000000
23.004283	0.640	241,998.000000
23.014950	0.640	297,743.000000
23.025617	0.640	363,190.000000
23.036283	0.640	446,141.000000
23.046950	0.640	555,701.000000
23.057617	0.640	694,896.000000
23.068283	0.640	868,082.000000
23.078950	0.640	1,082,948.000000
23.089617	0.640	1,350,735.000000
23.100283	0.640	1,694,870.000000
23.110950	0.640	2,147,024.000000
23.121617	0.640	2,741,118.000000
23.132283	0.640	3,522,987.000000
23.142950	0.640	4,553,674.000000
23.153617	0.640	5,900,486.000000
23.164283	0.640	7,628,319.000000
23.174950	0.640	9,769,469.000000
23.185617	0.640	12,261,504.000000
23.196283	0.640	14,940,045.000000
23.206950	0.640	17,598,789.000000
23.217617	0.640	19,977,172.000000
23.228283	0.640	21,737,511.000000
23.238950	0.640	22,576,298.000000
23.249617	0.640	22,338,361.000000
23.260283	0.640	21,037,898.000000
23.270950	0.640	18,852,989.000000
23.281617	0.640	16,083,063.000000
23.292283	0.640	13,061,900.000000
23.302950	0.640	10,097,463.000000
23.313617	0.640	7,442,494.000000
23.324283	0.640	5,250,844.000000
23.334950	0.640	3,562,478.000000
23.345617	0.640	2,338,782.000000
23.356283	0.640	1,501,111.000000
23.366950	0.640	958,317.000000
23.377617	0.640	621,278.000000
23.388283	0.640	414,910.000000
23.398950	0.640	290,586.000000
23.409617	0.640	218,496.000000
23.420283	0.640	176,131.000000
23.430950	0.640	150,821.000000
23.441617	0.640	137,379.000000
23.452283	0.640	128,917.000000
23.462950	0.640	118,857.000000
23.473617	0.640	107,907.000000
23.484283	0.640	100,377.000000
23.494950	0.640	96,231.000000
23.505617	0.640	92,563.000000
23.516283	0.640	89,550.000000
23.526950	0.640	88,243.000000
23.537617	0.640	87,592.000000
23.548283	0.640	87,283.000000
23.558950	0.640	87,464.000000
23.569617	0.640	87,644.000000
23.580283	0.640	87,638.000000
23.590950	0.640	86,533.000000
23.601617	0.640	82,977.000000
23.612283	0.640	77,534.000000
23.622950	0.640	72,639.000000
23.633617	0.640	69,382.000000
23.644283	0.640	66,455.000000
23.654950	0.640	63,672.000000
23.665617	0.640	62,153.000000
23.676283	0.640	60,566.000000
23.686950	0.640	57,566.000000
23.697617	0.640	55,300.000000
23.708283	0.640	55,895.000000
23.718950	0.640	58,700.000000
23.729617	0.640	61,617.000000
23.740283	0.640	63,456.000000
23.750950	0.640	65,229.000000
23.761617	0.640	67,205.000000
23.772283	0.640	67,006.000000
23.782950	0.640	64,080.000000
23.793617	0.640	61,955.000000
23.804283	0.640	63,459.000000
23.814950	0.640	67,301.000000
23.825617	0.640	70,178.000000
23.836283	0.640	69,636.000000
23.846950	0.640	66,145.000000
23.857617	0.640	62,809.000000
23.868283	0.640	61,081.000000
23.878950	0.640	59,709.000000
23.889617	0.640	58,334.000000
23.900283	0.640	57,912.000000
23.910950	0.640	58,391.000000
23.921617	0.640	59,281.000000
23.932283	0.640	60,795.000000
23.942950	0.640	62,323.000000
23.953617	0.640	63,099.000000
23.964283	0.640	63,793.000000
23.974950	0.640	65,049.000000
23.985617	0.640	67,586.000000
23.996283	0.640	72,423.000000
24.006950	0.640	78,177.000000
24.017617	0.640	80,911.000000
24.028283	0.640	78,709.000000
24.038950	0.640	74,237.000000
24.049617	0.640	71,065.000000
24.060283	0.640	69,789.000000
24.070950	0.640	67,904.000000
24.081617	0.640	63,351.000000
24.092283	0.640	58,982.000000
24.102950	0.640	59,015.000000
24.113617	0.640	61,979.000000
24.124283	0.640	63,574.000000
24.134950	0.640	63,216.000000
24.145617	0.640	62,670.000000
24.156283	0.640	62,303.000000
24.166950	0.640	62,184.000000
24.177617	0.640	63,193.000000
24.188283	0.640	65,038.000000
24.198950	0.640	66,542.000000
24.209617	0.640	67,295.000000
24.220283	0.640	67,226.000000
24.230950	0.640	67,585.000000
24.241617	0.640	69,702.000000
24.252283	0.640	71,496.000000
24.262950	0.640	71,729.000000
24.273617	0.640	73,444.000000
24.284283	0.640	77,648.000000
24.294950	0.640	81,768.000000
24.305617	0.640	85,708.000000
24.316283	0.640	91,463.000000
24.326950	0.640	98,169.000000
24.337617	0.640	103,409.000000
24.348283	0.640	107,987.000000
24.358950	0.640	115,726.000000
24.369617	0.640	130,524.000000
24.380283	0.640	157,250.000000
24.390950	0.640	206,990.000000
24.401617	0.640	297,394.000000
24.412283	0.640	447,306.000000
24.422950	0.640	683,286.000000
24.433617	0.640	1,053,020.000000
24.444283	0.640	1,628,790.000000
24.454950	0.640	2,514,084.000000
24.465617	0.640	3,879,335.000000
24.476283	0.640	6,033,823.000000
24.486950	0.640	9,478,897.000000
24.497617	0.640	14,856,594.000000
24.508283	0.640	22,650,666.000000
24.518950	0.640	32,513,545.000000
24.529617	0.640	42,688,954.000000
24.540283	0.640	50,347,154.000000
24.550950	0.640	52,832,274.000000
24.561617	0.640	49,075,627.000000
24.572283	0.640	40,298,713.000000
24.582950	0.640	29,363,614.000000
24.593617	0.640	19,196,903.000000
24.604283	0.640	11,525,123.000000
24.614950	0.640	6,608,870.000000
24.625617	0.640	3,793,570.000000
24.636283	0.640	2,257,207.000000
24.646950	0.640	1,408,341.000000
24.657617	0.640	915,088.000000
24.668283	0.640	614,439.000000
24.678950	0.640	425,985.000000
24.689617	0.640	305,171.000000
24.700283	0.640	228,550.000000
24.710950	0.640	182,465.000000
24.721617	0.640	155,231.000000
24.732283	0.640	138,949.000000
24.742950	0.640	130,828.000000
24.753617	0.640	129,438.000000
24.764283	0.640	132,826.000000
24.774950	0.640	139,207.000000
24.785617	0.640	147,724.000000
24.796283	0.640	158,141.000000
24.806950	0.640	168,700.000000
24.817617	0.640	178,460.000000
24.828283	0.640	191,183.000000
24.838950	0.640	209,329.000000
24.849617	0.640	229,421.000000
24.860283	0.640	250,383.000000
24.870950	0.640	276,955.000000
24.881617	0.640	310,733.000000
24.892283	0.640	351,275.000000
24.902950	0.640	405,595.000000
24.913617	0.640	485,752.000000
24.924283	0.640	608,521.000000
24.934950	0.640	802,764.000000
24.945617	0.640	1,116,476.000000
24.956283	0.640	1,660,751.000000
24.966950	0.640	2,710,267.000000
24.977617	0.640	4,760,470.000000
24.988283	0.640	8,307,542.000000
24.998950	0.640	13,180,002.000000
25.009617	0.640	17,907,455.000000
25.020283	0.640	20,223,493.000000
25.030950	0.640	18,789,981.000000
25.041617	0.640	14,432,203.000000
25.052283	0.640	9,421,802.000000
25.062950	0.640	5,626,458.000000
25.073617	0.640	3,496,663.000000
25.084283	0.640	2,489,002.000000
25.094950	0.640	1,941,884.000000
25.105617	0.640	1,514,221.000000
25.116283	0.640	1,140,134.000000
25.126950	0.640	839,963.000000
25.137617	0.640	619,551.000000
25.148283	0.640	464,374.000000
25.158950	0.640	356,397.000000
25.169617	0.640	279,286.000000
25.180283	0.640	220,547.000000
25.190950	0.640	178,021.000000
25.201617	0.640	152,719.000000
25.212283	0.640	137,767.000000
25.222950	0.640	125,235.000000
25.233617	0.640	113,946.000000
25.244283	0.640	106,101.000000
25.254950	0.640	102,117.000000
25.265617	0.640	99,201.000000
25.276283	0.640	95,076.000000
25.286950	0.640	91,171.000000
25.297617	0.640	89,132.000000
25.308283	0.640	88,197.000000
25.318950	0.640	87,670.000000
25.329617	0.640	87,147.000000
25.340283	0.640	85,525.000000
25.350950	0.640	83,650.000000
25.361617	0.640	84,044.000000
25.372283	0.640	85,759.000000
25.382950	0.640	85,131.000000
25.393617	0.640	81,881.000000
25.404283	0.640	79,779.000000
25.414950	0.640	81,167.000000
25.425617	0.640	83,812.000000
25.436283	0.640	85,559.000000
25.446950	0.640	87,196.000000
25.457617	0.640	88,829.000000
25.468283	0.640	90,117.000000
25.478950	0.640	91,631.000000
25.489617	0.640	92,267.000000
25.500283	0.640	90,620.000000
25.510950	0.640	88,208.000000
25.521617	0.640	87,692.000000
25.532283	0.640	90,312.000000
25.542950	0.640	95,068.000000
25.553617	0.640	98,635.000000
25.564283	0.640	98,527.000000
25.574950	0.640	95,873.000000
25.585617	0.640	93,095.000000
25.596283	0.640	91,095.000000
25.606950	0.640	89,061.000000
25.617617	0.640	86,465.000000
25.628283	0.640	84,191.000000
25.638950	0.640	82,653.000000
25.649617	0.640	81,824.000000
25.660283	0.640	82,765.000000
25.670950	0.640	85,359.000000
25.681617	0.640	86,594.000000
25.692283	0.640	85,366.000000
25.702950	0.640	84,169.000000
25.713617	0.640	83,128.000000
25.724283	0.640	80,928.000000
25.734950	0.640	79,381.000000
25.745617	0.640	79,924.000000
25.756283	0.640	81,424.000000
25.766950	0.640	82,380.000000
25.777617	0.640	82,328.000000
25.788283	0.640	82,975.000000
25.798950	0.640	86,514.000000
25.809617	0.640	91,945.000000
25.820283	0.640	95,295.000000
25.830950	0.640	95,001.000000
25.841617	0.640	95,111.000000
25.852283	0.640	99,655.000000
25.862950	0.640	106,548.000000
25.873617	0.640	111,520.000000
25.884283	0.640	114,971.000000
25.894950	0.640	120,961.000000
25.905617	0.640	131,353.000000
25.916283	0.640	144,264.000000
25.926950	0.640	157,844.000000
25.937617	0.640	170,342.000000
25.948283	0.640	177,112.000000
25.958950	0.640	174,823.000000
25.969617	0.640	167,080.000000
25.980283	0.640	161,983.000000
25.990950	0.640	166,491.000000
26.001617	0.640	184,046.000000
26.012283	0.640	220,009.000000
26.022950	0.640	292,790.000000
26.033617	0.640	444,258.000000
26.044283	0.640	766,653.000000
26.054950	0.640	1,456,418.000000
26.065617	0.640	2,805,908.000000
26.076283	0.640	4,967,065.000000
26.086950	0.640	7,505,965.000000
26.097617	0.640	9,245,951.000000
26.108283	0.640	9,001,738.000000
26.118950	0.640	6,755,030.000000
26.129617	0.640	3,821,994.000000
26.140283	0.640	1,636,877.000000
26.150950	0.640	623,386.000000
26.161617	0.640	334,950.000000
26.172283	0.640	257,767.000000
26.182950	0.640	196,546.000000
26.193617	0.640	146,994.000000
26.204283	0.640	120,351.000000
26.214950	0.640	108,837.000000
26.225617	0.640	104,844.000000
26.236283	0.640	104,165.000000
26.246950	0.640	103,210.000000
26.257617	0.640	102,411.000000
26.268283	0.640	103,233.000000
26.278950	0.640	103,314.000000
26.289617	0.640	101,148.000000
26.300283	0.640	98,188.000000
26.310950	0.640	94,970.000000
26.321617	0.640	91,671.000000
26.332283	0.640	90,073.000000
26.342950	0.640	91,083.000000
26.353617	0.640	93,356.000000
26.364283	0.640	96,074.000000
26.374950	0.640	99,335.000000
26.385617	0.640	101,914.000000
26.396283	0.640	102,681.000000
26.406950	0.640	103,042.000000
26.417617	0.640	105,109.000000
26.428283	0.640	110,313.000000
26.438950	0.640	120,667.000000
26.449617	0.640	139,554.000000
26.460283	0.640	169,818.000000
26.470950	0.640	211,128.000000
26.481617	0.640	262,465.000000
26.492283	0.640	319,262.000000
26.502950	0.640	361,738.000000
26.513617	0.640	360,023.000000
26.524283	0.640	303,496.000000
26.534950	0.640	218,014.000000
26.545617	0.640	144,450.000000
26.556283	0.640	105,237.000000
26.566950	0.640	94,125.000000
26.577617	0.640	92,900.000000
26.588283	0.640	92,604.000000
26.598950	0.640	94,147.000000
26.609617	0.640	96,965.000000
26.620283	0.640	97,944.000000
26.630950	0.640	96,746.000000
26.641617	0.640	95,668.000000
26.652283	0.640	95,757.000000
26.662950	0.640	96,937.000000
26.673617	0.640	99,939.000000
26.684283	0.640	104,093.000000
26.694950	0.640	108,036.000000
26.705617	0.640	112,717.000000
26.716283	0.640	119,022.000000
26.726950	0.640	126,687.000000
26.737617	0.640	134,310.000000
26.748283	0.640	138,469.000000
26.758950	0.640	139,025.000000
26.769617	0.640	141,223.000000
26.780283	0.640	148,768.000000
26.790950	0.640	161,496.000000
26.801617	0.640	175,917.000000
26.812283	0.640	187,501.000000
26.822950	0.640	204,859.000000
26.833617	0.640	254,882.000000
26.844283	0.640	355,984.000000
26.854950	0.640	485,581.000000
26.865617	0.640	583,748.000000
26.876283	0.640	598,091.000000
26.886950	0.640	530,674.000000
26.897617	0.640	440,310.000000
26.908283	0.640	394,591.000000
26.918950	0.640	408,005.000000
26.929617	0.640	425,504.000000
26.940283	0.640	392,140.000000
26.950950	0.640	324,685.000000
26.961617	0.640	275,202.000000
26.972283	0.640	259,503.000000
26.982950	0.640	260,989.000000
26.993617	0.640	267,985.000000
27.004283	0.640	279,168.000000
27.014950	0.640	300,228.000000
27.025617	0.640	357,061.000000
27.036283	0.640	476,216.000000
27.046950	0.640	610,377.000000
27.057617	0.640	645,850.000000
27.068283	0.640	556,534.000000
27.078950	0.640	458,244.000000
27.089617	0.640	442,683.000000
27.100283	0.640	474,161.000000
27.110950	0.640	491,987.000000
27.121617	0.640	503,254.000000
27.132283	0.640	542,292.000000
27.142950	0.640	612,067.000000
27.153617	0.640	691,818.000000
27.164283	0.640	764,717.000000
27.174950	0.640	830,144.000000
27.185617	0.640	899,750.000000
27.196283	0.640	977,145.000000
27.206950	0.640	1,061,391.000000
27.217617	0.640	1,181,494.000000
27.228283	0.640	1,422,862.000000
27.238950	0.640	2,008,427.000000
27.249617	0.640	3,551,329.000000
27.260283	0.640	6,693,609.000000
27.270950	0.640	10,253,495.000000
27.281617	0.640	10,993,977.000000
27.292283	0.640	7,677,651.000000
27.302950	0.640	3,249,113.000000
27.313617	0.640	825,399.000000
27.324283	0.640	385,129.000000
27.334950	0.640	463,566.000000
27.345617	0.640	396,808.000000
27.356283	0.640	288,626.000000
27.366950	0.640	267,126.000000
27.377617	0.640	290,814.000000
27.388283	0.640	292,885.000000
27.398950	0.640	273,764.000000
27.409617	0.640	271,863.000000
27.420283	0.640	293,941.000000
27.430950	0.640	301,483.000000
27.441617	0.640	271,779.000000
27.452283	0.640	232,874.000000
27.462950	0.640	218,601.000000
27.473617	0.640	227,984.000000
27.484283	0.640	240,320.000000
27.494950	0.640	250,075.000000
27.505617	0.640	279,665.000000
27.516283	0.640	343,674.000000
27.526950	0.640	400,427.000000
27.537617	0.640	388,071.000000
27.548283	0.640	318,137.000000
27.558950	0.640	265,380.000000
27.569617	0.640	268,646.000000
27.580283	0.640	305,485.000000
27.590950	0.640	340,425.000000
27.601617	0.640	357,003.000000
27.612283	0.640	365,146.000000
27.622950	0.640	388,589.000000
27.633617	0.640	438,595.000000
27.644283	0.640	515,823.000000
27.654950	0.640	626,626.000000
27.665617	0.640	755,164.000000
27.676283	0.640	835,980.000000
27.686950	0.640	804,388.000000
27.697617	0.640	656,863.000000
27.708283	0.640	447,269.000000
27.718950	0.640	259,239.000000
27.729617	0.640	164,214.000000
27.740283	0.640	190,592.000000
27.750950	0.640	356,830.000000
27.761617	0.640	636,391.000000
27.772283	0.640	839,638.000000
27.782950	0.640	755,340.000000
27.793617	0.640	455,450.000000
27.804283	0.640	202,959.000000
27.814950	0.640	110,717.000000
27.825617	0.640	104,966.000000
27.836283	0.640	107,821.000000
27.846950	0.640	104,937.000000
27.857617	0.640	103,103.000000
27.868283	0.640	102,196.000000
27.878950	0.640	100,558.000000
27.889617	0.640	100,254.000000
27.900283	0.640	102,062.000000
27.910950	0.640	103,652.000000
27.921617	0.640	103,392.000000
27.932283	0.640	102,282.000000
27.942950	0.640	102,643.000000
27.953617	0.640	106,517.000000
27.964283	0.640	117,391.000000
27.974950	0.640	138,865.000000
27.985617	0.640	165,250.000000
27.996283	0.640	182,917.000000
28.006950	0.640	186,850.000000
28.017617	0.640	185,025.000000
28.028283	0.640	185,788.000000
28.038950	0.640	190,187.000000
28.049617	0.640	196,911.000000
28.060283	0.640	206,663.000000
28.070950	0.640	215,978.000000
28.081617	0.640	214,503.000000
28.092283	0.640	196,385.000000
28.102950	0.640	167,966.000000
28.113617	0.640	141,378.000000
28.124283	0.640	124,736.000000
28.134950	0.640	117,045.000000
28.145617	0.640	112,226.000000
28.156283	0.640	108,024.000000
28.166950	0.640	106,590.000000
28.177617	0.640	109,619.000000
28.188283	0.640	118,358.000000
28.198950	0.640	134,216.000000
28.209617	0.640	156,162.000000
28.220283	0.640	176,857.000000
28.230950	0.640	183,261.000000
28.241617	0.640	168,923.000000
28.252283	0.640	143,876.000000
28.262950	0.640	123,533.000000
28.273617	0.640	113,048.000000
28.284283	0.640	109,379.000000
28.294950	0.640	109,557.000000
28.305617	0.640	110,765.000000
28.316283	0.640	109,486.000000
28.326950	0.640	105,337.000000
28.337617	0.640	102,805.000000
28.348283	0.640	107,235.000000
28.358950	0.640	119,611.000000
28.369617	0.640	132,837.000000
28.380283	0.640	135,686.000000
28.390950	0.640	125,150.000000
28.401617	0.640	109,242.000000
28.412283	0.640	97,592.000000
28.422950	0.640	94,376.000000
28.433617	0.640	96,821.000000
28.444283	0.640	100,029.000000
28.454950	0.640	103,154.000000
28.465617	0.640	108,257.000000
28.476283	0.640	115,118.000000
28.486950	0.640	119,245.000000
28.497617	0.640	117,446.000000
28.508283	0.640	113,870.000000
28.518950	0.640	114,481.000000
28.529617	0.640	119,105.000000
28.540283	0.640	124,911.000000
28.550950	0.640	132,358.000000
28.561617	0.640	143,004.000000
28.572283	0.640	156,854.000000
28.582950	0.640	177,829.000000
28.593617	0.640	217,982.000000
28.604283	0.640	279,982.000000
28.614950	0.640	330,779.000000
28.625617	0.640	321,905.000000
28.636283	0.640	249,748.000000
28.646950	0.640	163,919.000000
28.657617	0.640	107,793.000000
28.668283	0.640	82,095.000000
28.678950	0.640	67,709.000000
28.689617	0.640	54,825.000000
28.700283	0.640	44,903.000000
28.710950	0.640	46,736.000000
28.721617	0.640	68,486.000000
28.732283	0.640	90,427.000000
28.742950	0.640	79,183.000000
28.753617	0.640	44,141.000000
28.764283	0.640	21,492.000000
28.774950	0.640	18,105.000000
28.785617	0.640	18,846.000000
28.796283	0.640	17,327.000000
28.806950	0.640	16,379.000000
28.817617	0.640	16,639.000000
28.828283	0.640	15,682.000000
28.838950	0.640	13,670.000000
28.849617	0.640	12,393.000000
28.860283	0.640	11,898.000000
28.870950	0.640	11,504.000000
28.881617	0.640	10,535.000000
28.892283	0.640	8,966.000000
28.902950	0.640	8,165.000000
28.913617	0.640	8,508.000000
28.924283	0.640	8,477.000000
28.934950	0.640	7,789.000000
28.945617	0.640	7,793.000000
28.956283	0.640	8,172.000000
28.966950	0.640	7,807.000000
28.977617	0.640	7,339.000000
28.988283	0.640	7,091.000000
28.998950	0.640	6,903.000000
29.009617	0.640	7,599.000000
29.020283	0.640	8,169.000000
29.030950	0.640	6,541.000000
29.041617	0.640	4,337.000000
29.052283	0.640	4,117.000000
29.062950	0.640	4,715.000000
29.073617	0.640	4,520.000000
29.084283	0.640	4,540.000000
29.094950	0.640	5,819.000000
29.105617	0.640	7,244.000000
29.116283	0.640	7,047.000000
29.126950	0.640	5,641.000000
29.137617	0.640	4,819.000000
29.148283	0.640	4,688.000000
29.158950	0.640	4,316.000000
29.169617	0.640	3,771.000000
29.180283	0.640	3,873.000000
29.190950	0.640	4,610.000000
29.201617	0.640	4,506.000000
29.212283	0.640	3,279.000000
29.222950	0.640	2,586.000000
29.233617	0.640	2,652.000000
29.244283	0.640	2,786.000000
29.254950	0.640	3,573.000000
29.265617	0.640	4,635.000000
29.276283	0.640	4,654.000000
29.286950	0.640	4,331.000000
29.297617	0.640	4,920.000000
29.308283	0.640	5,672.000000
29.318950	0.640	5,335.000000
29.329617	0.640	4,384.000000
29.340283	0.640	4,428.000000
29.350950	0.640	5,689.000000
29.361617	0.640	6,493.000000
29.372283	0.640	5,741.000000
29.382950	0.640	4,302.000000
29.393617	0.640	3,865.000000
29.404283	0.640	5,003.000000
29.414950	0.640	5,833.000000
29.425617	0.640	4,552.000000
29.436283	0.640	2,880.000000
29.446950	0.640	2,600.000000
29.457617	0.640	2,303.000000
29.468283	0.640	1,108.000000
29.478950	0.640	348.000000
29.489617	0.640	786.000000
29.500283	0.640	1,368.000000
29.510950	0.640	776.000000
29.521617	0.640	-334.000000
29.532283	0.640	-165.000000
29.542950	0.640	922.000000
29.553617	0.640	1,049.000000
29.564283	0.640	382.000000
29.574950	0.640	669.000000
29.585617	0.640	1,918.000000
29.596283	0.640	2,481.000000
29.606950	0.640	2,086.000000
29.617617	0.640	2,140.000000
29.628283	0.640	2,954.000000
29.638950	0.640	2,950.000000
29.649617	0.640	1,455.000000
29.660283	0.640	309.000000
29.670950	0.640	1,050.000000
29.681617	0.640	2,427.000000
29.692283	0.640	2,366.000000
29.702950	0.640	811.000000
29.713617	0.640	-461.000000
29.724283	0.640	-505.000000
29.734950	0.640	-15.000000
29.745617	0.640	620.000000
29.756283	0.640	1,411.000000
29.766950	0.640	2,166.000000
29.777617	0.640	2,649.000000
29.788283	0.640	2,515.000000
29.798950	0.640	1,960.000000
29.809617	0.640	1,254.000000
29.820283	0.640	659.000000
29.830950	0.640	831.000000
29.841617	0.640	1,195.000000
29.852283	0.640	1,018.000000
29.862950	0.640	1,229.000000
29.873617	0.640	1,990.000000
29.884283	0.640	2,225.000000
29.894950	0.640	1,738.000000
29.905617	0.640	1,208.000000
29.916283	0.640	1,438.000000
29.926950	0.640	2,156.000000
29.937617	0.640	2,151.000000
29.948283	0.640	1,615.000000
29.958950	0.640	1,529.000000
29.969617	0.640	1,471.000000
29.980283	0.640	869.000000
29.990950	0.640	521.000000
30.001617	0.640	1,093.000000
