File Path	chrom://nnfcb-l0495/ChromeleonLocal/20180320_AA_Lars Nielsen samples Vienna_lbpet.seq/515.smp/Emission_2.channel/Emission_2.chm
Channel	Emission_2

Injection Information:
Data Vault	ChromeleonLocal
Injection	20180320_Lars Nielsen samples Vienna_dx20_BA12
Injection Number	25
Position	BA12
Comment	
Processing Method	20171024_Calculated with IS_lbpet
Instrument Method	20161104_AA_GeminiC18_FinalVer7
Type	Unknown
Status	Finished
Injection Date	21-03-2018
Injection Time	01:00:27
Injection Volume (µl)	56.500
Dilution Factor	1.0000
Weight	1.0000

Raw Data Information:
Time Min. (min)	0.007817
Time Max. (min)	30.005483
Data Points	2861
Detector	FLD
Exporting Data System	Chromeleon 7.1.2.1478
Operator	
Signal Quantity	
Signal Unit	counts
Signal Min.	-14,481.000000
Signal Max.	230,580,552.000000
Channel	Emission_2
Driver Name	FLD3000.dll
Channel Type	Evaluation
Min. Step (s)	0.010
Max. Step (s)	0.820
Average Step (s)	0.629

Signal Parameter Information:
Signal Info	266 nm /305 nm

Raw Data:
Time (min)	Step (s)	Value (counts)
0.007817	0.000	0.000000
0.021483	0.820	0.000000
0.032150	0.640	0.000000
0.042817	0.640	-670.000000
0.053483	0.640	1,110.000000
0.064150	0.640	5,183.000000
0.074817	0.640	8,015.000000
0.085483	0.640	7,012.000000
0.096150	0.640	4,117.000000
0.106817	0.640	3,324.000000
0.117483	0.640	5,086.000000
0.128150	0.640	8,250.000000
0.138817	0.640	11,455.000000
0.149483	0.640	11,766.000000
0.160150	0.640	9,271.000000
0.170817	0.640	8,524.000000
0.181483	0.640	10,661.000000
0.192150	0.640	10,814.000000
0.202817	0.640	6,932.000000
0.213483	0.640	2,180.000000
0.224150	0.640	549.000000
0.234817	0.640	4,527.000000
0.245483	0.640	9,581.000000
0.256150	0.640	9,629.000000
0.266817	0.640	7,276.000000
0.277483	0.640	5,848.000000
0.288150	0.640	5,008.000000
0.298817	0.640	5,278.000000
0.309483	0.640	4,797.000000
0.320150	0.640	2,243.000000
0.330817	0.640	1,440.000000
0.341483	0.640	3,237.000000
0.352150	0.640	4,179.000000
0.362817	0.640	3,744.000000
0.373483	0.640	2,191.000000
0.384150	0.640	-1,369.000000
0.394817	0.640	-3,776.000000
0.405483	0.640	-943.000000
0.416150	0.640	4,383.000000
0.426817	0.640	6,899.000000
0.437483	0.640	6,343.000000
0.448150	0.640	6,037.000000
0.458817	0.640	8,911.000000
0.469483	0.640	14,041.000000
0.480150	0.640	15,234.000000
0.490817	0.640	9,148.000000
0.501483	0.640	1,920.000000
0.512150	0.640	684.000000
0.522817	0.640	3,148.000000
0.533483	0.640	3,161.000000
0.544150	0.640	3,578.000000
0.554817	0.640	9,845.000000
0.565483	0.640	16,105.000000
0.576150	0.640	13,493.000000
0.586817	0.640	3,061.000000
0.597483	0.640	-5,689.000000
0.608150	0.640	-5,282.000000
0.618817	0.640	386.000000
0.629483	0.640	3,803.000000
0.640150	0.640	4,713.000000
0.650817	0.640	5,084.000000
0.661483	0.640	5,918.000000
0.672150	0.640	8,139.000000
0.682817	0.640	9,925.000000
0.693483	0.640	9,754.000000
0.704150	0.640	9,906.000000
0.714817	0.640	12,833.000000
0.725483	0.640	15,579.000000
0.736150	0.640	14,046.000000
0.746817	0.640	11,633.000000
0.757483	0.640	12,494.000000
0.768150	0.640	14,569.000000
0.778817	0.640	15,464.000000
0.789483	0.640	14,662.000000
0.800150	0.640	10,918.000000
0.810817	0.640	4,372.000000
0.821483	0.640	-167.000000
0.832150	0.640	921.000000
0.842817	0.640	3,743.000000
0.853483	0.640	3,943.000000
0.864150	0.640	2,766.000000
0.874817	0.640	1,635.000000
0.885483	0.640	191.000000
0.896150	0.640	571.000000
0.906817	0.640	3,577.000000
0.917483	0.640	4,480.000000
0.928150	0.640	1,842.000000
0.938817	0.640	457.000000
0.949483	0.640	1,862.000000
0.960150	0.640	3,890.000000
0.970817	0.640	5,581.000000
0.981483	0.640	5,537.000000
0.992150	0.640	1,891.000000
1.002817	0.640	-2,262.000000
1.013483	0.640	810.000000
1.024150	0.640	9,699.000000
1.034817	0.640	12,913.000000
1.045483	0.640	8,958.000000
1.056150	0.640	6,381.000000
1.066817	0.640	7,232.000000
1.077483	0.640	7,783.000000
1.088150	0.640	6,361.000000
1.098817	0.640	4,238.000000
1.109483	0.640	3,900.000000
1.120150	0.640	4,940.000000
1.130817	0.640	3,569.000000
1.141483	0.640	-1,003.000000
1.152150	0.640	-5,719.000000
1.162817	0.640	-7,432.000000
1.173483	0.640	-4,157.000000
1.184150	0.640	1,114.000000
1.194817	0.640	1,951.000000
1.205483	0.640	-1,112.000000
1.216150	0.640	-2,088.000000
1.226817	0.640	166.000000
1.237483	0.640	3,462.000000
1.248150	0.640	5,634.000000
1.258817	0.640	4,163.000000
1.269483	0.640	1,143.000000
1.280150	0.640	1,338.000000
1.290817	0.640	3,077.000000
1.301483	0.640	2,279.000000
1.312150	0.640	873.000000
1.322817	0.640	2,071.000000
1.333483	0.640	4,487.000000
1.344150	0.640	4,476.000000
1.354817	0.640	681.000000
1.365483	0.640	-3,491.000000
1.376150	0.640	-4,308.000000
1.386817	0.640	-2,780.000000
1.397483	0.640	-1,542.000000
1.408150	0.640	-1,300.000000
1.418817	0.640	-984.000000
1.429483	0.640	1,361.000000
1.440150	0.640	7,279.000000
1.450817	0.640	14,494.000000
1.461483	0.640	16,764.000000
1.472150	0.640	12,891.000000
1.482817	0.640	6,844.000000
1.493483	0.640	-102.000000
1.504150	0.640	-4,430.000000
1.514817	0.640	-425.000000
1.525483	0.640	7,967.000000
1.536150	0.640	10,235.000000
1.546817	0.640	5,084.000000
1.557483	0.640	2,979.000000
1.568150	0.640	9,695.000000
1.578817	0.640	16,447.000000
1.589483	0.640	15,512.000000
1.600150	0.640	11,100.000000
1.610817	0.640	7,085.000000
1.621483	0.640	2,793.000000
1.632150	0.640	657.000000
1.642817	0.640	3,734.000000
1.653483	0.640	8,866.000000
1.664150	0.640	11,000.000000
1.674817	0.640	11,092.000000
1.685483	0.640	11,174.000000
1.696150	0.640	9,187.000000
1.706817	0.640	5,691.000000
1.717483	0.640	4,432.000000
1.728150	0.640	5,489.000000
1.738817	0.640	6,645.000000
1.749483	0.640	6,377.000000
1.760150	0.640	3,671.000000
1.770817	0.640	2,025.000000
1.781483	0.640	6,581.000000
1.792150	0.640	13,346.000000
1.802817	0.640	14,851.000000
1.813483	0.640	13,107.000000
1.824150	0.640	12,944.000000
1.834817	0.640	11,824.000000
1.845483	0.640	6,496.000000
1.856150	0.640	-209.000000
1.866817	0.640	-3,457.000000
1.877483	0.640	-718.000000
1.888150	0.640	5,546.000000
1.898817	0.640	9,040.000000
1.909483	0.640	7,927.000000
1.920150	0.640	6,864.000000
1.930817	0.640	8,818.000000
1.941483	0.640	10,763.000000
1.952150	0.640	8,953.000000
1.962817	0.640	5,248.000000
1.973483	0.640	3,717.000000
1.984150	0.640	4,034.000000
1.994817	0.640	4,261.000000
2.005483	0.640	4,819.000000
2.016150	0.640	7,175.000000
2.026817	0.640	12,352.000000
2.037483	0.640	18,393.000000
2.048150	0.640	20,459.000000
2.058817	0.640	16,446.000000
2.069483	0.640	9,819.000000
2.080150	0.640	5,955.000000
2.090817	0.640	6,453.000000
2.101483	0.640	8,354.000000
2.112150	0.640	9,427.000000
2.122817	0.640	10,022.000000
2.133483	0.640	9,790.000000
2.144150	0.640	8,263.000000
2.154817	0.640	6,078.000000
2.165483	0.640	3,338.000000
2.176150	0.640	370.000000
2.186817	0.640	-1,779.000000
2.197483	0.640	-2,072.000000
2.208150	0.640	-145.000000
2.218817	0.640	1,987.000000
2.229483	0.640	1,287.000000
2.240150	0.640	-1,231.000000
2.250817	0.640	-319.000000
2.261483	0.640	6,692.000000
2.272150	0.640	16,646.000000
2.282817	0.640	24,654.000000
2.293483	0.640	29,212.000000
2.304150	0.640	30,370.000000
2.314817	0.640	26,252.000000
2.325483	0.640	19,916.000000
2.336150	0.640	18,344.000000
2.346817	0.640	19,792.000000
2.357483	0.640	18,293.000000
2.368150	0.640	14,102.000000
2.378817	0.640	9,188.000000
2.389483	0.640	4,600.000000
2.400150	0.640	3,960.000000
2.410817	0.640	8,964.000000
2.421483	0.640	14,398.000000
2.432150	0.640	14,585.000000
2.442817	0.640	11,435.000000
2.453483	0.640	10,161.000000
2.464150	0.640	11,231.000000
2.474817	0.640	13,541.000000
2.485483	0.640	16,922.000000
2.496150	0.640	17,362.000000
2.506817	0.640	11,620.000000
2.517483	0.640	4,660.000000
2.528150	0.640	2,274.000000
2.538817	0.640	3,383.000000
2.549483	0.640	4,586.000000
2.560150	0.640	4,887.000000
2.570817	0.640	5,359.000000
2.581483	0.640	6,835.000000
2.592150	0.640	10,051.000000
2.602817	0.640	15,053.000000
2.613483	0.640	17,008.000000
2.624150	0.640	12,212.000000
2.634817	0.640	6,202.000000
2.645483	0.640	5,519.000000
2.656150	0.640	8,391.000000
2.666817	0.640	8,880.000000
2.677483	0.640	5,556.000000
2.688150	0.640	3,016.000000
2.698817	0.640	4,489.000000
2.709483	0.640	7,230.000000
2.720150	0.640	7,914.000000
2.730817	0.640	8,655.000000
2.741483	0.640	13,887.000000
2.752150	0.640	20,077.000000
2.762817	0.640	16,585.000000
2.773483	0.640	3,399.000000
2.784150	0.640	-6,127.000000
2.794817	0.640	-4,313.000000
2.805483	0.640	3,819.000000
2.816150	0.640	9,376.000000
2.826817	0.640	9,178.000000
2.837483	0.640	7,784.000000
2.848150	0.640	7,341.000000
2.858817	0.640	5,680.000000
2.869483	0.640	4,518.000000
2.880150	0.640	5,831.000000
2.890817	0.640	8,219.000000
2.901483	0.640	10,062.000000
2.912150	0.640	10,966.000000
2.922817	0.640	13,379.000000
2.933483	0.640	16,847.000000
2.944150	0.640	14,682.000000
2.954817	0.640	6,441.000000
2.965483	0.640	1,350.000000
2.976150	0.640	4,735.000000
2.986817	0.640	11,690.000000
2.997483	0.640	14,697.000000
3.008150	0.640	12,811.000000
3.018817	0.640	9,855.000000
3.029483	0.640	6,931.000000
3.040150	0.640	4,003.000000
3.050817	0.640	3,282.000000
3.061483	0.640	4,176.000000
3.072150	0.640	4,038.000000
3.082817	0.640	5,312.000000
3.093483	0.640	9,300.000000
3.104150	0.640	11,364.000000
3.114817	0.640	10,932.000000
3.125483	0.640	10,758.000000
3.136150	0.640	9,239.000000
3.146817	0.640	5,854.000000
3.157483	0.640	4,768.000000
3.168150	0.640	8,085.000000
3.178817	0.640	12,064.000000
3.189483	0.640	12,289.000000
3.200150	0.640	9,253.000000
3.210817	0.640	6,056.000000
3.221483	0.640	5,241.000000
3.232150	0.640	7,817.000000
3.242817	0.640	9,766.000000
3.253483	0.640	7,279.000000
3.264150	0.640	5,478.000000
3.274817	0.640	7,935.000000
3.285483	0.640	9,963.000000
3.296150	0.640	10,096.000000
3.306817	0.640	9,909.000000
3.317483	0.640	9,493.000000
3.328150	0.640	9,395.000000
3.338817	0.640	7,404.000000
3.349483	0.640	2,178.000000
3.360150	0.640	-2,054.000000
3.370817	0.640	-2,029.000000
3.381483	0.640	3,149.000000
3.392150	0.640	11,860.000000
3.402817	0.640	16,342.000000
3.413483	0.640	12,836.000000
3.424150	0.640	6,638.000000
3.434817	0.640	1,513.000000
3.445483	0.640	526.000000
3.456150	0.640	5,463.000000
3.466817	0.640	9,594.000000
3.477483	0.640	6,817.000000
3.488150	0.640	1,107.000000
3.498817	0.640	-420.000000
3.509483	0.640	2,281.000000
3.520150	0.640	5,143.000000
3.530817	0.640	6,273.000000
3.541483	0.640	3,816.000000
3.552150	0.640	492.000000
3.562817	0.640	3,195.000000
3.573483	0.640	8,831.000000
3.584150	0.640	8,508.000000
3.594817	0.640	4,198.000000
3.605483	0.640	3,423.000000
3.616150	0.640	4,674.000000
3.626817	0.640	2,638.000000
3.637483	0.640	-589.000000
3.648150	0.640	-501.000000
3.658817	0.640	2,339.000000
3.669483	0.640	6,712.000000
3.680150	0.640	12,944.000000
3.690817	0.640	16,378.000000
3.701483	0.640	11,535.000000
3.712150	0.640	2,823.000000
3.722817	0.640	-377.000000
3.733483	0.640	4,203.000000
3.744150	0.640	9,451.000000
3.754817	0.640	9,690.000000
3.765483	0.640	7,715.000000
3.776150	0.640	7,402.000000
3.786817	0.640	8,963.000000
3.797483	0.640	9,144.000000
3.808150	0.640	5,703.000000
3.818817	0.640	3,783.000000
3.829483	0.640	7,322.000000
3.840150	0.640	10,579.000000
3.850817	0.640	7,847.000000
3.861483	0.640	2,518.000000
3.872150	0.640	-613.000000
3.882817	0.640	-3,160.000000
3.893483	0.640	-7,001.000000
3.904150	0.640	-10,101.000000
3.914817	0.640	-9,675.000000
3.925483	0.640	-3,578.000000
3.936150	0.640	6,740.000000
3.946817	0.640	14,751.000000
3.957483	0.640	16,839.000000
3.968150	0.640	15,458.000000
3.978817	0.640	12,478.000000
3.989483	0.640	8,015.000000
4.000150	0.640	3,271.000000
4.010817	0.640	1,844.000000
4.021483	0.640	5,727.000000
4.032150	0.640	10,603.000000
4.042817	0.640	12,466.000000
4.053483	0.640	11,558.000000
4.064150	0.640	7,843.000000
4.074817	0.640	1,676.000000
4.085483	0.640	-2,897.000000
4.096150	0.640	-125.000000
4.106817	0.640	8,401.000000
4.117483	0.640	13,035.000000
4.128150	0.640	10,852.000000
4.138817	0.640	8,238.000000
4.149483	0.640	8,105.000000
4.160150	0.640	7,927.000000
4.170817	0.640	7,194.000000
4.181483	0.640	9,345.000000
4.192150	0.640	14,518.000000
4.202817	0.640	15,818.000000
4.213483	0.640	11,738.000000
4.224150	0.640	8,995.000000
4.234817	0.640	8,121.000000
4.245483	0.640	6,525.000000
4.256150	0.640	7,059.000000
4.266817	0.640	8,256.000000
4.277483	0.640	4,524.000000
4.288150	0.640	-1,547.000000
4.298817	0.640	-4,040.000000
4.309483	0.640	-2,477.000000
4.320150	0.640	-157.000000
4.330817	0.640	396.000000
4.341483	0.640	854.000000
4.352150	0.640	1,080.000000
4.362817	0.640	-2,209.000000
4.373483	0.640	-5,673.000000
4.384150	0.640	-4,203.000000
4.394817	0.640	-1,208.000000
4.405483	0.640	-443.000000
4.416150	0.640	409.000000
4.426817	0.640	1,851.000000
4.437483	0.640	1,767.000000
4.448150	0.640	-22.000000
4.458817	0.640	-2,753.000000
4.469483	0.640	-3,094.000000
4.480150	0.640	2,401.000000
4.490817	0.640	9,566.000000
4.501483	0.640	11,484.000000
4.512150	0.640	8,367.000000
4.522817	0.640	6,341.000000
4.533483	0.640	9,599.000000
4.544150	0.640	13,744.000000
4.554817	0.640	10,755.000000
4.565483	0.640	3,831.000000
4.576150	0.640	4,217.000000
4.586817	0.640	9,360.000000
4.597483	0.640	6,336.000000
4.608150	0.640	-1,944.000000
4.618817	0.640	-3,187.000000
4.629483	0.640	297.000000
4.640150	0.640	285.000000
4.650817	0.640	-2,501.000000
4.661483	0.640	-4,160.000000
4.672150	0.640	-2,840.000000
4.682817	0.640	1,221.000000
4.693483	0.640	4,973.000000
4.704150	0.640	5,633.000000
4.714817	0.640	4,293.000000
4.725483	0.640	3,266.000000
4.736150	0.640	2,875.000000
4.746817	0.640	3,161.000000
4.757483	0.640	4,470.000000
4.768150	0.640	6,870.000000
4.778817	0.640	9,950.000000
4.789483	0.640	10,552.000000
4.800150	0.640	6,013.000000
4.810817	0.640	655.000000
4.821483	0.640	-543.000000
4.832150	0.640	452.000000
4.842817	0.640	1,432.000000
4.853483	0.640	2,564.000000
4.864150	0.640	2,645.000000
4.874817	0.640	2,072.000000
4.885483	0.640	1,215.000000
4.896150	0.640	-2,315.000000
4.906817	0.640	-6,860.000000
4.917483	0.640	-7,445.000000
4.928150	0.640	-4,225.000000
4.938817	0.640	-156.000000
4.949483	0.640	4,425.000000
4.960150	0.640	10,341.000000
4.970817	0.640	23,501.000000
4.981483	0.640	57,119.000000
4.992150	0.640	112,403.000000
5.002817	0.640	165,067.000000
5.013483	0.640	190,159.000000
5.024150	0.640	189,241.000000
5.034817	0.640	176,719.000000
5.045483	0.640	159,190.000000
5.056150	0.640	139,978.000000
5.066817	0.640	122,155.000000
5.077483	0.640	105,139.000000
5.088150	0.640	88,594.000000
5.098817	0.640	75,741.000000
5.109483	0.640	66,934.000000
5.120150	0.640	54,837.000000
5.130817	0.640	37,782.000000
5.141483	0.640	25,473.000000
5.152150	0.640	21,324.000000
5.162817	0.640	18,308.000000
5.173483	0.640	12,896.000000
5.184150	0.640	8,329.000000
5.194817	0.640	7,197.000000
5.205483	0.640	6,944.000000
5.216150	0.640	3,939.000000
5.226817	0.640	1,063.000000
5.237483	0.640	2,422.000000
5.248150	0.640	2,931.000000
5.258817	0.640	-735.000000
5.269483	0.640	-1,368.000000
5.280150	0.640	2,028.000000
5.290817	0.640	1,320.000000
5.301483	0.640	-3,909.000000
5.312150	0.640	-7,299.000000
5.322817	0.640	-7,143.000000
5.333483	0.640	-6,676.000000
5.344150	0.640	-8,238.000000
5.354817	0.640	-10,175.000000
5.365483	0.640	-9,188.000000
5.376150	0.640	-5,038.000000
5.386817	0.640	-760.000000
5.397483	0.640	2,048.000000
5.408150	0.640	3,195.000000
5.418817	0.640	889.000000
5.429483	0.640	-4,352.000000
5.440150	0.640	-6,344.000000
5.450817	0.640	-1,584.000000
5.461483	0.640	3,932.000000
5.472150	0.640	4,624.000000
5.482817	0.640	1,762.000000
5.493483	0.640	-2,693.000000
5.504150	0.640	-6,023.000000
5.514817	0.640	-5,296.000000
5.525483	0.640	-2,608.000000
5.536150	0.640	-1,235.000000
5.546817	0.640	-1,472.000000
5.557483	0.640	-2,068.000000
5.568150	0.640	-1,070.000000
5.578817	0.640	1,316.000000
5.589483	0.640	2,489.000000
5.600150	0.640	1,267.000000
5.610817	0.640	-2,459.000000
5.621483	0.640	-8,783.000000
5.632150	0.640	-14,481.000000
5.642817	0.640	-13,033.000000
5.653483	0.640	-4,014.000000
5.664150	0.640	3,276.000000
5.674817	0.640	2,460.000000
5.685483	0.640	-1,806.000000
5.696150	0.640	-3,110.000000
5.706817	0.640	-2,079.000000
5.717483	0.640	-1,818.000000
5.728150	0.640	-2,469.000000
5.738817	0.640	-4,399.000000
5.749483	0.640	-8,280.000000
5.760150	0.640	-10,936.000000
5.770817	0.640	-9,141.000000
5.781483	0.640	-4,214.000000
5.792150	0.640	2,193.000000
5.802817	0.640	9,861.000000
5.813483	0.640	14,597.000000
5.824150	0.640	11,971.000000
5.834817	0.640	6,123.000000
5.845483	0.640	3,787.000000
5.856150	0.640	5,894.000000
5.866817	0.640	8,860.000000
5.877483	0.640	8,969.000000
5.888150	0.640	6,023.000000
5.898817	0.640	1,513.000000
5.909483	0.640	-1,534.000000
5.920150	0.640	335.000000
5.930817	0.640	3,590.000000
5.941483	0.640	3,136.000000
5.952150	0.640	401.000000
5.962817	0.640	-2,413.000000
5.973483	0.640	-4,740.000000
5.984150	0.640	-4,275.000000
5.994817	0.640	688.000000
6.005483	0.640	6,026.000000
6.016150	0.640	6,010.000000
6.026817	0.640	2,233.000000
6.037483	0.640	-807.000000
6.048150	0.640	-1,817.000000
6.058817	0.640	308.000000
6.069483	0.640	2,960.000000
6.080150	0.640	642.000000
6.090817	0.640	-3,739.000000
6.101483	0.640	-2,638.000000
6.112150	0.640	4,734.000000
6.122817	0.640	12,521.000000
6.133483	0.640	13,594.000000
6.144150	0.640	6,941.000000
6.154817	0.640	637.000000
6.165483	0.640	387.000000
6.176150	0.640	1,727.000000
6.186817	0.640	393.000000
6.197483	0.640	-878.000000
6.208150	0.640	638.000000
6.218817	0.640	2,274.000000
6.229483	0.640	1,381.000000
6.240150	0.640	259.000000
6.250817	0.640	638.000000
6.261483	0.640	1,282.000000
6.272150	0.640	1,881.000000
6.282817	0.640	1,287.000000
6.293483	0.640	-2,079.000000
6.304150	0.640	-4,457.000000
6.314817	0.640	-1,864.000000
6.325483	0.640	1,665.000000
6.336150	0.640	966.000000
6.346817	0.640	-2,566.000000
6.357483	0.640	-4,785.000000
6.368150	0.640	-4,531.000000
6.378817	0.640	-5,023.000000
6.389483	0.640	-7,943.000000
6.400150	0.640	-8,596.000000
6.410817	0.640	-2,629.000000
6.421483	0.640	5,116.000000
6.432150	0.640	5,103.000000
6.442817	0.640	-1,783.000000
6.453483	0.640	-4,879.000000
6.464150	0.640	-937.000000
6.474817	0.640	4,558.000000
6.485483	0.640	7,429.000000
6.496150	0.640	5,393.000000
6.506817	0.640	-746.000000
6.517483	0.640	-4,401.000000
6.528150	0.640	-899.000000
6.538817	0.640	4,360.000000
6.549483	0.640	4,189.000000
6.560150	0.640	2,108.000000
6.570817	0.640	4,022.000000
6.581483	0.640	6,811.000000
6.592150	0.640	7,759.000000
6.602817	0.640	8,271.000000
6.613483	0.640	5,700.000000
6.624150	0.640	-78.000000
6.634817	0.640	-2,873.000000
6.645483	0.640	-2,235.000000
6.656217	0.644	-3,320.000000
6.666817	0.636	-5,825.000000
6.677483	0.640	-5,654.000000
6.688150	0.640	-2,396.000000
6.698817	0.640	2,191.000000
6.709483	0.640	5,745.000000
6.720150	0.640	6,177.000000
6.730817	0.640	7,141.000000
6.741483	0.640	11,744.000000
6.752150	0.640	14,287.000000
6.762817	0.640	10,982.000000
6.773483	0.640	5,598.000000
6.784150	0.640	1,966.000000
6.794817	0.640	1,963.000000
6.805483	0.640	2,847.000000
6.816150	0.640	-215.000000
6.826817	0.640	-3,740.000000
6.837483	0.640	-1,741.000000
6.848150	0.640	3,883.000000
6.858817	0.640	7,087.000000
6.869483	0.640	3,763.000000
6.880150	0.640	-3,751.000000
6.890817	0.640	-7,680.000000
6.901483	0.640	-5,697.000000
6.912150	0.640	-3,531.000000
6.922817	0.640	-2,409.000000
6.933483	0.640	1,368.000000
6.944150	0.640	3,449.000000
6.954817	0.640	-1,124.000000
6.965483	0.640	-5,657.000000
6.976150	0.640	-4,249.000000
6.986817	0.640	-1,112.000000
6.997483	0.640	-1,208.000000
7.008150	0.640	-3,456.000000
7.018817	0.640	-4,209.000000
7.029483	0.640	-3,341.000000
7.040150	0.640	-2,716.000000
7.050817	0.640	-1,848.000000
7.061483	0.640	-1,807.000000
7.072150	0.640	-4,133.000000
7.082817	0.640	-4,849.000000
7.093483	0.640	-1,375.000000
7.104150	0.640	1,753.000000
7.114817	0.640	-149.000000
7.125483	0.640	-5,847.000000
7.136150	0.640	-9,089.000000
7.146817	0.640	-6,294.000000
7.157483	0.640	-2,040.000000
7.168150	0.640	-1,211.000000
7.178817	0.640	-2,081.000000
7.189483	0.640	-1,823.000000
7.200150	0.640	-60.000000
7.210817	0.640	3,231.000000
7.221483	0.640	6,504.000000
7.232150	0.640	7,139.000000
7.242817	0.640	5,307.000000
7.253483	0.640	3,090.000000
7.264150	0.640	1,533.000000
7.274817	0.640	-453.000000
7.285483	0.640	-3,296.000000
7.296150	0.640	-3,880.000000
7.306817	0.640	-1,090.000000
7.317483	0.640	1,554.000000
7.328150	0.640	2,067.000000
7.338817	0.640	1,412.000000
7.349483	0.640	1,267.000000
7.360150	0.640	3,405.000000
7.370817	0.640	5,210.000000
7.381483	0.640	1,597.000000
7.392150	0.640	-4,601.000000
7.402817	0.640	-7,255.000000
7.413483	0.640	-6,850.000000
7.424150	0.640	-5,575.000000
7.434817	0.640	-3,546.000000
7.445483	0.640	-1,723.000000
7.456150	0.640	-1,499.000000
7.466817	0.640	-2,947.000000
7.477483	0.640	-4,833.000000
7.488150	0.640	-6,201.000000
7.498817	0.640	-6,481.000000
7.509483	0.640	-4,304.000000
7.520150	0.640	-314.000000
7.530817	0.640	2,460.000000
7.541483	0.640	2,699.000000
7.552150	0.640	1,313.000000
7.562817	0.640	259.000000
7.573483	0.640	78.000000
7.584150	0.640	-1,052.000000
7.594817	0.640	-3,446.000000
7.605483	0.640	-4,799.000000
7.616150	0.640	-2,363.000000
7.626817	0.640	3,334.000000
7.637483	0.640	6,935.000000
7.648150	0.640	5,255.000000
7.658817	0.640	2,093.000000
7.669483	0.640	1,970.000000
7.680150	0.640	2,730.000000
7.690817	0.640	-343.000000
7.701483	0.640	-5,105.000000
7.712150	0.640	-5,539.000000
7.722817	0.640	-1,734.000000
7.733483	0.640	464.000000
7.744150	0.640	-588.000000
7.754817	0.640	522.000000
7.765483	0.640	5,017.000000
7.776150	0.640	7,085.000000
7.786817	0.640	4,991.000000
7.797483	0.640	1,760.000000
7.808150	0.640	-397.000000
7.818817	0.640	-722.000000
7.829483	0.640	-1,300.000000
7.840150	0.640	-4,335.000000
7.850817	0.640	-7,273.000000
7.861483	0.640	-6,496.000000
7.872150	0.640	-3,247.000000
7.882817	0.640	-865.000000
7.893483	0.640	-539.000000
7.904150	0.640	-1,354.000000
7.914817	0.640	-305.000000
7.925483	0.640	2,519.000000
7.936150	0.640	1,955.000000
7.946817	0.640	-2,651.000000
7.957483	0.640	-6,128.000000
7.968150	0.640	-6,456.000000
7.978817	0.640	-6,341.000000
7.989483	0.640	-7,244.000000
8.000150	0.640	-6,470.000000
8.010817	0.640	-1,446.000000
8.021483	0.640	4,511.000000
8.032150	0.640	5,423.000000
8.042817	0.640	1,902.000000
8.053483	0.640	-1,121.000000
8.064150	0.640	-2,581.000000
8.074817	0.640	-2,244.000000
8.085483	0.640	311.000000
8.096150	0.640	1,353.000000
8.106817	0.640	959.000000
8.117483	0.640	4,938.000000
8.128150	0.640	11,116.000000
8.138817	0.640	11,309.000000
8.149483	0.640	5,446.000000
8.160150	0.640	-296.000000
8.170817	0.640	-2,303.000000
8.181483	0.640	-810.000000
8.192150	0.640	575.000000
8.202817	0.640	-407.000000
8.213483	0.640	73.000000
8.224150	0.640	4,845.000000
8.234817	0.640	7,921.000000
8.245483	0.640	2,571.000000
8.256150	0.640	-6,553.000000
8.266817	0.640	-10,225.000000
8.277483	0.640	-7,318.000000
8.288150	0.640	-2,371.000000
8.298817	0.640	2,348.000000
8.309483	0.640	6,528.000000
8.320150	0.640	7,420.000000
8.330817	0.640	3,091.000000
8.341483	0.640	-2,540.000000
8.352150	0.640	-3,719.000000
8.362817	0.640	346.000000
8.373483	0.640	3,688.000000
8.384150	0.640	791.000000
8.394817	0.640	-3,981.000000
8.405483	0.640	-3,932.000000
8.416150	0.640	-1,906.000000
8.426817	0.640	-2,611.000000
8.437483	0.640	-4,059.000000
8.448150	0.640	-4,131.000000
8.458817	0.640	-5,370.000000
8.469483	0.640	-8,196.000000
8.480150	0.640	-8,238.000000
8.490817	0.640	-4,755.000000
8.501483	0.640	-1,418.000000
8.512150	0.640	1,107.000000
8.522817	0.640	2,956.000000
8.533483	0.640	1,922.000000
8.544150	0.640	-1,098.000000
8.554817	0.640	-1,256.000000
8.565483	0.640	2,905.000000
8.576150	0.640	5,306.000000
8.586817	0.640	2,165.000000
8.597483	0.640	-228.000000
8.608150	0.640	2,917.000000
8.618817	0.640	7,716.000000
8.629483	0.640	8,569.000000
8.640150	0.640	4,232.000000
8.650817	0.640	-1,014.000000
8.661483	0.640	-3,338.000000
8.672150	0.640	-4,007.000000
8.682817	0.640	-3,433.000000
8.693483	0.640	565.000000
8.704150	0.640	5,094.000000
8.714817	0.640	5,393.000000
8.725483	0.640	3,642.000000
8.736150	0.640	2,188.000000
8.746817	0.640	-907.000000
8.757483	0.640	-3,056.000000
8.768150	0.640	-1,206.000000
8.778817	0.640	144.000000
8.789483	0.640	-1,356.000000
8.800150	0.640	-1,096.000000
8.810817	0.640	2,512.000000
8.821483	0.640	3,680.000000
8.832150	0.640	-290.000000
8.842817	0.640	-1,920.000000
8.853483	0.640	1,840.000000
8.864150	0.640	2,585.000000
8.874817	0.640	-1,610.000000
8.885483	0.640	-2,900.000000
8.896150	0.640	18.000000
8.906817	0.640	933.000000
8.917483	0.640	-1,891.000000
8.928150	0.640	-3,410.000000
8.938817	0.640	-736.000000
8.949483	0.640	2,454.000000
8.960150	0.640	2,535.000000
8.970817	0.640	198.000000
8.981483	0.640	-1,592.000000
8.992150	0.640	566.000000
9.002817	0.640	5,341.000000
9.013483	0.640	6,670.000000
9.024150	0.640	4,071.000000
9.034817	0.640	2,420.000000
9.045483	0.640	3,212.000000
9.056150	0.640	5,067.000000
9.066817	0.640	6,303.000000
9.077483	0.640	4,261.000000
9.088150	0.640	-2,027.000000
9.098817	0.640	-8,051.000000
9.109483	0.640	-8,707.000000
9.120150	0.640	-6,489.000000
9.130817	0.640	-6,123.000000
9.141483	0.640	-5,651.000000
9.152150	0.640	-2,059.000000
9.162817	0.640	2,105.000000
9.173483	0.640	3,472.000000
9.184150	0.640	2,033.000000
9.194817	0.640	-13.000000
9.205483	0.640	-417.000000
9.216150	0.640	940.000000
9.226817	0.640	4,147.000000
9.237483	0.640	9,870.000000
9.248150	0.640	14,116.000000
9.258817	0.640	11,054.000000
9.269483	0.640	2,285.000000
9.280150	0.640	-3,191.000000
9.290817	0.640	928.000000
9.301483	0.640	9,961.000000
9.312150	0.640	14,155.000000
9.322817	0.640	11,291.000000
9.333483	0.640	6,874.000000
9.344150	0.640	4,807.000000
9.354817	0.640	5,034.000000
9.365483	0.640	8,515.000000
9.376150	0.640	14,506.000000
9.386817	0.640	16,340.000000
9.397483	0.640	13,046.000000
9.408150	0.640	12,603.000000
9.418817	0.640	15,933.000000
9.429483	0.640	17,320.000000
9.440150	0.640	15,509.000000
9.450817	0.640	11,702.000000
9.461483	0.640	8,717.000000
9.472150	0.640	11,498.000000
9.482817	0.640	19,855.000000
9.493483	0.640	25,696.000000
9.504150	0.640	22,111.000000
9.514817	0.640	12,427.000000
9.525483	0.640	6,060.000000
9.536150	0.640	7,876.000000
9.546817	0.640	13,623.000000
9.557483	0.640	16,226.000000
9.568150	0.640	16,049.000000
9.578817	0.640	16,974.000000
9.589483	0.640	17,015.000000
9.600150	0.640	13,812.000000
9.610817	0.640	10,887.000000
9.621483	0.640	11,609.000000
9.632150	0.640	13,855.000000
9.642817	0.640	15,006.000000
9.653483	0.640	16,342.000000
9.664150	0.640	19,160.000000
9.674817	0.640	22,130.000000
9.685483	0.640	22,171.000000
9.696150	0.640	19,385.000000
9.706817	0.640	18,965.000000
9.717483	0.640	22,124.000000
9.728150	0.640	23,970.000000
9.738817	0.640	22,210.000000
9.749483	0.640	19,557.000000
9.760150	0.640	19,728.000000
9.770817	0.640	24,095.000000
9.781483	0.640	28,886.000000
9.792150	0.640	29,565.000000
9.802817	0.640	27,874.000000
9.813483	0.640	26,850.000000
9.824150	0.640	27,002.000000
9.834817	0.640	29,975.000000
9.845483	0.640	33,772.000000
9.856150	0.640	32,062.000000
9.866817	0.640	26,668.000000
9.877483	0.640	26,428.000000
9.888150	0.640	31,841.000000
9.898817	0.640	34,122.000000
9.909483	0.640	30,300.000000
9.920150	0.640	27,541.000000
9.930817	0.640	29,401.000000
9.941483	0.640	33,666.000000
9.952150	0.640	40,424.000000
9.962817	0.640	45,920.000000
9.973483	0.640	43,567.000000
9.984150	0.640	37,064.000000
9.994817	0.640	34,711.000000
10.005483	0.640	37,405.000000
10.016150	0.640	41,443.000000
10.026817	0.640	43,391.000000
10.037483	0.640	42,768.000000
10.048150	0.640	41,692.000000
10.058817	0.640	40,433.000000
10.069483	0.640	39,277.000000
10.080150	0.640	40,963.000000
10.090817	0.640	45,899.000000
10.101483	0.640	49,975.000000
10.112150	0.640	49,944.000000
10.122817	0.640	48,448.000000
10.133483	0.640	48,941.000000
10.144150	0.640	49,121.000000
10.154817	0.640	47,439.000000
10.165483	0.640	47,845.000000
10.176150	0.640	51,196.000000
10.186817	0.640	55,041.000000
10.197483	0.640	59,049.000000
10.208150	0.640	61,790.000000
10.218817	0.640	62,835.000000
10.229483	0.640	63,494.000000
10.240150	0.640	64,144.000000
10.250817	0.640	67,160.000000
10.261483	0.640	70,864.000000
10.272150	0.640	70,288.000000
10.282817	0.640	69,025.000000
10.293483	0.640	70,768.000000
10.304150	0.640	71,313.000000
10.314817	0.640	68,790.000000
10.325483	0.640	67,275.000000
10.336150	0.640	70,063.000000
10.346817	0.640	73,143.000000
10.357483	0.640	71,582.000000
10.368150	0.640	69,215.000000
10.378817	0.640	69,886.000000
10.389483	0.640	70,966.000000
10.400150	0.640	70,919.000000
10.410817	0.640	71,008.000000
10.421483	0.640	72,412.000000
10.432150	0.640	76,035.000000
10.442817	0.640	80,518.000000
10.453483	0.640	82,818.000000
10.464150	0.640	83,094.000000
10.474817	0.640	84,578.000000
10.485483	0.640	87,293.000000
10.496150	0.640	87,171.000000
10.506817	0.640	84,429.000000
10.517483	0.640	84,366.000000
10.528150	0.640	88,209.000000
10.538817	0.640	92,614.000000
10.549483	0.640	95,883.000000
10.560150	0.640	99,254.000000
10.570817	0.640	102,931.000000
10.581483	0.640	103,752.000000
10.592150	0.640	100,836.000000
10.602817	0.640	98,238.000000
10.613483	0.640	97,384.000000
10.624150	0.640	96,851.000000
10.634817	0.640	99,089.000000
10.645483	0.640	104,975.000000
10.656150	0.640	108,867.000000
10.666817	0.640	108,326.000000
10.677483	0.640	109,029.000000
10.688150	0.640	115,505.000000
10.698817	0.640	123,251.000000
10.709483	0.640	124,335.000000
10.720150	0.640	118,609.000000
10.730817	0.640	112,948.000000
10.741483	0.640	112,574.000000
10.752150	0.640	117,511.000000
10.762817	0.640	123,136.000000
10.773483	0.640	125,112.000000
10.784150	0.640	124,979.000000
10.794817	0.640	126,653.000000
10.805483	0.640	130,649.000000
10.816150	0.640	136,625.000000
10.826817	0.640	142,649.000000
10.837483	0.640	142,445.000000
10.848150	0.640	135,685.000000
10.858817	0.640	130,753.000000
10.869483	0.640	131,775.000000
10.880150	0.640	136,367.000000
10.890817	0.640	141,957.000000
10.901483	0.640	146,540.000000
10.912150	0.640	149,633.000000
10.922817	0.640	151,973.000000
10.933483	0.640	152,281.000000
10.944150	0.640	151,014.000000
10.954817	0.640	153,215.000000
10.965483	0.640	160,149.000000
10.976150	0.640	165,342.000000
10.986817	0.640	163,996.000000
10.997483	0.640	160,099.000000
11.008150	0.640	160,745.000000
11.018817	0.640	167,520.000000
11.029483	0.640	175,024.000000
11.040150	0.640	176,853.000000
11.050817	0.640	173,207.000000
11.061483	0.640	169,983.000000
11.072150	0.640	171,631.000000
11.082817	0.640	177,410.000000
11.093483	0.640	183,427.000000
11.104150	0.640	188,197.000000
11.114817	0.640	192,469.000000
11.125483	0.640	193,971.000000
11.136150	0.640	190,492.000000
11.146817	0.640	186,514.000000
11.157483	0.640	188,109.000000
11.168150	0.640	193,345.000000
11.178817	0.640	195,912.000000
11.189483	0.640	194,761.000000
11.200150	0.640	193,166.000000
11.210817	0.640	193,302.000000
11.221483	0.640	196,429.000000
11.232150	0.640	202,650.000000
11.242817	0.640	207,944.000000
11.253483	0.640	209,120.000000
11.264150	0.640	209,655.000000
11.274817	0.640	212,128.000000
11.285483	0.640	215,167.000000
11.296150	0.640	219,307.000000
11.306817	0.640	223,637.000000
11.317483	0.640	226,365.000000
11.328150	0.640	229,539.000000
11.338817	0.640	232,464.000000
11.349483	0.640	232,444.000000
11.360150	0.640	232,554.000000
11.370817	0.640	235,933.000000
11.381483	0.640	240,142.000000
11.392150	0.640	242,587.000000
11.402817	0.640	242,254.000000
11.413483	0.640	239,488.000000
11.424150	0.640	238,770.000000
11.434817	0.640	243,034.000000
11.445483	0.640	248,253.000000
11.456150	0.640	249,851.000000
11.466817	0.640	249,137.000000
11.477483	0.640	250,243.000000
11.488150	0.640	253,651.000000
11.498817	0.640	256,063.000000
11.509483	0.640	255,216.000000
11.520150	0.640	253,485.000000
11.530817	0.640	255,584.000000
11.541483	0.640	262,315.000000
11.552150	0.640	269,309.000000
11.562817	0.640	272,852.000000
11.573483	0.640	275,009.000000
11.584150	0.640	279,151.000000
11.594817	0.640	283,091.000000
11.605483	0.640	282,156.000000
11.616150	0.640	277,636.000000
11.626817	0.640	277,440.000000
11.637483	0.640	285,235.000000
11.648150	0.640	294,980.000000
11.658817	0.640	301,319.000000
11.669483	0.640	305,849.000000
11.680150	0.640	307,756.000000
11.690817	0.640	303,621.000000
11.701483	0.640	298,915.000000
11.712150	0.640	300,800.000000
11.722817	0.640	305,142.000000
11.733483	0.640	305,224.000000
11.744150	0.640	304,709.000000
11.754817	0.640	309,914.000000
11.765483	0.640	316,314.000000
11.776150	0.640	317,786.000000
11.786817	0.640	317,860.000000
11.797483	0.640	321,199.000000
11.808150	0.640	326,764.000000
11.818817	0.640	331,971.000000
11.829483	0.640	336,743.000000
11.840150	0.640	339,400.000000
11.850817	0.640	336,082.000000
11.861483	0.640	332,024.000000
11.872150	0.640	336,612.000000
11.882817	0.640	346,483.000000
11.893483	0.640	353,365.000000
11.904150	0.640	356,112.000000
11.914817	0.640	355,508.000000
11.925483	0.640	354,458.000000
11.936150	0.640	356,879.000000
11.946817	0.640	359,536.000000
11.957483	0.640	359,599.000000
11.968150	0.640	361,991.000000
11.978817	0.640	367,860.000000
11.989483	0.640	370,982.000000
12.000150	0.640	370,880.000000
12.010817	0.640	373,251.000000
12.021483	0.640	377,112.000000
12.032150	0.640	377,624.000000
12.042817	0.640	377,394.000000
12.053483	0.640	382,286.000000
12.064150	0.640	389,174.000000
12.074817	0.640	389,412.000000
12.085483	0.640	385,555.000000
12.096150	0.640	387,464.000000
12.106817	0.640	394,431.000000
12.117483	0.640	400,372.000000
12.128150	0.640	404,446.000000
12.138817	0.640	405,623.000000
12.149483	0.640	403,269.000000
12.160150	0.640	402,458.000000
12.170817	0.640	407,288.000000
12.181483	0.640	415,408.000000
12.192150	0.640	421,196.000000
12.202817	0.640	421,123.000000
12.213483	0.640	417,806.000000
12.224150	0.640	416,896.000000
12.234817	0.640	420,998.000000
12.245483	0.640	427,015.000000
12.256150	0.640	429,265.000000
12.266817	0.640	427,707.000000
12.277483	0.640	427,502.000000
12.288150	0.640	430,838.000000
12.298817	0.640	434,853.000000
12.309483	0.640	436,045.000000
12.320150	0.640	435,479.000000
12.330817	0.640	436,693.000000
12.341483	0.640	440,733.000000
12.352150	0.640	446,491.000000
12.362817	0.640	450,337.000000
12.373483	0.640	448,333.000000
12.384150	0.640	443,631.000000
12.394817	0.640	444,672.000000
12.405483	0.640	452,229.000000
12.416150	0.640	457,389.000000
12.426817	0.640	456,320.000000
12.437483	0.640	454,168.000000
12.448150	0.640	456,137.000000
12.458817	0.640	462,209.000000
12.469483	0.640	464,258.000000
12.480150	0.640	457,892.000000
12.490817	0.640	453,008.000000
12.501483	0.640	456,550.000000
12.512150	0.640	463,434.000000
12.522817	0.640	468,876.000000
12.533483	0.640	472,792.000000
12.544150	0.640	477,614.000000
12.554817	0.640	483,167.000000
12.565483	0.640	482,530.000000
12.576150	0.640	475,314.000000
12.586817	0.640	474,985.000000
12.597483	0.640	485,987.000000
12.608150	0.640	492,997.000000
12.618883	0.644	486,704.000000
12.629483	0.636	477,556.000000
12.640150	0.640	476,814.000000
12.650817	0.640	482,607.000000
12.661483	0.640	488,194.000000
12.672150	0.640	490,408.000000
12.682817	0.640	488,992.000000
12.693483	0.640	487,720.000000
12.704150	0.640	489,898.000000
12.714817	0.640	491,640.000000
12.725483	0.640	490,819.000000
12.736150	0.640	491,782.000000
12.746817	0.640	495,611.000000
12.757483	0.640	497,457.000000
12.768150	0.640	493,624.000000
12.778817	0.640	488,808.000000
12.789483	0.640	491,663.000000
12.800150	0.640	500,889.000000
12.810817	0.640	506,015.000000
12.821483	0.640	503,411.000000
12.832150	0.640	500,307.000000
12.842817	0.640	501,266.000000
12.853483	0.640	502,186.000000
12.864150	0.640	500,272.000000
12.874817	0.640	499,009.000000
12.885483	0.640	501,229.000000
12.896150	0.640	504,688.000000
12.906817	0.640	505,755.000000
12.917483	0.640	503,971.000000
12.928150	0.640	501,651.000000
12.938817	0.640	500,223.000000
12.949483	0.640	498,280.000000
12.960150	0.640	495,270.000000
12.970817	0.640	494,378.000000
12.981483	0.640	497,111.000000
12.992150	0.640	501,525.000000
13.002817	0.640	505,350.000000
13.013483	0.640	505,521.000000
13.024150	0.640	503,457.000000
13.034817	0.640	504,936.000000
13.045483	0.640	508,073.000000
13.056150	0.640	507,117.000000
13.066817	0.640	503,809.000000
13.077483	0.640	501,918.000000
13.088150	0.640	501,095.000000
13.098817	0.640	500,724.000000
13.109483	0.640	501,039.000000
13.120150	0.640	501,395.000000
13.130817	0.640	501,024.000000
13.141483	0.640	498,788.000000
13.152150	0.640	494,991.000000
13.162817	0.640	494,614.000000
13.173483	0.640	499,608.000000
13.184150	0.640	502,012.000000
13.194817	0.640	498,082.000000
13.205483	0.640	495,751.000000
13.216150	0.640	496,798.000000
13.226817	0.640	494,763.000000
13.237483	0.640	490,671.000000
13.248150	0.640	488,950.000000
13.258817	0.640	488,542.000000
13.269483	0.640	486,731.000000
13.280150	0.640	482,396.000000
13.290817	0.640	477,511.000000
13.301483	0.640	475,876.000000
13.312150	0.640	477,676.000000
13.322817	0.640	479,300.000000
13.333483	0.640	478,838.000000
13.344150	0.640	477,877.000000
13.354817	0.640	478,293.000000
13.365483	0.640	480,121.000000
13.376150	0.640	482,330.000000
13.386817	0.640	483,796.000000
13.397483	0.640	483,644.000000
13.408150	0.640	482,323.000000
13.418817	0.640	481,375.000000
13.429483	0.640	480,222.000000
13.440150	0.640	476,341.000000
13.450817	0.640	471,102.000000
13.461483	0.640	469,198.000000
13.472150	0.640	469,285.000000
13.482817	0.640	466,138.000000
13.493483	0.640	462,035.000000
13.504150	0.640	461,732.000000
13.514817	0.640	463,731.000000
13.525483	0.640	467,634.000000
13.536150	0.640	472,939.000000
13.546817	0.640	472,574.000000
13.557483	0.640	467,560.000000
13.568150	0.640	467,470.000000
13.578817	0.640	471,325.000000
13.589483	0.640	475,139.000000
13.600150	0.640	482,795.000000
13.610817	0.640	495,795.000000
13.621483	0.640	513,469.000000
13.632150	0.640	538,466.000000
13.642817	0.640	569,395.000000
13.653483	0.640	602,963.000000
13.664150	0.640	644,203.000000
13.674817	0.640	699,443.000000
13.685483	0.640	766,171.000000
13.696150	0.640	840,579.000000
13.706817	0.640	923,398.000000
13.717483	0.640	1,012,194.000000
13.728150	0.640	1,099,572.000000
13.738817	0.640	1,177,151.000000
13.749483	0.640	1,236,858.000000
13.760150	0.640	1,272,301.000000
13.770817	0.640	1,277,871.000000
13.781483	0.640	1,249,815.000000
13.792150	0.640	1,190,410.000000
13.802817	0.640	1,108,604.000000
13.813483	0.640	1,013,667.000000
13.824150	0.640	910,624.000000
13.834817	0.640	805,495.000000
13.845483	0.640	707,597.000000
13.856150	0.640	625,705.000000
13.866817	0.640	563,849.000000
13.877483	0.640	520,018.000000
13.888150	0.640	488,881.000000
13.898817	0.640	464,401.000000
13.909483	0.640	444,909.000000
13.920150	0.640	432,479.000000
13.930817	0.640	426,004.000000
13.941483	0.640	423,163.000000
13.952150	0.640	422,385.000000
13.962817	0.640	420,223.000000
13.973483	0.640	415,444.000000
13.984150	0.640	410,840.000000
13.994817	0.640	407,510.000000
14.005483	0.640	404,813.000000
14.016150	0.640	403,458.000000
14.026817	0.640	403,852.000000
14.037483	0.640	403,739.000000
14.048150	0.640	400,468.000000
14.058817	0.640	396,369.000000
14.069483	0.640	394,083.000000
14.080150	0.640	391,055.000000
14.090817	0.640	387,768.000000
14.101483	0.640	387,635.000000
14.112150	0.640	388,144.000000
14.122817	0.640	385,567.000000
14.133483	0.640	382,750.000000
14.144150	0.640	382,971.000000
14.154817	0.640	382,472.000000
14.165483	0.640	377,628.000000
14.176150	0.640	371,300.000000
14.186817	0.640	367,968.000000
14.197483	0.640	369,737.000000
14.208150	0.640	373,806.000000
14.218817	0.640	374,832.000000
14.229483	0.640	372,128.000000
14.240150	0.640	366,831.000000
14.250817	0.640	359,927.000000
14.261483	0.640	357,508.000000
14.272150	0.640	360,603.000000
14.282817	0.640	358,892.000000
14.293483	0.640	350,364.000000
14.304150	0.640	345,391.000000
14.314817	0.640	348,464.000000
14.325483	0.640	353,191.000000
14.336150	0.640	350,786.000000
14.346817	0.640	341,386.000000
14.357483	0.640	334,491.000000
14.368150	0.640	335,518.000000
14.378817	0.640	340,601.000000
14.389483	0.640	343,055.000000
14.400150	0.640	339,502.000000
14.410817	0.640	332,173.000000
14.421483	0.640	325,439.000000
14.432150	0.640	320,156.000000
14.442817	0.640	315,033.000000
14.453483	0.640	310,923.000000
14.464150	0.640	307,926.000000
14.474817	0.640	305,084.000000
14.485483	0.640	304,642.000000
14.496150	0.640	306,497.000000
14.506817	0.640	306,678.000000
14.517483	0.640	304,710.000000
14.528150	0.640	302,075.000000
14.538817	0.640	299,313.000000
14.549483	0.640	296,656.000000
14.560150	0.640	293,668.000000
14.570817	0.640	289,338.000000
14.581483	0.640	284,104.000000
14.592150	0.640	282,546.000000
14.602817	0.640	286,737.000000
14.613483	0.640	291,797.000000
14.624150	0.640	294,041.000000
14.634817	0.640	292,473.000000
14.645483	0.640	285,445.000000
14.656150	0.640	274,869.000000
14.666817	0.640	266,018.000000
14.677483	0.640	259,921.000000
14.688150	0.640	255,070.000000
14.698817	0.640	253,842.000000
14.709483	0.640	255,640.000000
14.720150	0.640	253,807.000000
14.730817	0.640	248,636.000000
14.741483	0.640	246,699.000000
14.752150	0.640	247,246.000000
14.762817	0.640	245,315.000000
14.773483	0.640	241,148.000000
14.784150	0.640	238,425.000000
14.794817	0.640	238,506.000000
14.805483	0.640	237,882.000000
14.816150	0.640	234,374.000000
14.826817	0.640	231,241.000000
14.837483	0.640	228,573.000000
14.848150	0.640	223,016.000000
14.858817	0.640	215,216.000000
14.869483	0.640	207,983.000000
14.880150	0.640	203,803.000000
14.890817	0.640	202,827.000000
14.901483	0.640	201,315.000000
14.912150	0.640	197,149.000000
14.922817	0.640	192,619.000000
14.933483	0.640	189,328.000000
14.944150	0.640	187,422.000000
14.954817	0.640	187,804.000000
14.965483	0.640	188,665.000000
14.976150	0.640	186,477.000000
14.986817	0.640	182,345.000000
14.997483	0.640	180,412.000000
15.008150	0.640	179,986.000000
15.018817	0.640	176,246.000000
15.029483	0.640	170,117.000000
15.040150	0.640	166,866.000000
15.050817	0.640	166,032.000000
15.061483	0.640	163,846.000000
15.072150	0.640	160,202.000000
15.082817	0.640	156,963.000000
15.093483	0.640	154,466.000000
15.104150	0.640	150,787.000000
15.114817	0.640	144,985.000000
15.125483	0.640	140,273.000000
15.136150	0.640	136,826.000000
15.146817	0.640	128,916.000000
15.157483	0.640	118,766.000000
15.168150	0.640	117,159.000000
15.178817	0.640	124,557.000000
15.189483	0.640	129,764.000000
15.200150	0.640	127,045.000000
15.210817	0.640	121,077.000000
15.221483	0.640	116,419.000000
15.232150	0.640	112,411.000000
15.242817	0.640	108,716.000000
15.253483	0.640	105,840.000000
15.264150	0.640	103,533.000000
15.274817	0.640	103,029.000000
15.285483	0.640	104,198.000000
15.296150	0.640	104,220.000000
15.306817	0.640	101,905.000000
15.317483	0.640	98,970.000000
15.328150	0.640	97,613.000000
15.338817	0.640	99,802.000000
15.349483	0.640	107,049.000000
15.360150	0.640	114,895.000000
15.370817	0.640	116,785.000000
15.381483	0.640	116,233.000000
15.392150	0.640	118,264.000000
15.402817	0.640	117,193.000000
15.413483	0.640	109,429.000000
15.424150	0.640	103,064.000000
15.434817	0.640	103,619.000000
15.445483	0.640	105,968.000000
15.456150	0.640	106,603.000000
15.466817	0.640	107,255.000000
15.477483	0.640	104,534.000000
15.488150	0.640	94,512.000000
15.498817	0.640	82,613.000000
15.509483	0.640	74,544.000000
15.520150	0.640	69,707.000000
15.530817	0.640	67,726.000000
15.541483	0.640	67,481.000000
15.552150	0.640	63,787.000000
15.562817	0.640	55,388.000000
15.573483	0.640	48,536.000000
15.584150	0.640	47,331.000000
15.594817	0.640	50,949.000000
15.605483	0.640	57,782.000000
15.616150	0.640	65,121.000000
15.626817	0.640	73,616.000000
15.637483	0.640	87,528.000000
15.648150	0.640	106,587.000000
15.658817	0.640	127,457.000000
15.669483	0.640	152,223.000000
15.680150	0.640	185,100.000000
15.690817	0.640	218,509.000000
15.701483	0.640	237,950.000000
15.712150	0.640	242,239.000000
15.722817	0.640	241,067.000000
15.733483	0.640	235,996.000000
15.744150	0.640	220,891.000000
15.754817	0.640	196,511.000000
15.765483	0.640	170,048.000000
15.776150	0.640	144,442.000000
15.786817	0.640	117,887.000000
15.797483	0.640	92,174.000000
15.808150	0.640	73,216.000000
15.818817	0.640	61,848.000000
15.829483	0.640	53,114.000000
15.840150	0.640	43,746.000000
15.850817	0.640	35,096.000000
15.861483	0.640	31,145.000000
15.872150	0.640	32,407.000000
15.882817	0.640	35,142.000000
15.893483	0.640	36,787.000000
15.904150	0.640	34,875.000000
15.914817	0.640	28,716.000000
15.925483	0.640	23,563.000000
15.936150	0.640	23,584.000000
15.946817	0.640	26,743.000000
15.957483	0.640	30,746.000000
15.968150	0.640	34,292.000000
15.978817	0.640	33,268.000000
15.989483	0.640	27,200.000000
16.000150	0.640	22,172.000000
16.010817	0.640	21,897.000000
16.021483	0.640	25,558.000000
16.032150	0.640	29,756.000000
16.042817	0.640	29,779.000000
16.053483	0.640	25,804.000000
16.064150	0.640	22,022.000000
16.074817	0.640	19,006.000000
16.085483	0.640	17,244.000000
16.096150	0.640	19,386.000000
16.106817	0.640	22,462.000000
16.117483	0.640	23,467.000000
16.128150	0.640	25,427.000000
16.138817	0.640	27,903.000000
16.149483	0.640	28,549.000000
16.160150	0.640	28,380.000000
16.170817	0.640	27,356.000000
16.181483	0.640	26,144.000000
16.192150	0.640	25,730.000000
16.202817	0.640	24,510.000000
16.213483	0.640	23,016.000000
16.224150	0.640	22,471.000000
16.234817	0.640	21,715.000000
16.245483	0.640	22,901.000000
16.256150	0.640	27,075.000000
16.266817	0.640	27,140.000000
16.277483	0.640	21,864.000000
16.288150	0.640	21,255.000000
16.298817	0.640	27,599.000000
16.309483	0.640	31,923.000000
16.320150	0.640	29,124.000000
16.330817	0.640	23,331.000000
16.341483	0.640	21,479.000000
16.352150	0.640	24,168.000000
16.362817	0.640	26,173.000000
16.373483	0.640	25,767.000000
16.384150	0.640	25,818.000000
16.394817	0.640	27,961.000000
16.405483	0.640	31,136.000000
16.416150	0.640	33,713.000000
16.426817	0.640	34,494.000000
16.437483	0.640	33,331.000000
16.448150	0.640	32,080.000000
16.458817	0.640	31,656.000000
16.469483	0.640	30,548.000000
16.480150	0.640	29,554.000000
16.490817	0.640	30,453.000000
16.501483	0.640	32,117.000000
16.512150	0.640	33,483.000000
16.522817	0.640	33,794.000000
16.533483	0.640	31,950.000000
16.544150	0.640	29,119.000000
16.554817	0.640	28,031.000000
16.565483	0.640	29,653.000000
16.576150	0.640	32,087.000000
16.586817	0.640	34,294.000000
16.597483	0.640	36,934.000000
16.608150	0.640	36,955.000000
16.618817	0.640	31,455.000000
16.629483	0.640	25,768.000000
16.640150	0.640	24,816.000000
16.650817	0.640	25,441.000000
16.661483	0.640	24,837.000000
16.672150	0.640	24,164.000000
16.682817	0.640	24,635.000000
16.693483	0.640	25,341.000000
16.704150	0.640	24,052.000000
16.714817	0.640	21,528.000000
16.725483	0.640	21,733.000000
16.736150	0.640	27,013.000000
16.746817	0.640	33,962.000000
16.757483	0.640	35,412.000000
16.768150	0.640	30,054.000000
16.778817	0.640	24,645.000000
16.789483	0.640	23,647.000000
16.800150	0.640	24,802.000000
16.810817	0.640	24,778.000000
16.821483	0.640	23,083.000000
16.832150	0.640	21,463.000000
16.842817	0.640	21,226.000000
16.853483	0.640	21,796.000000
16.864150	0.640	22,536.000000
16.874817	0.640	23,777.000000
16.885483	0.640	24,977.000000
16.896150	0.640	25,911.000000
16.906817	0.640	27,424.000000
16.917483	0.640	28,050.000000
16.928150	0.640	26,562.000000
16.938817	0.640	25,638.000000
16.949483	0.640	28,051.000000
16.960150	0.640	33,260.000000
16.970817	0.640	37,664.000000
16.981483	0.640	38,103.000000
16.992150	0.640	35,773.000000
17.002817	0.640	33,290.000000
17.013483	0.640	31,747.000000
17.024150	0.640	32,250.000000
17.034817	0.640	33,259.000000
17.045483	0.640	31,611.000000
17.056150	0.640	29,526.000000
17.066817	0.640	30,727.000000
17.077483	0.640	33,843.000000
17.088150	0.640	35,688.000000
17.098817	0.640	35,381.000000
17.109483	0.640	33,694.000000
17.120150	0.640	32,054.000000
17.130817	0.640	32,955.000000
17.141483	0.640	34,720.000000
17.152150	0.640	32,863.000000
17.162817	0.640	32,274.000000
17.173483	0.640	38,483.000000
17.184150	0.640	44,783.000000
17.194817	0.640	46,167.000000
17.205483	0.640	45,103.000000
17.216150	0.640	43,136.000000
17.226817	0.640	43,135.000000
17.237483	0.640	46,436.000000
17.248150	0.640	48,589.000000
17.258817	0.640	49,645.000000
17.269483	0.640	55,041.000000
17.280150	0.640	62,539.000000
17.290817	0.640	65,676.000000
17.301483	0.640	65,433.000000
17.312150	0.640	64,337.000000
17.322817	0.640	61,951.000000
17.333483	0.640	60,595.000000
17.344150	0.640	62,835.000000
17.354817	0.640	67,092.000000
17.365483	0.640	69,069.000000
17.376150	0.640	66,215.000000
17.386817	0.640	61,843.000000
17.397483	0.640	61,071.000000
17.408150	0.640	64,651.000000
17.418817	0.640	68,088.000000
17.429483	0.640	67,151.000000
17.440150	0.640	64,140.000000
17.450817	0.640	62,349.000000
17.461483	0.640	61,393.000000
17.472150	0.640	61,955.000000
17.482817	0.640	63,229.000000
17.493483	0.640	62,368.000000
17.504150	0.640	62,397.000000
17.514817	0.640	66,985.000000
17.525483	0.640	73,433.000000
17.536150	0.640	78,671.000000
17.546817	0.640	80,055.000000
17.557483	0.640	73,977.000000
17.568150	0.640	62,863.000000
17.578817	0.640	54,999.000000
17.589483	0.640	54,819.000000
17.600150	0.640	59,159.000000
17.610817	0.640	61,605.000000
17.621483	0.640	59,867.000000
17.632150	0.640	57,931.000000
17.642817	0.640	58,544.000000
17.653483	0.640	59,638.000000
17.664150	0.640	59,261.000000
17.674817	0.640	58,121.000000
17.685483	0.640	58,209.000000
17.696150	0.640	59,726.000000
17.706817	0.640	60,384.000000
17.717483	0.640	60,141.000000
17.728150	0.640	61,418.000000
17.738817	0.640	62,765.000000
17.749483	0.640	61,275.000000
17.760150	0.640	59,607.000000
17.770817	0.640	62,409.000000
17.781483	0.640	69,763.000000
17.792150	0.640	76,472.000000
17.802817	0.640	76,894.000000
17.813483	0.640	70,998.000000
17.824150	0.640	64,450.000000
17.834817	0.640	63,278.000000
17.845483	0.640	67,570.000000
17.856150	0.640	70,519.000000
17.866817	0.640	67,104.000000
17.877483	0.640	61,537.000000
17.888150	0.640	59,640.000000
17.898817	0.640	59,812.000000
17.909483	0.640	58,827.000000
17.920150	0.640	56,312.000000
17.930817	0.640	53,091.000000
17.941483	0.640	52,602.000000
17.952150	0.640	56,033.000000
17.962817	0.640	58,939.000000
17.973483	0.640	60,202.000000
17.984150	0.640	61,773.000000
17.994817	0.640	60,069.000000
18.005483	0.640	53,887.000000
18.016150	0.640	50,311.000000
18.026817	0.640	51,743.000000
18.037483	0.640	55,263.000000
18.048150	0.640	60,536.000000
18.058817	0.640	63,278.000000
18.069483	0.640	59,597.000000
18.080150	0.640	56,316.000000
18.090817	0.640	56,844.000000
18.101483	0.640	52,544.000000
18.112150	0.640	41,999.000000
18.122817	0.640	37,954.000000
18.133483	0.640	45,315.000000
18.144150	0.640	51,665.000000
18.154817	0.640	47,959.000000
18.165483	0.640	42,224.000000
18.176150	0.640	43,625.000000
18.186817	0.640	47,768.000000
18.197483	0.640	49,942.000000
18.208150	0.640	54,400.000000
18.218817	0.640	60,544.000000
18.229483	0.640	63,789.000000
18.240150	0.640	69,284.000000
18.250817	0.640	82,103.000000
18.261483	0.640	96,690.000000
18.272150	0.640	112,261.000000
18.282817	0.640	138,181.000000
18.293483	0.640	176,599.000000
18.304150	0.640	221,136.000000
18.314817	0.640	270,932.000000
18.325483	0.640	328,203.000000
18.336150	0.640	386,332.000000
18.346817	0.640	430,295.000000
18.357483	0.640	449,153.000000
18.368150	0.640	444,607.000000
18.378817	0.640	422,394.000000
18.389483	0.640	382,797.000000
18.400150	0.640	326,917.000000
18.410817	0.640	265,258.000000
18.421483	0.640	212,850.000000
18.432150	0.640	174,519.000000
18.442817	0.640	143,850.000000
18.453483	0.640	117,942.000000
18.464150	0.640	100,382.000000
18.474817	0.640	90,883.000000
18.485483	0.640	83,178.000000
18.496150	0.640	73,806.000000
18.506817	0.640	66,215.000000
18.517483	0.640	62,699.000000
18.528150	0.640	58,834.000000
18.538817	0.640	52,317.000000
18.549483	0.640	47,439.000000
18.560150	0.640	46,968.000000
18.570817	0.640	49,169.000000
18.581483	0.640	51,006.000000
18.592150	0.640	50,929.000000
18.602817	0.640	50,000.000000
18.613483	0.640	50,233.000000
18.624150	0.640	52,410.000000
18.634817	0.640	54,856.000000
18.645483	0.640	56,347.000000
18.656150	0.640	57,715.000000
18.666817	0.640	57,248.000000
18.677483	0.640	53,815.000000
18.688150	0.640	51,453.000000
18.698817	0.640	50,111.000000
18.709483	0.640	45,627.000000
18.720150	0.640	42,256.000000
18.730817	0.640	44,750.000000
18.741483	0.640	47,354.000000
18.752150	0.640	46,341.000000
18.762817	0.640	45,130.000000
18.773483	0.640	44,225.000000
18.784150	0.640	41,773.000000
18.794817	0.640	39,958.000000
18.805483	0.640	43,651.000000
18.816150	0.640	53,177.000000
18.826817	0.640	60,974.000000
18.837483	0.640	60,610.000000
18.848150	0.640	54,863.000000
18.858817	0.640	49,363.000000
18.869483	0.640	46,482.000000
18.880150	0.640	45,157.000000
18.890817	0.640	41,598.000000
18.901483	0.640	37,499.000000
18.912150	0.640	38,587.000000
18.922817	0.640	40,841.000000
18.933483	0.640	39,348.000000
18.944150	0.640	39,568.000000
18.954817	0.640	43,371.000000
18.965483	0.640	45,175.000000
18.976150	0.640	43,901.000000
18.986817	0.640	41,659.000000
18.997483	0.640	37,645.000000
19.008150	0.640	33,489.000000
19.018817	0.640	33,531.000000
19.029483	0.640	36,388.000000
19.040150	0.640	37,376.000000
19.050817	0.640	36,353.000000
19.061483	0.640	36,807.000000
19.072150	0.640	39,638.000000
19.082817	0.640	41,413.000000
19.093483	0.640	40,549.000000
19.104150	0.640	39,908.000000
19.114817	0.640	38,877.000000
19.125483	0.640	34,210.000000
19.136150	0.640	29,843.000000
19.146817	0.640	29,742.000000
19.157483	0.640	30,836.000000
19.168150	0.640	31,063.000000
19.178817	0.640	30,954.000000
19.189483	0.640	31,255.000000
19.200150	0.640	32,767.000000
19.210817	0.640	33,881.000000
19.221483	0.640	32,863.000000
19.232150	0.640	32,347.000000
19.242817	0.640	34,500.000000
19.253483	0.640	34,684.000000
19.264150	0.640	29,702.000000
19.274817	0.640	24,667.000000
19.285483	0.640	23,227.000000
19.296150	0.640	23,314.000000
19.306817	0.640	23,443.000000
19.317483	0.640	24,730.000000
19.328150	0.640	27,442.000000
19.338817	0.640	29,441.000000
19.349483	0.640	30,896.000000
19.360150	0.640	32,253.000000
19.370817	0.640	30,355.000000
19.381483	0.640	26,692.000000
19.392150	0.640	26,512.000000
19.402817	0.640	28,383.000000
19.413483	0.640	28,826.000000
19.424150	0.640	30,416.000000
19.434817	0.640	35,641.000000
19.445483	0.640	39,981.000000
19.456150	0.640	39,577.000000
19.466817	0.640	38,002.000000
19.477483	0.640	36,929.000000
19.488150	0.640	33,583.000000
19.498817	0.640	29,889.000000
19.509483	0.640	28,516.000000
19.520150	0.640	27,213.000000
19.530817	0.640	25,600.000000
19.541483	0.640	25,026.000000
19.552150	0.640	24,606.000000
19.562817	0.640	26,683.000000
19.573483	0.640	33,725.000000
19.584150	0.640	39,717.000000
19.594883	0.644	37,793.000000
19.605483	0.636	30,289.000000
19.616150	0.640	26,276.000000
19.626817	0.640	31,355.000000
19.637483	0.640	38,406.000000
19.648150	0.640	36,587.000000
19.658817	0.640	29,247.000000
19.669483	0.640	27,460.000000
19.680150	0.640	31,150.000000
19.690817	0.640	32,658.000000
19.701483	0.640	31,755.000000
19.712150	0.640	32,430.000000
19.722817	0.640	33,083.000000
19.733483	0.640	31,521.000000
19.744150	0.640	30,121.000000
19.754817	0.640	30,462.000000
19.765483	0.640	29,405.000000
19.776150	0.640	24,999.000000
19.786817	0.640	22,960.000000
19.797483	0.640	27,998.000000
19.808150	0.640	34,322.000000
19.818817	0.640	35,969.000000
19.829483	0.640	35,682.000000
19.840150	0.640	35,194.000000
19.850817	0.640	31,394.000000
19.861483	0.640	26,262.000000
19.872150	0.640	24,580.000000
19.882817	0.640	23,612.000000
19.893483	0.640	20,751.000000
19.904150	0.640	21,085.000000
19.914817	0.640	25,010.000000
19.925483	0.640	25,524.000000
19.936150	0.640	22,192.000000
19.946817	0.640	20,020.000000
19.957483	0.640	19,223.000000
19.968150	0.640	16,788.000000
19.978817	0.640	13,028.000000
19.989483	0.640	12,913.000000
20.000150	0.640	17,022.000000
20.010817	0.640	19,474.000000
20.021483	0.640	20,597.000000
20.032150	0.640	24,731.000000
20.042817	0.640	28,077.000000
20.053483	0.640	25,116.000000
20.064150	0.640	18,686.000000
20.074817	0.640	13,260.000000
20.085483	0.640	10,246.000000
20.096150	0.640	12,466.000000
20.106817	0.640	18,743.000000
20.117483	0.640	22,589.000000
20.128150	0.640	22,781.000000
20.138817	0.640	21,236.000000
20.149483	0.640	18,253.000000
20.160150	0.640	16,803.000000
20.170817	0.640	20,370.000000
20.181483	0.640	26,816.000000
20.192150	0.640	28,766.000000
20.202817	0.640	23,336.000000
20.213483	0.640	17,853.000000
20.224150	0.640	18,354.000000
20.234817	0.640	20,696.000000
20.245483	0.640	18,041.000000
20.256150	0.640	12,208.000000
20.266817	0.640	13,025.000000
20.277483	0.640	20,938.000000
20.288150	0.640	23,794.000000
20.298817	0.640	18,826.000000
20.309483	0.640	15,456.000000
20.320150	0.640	16,990.000000
20.330817	0.640	18,944.000000
20.341483	0.640	19,105.000000
20.352150	0.640	19,517.000000
20.362817	0.640	23,412.000000
20.373483	0.640	31,344.000000
20.384150	0.640	38,398.000000
20.394817	0.640	41,184.000000
20.405483	0.640	43,822.000000
20.416150	0.640	48,661.000000
20.426817	0.640	51,847.000000
20.437483	0.640	54,147.000000
20.448150	0.640	63,544.000000
20.458817	0.640	82,361.000000
20.469483	0.640	103,864.000000
20.480150	0.640	125,813.000000
20.490817	0.640	156,390.000000
20.501483	0.640	201,272.000000
20.512150	0.640	254,804.000000
20.522817	0.640	313,686.000000
20.533483	0.640	386,748.000000
20.544150	0.640	481,845.000000
20.554817	0.640	598,687.000000
20.565483	0.640	738,341.000000
20.576150	0.640	908,053.000000
20.586817	0.640	1,118,623.000000
20.597483	0.640	1,379,305.000000
20.608150	0.640	1,692,435.000000
20.618817	0.640	2,063,169.000000
20.629483	0.640	2,512,673.000000
20.640150	0.640	3,074,897.000000
20.650817	0.640	3,796,816.000000
20.661483	0.640	4,737,869.000000
20.672150	0.640	5,949,166.000000
20.682817	0.640	7,462,503.000000
20.693483	0.640	9,309,501.000000
20.704150	0.640	11,519,708.000000
20.714817	0.640	14,063,626.000000
20.725483	0.640	16,818,842.000000
20.736150	0.640	19,594,804.000000
20.746817	0.640	22,151,816.000000
20.757483	0.640	24,229,443.000000
20.768150	0.640	25,605,892.000000
20.778817	0.640	26,133,780.000000
20.789483	0.640	25,761,779.000000
20.800150	0.640	24,559,086.000000
20.810817	0.640	22,673,163.000000
20.821483	0.640	20,270,259.000000
20.832150	0.640	17,567,791.000000
20.842817	0.640	14,843,452.000000
20.853483	0.640	12,334,131.000000
20.864150	0.640	10,157,142.000000
20.874817	0.640	8,338,954.000000
20.885483	0.640	6,877,617.000000
20.896150	0.640	5,754,625.000000
20.906817	0.640	4,921,912.000000
20.917483	0.640	4,311,190.000000
20.928150	0.640	3,859,012.000000
20.938817	0.640	3,524,653.000000
20.949483	0.640	3,283,079.000000
20.960150	0.640	3,106,606.000000
20.970817	0.640	2,966,481.000000
20.981483	0.640	2,846,817.000000
20.992150	0.640	2,742,488.000000
21.002817	0.640	2,652,025.000000
21.013483	0.640	2,574,886.000000
21.024150	0.640	2,506,630.000000
21.034817	0.640	2,440,413.000000
21.045483	0.640	2,373,093.000000
21.056150	0.640	2,310,564.000000
21.066817	0.640	2,259,892.000000
21.077483	0.640	2,214,810.000000
21.088150	0.640	2,165,248.000000
21.098817	0.640	2,113,199.000000
21.109483	0.640	2,065,921.000000
21.120150	0.640	2,023,641.000000
21.130817	0.640	1,984,553.000000
21.141483	0.640	1,949,065.000000
21.152150	0.640	1,911,732.000000
21.162817	0.640	1,870,647.000000
21.173483	0.640	1,836,582.000000
21.184150	0.640	1,813,872.000000
21.194817	0.640	1,791,665.000000
21.205483	0.640	1,760,187.000000
21.216150	0.640	1,723,652.000000
21.226817	0.640	1,693,418.000000
21.237483	0.640	1,670,815.000000
21.248150	0.640	1,646,372.000000
21.258817	0.640	1,615,040.000000
21.269483	0.640	1,582,941.000000
21.280150	0.640	1,557,502.000000
21.290817	0.640	1,535,351.000000
21.301483	0.640	1,509,685.000000
21.312150	0.640	1,485,035.000000
21.322817	0.640	1,468,275.000000
21.333483	0.640	1,455,008.000000
21.344150	0.640	1,438,285.000000
21.354817	0.640	1,419,532.000000
21.365483	0.640	1,404,006.000000
21.376150	0.640	1,390,513.000000
21.386817	0.640	1,374,299.000000
21.397483	0.640	1,359,602.000000
21.408150	0.640	1,353,475.000000
21.418817	0.640	1,351,163.000000
21.429483	0.640	1,345,280.000000
21.440150	0.640	1,337,268.000000
21.450817	0.640	1,328,422.000000
21.461483	0.640	1,317,517.000000
21.472150	0.640	1,307,464.000000
21.482817	0.640	1,301,004.000000
21.493483	0.640	1,297,195.000000
21.504150	0.640	1,292,281.000000
21.514817	0.640	1,282,147.000000
21.525483	0.640	1,267,155.000000
21.536150	0.640	1,248,907.000000
21.546817	0.640	1,230,939.000000
21.557483	0.640	1,219,414.000000
21.568150	0.640	1,211,386.000000
21.578817	0.640	1,198,805.000000
21.589483	0.640	1,182,938.000000
21.600150	0.640	1,169,069.000000
21.610817	0.640	1,155,460.000000
21.621483	0.640	1,139,373.000000
21.632150	0.640	1,124,306.000000
21.642817	0.640	1,108,782.000000
21.653483	0.640	1,086,954.000000
21.664150	0.640	1,064,400.000000
21.674817	0.640	1,048,460.000000
21.685483	0.640	1,035,117.000000
21.696150	0.640	1,018,528.000000
21.706817	0.640	997,049.000000
21.717483	0.640	972,154.000000
21.728150	0.640	950,507.000000
21.738817	0.640	939,041.000000
21.749483	0.640	933,721.000000
21.760150	0.640	923,493.000000
21.770817	0.640	905,983.000000
21.781483	0.640	888,813.000000
21.792150	0.640	878,255.000000
21.802817	0.640	870,229.000000
21.813483	0.640	855,606.000000
21.824150	0.640	836,067.000000
21.834817	0.640	820,956.000000
21.845483	0.640	811,860.000000
21.856150	0.640	804,437.000000
21.866817	0.640	796,234.000000
21.877483	0.640	787,035.000000
21.888150	0.640	778,389.000000
21.898817	0.640	771,096.000000
21.909483	0.640	762,902.000000
21.920150	0.640	754,132.000000
21.930817	0.640	748,275.000000
21.941483	0.640	743,124.000000
21.952217	0.644	734,045.000000
21.962817	0.636	723,170.000000
21.973483	0.640	715,226.000000
21.984150	0.640	710,094.000000
21.994817	0.640	704,609.000000
22.005483	0.640	699,416.000000
22.016150	0.640	696,620.000000
22.026817	0.640	691,930.000000
22.037483	0.640	680,932.000000
22.048150	0.640	667,882.000000
22.058817	0.640	658,645.000000
22.069483	0.640	653,317.000000
22.080150	0.640	648,663.000000
22.090817	0.640	641,562.000000
22.101483	0.640	633,057.000000
22.112150	0.640	628,203.000000
22.122817	0.640	628,736.000000
22.133483	0.640	630,826.000000
22.144150	0.640	628,951.000000
22.154817	0.640	621,054.000000
22.165483	0.640	609,682.000000
22.176150	0.640	597,362.000000
22.186817	0.640	588,617.000000
22.197483	0.640	589,038.000000
22.208150	0.640	594,018.000000
22.218817	0.640	592,729.000000
22.229483	0.640	583,480.000000
22.240150	0.640	573,465.000000
22.250817	0.640	567,941.000000
22.261483	0.640	566,800.000000
22.272150	0.640	567,193.000000
22.282817	0.640	564,911.000000
22.293483	0.640	558,966.000000
22.304150	0.640	555,148.000000
22.314817	0.640	556,465.000000
22.325483	0.640	555,132.000000
22.336150	0.640	545,381.000000
22.346817	0.640	533,632.000000
22.357483	0.640	527,247.000000
22.368150	0.640	525,699.000000
22.378817	0.640	523,873.000000
22.389483	0.640	518,059.000000
22.400150	0.640	511,153.000000
22.410817	0.640	510,288.000000
22.421483	0.640	516,554.000000
22.432150	0.640	522,302.000000
22.442817	0.640	522,578.000000
22.453483	0.640	520,271.000000
22.464150	0.640	518,471.000000
22.474817	0.640	517,851.000000
22.485483	0.640	517,793.000000
22.496150	0.640	514,509.000000
22.506817	0.640	506,151.000000
22.517483	0.640	499,579.000000
22.528150	0.640	501,780.000000
22.538817	0.640	509,726.000000
22.549483	0.640	516,166.000000
22.560150	0.640	517,856.000000
22.570817	0.640	514,595.000000
22.581483	0.640	507,521.000000
22.592150	0.640	501,298.000000
22.602817	0.640	499,539.000000
22.613483	0.640	498,952.000000
22.624150	0.640	495,350.000000
22.634817	0.640	488,191.000000
22.645483	0.640	480,039.000000
22.656150	0.640	475,836.000000
22.666817	0.640	474,778.000000
22.677483	0.640	470,607.000000
22.688150	0.640	464,812.000000
22.698817	0.640	461,752.000000
22.709483	0.640	457,861.000000
22.720150	0.640	452,084.000000
22.730817	0.640	449,388.000000
22.741483	0.640	449,828.000000
22.752150	0.640	449,687.000000
22.762817	0.640	448,062.000000
22.773483	0.640	447,616.000000
22.784150	0.640	451,117.000000
22.794817	0.640	456,457.000000
22.805483	0.640	460,141.000000
22.816150	0.640	461,349.000000
22.826817	0.640	459,409.000000
22.837483	0.640	453,871.000000
22.848150	0.640	446,033.000000
22.858817	0.640	440,627.000000
22.869483	0.640	443,082.000000
22.880150	0.640	451,029.000000
22.890817	0.640	455,424.000000
22.901483	0.640	453,480.000000
22.912150	0.640	450,818.000000
22.922817	0.640	450,919.000000
22.933483	0.640	453,332.000000
22.944150	0.640	456,843.000000
22.954817	0.640	459,660.000000
22.965483	0.640	460,538.000000
22.976150	0.640	459,993.000000
22.986817	0.640	460,031.000000
22.997483	0.640	461,357.000000
23.008150	0.640	463,190.000000
23.018817	0.640	464,186.000000
23.029483	0.640	462,821.000000
23.040150	0.640	461,062.000000
23.050817	0.640	461,790.000000
23.061483	0.640	464,291.000000
23.072150	0.640	468,800.000000
23.082817	0.640	476,995.000000
23.093483	0.640	484,019.000000
23.104150	0.640	482,170.000000
23.114817	0.640	475,393.000000
23.125483	0.640	473,647.000000
23.136150	0.640	475,562.000000
23.146817	0.640	475,893.000000
23.157483	0.640	478,688.000000
23.168150	0.640	487,687.000000
23.178817	0.640	497,666.000000
23.189483	0.640	501,429.000000
23.200150	0.640	498,851.000000
23.210817	0.640	496,990.000000
23.221483	0.640	499,650.000000
23.232150	0.640	502,594.000000
23.242817	0.640	502,897.000000
23.253483	0.640	503,488.000000
23.264150	0.640	505,971.000000
23.274817	0.640	509,994.000000
23.285483	0.640	515,497.000000
23.296150	0.640	518,545.000000
23.306817	0.640	516,963.000000
23.317483	0.640	514,795.000000
23.328150	0.640	512,837.000000
23.338817	0.640	510,044.000000
23.349483	0.640	510,208.000000
23.360150	0.640	516,486.000000
23.370817	0.640	527,344.000000
23.381483	0.640	536,673.000000
23.392150	0.640	538,998.000000
23.402817	0.640	538,553.000000
23.413483	0.640	542,995.000000
23.424150	0.640	549,566.000000
23.434817	0.640	550,842.000000
23.445483	0.640	548,387.000000
23.456150	0.640	548,548.000000
23.466817	0.640	552,368.000000
23.477483	0.640	556,460.000000
23.488150	0.640	559,018.000000
23.498817	0.640	562,546.000000
23.509483	0.640	569,692.000000
23.520150	0.640	576,848.000000
23.530817	0.640	579,269.000000
23.541483	0.640	580,012.000000
23.552150	0.640	582,022.000000
23.562817	0.640	582,407.000000
23.573483	0.640	581,197.000000
23.584150	0.640	581,442.000000
23.594817	0.640	583,505.000000
23.605483	0.640	585,494.000000
23.616150	0.640	584,796.000000
23.626817	0.640	582,317.000000
23.637483	0.640	583,740.000000
23.648150	0.640	589,329.000000
23.658817	0.640	591,245.000000
23.669483	0.640	588,078.000000
23.680150	0.640	588,323.000000
23.690817	0.640	593,824.000000
23.701483	0.640	597,196.000000
23.712150	0.640	596,658.000000
23.722817	0.640	595,668.000000
23.733483	0.640	596,567.000000
23.744150	0.640	602,343.000000
23.754817	0.640	609,962.000000
23.765483	0.640	610,590.000000
23.776150	0.640	606,630.000000
23.786817	0.640	609,443.000000
23.797483	0.640	618,091.000000
23.808150	0.640	621,196.000000
23.818817	0.640	617,323.000000
23.829483	0.640	615,684.000000
23.840150	0.640	620,492.000000
23.850817	0.640	625,065.000000
23.861483	0.640	621,859.000000
23.872150	0.640	616,138.000000
23.882817	0.640	619,106.000000
23.893483	0.640	628,639.000000
23.904150	0.640	633,375.000000
23.914817	0.640	630,785.000000
23.925483	0.640	626,996.000000
23.936150	0.640	627,459.000000
23.946817	0.640	635,254.000000
23.957483	0.640	647,467.000000
23.968150	0.640	654,894.000000
23.978817	0.640	654,669.000000
23.989483	0.640	655,243.000000
24.000150	0.640	662,769.000000
24.010817	0.640	671,635.000000
24.021483	0.640	676,264.000000
24.032150	0.640	680,044.000000
24.042817	0.640	683,097.000000
24.053483	0.640	681,454.000000
24.064150	0.640	681,054.000000
24.074817	0.640	686,157.000000
24.085483	0.640	688,049.000000
24.096150	0.640	685,868.000000
24.106817	0.640	688,684.000000
24.117483	0.640	694,706.000000
24.128150	0.640	696,926.000000
24.138817	0.640	697,190.000000
24.149483	0.640	698,257.000000
24.160150	0.640	697,113.000000
24.170817	0.640	696,878.000000
24.181483	0.640	705,107.000000
24.192150	0.640	716,241.000000
24.202817	0.640	720,615.000000
24.213483	0.640	720,468.000000
24.224150	0.640	721,204.000000
24.234817	0.640	723,460.000000
24.245483	0.640	727,258.000000
24.256150	0.640	732,593.000000
24.266817	0.640	736,757.000000
24.277483	0.640	738,793.000000
24.288150	0.640	741,644.000000
24.298817	0.640	746,782.000000
24.309483	0.640	754,044.000000
24.320150	0.640	760,152.000000
24.330817	0.640	759,063.000000
24.341483	0.640	751,031.000000
24.352150	0.640	741,267.000000
24.362817	0.640	735,234.000000
24.373483	0.640	738,672.000000
24.384150	0.640	750,230.000000
24.394817	0.640	760,726.000000
24.405483	0.640	765,131.000000
24.416150	0.640	766,253.000000
24.426817	0.640	765,991.000000
24.437483	0.640	762,165.000000
24.448150	0.640	756,269.000000
24.458817	0.640	755,327.000000
24.469483	0.640	760,466.000000
24.480150	0.640	764,405.000000
24.490817	0.640	764,492.000000
24.501483	0.640	765,160.000000
24.512150	0.640	769,395.000000
24.522817	0.640	775,016.000000
24.533483	0.640	777,301.000000
24.544150	0.640	776,193.000000
24.554817	0.640	776,936.000000
24.565483	0.640	779,731.000000
24.576150	0.640	777,242.000000
24.586817	0.640	769,368.000000
24.597483	0.640	766,170.000000
24.608150	0.640	769,614.000000
24.618817	0.640	772,585.000000
24.629483	0.640	772,630.000000
24.640150	0.640	771,006.000000
24.650817	0.640	769,122.000000
24.661483	0.640	768,371.000000
24.672150	0.640	767,239.000000
24.682817	0.640	764,949.000000
24.693483	0.640	765,862.000000
24.704150	0.640	771,645.000000
24.714817	0.640	775,620.000000
24.725483	0.640	772,364.000000
24.736150	0.640	764,400.000000
24.746817	0.640	758,740.000000
24.757483	0.640	760,045.000000
24.768150	0.640	763,325.000000
24.778817	0.640	761,726.000000
24.789483	0.640	759,786.000000
24.800150	0.640	764,233.000000
24.810817	0.640	770,220.000000
24.821483	0.640	771,576.000000
24.832150	0.640	773,699.000000
24.842817	0.640	781,698.000000
24.853483	0.640	789,253.000000
24.864150	0.640	790,192.000000
24.874817	0.640	785,497.000000
24.885483	0.640	778,238.000000
24.896150	0.640	772,840.000000
24.906817	0.640	772,232.000000
24.917483	0.640	774,378.000000
24.928150	0.640	775,810.000000
24.938817	0.640	775,337.000000
24.949483	0.640	775,221.000000
24.960150	0.640	778,041.000000
24.970817	0.640	781,175.000000
24.981483	0.640	780,397.000000
24.992150	0.640	778,733.000000
25.002817	0.640	782,990.000000
25.013483	0.640	793,532.000000
25.024150	0.640	804,166.000000
25.034817	0.640	810,084.000000
25.045483	0.640	812,224.000000
25.056150	0.640	811,675.000000
25.066817	0.640	807,047.000000
25.077483	0.640	801,290.000000
25.088150	0.640	802,490.000000
25.098817	0.640	814,643.000000
25.109483	0.640	830,080.000000
25.120150	0.640	836,750.000000
25.130817	0.640	833,001.000000
25.141483	0.640	828,567.000000
25.152150	0.640	831,158.000000
25.162817	0.640	839,550.000000
25.173483	0.640	850,300.000000
25.184150	0.640	860,424.000000
25.194817	0.640	869,678.000000
25.205483	0.640	888,277.000000
25.216150	0.640	929,221.000000
25.226817	0.640	995,813.000000
25.237483	0.640	1,089,559.000000
25.248150	0.640	1,224,166.000000
25.258817	0.640	1,424,996.000000
25.269483	0.640	1,719,228.000000
25.280150	0.640	2,137,973.000000
25.290817	0.640	2,726,786.000000
25.301483	0.640	3,529,912.000000
25.312150	0.640	4,563,241.000000
25.322817	0.640	5,820,058.000000
25.333483	0.640	7,278,387.000000
25.344150	0.640	8,877,552.000000
25.354817	0.640	10,508,606.000000
25.365483	0.640	12,025,834.000000
25.376150	0.640	13,260,084.000000
25.386817	0.640	14,062,333.000000
25.397483	0.640	14,342,641.000000
25.408150	0.640	14,063,242.000000
25.418817	0.640	13,237,375.000000
25.429483	0.640	11,953,191.000000
25.440150	0.640	10,378,258.000000
25.450817	0.640	8,703,373.000000
25.461483	0.640	7,069,298.000000
25.472150	0.640	5,567,968.000000
25.482817	0.640	4,278,284.000000
25.493483	0.640	3,253,353.000000
25.504150	0.640	2,493,481.000000
25.514817	0.640	1,953,054.000000
25.525483	0.640	1,574,790.000000
25.536150	0.640	1,319,476.000000
25.546817	0.640	1,159,622.000000
25.557483	0.640	1,062,646.000000
25.568150	0.640	1,001,798.000000
25.578817	0.640	966,649.000000
25.589483	0.640	949,824.000000
25.600150	0.640	940,081.000000
25.610817	0.640	931,479.000000
25.621483	0.640	925,333.000000
25.632150	0.640	923,468.000000
25.642817	0.640	925,329.000000
25.653483	0.640	928,613.000000
25.664150	0.640	933,222.000000
25.674817	0.640	941,685.000000
25.685483	0.640	950,549.000000
25.696150	0.640	953,524.000000
25.706817	0.640	952,210.000000
25.717483	0.640	949,859.000000
25.728150	0.640	947,235.000000
25.738817	0.640	947,161.000000
25.749483	0.640	950,666.000000
25.760150	0.640	957,536.000000
25.770817	0.640	968,466.000000
25.781483	0.640	980,115.000000
25.792150	0.640	987,378.000000
25.802817	0.640	990,520.000000
25.813483	0.640	995,877.000000
25.824150	0.640	1,007,544.000000
25.834817	0.640	1,021,637.000000
25.845483	0.640	1,031,861.000000
25.856150	0.640	1,036,333.000000
25.866817	0.640	1,040,480.000000
25.877483	0.640	1,050,983.000000
25.888150	0.640	1,064,460.000000
25.898817	0.640	1,071,846.000000
25.909483	0.640	1,070,822.000000
25.920150	0.640	1,063,591.000000
25.930817	0.640	1,051,367.000000
25.941483	0.640	1,038,325.000000
25.952150	0.640	1,031,949.000000
25.962817	0.640	1,034,678.000000
25.973483	0.640	1,040,387.000000
25.984150	0.640	1,043,013.000000
25.994817	0.640	1,043,423.000000
26.005483	0.640	1,043,256.000000
26.016150	0.640	1,044,170.000000
26.026817	0.640	1,052,513.000000
26.037483	0.640	1,065,589.000000
26.048150	0.640	1,069,779.000000
26.058817	0.640	1,066,109.000000
26.069483	0.640	1,068,496.000000
26.080150	0.640	1,079,293.000000
26.090817	0.640	1,089,785.000000
26.101483	0.640	1,094,660.000000
26.112150	0.640	1,098,698.000000
26.122817	0.640	1,110,560.000000
26.133483	0.640	1,128,368.000000
26.144150	0.640	1,141,966.000000
26.154817	0.640	1,148,012.000000
26.165483	0.640	1,147,612.000000
26.176150	0.640	1,139,762.000000
26.186817	0.640	1,128,435.000000
26.197483	0.640	1,121,605.000000
26.208150	0.640	1,121,617.000000
26.218817	0.640	1,127,729.000000
26.229483	0.640	1,139,841.000000
26.240150	0.640	1,154,717.000000
26.250817	0.640	1,168,953.000000
26.261483	0.640	1,180,549.000000
26.272150	0.640	1,185,636.000000
26.282817	0.640	1,182,355.000000
26.293483	0.640	1,173,627.000000
26.304150	0.640	1,165,565.000000
26.314817	0.640	1,165,548.000000
26.325483	0.640	1,177,696.000000
26.336150	0.640	1,208,505.000000
26.346817	0.640	1,287,024.000000
26.357483	0.640	1,486,564.000000
26.368150	0.640	1,957,249.000000
26.378817	0.640	2,864,538.000000
26.389483	0.640	4,059,936.000000
26.400150	0.640	4,850,990.000000
26.410817	0.640	4,552,416.000000
26.421483	0.640	3,339,052.000000
26.432150	0.640	2,093,977.000000
26.442817	0.640	1,421,787.000000
26.453483	0.640	1,239,778.000000
26.464150	0.640	1,222,139.000000
26.474817	0.640	1,211,755.000000
26.485483	0.640	1,202,089.000000
26.496150	0.640	1,202,275.000000
26.506817	0.640	1,210,085.000000
26.517483	0.640	1,224,788.000000
26.528150	0.640	1,242,756.000000
26.538817	0.640	1,259,129.000000
26.549483	0.640	1,275,410.000000
26.560150	0.640	1,295,348.000000
26.570817	0.640	1,315,978.000000
26.581483	0.640	1,331,043.000000
26.592150	0.640	1,339,127.000000
26.602817	0.640	1,340,824.000000
26.613483	0.640	1,336,120.000000
26.624150	0.640	1,329,887.000000
26.634817	0.640	1,330,307.000000
26.645483	0.640	1,340,196.000000
26.656150	0.640	1,355,714.000000
26.666817	0.640	1,372,915.000000
26.677483	0.640	1,394,355.000000
26.688150	0.640	1,429,814.000000
26.698817	0.640	1,489,862.000000
26.709483	0.640	1,585,012.000000
26.720150	0.640	1,746,126.000000
26.730817	0.640	2,025,513.000000
26.741483	0.640	2,399,905.000000
26.752150	0.640	2,672,775.000000
26.762817	0.640	2,630,823.000000
26.773483	0.640	2,334,269.000000
26.784150	0.640	2,072,309.000000
26.794817	0.640	2,025,492.000000
26.805483	0.640	2,131,826.000000
26.816150	0.640	2,247,469.000000
26.826817	0.640	2,317,049.000000
26.837483	0.640	2,392,553.000000
26.848150	0.640	2,549,758.000000
26.858817	0.640	2,866,244.000000
26.869483	0.640	3,651,868.000000
26.880150	0.640	6,372,229.000000
26.890817	0.640	16,435,144.000000
26.901483	0.640	44,854,568.000000
26.912150	0.640	95,154,217.000000
26.922817	0.640	140,871,301.000000
26.933483	0.640	140,859,794.000000
26.944150	0.640	92,414,783.000000
26.954817	0.640	38,025,657.000000
26.965483	0.640	10,855,855.000000
26.976150	0.640	6,504,611.000000
26.986817	0.640	7,763,102.000000
26.997483	0.640	8,277,496.000000
27.008150	0.640	12,125,325.000000
27.018817	0.640	29,660,961.000000
27.029483	0.640	77,599,528.000000
27.040150	0.640	78,463,919.000000
27.040317	0.010	127,695,878.000000
27.040483	0.010	78,463,919.000000
27.040650	0.010	127,695,878.000000
27.040817	0.010	78,463,919.000000
27.040983	0.010	127,695,878.000000
27.041150	0.010	78,463,919.000000
27.050817	0.580	78,463,919.000000
27.061483	0.640	78,463,919.000000
27.061650	0.010	127,695,878.000000
27.061817	0.010	78,463,919.000000
27.061983	0.010	127,695,878.000000
27.062150	0.010	78,463,919.000000
27.062317	0.010	127,695,878.000000
27.062483	0.010	78,463,919.000000
27.072150	0.580	187,754,843.000000
27.082817	0.640	84,201,067.000000
27.093483	0.640	36,019,961.000000
27.104150	0.640	26,700,658.000000
27.114817	0.640	21,322,915.000000
27.125483	0.640	15,992,771.000000
27.136150	0.640	15,275,327.000000
27.146817	0.640	16,152,372.000000
27.157483	0.640	14,592,215.000000
27.168150	0.640	11,308,605.000000
27.178817	0.640	9,050,657.000000
27.189483	0.640	8,663,124.000000
27.200150	0.640	9,413,840.000000
27.210817	0.640	10,849,913.000000
27.221483	0.640	12,681,878.000000
27.232150	0.640	13,964,928.000000
27.242817	0.640	15,561,489.000000
27.253483	0.640	29,350,062.000000
27.264150	0.640	30,214,453.000000
27.264317	0.010	55,321,679.000000
27.264483	0.010	30,214,453.000000
27.264650	0.010	55,321,679.000000
27.264817	0.010	30,214,453.000000
27.264983	0.010	55,321,679.000000
27.265150	0.010	30,214,453.000000
27.274817	0.580	30,214,453.000000
27.285483	0.640	30,214,453.000000
27.296150	0.640	30,214,453.000000
27.306817	0.640	30,214,453.000000
27.317483	0.640	30,214,453.000000
27.317650	0.010	55,321,679.000000
27.317817	0.010	30,214,453.000000
27.317983	0.010	55,321,679.000000
27.318150	0.010	30,214,453.000000
27.318317	0.010	55,321,679.000000
27.318483	0.010	30,214,453.000000
27.328150	0.580	209,460,845.000000
27.338817	0.640	114,370,787.000000
27.349483	0.640	74,171,851.000000
27.360150	0.640	65,673,648.000000
27.370817	0.640	60,500,532.000000
27.381483	0.640	61,364,923.000000
27.381650	0.010	102,047,384.000000
27.381817	0.010	61,364,923.000000
27.381983	0.010	102,047,384.000000
27.382150	0.010	61,364,923.000000
27.382317	0.010	102,047,384.000000
27.382483	0.010	61,364,923.000000
27.392150	0.580	61,364,923.000000
27.402817	0.640	61,364,923.000000
27.413483	0.640	61,364,923.000000
27.424150	0.640	61,364,923.000000
27.434817	0.640	61,364,923.000000
27.445483	0.640	61,364,923.000000
27.456150	0.640	61,364,923.000000
27.466817	0.640	61,364,923.000000
27.477483	0.640	61,364,923.000000
27.488150	0.640	61,364,923.000000
27.488317	0.010	102,047,384.000000
27.488483	0.010	61,364,923.000000
27.488650	0.010	102,047,384.000000
27.488817	0.010	61,364,923.000000
27.488983	0.010	102,047,384.000000
27.489150	0.010	61,364,923.000000
27.498817	0.580	125,056,573.000000
27.509483	0.640	98,407,717.000000
27.520150	0.640	101,094,951.000000
27.530817	0.640	99,233,636.000000
27.541483	0.640	82,789,864.000000
27.552150	0.640	65,634,744.000000
27.562817	0.640	55,827,391.000000
27.573483	0.640	49,824,092.000000
27.584150	0.640	44,333,674.000000
27.594817	0.640	39,651,209.000000
27.605483	0.640	36,420,154.000000
27.616150	0.640	34,404,866.000000
27.626817	0.640	32,954,401.000000
27.637483	0.640	31,221,723.000000
27.648150	0.640	29,033,994.000000
27.658817	0.640	27,164,880.000000
27.669483	0.640	25,940,373.000000
27.680150	0.640	24,781,019.000000
27.690817	0.640	23,440,695.000000
27.701483	0.640	22,385,447.000000
27.712150	0.640	21,897,148.000000
27.722817	0.640	21,726,355.000000
27.733483	0.640	21,527,682.000000
27.744150	0.640	21,236,163.000000
27.754817	0.640	21,187,695.000000
27.765483	0.640	21,808,501.000000
27.776150	0.640	22,992,677.000000
27.786817	0.640	24,048,008.000000
27.797483	0.640	24,316,847.000000
27.808150	0.640	23,601,194.000000
27.818817	0.640	22,191,624.000000
27.829483	0.640	20,736,420.000000
27.840150	0.640	19,848,627.000000
27.850817	0.640	19,671,014.000000
27.861483	0.640	19,918,479.000000
27.872150	0.640	20,554,680.000000
27.882817	0.640	23,146,511.000000
27.893483	0.640	33,729,889.000000
27.904150	0.640	34,594,280.000000
27.904317	0.010	61,891,420.000000
27.904483	0.010	34,594,280.000000
27.904650	0.010	61,891,420.000000
27.904817	0.010	34,594,280.000000
27.904983	0.010	61,891,420.000000
27.905150	0.010	34,594,280.000000
27.914817	0.580	34,594,280.000000
27.925483	0.640	34,594,280.000000
27.936150	0.640	34,594,280.000000
27.946817	0.640	34,594,280.000000
27.957483	0.640	34,594,280.000000
27.968150	0.640	34,594,280.000000
27.978817	0.640	34,594,280.000000
27.989483	0.640	34,594,280.000000
28.000150	0.640	34,594,280.000000
28.010817	0.640	34,594,280.000000
28.021483	0.640	34,594,280.000000
28.032150	0.640	34,594,280.000000
28.042817	0.640	34,594,280.000000
28.053483	0.640	34,594,280.000000
28.064150	0.640	34,594,280.000000
28.074883	0.644	34,594,280.000000
28.085483	0.636	34,594,280.000000
28.096150	0.640	34,594,280.000000
28.106817	0.640	34,594,280.000000
28.106983	0.010	61,891,420.000000
28.107150	0.010	34,594,280.000000
28.107317	0.010	61,891,420.000000
28.107483	0.010	34,594,280.000000
28.107650	0.010	61,891,420.000000
28.107817	0.010	34,594,280.000000
28.117483	0.580	143,418,716.000000
28.128150	0.640	72,648,607.000000
28.138817	0.640	61,870,671.000000
28.149483	0.640	66,584,098.000000
28.160150	0.640	63,865,913.000000
28.170817	0.640	54,655,485.000000
28.181483	0.640	42,613,790.000000
28.192150	0.640	31,691,835.000000
28.202817	0.640	28,501,862.000000
28.213483	0.640	40,005,310.000000
28.224150	0.640	72,799,569.000000
28.234817	0.640	125,110,289.000000
28.245483	0.640	177,418,491.000000
28.256150	0.640	207,999,999.000000
28.266817	0.640	218,125,837.000000
28.277483	0.640	224,050,681.000000
28.288150	0.640	230,580,552.000000
28.298817	0.640	229,943,335.000000
28.309483	0.640	218,473,741.000000
28.320150	0.640	201,301,918.000000
28.330817	0.640	184,929,577.000000
28.341483	0.640	171,696,648.000000
28.352150	0.640	159,537,375.000000
28.362817	0.640	143,503,303.000000
28.373483	0.640	118,781,079.000000
28.384150	0.640	86,179,151.000000
28.394817	0.640	54,246,398.000000
28.405483	0.640	32,206,421.000000
28.416150	0.640	21,563,031.000000
28.426817	0.640	17,568,713.000000
28.437483	0.640	16,540,153.000000
28.448150	0.640	17,968,811.000000
28.458817	0.640	20,919,773.000000
28.469483	0.640	22,367,646.000000
28.480150	0.640	20,192,299.000000
28.490817	0.640	15,703,689.000000
28.501483	0.640	11,772,919.000000
28.512150	0.640	9,705,572.000000
28.522817	0.640	8,933,697.000000
28.533483	0.640	8,604,731.000000
28.544150	0.640	8,403,663.000000
28.554817	0.640	8,276,786.000000
28.565483	0.640	8,126,217.000000
28.576150	0.640	7,869,668.000000
28.586817	0.640	7,535,218.000000
28.597483	0.640	7,204,591.000000
28.608150	0.640	6,904,115.000000
28.618817	0.640	6,562,028.000000
28.629483	0.640	6,051,641.000000
28.640150	0.640	5,275,810.000000
28.650817	0.640	4,265,818.000000
28.661483	0.640	3,200,553.000000
28.672150	0.640	2,273,391.000000
28.682817	0.640	1,561,864.000000
28.693483	0.640	1,053,536.000000
28.704150	0.640	735,907.000000
28.714817	0.640	668,820.000000
28.725483	0.640	875,785.000000
28.736150	0.640	1,039,274.000000
28.746817	0.640	790,066.000000
28.757483	0.640	335,730.000000
28.768150	0.640	101,786.000000
28.778817	0.640	96,530.000000
28.789483	0.640	116,793.000000
28.800150	0.640	97,033.000000
28.810817	0.640	71,307.000000
28.821483	0.640	57,472.000000
28.832150	0.640	48,542.000000
28.842817	0.640	42,386.000000
28.853483	0.640	40,533.000000
28.864150	0.640	38,406.000000
28.874817	0.640	31,607.000000
28.885483	0.640	22,446.000000
28.896150	0.640	17,295.000000
28.906817	0.640	18,973.000000
28.917483	0.640	21,343.000000
28.928150	0.640	18,876.000000
28.938817	0.640	15,350.000000
28.949483	0.640	12,428.000000
28.960150	0.640	6,205.000000
28.970817	0.640	217.000000
28.981483	0.640	2,831.000000
28.992150	0.640	10,856.000000
29.002817	0.640	11,882.000000
29.013483	0.640	4,462.000000
29.024150	0.640	-380.000000
29.034817	0.640	3,319.000000
29.045483	0.640	10,490.000000
29.056150	0.640	12,700.000000
29.066817	0.640	9,954.000000
29.077483	0.640	10,421.000000
29.088150	0.640	14,621.000000
29.098817	0.640	14,722.000000
29.109483	0.640	8,087.000000
29.120150	0.640	1,089.000000
29.130817	0.640	1,532.000000
29.141483	0.640	8,036.000000
29.152150	0.640	13,433.000000
29.162817	0.640	17,068.000000
29.173483	0.640	20,509.000000
29.184150	0.640	18,812.000000
29.194817	0.640	10,083.000000
29.205483	0.640	3,316.000000
29.216150	0.640	6,031.000000
29.226817	0.640	13,029.000000
29.237483	0.640	15,013.000000
29.248150	0.640	10,848.000000
29.258817	0.640	5,574.000000
29.269483	0.640	3,153.000000
29.280150	0.640	3,090.000000
29.290817	0.640	2,363.000000
29.301483	0.640	1,650.000000
29.312150	0.640	4,839.000000
29.322817	0.640	10,939.000000
29.333483	0.640	14,246.000000
29.344150	0.640	13,431.000000
29.354817	0.640	11,226.000000
29.365483	0.640	8,120.000000
29.376150	0.640	4,935.000000
29.386817	0.640	4,695.000000
29.397483	0.640	7,250.000000
29.408150	0.640	9,484.000000
29.418817	0.640	11,387.000000
29.429483	0.640	14,136.000000
29.440150	0.640	14,698.000000
29.450817	0.640	11,619.000000
29.461483	0.640	10,072.000000
29.472150	0.640	12,693.000000
29.482817	0.640	15,635.000000
29.493483	0.640	16,189.000000
29.504150	0.640	12,300.000000
29.514817	0.640	2,784.000000
29.525483	0.640	-3,164.000000
29.536150	0.640	4,533.000000
29.546817	0.640	18,703.000000
29.557483	0.640	25,923.000000
29.568150	0.640	24,873.000000
29.578817	0.640	21,991.000000
29.589483	0.640	19,622.000000
29.600150	0.640	16,133.000000
29.610817	0.640	13,237.000000
29.621483	0.640	13,969.000000
29.632150	0.640	16,141.000000
29.642817	0.640	16,312.000000
29.653483	0.640	14,213.000000
29.664150	0.640	10,872.000000
29.674817	0.640	8,853.000000
29.685483	0.640	9,925.000000
29.696150	0.640	11,590.000000
29.706817	0.640	10,883.000000
29.717483	0.640	8,574.000000
29.728150	0.640	7,016.000000
29.738817	0.640	5,797.000000
29.749483	0.640	3,446.000000
29.760150	0.640	1,950.000000
29.770817	0.640	4,193.000000
29.781483	0.640	7,864.000000
29.792150	0.640	7,705.000000
29.802817	0.640	4,956.000000
29.813483	0.640	5,579.000000
29.824150	0.640	10,191.000000
29.834817	0.640	15,206.000000
29.845483	0.640	18,528.000000
29.856150	0.640	19,046.000000
29.866817	0.640	15,404.000000
29.877483	0.640	8,557.000000
29.888150	0.640	4,309.000000
29.898817	0.640	7,625.000000
29.909483	0.640	14,778.000000
29.920150	0.640	17,736.000000
29.930817	0.640	13,682.000000
29.941483	0.640	7,678.000000
29.952150	0.640	8,263.000000
29.962817	0.640	15,776.000000
29.973483	0.640	19,098.000000
29.984150	0.640	13,582.000000
29.994817	0.640	9,163.000000
30.005483	0.640	11,124.000000
