File Path	chrom://nnfcb-l0495/ChromeleonLocal/20180320_AA_Lars Nielsen samples Vienna_lbpet.seq/604.smp/Emission_2.channel/Emission_2.chm
Channel	Emission_2

Injection Information:
Data Vault	ChromeleonLocal
Injection	20180320_Lars Nielsen samples Vienna_dx20_BB11
Injection Number	36
Position	BB11
Comment	
Processing Method	20171024_Calculated with IS_lbpet
Instrument Method	20161104_AA_GeminiC18_FinalVer7
Type	Unknown
Status	Finished
Injection Date	21-03-2018
Injection Time	07:46:43
Injection Volume (µl)	56.500
Dilution Factor	1.0000
Weight	1.0000

Raw Data Information:
Time Min. (min)	0.007833
Time Max. (min)	30.005500
Data Points	2849
Detector	FLD
Exporting Data System	Chromeleon 7.1.2.1478
Operator	
Signal Quantity	
Signal Unit	counts
Signal Min.	-10,814.000000
Signal Max.	243,865,583.000000
Channel	Emission_2
Driver Name	FLD3000.dll
Channel Type	Evaluation
Min. Step (s)	0.010
Max. Step (s)	0.820
Average Step (s)	0.632

Signal Parameter Information:
Signal Info	266 nm /305 nm

Raw Data:
Time (min)	Step (s)	Value (counts)
0.007833	0.000	0.000000
0.021500	0.820	0.000000
0.032167	0.640	0.000000
0.042833	0.640	1,807.000000
0.053500	0.640	4,410.000000
0.064167	0.640	6,099.000000
0.074833	0.640	7,612.000000
0.085500	0.640	10,171.000000
0.096167	0.640	11,455.000000
0.106833	0.640	11,170.000000
0.117500	0.640	12,306.000000
0.128167	0.640	14,207.000000
0.138833	0.640	13,633.000000
0.149500	0.640	9,963.000000
0.160167	0.640	7,787.000000
0.170833	0.640	10,946.000000
0.181500	0.640	13,850.000000
0.192167	0.640	12,431.000000
0.202833	0.640	12,837.000000
0.213500	0.640	15,682.000000
0.224167	0.640	13,831.000000
0.234833	0.640	7,569.000000
0.245500	0.640	4,249.000000
0.256167	0.640	7,879.000000
0.266833	0.640	12,599.000000
0.277500	0.640	11,998.000000
0.288167	0.640	10,587.000000
0.298833	0.640	11,082.000000
0.309500	0.640	9,473.000000
0.320167	0.640	8,121.000000
0.330833	0.640	11,813.000000
0.341500	0.640	18,875.000000
0.352167	0.640	24,775.000000
0.362833	0.640	25,410.000000
0.373500	0.640	20,302.000000
0.384167	0.640	14,411.000000
0.394833	0.640	11,426.000000
0.405500	0.640	10,399.000000
0.416167	0.640	10,675.000000
0.426833	0.640	13,179.000000
0.437500	0.640	17,269.000000
0.448167	0.640	20,347.000000
0.458833	0.640	19,732.000000
0.469500	0.640	15,918.000000
0.480167	0.640	12,977.000000
0.490833	0.640	11,892.000000
0.501500	0.640	10,263.000000
0.512167	0.640	9,412.000000
0.522833	0.640	11,745.000000
0.533500	0.640	14,247.000000
0.544167	0.640	11,508.000000
0.554833	0.640	4,385.000000
0.565500	0.640	840.000000
0.576167	0.640	3,004.000000
0.586833	0.640	2,965.000000
0.597500	0.640	-895.000000
0.608167	0.640	-628.000000
0.618833	0.640	5,180.000000
0.629500	0.640	10,703.000000
0.640167	0.640	12,682.000000
0.650833	0.640	11,721.000000
0.661500	0.640	11,052.000000
0.672167	0.640	12,161.000000
0.682833	0.640	12,314.000000
0.693500	0.640	10,715.000000
0.704167	0.640	10,649.000000
0.714833	0.640	13,234.000000
0.725500	0.640	14,633.000000
0.736167	0.640	13,006.000000
0.746833	0.640	11,370.000000
0.757500	0.640	10,142.000000
0.768167	0.640	8,094.000000
0.778833	0.640	8,895.000000
0.789500	0.640	14,285.000000
0.800167	0.640	16,888.000000
0.810833	0.640	11,619.000000
0.821500	0.640	5,123.000000
0.832167	0.640	3,948.000000
0.842833	0.640	4,716.000000
0.853500	0.640	3,159.000000
0.864167	0.640	2,699.000000
0.874833	0.640	7,038.000000
0.885500	0.640	12,209.000000
0.896167	0.640	11,160.000000
0.906833	0.640	2,676.000000
0.917500	0.640	-4,411.000000
0.928167	0.640	-1,245.000000
0.938833	0.640	6,827.000000
0.949500	0.640	9,132.000000
0.960167	0.640	6,936.000000
0.970833	0.640	6,726.000000
0.981500	0.640	8,192.000000
0.992167	0.640	10,306.000000
1.002833	0.640	13,782.000000
1.013500	0.640	15,058.000000
1.024167	0.640	11,655.000000
1.034833	0.640	8,142.000000
1.045500	0.640	9,416.000000
1.056167	0.640	13,249.000000
1.066833	0.640	15,473.000000
1.077500	0.640	18,016.000000
1.088167	0.640	21,339.000000
1.098833	0.640	20,670.000000
1.109500	0.640	17,189.000000
1.120167	0.640	14,818.000000
1.130833	0.640	11,865.000000
1.141500	0.640	6,829.000000
1.152167	0.640	634.000000
1.162833	0.640	-2,293.000000
1.173500	0.640	2,424.000000
1.184167	0.640	8,336.000000
1.194833	0.640	8,232.000000
1.205500	0.640	5,527.000000
1.216167	0.640	3,367.000000
1.226833	0.640	722.000000
1.237500	0.640	-623.000000
1.248167	0.640	1,731.000000
1.258833	0.640	6,039.000000
1.269500	0.640	8,591.000000
1.280167	0.640	8,970.000000
1.290833	0.640	10,999.000000
1.301500	0.640	14,124.000000
1.312167	0.640	11,726.000000
1.322833	0.640	5,505.000000
1.333500	0.640	5,091.000000
1.344167	0.640	9,539.000000
1.354833	0.640	9,840.000000
1.365500	0.640	5,228.000000
1.376167	0.640	1,126.000000
1.386833	0.640	-10.000000
1.397500	0.640	1,024.000000
1.408167	0.640	2,251.000000
1.418833	0.640	2,695.000000
1.429500	0.640	5,243.000000
1.440167	0.640	11,709.000000
1.450833	0.640	17,362.000000
1.461500	0.640	16,928.000000
1.472167	0.640	11,051.000000
1.482833	0.640	5,148.000000
1.493500	0.640	4,388.000000
1.504167	0.640	8,961.000000
1.514833	0.640	15,021.000000
1.525500	0.640	20,848.000000
1.536167	0.640	26,054.000000
1.546833	0.640	26,133.000000
1.557500	0.640	19,464.000000
1.568167	0.640	11,984.000000
1.578833	0.640	7,713.000000
1.589500	0.640	6,550.000000
1.600167	0.640	7,455.000000
1.610833	0.640	8,080.000000
1.621500	0.640	7,944.000000
1.632167	0.640	8,480.000000
1.642833	0.640	9,051.000000
1.653500	0.640	8,054.000000
1.664167	0.640	5,491.000000
1.674833	0.640	1,861.000000
1.685500	0.640	-1,200.000000
1.696167	0.640	139.000000
1.706833	0.640	5,390.000000
1.717500	0.640	9,716.000000
1.728167	0.640	12,164.000000
1.738833	0.640	13,693.000000
1.749500	0.640	14,862.000000
1.760167	0.640	16,953.000000
1.770833	0.640	18,907.000000
1.781500	0.640	18,558.000000
1.792167	0.640	16,403.000000
1.802833	0.640	14,343.000000
1.813500	0.640	13,057.000000
1.824167	0.640	12,749.000000
1.834833	0.640	12,352.000000
1.845500	0.640	9,999.000000
1.856167	0.640	8,545.000000
1.866833	0.640	11,673.000000
1.877500	0.640	15,902.000000
1.888167	0.640	15,810.000000
1.898833	0.640	11,468.000000
1.909500	0.640	7,026.000000
1.920167	0.640	5,039.000000
1.930833	0.640	3,842.000000
1.941500	0.640	2,851.000000
1.952167	0.640	4,241.000000
1.962833	0.640	7,324.000000
1.973500	0.640	10,140.000000
1.984167	0.640	12,411.000000
1.994833	0.640	13,816.000000
2.005500	0.640	15,204.000000
2.016167	0.640	16,748.000000
2.026833	0.640	17,115.000000
2.037500	0.640	17,249.000000
2.048167	0.640	16,475.000000
2.058833	0.640	12,998.000000
2.069500	0.640	9,911.000000
2.080167	0.640	8,805.000000
2.090833	0.640	8,305.000000
2.101500	0.640	11,280.000000
2.112167	0.640	19,206.000000
2.122833	0.640	25,972.000000
2.133500	0.640	25,720.000000
2.144167	0.640	21,389.000000
2.154833	0.640	19,130.000000
2.165500	0.640	17,454.000000
2.176167	0.640	14,520.000000
2.186833	0.640	16,249.000000
2.197500	0.640	21,546.000000
2.208167	0.640	20,797.000000
2.218833	0.640	15,511.000000
2.229500	0.640	15,207.000000
2.240167	0.640	20,422.000000
2.250833	0.640	25,055.000000
2.261500	0.640	27,952.000000
2.272167	0.640	31,764.000000
2.282833	0.640	34,115.000000
2.293500	0.640	31,629.000000
2.304167	0.640	27,758.000000
2.314833	0.640	26,500.000000
2.325500	0.640	26,361.000000
2.336167	0.640	24,104.000000
2.346833	0.640	19,313.000000
2.357500	0.640	15,309.000000
2.368167	0.640	14,070.000000
2.378833	0.640	13,070.000000
2.389500	0.640	11,334.000000
2.400167	0.640	11,318.000000
2.410833	0.640	12,963.000000
2.421500	0.640	13,298.000000
2.432167	0.640	11,915.000000
2.442833	0.640	11,912.000000
2.453500	0.640	14,404.000000
2.464167	0.640	15,634.000000
2.474833	0.640	13,467.000000
2.485500	0.640	13,520.000000
2.496167	0.640	19,547.000000
2.506833	0.640	23,785.000000
2.517500	0.640	19,247.000000
2.528167	0.640	10,375.000000
2.538833	0.640	3,856.000000
2.549500	0.640	1,963.000000
2.560167	0.640	4,885.000000
2.570833	0.640	10,525.000000
2.581500	0.640	15,432.000000
2.592167	0.640	17,039.000000
2.602833	0.640	13,885.000000
2.613500	0.640	8,672.000000
2.624167	0.640	7,211.000000
2.634833	0.640	10,493.000000
2.645500	0.640	14,225.000000
2.656167	0.640	15,516.000000
2.666833	0.640	14,710.000000
2.677500	0.640	12,232.000000
2.688167	0.640	9,550.000000
2.698833	0.640	10,573.000000
2.709500	0.640	14,071.000000
2.720167	0.640	14,054.000000
2.730833	0.640	10,687.000000
2.741500	0.640	8,119.000000
2.752167	0.640	7,654.000000
2.762833	0.640	8,530.000000
2.773500	0.640	8,358.000000
2.784167	0.640	6,348.000000
2.794833	0.640	6,100.000000
2.805500	0.640	9,089.000000
2.816167	0.640	10,814.000000
2.826833	0.640	8,386.000000
2.837500	0.640	5,880.000000
2.848167	0.640	7,128.000000
2.858833	0.640	10,153.000000
2.869500	0.640	11,450.000000
2.880167	0.640	9,079.000000
2.890833	0.640	5,821.000000
2.901500	0.640	7,086.000000
2.912167	0.640	10,283.000000
2.922833	0.640	9,691.000000
2.933500	0.640	7,353.000000
2.944167	0.640	7,670.000000
2.954833	0.640	11,656.000000
2.965500	0.640	17,640.000000
2.976167	0.640	22,967.000000
2.986833	0.640	25,793.000000
2.997500	0.640	25,921.000000
3.008167	0.640	23,884.000000
3.018833	0.640	18,195.000000
3.029500	0.640	11,433.000000
3.040167	0.640	12,010.000000
3.050833	0.640	18,534.000000
3.061500	0.640	21,366.000000
3.072167	0.640	19,596.000000
3.082833	0.640	17,309.000000
3.093500	0.640	16,022.000000
3.104167	0.640	17,340.000000
3.114833	0.640	19,761.000000
3.125500	0.640	19,681.000000
3.136167	0.640	18,448.000000
3.146833	0.640	19,072.000000
3.157500	0.640	21,007.000000
3.168167	0.640	20,243.000000
3.178833	0.640	13,962.000000
3.189500	0.640	7,655.000000
3.200167	0.640	7,783.000000
3.210833	0.640	10,084.000000
3.221500	0.640	8,608.000000
3.232167	0.640	6,042.000000
3.242833	0.640	6,186.000000
3.253500	0.640	6,791.000000
3.264167	0.640	6,552.000000
3.274833	0.640	10,606.000000
3.285500	0.640	19,144.000000
3.296167	0.640	24,167.000000
3.306833	0.640	23,460.000000
3.317500	0.640	19,979.000000
3.328167	0.640	12,980.000000
3.338833	0.640	4,307.000000
3.349500	0.640	1,276.000000
3.360167	0.640	3,736.000000
3.370833	0.640	5,753.000000
3.381500	0.640	10,061.000000
3.392167	0.640	18,337.000000
3.402833	0.640	21,724.000000
3.413500	0.640	16,728.000000
3.424167	0.640	10,919.000000
3.434833	0.640	9,982.000000
3.445500	0.640	12,199.000000
3.456167	0.640	14,590.000000
3.466833	0.640	15,676.000000
3.477500	0.640	14,143.000000
3.488167	0.640	12,160.000000
3.498833	0.640	11,645.000000
3.509500	0.640	9,375.000000
3.520167	0.640	5,947.000000
3.530833	0.640	5,503.000000
3.541500	0.640	6,396.000000
3.552167	0.640	6,563.000000
3.562833	0.640	8,251.000000
3.573500	0.640	11,775.000000
3.584167	0.640	14,388.000000
3.594833	0.640	14,381.000000
3.605500	0.640	12,423.000000
3.616167	0.640	10,228.000000
3.626833	0.640	7,736.000000
3.637500	0.640	5,101.000000
3.648167	0.640	5,056.000000
3.658833	0.640	6,879.000000
3.669500	0.640	5,721.000000
3.680167	0.640	1,578.000000
3.690833	0.640	614.000000
3.701500	0.640	6,342.000000
3.712167	0.640	13,976.000000
3.722833	0.640	15,656.000000
3.733500	0.640	11,092.000000
3.744167	0.640	7,090.000000
3.754833	0.640	7,241.000000
3.765500	0.640	10,848.000000
3.776167	0.640	14,550.000000
3.786833	0.640	13,237.000000
3.797500	0.640	8,495.000000
3.808167	0.640	6,978.000000
3.818833	0.640	9,273.000000
3.829500	0.640	10,358.000000
3.840167	0.640	7,742.000000
3.850833	0.640	4,146.000000
3.861500	0.640	2,123.000000
3.872167	0.640	1,807.000000
3.882833	0.640	3,956.000000
3.893500	0.640	6,893.000000
3.904167	0.640	6,171.000000
3.914833	0.640	2,688.000000
3.925500	0.640	2,797.000000
3.936167	0.640	7,784.000000
3.946833	0.640	11,099.000000
3.957500	0.640	9,987.000000
3.968167	0.640	9,008.000000
3.978833	0.640	9,588.000000
3.989500	0.640	9,301.000000
4.000167	0.640	8,797.000000
4.010833	0.640	10,577.000000
4.021500	0.640	13,319.000000
4.032167	0.640	11,777.000000
4.042833	0.640	5,147.000000
4.053500	0.640	-464.000000
4.064167	0.640	-1,092.000000
4.074833	0.640	1,324.000000
4.085500	0.640	3,102.000000
4.096167	0.640	3,206.000000
4.106833	0.640	4,682.000000
4.117500	0.640	7,915.000000
4.128167	0.640	7,075.000000
4.138833	0.640	1,372.000000
4.149500	0.640	-2,099.000000
4.160167	0.640	-472.000000
4.170833	0.640	3,460.000000
4.181500	0.640	7,135.000000
4.192167	0.640	8,655.000000
4.202833	0.640	7,035.000000
4.213500	0.640	3,688.000000
4.224167	0.640	1,009.000000
4.234833	0.640	-230.000000
4.245500	0.640	248.000000
4.256167	0.640	2,541.000000
4.266833	0.640	4,683.000000
4.277500	0.640	4,520.000000
4.288167	0.640	3,934.000000
4.298833	0.640	6,718.000000
4.309500	0.640	8,676.000000
4.320167	0.640	2,679.000000
4.330833	0.640	-4,092.000000
4.341500	0.640	-1,184.000000
4.352167	0.640	5,206.000000
4.362833	0.640	5,959.000000
4.373500	0.640	3,791.000000
4.384167	0.640	3,411.000000
4.394833	0.640	4,475.000000
4.405500	0.640	4,686.000000
4.416167	0.640	3,036.000000
4.426833	0.640	2,082.000000
4.437500	0.640	5,495.000000
4.448167	0.640	12,404.000000
4.458833	0.640	17,689.000000
4.469500	0.640	17,436.000000
4.480167	0.640	13,655.000000
4.490833	0.640	11,409.000000
4.501500	0.640	10,126.000000
4.512167	0.640	8,143.000000
4.522833	0.640	8,544.000000
4.533500	0.640	9,750.000000
4.544167	0.640	6,751.000000
4.554833	0.640	1,123.000000
4.565500	0.640	-1,939.000000
4.576167	0.640	-823.000000
4.586833	0.640	182.000000
4.597550	0.643	-1,557.000000
4.608167	0.637	-387.000000
4.618833	0.640	5,117.000000
4.629500	0.640	7,132.000000
4.640167	0.640	3,729.000000
4.650833	0.640	148.000000
4.661500	0.640	-9.000000
4.672167	0.640	3,770.000000
4.682833	0.640	7,965.000000
4.693500	0.640	9,722.000000
4.704167	0.640	9,975.000000
4.714833	0.640	8,615.000000
4.725500	0.640	6,867.000000
4.736167	0.640	8,412.000000
4.746833	0.640	10,681.000000
4.757500	0.640	6,490.000000
4.768167	0.640	-463.000000
4.778833	0.640	852.000000
4.789500	0.640	6,862.000000
4.800167	0.640	6,920.000000
4.810833	0.640	5,225.000000
4.821500	0.640	9,262.000000
4.832167	0.640	14,080.000000
4.842833	0.640	13,313.000000
4.853500	0.640	9,380.000000
4.864167	0.640	7,834.000000
4.874833	0.640	8,773.000000
4.885500	0.640	7,195.000000
4.896167	0.640	2,591.000000
4.906833	0.640	1,043.000000
4.917500	0.640	5,739.000000
4.928167	0.640	12,543.000000
4.938833	0.640	15,217.000000
4.949500	0.640	13,586.000000
4.960167	0.640	15,905.000000
4.970833	0.640	31,463.000000
4.981500	0.640	64,490.000000
4.992167	0.640	112,442.000000
5.002833	0.640	162,102.000000
5.013500	0.640	193,269.000000
5.024167	0.640	195,833.000000
5.034833	0.640	179,714.000000
5.045500	0.640	161,115.000000
5.056167	0.640	144,118.000000
5.066833	0.640	124,735.000000
5.077500	0.640	104,815.000000
5.088167	0.640	88,954.000000
5.098833	0.640	74,655.000000
5.109500	0.640	58,305.000000
5.120167	0.640	44,040.000000
5.130833	0.640	36,003.000000
5.141500	0.640	31,349.000000
5.152167	0.640	26,530.000000
5.162833	0.640	21,606.000000
5.173500	0.640	18,015.000000
5.184167	0.640	16,479.000000
5.194833	0.640	17,127.000000
5.205500	0.640	19,417.000000
5.216167	0.640	19,900.000000
5.226833	0.640	14,948.000000
5.237500	0.640	8,748.000000
5.248167	0.640	8,581.000000
5.258833	0.640	11,923.000000
5.269500	0.640	10,892.000000
5.280167	0.640	5,519.000000
5.290833	0.640	2,748.000000
5.301500	0.640	4,829.000000
5.312167	0.640	6,519.000000
5.322833	0.640	5,645.000000
5.333500	0.640	5,589.000000
5.344167	0.640	5,934.000000
5.354833	0.640	4,515.000000
5.365500	0.640	3,646.000000
5.376167	0.640	4,551.000000
5.386833	0.640	5,939.000000
5.397500	0.640	9,251.000000
5.408167	0.640	15,126.000000
5.418833	0.640	17,639.000000
5.429500	0.640	11,912.000000
5.440167	0.640	2,528.000000
5.450833	0.640	-2,656.000000
5.461500	0.640	-1,131.000000
5.472167	0.640	2,467.000000
5.482833	0.640	2,461.000000
5.493500	0.640	-800.000000
5.504167	0.640	-4,457.000000
5.514833	0.640	-6,506.000000
5.525500	0.640	-3,086.000000
5.536167	0.640	7,273.000000
5.546833	0.640	17,527.000000
5.557500	0.640	18,756.000000
5.568167	0.640	11,114.000000
5.578833	0.640	2,085.000000
5.589500	0.640	-2,593.000000
5.600167	0.640	-2,252.000000
5.610833	0.640	55.000000
5.621550	0.643	1,508.000000
5.632167	0.637	1,934.000000
5.642833	0.640	2,257.000000
5.653500	0.640	3,376.000000
5.664167	0.640	5,204.000000
5.674833	0.640	6,610.000000
5.685500	0.640	6,220.000000
5.696167	0.640	4,425.000000
5.706833	0.640	3,525.000000
5.717500	0.640	2,211.000000
5.728167	0.640	-2,385.000000
5.738833	0.640	-6,914.000000
5.749500	0.640	-6,524.000000
5.760167	0.640	-2,660.000000
5.770833	0.640	541.000000
5.781500	0.640	2,253.000000
5.792167	0.640	3,490.000000
5.802833	0.640	2,878.000000
5.813500	0.640	411.000000
5.824167	0.640	1,394.000000
5.834833	0.640	6,360.000000
5.845500	0.640	8,839.000000
5.856167	0.640	9,481.000000
5.866833	0.640	11,922.000000
5.877500	0.640	12,265.000000
5.888167	0.640	9,395.000000
5.898833	0.640	7,202.000000
5.909500	0.640	5,542.000000
5.920167	0.640	3,646.000000
5.930833	0.640	3,125.000000
5.941500	0.640	4,675.000000
5.952167	0.640	8,200.000000
5.962833	0.640	11,878.000000
5.973500	0.640	12,182.000000
5.984167	0.640	7,912.000000
5.994833	0.640	1,552.000000
6.005500	0.640	-2,162.000000
6.016167	0.640	-1,203.000000
6.026833	0.640	132.000000
6.037500	0.640	-1,072.000000
6.048167	0.640	-1,727.000000
6.058833	0.640	-765.000000
6.069500	0.640	411.000000
6.080167	0.640	4,008.000000
6.090833	0.640	10,116.000000
6.101500	0.640	12,415.000000
6.112167	0.640	8,303.000000
6.122833	0.640	4,054.000000
6.133500	0.640	4,350.000000
6.144167	0.640	6,001.000000
6.154833	0.640	6,366.000000
6.165500	0.640	6,396.000000
6.176167	0.640	4,881.000000
6.186833	0.640	2,344.000000
6.197500	0.640	2,776.000000
6.208167	0.640	5,417.000000
6.218833	0.640	7,363.000000
6.229500	0.640	8,259.000000
6.240167	0.640	6,908.000000
6.250833	0.640	4,379.000000
6.261500	0.640	3,336.000000
6.272167	0.640	1,640.000000
6.282833	0.640	-1,737.000000
6.293500	0.640	-797.000000
6.304167	0.640	6,746.000000
6.314833	0.640	12,195.000000
6.325500	0.640	9,711.000000
6.336167	0.640	4,110.000000
6.346833	0.640	829.000000
6.357500	0.640	1,058.000000
6.368167	0.640	2,966.000000
6.378833	0.640	3,246.000000
6.389500	0.640	1,921.000000
6.400167	0.640	2,375.000000
6.410833	0.640	4,623.000000
6.421500	0.640	6,264.000000
6.432167	0.640	8,579.000000
6.442833	0.640	11,318.000000
6.453500	0.640	10,452.000000
6.464167	0.640	7,671.000000
6.474833	0.640	7,125.000000
6.485500	0.640	6,733.000000
6.496167	0.640	3,819.000000
6.506833	0.640	945.000000
6.517500	0.640	1,365.000000
6.528167	0.640	2,568.000000
6.538833	0.640	1,791.000000
6.549500	0.640	2,063.000000
6.560167	0.640	3,654.000000
6.570833	0.640	2,948.000000
6.581500	0.640	146.000000
6.592167	0.640	-2,478.000000
6.602833	0.640	-3,017.000000
6.613500	0.640	-1,505.000000
6.624167	0.640	-2,108.000000
6.634833	0.640	-5,401.000000
6.645500	0.640	-4,772.000000
6.656167	0.640	748.000000
6.666833	0.640	4,083.000000
6.677500	0.640	3,804.000000
6.688167	0.640	4,515.000000
6.698833	0.640	5,821.000000
6.709550	0.643	2,903.000000
6.720167	0.637	-2,066.000000
6.730833	0.640	-2,259.000000
6.741500	0.640	-80.000000
6.752167	0.640	-70.000000
6.762833	0.640	1,373.000000
6.773500	0.640	4,656.000000
6.784167	0.640	5,108.000000
6.794833	0.640	4,141.000000
6.805500	0.640	5,132.000000
6.816167	0.640	5,791.000000
6.826833	0.640	3,275.000000
6.837500	0.640	-201.000000
6.848167	0.640	456.000000
6.858833	0.640	4,975.000000
6.869500	0.640	5,594.000000
6.880167	0.640	-1,301.000000
6.890833	0.640	-7,472.000000
6.901500	0.640	-4,125.000000
6.912167	0.640	3,418.000000
6.922833	0.640	4,995.000000
6.933500	0.640	3,808.000000
6.944167	0.640	6,775.000000
6.954833	0.640	8,473.000000
6.965500	0.640	2,596.000000
6.976167	0.640	-4,623.000000
6.986833	0.640	-4,816.000000
6.997500	0.640	-1,154.000000
7.008167	0.640	-1,066.000000
7.018833	0.640	-2,554.000000
7.029500	0.640	-1,836.000000
7.040167	0.640	-2,646.000000
7.050833	0.640	-4,706.000000
7.061500	0.640	-2,290.000000
7.072167	0.640	2,493.000000
7.082833	0.640	3,874.000000
7.093500	0.640	2,640.000000
7.104167	0.640	1,196.000000
7.114833	0.640	-722.000000
7.125500	0.640	-2,481.000000
7.136167	0.640	-2,574.000000
7.146833	0.640	468.000000
7.157500	0.640	6,629.000000
7.168167	0.640	9,407.000000
7.178833	0.640	4,650.000000
7.189500	0.640	1,022.000000
7.200167	0.640	2,627.000000
7.210833	0.640	1,283.000000
7.221500	0.640	-2,347.000000
7.232167	0.640	-886.000000
7.242833	0.640	2,091.000000
7.253500	0.640	2,119.000000
7.264167	0.640	3,014.000000
7.274833	0.640	5,118.000000
7.285500	0.640	3,338.000000
7.296167	0.640	-2,414.000000
7.306833	0.640	-6,849.000000
7.317500	0.640	-7,432.000000
7.328167	0.640	-4,898.000000
7.338833	0.640	156.000000
7.349500	0.640	4,895.000000
7.360167	0.640	6,070.000000
7.370833	0.640	5,433.000000
7.381500	0.640	5,910.000000
7.392167	0.640	5,928.000000
7.402833	0.640	2,725.000000
7.413500	0.640	-2,176.000000
7.424167	0.640	-4,381.000000
7.434833	0.640	-2,056.000000
7.445500	0.640	1,275.000000
7.456167	0.640	936.000000
7.466833	0.640	-2,917.000000
7.477500	0.640	-6,568.000000
7.488167	0.640	-6,308.000000
7.498833	0.640	-1,512.000000
7.509500	0.640	3,006.000000
7.520167	0.640	2,024.000000
7.530833	0.640	-3,054.000000
7.541500	0.640	-6,265.000000
7.552167	0.640	-4,848.000000
7.562833	0.640	-1,121.000000
7.573500	0.640	2,183.000000
7.584167	0.640	5,063.000000
7.594833	0.640	7,985.000000
7.605500	0.640	9,130.000000
7.616167	0.640	8,026.000000
7.626833	0.640	8,120.000000
7.637500	0.640	10,175.000000
7.648167	0.640	9,574.000000
7.658833	0.640	4,215.000000
7.669500	0.640	-1,839.000000
7.680167	0.640	-3,650.000000
7.690833	0.640	-851.000000
7.701500	0.640	2,366.000000
7.712167	0.640	2,807.000000
7.722833	0.640	1,419.000000
7.733500	0.640	-136.000000
7.744167	0.640	-1,679.000000
7.754833	0.640	-2,697.000000
7.765500	0.640	-2,778.000000
7.776167	0.640	-3,217.000000
7.786833	0.640	-3,828.000000
7.797500	0.640	-1,521.000000
7.808167	0.640	3,296.000000
7.818833	0.640	6,704.000000
7.829500	0.640	8,551.000000
7.840167	0.640	9,988.000000
7.850833	0.640	10,378.000000
7.861500	0.640	9,765.000000
7.872167	0.640	8,584.000000
7.882833	0.640	8,752.000000
7.893500	0.640	10,893.000000
7.904167	0.640	10,943.000000
7.914833	0.640	7,430.000000
7.925500	0.640	3,377.000000
7.936167	0.640	297.000000
7.946833	0.640	121.000000
7.957500	0.640	4,865.000000
7.968167	0.640	10,172.000000
7.978833	0.640	9,698.000000
7.989500	0.640	4,909.000000
8.000167	0.640	2,716.000000
8.010833	0.640	4,856.000000
8.021500	0.640	5,827.000000
8.032167	0.640	2,490.000000
8.042833	0.640	-1,004.000000
8.053500	0.640	-222.000000
8.064167	0.640	2,901.000000
8.074833	0.640	2,423.000000
8.085500	0.640	-1,236.000000
8.096167	0.640	-62.000000
8.106833	0.640	5,934.000000
8.117500	0.640	6,614.000000
8.128167	0.640	-1,073.000000
8.138833	0.640	-9,366.000000
8.149500	0.640	-10,814.000000
8.160167	0.640	-4,651.000000
8.170833	0.640	3,127.000000
8.181500	0.640	6,665.000000
8.192167	0.640	6,101.000000
8.202833	0.640	3,845.000000
8.213500	0.640	2,300.000000
8.224167	0.640	2,394.000000
8.234833	0.640	2,675.000000
8.245500	0.640	3,491.000000
8.256167	0.640	6,201.000000
8.266833	0.640	9,191.000000
8.277500	0.640	10,036.000000
8.288167	0.640	9,286.000000
8.298833	0.640	7,643.000000
8.309500	0.640	3,909.000000
8.320167	0.640	9.000000
8.330833	0.640	-889.000000
8.341500	0.640	-431.000000
8.352167	0.640	-632.000000
8.362833	0.640	356.000000
8.373500	0.640	1,314.000000
8.384167	0.640	-3,174.000000
8.394833	0.640	-10,332.000000
8.405500	0.640	-10,601.000000
8.416167	0.640	-5,160.000000
8.426833	0.640	-2,734.000000
8.437500	0.640	-2,368.000000
8.448167	0.640	1,917.000000
8.458833	0.640	8,471.000000
8.469500	0.640	10,206.000000
8.480167	0.640	4,541.000000
8.490833	0.640	-1,713.000000
8.501500	0.640	-3,002.000000
8.512167	0.640	-2,846.000000
8.522833	0.640	-3,767.000000
8.533500	0.640	-4,609.000000
8.544167	0.640	-6,040.000000
8.554833	0.640	-7,564.000000
8.565500	0.640	-6,794.000000
8.576167	0.640	-3,237.000000
8.586833	0.640	634.000000
8.597500	0.640	2,233.000000
8.608167	0.640	2,722.000000
8.618833	0.640	2,763.000000
8.629500	0.640	538.000000
8.640167	0.640	-1,432.000000
8.650833	0.640	1,192.000000
8.661500	0.640	7,217.000000
8.672167	0.640	12,081.000000
8.682833	0.640	12,813.000000
8.693500	0.640	9,374.000000
8.704167	0.640	4,924.000000
8.714833	0.640	4,005.000000
8.725500	0.640	6,986.000000
8.736167	0.640	10,734.000000
8.746833	0.640	12,312.000000
8.757500	0.640	9,932.000000
8.768167	0.640	7,588.000000
8.778833	0.640	10,203.000000
8.789500	0.640	13,761.000000
8.800167	0.640	11,527.000000
8.810833	0.640	4,434.000000
8.821500	0.640	-419.000000
8.832167	0.640	508.000000
8.842833	0.640	2,528.000000
8.853500	0.640	1,580.000000
8.864167	0.640	623.000000
8.874833	0.640	813.000000
8.885500	0.640	-470.000000
8.896167	0.640	-736.000000
8.906833	0.640	3,107.000000
8.917500	0.640	6,850.000000
8.928167	0.640	6,258.000000
8.938833	0.640	3,886.000000
8.949500	0.640	1,982.000000
8.960167	0.640	-1,562.000000
8.970833	0.640	-5,659.000000
8.981500	0.640	-7,105.000000
8.992167	0.640	-7,127.000000
9.002833	0.640	-5,997.000000
9.013500	0.640	-1,811.000000
9.024217	0.643	2,249.000000
9.034833	0.637	2,126.000000
9.045500	0.640	-1,478.000000
9.056167	0.640	-6,127.000000
9.066833	0.640	-6,918.000000
9.077500	0.640	-1,093.000000
9.088167	0.640	4,314.000000
9.098833	0.640	2,702.000000
9.109500	0.640	-2,550.000000
9.120167	0.640	-4,387.000000
9.130833	0.640	-1,111.000000
9.141500	0.640	1,143.000000
9.152167	0.640	-1,424.000000
9.162833	0.640	-4,112.000000
9.173500	0.640	-3,356.000000
9.184167	0.640	-909.000000
9.194833	0.640	652.000000
9.205500	0.640	266.000000
9.216167	0.640	609.000000
9.226833	0.640	4,627.000000
9.237500	0.640	9,545.000000
9.248167	0.640	11,267.000000
9.258833	0.640	9,536.000000
9.269500	0.640	6,473.000000
9.280167	0.640	3,859.000000
9.290833	0.640	2,601.000000
9.301500	0.640	4,585.000000
9.312167	0.640	9,100.000000
9.322833	0.640	11,477.000000
9.333500	0.640	11,087.000000
9.344167	0.640	10,526.000000
9.354833	0.640	9,774.000000
9.365500	0.640	9,007.000000
9.376167	0.640	9,712.000000
9.386833	0.640	11,509.000000
9.397500	0.640	11,517.000000
9.408167	0.640	8,612.000000
9.418833	0.640	6,717.000000
9.429500	0.640	9,402.000000
9.440167	0.640	13,934.000000
9.450833	0.640	14,620.000000
9.461500	0.640	11,346.000000
9.472217	0.643	9,384.000000
9.482833	0.637	10,395.000000
9.493500	0.640	12,213.000000
9.504167	0.640	13,325.000000
9.514833	0.640	12,628.000000
9.525500	0.640	12,557.000000
9.536167	0.640	16,991.000000
9.546833	0.640	21,726.000000
9.557500	0.640	20,420.000000
9.568167	0.640	15,990.000000
9.578833	0.640	13,136.000000
9.589500	0.640	10,695.000000
9.600167	0.640	8,909.000000
9.610833	0.640	11,825.000000
9.621500	0.640	18,996.000000
9.632167	0.640	23,788.000000
9.642833	0.640	22,674.000000
9.653500	0.640	20,359.000000
9.664167	0.640	21,843.000000
9.674833	0.640	25,176.000000
9.685500	0.640	27,078.000000
9.696167	0.640	28,615.000000
9.706833	0.640	31,271.000000
9.717500	0.640	33,367.000000
9.728167	0.640	31,967.000000
9.738833	0.640	27,954.000000
9.749500	0.640	26,898.000000
9.760167	0.640	31,082.000000
9.770833	0.640	34,920.000000
9.781500	0.640	31,371.000000
9.792167	0.640	22,189.000000
9.802833	0.640	17,252.000000
9.813500	0.640	20,194.000000
9.824167	0.640	25,042.000000
9.834833	0.640	26,794.000000
9.845500	0.640	25,343.000000
9.856167	0.640	24,324.000000
9.866833	0.640	27,578.000000
9.877500	0.640	33,738.000000
9.888167	0.640	38,877.000000
9.898833	0.640	41,205.000000
9.909500	0.640	40,687.000000
9.920167	0.640	40,591.000000
9.930833	0.640	43,824.000000
9.941500	0.640	46,026.000000
9.952167	0.640	43,209.000000
9.962833	0.640	38,149.000000
9.973500	0.640	33,744.000000
9.984167	0.640	31,639.000000
9.994833	0.640	34,373.000000
10.005500	0.640	40,764.000000
10.016167	0.640	44,075.000000
10.026833	0.640	41,234.000000
10.037500	0.640	38,243.000000
10.048167	0.640	40,383.000000
10.058833	0.640	45,078.000000
10.069500	0.640	47,278.000000
10.080167	0.640	46,060.000000
10.090833	0.640	44,307.000000
10.101500	0.640	42,920.000000
10.112167	0.640	41,199.000000
10.122833	0.640	42,518.000000
10.133500	0.640	49,803.000000
10.144167	0.640	58,319.000000
10.154833	0.640	60,346.000000
10.165500	0.640	55,274.000000
10.176167	0.640	50,837.000000
10.186833	0.640	53,166.000000
10.197500	0.640	60,139.000000
10.208167	0.640	66,057.000000
10.218833	0.640	69,297.000000
10.229500	0.640	70,371.000000
10.240167	0.640	66,774.000000
10.250833	0.640	59,719.000000
10.261500	0.640	56,925.000000
10.272167	0.640	61,260.000000
10.282833	0.640	66,752.000000
10.293500	0.640	68,922.000000
10.304167	0.640	68,957.000000
10.314833	0.640	67,035.000000
10.325500	0.640	63,223.000000
10.336167	0.640	61,648.000000
10.346833	0.640	65,934.000000
10.357500	0.640	73,019.000000
10.368167	0.640	75,870.000000
10.378833	0.640	75,011.000000
10.389500	0.640	77,007.000000
10.400167	0.640	82,178.000000
10.410833	0.640	85,861.000000
10.421500	0.640	84,987.000000
10.432167	0.640	82,648.000000
10.442833	0.640	86,081.000000
10.453500	0.640	92,403.000000
10.464167	0.640	91,765.000000
10.474833	0.640	87,996.000000
10.485500	0.640	91,898.000000
10.496167	0.640	99,516.000000
10.506833	0.640	100,854.000000
10.517500	0.640	98,014.000000
10.528167	0.640	96,482.000000
10.538833	0.640	95,454.000000
10.549500	0.640	96,189.000000
10.560167	0.640	101,706.000000
10.570833	0.640	107,465.000000
10.581500	0.640	106,052.000000
10.592167	0.640	98,206.000000
10.602833	0.640	92,312.000000
10.613500	0.640	92,951.000000
10.624167	0.640	97,371.000000
10.634833	0.640	104,116.000000
10.645500	0.640	110,761.000000
10.656167	0.640	111,520.000000
10.666833	0.640	108,055.000000
10.677500	0.640	107,908.000000
10.688167	0.640	113,380.000000
10.698833	0.640	119,096.000000
10.709500	0.640	120,296.000000
10.720167	0.640	120,877.000000
10.730833	0.640	124,303.000000
10.741500	0.640	127,042.000000
10.752167	0.640	126,410.000000
10.762833	0.640	122,793.000000
10.773500	0.640	120,246.000000
10.784167	0.640	123,372.000000
10.794833	0.640	128,730.000000
10.805500	0.640	131,856.000000
10.816167	0.640	133,997.000000
10.826833	0.640	135,968.000000
10.837500	0.640	139,195.000000
10.848167	0.640	145,052.000000
10.858833	0.640	150,131.000000
10.869500	0.640	152,385.000000
10.880167	0.640	152,512.000000
10.890833	0.640	149,826.000000
10.901500	0.640	146,739.000000
10.912167	0.640	147,487.000000
10.922833	0.640	150,785.000000
10.933500	0.640	153,822.000000
10.944167	0.640	157,470.000000
10.954833	0.640	161,290.000000
10.965500	0.640	162,022.000000
10.976167	0.640	159,692.000000
10.986833	0.640	159,173.000000
10.997500	0.640	163,246.000000
11.008167	0.640	168,560.000000
11.018833	0.640	171,466.000000
11.029500	0.640	172,285.000000
11.040167	0.640	172,439.000000
11.050833	0.640	171,518.000000
11.061500	0.640	169,345.000000
11.072167	0.640	170,288.000000
11.082833	0.640	177,738.000000
11.093500	0.640	185,322.000000
11.104167	0.640	186,147.000000
11.114833	0.640	183,155.000000
11.125500	0.640	182,072.000000
11.136167	0.640	185,984.000000
11.146833	0.640	193,345.000000
11.157500	0.640	196,794.000000
11.168167	0.640	194,481.000000
11.178833	0.640	193,706.000000
11.189500	0.640	197,419.000000
11.200167	0.640	201,777.000000
11.210833	0.640	203,395.000000
11.221500	0.640	202,272.000000
11.232167	0.640	202,278.000000
11.242833	0.640	204,580.000000
11.253500	0.640	205,578.000000
11.264167	0.640	206,584.000000
11.274833	0.640	211,825.000000
11.285500	0.640	218,752.000000
11.296167	0.640	223,304.000000
11.306833	0.640	226,632.000000
11.317500	0.640	231,630.000000
11.328167	0.640	237,944.000000
11.338833	0.640	239,892.000000
11.349500	0.640	235,174.000000
11.360167	0.640	230,745.000000
11.370833	0.640	230,126.000000
11.381500	0.640	230,427.000000
11.392167	0.640	234,230.000000
11.402833	0.640	243,826.000000
11.413500	0.640	251,367.000000
11.424167	0.640	251,061.000000
11.434833	0.640	247,758.000000
11.445500	0.640	246,789.000000
11.456167	0.640	247,290.000000
11.466833	0.640	248,221.000000
11.477500	0.640	252,166.000000
11.488167	0.640	257,824.000000
11.498833	0.640	259,726.000000
11.509500	0.640	259,763.000000
11.520167	0.640	264,476.000000
11.530833	0.640	271,927.000000
11.541500	0.640	276,202.000000
11.552167	0.640	278,576.000000
11.562833	0.640	281,313.000000
11.573500	0.640	280,904.000000
11.584167	0.640	277,301.000000
11.594833	0.640	278,336.000000
11.605500	0.640	286,116.000000
11.616167	0.640	291,398.000000
11.626833	0.640	290,563.000000
11.637500	0.640	292,696.000000
11.648167	0.640	301,742.000000
11.658833	0.640	309,403.000000
11.669500	0.640	310,992.000000
11.680167	0.640	310,094.000000
11.690833	0.640	309,135.000000
11.701500	0.640	309,896.000000
11.712167	0.640	315,286.000000
11.722833	0.640	322,886.000000
11.733500	0.640	324,612.000000
11.744167	0.640	318,015.000000
11.754833	0.640	311,237.000000
11.765500	0.640	310,804.000000
11.776167	0.640	315,548.000000
11.786833	0.640	323,370.000000
11.797500	0.640	330,648.000000
11.808167	0.640	333,886.000000
11.818833	0.640	337,080.000000
11.829500	0.640	343,859.000000
11.840167	0.640	347,903.000000
11.850833	0.640	344,686.000000
11.861500	0.640	341,104.000000
11.872167	0.640	342,268.000000
11.882833	0.640	345,677.000000
11.893500	0.640	350,298.000000
11.904167	0.640	355,226.000000
11.914833	0.640	358,125.000000
11.925500	0.640	358,961.000000
11.936167	0.640	357,602.000000
11.946833	0.640	354,358.000000
11.957500	0.640	352,373.000000
11.968167	0.640	354,969.000000
11.978833	0.640	362,545.000000
11.989500	0.640	370,814.000000
12.000167	0.640	374,830.000000
12.010833	0.640	375,529.000000
12.021500	0.640	377,775.000000
12.032167	0.640	382,386.000000
12.042833	0.640	384,247.000000
12.053500	0.640	381,495.000000
12.064167	0.640	380,099.000000
12.074833	0.640	384,565.000000
12.085500	0.640	392,558.000000
12.096167	0.640	398,965.000000
12.106833	0.640	400,388.000000
12.117500	0.640	399,925.000000
12.128167	0.640	403,940.000000
12.138833	0.640	410,683.000000
12.149500	0.640	411,999.000000
12.160167	0.640	407,782.000000
12.170833	0.640	407,893.000000
12.181500	0.640	415,871.000000
12.192167	0.640	423,079.000000
12.202833	0.640	424,444.000000
12.213500	0.640	424,351.000000
12.224167	0.640	425,883.000000
12.234833	0.640	428,921.000000
12.245500	0.640	433,923.000000
12.256167	0.640	437,479.000000
12.266833	0.640	434,266.000000
12.277500	0.640	428,319.000000
12.288167	0.640	427,864.000000
12.298833	0.640	432,327.000000
12.309500	0.640	439,004.000000
12.320167	0.640	447,091.000000
12.330833	0.640	451,367.000000
12.341500	0.640	451,236.000000
12.352167	0.640	452,338.000000
12.362833	0.640	453,426.000000
12.373500	0.640	451,596.000000
12.384167	0.640	451,125.000000
12.394833	0.640	455,149.000000
12.405500	0.640	460,474.000000
12.416167	0.640	464,523.000000
12.426833	0.640	467,884.000000
12.437500	0.640	469,899.000000
12.448167	0.640	470,222.000000
12.458833	0.640	470,236.000000
12.469500	0.640	468,782.000000
12.480167	0.640	466,537.000000
12.490833	0.640	468,881.000000
12.501500	0.640	475,591.000000
12.512167	0.640	480,968.000000
12.522833	0.640	483,916.000000
12.533500	0.640	486,514.000000
12.544167	0.640	488,149.000000
12.554833	0.640	486,947.000000
12.565500	0.640	484,537.000000
12.576167	0.640	484,773.000000
12.586833	0.640	487,335.000000
12.597500	0.640	489,107.000000
12.608167	0.640	489,962.000000
12.618833	0.640	491,136.000000
12.629500	0.640	492,706.000000
12.640167	0.640	494,180.000000
12.650833	0.640	493,784.000000
12.661500	0.640	491,186.000000
12.672167	0.640	490,628.000000
12.682833	0.640	493,958.000000
12.693500	0.640	496,105.000000
12.704167	0.640	494,905.000000
12.714833	0.640	493,807.000000
12.725500	0.640	493,221.000000
12.736167	0.640	493,085.000000
12.746833	0.640	495,134.000000
12.757500	0.640	496,550.000000
12.768167	0.640	495,073.000000
12.778833	0.640	494,279.000000
12.789500	0.640	496,531.000000
12.800167	0.640	499,187.000000
12.810833	0.640	498,612.000000
12.821500	0.640	496,145.000000
12.832167	0.640	496,080.000000
12.842833	0.640	498,584.000000
12.853500	0.640	502,271.000000
12.864167	0.640	506,307.000000
12.874833	0.640	507,387.000000
12.885500	0.640	505,026.000000
12.896167	0.640	503,352.000000
12.906833	0.640	503,682.000000
12.917500	0.640	504,443.000000
12.928167	0.640	504,907.000000
12.938833	0.640	505,109.000000
12.949500	0.640	505,430.000000
12.960167	0.640	506,566.000000
12.970833	0.640	508,819.000000
12.981500	0.640	510,113.000000
12.992167	0.640	508,590.000000
13.002833	0.640	506,496.000000
13.013500	0.640	505,623.000000
13.024167	0.640	504,770.000000
13.034833	0.640	504,354.000000
13.045500	0.640	505,628.000000
13.056167	0.640	507,639.000000
13.066833	0.640	510,474.000000
13.077500	0.640	514,818.000000
13.088167	0.640	518,055.000000
13.098833	0.640	518,221.000000
13.109500	0.640	515,529.000000
13.120167	0.640	507,639.000000
13.130833	0.640	494,280.000000
13.141500	0.640	482,894.000000
13.152167	0.640	481,097.000000
13.162833	0.640	487,611.000000
13.173500	0.640	493,195.000000
13.184167	0.640	492,351.000000
13.194833	0.640	490,419.000000
13.205500	0.640	491,455.000000
13.216167	0.640	491,099.000000
13.226833	0.640	489,286.000000
13.237500	0.640	491,286.000000
13.248167	0.640	494,093.000000
13.258833	0.640	490,761.000000
13.269500	0.640	483,349.000000
13.280167	0.640	479,849.000000
13.290833	0.640	482,628.000000
13.301500	0.640	484,629.000000
13.312167	0.640	482,441.000000
13.322833	0.640	483,660.000000
13.333500	0.640	489,609.000000
13.344167	0.640	490,458.000000
13.354833	0.640	483,831.000000
13.365500	0.640	478,045.000000
13.376167	0.640	476,334.000000
13.386833	0.640	473,226.000000
13.397500	0.640	468,716.000000
13.408167	0.640	468,611.000000
13.418833	0.640	470,639.000000
13.429500	0.640	470,316.000000
13.440167	0.640	469,567.000000
13.450833	0.640	467,809.000000
13.461500	0.640	463,641.000000
13.472167	0.640	461,535.000000
13.482833	0.640	463,202.000000
13.493500	0.640	464,905.000000
13.504167	0.640	464,800.000000
13.514833	0.640	464,051.000000
13.525500	0.640	463,851.000000
13.536167	0.640	463,166.000000
13.546833	0.640	460,722.000000
13.557500	0.640	459,375.000000
13.568167	0.640	461,952.000000
13.578833	0.640	466,542.000000
13.589500	0.640	472,416.000000
13.600167	0.640	481,539.000000
13.610833	0.640	493,316.000000
13.621500	0.640	507,267.000000
13.632167	0.640	526,786.000000
13.642833	0.640	555,151.000000
13.653500	0.640	592,503.000000
13.664167	0.640	637,349.000000
13.674833	0.640	689,590.000000
13.685500	0.640	752,593.000000
13.696167	0.640	829,128.000000
13.706833	0.640	916,206.000000
13.717500	0.640	1,007,517.000000
13.728167	0.640	1,098,025.000000
13.738833	0.640	1,181,637.000000
13.749500	0.640	1,247,630.000000
13.760167	0.640	1,284,893.000000
13.770833	0.640	1,289,673.000000
13.781500	0.640	1,265,381.000000
13.792167	0.640	1,211,615.000000
13.802833	0.640	1,127,769.000000
13.813500	0.640	1,027,525.000000
13.824167	0.640	924,695.000000
13.834833	0.640	820,101.000000
13.845500	0.640	720,108.000000
13.856167	0.640	639,313.000000
13.866833	0.640	579,330.000000
13.877500	0.640	529,816.000000
13.888167	0.640	489,268.000000
13.898833	0.640	463,491.000000
13.909500	0.640	447,975.000000
13.920167	0.640	434,307.000000
13.930833	0.640	422,745.000000
13.941500	0.640	415,332.000000
13.952167	0.640	412,638.000000
13.962833	0.640	413,791.000000
13.973500	0.640	413,410.000000
13.984167	0.640	409,460.000000
13.994833	0.640	405,063.000000
14.005500	0.640	402,159.000000
14.016167	0.640	402,715.000000
14.026833	0.640	405,108.000000
14.037500	0.640	405,223.000000
14.048167	0.640	404,281.000000
14.058833	0.640	402,793.000000
14.069500	0.640	398,059.000000
14.080167	0.640	391,159.000000
14.090833	0.640	384,951.000000
14.101500	0.640	382,067.000000
14.112167	0.640	385,258.000000
14.122833	0.640	391,067.000000
14.133500	0.640	391,148.000000
14.144167	0.640	383,818.000000
14.154833	0.640	376,565.000000
14.165500	0.640	376,326.000000
14.176167	0.640	381,584.000000
14.186833	0.640	385,276.000000
14.197500	0.640	383,169.000000
14.208167	0.640	377,031.000000
14.218833	0.640	370,587.000000
14.229500	0.640	366,331.000000
14.240167	0.640	365,196.000000
14.250833	0.640	365,517.000000
14.261500	0.640	364,471.000000
14.272167	0.640	361,102.000000
14.282833	0.640	357,287.000000
14.293500	0.640	356,601.000000
14.304167	0.640	359,189.000000
14.314833	0.640	359,846.000000
14.325500	0.640	356,632.000000
14.336167	0.640	354,709.000000
14.346833	0.640	356,969.000000
14.357500	0.640	358,259.000000
14.368167	0.640	352,945.000000
14.378833	0.640	344,784.000000
14.389500	0.640	341,159.000000
14.400167	0.640	340,575.000000
14.410833	0.640	338,058.000000
14.421500	0.640	334,353.000000
14.432167	0.640	331,950.000000
14.442833	0.640	330,996.000000
14.453500	0.640	329,324.000000
14.464167	0.640	324,959.000000
14.474833	0.640	318,820.000000
14.485500	0.640	313,573.000000
14.496167	0.640	311,275.000000
14.506833	0.640	310,481.000000
14.517500	0.640	307,617.000000
14.528167	0.640	301,779.000000
14.538833	0.640	296,081.000000
14.549500	0.640	295,506.000000
14.560167	0.640	300,440.000000
14.570833	0.640	304,173.000000
14.581500	0.640	300,789.000000
14.592167	0.640	293,264.000000
14.602833	0.640	288,855.000000
14.613500	0.640	288,109.000000
14.624167	0.640	287,273.000000
14.634833	0.640	285,123.000000
14.645500	0.640	280,138.000000
14.656167	0.640	271,863.000000
14.666833	0.640	265,913.000000
14.677500	0.640	267,204.000000
14.688167	0.640	271,551.000000
14.698833	0.640	270,289.000000
14.709500	0.640	261,731.000000
14.720167	0.640	253,531.000000
14.730833	0.640	250,030.000000
14.741500	0.640	248,151.000000
14.752167	0.640	246,275.000000
14.762833	0.640	243,395.000000
14.773500	0.640	238,987.000000
14.784167	0.640	235,540.000000
14.794833	0.640	234,258.000000
14.805500	0.640	234,831.000000
14.816167	0.640	235,023.000000
14.826833	0.640	231,546.000000
14.837500	0.640	226,193.000000
14.848167	0.640	222,579.000000
14.858833	0.640	219,159.000000
14.869500	0.640	214,736.000000
14.880167	0.640	212,356.000000
14.890833	0.640	211,707.000000
14.901500	0.640	210,094.000000
14.912167	0.640	208,449.000000
14.922833	0.640	206,131.000000
14.933500	0.640	200,830.000000
14.944167	0.640	195,625.000000
14.954833	0.640	193,711.000000
14.965500	0.640	192,512.000000
14.976167	0.640	189,430.000000
14.986833	0.640	184,400.000000
14.997500	0.640	178,969.000000
15.008167	0.640	176,334.000000
15.018833	0.640	175,383.000000
15.029500	0.640	171,507.000000
15.040167	0.640	166,201.000000
15.050833	0.640	163,895.000000
15.061500	0.640	164,004.000000
15.072167	0.640	162,480.000000
15.082833	0.640	157,382.000000
15.093500	0.640	151,980.000000
15.104167	0.640	149,520.000000
15.114833	0.640	149,083.000000
15.125500	0.640	149,642.000000
15.136167	0.640	150,232.000000
15.146833	0.640	148,338.000000
15.157500	0.640	144,032.000000
15.168167	0.640	139,996.000000
15.178833	0.640	136,563.000000
15.189500	0.640	131,961.000000
15.200167	0.640	126,188.000000
15.210833	0.640	121,441.000000
15.221500	0.640	117,578.000000
15.232167	0.640	113,191.000000
15.242833	0.640	109,974.000000
15.253500	0.640	107,258.000000
15.264167	0.640	103,473.000000
15.274833	0.640	102,844.000000
15.285500	0.640	105,387.000000
15.296167	0.640	104,677.000000
15.306833	0.640	102,767.000000
15.317500	0.640	105,696.000000
15.328167	0.640	107,705.000000
15.338833	0.640	102,001.000000
15.349500	0.640	96,016.000000
15.360167	0.640	98,726.000000
15.370833	0.640	106,534.000000
15.381500	0.640	111,137.000000
15.392167	0.640	110,511.000000
15.402833	0.640	108,545.000000
15.413500	0.640	107,721.000000
15.424167	0.640	105,983.000000
15.434833	0.640	103,902.000000
15.445500	0.640	104,168.000000
15.456167	0.640	104,481.000000
15.466833	0.640	103,584.000000
15.477500	0.640	102,122.000000
15.488167	0.640	96,474.000000
15.498833	0.640	85,755.000000
15.509500	0.640	74,183.000000
15.520167	0.640	63,612.000000
15.530833	0.640	56,494.000000
15.541500	0.640	57,273.000000
15.552167	0.640	61,696.000000
15.562833	0.640	59,649.000000
15.573500	0.640	51,553.000000
15.584167	0.640	45,490.000000
15.594833	0.640	44,168.000000
15.605500	0.640	47,813.000000
15.616167	0.640	57,262.000000
15.626833	0.640	70,274.000000
15.637500	0.640	85,930.000000
15.648167	0.640	108,060.000000
15.658833	0.640	136,656.000000
15.669500	0.640	163,718.000000
15.680167	0.640	186,189.000000
15.690833	0.640	210,750.000000
15.701500	0.640	235,917.000000
15.712167	0.640	250,424.000000
15.722833	0.640	252,133.000000
15.733500	0.640	245,028.000000
15.744167	0.640	228,194.000000
15.754833	0.640	201,924.000000
15.765500	0.640	170,025.000000
15.776167	0.640	136,689.000000
15.786833	0.640	107,589.000000
15.797500	0.640	85,108.000000
15.808167	0.640	66,281.000000
15.818833	0.640	50,895.000000
15.829500	0.640	41,332.000000
15.840167	0.640	35,835.000000
15.850833	0.640	30,323.000000
15.861500	0.640	25,213.000000
15.872167	0.640	24,979.000000
15.882833	0.640	28,678.000000
15.893500	0.640	30,682.000000
15.904167	0.640	30,188.000000
15.914833	0.640	28,567.000000
15.925500	0.640	26,415.000000
15.936167	0.640	27,033.000000
15.946833	0.640	30,462.000000
15.957500	0.640	29,959.000000
15.968167	0.640	25,454.000000
15.978833	0.640	26,536.000000
15.989500	0.640	33,006.000000
16.000167	0.640	33,081.000000
16.010833	0.640	25,726.000000
16.021500	0.640	22,231.000000
16.032167	0.640	26,044.000000
16.042833	0.640	29,449.000000
16.053500	0.640	26,833.000000
16.064167	0.640	20,949.000000
16.074833	0.640	19,371.000000
16.085500	0.640	24,847.000000
16.096167	0.640	30,581.000000
16.106833	0.640	31,071.000000
16.117500	0.640	28,584.000000
16.128167	0.640	25,909.000000
16.138833	0.640	23,584.000000
16.149500	0.640	22,422.000000
16.160167	0.640	23,336.000000
16.170833	0.640	26,235.000000
16.181500	0.640	28,381.000000
16.192167	0.640	27,364.000000
16.202833	0.640	27,417.000000
16.213500	0.640	32,060.000000
16.224167	0.640	34,670.000000
16.234833	0.640	29,763.000000
16.245500	0.640	23,815.000000
16.256167	0.640	23,865.000000
16.266833	0.640	25,376.000000
16.277500	0.640	22,273.000000
16.288167	0.640	20,014.000000
16.298833	0.640	24,430.000000
16.309500	0.640	28,484.000000
16.320167	0.640	25,563.000000
16.330833	0.640	22,321.000000
16.341500	0.640	25,815.000000
16.352167	0.640	29,915.000000
16.362833	0.640	27,162.000000
16.373500	0.640	23,597.000000
16.384167	0.640	24,911.000000
16.394833	0.640	25,412.000000
16.405500	0.640	22,447.000000
16.416167	0.640	20,308.000000
16.426833	0.640	21,432.000000
16.437500	0.640	25,162.000000
16.448167	0.640	28,418.000000
16.458833	0.640	28,045.000000
16.469500	0.640	25,848.000000
16.480167	0.640	26,443.000000
16.490833	0.640	30,127.000000
16.501500	0.640	32,313.000000
16.512167	0.640	30,588.000000
16.522833	0.640	28,290.000000
16.533500	0.640	28,958.000000
16.544167	0.640	31,154.000000
16.554833	0.640	30,344.000000
16.565500	0.640	25,994.000000
16.576167	0.640	23,437.000000
16.586833	0.640	24,355.000000
16.597500	0.640	23,390.000000
16.608167	0.640	17,611.000000
16.618833	0.640	10,895.000000
16.629500	0.640	8,437.000000
16.640167	0.640	12,233.000000
16.650833	0.640	21,007.000000
16.661500	0.640	30,698.000000
16.672167	0.640	35,282.000000
16.682833	0.640	32,610.000000
16.693500	0.640	28,667.000000
16.704167	0.640	28,194.000000
16.714833	0.640	28,068.000000
16.725500	0.640	25,606.000000
16.736167	0.640	22,184.000000
16.746833	0.640	19,791.000000
16.757500	0.640	21,011.000000
16.768167	0.640	25,346.000000
16.778833	0.640	27,745.000000
16.789500	0.640	26,899.000000
16.800167	0.640	24,750.000000
16.810833	0.640	21,697.000000
16.821500	0.640	21,111.000000
16.832167	0.640	25,192.000000
16.842833	0.640	27,927.000000
16.853500	0.640	23,992.000000
16.864167	0.640	17,442.000000
16.874833	0.640	15,591.000000
16.885500	0.640	20,354.000000
16.896167	0.640	28,258.000000
16.906833	0.640	32,440.000000
16.917500	0.640	29,001.000000
16.928167	0.640	24,754.000000
16.938833	0.640	26,981.000000
16.949500	0.640	32,506.000000
16.960167	0.640	35,224.000000
16.970833	0.640	33,848.000000
16.981500	0.640	31,290.000000
16.992167	0.640	30,250.000000
17.002833	0.640	30,420.000000
17.013500	0.640	30,671.000000
17.024167	0.640	31,329.000000
17.034833	0.640	33,705.000000
17.045500	0.640	37,592.000000
17.056167	0.640	40,316.000000
17.066833	0.640	39,978.000000
17.077500	0.640	38,257.000000
17.088167	0.640	37,172.000000
17.098833	0.640	36,477.000000
17.109500	0.640	38,584.000000
17.120167	0.640	44,439.000000
17.130833	0.640	46,069.000000
17.141500	0.640	40,781.000000
17.152167	0.640	36,334.000000
17.162833	0.640	33,540.000000
17.173500	0.640	29,506.000000
17.184167	0.640	29,029.000000
17.194833	0.640	34,360.000000
17.205500	0.640	40,332.000000
17.216167	0.640	43,204.000000
17.226833	0.640	42,486.000000
17.237500	0.640	39,567.000000
17.248167	0.640	38,573.000000
17.258833	0.640	41,925.000000
17.269500	0.640	47,010.000000
17.280167	0.640	49,652.000000
17.290833	0.640	49,097.000000
17.301500	0.640	51,118.000000
17.312167	0.640	59,535.000000
17.322833	0.640	67,399.000000
17.333500	0.640	68,049.000000
17.344167	0.640	64,038.000000
17.354833	0.640	61,260.000000
17.365500	0.640	62,044.000000
17.376167	0.640	61,757.000000
17.386833	0.640	57,662.000000
17.397500	0.640	56,553.000000
17.408167	0.640	60,845.000000
17.418833	0.640	63,366.000000
17.429500	0.640	62,402.000000
17.440167	0.640	61,867.000000
17.450833	0.640	62,528.000000
17.461500	0.640	63,220.000000
17.472167	0.640	62,254.000000
17.482833	0.640	60,027.000000
17.493500	0.640	59,275.000000
17.504167	0.640	59,412.000000
17.514833	0.640	57,923.000000
17.525500	0.640	56,512.000000
17.536167	0.640	58,190.000000
17.546833	0.640	62,314.000000
17.557500	0.640	67,289.000000
17.568167	0.640	69,682.000000
17.578833	0.640	66,759.000000
17.589500	0.640	63,909.000000
17.600167	0.640	65,378.000000
17.610833	0.640	66,866.000000
17.621500	0.640	63,584.000000
17.632167	0.640	56,500.000000
17.642833	0.640	52,124.000000
17.653500	0.640	53,537.000000
17.664167	0.640	55,908.000000
17.674833	0.640	56,434.000000
17.685500	0.640	57,810.000000
17.696167	0.640	61,006.000000
17.706833	0.640	63,635.000000
17.717500	0.640	63,145.000000
17.728167	0.640	58,800.000000
17.738833	0.640	53,716.000000
17.749500	0.640	53,964.000000
17.760167	0.640	61,625.000000
17.770833	0.640	69,515.000000
17.781500	0.640	71,323.000000
17.792167	0.640	70,862.000000
17.802833	0.640	71,874.000000
17.813500	0.640	73,024.000000
17.824167	0.640	73,110.000000
17.834833	0.640	71,155.000000
17.845500	0.640	67,498.000000
17.856167	0.640	63,360.000000
17.866833	0.640	59,061.000000
17.877500	0.640	56,396.000000
17.888167	0.640	56,913.000000
17.898833	0.640	59,495.000000
17.909500	0.640	61,825.000000
17.920167	0.640	61,783.000000
17.930833	0.640	59,962.000000
17.941500	0.640	58,399.000000
17.952167	0.640	56,661.000000
17.962833	0.640	55,432.000000
17.973500	0.640	58,227.000000
17.984167	0.640	64,421.000000
17.994833	0.640	68,916.000000
18.005500	0.640	68,432.000000
18.016167	0.640	65,673.000000
18.026833	0.640	66,524.000000
18.037500	0.640	68,658.000000
18.048167	0.640	66,622.000000
18.058833	0.640	63,953.000000
18.069500	0.640	62,097.000000
18.080167	0.640	57,534.000000
18.090833	0.640	51,195.000000
18.101500	0.640	45,137.000000
18.112167	0.640	42,003.000000
18.122833	0.640	43,642.000000
18.133500	0.640	45,478.000000
18.144167	0.640	42,494.000000
18.154833	0.640	37,691.000000
18.165500	0.640	38,317.000000
18.176167	0.640	43,140.000000
18.186833	0.640	43,862.000000
18.197500	0.640	41,063.000000
18.208167	0.640	44,195.000000
18.218833	0.640	56,673.000000
18.229500	0.640	69,826.000000
18.240167	0.640	74,236.000000
18.250833	0.640	73,920.000000
18.261500	0.640	80,949.000000
18.272167	0.640	99,051.000000
18.282833	0.640	122,802.000000
18.293500	0.640	152,402.000000
18.304167	0.640	194,657.000000
18.314833	0.640	245,946.000000
18.325500	0.640	295,528.000000
18.336167	0.640	341,872.000000
18.346833	0.640	383,105.000000
18.357500	0.640	407,212.000000
18.368167	0.640	407,080.000000
18.378833	0.640	388,115.000000
18.389500	0.640	355,863.000000
18.400167	0.640	310,891.000000
18.410833	0.640	257,892.000000
18.421500	0.640	208,030.000000
18.432167	0.640	169,634.000000
18.442833	0.640	141,657.000000
18.453500	0.640	117,315.000000
18.464167	0.640	92,360.000000
18.474833	0.640	69,916.000000
18.485500	0.640	57,333.000000
18.496167	0.640	56,731.000000
18.506833	0.640	61,358.000000
18.517500	0.640	62,788.000000
18.528167	0.640	59,766.000000
18.538833	0.640	58,547.000000
18.549500	0.640	61,786.000000
18.560167	0.640	63,667.000000
18.570833	0.640	60,354.000000
18.581500	0.640	54,060.000000
18.592167	0.640	47,336.000000
18.602833	0.640	43,373.000000
18.613500	0.640	44,351.000000
18.624167	0.640	45,735.000000
18.634833	0.640	43,512.000000
18.645500	0.640	42,078.000000
18.656167	0.640	46,102.000000
18.666833	0.640	52,299.000000
18.677500	0.640	53,458.000000
18.688167	0.640	48,813.000000
18.698833	0.640	45,210.000000
18.709500	0.640	45,437.000000
18.720167	0.640	44,798.000000
18.730833	0.640	40,969.000000
18.741500	0.640	37,541.000000
18.752167	0.640	36,754.000000
18.762833	0.640	36,064.000000
18.773500	0.640	34,398.000000
18.784167	0.640	34,838.000000
18.794833	0.640	36,843.000000
18.805500	0.640	36,350.000000
18.816167	0.640	34,975.000000
18.826833	0.640	36,736.000000
18.837500	0.640	41,108.000000
18.848167	0.640	45,410.000000
18.858833	0.640	47,062.000000
18.869500	0.640	45,900.000000
18.880167	0.640	44,982.000000
18.890833	0.640	45,023.000000
18.901500	0.640	43,138.000000
18.912167	0.640	38,190.000000
18.922833	0.640	33,986.000000
18.933500	0.640	35,224.000000
18.944167	0.640	39,157.000000
18.954833	0.640	38,967.000000
18.965500	0.640	35,600.000000
18.976167	0.640	34,662.000000
18.986833	0.640	35,842.000000
18.997500	0.640	35,721.000000
19.008167	0.640	34,479.000000
19.018833	0.640	34,731.000000
19.029500	0.640	38,717.000000
19.040167	0.640	44,390.000000
19.050833	0.640	44,801.000000
19.061500	0.640	37,565.000000
19.072167	0.640	29,872.000000
19.082833	0.640	29,441.000000
19.093500	0.640	34,543.000000
19.104167	0.640	38,572.000000
19.114833	0.640	39,968.000000
19.125500	0.640	39,223.000000
19.136167	0.640	35,997.000000
19.146883	0.643	32,356.000000
19.157500	0.637	28,167.000000
19.168167	0.640	22,173.000000
19.178833	0.640	19,475.000000
19.189500	0.640	23,132.000000
19.200167	0.640	27,507.000000
19.210833	0.640	30,119.000000
19.221500	0.640	33,513.000000
19.232167	0.640	35,261.000000
19.242833	0.640	34,178.000000
19.253500	0.640	34,640.000000
19.264167	0.640	36,970.000000
19.274833	0.640	38,919.000000
19.285500	0.640	38,974.000000
19.296167	0.640	34,775.000000
19.306833	0.640	28,431.000000
19.317500	0.640	24,147.000000
19.328167	0.640	22,339.000000
19.338833	0.640	23,879.000000
19.349500	0.640	28,657.000000
19.360167	0.640	32,217.000000
19.370833	0.640	32,370.000000
19.381500	0.640	31,409.000000
19.392167	0.640	30,493.000000
19.402833	0.640	27,682.000000
19.413500	0.640	23,540.000000
19.424167	0.640	23,634.000000
19.434833	0.640	28,437.000000
19.445500	0.640	30,426.000000
19.456167	0.640	25,913.000000
19.466833	0.640	18,359.000000
19.477500	0.640	14,616.000000
19.488167	0.640	18,750.000000
19.498833	0.640	24,356.000000
19.509500	0.640	25,234.000000
19.520167	0.640	24,994.000000
19.530833	0.640	26,698.000000
19.541500	0.640	28,869.000000
19.552167	0.640	28,839.000000
19.562833	0.640	24,940.000000
19.573500	0.640	19,986.000000
19.584167	0.640	17,580.000000
19.594833	0.640	17,588.000000
19.605500	0.640	19,616.000000
19.616167	0.640	23,744.000000
19.626833	0.640	27,360.000000
19.637500	0.640	27,646.000000
19.648167	0.640	25,036.000000
19.658833	0.640	22,518.000000
19.669500	0.640	23,472.000000
19.680167	0.640	28,014.000000
19.690833	0.640	31,388.000000
19.701500	0.640	28,861.000000
19.712167	0.640	22,775.000000
19.722833	0.640	20,443.000000
19.733500	0.640	23,410.000000
19.744167	0.640	25,825.000000
19.754833	0.640	25,296.000000
19.765500	0.640	26,503.000000
19.776167	0.640	30,965.000000
19.786833	0.640	34,065.000000
19.797500	0.640	33,243.000000
19.808167	0.640	29,806.000000
19.818833	0.640	28,880.000000
19.829500	0.640	34,352.000000
19.840167	0.640	37,891.000000
19.850833	0.640	32,460.000000
19.861500	0.640	27,358.000000
19.872167	0.640	29,255.000000
19.882833	0.640	30,644.000000
19.893500	0.640	27,822.000000
19.904167	0.640	27,710.000000
19.914833	0.640	30,628.000000
19.925500	0.640	28,158.000000
19.936167	0.640	20,708.000000
19.946833	0.640	15,719.000000
19.957500	0.640	15,555.000000
19.968167	0.640	19,080.000000
19.978833	0.640	22,608.000000
19.989500	0.640	22,170.000000
20.000167	0.640	21,405.000000
20.010833	0.640	24,934.000000
20.021500	0.640	27,998.000000
20.032167	0.640	25,982.000000
20.042833	0.640	22,543.000000
20.053500	0.640	20,312.000000
20.064167	0.640	17,356.000000
20.074833	0.640	14,864.000000
20.085500	0.640	17,464.000000
20.096167	0.640	24,738.000000
20.106833	0.640	30,374.000000
20.117500	0.640	31,413.000000
20.128167	0.640	29,474.000000
20.138833	0.640	25,575.000000
20.149500	0.640	20,809.000000
20.160167	0.640	16,847.000000
20.170833	0.640	14,268.000000
20.181500	0.640	12,911.000000
20.192167	0.640	13,844.000000
20.202833	0.640	17,743.000000
20.213500	0.640	21,076.000000
20.224167	0.640	21,069.000000
20.234833	0.640	21,312.000000
20.245500	0.640	25,053.000000
20.256167	0.640	28,226.000000
20.266833	0.640	24,937.000000
20.277500	0.640	17,874.000000
20.288167	0.640	15,869.000000
20.298833	0.640	20,062.000000
20.309500	0.640	22,725.000000
20.320167	0.640	21,445.000000
20.330833	0.640	22,150.000000
20.341500	0.640	24,975.000000
20.352167	0.640	23,056.000000
20.362833	0.640	17,666.000000
20.373500	0.640	17,805.000000
20.384167	0.640	25,249.000000
20.394833	0.640	31,537.000000
20.405500	0.640	31,929.000000
20.416167	0.640	33,332.000000
20.426833	0.640	40,327.000000
20.437500	0.640	46,086.000000
20.448167	0.640	48,853.000000
20.458833	0.640	58,040.000000
20.469500	0.640	74,268.000000
20.480167	0.640	90,463.000000
20.490833	0.640	112,103.000000
20.501500	0.640	148,735.000000
20.512167	0.640	195,016.000000
20.522833	0.640	242,056.000000
20.533500	0.640	297,297.000000
20.544167	0.640	375,123.000000
20.554833	0.640	478,993.000000
20.565500	0.640	604,392.000000
20.576167	0.640	750,600.000000
20.586833	0.640	927,234.000000
20.597500	0.640	1,149,813.000000
20.608167	0.640	1,430,936.000000
20.618833	0.640	1,782,184.000000
20.629500	0.640	2,222,711.000000
20.640167	0.640	2,781,515.000000
20.650833	0.640	3,496,527.000000
20.661500	0.640	4,417,630.000000
20.672167	0.640	5,605,934.000000
20.682833	0.640	7,123,761.000000
20.693500	0.640	9,016,074.000000
20.704167	0.640	11,281,401.000000
20.714833	0.640	13,859,023.000000
20.725500	0.640	16,642,784.000000
20.736167	0.640	19,472,628.000000
20.746833	0.640	22,121,499.000000
20.757500	0.640	24,323,650.000000
20.768167	0.640	25,827,708.000000
20.778833	0.640	26,455,927.000000
20.789500	0.640	26,143,474.000000
20.800167	0.640	24,944,736.000000
20.810833	0.640	23,008,733.000000
20.821500	0.640	20,550,976.000000
20.832167	0.640	17,830,541.000000
20.842833	0.640	15,093,816.000000
20.853500	0.640	12,529,190.000000
20.864167	0.640	10,267,663.000000
20.874833	0.640	8,380,649.000000
20.885500	0.640	6,873,187.000000
20.896167	0.640	5,705,471.000000
20.906833	0.640	4,823,696.000000
20.917500	0.640	4,169,196.000000
20.928167	0.640	3,685,609.000000
20.938833	0.640	3,328,320.000000
20.949500	0.640	3,061,777.000000
20.960167	0.640	2,858,612.000000
20.970833	0.640	2,698,378.000000
20.981500	0.640	2,565,331.000000
20.992167	0.640	2,451,606.000000
21.002833	0.640	2,351,332.000000
21.013500	0.640	2,258,318.000000
21.024167	0.640	2,176,450.000000
21.034833	0.640	2,109,803.000000
21.045500	0.640	2,048,244.000000
21.056167	0.640	1,984,538.000000
21.066833	0.640	1,924,258.000000
21.077500	0.640	1,870,541.000000
21.088167	0.640	1,821,717.000000
21.098833	0.640	1,777,950.000000
21.109500	0.640	1,738,543.000000
21.120167	0.640	1,701,295.000000
21.130833	0.640	1,664,440.000000
21.141500	0.640	1,626,628.000000
21.152167	0.640	1,588,440.000000
21.162833	0.640	1,551,481.000000
21.173500	0.640	1,518,333.000000
21.184167	0.640	1,491,375.000000
21.194833	0.640	1,465,262.000000
21.205500	0.640	1,433,270.000000
21.216167	0.640	1,400,478.000000
21.226833	0.640	1,373,615.000000
21.237500	0.640	1,348,438.000000
21.248167	0.640	1,319,566.000000
21.258833	0.640	1,288,778.000000
21.269500	0.640	1,259,150.000000
21.280167	0.640	1,232,611.000000
21.290833	0.640	1,210,274.000000
21.301500	0.640	1,189,397.000000
21.312167	0.640	1,165,898.000000
21.322833	0.640	1,140,695.000000
21.333500	0.640	1,118,447.000000
21.344167	0.640	1,100,558.000000
21.354833	0.640	1,084,262.000000
21.365500	0.640	1,068,454.000000
21.376167	0.640	1,054,849.000000
21.386833	0.640	1,043,482.000000
21.397500	0.640	1,032,632.000000
21.408167	0.640	1,020,751.000000
21.418833	0.640	1,005,335.000000
21.429500	0.640	986,192.000000
21.440167	0.640	968,060.000000
21.450833	0.640	953,612.000000
21.461500	0.640	940,451.000000
21.472167	0.640	927,155.000000
21.482833	0.640	915,842.000000
21.493500	0.640	908,394.000000
21.504167	0.640	902,440.000000
21.514833	0.640	895,457.000000
21.525500	0.640	889,333.000000
21.536167	0.640	883,069.000000
21.546833	0.640	872,492.000000
21.557500	0.640	858,222.000000
21.568167	0.640	842,269.000000
21.578833	0.640	826,852.000000
21.589500	0.640	814,576.000000
21.600167	0.640	802,843.000000
21.610833	0.640	788,322.000000
21.621500	0.640	772,887.000000
21.632167	0.640	761,570.000000
21.642833	0.640	755,545.000000
21.653500	0.640	748,047.000000
21.664167	0.640	734,975.000000
21.674833	0.640	718,431.000000
21.685500	0.640	698,623.000000
21.696167	0.640	680,039.000000
21.706833	0.640	670,519.000000
21.717500	0.640	666,377.000000
21.728167	0.640	658,617.000000
21.738833	0.640	646,325.000000
21.749500	0.640	633,813.000000
21.760167	0.640	624,371.000000
21.770833	0.640	616,568.000000
21.781500	0.640	605,086.000000
21.792167	0.640	589,252.000000
21.802833	0.640	576,689.000000
21.813500	0.640	572,289.000000
21.824167	0.640	569,680.000000
21.834833	0.640	561,597.000000
21.845500	0.640	551,722.000000
21.856167	0.640	547,585.000000
21.866833	0.640	547,460.000000
21.877500	0.640	544,420.000000
21.888167	0.640	538,559.000000
21.898833	0.640	534,714.000000
21.909500	0.640	532,134.000000
21.920167	0.640	525,366.000000
21.930833	0.640	516,574.000000
21.941500	0.640	514,098.000000
21.952167	0.640	513,731.000000
21.962833	0.640	504,709.000000
21.973500	0.640	491,754.000000
21.984167	0.640	485,232.000000
21.994833	0.640	484,228.000000
22.005500	0.640	483,192.000000
22.016167	0.640	478,898.000000
22.026833	0.640	472,274.000000
22.037500	0.640	468,399.000000
22.048167	0.640	467,201.000000
22.058833	0.640	464,247.000000
22.069500	0.640	461,105.000000
22.080167	0.640	460,150.000000
22.090833	0.640	459,018.000000
22.101500	0.640	456,537.000000
22.112167	0.640	453,850.000000
22.122833	0.640	451,596.000000
22.133500	0.640	449,983.000000
22.144167	0.640	448,060.000000
22.154833	0.640	444,089.000000
22.165500	0.640	438,444.000000
22.176167	0.640	432,980.000000
22.186833	0.640	429,065.000000
22.197500	0.640	427,761.000000
22.208167	0.640	428,297.000000
22.218833	0.640	427,738.000000
22.229500	0.640	425,473.000000
22.240167	0.640	423,665.000000
22.250833	0.640	421,270.000000
22.261500	0.640	415,063.000000
22.272167	0.640	407,833.000000
22.282833	0.640	406,411.000000
22.293500	0.640	410,288.000000
22.304167	0.640	411,743.000000
22.314833	0.640	408,359.000000
22.325500	0.640	404,995.000000
22.336167	0.640	403,841.000000
22.346833	0.640	403,752.000000
22.357500	0.640	404,889.000000
22.368167	0.640	406,848.000000
22.378833	0.640	408,955.000000
22.389500	0.640	410,075.000000
22.400167	0.640	406,193.000000
22.410833	0.640	396,864.000000
22.421500	0.640	389,703.000000
22.432167	0.640	390,422.000000
22.442833	0.640	394,286.000000
22.453500	0.640	393,780.000000
22.464167	0.640	389,755.000000
22.474833	0.640	388,407.000000
22.485500	0.640	391,782.000000
22.496167	0.640	396,306.000000
22.506833	0.640	399,604.000000
22.517500	0.640	401,937.000000
22.528167	0.640	399,784.000000
22.538833	0.640	392,206.000000
22.549500	0.640	386,305.000000
22.560167	0.640	385,848.000000
22.570833	0.640	389,010.000000
22.581500	0.640	392,937.000000
22.592167	0.640	392,952.000000
22.602833	0.640	387,235.000000
22.613500	0.640	380,486.000000
22.624167	0.640	378,223.000000
22.634833	0.640	379,846.000000
22.645500	0.640	379,335.000000
22.656167	0.640	374,326.000000
22.666833	0.640	370,103.000000
22.677500	0.640	369,778.000000
22.688167	0.640	369,632.000000
22.698833	0.640	367,139.000000
22.709500	0.640	362,101.000000
22.720167	0.640	356,540.000000
22.730833	0.640	356,969.000000
22.741500	0.640	363,040.000000
22.752167	0.640	366,155.000000
22.762833	0.640	365,099.000000
22.773500	0.640	364,066.000000
22.784167	0.640	361,729.000000
22.794833	0.640	355,599.000000
22.805500	0.640	350,470.000000
22.816167	0.640	352,333.000000
22.826833	0.640	357,742.000000
22.837500	0.640	360,990.000000
22.848167	0.640	363,139.000000
22.858833	0.640	364,483.000000
22.869500	0.640	361,406.000000
22.880167	0.640	355,946.000000
22.890833	0.640	355,503.000000
22.901500	0.640	361,569.000000
22.912167	0.640	367,994.000000
22.922833	0.640	369,624.000000
22.933500	0.640	367,299.000000
22.944167	0.640	363,635.000000
22.954833	0.640	360,277.000000
22.965500	0.640	359,652.000000
22.976167	0.640	361,700.000000
22.986833	0.640	362,194.000000
22.997500	0.640	359,277.000000
23.008167	0.640	357,954.000000
23.018833	0.640	363,104.000000
23.029500	0.640	369,620.000000
23.040167	0.640	368,526.000000
23.050833	0.640	362,093.000000
23.061500	0.640	360,724.000000
23.072167	0.640	366,056.000000
23.082833	0.640	371,397.000000
23.093500	0.640	375,011.000000
23.104167	0.640	379,145.000000
23.114833	0.640	381,204.000000
23.125500	0.640	377,730.000000
23.136167	0.640	373,038.000000
23.146833	0.640	372,791.000000
23.157500	0.640	374,523.000000
23.168167	0.640	373,952.000000
23.178833	0.640	372,267.000000
23.189500	0.640	372,629.000000
23.200167	0.640	375,891.000000
23.210833	0.640	378,669.000000
23.221500	0.640	376,143.000000
23.232167	0.640	370,344.000000
23.242833	0.640	367,689.000000
23.253500	0.640	368,364.000000
23.264167	0.640	369,730.000000
23.274833	0.640	373,270.000000
23.285500	0.640	379,158.000000
23.296167	0.640	384,090.000000
23.306833	0.640	386,535.000000
23.317500	0.640	386,484.000000
23.328167	0.640	383,383.000000
23.338833	0.640	378,137.000000
23.349500	0.640	374,146.000000
23.360167	0.640	373,799.000000
23.370833	0.640	375,548.000000
23.381500	0.640	377,058.000000
23.392167	0.640	377,519.000000
23.402833	0.640	375,901.000000
23.413500	0.640	372,582.000000
23.424167	0.640	371,552.000000
23.434833	0.640	375,642.000000
23.445500	0.640	382,753.000000
23.456167	0.640	390,755.000000
23.466833	0.640	398,825.000000
23.477500	0.640	404,157.000000
23.488167	0.640	405,473.000000
23.498833	0.640	405,457.000000
23.509500	0.640	407,540.000000
23.520167	0.640	411,556.000000
23.530833	0.640	413,388.000000
23.541500	0.640	412,584.000000
23.552167	0.640	411,163.000000
23.562833	0.640	408,204.000000
23.573500	0.640	406,453.000000
23.584167	0.640	409,433.000000
23.594833	0.640	412,168.000000
23.605500	0.640	409,978.000000
23.616167	0.640	408,161.000000
23.626833	0.640	412,378.000000
23.637500	0.640	418,049.000000
23.648167	0.640	418,467.000000
23.658833	0.640	415,648.000000
23.669500	0.640	414,690.000000
23.680167	0.640	414,438.000000
23.690833	0.640	413,139.000000
23.701500	0.640	414,368.000000
23.712167	0.640	418,279.000000
23.722833	0.640	420,737.000000
23.733500	0.640	422,002.000000
23.744167	0.640	423,988.000000
23.754833	0.640	425,525.000000
23.765500	0.640	426,079.000000
23.776167	0.640	428,632.000000
23.786833	0.640	432,863.000000
23.797500	0.640	433,951.000000
23.808167	0.640	434,200.000000
23.818833	0.640	437,192.000000
23.829500	0.640	438,791.000000
23.840167	0.640	439,348.000000
23.850833	0.640	441,997.000000
23.861500	0.640	444,469.000000
23.872167	0.640	447,781.000000
23.882833	0.640	453,903.000000
23.893500	0.640	457,237.000000
23.904167	0.640	453,766.000000
23.914833	0.640	450,902.000000
23.925500	0.640	456,612.000000
23.936167	0.640	465,870.000000
23.946833	0.640	470,603.000000
23.957500	0.640	471,474.000000
23.968167	0.640	471,806.000000
23.978833	0.640	472,059.000000
23.989500	0.640	472,012.000000
24.000167	0.640	474,121.000000
24.010833	0.640	480,294.000000
24.021500	0.640	486,488.000000
24.032167	0.640	490,662.000000
24.042833	0.640	496,712.000000
24.053500	0.640	502,801.000000
24.064167	0.640	503,154.000000
24.074833	0.640	499,398.000000
24.085500	0.640	496,546.000000
24.096167	0.640	494,692.000000
24.106833	0.640	491,402.000000
24.117500	0.640	489,682.000000
24.128167	0.640	492,946.000000
24.138833	0.640	495,742.000000
24.149500	0.640	495,205.000000
24.160167	0.640	497,001.000000
24.170833	0.640	500,614.000000
24.181500	0.640	499,435.000000
24.192167	0.640	495,761.000000
24.202833	0.640	498,860.000000
24.213500	0.640	510,655.000000
24.224167	0.640	523,329.000000
24.234833	0.640	528,008.000000
24.245500	0.640	523,767.000000
24.256167	0.640	521,272.000000
24.266833	0.640	529,428.000000
24.277500	0.640	540,340.000000
24.288167	0.640	543,188.000000
24.298833	0.640	540,927.000000
24.309500	0.640	538,784.000000
24.320167	0.640	535,404.000000
24.330833	0.640	532,023.000000
24.341500	0.640	532,949.000000
24.352167	0.640	536,969.000000
24.362833	0.640	538,295.000000
24.373500	0.640	535,643.000000
24.384167	0.640	534,772.000000
24.394833	0.640	538,560.000000
24.405500	0.640	541,809.000000
24.416167	0.640	541,172.000000
24.426833	0.640	541,193.000000
24.437500	0.640	544,802.000000
24.448167	0.640	548,130.000000
24.458833	0.640	549,927.000000
24.469500	0.640	553,864.000000
24.480167	0.640	561,365.000000
24.490833	0.640	568,231.000000
24.501500	0.640	568,283.000000
24.512167	0.640	564,761.000000
24.522833	0.640	568,247.000000
24.533500	0.640	579,860.000000
24.544167	0.640	590,112.000000
24.554833	0.640	592,228.000000
24.565500	0.640	590,381.000000
24.576167	0.640	592,051.000000
24.586833	0.640	595,562.000000
24.597500	0.640	595,535.000000
24.608167	0.640	593,841.000000
24.618833	0.640	594,067.000000
24.629500	0.640	594,621.000000
24.640167	0.640	596,191.000000
24.650833	0.640	603,891.000000
24.661500	0.640	616,678.000000
24.672167	0.640	626,425.000000
24.682833	0.640	628,393.000000
24.693500	0.640	626,700.000000
24.704167	0.640	627,714.000000
24.714833	0.640	631,008.000000
24.725500	0.640	633,412.000000
24.736167	0.640	635,628.000000
24.746833	0.640	639,691.000000
24.757500	0.640	646,253.000000
24.768167	0.640	652,993.000000
24.778833	0.640	655,630.000000
24.789500	0.640	655,122.000000
24.800167	0.640	656,797.000000
24.810833	0.640	660,505.000000
24.821500	0.640	664,749.000000
24.832167	0.640	672,812.000000
24.842833	0.640	683,980.000000
24.853500	0.640	693,387.000000
24.864167	0.640	699,846.000000
24.874833	0.640	701,911.000000
24.885500	0.640	696,350.000000
24.896167	0.640	688,578.000000
24.906833	0.640	687,478.000000
24.917500	0.640	689,086.000000
24.928167	0.640	686,488.000000
24.938833	0.640	683,762.000000
24.949500	0.640	686,757.000000
24.960167	0.640	695,365.000000
24.970833	0.640	704,601.000000
24.981500	0.640	707,584.000000
24.992167	0.640	704,751.000000
25.002833	0.640	705,158.000000
25.013500	0.640	712,109.000000
25.024167	0.640	718,516.000000
25.034833	0.640	721,084.000000
25.045500	0.640	725,871.000000
25.056167	0.640	733,152.000000
25.066833	0.640	734,135.000000
25.077500	0.640	729,733.000000
25.088167	0.640	730,151.000000
25.098833	0.640	737,977.000000
25.109500	0.640	748,644.000000
25.120167	0.640	756,969.000000
25.130833	0.640	760,176.000000
25.141500	0.640	762,483.000000
25.152167	0.640	772,055.000000
25.162833	0.640	790,170.000000
25.173500	0.640	809,914.000000
25.184167	0.640	829,279.000000
25.194833	0.640	858,165.000000
25.205500	0.640	913,469.000000
25.216167	0.640	1,013,447.000000
25.226833	0.640	1,172,550.000000
25.237500	0.640	1,408,775.000000
25.248167	0.640	1,766,913.000000
25.258833	0.640	2,324,956.000000
25.269500	0.640	3,171,246.000000
25.280167	0.640	4,401,778.000000
25.290833	0.640	6,140,945.000000
25.301500	0.640	8,507,962.000000
25.312167	0.640	11,580,314.000000
25.322833	0.640	15,403,749.000000
25.333500	0.640	19,925,862.000000
25.344167	0.640	24,922,370.000000
25.354833	0.640	30,045,677.000000
25.365500	0.640	34,868,117.000000
25.376167	0.640	38,898,768.000000
25.386833	0.640	41,665,478.000000
25.397500	0.640	42,803,302.000000
25.408167	0.640	42,139,864.000000
25.418833	0.640	39,774,685.000000
25.429500	0.640	36,018,597.000000
25.440167	0.640	31,271,294.000000
25.450833	0.640	26,018,044.000000
25.461500	0.640	20,800,601.000000
25.472167	0.640	16,048,732.000000
25.482833	0.640	11,985,020.000000
25.493500	0.640	8,692,953.000000
25.504167	0.640	6,178,745.000000
25.514833	0.640	4,366,922.000000
25.525500	0.640	3,118,809.000000
25.536167	0.640	2,289,684.000000
25.546833	0.640	1,760,890.000000
25.557500	0.640	1,432,243.000000
25.568167	0.640	1,222,979.000000
25.578833	0.640	1,088,150.000000
25.589500	0.640	1,009,340.000000
25.600167	0.640	966,794.000000
25.610833	0.640	939,528.000000
25.621500	0.640	923,205.000000
25.632167	0.640	920,599.000000
25.642833	0.640	923,629.000000
25.653500	0.640	923,730.000000
25.664167	0.640	922,828.000000
25.674833	0.640	923,228.000000
25.685500	0.640	923,298.000000
25.696167	0.640	921,542.000000
25.706833	0.640	917,134.000000
25.717500	0.640	914,071.000000
25.728167	0.640	918,347.000000
25.738833	0.640	928,202.000000
25.749500	0.640	937,683.000000
25.760167	0.640	943,317.000000
25.770833	0.640	946,645.000000
25.781500	0.640	953,945.000000
25.792167	0.640	965,431.000000
25.802833	0.640	975,378.000000
25.813500	0.640	983,884.000000
25.824167	0.640	993,242.000000
25.834833	0.640	1,005,517.000000
25.845500	0.640	1,026,401.000000
25.856167	0.640	1,059,662.000000
25.866833	0.640	1,108,104.000000
25.877500	0.640	1,173,895.000000
25.888167	0.640	1,245,750.000000
25.898833	0.640	1,296,936.000000
25.909500	0.640	1,303,288.000000
25.920167	0.640	1,263,411.000000
25.930833	0.640	1,196,237.000000
25.941500	0.640	1,124,115.000000
25.952167	0.640	1,066,515.000000
25.962833	0.640	1,033,291.000000
25.973500	0.640	1,018,859.000000
25.984167	0.640	1,012,076.000000
25.994833	0.640	1,006,593.000000
26.005500	0.640	1,002,383.000000
26.016167	0.640	1,002,821.000000
26.026833	0.640	1,008,199.000000
26.037500	0.640	1,015,834.000000
26.048167	0.640	1,025,572.000000
26.058833	0.640	1,035,048.000000
26.069500	0.640	1,039,467.000000
26.080167	0.640	1,042,796.000000
26.090833	0.640	1,051,380.000000
26.101500	0.640	1,062,614.000000
26.112167	0.640	1,075,558.000000
26.122833	0.640	1,098,148.000000
26.133500	0.640	1,136,306.000000
26.144167	0.640	1,185,905.000000
26.154833	0.640	1,231,507.000000
26.165500	0.640	1,248,053.000000
26.176167	0.640	1,221,692.000000
26.186833	0.640	1,171,455.000000
26.197500	0.640	1,128,636.000000
26.208167	0.640	1,106,577.000000
26.218833	0.640	1,105,668.000000
26.229500	0.640	1,122,948.000000
26.240167	0.640	1,150,435.000000
26.250833	0.640	1,176,809.000000
26.261500	0.640	1,189,485.000000
26.272167	0.640	1,184,097.000000
26.282833	0.640	1,171,036.000000
26.293500	0.640	1,160,900.000000
26.304167	0.640	1,154,798.000000
26.314833	0.640	1,152,783.000000
26.325500	0.640	1,161,500.000000
26.336167	0.640	1,196,806.000000
26.346833	0.640	1,292,775.000000
26.357500	0.640	1,541,578.000000
26.368167	0.640	2,132,103.000000
26.378833	0.640	3,191,513.000000
26.389500	0.640	4,390,670.000000
26.400167	0.640	4,921,997.000000
26.410833	0.640	4,292,404.000000
26.421500	0.640	2,970,271.000000
26.432167	0.640	1,851,714.000000
26.442833	0.640	1,334,006.000000
26.453500	0.640	1,217,929.000000
26.464167	0.640	1,208,310.000000
26.474833	0.640	1,195,682.000000
26.485500	0.640	1,187,107.000000
26.496167	0.640	1,193,130.000000
26.506833	0.640	1,208,074.000000
26.517500	0.640	1,223,036.000000
26.528167	0.640	1,234,518.000000
26.538833	0.640	1,247,167.000000
26.549500	0.640	1,263,399.000000
26.560167	0.640	1,279,825.000000
26.570833	0.640	1,292,624.000000
26.581500	0.640	1,295,733.000000
26.592167	0.640	1,286,431.000000
26.602833	0.640	1,274,675.000000
26.613500	0.640	1,271,786.000000
26.624167	0.640	1,275,879.000000
26.634833	0.640	1,281,172.000000
26.645500	0.640	1,289,403.000000
26.656167	0.640	1,302,050.000000
26.666833	0.640	1,317,070.000000
26.677500	0.640	1,337,658.000000
26.688167	0.640	1,372,141.000000
26.698833	0.640	1,429,038.000000
26.709500	0.640	1,523,550.000000
26.720167	0.640	1,697,169.000000
26.730833	0.640	2,003,365.000000
26.741500	0.640	2,391,382.000000
26.752167	0.640	2,634,110.000000
26.762833	0.640	2,539,307.000000
26.773500	0.640	2,213,767.000000
26.784167	0.640	1,948,937.000000
26.794833	0.640	1,897,433.000000
26.805500	0.640	1,990,532.000000
26.816167	0.640	2,094,361.000000
26.826833	0.640	2,151,939.000000
26.837500	0.640	2,211,686.000000
26.848167	0.640	2,357,443.000000
26.858833	0.640	2,639,221.000000
26.869500	0.640	3,235,260.000000
26.880167	0.640	5,279,369.000000
26.890833	0.640	13,470,629.000000
26.901500	0.640	38,589,560.000000
26.912167	0.640	87,223,636.000000
26.922833	0.640	138,090,729.000000
26.933500	0.640	148,391,406.000000
26.944167	0.640	105,632,089.000000
26.954833	0.640	47,744,696.000000
26.965500	0.640	14,002,127.000000
26.976167	0.640	6,253,432.000000
26.986833	0.640	7,067,582.000000
26.997500	0.640	7,229,487.000000
27.008167	0.640	8,549,418.000000
27.018833	0.640	18,091,129.000000
27.029500	0.640	48,032,018.000000
27.040167	0.640	109,782,213.000000
27.050833	0.640	191,082,207.000000
27.061500	0.640	243,865,583.000000
27.072167	0.640	223,709,338.000000
27.082833	0.640	144,358,114.000000
27.093500	0.640	64,448,923.000000
27.104167	0.640	22,685,188.000000
27.114833	0.640	13,021,864.000000
27.125500	0.640	14,292,382.000000
27.136167	0.640	15,884,726.000000
27.146833	0.640	15,899,851.000000
27.157550	0.643	13,902,662.000000
27.168167	0.637	10,780,626.000000
27.178833	0.640	8,565,515.000000
27.189500	0.640	8,079,939.000000
27.200167	0.640	8,765,643.000000
27.210833	0.640	10,095,658.000000
27.221500	0.640	11,624,557.000000
27.232167	0.640	12,468,530.000000
27.242833	0.640	13,424,411.000000
27.253500	0.640	25,277,322.000000
27.264167	0.640	26,141,508.000000
27.264333	0.010	49,212,262.000000
27.264500	0.010	26,141,508.000000
27.264667	0.010	49,212,262.000000
27.264833	0.010	26,141,508.000000
27.265000	0.010	49,212,262.000000
27.265167	0.010	26,141,508.000000
27.274833	0.580	26,141,508.000000
27.285500	0.640	26,141,508.000000
27.296167	0.640	26,141,508.000000
27.306833	0.640	26,141,508.000000
27.317500	0.640	26,141,508.000000
27.317667	0.010	49,212,262.000000
27.317833	0.010	26,141,508.000000
27.318000	0.010	49,212,262.000000
27.318167	0.010	26,141,508.000000
27.318333	0.010	49,212,262.000000
27.318500	0.010	26,141,508.000000
27.328167	0.580	181,698,903.000000
27.338833	0.640	85,530,606.000000
27.349500	0.640	53,519,048.000000
27.360167	0.640	53,470,951.000000
27.370833	0.640	53,805,839.000000
27.381500	0.640	54,670,025.000000
27.381667	0.010	92,005,037.000000
27.381833	0.010	54,670,025.000000
27.382000	0.010	92,005,037.000000
27.382167	0.010	54,670,025.000000
27.382333	0.010	92,005,037.000000
27.382500	0.010	54,670,025.000000
27.392167	0.580	54,670,025.000000
27.402833	0.640	54,670,025.000000
27.413500	0.640	54,670,025.000000
27.424167	0.640	54,670,025.000000
27.434833	0.640	54,670,025.000000
27.445500	0.640	54,670,025.000000
27.456167	0.640	54,670,025.000000
27.466833	0.640	54,670,025.000000
27.477500	0.640	54,670,025.000000
27.477667	0.010	92,005,037.000000
27.477833	0.010	54,670,025.000000
27.478000	0.010	92,005,037.000000
27.478167	0.010	54,670,025.000000
27.478333	0.010	92,005,037.000000
27.478500	0.010	54,670,025.000000
27.488167	0.580	166,943,643.000000
27.498833	0.640	122,850,377.000000
27.509500	0.640	119,445,797.000000
27.520167	0.640	116,462,472.000000
27.530833	0.640	96,616,631.000000
27.541500	0.640	75,384,445.000000
27.552167	0.640	63,516,609.000000
27.562833	0.640	57,167,639.000000
27.573500	0.640	51,614,122.000000
27.584167	0.640	46,528,219.000000
27.594833	0.640	43,001,439.000000
27.605500	0.640	41,177,404.000000
27.616167	0.640	40,076,292.000000
27.626833	0.640	38,354,291.000000
27.637500	0.640	35,776,431.000000
27.648167	0.640	33,489,102.000000
27.658833	0.640	32,181,006.000000
27.669500	0.640	31,240,452.000000
27.680167	0.640	30,106,542.000000
27.690833	0.640	29,067,169.000000
27.701500	0.640	28,488,300.000000
27.712167	0.640	28,252,322.000000
27.722833	0.640	28,030,285.000000
27.733500	0.640	27,625,062.000000
27.744167	0.640	27,225,235.000000
27.754833	0.640	27,332,260.000000
27.765500	0.640	28,094,488.000000
27.776167	0.640	28,997,503.000000
27.786833	0.640	29,422,495.000000
27.797500	0.640	29,081,014.000000
27.808167	0.640	27,994,780.000000
27.818833	0.640	26,537,990.000000
27.829500	0.640	25,321,689.000000
27.840167	0.640	24,727,128.000000
27.850833	0.640	24,643,098.000000
27.861500	0.640	24,772,286.000000
27.872167	0.640	25,545,097.000000
27.882833	0.640	29,978,896.000000
27.893500	0.640	49,378,284.000000
27.904167	0.640	50,242,470.000000
27.904333	0.010	85,363,705.000000
27.904500	0.010	50,242,470.000000
27.904667	0.010	85,363,705.000000
27.904833	0.010	50,242,470.000000
27.905000	0.010	85,363,705.000000
27.905167	0.010	50,242,470.000000
27.914833	0.580	50,242,470.000000
27.925500	0.640	50,242,470.000000
27.936167	0.640	50,242,470.000000
27.946833	0.640	50,242,470.000000
27.957500	0.640	50,242,470.000000
27.968167	0.640	50,242,470.000000
27.978833	0.640	50,242,470.000000
27.989500	0.640	50,242,470.000000
28.000167	0.640	50,242,470.000000
28.010833	0.640	50,242,470.000000
28.021500	0.640	50,242,470.000000
28.032167	0.640	50,242,470.000000
28.042833	0.640	50,242,470.000000
28.053500	0.640	50,242,470.000000
28.064167	0.640	50,242,470.000000
28.074833	0.640	50,242,470.000000
28.085500	0.640	50,242,470.000000
28.096167	0.640	50,242,470.000000
28.096333	0.010	85,363,705.000000
28.096500	0.010	50,242,470.000000
28.096667	0.010	85,363,705.000000
28.096833	0.010	50,242,470.000000
28.097000	0.010	85,363,705.000000
28.097167	0.010	50,242,470.000000
28.106833	0.580	216,010,359.000000
28.117500	0.640	117,861,293.000000
28.128167	0.640	93,697,972.000000
28.138833	0.640	95,908,752.000000
28.149500	0.640	90,406,246.000000
28.160167	0.640	78,721,058.000000
28.170833	0.640	65,935,006.000000
28.181500	0.640	52,908,403.000000
28.192167	0.640	44,462,641.000000
28.202833	0.640	47,308,027.000000
28.213500	0.640	67,523,122.000000
28.224167	0.640	106,539,578.000000
28.234833	0.640	151,860,577.000000
28.245500	0.640	183,049,706.000000
28.256167	0.640	194,605,539.000000
28.266833	0.640	198,971,529.000000
28.277500	0.640	204,518,492.000000
28.288167	0.640	206,455,117.000000
28.298833	0.640	199,389,365.000000
28.309500	0.640	185,992,560.000000
28.320167	0.640	172,542,849.000000
28.330833	0.640	162,316,286.000000
28.341500	0.640	153,417,244.000000
28.352167	0.640	140,471,533.000000
28.362833	0.640	118,925,632.000000
28.373500	0.640	89,637,566.000000
28.384167	0.640	59,983,265.000000
28.394833	0.640	38,528,731.000000
28.405500	0.640	27,698,595.000000
28.416167	0.640	23,620,999.000000
28.426833	0.640	22,410,051.000000
28.437500	0.640	23,358,609.000000
28.448167	0.640	26,106,193.000000
28.458833	0.640	28,035,564.000000
28.469500	0.640	26,464,223.000000
28.480167	0.640	21,971,516.000000
28.490833	0.640	17,501,113.000000
28.501500	0.640	14,905,401.000000
28.512167	0.640	13,874,447.000000
28.522833	0.640	13,442,233.000000
28.533500	0.640	13,158,805.000000
28.544167	0.640	12,965,789.000000
28.554833	0.640	12,772,575.000000
28.565500	0.640	12,455,890.000000
28.576167	0.640	12,022,317.000000
28.586833	0.640	11,567,778.000000
28.597500	0.640	11,147,257.000000
28.608167	0.640	10,715,379.000000
28.618833	0.640	10,121,845.000000
28.629500	0.640	9,182,059.000000
28.640167	0.640	7,824,520.000000
28.650833	0.640	6,197,032.000000
28.661500	0.640	4,598,305.000000
28.672167	0.640	3,264,553.000000
28.682833	0.640	2,258,675.000000
28.693500	0.640	1,553,465.000000
28.704167	0.640	1,118,562.000000
28.714833	0.640	989,118.000000
28.725500	0.640	1,165,915.000000
28.736167	0.640	1,291,263.000000
28.746833	0.640	971,616.000000
28.757500	0.640	449,553.000000
28.768167	0.640	185,797.000000
28.778833	0.640	172,019.000000
28.789500	0.640	178,835.000000
28.800167	0.640	141,245.000000
28.810833	0.640	104,505.000000
28.821500	0.640	89,742.000000
28.832167	0.640	82,765.000000
28.842833	0.640	71,690.000000
28.853500	0.640	60,994.000000
28.864167	0.640	56,926.000000
28.874833	0.640	52,402.000000
28.885500	0.640	40,940.000000
28.896167	0.640	31,037.000000
28.906833	0.640	29,785.000000
28.917500	0.640	32,352.000000
28.928167	0.640	33,928.000000
28.938833	0.640	33,278.000000
28.949500	0.640	29,867.000000
28.960167	0.640	26,753.000000
28.970833	0.640	25,136.000000
28.981500	0.640	20,850.000000
28.992167	0.640	14,946.000000
29.002833	0.640	14,213.000000
29.013500	0.640	18,479.000000
29.024167	0.640	19,720.000000
29.034833	0.640	15,131.000000
29.045500	0.640	10,712.000000
29.056167	0.640	10,560.000000
29.066833	0.640	12,342.000000
29.077500	0.640	12,466.000000
29.088167	0.640	9,177.000000
29.098833	0.640	3,722.000000
29.109500	0.640	1,704.000000
29.120167	0.640	6,233.000000
29.130833	0.640	11,644.000000
29.141500	0.640	12,430.000000
29.152167	0.640	9,660.000000
29.162833	0.640	6,462.000000
29.173500	0.640	6,096.000000
29.184167	0.640	10,220.000000
29.194833	0.640	14,909.000000
29.205500	0.640	14,601.000000
29.216167	0.640	11,840.000000
29.226833	0.640	13,682.000000
29.237500	0.640	17,945.000000
29.248167	0.640	16,378.000000
29.258833	0.640	9,037.000000
29.269500	0.640	3,909.000000
29.280167	0.640	6,206.000000
29.290833	0.640	12,059.000000
29.301500	0.640	14,000.000000
29.312167	0.640	13,846.000000
29.322833	0.640	18,007.000000
29.333500	0.640	22,528.000000
29.344167	0.640	20,492.000000
29.354833	0.640	15,392.000000
29.365500	0.640	14,170.000000
29.376167	0.640	15,116.000000
29.386833	0.640	12,329.000000
29.397500	0.640	9,114.000000
29.408167	0.640	12,740.000000
29.418833	0.640	19,610.000000
29.429500	0.640	22,277.000000
29.440167	0.640	20,785.000000
29.450833	0.640	18,087.000000
29.461500	0.640	17,099.000000
29.472167	0.640	19,027.000000
29.482833	0.640	20,038.000000
29.493500	0.640	16,932.000000
29.504167	0.640	12,307.000000
29.514833	0.640	10,788.000000
29.525500	0.640	12,125.000000
29.536167	0.640	12,420.000000
29.546833	0.640	12,367.000000
29.557500	0.640	14,848.000000
29.568167	0.640	18,544.000000
29.578833	0.640	21,109.000000
29.589500	0.640	21,736.000000
29.600167	0.640	21,241.000000
29.610833	0.640	22,486.000000
29.621500	0.640	25,813.000000
29.632167	0.640	27,133.000000
29.642833	0.640	23,426.000000
29.653500	0.640	16,568.000000
29.664167	0.640	12,471.000000
29.674833	0.640	14,670.000000
29.685500	0.640	18,092.000000
29.696167	0.640	16,784.000000
29.706833	0.640	14,094.000000
29.717500	0.640	14,564.000000
29.728167	0.640	15,768.000000
29.738833	0.640	16,091.000000
29.749500	0.640	16,862.000000
29.760167	0.640	16,117.000000
29.770833	0.640	12,454.000000
29.781500	0.640	10,717.000000
29.792167	0.640	13,380.000000
29.802833	0.640	14,831.000000
29.813500	0.640	14,202.000000
29.824167	0.640	18,202.000000
29.834833	0.640	24,327.000000
29.845500	0.640	22,190.000000
29.856167	0.640	13,168.000000
29.866833	0.640	8,952.000000
29.877500	0.640	13,056.000000
29.888167	0.640	18,192.000000
29.898833	0.640	19,964.000000
29.909500	0.640	21,320.000000
29.920167	0.640	22,046.000000
29.930833	0.640	18,673.000000
29.941500	0.640	13,575.000000
29.952167	0.640	10,658.000000
29.962833	0.640	9,321.000000
29.973500	0.640	8,119.000000
29.984167	0.640	7,289.000000
29.994833	0.640	6,620.000000
30.005500	0.640	6,091.000000
