File Path	chrom://nnfcb-l0495/ChromeleonLocal/20180320_AA_Lars Nielsen samples Vienna_lbpet.seq/549.smp/Emission_1.channel/Emission_1.chm
Channel	Emission_1

Injection Information:
Data Vault	ChromeleonLocal
Injection	20180320_Lars Nielsen samples Vienna_dx20_BB12
Injection Number	37
Position	BB12
Comment	
Processing Method	20171024_Calculated with IS_lbpet
Instrument Method	20161104_AA_GeminiC18_FinalVer7
Type	Unknown
Status	Finished
Injection Date	21-03-2018
Injection Time	08:23:38
Injection Volume (µl)	56.500
Dilution Factor	1.0000
Weight	1.0000

Raw Data Information:
Time Min. (min)	0.003950
Time Max. (min)	30.001617
Data Points	2813
Detector	FLD
Exporting Data System	Chromeleon 7.1.2.1478
Operator	
Signal Quantity	
Signal Unit	counts
Signal Min.	-4,815.000000
Signal Max.	85,368,721.000000
Channel	Emission_1
Driver Name	FLD3000.dll
Channel Type	Evaluation
Min. Step (s)	0.640
Max. Step (s)	0.820
Average Step (s)	0.640

Signal Parameter Information:
Signal Info	340 nm /450 nm

Raw Data:
Time (min)	Step (s)	Value (counts)
0.003950	0.000	0.000000
0.017617	0.820	0.000000
0.028283	0.640	0.000000
0.038950	0.640	-120.000000
0.049617	0.640	-266.000000
0.060283	0.640	243.000000
0.070950	0.640	855.000000
0.081617	0.640	25.000000
0.092283	0.640	-1,820.000000
0.102950	0.640	-2,784.000000
0.113617	0.640	-2,543.000000
0.124283	0.640	-2,525.000000
0.134950	0.640	-3,636.000000
0.145617	0.640	-4,815.000000
0.156283	0.640	-4,544.000000
0.166950	0.640	-2,794.000000
0.177617	0.640	-463.000000
0.188283	0.640	949.000000
0.198950	0.640	78.000000
0.209617	0.640	-1,792.000000
0.220283	0.640	-1,702.000000
0.230950	0.640	566.000000
0.241617	0.640	2,091.000000
0.252283	0.640	1,431.000000
0.262950	0.640	393.000000
0.273617	0.640	419.000000
0.284283	0.640	881.000000
0.294950	0.640	823.000000
0.305617	0.640	-194.000000
0.316283	0.640	-1,538.000000
0.326950	0.640	-1,726.000000
0.337617	0.640	-674.000000
0.348283	0.640	13.000000
0.358950	0.640	-443.000000
0.369617	0.640	-786.000000
0.380283	0.640	354.000000
0.390950	0.640	1,667.000000
0.401617	0.640	985.000000
0.412283	0.640	-873.000000
0.422950	0.640	-1,941.000000
0.433617	0.640	-1,678.000000
0.444283	0.640	-396.000000
0.454950	0.640	617.000000
0.465617	0.640	879.000000
0.476283	0.640	1,459.000000
0.486950	0.640	1,500.000000
0.497617	0.640	-176.000000
0.508283	0.640	-1,471.000000
0.518950	0.640	-898.000000
0.529617	0.640	-201.000000
0.540283	0.640	-303.000000
0.550950	0.640	-258.000000
0.561617	0.640	-54.000000
0.572283	0.640	87.000000
0.582950	0.640	442.000000
0.593617	0.640	273.000000
0.604283	0.640	-590.000000
0.614950	0.640	-460.000000
0.625617	0.640	765.000000
0.636283	0.640	890.000000
0.646950	0.640	-342.000000
0.657617	0.640	-1,000.000000
0.668283	0.640	-748.000000
0.678950	0.640	-714.000000
0.689617	0.640	-967.000000
0.700283	0.640	-934.000000
0.710950	0.640	-479.000000
0.721617	0.640	176.000000
0.732283	0.640	577.000000
0.742950	0.640	731.000000
0.753617	0.640	1,359.000000
0.764283	0.640	2,847.000000
0.774950	0.640	4,053.000000
0.785617	0.640	3,574.000000
0.796283	0.640	2,045.000000
0.806950	0.640	401.000000
0.817617	0.640	-1,601.000000
0.828283	0.640	-3,288.000000
0.838950	0.640	-3,127.000000
0.849617	0.640	-1,038.000000
0.860283	0.640	933.000000
0.870950	0.640	850.000000
0.881617	0.640	-320.000000
0.892283	0.640	-564.000000
0.902950	0.640	-228.000000
0.913617	0.640	-304.000000
0.924283	0.640	-132.000000
0.934950	0.640	847.000000
0.945617	0.640	1,532.000000
0.956283	0.640	776.000000
0.966950	0.640	-597.000000
0.977617	0.640	-1,021.000000
0.988283	0.640	-255.000000
0.998950	0.640	922.000000
1.009617	0.640	1,493.000000
1.020283	0.640	772.000000
1.030950	0.640	-1,086.000000
1.041617	0.640	-2,975.000000
1.052283	0.640	-3,777.000000
1.062950	0.640	-3,422.000000
1.073617	0.640	-2,455.000000
1.084283	0.640	-1,816.000000
1.094950	0.640	-1,831.000000
1.105617	0.640	-1,206.000000
1.116283	0.640	466.000000
1.126950	0.640	1,468.000000
1.137617	0.640	1,242.000000
1.148283	0.640	1,074.000000
1.158950	0.640	837.000000
1.169617	0.640	-338.000000
1.180283	0.640	-1,590.000000
1.190950	0.640	-2,152.000000
1.201617	0.640	-2,322.000000
1.212283	0.640	-1,706.000000
1.222950	0.640	-437.000000
1.233617	0.640	-228.000000
1.244283	0.640	-1,476.000000
1.254950	0.640	-2,240.000000
1.265617	0.640	-1,231.000000
1.276283	0.640	-128.000000
1.286950	0.640	-897.000000
1.297617	0.640	-1,952.000000
1.308283	0.640	-1,365.000000
1.318950	0.640	-564.000000
1.329617	0.640	-456.000000
1.340283	0.640	374.000000
1.350950	0.640	2,049.000000
1.361617	0.640	2,831.000000
1.372283	0.640	1,653.000000
1.382950	0.640	-340.000000
1.393617	0.640	-1,329.000000
1.404283	0.640	-1,467.000000
1.414950	0.640	-1,516.000000
1.425617	0.640	-610.000000
1.436283	0.640	1,351.000000
1.446950	0.640	2,141.000000
1.457617	0.640	712.000000
1.468283	0.640	-1,172.000000
1.478950	0.640	-1,671.000000
1.489617	0.640	-902.000000
1.500283	0.640	-613.000000
1.510950	0.640	-2,004.000000
1.521617	0.640	-3,474.000000
1.532283	0.640	-2,532.000000
1.542950	0.640	-116.000000
1.553617	0.640	975.000000
1.564283	0.640	786.000000
1.574950	0.640	667.000000
1.585617	0.640	345.000000
1.596283	0.640	-536.000000
1.606950	0.640	-1,570.000000
1.617617	0.640	-2,345.000000
1.628283	0.640	-1,551.000000
1.638950	0.640	1,815.000000
1.649617	0.640	5,061.000000
1.660283	0.640	4,379.000000
1.670950	0.640	620.000000
1.681617	0.640	-1,730.000000
1.692283	0.640	-479.000000
1.702950	0.640	2,087.000000
1.713617	0.640	2,922.000000
1.724283	0.640	2,084.000000
1.734950	0.640	1,665.000000
1.745617	0.640	2,280.000000
1.756283	0.640	2,793.000000
1.766950	0.640	2,306.000000
1.777617	0.640	1,114.000000
1.788283	0.640	321.000000
1.798950	0.640	-90.000000
1.809617	0.640	-690.000000
1.820283	0.640	-408.000000
1.830950	0.640	753.000000
1.841617	0.640	738.000000
1.852283	0.640	-22.000000
1.862950	0.640	796.000000
1.873617	0.640	2,570.000000
1.884283	0.640	2,903.000000
1.894950	0.640	1,580.000000
1.905617	0.640	66.000000
1.916283	0.640	-633.000000
1.926950	0.640	-455.000000
1.937617	0.640	-335.000000
1.948283	0.640	-1,033.000000
1.958950	0.640	-1,631.000000
1.969617	0.640	-1,410.000000
1.980283	0.640	-1,205.000000
1.990950	0.640	-1,080.000000
2.001617	0.640	-186.000000
2.012283	0.640	1,444.000000
2.022950	0.640	2,826.000000
2.033617	0.640	2,583.000000
2.044283	0.640	802.000000
2.054950	0.640	-455.000000
2.065617	0.640	-310.000000
2.076283	0.640	223.000000
2.086950	0.640	350.000000
2.097617	0.640	-375.000000
2.108283	0.640	-1,328.000000
2.118950	0.640	-708.000000
2.129617	0.640	843.000000
2.140283	0.640	665.000000
2.150950	0.640	-965.000000
2.161617	0.640	-1,494.000000
2.172283	0.640	-463.000000
2.182950	0.640	318.000000
2.193617	0.640	152.000000
2.204283	0.640	717.000000
2.214950	0.640	2,684.000000
2.225617	0.640	3,716.000000
2.236283	0.640	2,147.000000
2.246950	0.640	208.000000
2.257617	0.640	1,069.000000
2.268283	0.640	3,828.000000
2.278950	0.640	4,837.000000
2.289617	0.640	3,186.000000
2.300283	0.640	754.000000
2.310950	0.640	-508.000000
2.321617	0.640	902.000000
2.332283	0.640	3,790.000000
2.342950	0.640	4,472.000000
2.353617	0.640	2,200.000000
2.364283	0.640	-145.000000
2.374950	0.640	-836.000000
2.385617	0.640	-1,054.000000
2.396283	0.640	-1,988.000000
2.406950	0.640	-2,613.000000
2.417617	0.640	-1,800.000000
2.428283	0.640	-294.000000
2.438950	0.640	749.000000
2.449617	0.640	631.000000
2.460283	0.640	-370.000000
2.470950	0.640	-334.000000
2.481617	0.640	896.000000
2.492283	0.640	578.000000
2.502950	0.640	-1,380.000000
2.513617	0.640	-2,065.000000
2.524283	0.640	-546.000000
2.534950	0.640	1,863.000000
2.545617	0.640	3,417.000000
2.556283	0.640	3,075.000000
2.566950	0.640	1,664.000000
2.577617	0.640	970.000000
2.588283	0.640	1,406.000000
2.598950	0.640	1,694.000000
2.609617	0.640	1,024.000000
2.620283	0.640	178.000000
2.630950	0.640	87.000000
2.641617	0.640	87.000000
2.652283	0.640	-701.000000
2.662950	0.640	-1,556.000000
2.673617	0.640	-1,771.000000
2.684283	0.640	-1,316.000000
2.694950	0.640	-249.000000
2.705617	0.640	1,273.000000
2.716283	0.640	3,809.000000
2.726950	0.640	7,487.000000
2.737617	0.640	10,281.000000
2.748283	0.640	10,362.000000
2.758950	0.640	8,011.000000
2.769617	0.640	4,410.000000
2.780283	0.640	1,532.000000
2.790950	0.640	1,159.000000
2.801617	0.640	2,217.000000
2.812283	0.640	2,310.000000
2.822950	0.640	1,356.000000
2.833617	0.640	495.000000
2.844283	0.640	-130.000000
2.854950	0.640	-159.000000
2.865617	0.640	773.000000
2.876283	0.640	1,782.000000
2.886950	0.640	1,963.000000
2.897617	0.640	934.000000
2.908283	0.640	-836.000000
2.918950	0.640	-1,681.000000
2.929617	0.640	-1,203.000000
2.940283	0.640	-837.000000
2.950950	0.640	-407.000000
2.961617	0.640	1,539.000000
2.972283	0.640	3,682.000000
2.982950	0.640	3,582.000000
2.993617	0.640	2,662.000000
3.004283	0.640	4,759.000000
3.014950	0.640	11,836.000000
3.025617	0.640	24,563.000000
3.036283	0.640	44,862.000000
3.046950	0.640	77,812.000000
3.057617	0.640	134,264.000000
3.068283	0.640	236,430.000000
3.078950	0.640	428,291.000000
3.089617	0.640	783,816.000000
3.100283	0.640	1,401,405.000000
3.110950	0.640	2,366,149.000000
3.121617	0.640	3,663,725.000000
3.132283	0.640	5,102,187.000000
3.142950	0.640	6,349,199.000000
3.153617	0.640	7,084,930.000000
3.164283	0.640	7,167,562.000000
3.174950	0.640	6,706,108.000000
3.185617	0.640	5,972,426.000000
3.196283	0.640	5,229,428.000000
3.206950	0.640	4,629,525.000000
3.217617	0.640	4,211,007.000000
3.228283	0.640	3,938,477.000000
3.238950	0.640	3,750,237.000000
3.249617	0.640	3,592,102.000000
3.260283	0.640	3,433,166.000000
3.270950	0.640	3,252,570.000000
3.281617	0.640	3,021,482.000000
3.292283	0.640	2,722,163.000000
3.302950	0.640	2,363,860.000000
3.313617	0.640	1,969,105.000000
3.324283	0.640	1,568,251.000000
3.334950	0.640	1,196,106.000000
3.345617	0.640	876,455.000000
3.356283	0.640	617,410.000000
3.366950	0.640	418,621.000000
3.377617	0.640	275,115.000000
3.388283	0.640	177,608.000000
3.398950	0.640	113,890.000000
3.409617	0.640	72,314.000000
3.420283	0.640	44,981.000000
3.430950	0.640	27,635.000000
3.441617	0.640	17,163.000000
3.452283	0.640	10,782.000000
3.462950	0.640	7,157.000000
3.473617	0.640	5,411.000000
3.484283	0.640	4,295.000000
3.494950	0.640	4,064.000000
3.505617	0.640	4,618.000000
3.516283	0.640	4,374.000000
3.526950	0.640	4,087.000000
3.537617	0.640	4,366.000000
3.548283	0.640	3,429.000000
3.558950	0.640	1,971.000000
3.569617	0.640	1,802.000000
3.580283	0.640	2,012.000000
3.590950	0.640	1,476.000000
3.601617	0.640	240.000000
3.612283	0.640	-598.000000
3.622950	0.640	254.000000
3.633617	0.640	1,060.000000
3.644283	0.640	-62.000000
3.654950	0.640	-927.000000
3.665617	0.640	62.000000
3.676283	0.640	1,464.000000
3.686950	0.640	2,457.000000
3.697617	0.640	2,789.000000
3.708283	0.640	1,968.000000
3.718950	0.640	1,039.000000
3.729617	0.640	1,233.000000
3.740283	0.640	1,842.000000
3.750950	0.640	2,079.000000
3.761617	0.640	2,349.000000
3.772283	0.640	2,637.000000
3.782950	0.640	2,404.000000
3.793617	0.640	2,091.000000
3.804283	0.640	2,994.000000
3.814950	0.640	6,027.000000
3.825617	0.640	10,758.000000
3.836283	0.640	15,756.000000
3.846950	0.640	20,026.000000
3.857617	0.640	22,450.000000
3.868283	0.640	22,028.000000
3.878950	0.640	20,767.000000
3.889617	0.640	20,889.000000
3.900283	0.640	20,699.000000
3.910950	0.640	19,029.000000
3.921617	0.640	17,319.000000
3.932283	0.640	14,930.000000
3.942950	0.640	10,375.000000
3.953617	0.640	5,832.000000
3.964283	0.640	4,352.000000
3.974950	0.640	5,072.000000
3.985617	0.640	5,020.000000
3.996283	0.640	3,339.000000
4.006950	0.640	1,538.000000
4.017617	0.640	1,100.000000
4.028283	0.640	1,473.000000
4.038950	0.640	1,292.000000
4.049617	0.640	954.000000
4.060283	0.640	1,474.000000
4.070950	0.640	2,733.000000
4.081617	0.640	3,911.000000
4.092283	0.640	4,349.000000
4.102950	0.640	4,618.000000
4.113617	0.640	5,489.000000
4.124283	0.640	5,954.000000
4.134950	0.640	5,177.000000
4.145617	0.640	4,588.000000
4.156283	0.640	5,168.000000
4.166950	0.640	5,845.000000
4.177617	0.640	5,630.000000
4.188283	0.640	4,673.000000
4.198950	0.640	3,925.000000
4.209617	0.640	3,977.000000
4.220283	0.640	4,449.000000
4.230950	0.640	5,113.000000
4.241617	0.640	5,214.000000
4.252283	0.640	3,631.000000
4.262950	0.640	1,838.000000
4.273617	0.640	2,047.000000
4.284283	0.640	3,258.000000
4.294950	0.640	3,417.000000
4.305617	0.640	2,427.000000
4.316283	0.640	1,319.000000
4.326950	0.640	1,090.000000
4.337617	0.640	2,629.000000
4.348283	0.640	5,209.000000
4.358950	0.640	5,930.000000
4.369617	0.640	4,211.000000
4.380283	0.640	3,393.000000
4.390950	0.640	5,239.000000
4.401617	0.640	7,620.000000
4.412283	0.640	8,164.000000
4.422950	0.640	7,236.000000
4.433617	0.640	6,463.000000
4.444283	0.640	5,642.000000
4.454950	0.640	4,078.000000
4.465617	0.640	3,190.000000
4.476283	0.640	4,210.000000
4.486950	0.640	5,474.000000
4.497617	0.640	4,593.000000
4.508283	0.640	2,078.000000
4.518950	0.640	976.000000
4.529617	0.640	2,843.000000
4.540283	0.640	5,663.000000
4.550950	0.640	7,322.000000
4.561617	0.640	9,144.000000
4.572283	0.640	13,690.000000
4.582950	0.640	22,093.000000
4.593617	0.640	35,830.000000
4.604283	0.640	59,272.000000
4.614950	0.640	99,543.000000
4.625617	0.640	166,268.000000
4.636283	0.640	276,084.000000
4.646950	0.640	457,816.000000
4.657617	0.640	756,871.000000
4.668283	0.640	1,255,721.000000
4.678950	0.640	2,132,208.000000
4.689617	0.640	3,746,250.000000
4.700283	0.640	6,609,130.000000
4.710950	0.640	10,992,871.000000
4.721617	0.640	16,256,142.000000
4.732283	0.640	20,587,599.000000
4.742950	0.640	21,896,990.000000
4.753617	0.640	19,409,831.000000
4.764283	0.640	14,382,666.000000
4.774950	0.640	9,088,686.000000
4.785617	0.640	5,152,303.000000
4.796283	0.640	2,863,720.000000
4.806950	0.640	1,700,117.000000
4.817617	0.640	1,085,280.000000
4.828283	0.640	706,115.000000
4.838950	0.640	452,649.000000
4.849617	0.640	286,863.000000
4.860283	0.640	182,357.000000
4.870950	0.640	116,861.000000
4.881617	0.640	75,307.000000
4.892283	0.640	49,464.000000
4.902950	0.640	34,708.000000
4.913617	0.640	25,788.000000
4.924283	0.640	18,435.000000
4.934950	0.640	13,632.000000
4.945617	0.640	12,849.000000
4.956283	0.640	13,036.000000
4.966950	0.640	11,390.000000
4.977617	0.640	8,802.000000
4.988283	0.640	7,766.000000
4.998950	0.640	9,008.000000
5.009617	0.640	9,587.000000
5.020283	0.640	7,726.000000
5.030950	0.640	5,820.000000
5.041617	0.640	5,567.000000
5.052283	0.640	6,157.000000
5.062950	0.640	6,336.000000
5.073617	0.640	5,652.000000
5.084283	0.640	4,772.000000
5.094950	0.640	3,972.000000
5.105617	0.640	3,191.000000
5.116283	0.640	3,320.000000
5.126950	0.640	4,506.000000
5.137617	0.640	5,674.000000
5.148283	0.640	6,565.000000
5.158950	0.640	7,220.000000
5.169617	0.640	6,983.000000
5.180283	0.640	5,648.000000
5.190950	0.640	4,049.000000
5.201617	0.640	3,021.000000
5.212283	0.640	3,034.000000
5.222950	0.640	4,258.000000
5.233617	0.640	5,489.000000
5.244283	0.640	5,820.000000
5.254950	0.640	6,348.000000
5.265617	0.640	6,984.000000
5.276283	0.640	6,451.000000
5.286950	0.640	5,511.000000
5.297617	0.640	5,383.000000
5.308283	0.640	5,605.000000
5.318950	0.640	5,351.000000
5.329617	0.640	4,656.000000
5.340283	0.640	4,051.000000
5.350950	0.640	3,790.000000
5.361617	0.640	3,680.000000
5.372283	0.640	3,691.000000
5.382950	0.640	4,504.000000
5.393617	0.640	6,429.000000
5.404283	0.640	8,474.000000
5.414950	0.640	9,496.000000
5.425617	0.640	9,015.000000
5.436283	0.640	7,322.000000
5.446950	0.640	5,923.000000
5.457617	0.640	6,393.000000
5.468283	0.640	8,152.000000
5.478950	0.640	9,525.000000
5.489617	0.640	10,635.000000
5.500283	0.640	12,459.000000
5.510950	0.640	14,685.000000
5.521617	0.640	17,488.000000
5.532283	0.640	23,088.000000
5.542950	0.640	32,728.000000
5.553617	0.640	45,147.000000
5.564283	0.640	59,314.000000
5.574950	0.640	74,806.000000
5.585617	0.640	89,091.000000
5.596283	0.640	97,140.000000
5.606950	0.640	95,434.000000
5.617617	0.640	85,911.000000
5.628283	0.640	73,430.000000
5.638950	0.640	60,989.000000
5.649617	0.640	50,309.000000
5.660283	0.640	41,807.000000
5.670950	0.640	32,964.000000
5.681617	0.640	23,373.000000
5.692283	0.640	17,016.000000
5.702950	0.640	15,298.000000
5.713617	0.640	14,693.000000
5.724283	0.640	12,330.000000
5.734950	0.640	9,193.000000
5.745617	0.640	7,493.000000
5.756283	0.640	7,346.000000
5.766950	0.640	6,941.000000
5.777617	0.640	5,139.000000
5.788283	0.640	3,063.000000
5.798950	0.640	2,487.000000
5.809617	0.640	3,292.000000
5.820283	0.640	3,868.000000
5.830950	0.640	3,409.000000
5.841617	0.640	2,529.000000
5.852283	0.640	2,276.000000
5.862950	0.640	3,028.000000
5.873617	0.640	3,805.000000
5.884283	0.640	3,509.000000
5.894950	0.640	2,647.000000
5.905617	0.640	2,660.000000
5.916283	0.640	3,895.000000
5.926950	0.640	5,245.000000
5.937617	0.640	6,146.000000
5.948283	0.640	7,058.000000
5.958950	0.640	7,834.000000
5.969617	0.640	7,487.000000
5.980283	0.640	5,791.000000
5.990950	0.640	4,149.000000
6.001617	0.640	3,838.000000
6.012283	0.640	4,323.000000
6.022950	0.640	4,243.000000
6.033617	0.640	3,446.000000
6.044283	0.640	3,297.000000
6.054950	0.640	4,214.000000
6.065617	0.640	4,883.000000
6.076283	0.640	5,252.000000
6.086950	0.640	6,778.000000
6.097617	0.640	8,950.000000
6.108283	0.640	10,359.000000
6.118950	0.640	12,521.000000
6.129617	0.640	17,873.000000
6.140283	0.640	26,413.000000
6.150950	0.640	37,170.000000
6.161617	0.640	48,757.000000
6.172283	0.640	57,473.000000
6.182950	0.640	59,716.000000
6.193617	0.640	55,586.000000
6.204283	0.640	47,659.000000
6.214950	0.640	38,319.000000
6.225617	0.640	28,143.000000
6.236283	0.640	17,798.000000
6.246950	0.640	10,841.000000
6.257617	0.640	9,081.000000
6.268283	0.640	9,276.000000
6.278950	0.640	9,030.000000
6.289617	0.640	9,360.000000
6.300283	0.640	10,888.000000
6.310950	0.640	12,979.000000
6.321617	0.640	16,172.000000
6.332283	0.640	22,757.000000
6.342950	0.640	34,047.000000
6.353617	0.640	50,004.000000
6.364283	0.640	72,805.000000
6.374950	0.640	109,275.000000
6.385617	0.640	172,745.000000
6.396283	0.640	281,104.000000
6.406950	0.640	448,472.000000
6.417617	0.640	675,692.000000
6.428283	0.640	940,185.000000
6.438950	0.640	1,188,858.000000
6.449617	0.640	1,349,238.000000
6.460283	0.640	1,366,903.000000
6.470950	0.640	1,238,622.000000
6.481617	0.640	1,008,882.000000
6.492283	0.640	744,446.000000
6.502950	0.640	504,576.000000
6.513617	0.640	319,161.000000
6.524283	0.640	192,124.000000
6.534950	0.640	114,851.000000
6.545617	0.640	71,416.000000
6.556283	0.640	45,694.000000
6.566950	0.640	29,715.000000
6.577617	0.640	21,514.000000
6.588283	0.640	18,341.000000
6.598950	0.640	16,337.000000
6.609617	0.640	13,975.000000
6.620283	0.640	12,177.000000
6.630950	0.640	11,806.000000
6.641617	0.640	12,094.000000
6.652283	0.640	11,935.000000
6.662950	0.640	11,947.000000
6.673617	0.640	12,877.000000
6.684283	0.640	13,670.000000
6.694950	0.640	13,628.000000
6.705617	0.640	13,556.000000
6.716283	0.640	13,791.000000
6.726950	0.640	13,713.000000
6.737617	0.640	12,852.000000
6.748283	0.640	11,317.000000
6.758950	0.640	9,727.000000
6.769617	0.640	8,578.000000
6.780283	0.640	8,010.000000
6.790950	0.640	8,276.000000
6.801617	0.640	9,106.000000
6.812283	0.640	10,140.000000
6.822950	0.640	11,808.000000
6.833617	0.640	13,484.000000
6.844283	0.640	14,467.000000
6.854950	0.640	16,774.000000
6.865617	0.640	21,839.000000
6.876283	0.640	27,445.000000
6.886950	0.640	31,009.000000
6.897617	0.640	33,492.000000
6.908283	0.640	38,186.000000
6.918950	0.640	44,798.000000
6.929617	0.640	48,979.000000
6.940283	0.640	48,931.000000
6.950950	0.640	46,548.000000
6.961617	0.640	43,741.000000
6.972283	0.640	42,002.000000
6.982950	0.640	42,675.000000
6.993617	0.640	44,897.000000
7.004283	0.640	44,887.000000
7.014950	0.640	39,770.000000
7.025617	0.640	31,020.000000
7.036283	0.640	21,930.000000
7.046950	0.640	14,200.000000
7.057617	0.640	8,889.000000
7.068283	0.640	6,874.000000
7.078950	0.640	6,847.000000
7.089617	0.640	6,343.000000
7.100283	0.640	5,009.000000
7.110950	0.640	4,428.000000
7.121617	0.640	5,064.000000
7.132283	0.640	5,585.000000
7.142950	0.640	5,263.000000
7.153617	0.640	4,461.000000
7.164283	0.640	3,533.000000
7.174950	0.640	3,008.000000
7.185617	0.640	3,263.000000
7.196283	0.640	4,202.000000
7.206950	0.640	5,687.000000
7.217617	0.640	7,102.000000
7.228283	0.640	7,802.000000
7.238950	0.640	8,361.000000
7.249617	0.640	9,265.000000
7.260283	0.640	9,612.000000
7.270950	0.640	8,532.000000
7.281617	0.640	6,961.000000
7.292283	0.640	7,034.000000
7.302950	0.640	8,759.000000
7.313617	0.640	9,513.000000
7.324283	0.640	7,891.000000
7.334950	0.640	5,045.000000
7.345617	0.640	2,956.000000
7.356283	0.640	3,202.000000
7.366950	0.640	5,501.000000
7.377617	0.640	7,647.000000
7.388283	0.640	8,318.000000
7.398950	0.640	7,845.000000
7.409617	0.640	6,755.000000
7.420283	0.640	5,830.000000
7.430950	0.640	5,855.000000
7.441617	0.640	6,238.000000
7.452283	0.640	6,077.000000
7.462950	0.640	5,756.000000
7.473617	0.640	5,199.000000
7.484283	0.640	4,138.000000
7.494950	0.640	3,666.000000
7.505617	0.640	4,361.000000
7.516283	0.640	6,049.000000
7.526950	0.640	7,810.000000
7.537617	0.640	7,377.000000
7.548283	0.640	4,925.000000
7.558950	0.640	3,492.000000
7.569617	0.640	3,480.000000
7.580283	0.640	3,207.000000
7.590950	0.640	3,068.000000
7.601617	0.640	3,995.000000
7.612283	0.640	5,595.000000
7.622950	0.640	7,281.000000
7.633617	0.640	8,478.000000
7.644283	0.640	8,311.000000
7.654950	0.640	6,560.000000
7.665617	0.640	5,022.000000
7.676283	0.640	5,789.000000
7.686950	0.640	8,149.000000
7.697617	0.640	9,975.000000
7.708283	0.640	10,949.000000
7.718950	0.640	12,851.000000
7.729617	0.640	17,993.000000
7.740283	0.640	28,525.000000
7.750950	0.640	47,125.000000
7.761617	0.640	77,776.000000
7.772283	0.640	127,657.000000
7.782950	0.640	208,518.000000
7.793617	0.640	336,650.000000
7.804283	0.640	535,575.000000
7.814950	0.640	842,322.000000
7.825617	0.640	1,311,458.000000
7.836283	0.640	2,019,990.000000
7.846950	0.640	3,094,457.000000
7.857617	0.640	4,778,269.000000
7.868283	0.640	7,536,758.000000
7.878950	0.640	12,111,464.000000
7.889617	0.640	19,370,078.000000
7.900283	0.640	29,780,135.000000
7.910950	0.640	42,511,131.000000
7.921617	0.640	54,924,320.000000
7.932283	0.640	63,332,560.000000
7.942950	0.640	64,747,558.000000
7.953617	0.640	58,548,671.000000
7.964283	0.640	46,928,607.000000
7.974950	0.640	33,598,279.000000
7.985617	0.640	21,783,031.000000
7.996283	0.640	13,072,999.000000
8.006950	0.640	7,508,521.000000
8.017617	0.640	4,293,371.000000
8.028283	0.640	2,513,843.000000
8.038950	0.640	1,518,592.000000
8.049617	0.640	941,634.000000
8.060283	0.640	592,598.000000
8.070950	0.640	375,030.000000
8.081617	0.640	241,200.000000
8.092283	0.640	161,505.000000
8.102950	0.640	114,403.000000
8.113617	0.640	87,455.000000
8.124283	0.640	72,706.000000
8.134950	0.640	63,742.000000
8.145617	0.640	56,500.000000
8.156283	0.640	49,761.000000
8.166950	0.640	44,439.000000
8.177617	0.640	40,086.000000
8.188283	0.640	34,572.000000
8.198950	0.640	28,213.000000
8.209617	0.640	23,684.000000
8.220283	0.640	21,721.000000
8.230950	0.640	20,506.000000
8.241617	0.640	19,287.000000
8.252283	0.640	18,765.000000
8.262950	0.640	18,440.000000
8.273617	0.640	17,688.000000
8.284283	0.640	17,071.000000
8.294950	0.640	16,036.000000
8.305617	0.640	13,928.000000
8.316283	0.640	12,743.000000
8.326950	0.640	13,398.000000
8.337617	0.640	13,267.000000
8.348283	0.640	11,477.000000
8.358950	0.640	11,004.000000
8.369617	0.640	12,975.000000
8.380283	0.640	14,514.000000
8.390950	0.640	13,869.000000
8.401617	0.640	12,255.000000
8.412283	0.640	10,725.000000
8.422950	0.640	9,439.000000
8.433617	0.640	8,744.000000
8.444283	0.640	9,027.000000
8.454950	0.640	10,198.000000
8.465617	0.640	11,402.000000
8.476283	0.640	11,598.000000
8.486950	0.640	10,988.000000
8.497617	0.640	11,022.000000
8.508283	0.640	12,585.000000
8.518950	0.640	15,052.000000
8.529617	0.640	17,844.000000
8.540283	0.640	22,237.000000
8.550950	0.640	30,373.000000
8.561617	0.640	43,847.000000
8.572283	0.640	65,666.000000
8.582950	0.640	103,054.000000
8.593617	0.640	165,689.000000
8.604283	0.640	262,386.000000
8.614950	0.640	406,445.000000
8.625617	0.640	625,008.000000
8.636283	0.640	955,288.000000
8.646950	0.640	1,436,272.000000
8.657617	0.640	2,129,744.000000
8.668283	0.640	3,167,670.000000
8.678950	0.640	4,790,075.000000
8.689617	0.640	7,381,246.000000
8.700283	0.640	11,476,523.000000
8.710950	0.640	17,597,361.000000
8.721617	0.640	25,823,172.000000
8.732283	0.640	35,276,256.000000
8.742950	0.640	43,999,913.000000
8.753617	0.640	49,573,215.000000
8.764283	0.640	50,208,015.000000
8.774950	0.640	45,668,327.000000
8.785617	0.640	37,377,762.000000
8.796283	0.640	27,641,620.000000
8.806950	0.640	18,617,814.000000
8.817617	0.640	11,614,060.000000
8.828283	0.640	6,896,644.000000
8.838950	0.640	4,019,408.000000
8.849617	0.640	2,354,626.000000
8.860283	0.640	1,407,885.000000
8.870950	0.640	867,172.000000
8.881617	0.640	550,772.000000
8.892283	0.640	357,141.000000
8.902950	0.640	235,894.000000
8.913617	0.640	162,459.000000
8.924283	0.640	118,446.000000
8.934950	0.640	89,549.000000
8.945617	0.640	68,859.000000
8.956283	0.640	54,336.000000
8.966950	0.640	44,893.000000
8.977617	0.640	38,540.000000
8.988283	0.640	33,204.000000
8.998950	0.640	28,845.000000
9.009617	0.640	26,452.000000
9.020283	0.640	25,573.000000
9.030950	0.640	24,798.000000
9.041617	0.640	23,520.000000
9.052283	0.640	22,339.000000
9.062950	0.640	22,152.000000
9.073617	0.640	22,922.000000
9.084283	0.640	23,434.000000
9.094950	0.640	22,345.000000
9.105617	0.640	19,896.000000
9.116283	0.640	18,304.000000
9.126950	0.640	18,973.000000
9.137617	0.640	20,462.000000
9.148283	0.640	20,799.000000
9.158950	0.640	20,221.000000
9.169617	0.640	20,571.000000
9.180283	0.640	22,008.000000
9.190950	0.640	22,437.000000
9.201617	0.640	21,432.000000
9.212283	0.640	20,596.000000
9.222950	0.640	20,108.000000
9.233617	0.640	19,011.000000
9.244283	0.640	17,761.000000
9.254950	0.640	17,481.000000
9.265617	0.640	17,792.000000
9.276283	0.640	17,484.000000
9.286950	0.640	16,250.000000
9.297617	0.640	14,980.000000
9.308283	0.640	14,775.000000
9.318950	0.640	15,505.000000
9.329617	0.640	16,013.000000
9.340283	0.640	15,988.000000
9.350950	0.640	15,977.000000
9.361617	0.640	15,667.000000
9.372283	0.640	14,909.000000
9.382950	0.640	15,107.000000
9.393617	0.640	16,604.000000
9.404283	0.640	17,654.000000
9.414950	0.640	17,609.000000
9.425617	0.640	17,731.000000
9.436283	0.640	18,423.000000
9.446950	0.640	18,567.000000
9.457617	0.640	18,378.000000
9.468283	0.640	20,060.000000
9.478950	0.640	24,900.000000
9.489617	0.640	33,199.000000
9.500283	0.640	47,865.000000
9.510950	0.640	75,116.000000
9.521617	0.640	120,938.000000
9.532283	0.640	191,124.000000
9.542950	0.640	297,805.000000
9.553617	0.640	463,421.000000
9.564283	0.640	720,161.000000
9.574950	0.640	1,112,429.000000
9.585617	0.640	1,696,901.000000
9.596283	0.640	2,547,871.000000
9.606950	0.640	3,794,746.000000
9.617617	0.640	5,684,778.000000
9.628283	0.640	8,683,475.000000
9.638950	0.640	13,602,710.000000
9.649617	0.640	21,545,705.000000
9.660283	0.640	33,396,326.000000
9.670950	0.640	48,860,595.000000
9.681617	0.640	65,587,077.000000
9.692283	0.640	79,281,670.000000
9.702950	0.640	85,368,721.000000
9.713617	0.640	81,484,304.000000
9.724283	0.640	68,941,387.000000
9.734950	0.640	51,930,602.000000
9.745617	0.640	35,175,087.000000
9.756283	0.640	21,813,328.000000
9.766950	0.640	12,736,014.000000
9.777617	0.640	7,262,253.000000
9.788283	0.640	4,193,108.000000
9.798950	0.640	2,506,343.000000
9.809617	0.640	1,552,137.000000
9.820283	0.640	980,878.000000
9.830950	0.640	627,460.000000
9.841617	0.640	410,890.000000
9.852283	0.640	277,322.000000
9.862950	0.640	192,226.000000
9.873617	0.640	138,728.000000
9.884283	0.640	106,966.000000
9.894950	0.640	89,415.000000
9.905617	0.640	81,918.000000
9.916283	0.640	82,321.000000
9.926950	0.640	89,000.000000
9.937617	0.640	102,548.000000
9.948283	0.640	126,608.000000
9.958950	0.640	165,566.000000
9.969617	0.640	223,786.000000
9.980283	0.640	309,514.000000
9.990950	0.640	440,366.000000
10.001617	0.640	648,416.000000
10.012283	0.640	985,216.000000
10.022950	0.640	1,516,638.000000
10.033617	0.640	2,293,899.000000
10.044283	0.640	3,293,626.000000
10.054950	0.640	4,350,396.000000
10.065617	0.640	5,169,807.000000
10.076283	0.640	5,464,025.000000
10.086950	0.640	5,116,334.000000
10.097617	0.640	4,250,906.000000
10.108283	0.640	3,154,036.000000
10.118950	0.640	2,114,373.000000
10.129617	0.640	1,306,960.000000
10.140283	0.640	771,786.000000
10.150950	0.640	460,229.000000
10.161617	0.640	294,842.000000
10.172283	0.640	208,188.000000
10.182950	0.640	160,188.000000
10.193617	0.640	134,283.000000
10.204283	0.640	121,961.000000
10.214950	0.640	116,187.000000
10.225617	0.640	112,768.000000
10.236283	0.640	109,162.000000
10.246950	0.640	103,186.000000
10.257617	0.640	93,973.000000
10.268283	0.640	82,788.000000
10.278950	0.640	71,823.000000
10.289617	0.640	61,482.000000
10.300283	0.640	50,554.000000
10.310950	0.640	40,505.000000
10.321617	0.640	34,946.000000
10.332283	0.640	32,886.000000
10.342950	0.640	30,374.000000
10.353617	0.640	27,469.000000
10.364283	0.640	26,263.000000
10.374950	0.640	26,177.000000
10.385617	0.640	25,519.000000
10.396283	0.640	24,529.000000
10.406950	0.640	24,168.000000
10.417617	0.640	24,541.000000
10.428283	0.640	25,108.000000
10.438950	0.640	24,670.000000
10.449617	0.640	23,017.000000
10.460283	0.640	21,530.000000
10.470950	0.640	21,241.000000
10.481617	0.640	22,117.000000
10.492283	0.640	23,246.000000
10.502950	0.640	23,220.000000
10.513617	0.640	21,443.000000
10.524283	0.640	19,185.000000
10.534950	0.640	17,958.000000
10.545617	0.640	17,661.000000
10.556283	0.640	18,055.000000
10.566950	0.640	19,483.000000
10.577617	0.640	21,116.000000
10.588283	0.640	21,549.000000
10.598950	0.640	20,940.000000
10.609617	0.640	20,625.000000
10.620283	0.640	21,199.000000
10.630950	0.640	21,636.000000
10.641617	0.640	21,053.000000
10.652283	0.640	20,135.000000
10.662950	0.640	19,489.000000
10.673617	0.640	19,619.000000
10.684283	0.640	21,365.000000
10.694950	0.640	23,537.000000
10.705617	0.640	24,322.000000
10.716283	0.640	24,652.000000
10.726950	0.640	25,250.000000
10.737617	0.640	24,852.000000
10.748283	0.640	23,874.000000
10.758950	0.640	23,666.000000
10.769617	0.640	23,300.000000
10.780283	0.640	21,720.000000
10.790950	0.640	19,934.000000
10.801617	0.640	18,528.000000
10.812283	0.640	17,512.000000
10.822950	0.640	18,672.000000
10.833617	0.640	21,665.000000
10.844283	0.640	22,405.000000
10.854950	0.640	20,321.000000
10.865617	0.640	19,137.000000
10.876283	0.640	20,269.000000
10.886950	0.640	21,695.000000
10.897617	0.640	21,675.000000
10.908283	0.640	21,577.000000
10.918950	0.640	23,734.000000
10.929617	0.640	27,319.000000
10.940283	0.640	30,525.000000
10.950950	0.640	34,494.000000
10.961617	0.640	41,086.000000
10.972283	0.640	50,422.000000
10.982950	0.640	63,776.000000
10.993617	0.640	84,507.000000
11.004283	0.640	115,089.000000
11.014950	0.640	159,325.000000
11.025617	0.640	226,292.000000
11.036283	0.640	329,277.000000
11.046950	0.640	481,012.000000
11.057617	0.640	681,053.000000
11.068283	0.640	905,313.000000
11.078950	0.640	1,111,406.000000
11.089617	0.640	1,250,060.000000
11.100283	0.640	1,279,489.000000
11.110950	0.640	1,185,764.000000
11.121617	0.640	997,508.000000
11.132283	0.640	774,300.000000
11.142950	0.640	570,059.000000
11.153617	0.640	414,578.000000
11.164283	0.640	323,280.000000
11.174950	0.640	298,318.000000
11.185617	0.640	327,876.000000
11.196283	0.640	404,061.000000
11.206950	0.640	534,906.000000
11.217617	0.640	735,807.000000
11.228283	0.640	1,021,939.000000
11.238950	0.640	1,421,406.000000
11.249617	0.640	2,000,488.000000
11.260283	0.640	2,880,146.000000
11.270950	0.640	4,257,517.000000
11.281617	0.640	6,412,357.000000
11.292283	0.640	9,611,199.000000
11.302950	0.640	13,918,255.000000
11.313617	0.640	18,990,583.000000
11.324283	0.640	23,938,438.000000
11.334950	0.640	27,471,805.000000
11.345617	0.640	28,455,839.000000
11.356283	0.640	26,517,272.000000
11.366950	0.640	22,219,475.000000
11.377617	0.640	16,768,813.000000
11.388283	0.640	11,486,201.000000
11.398950	0.640	7,269,174.000000
11.409617	0.640	4,359,267.000000
11.420283	0.640	2,543,402.000000
11.430950	0.640	1,482,460.000000
11.441617	0.640	886,099.000000
11.452283	0.640	551,322.000000
11.462950	0.640	354,807.000000
11.473617	0.640	233,461.000000
11.484283	0.640	158,357.000000
11.494950	0.640	114,313.000000
11.505617	0.640	90,139.000000
11.516283	0.640	75,456.000000
11.526950	0.640	65,062.000000
11.537617	0.640	59,557.000000
11.548283	0.640	58,512.000000
11.558950	0.640	59,282.000000
11.569617	0.640	60,402.000000
11.580283	0.640	60,667.000000
11.590950	0.640	59,020.000000
11.601617	0.640	56,229.000000
11.612283	0.640	51,753.000000
11.622950	0.640	44,637.000000
11.633617	0.640	38,220.000000
11.644283	0.640	35,295.000000
11.654950	0.640	33,962.000000
11.665617	0.640	33,290.000000
11.676283	0.640	34,454.000000
11.686950	0.640	35,911.000000
11.697617	0.640	35,718.000000
11.708283	0.640	35,153.000000
11.718950	0.640	35,202.000000
11.729617	0.640	34,970.000000
11.740283	0.640	34,563.000000
11.750950	0.640	36,256.000000
11.761617	0.640	41,764.000000
11.772283	0.640	49,001.000000
11.782950	0.640	55,266.000000
11.793617	0.640	61,661.000000
11.804283	0.640	71,217.000000
11.814950	0.640	87,471.000000
11.825617	0.640	115,527.000000
11.836283	0.640	160,343.000000
11.846950	0.640	226,714.000000
11.857617	0.640	322,391.000000
11.868283	0.640	457,771.000000
11.878950	0.640	647,346.000000
11.889617	0.640	910,406.000000
11.900283	0.640	1,271,657.000000
11.910950	0.640	1,790,871.000000
11.921617	0.640	2,601,213.000000
11.932283	0.640	3,915,412.000000
11.942950	0.640	6,009,440.000000
11.953617	0.640	9,125,107.000000
11.964283	0.640	13,246,500.000000
11.974950	0.640	17,874,843.000000
11.985617	0.640	21,961,038.000000
11.996283	0.640	24,202,461.000000
12.006950	0.640	23,740,645.000000
12.017617	0.640	20,710,573.000000
12.028283	0.640	16,121,908.000000
12.038950	0.640	11,271,847.000000
12.049617	0.640	7,169,828.000000
12.060283	0.640	4,253,268.000000
12.070950	0.640	2,449,086.000000
12.081617	0.640	1,435,484.000000
12.092283	0.640	883,174.000000
12.102950	0.640	567,281.000000
12.113617	0.640	372,699.000000
12.124283	0.640	251,341.000000
12.134950	0.640	177,199.000000
12.145617	0.640	130,676.000000
12.156283	0.640	101,934.000000
12.166950	0.640	84,763.000000
12.177617	0.640	72,711.000000
12.188283	0.640	63,708.000000
12.198950	0.640	57,994.000000
12.209617	0.640	54,459.000000
12.220283	0.640	51,078.000000
12.230950	0.640	46,929.000000
12.241617	0.640	43,290.000000
12.252283	0.640	41,142.000000
12.262950	0.640	40,095.000000
12.273617	0.640	40,076.000000
12.284283	0.640	40,689.000000
12.294950	0.640	40,493.000000
12.305617	0.640	38,593.000000
12.316283	0.640	35,945.000000
12.326950	0.640	34,460.000000
12.337617	0.640	35,065.000000
12.348283	0.640	37,683.000000
12.358950	0.640	40,478.000000
12.369617	0.640	40,507.000000
12.380283	0.640	39,275.000000
12.390950	0.640	40,303.000000
12.401617	0.640	41,421.000000
12.412283	0.640	39,856.000000
12.422950	0.640	38,253.000000
12.433617	0.640	38,376.000000
12.444283	0.640	38,759.000000
12.454950	0.640	39,899.000000
12.465617	0.640	42,255.000000
12.476283	0.640	43,765.000000
12.486950	0.640	44,205.000000
12.497617	0.640	44,233.000000
12.508283	0.640	43,357.000000
12.518950	0.640	43,303.000000
12.529617	0.640	45,478.000000
12.540283	0.640	47,742.000000
12.550950	0.640	49,495.000000
12.561617	0.640	52,360.000000
12.572283	0.640	54,806.000000
12.582950	0.640	54,630.000000
12.593617	0.640	53,272.000000
12.604283	0.640	52,627.000000
12.614950	0.640	52,483.000000
12.625617	0.640	51,077.000000
12.636283	0.640	47,561.000000
12.646950	0.640	44,530.000000
12.657617	0.640	44,155.000000
12.668283	0.640	44,059.000000
12.678950	0.640	41,889.000000
12.689617	0.640	39,969.000000
12.700283	0.640	40,428.000000
12.710950	0.640	41,135.000000
12.721617	0.640	40,438.000000
12.732283	0.640	40,011.000000
12.742950	0.640	41,488.000000
12.753617	0.640	43,230.000000
12.764283	0.640	42,662.000000
12.774950	0.640	41,217.000000
12.785617	0.640	41,555.000000
12.796283	0.640	42,823.000000
12.806950	0.640	43,702.000000
12.817617	0.640	44,518.000000
12.828283	0.640	45,053.000000
12.838950	0.640	44,612.000000
12.849617	0.640	43,388.000000
12.860283	0.640	41,986.000000
12.870950	0.640	40,365.000000
12.881617	0.640	37,884.000000
12.892283	0.640	34,242.000000
12.902950	0.640	30,474.000000
12.913617	0.640	28,592.000000
12.924283	0.640	28,946.000000
12.934950	0.640	29,358.000000
12.945617	0.640	28,870.000000
12.956283	0.640	28,978.000000
12.966950	0.640	29,998.000000
12.977617	0.640	30,589.000000
12.988283	0.640	30,436.000000
12.998950	0.640	29,863.000000
13.009617	0.640	29,017.000000
13.020283	0.640	28,510.000000
13.030950	0.640	28,626.000000
13.041617	0.640	29,221.000000
13.052283	0.640	30,274.000000
13.062950	0.640	31,269.000000
13.073617	0.640	31,475.000000
13.084283	0.640	30,915.000000
13.094950	0.640	30,064.000000
13.105617	0.640	29,540.000000
13.116283	0.640	30,489.000000
13.126950	0.640	32,966.000000
13.137617	0.640	34,949.000000
13.148283	0.640	35,970.000000
13.158950	0.640	37,930.000000
13.169617	0.640	40,042.000000
13.180283	0.640	39,002.000000
13.190950	0.640	35,435.000000
13.201617	0.640	33,938.000000
13.212283	0.640	35,484.000000
13.222950	0.640	36,187.000000
13.233617	0.640	34,708.000000
13.244283	0.640	33,674.000000
13.254950	0.640	33,968.000000
13.265617	0.640	33,857.000000
13.276283	0.640	32,621.000000
13.286950	0.640	31,225.000000
13.297617	0.640	30,431.000000
13.308283	0.640	30,373.000000
13.318950	0.640	30,885.000000
13.329617	0.640	30,945.000000
13.340283	0.640	29,711.000000
13.350950	0.640	27,848.000000
13.361617	0.640	26,232.000000
13.372283	0.640	25,301.000000
13.382950	0.640	25,147.000000
13.393617	0.640	25,464.000000
13.404283	0.640	26,357.000000
13.414950	0.640	26,979.000000
13.425617	0.640	25,686.000000
13.436283	0.640	23,670.000000
13.446950	0.640	23,940.000000
13.457617	0.640	26,774.000000
13.468283	0.640	29,272.000000
13.478950	0.640	29,633.000000
13.489617	0.640	29,044.000000
13.500283	0.640	28,470.000000
13.510950	0.640	28,038.000000
13.521617	0.640	28,545.000000
13.532283	0.640	29,536.000000
13.542950	0.640	29,272.000000
13.553617	0.640	28,131.000000
13.564283	0.640	27,769.000000
13.574950	0.640	27,784.000000
13.585617	0.640	27,109.000000
13.596283	0.640	26,462.000000
13.606950	0.640	26,872.000000
13.617617	0.640	27,692.000000
13.628283	0.640	27,730.000000
13.638950	0.640	27,644.000000
13.649617	0.640	28,958.000000
13.660283	0.640	30,621.000000
13.670950	0.640	29,886.000000
13.681617	0.640	27,515.000000
13.692283	0.640	27,113.000000
13.702950	0.640	29,176.000000
13.713617	0.640	31,903.000000
13.724283	0.640	34,660.000000
13.734950	0.640	37,140.000000
13.745617	0.640	39,452.000000
13.756283	0.640	42,875.000000
13.766950	0.640	48,448.000000
13.777617	0.640	55,937.000000
13.788283	0.640	65,135.000000
13.798950	0.640	75,970.000000
13.809617	0.640	87,321.000000
13.820283	0.640	99,255.000000
13.830950	0.640	113,976.000000
13.841617	0.640	133,209.000000
13.852283	0.640	159,295.000000
13.862950	0.640	198,032.000000
13.873617	0.640	256,111.000000
13.884283	0.640	337,337.000000
13.894950	0.640	443,681.000000
13.905617	0.640	577,555.000000
13.916283	0.640	737,453.000000
13.926950	0.640	908,936.000000
13.937617	0.640	1,065,074.000000
13.948283	0.640	1,175,776.000000
13.958950	0.640	1,216,906.000000
13.969617	0.640	1,178,925.000000
13.980283	0.640	1,067,925.000000
13.990950	0.640	902,209.000000
14.001617	0.640	712,077.000000
14.012283	0.640	532,025.000000
14.022950	0.640	385,619.000000
14.033617	0.640	277,765.000000
14.044283	0.640	201,407.000000
14.054950	0.640	149,906.000000
14.065617	0.640	120,136.000000
14.076283	0.640	107,801.000000
14.086950	0.640	105,777.000000
14.097617	0.640	106,290.000000
14.108283	0.640	104,043.000000
14.118950	0.640	98,162.000000
14.129617	0.640	90,225.000000
14.140283	0.640	82,216.000000
14.150950	0.640	75,513.000000
14.161617	0.640	68,492.000000
14.172283	0.640	59,521.000000
14.182950	0.640	51,025.000000
14.193617	0.640	45,052.000000
14.204283	0.640	40,933.000000
14.214950	0.640	37,830.000000
14.225617	0.640	35,413.000000
14.236283	0.640	34,549.000000
14.246950	0.640	35,353.000000
14.257617	0.640	35,777.000000
14.268283	0.640	35,301.000000
14.278950	0.640	35,398.000000
14.289617	0.640	36,189.000000
14.300283	0.640	36,424.000000
14.310950	0.640	36,492.000000
14.321617	0.640	38,240.000000
14.332283	0.640	41,209.000000
14.342950	0.640	43,408.000000
14.353617	0.640	45,166.000000
14.364283	0.640	47,922.000000
14.374950	0.640	50,662.000000
14.385617	0.640	51,240.000000
14.396283	0.640	49,788.000000
14.406950	0.640	47,752.000000
14.417617	0.640	45,913.000000
14.428283	0.640	44,410.000000
14.438950	0.640	43,262.000000
14.449617	0.640	42,793.000000
14.460283	0.640	42,826.000000
14.470950	0.640	42,412.000000
14.481617	0.640	41,599.000000
14.492283	0.640	41,860.000000
14.502950	0.640	43,235.000000
14.513617	0.640	43,708.000000
14.524283	0.640	42,503.000000
14.534950	0.640	40,976.000000
14.545617	0.640	40,523.000000
14.556283	0.640	40,695.000000
14.566950	0.640	39,644.000000
14.577617	0.640	37,358.000000
14.588283	0.640	36,770.000000
14.598950	0.640	40,364.000000
14.609617	0.640	46,965.000000
14.620283	0.640	53,289.000000
14.630950	0.640	58,323.000000
14.641617	0.640	63,985.000000
14.652283	0.640	72,018.000000
14.662950	0.640	81,837.000000
14.673617	0.640	90,289.000000
14.684283	0.640	93,826.000000
14.694950	0.640	90,916.000000
14.705617	0.640	81,941.000000
14.716283	0.640	69,576.000000
14.726950	0.640	58,993.000000
14.737617	0.640	53,653.000000
14.748283	0.640	52,651.000000
14.758950	0.640	54,518.000000
14.769617	0.640	59,518.000000
14.780283	0.640	67,515.000000
14.790950	0.640	76,131.000000
14.801617	0.640	80,807.000000
14.812283	0.640	78,533.000000
14.822950	0.640	71,239.000000
14.833617	0.640	63,001.000000
14.844283	0.640	56,378.000000
14.854950	0.640	52,010.000000
14.865617	0.640	49,595.000000
14.876283	0.640	48,796.000000
14.886950	0.640	48,801.000000
14.897617	0.640	48,306.000000
14.908283	0.640	46,925.000000
14.918950	0.640	45,942.000000
14.929617	0.640	46,754.000000
14.940283	0.640	48,165.000000
14.950950	0.640	48,411.000000
14.961617	0.640	49,156.000000
14.972283	0.640	51,035.000000
14.982950	0.640	50,734.000000
14.993617	0.640	48,790.000000
15.004283	0.640	49,452.000000
15.014950	0.640	51,901.000000
15.025617	0.640	53,118.000000
15.036283	0.640	53,546.000000
15.046950	0.640	53,804.000000
15.057617	0.640	53,596.000000
15.068283	0.640	53,496.000000
15.078950	0.640	53,981.000000
15.089617	0.640	55,099.000000
15.100283	0.640	57,496.000000
15.110950	0.640	62,709.000000
15.121617	0.640	70,538.000000
15.132283	0.640	77,335.000000
15.142950	0.640	80,051.000000
15.153617	0.640	78,715.000000
15.164283	0.640	74,360.000000
15.174950	0.640	68,972.000000
15.185617	0.640	65,288.000000
15.196283	0.640	63,566.000000
15.206950	0.640	62,244.000000
15.217617	0.640	61,407.000000
15.228283	0.640	61,317.000000
15.238950	0.640	61,094.000000
15.249617	0.640	60,844.000000
15.260283	0.640	60,945.000000
15.270950	0.640	61,274.000000
15.281617	0.640	61,988.000000
15.292283	0.640	62,853.000000
15.302950	0.640	64,188.000000
15.313617	0.640	66,069.000000
15.324283	0.640	66,817.000000
15.334950	0.640	66,345.000000
15.345617	0.640	65,672.000000
15.356283	0.640	64,448.000000
15.366950	0.640	63,045.000000
15.377617	0.640	62,178.000000
15.388283	0.640	62,362.000000
15.398950	0.640	64,022.000000
15.409617	0.640	65,686.000000
15.420283	0.640	66,396.000000
15.430950	0.640	67,836.000000
15.441617	0.640	70,319.000000
15.452283	0.640	71,070.000000
15.462950	0.640	69,068.000000
15.473617	0.640	67,091.000000
15.484283	0.640	67,239.000000
15.494950	0.640	68,659.000000
15.505617	0.640	70,260.000000
15.516283	0.640	72,595.000000
15.526950	0.640	76,667.000000
15.537617	0.640	83,543.000000
15.548283	0.640	95,504.000000
15.558950	0.640	113,492.000000
15.569617	0.640	133,461.000000
15.580283	0.640	148,510.000000
15.590950	0.640	153,373.000000
15.601617	0.640	146,371.000000
15.612283	0.640	129,711.000000
15.622950	0.640	109,607.000000
15.633617	0.640	92,884.000000
15.644283	0.640	82,023.000000
15.654950	0.640	76,267.000000
15.665617	0.640	74,097.000000
15.676283	0.640	73,628.000000
15.686950	0.640	74,168.000000
15.697617	0.640	75,582.000000
15.708283	0.640	76,565.000000
15.718950	0.640	76,277.000000
15.729617	0.640	75,914.000000
15.740283	0.640	77,257.000000
15.750950	0.640	81,784.000000
15.761617	0.640	90,826.000000
15.772283	0.640	105,270.000000
15.782950	0.640	128,695.000000
15.793617	0.640	170,803.000000
15.804283	0.640	244,877.000000
15.814950	0.640	368,048.000000
15.825617	0.640	573,745.000000
15.836283	0.640	933,873.000000
15.846950	0.640	1,591,832.000000
15.857617	0.640	2,798,109.000000
15.868283	0.640	4,848,604.000000
15.878950	0.640	7,777,454.000000
15.889617	0.640	10,959,680.000000
15.900283	0.640	13,157,278.000000
15.910950	0.640	13,261,628.000000
15.921617	0.640	11,163,736.000000
15.932283	0.640	7,872,391.000000
15.942950	0.640	4,741,459.000000
15.953617	0.640	2,579,440.000000
15.964283	0.640	1,407,611.000000
15.974950	0.640	849,370.000000
15.985617	0.640	570,210.000000
15.996283	0.640	409,807.000000
16.006950	0.640	311,323.000000
16.017617	0.640	247,110.000000
16.028283	0.640	200,973.000000
16.038950	0.640	169,632.000000
16.049617	0.640	154,408.000000
16.060283	0.640	153,641.000000
16.070950	0.640	161,980.000000
16.081617	0.640	172,374.000000
16.092283	0.640	180,138.000000
16.102950	0.640	184,015.000000
16.113617	0.640	184,246.000000
16.124283	0.640	183,108.000000
16.134950	0.640	183,573.000000
16.145617	0.640	186,232.000000
16.156283	0.640	190,777.000000
16.166950	0.640	194,934.000000
16.177617	0.640	193,200.000000
16.188283	0.640	185,522.000000
16.198950	0.640	178,455.000000
16.209617	0.640	173,919.000000
16.220283	0.640	168,298.000000
16.230950	0.640	160,867.000000
16.241617	0.640	155,066.000000
16.252283	0.640	152,431.000000
16.262950	0.640	149,959.000000
16.273617	0.640	145,506.000000
16.284283	0.640	141,929.000000
16.294950	0.640	141,663.000000
16.305617	0.640	142,207.000000
16.316283	0.640	141,211.000000
16.326950	0.640	139,959.000000
16.337617	0.640	139,793.000000
16.348283	0.640	139,704.000000
16.358950	0.640	138,527.000000
16.369617	0.640	136,903.000000
16.380283	0.640	136,603.000000
16.390950	0.640	139,595.000000
16.401617	0.640	144,629.000000
16.412283	0.640	146,012.000000
16.422950	0.640	142,659.000000
16.433617	0.640	141,535.000000
16.444283	0.640	147,002.000000
16.454950	0.640	156,766.000000
16.465617	0.640	171,523.000000
16.476283	0.640	203,134.000000
16.486950	0.640	269,843.000000
16.497617	0.640	389,369.000000
16.508283	0.640	588,025.000000
16.518950	0.640	918,505.000000
16.529617	0.640	1,478,078.000000
16.540283	0.640	2,453,121.000000
16.550950	0.640	4,206,189.000000
16.561617	0.640	7,307,910.000000
16.572283	0.640	12,279,764.000000
16.582950	0.640	18,906,591.000000
16.593617	0.640	25,563,329.000000
16.604283	0.640	29,586,052.000000
16.614950	0.640	28,956,511.000000
16.625617	0.640	23,882,046.000000
16.636283	0.640	16,681,627.000000
16.646950	0.640	10,087,405.000000
16.657617	0.640	5,568,528.000000
16.668283	0.640	3,051,502.000000
16.678950	0.640	1,782,192.000000
16.689617	0.640	1,123,737.000000
16.700283	0.640	752,818.000000
16.710950	0.640	532,323.000000
16.721617	0.640	391,887.000000
16.732283	0.640	294,967.000000
16.742950	0.640	229,715.000000
16.753617	0.640	190,712.000000
16.764283	0.640	170,025.000000
16.774950	0.640	159,786.000000
16.785617	0.640	154,409.000000
16.796283	0.640	152,206.000000
16.806950	0.640	153,923.000000
16.817617	0.640	160,274.000000
16.828283	0.640	172,925.000000
16.838950	0.640	191,175.000000
16.849617	0.640	209,488.000000
16.860283	0.640	222,091.000000
16.870950	0.640	225,285.000000
16.881617	0.640	218,335.000000
16.892283	0.640	205,698.000000
16.902950	0.640	193,797.000000
16.913617	0.640	184,126.000000
16.924283	0.640	173,562.000000
16.934950	0.640	162,556.000000
16.945617	0.640	155,280.000000
16.956283	0.640	150,900.000000
16.966950	0.640	146,244.000000
16.977617	0.640	143,538.000000
16.988283	0.640	144,785.000000
16.998950	0.640	146,154.000000
17.009617	0.640	145,007.000000
17.020283	0.640	144,723.000000
17.030950	0.640	147,564.000000
17.041617	0.640	150,628.000000
17.052283	0.640	151,991.000000
17.062950	0.640	153,458.000000
17.073617	0.640	157,547.000000
17.084283	0.640	165,651.000000
17.094950	0.640	176,957.000000
17.105617	0.640	190,840.000000
17.116283	0.640	211,203.000000
17.126950	0.640	242,036.000000
17.137617	0.640	282,106.000000
17.148283	0.640	327,607.000000
17.158950	0.640	371,067.000000
17.169617	0.640	402,080.000000
17.180283	0.640	415,849.000000
17.190950	0.640	414,557.000000
17.201617	0.640	403,293.000000
17.212283	0.640	385,004.000000
17.222950	0.640	356,515.000000
17.233617	0.640	318,005.000000
17.244283	0.640	279,612.000000
17.254950	0.640	247,952.000000
17.265617	0.640	219,851.000000
17.276283	0.640	194,862.000000
17.286950	0.640	178,347.000000
17.297617	0.640	170,761.000000
17.308283	0.640	167,125.000000
17.318950	0.640	165,360.000000
17.329617	0.640	165,940.000000
17.340283	0.640	167,212.000000
17.350950	0.640	166,757.000000
17.361617	0.640	165,403.000000
17.372283	0.640	165,794.000000
17.382950	0.640	168,878.000000
17.393617	0.640	175,362.000000
17.404283	0.640	185,279.000000
17.414950	0.640	195,497.000000
17.425617	0.640	202,619.000000
17.436283	0.640	206,675.000000
17.446950	0.640	210,240.000000
17.457617	0.640	214,949.000000
17.468283	0.640	220,816.000000
17.478950	0.640	229,145.000000
17.489617	0.640	242,716.000000
17.500283	0.640	261,069.000000
17.510950	0.640	277,882.000000
17.521617	0.640	287,061.000000
17.532283	0.640	292,427.000000
17.542950	0.640	306,895.000000
17.553617	0.640	338,452.000000
17.564283	0.640	384,203.000000
17.574950	0.640	441,688.000000
17.585617	0.640	508,509.000000
17.596283	0.640	568,551.000000
17.606950	0.640	599,532.000000
17.617617	0.640	591,367.000000
17.628283	0.640	547,605.000000
17.638950	0.640	481,290.000000
17.649617	0.640	413,202.000000
17.660283	0.640	360,368.000000
17.670950	0.640	323,685.000000
17.681617	0.640	295,140.000000
17.692283	0.640	273,020.000000
17.702950	0.640	260,901.000000
17.713617	0.640	256,228.000000
17.724283	0.640	252,356.000000
17.734950	0.640	248,867.000000
17.745617	0.640	248,406.000000
17.756283	0.640	250,003.000000
17.766950	0.640	251,559.000000
17.777617	0.640	253,365.000000
17.788283	0.640	256,919.000000
17.798950	0.640	260,700.000000
17.809617	0.640	262,454.000000
17.820283	0.640	264,013.000000
17.830950	0.640	266,070.000000
17.841617	0.640	266,585.000000
17.852283	0.640	267,489.000000
17.862950	0.640	271,215.000000
17.873617	0.640	274,821.000000
17.884283	0.640	276,672.000000
17.894950	0.640	279,714.000000
17.905617	0.640	285,076.000000
17.916283	0.640	291,678.000000
17.926950	0.640	298,327.000000
17.937617	0.640	302,734.000000
17.948283	0.640	304,545.000000
17.958950	0.640	306,806.000000
17.969617	0.640	311,740.000000
17.980283	0.640	317,981.000000
17.990950	0.640	323,862.000000
18.001617	0.640	330,545.000000
18.012283	0.640	338,193.000000
18.022950	0.640	345,231.000000
18.033617	0.640	351,820.000000
18.044283	0.640	358,519.000000
18.054950	0.640	365,075.000000
18.065617	0.640	371,340.000000
18.076283	0.640	379,097.000000
18.086950	0.640	393,456.000000
18.097617	0.640	417,897.000000
18.108283	0.640	450,641.000000
18.118950	0.640	491,628.000000
18.129617	0.640	547,941.000000
18.140283	0.640	629,755.000000
18.150950	0.640	748,867.000000
18.161617	0.640	920,301.000000
18.172283	0.640	1,161,186.000000
18.182950	0.640	1,495,279.000000
18.193617	0.640	1,960,489.000000
18.204283	0.640	2,607,757.000000
18.214950	0.640	3,494,902.000000
18.225617	0.640	4,704,275.000000
18.236283	0.640	6,387,591.000000
18.246950	0.640	8,794,344.000000
18.257617	0.640	12,283,205.000000
18.268283	0.640	17,300,624.000000
18.278950	0.640	24,246,671.000000
18.289617	0.640	33,232,482.000000
18.300283	0.640	43,799,920.000000
18.310950	0.640	54,727,591.000000
18.321617	0.640	64,150,492.000000
18.332283	0.640	70,060,080.000000
18.342950	0.640	70,989,024.000000
18.353617	0.640	66,606,311.000000
18.364283	0.640	57,889,793.000000
18.374950	0.640	46,701,972.000000
18.385617	0.640	35,078,492.000000
18.396283	0.640	24,657,577.000000
18.406950	0.640	16,366,698.000000
18.417617	0.640	10,395,289.000000
18.428283	0.640	6,427,723.000000
18.438950	0.640	3,946,769.000000
18.449617	0.640	2,460,030.000000
18.460283	0.640	1,601,866.000000
18.470950	0.640	1,130,502.000000
18.481617	0.640	894,745.000000
18.492283	0.640	811,015.000000
18.502950	0.640	845,115.000000
18.513617	0.640	988,627.000000
18.524283	0.640	1,235,602.000000
18.534950	0.640	1,585,056.000000
18.545617	0.640	2,064,899.000000
18.556283	0.640	2,746,463.000000
18.566950	0.640	3,750,473.000000
18.577617	0.640	5,251,262.000000
18.588283	0.640	7,474,467.000000
18.598950	0.640	10,638,493.000000
18.609617	0.640	14,803,915.000000
18.620283	0.640	19,737,714.000000
18.630950	0.640	24,865,819.000000
18.641617	0.640	29,306,483.000000
18.652283	0.640	32,077,900.000000
18.662950	0.640	32,471,205.000000
18.673617	0.640	30,350,438.000000
18.684283	0.640	26,205,348.000000
18.694950	0.640	20,953,704.000000
18.705617	0.640	15,587,600.000000
18.716283	0.640	10,857,254.000000
18.726950	0.640	7,142,909.000000
18.737617	0.640	4,496,625.000000
18.748283	0.640	2,759,111.000000
18.758950	0.640	1,685,566.000000
18.769617	0.640	1,045,336.000000
18.780283	0.640	668,201.000000
18.790950	0.640	444,062.000000
18.801617	0.640	307,732.000000
18.812283	0.640	224,291.000000
18.822950	0.640	175,431.000000
18.833617	0.640	147,449.000000
18.844283	0.640	128,863.000000
18.854950	0.640	116,558.000000
18.865617	0.640	112,606.000000
18.876283	0.640	114,801.000000
18.886950	0.640	119,776.000000
18.897617	0.640	127,501.000000
18.908283	0.640	138,748.000000
18.918950	0.640	156,833.000000
18.929617	0.640	185,562.000000
18.940283	0.640	223,826.000000
18.950950	0.640	271,340.000000
18.961617	0.640	332,421.000000
18.972283	0.640	412,452.000000
18.982950	0.640	519,951.000000
18.993617	0.640	666,620.000000
19.004283	0.640	867,201.000000
19.014950	0.640	1,149,285.000000
19.025617	0.640	1,554,007.000000
19.036283	0.640	2,121,508.000000
19.046950	0.640	2,883,206.000000
19.057617	0.640	3,854,784.000000
19.068283	0.640	5,000,625.000000
19.078950	0.640	6,189,913.000000
19.089617	0.640	7,220,128.000000
19.100283	0.640	7,907,064.000000
19.110950	0.640	8,131,158.000000
19.121617	0.640	7,836,546.000000
19.132283	0.640	7,064,597.000000
19.142950	0.640	5,965,117.000000
19.153617	0.640	4,730,086.000000
19.164283	0.640	3,528,653.000000
19.174950	0.640	2,487,430.000000
19.185617	0.640	1,678,115.000000
19.196283	0.640	1,104,327.000000
19.206950	0.640	718,977.000000
19.217617	0.640	467,784.000000
19.228283	0.640	314,100.000000
19.238950	0.640	228,177.000000
19.249617	0.640	179,393.000000
19.260283	0.640	148,298.000000
19.270950	0.640	128,980.000000
19.281617	0.640	118,391.000000
19.292283	0.640	111,881.000000
19.302950	0.640	106,886.000000
19.313617	0.640	104,227.000000
19.324283	0.640	103,886.000000
19.334950	0.640	103,742.000000
19.345617	0.640	102,892.000000
19.356283	0.640	102,653.000000
19.366950	0.640	103,481.000000
19.377617	0.640	104,648.000000
19.388283	0.640	106,994.000000
19.398950	0.640	110,141.000000
19.409617	0.640	111,771.000000
19.420283	0.640	113,213.000000
19.430950	0.640	116,874.000000
19.441617	0.640	121,055.000000
19.452283	0.640	123,615.000000
19.462950	0.640	125,304.000000
19.473617	0.640	128,912.000000
19.484283	0.640	136,167.000000
19.494950	0.640	143,998.000000
19.505617	0.640	148,123.000000
19.516283	0.640	148,750.000000
19.526950	0.640	147,115.000000
19.537617	0.640	142,016.000000
19.548283	0.640	134,374.000000
19.558950	0.640	128,141.000000
19.569617	0.640	124,756.000000
19.580283	0.640	122,470.000000
19.590950	0.640	120,511.000000
19.601617	0.640	120,363.000000
19.612283	0.640	122,890.000000
19.622950	0.640	126,237.000000
19.633617	0.640	128,870.000000
19.644283	0.640	131,693.000000
19.654950	0.640	135,276.000000
19.665617	0.640	140,255.000000
19.676283	0.640	148,357.000000
19.686950	0.640	158,382.000000
19.697617	0.640	167,014.000000
19.708283	0.640	175,470.000000
19.718950	0.640	187,497.000000
19.729617	0.640	201,272.000000
19.740283	0.640	213,817.000000
19.750950	0.640	228,930.000000
19.761617	0.640	251,170.000000
19.772283	0.640	280,914.000000
19.782950	0.640	318,260.000000
19.793617	0.640	365,233.000000
19.804283	0.640	425,621.000000
19.814950	0.640	500,997.000000
19.825617	0.640	587,948.000000
19.836283	0.640	685,687.000000
19.846950	0.640	794,129.000000
19.857617	0.640	900,719.000000
19.868283	0.640	991,368.000000
19.878950	0.640	1,064,162.000000
19.889617	0.640	1,116,123.000000
19.900283	0.640	1,138,292.000000
19.910950	0.640	1,124,777.000000
19.921617	0.640	1,073,409.000000
19.932283	0.640	987,865.000000
19.942950	0.640	879,704.000000
19.953617	0.640	760,798.000000
19.964283	0.640	640,183.000000
19.974950	0.640	526,670.000000
19.985617	0.640	427,815.000000
19.996283	0.640	346,682.000000
20.006950	0.640	279,637.000000
20.017617	0.640	222,348.000000
20.028283	0.640	175,781.000000
20.038950	0.640	141,638.000000
20.049617	0.640	118,725.000000
20.060283	0.640	103,875.000000
20.070950	0.640	93,524.000000
20.081617	0.640	86,188.000000
20.092283	0.640	81,127.000000
20.102950	0.640	76,737.000000
20.113617	0.640	72,593.000000
20.124283	0.640	69,525.000000
20.134950	0.640	69,449.000000
20.145617	0.640	73,992.000000
20.156283	0.640	81,035.000000
20.166950	0.640	86,412.000000
20.177617	0.640	88,841.000000
20.188283	0.640	91,351.000000
20.198950	0.640	95,747.000000
20.209617	0.640	98,194.000000
20.220283	0.640	96,400.000000
20.230950	0.640	93,035.000000
20.241617	0.640	88,622.000000
20.252283	0.640	82,545.000000
20.262950	0.640	76,675.000000
20.273617	0.640	70,834.000000
20.284283	0.640	63,888.000000
20.294950	0.640	58,254.000000
20.305617	0.640	55,559.000000
20.316283	0.640	53,626.000000
20.326950	0.640	51,271.000000
20.337617	0.640	49,624.000000
20.348283	0.640	48,366.000000
20.358950	0.640	46,237.000000
20.369617	0.640	43,424.000000
20.380283	0.640	41,245.000000
20.390950	0.640	41,591.000000
20.401617	0.640	44,344.000000
20.412283	0.640	46,136.000000
20.422950	0.640	45,300.000000
20.433617	0.640	43,959.000000
20.444283	0.640	43,766.000000
20.454950	0.640	44,287.000000
20.465617	0.640	44,739.000000
20.476283	0.640	44,612.000000
20.486950	0.640	43,887.000000
20.497617	0.640	42,966.000000
20.508283	0.640	41,812.000000
20.518950	0.640	40,641.000000
20.529617	0.640	40,770.000000
20.540283	0.640	41,932.000000
20.550950	0.640	41,802.000000
20.561617	0.640	40,011.000000
20.572283	0.640	38,890.000000
20.582950	0.640	40,259.000000
20.593617	0.640	42,690.000000
20.604283	0.640	42,806.000000
20.614950	0.640	40,738.000000
20.625617	0.640	40,808.000000
20.636283	0.640	44,920.000000
20.646950	0.640	49,990.000000
20.657617	0.640	53,088.000000
20.668283	0.640	54,717.000000
20.678950	0.640	56,770.000000
20.689617	0.640	60,475.000000
20.700283	0.640	65,298.000000
20.710950	0.640	70,080.000000
20.721617	0.640	75,636.000000
20.732283	0.640	82,455.000000
20.742950	0.640	89,026.000000
20.753617	0.640	95,687.000000
20.764283	0.640	104,974.000000
20.774950	0.640	118,462.000000
20.785617	0.640	136,466.000000
20.796283	0.640	159,754.000000
20.806950	0.640	190,086.000000
20.817617	0.640	228,472.000000
20.828283	0.640	276,665.000000
20.838950	0.640	338,655.000000
20.849617	0.640	416,238.000000
20.860283	0.640	507,318.000000
20.870950	0.640	608,826.000000
20.881617	0.640	717,760.000000
20.892283	0.640	826,622.000000
20.902950	0.640	922,249.000000
20.913617	0.640	995,856.000000
20.924283	0.640	1,046,232.000000
20.934950	0.640	1,070,153.000000
20.945617	0.640	1,060,294.000000
20.956283	0.640	1,016,834.000000
20.966950	0.640	952,404.000000
20.977617	0.640	882,661.000000
20.988283	0.640	820,390.000000
20.998950	0.640	773,368.000000
21.009617	0.640	743,389.000000
21.020283	0.640	733,286.000000
21.030950	0.640	750,803.000000
21.041617	0.640	804,305.000000
21.052283	0.640	896,306.000000
21.062950	0.640	1,022,496.000000
21.073617	0.640	1,182,261.000000
21.084283	0.640	1,382,163.000000
21.094950	0.640	1,628,153.000000
21.105617	0.640	1,928,375.000000
21.116283	0.640	2,294,482.000000
21.126950	0.640	2,735,432.000000
21.137617	0.640	3,261,154.000000
21.148283	0.640	3,870,663.000000
21.158950	0.640	4,528,798.000000
21.169617	0.640	5,180,277.000000
21.180283	0.640	5,773,946.000000
21.190950	0.640	6,254,373.000000
21.201617	0.640	6,563,728.000000
21.212283	0.640	6,668,998.000000
21.222950	0.640	6,557,002.000000
21.233617	0.640	6,216,368.000000
21.244283	0.640	5,661,428.000000
21.254950	0.640	4,955,873.000000
21.265617	0.640	4,187,131.000000
21.276283	0.640	3,425,129.000000
21.286950	0.640	2,712,735.000000
21.297617	0.640	2,079,448.000000
21.308283	0.640	1,549,876.000000
21.318950	0.640	1,135,629.000000
21.329617	0.640	822,807.000000
21.340283	0.640	585,323.000000
21.350950	0.640	409,416.000000
21.361617	0.640	289,325.000000
21.372283	0.640	211,691.000000
21.382950	0.640	161,088.000000
21.393617	0.640	130,902.000000
21.404283	0.640	117,429.000000
21.414950	0.640	112,009.000000
21.425617	0.640	107,335.000000
21.436283	0.640	103,694.000000
21.446950	0.640	104,041.000000
21.457617	0.640	108,297.000000
21.468283	0.640	113,928.000000
21.478950	0.640	117,601.000000
21.489617	0.640	116,540.000000
21.500283	0.640	111,736.000000
21.510950	0.640	106,760.000000
21.521617	0.640	102,659.000000
21.532283	0.640	98,013.000000
21.542950	0.640	91,580.000000
21.553617	0.640	82,984.000000
21.564283	0.640	73,398.000000
21.574950	0.640	65,012.000000
21.585617	0.640	58,970.000000
21.596283	0.640	54,398.000000
21.606950	0.640	49,884.000000
21.617617	0.640	45,933.000000
21.628283	0.640	43,641.000000
21.638950	0.640	42,474.000000
21.649617	0.640	42,513.000000
21.660283	0.640	43,951.000000
21.670950	0.640	44,824.000000
21.681617	0.640	44,318.000000
21.692283	0.640	43,493.000000
21.702950	0.640	42,718.000000
21.713617	0.640	42,080.000000
21.724283	0.640	42,312.000000
21.734950	0.640	44,512.000000
21.745617	0.640	47,200.000000
21.756283	0.640	46,542.000000
21.766950	0.640	42,476.000000
21.777617	0.640	39,121.000000
21.788283	0.640	39,696.000000
21.798950	0.640	43,612.000000
21.809617	0.640	46,801.000000
21.820283	0.640	46,457.000000
21.830950	0.640	44,452.000000
21.841617	0.640	43,506.000000
21.852283	0.640	43,910.000000
21.862950	0.640	45,157.000000
21.873617	0.640	46,036.000000
21.884283	0.640	44,919.000000
21.894950	0.640	42,812.000000
21.905617	0.640	42,335.000000
21.916283	0.640	43,368.000000
21.926950	0.640	43,918.000000
21.937617	0.640	43,977.000000
21.948283	0.640	43,993.000000
21.958950	0.640	43,544.000000
21.969617	0.640	43,695.000000
21.980283	0.640	44,984.000000
21.990950	0.640	45,652.000000
22.001617	0.640	45,488.000000
22.012283	0.640	45,934.000000
22.022950	0.640	46,182.000000
22.033617	0.640	45,556.000000
22.044283	0.640	46,451.000000
22.054950	0.640	49,172.000000
22.065617	0.640	50,401.000000
22.076283	0.640	49,609.000000
22.086950	0.640	49,214.000000
22.097617	0.640	50,174.000000
22.108283	0.640	52,580.000000
22.118950	0.640	55,560.000000
22.129617	0.640	57,061.000000
22.140283	0.640	57,037.000000
22.150950	0.640	57,629.000000
22.161617	0.640	60,690.000000
22.172283	0.640	65,702.000000
22.182950	0.640	70,630.000000
22.193617	0.640	75,483.000000
22.204283	0.640	81,445.000000
22.214950	0.640	89,061.000000
22.225617	0.640	99,900.000000
22.236283	0.640	115,016.000000
22.246950	0.640	132,666.000000
22.257617	0.640	152,310.000000
22.268283	0.640	177,038.000000
22.278950	0.640	208,822.000000
22.289617	0.640	246,381.000000
22.300283	0.640	288,706.000000
22.310950	0.640	337,154.000000
22.321617	0.640	393,949.000000
22.332283	0.640	460,626.000000
22.342950	0.640	540,652.000000
22.353617	0.640	642,474.000000
22.364283	0.640	773,419.000000
22.374950	0.640	932,663.000000
22.385617	0.640	1,122,655.000000
22.396283	0.640	1,361,089.000000
22.406950	0.640	1,665,602.000000
22.417617	0.640	2,040,207.000000
22.428283	0.640	2,490,284.000000
22.438950	0.640	3,028,674.000000
22.449617	0.640	3,658,080.000000
22.460283	0.640	4,366,449.000000
22.470950	0.640	5,129,316.000000
22.481617	0.640	5,902,615.000000
22.492283	0.640	6,633,282.000000
22.502950	0.640	7,277,419.000000
22.513617	0.640	7,793,024.000000
22.524283	0.640	8,130,505.000000
22.534950	0.640	8,241,714.000000
22.545617	0.640	8,098,221.000000
22.556283	0.640	7,709,129.000000
22.566950	0.640	7,115,706.000000
22.577617	0.640	6,374,026.000000
22.588283	0.640	5,548,172.000000
22.598950	0.640	4,694,329.000000
22.609617	0.640	3,850,773.000000
22.620283	0.640	3,056,619.000000
22.630950	0.640	2,357,726.000000
22.641617	0.640	1,779,692.000000
22.652283	0.640	1,314,585.000000
22.662950	0.640	944,335.000000
22.673617	0.640	660,975.000000
22.684283	0.640	457,920.000000
22.694950	0.640	318,903.000000
22.705617	0.640	224,553.000000
22.716283	0.640	160,733.000000
22.726950	0.640	118,404.000000
22.737617	0.640	91,888.000000
22.748283	0.640	76,372.000000
22.758950	0.640	66,670.000000
22.769617	0.640	59,675.000000
22.780283	0.640	54,575.000000
22.790950	0.640	51,830.000000
22.801617	0.640	51,961.000000
22.812283	0.640	52,490.000000
22.822950	0.640	50,563.000000
22.833617	0.640	47,991.000000
22.844283	0.640	47,944.000000
22.854950	0.640	49,649.000000
22.865617	0.640	50,689.000000
22.876283	0.640	51,872.000000
22.886950	0.640	55,292.000000
22.897617	0.640	59,945.000000
22.908283	0.640	63,692.000000
22.918950	0.640	67,370.000000
22.929617	0.640	73,924.000000
22.940283	0.640	84,144.000000
22.950950	0.640	96,451.000000
22.961617	0.640	111,819.000000
22.972283	0.640	132,803.000000
22.982950	0.640	159,485.000000
22.993617	0.640	193,152.000000
23.004283	0.640	236,659.000000
23.014950	0.640	290,910.000000
23.025617	0.640	359,697.000000
23.036283	0.640	450,410.000000
23.046950	0.640	566,692.000000
23.057617	0.640	709,642.000000
23.068283	0.640	884,753.000000
23.078950	0.640	1,104,915.000000
23.089617	0.640	1,386,687.000000
23.100283	0.640	1,744,271.000000
23.110950	0.640	2,198,110.000000
23.121617	0.640	2,793,083.000000
23.132283	0.640	3,593,936.000000
23.142950	0.640	4,660,500.000000
23.153617	0.640	6,047,798.000000
23.164283	0.640	7,818,359.000000
23.174950	0.640	10,004,253.000000
23.185617	0.640	12,548,578.000000
23.196283	0.640	15,309,760.000000
23.206950	0.640	18,085,933.000000
23.217617	0.640	20,584,303.000000
23.228283	0.640	22,435,141.000000
23.238950	0.640	23,322,382.000000
23.249617	0.640	23,095,387.000000
23.260283	0.640	21,775,541.000000
23.270950	0.640	19,532,667.000000
23.281617	0.640	16,667,871.000000
23.292283	0.640	13,548,806.000000
23.302950	0.640	10,503,015.000000
23.313617	0.640	7,765,773.000000
23.324283	0.640	5,490,477.000000
23.334950	0.640	3,735,337.000000
23.345617	0.640	2,460,100.000000
23.356283	0.640	1,579,258.000000
23.366950	0.640	1,001,987.000000
23.377617	0.640	642,067.000000
23.388283	0.640	426,910.000000
23.398950	0.640	301,677.000000
23.409617	0.640	227,896.000000
23.420283	0.640	181,438.000000
23.430950	0.640	150,465.000000
23.441617	0.640	131,121.000000
23.452283	0.640	120,724.000000
23.462950	0.640	114,094.000000
23.473617	0.640	107,039.000000
23.484283	0.640	99,880.000000
23.494950	0.640	94,264.000000
23.505617	0.640	90,493.000000
23.516283	0.640	88,757.000000
23.526950	0.640	88,768.000000
23.537617	0.640	89,325.000000
23.548283	0.640	88,977.000000
23.558950	0.640	86,890.000000
23.569617	0.640	84,549.000000
23.580283	0.640	83,736.000000
23.590950	0.640	83,728.000000
23.601617	0.640	82,060.000000
23.612283	0.640	76,264.000000
23.622950	0.640	68,052.000000
23.633617	0.640	62,845.000000
23.644283	0.640	61,461.000000
23.654950	0.640	59,919.000000
23.665617	0.640	57,540.000000
23.676283	0.640	56,485.000000
23.686950	0.640	56,443.000000
23.697617	0.640	56,489.000000
23.708283	0.640	57,327.000000
23.718950	0.640	58,122.000000
23.729617	0.640	56,966.000000
23.740283	0.640	55,055.000000
23.750950	0.640	54,921.000000
23.761617	0.640	57,092.000000
23.772283	0.640	60,704.000000
23.782950	0.640	63,969.000000
23.793617	0.640	65,384.000000
23.804283	0.640	65,346.000000
23.814950	0.640	64,855.000000
23.825617	0.640	64,031.000000
23.836283	0.640	62,334.000000
23.846950	0.640	59,901.000000
23.857617	0.640	58,319.000000
23.868283	0.640	58,516.000000
23.878950	0.640	59,407.000000
23.889617	0.640	59,116.000000
23.900283	0.640	57,235.000000
23.910950	0.640	56,294.000000
23.921617	0.640	57,999.000000
23.932283	0.640	60,650.000000
23.942950	0.640	62,345.000000
23.953617	0.640	61,977.000000
23.964283	0.640	59,886.000000
23.974950	0.640	59,413.000000
23.985617	0.640	62,468.000000
23.996283	0.640	66,334.000000
24.006950	0.640	68,845.000000
24.017617	0.640	70,965.000000
24.028283	0.640	72,729.000000
24.038950	0.640	72,512.000000
24.049617	0.640	69,889.000000
24.060283	0.640	66,009.000000
24.070950	0.640	62,625.000000
24.081617	0.640	60,809.000000
24.092283	0.640	60,316.000000
24.102950	0.640	60,663.000000
24.113617	0.640	61,367.000000
24.124283	0.640	61,156.000000
24.134950	0.640	59,783.000000
24.145617	0.640	59,698.000000
24.156283	0.640	61,085.000000
24.166950	0.640	60,564.000000
24.177617	0.640	58,616.000000
24.188283	0.640	58,508.000000
24.198950	0.640	59,834.000000
24.209617	0.640	61,308.000000
24.220283	0.640	63,627.000000
24.230950	0.640	66,115.000000
24.241617	0.640	66,940.000000
24.252283	0.640	66,840.000000
24.262950	0.640	68,452.000000
24.273617	0.640	72,056.000000
24.284283	0.640	75,418.000000
24.294950	0.640	78,490.000000
24.305617	0.640	82,510.000000
24.316283	0.640	86,273.000000
24.326950	0.640	89,811.000000
24.337617	0.640	95,578.000000
24.348283	0.640	103,373.000000
24.358950	0.640	112,287.000000
24.369617	0.640	125,576.000000
24.380283	0.640	150,479.000000
24.390950	0.640	198,711.000000
24.401617	0.640	285,266.000000
24.412283	0.640	428,481.000000
24.422950	0.640	657,349.000000
24.433617	0.640	1,016,437.000000
24.444283	0.640	1,570,048.000000
24.454950	0.640	2,420,111.000000
24.465617	0.640	3,740,962.000000
24.476283	0.640	5,833,241.000000
24.486950	0.640	9,189,855.000000
24.497617	0.640	14,471,824.000000
24.508283	0.640	22,208,960.000000
24.518950	0.640	32,166,826.000000
24.529617	0.640	42,746,327.000000
24.540283	0.640	51,147,821.000000
24.550950	0.640	54,545,003.000000
24.561617	0.640	51,561,506.000000
24.572283	0.640	43,095,489.000000
24.582950	0.640	31,913,199.000000
24.593617	0.640	21,155,721.000000
24.604283	0.640	12,834,226.000000
24.614950	0.640	7,386,970.000000
24.625617	0.640	4,227,118.000000
24.636283	0.640	2,500,695.000000
24.646950	0.640	1,548,451.000000
24.657617	0.640	998,060.000000
24.668283	0.640	663,917.000000
24.678950	0.640	453,627.000000
24.689617	0.640	321,353.000000
24.700283	0.640	241,065.000000
24.710950	0.640	193,554.000000
24.721617	0.640	164,705.000000
24.732283	0.640	146,446.000000
24.742950	0.640	135,308.000000
24.753617	0.640	131,698.000000
24.764283	0.640	135,527.000000
24.774950	0.640	141,521.000000
24.785617	0.640	146,459.000000
24.796283	0.640	155,040.000000
24.806950	0.640	169,547.000000
24.817617	0.640	184,012.000000
24.828283	0.640	195,231.000000
24.838950	0.640	207,567.000000
24.849617	0.640	225,469.000000
24.860283	0.640	249,979.000000
24.870950	0.640	279,364.000000
24.881617	0.640	312,570.000000
24.892283	0.640	353,783.000000
24.902950	0.640	409,835.000000
24.913617	0.640	488,017.000000
24.924283	0.640	601,767.000000
24.934950	0.640	778,560.000000
24.945617	0.640	1,065,685.000000
24.956283	0.640	1,560,235.000000
24.966950	0.640	2,497,887.000000
24.977617	0.640	4,339,355.000000
24.988283	0.640	7,639,076.000000
24.998950	0.640	12,454,846.000000
25.009617	0.640	17,588,871.000000
25.020283	0.640	20,751,618.000000
25.030950	0.640	20,163,112.000000
25.041617	0.640	16,145,074.000000
25.052283	0.640	10,862,880.000000
25.062950	0.640	6,516,207.000000
25.073617	0.640	3,937,200.000000
25.084283	0.640	2,702,614.000000
25.094950	0.640	2,075,043.000000
25.105617	0.640	1,622,263.000000
25.116283	0.640	1,231,261.000000
25.126950	0.640	909,915.000000
25.137617	0.640	667,931.000000
25.148283	0.640	495,099.000000
25.158950	0.640	374,651.000000
25.169617	0.640	290,769.000000
25.180283	0.640	231,338.000000
25.190950	0.640	189,933.000000
25.201617	0.640	161,527.000000
25.212283	0.640	141,024.000000
25.222950	0.640	125,775.000000
25.233617	0.640	114,940.000000
25.244283	0.640	107,524.000000
25.254950	0.640	101,652.000000
25.265617	0.640	96,620.000000
25.276283	0.640	93,124.000000
25.286950	0.640	90,424.000000
25.297617	0.640	88,403.000000
25.308283	0.640	87,601.000000
25.318950	0.640	85,554.000000
25.329617	0.640	81,700.000000
25.340283	0.640	79,395.000000
25.350950	0.640	79,469.000000
25.361617	0.640	79,977.000000
25.372283	0.640	79,143.000000
25.382950	0.640	77,216.000000
25.393617	0.640	77,471.000000
25.404283	0.640	80,630.000000
25.414950	0.640	82,566.000000
25.425617	0.640	81,905.000000
25.436283	0.640	82,029.000000
25.446950	0.640	84,293.000000
25.457617	0.640	86,205.000000
25.468283	0.640	86,580.000000
25.478950	0.640	86,922.000000
25.489617	0.640	87,216.000000
25.500283	0.640	86,225.000000
25.510950	0.640	84,758.000000
25.521617	0.640	84,096.000000
25.532283	0.640	84,974.000000
25.542950	0.640	88,072.000000
25.553617	0.640	91,686.000000
25.564283	0.640	93,415.000000
25.574950	0.640	93,396.000000
25.585617	0.640	91,842.000000
25.596283	0.640	89,493.000000
25.606950	0.640	88,507.000000
25.617617	0.640	88,127.000000
25.628283	0.640	86,234.000000
25.638950	0.640	83,124.000000
25.649617	0.640	79,701.000000
25.660283	0.640	77,278.000000
25.670950	0.640	77,800.000000
25.681617	0.640	80,945.000000
25.692283	0.640	83,581.000000
25.702950	0.640	83,364.000000
25.713617	0.640	81,379.000000
25.724283	0.640	79,907.000000
25.734950	0.640	79,767.000000
25.745617	0.640	80,784.000000
25.756283	0.640	81,843.000000
25.766950	0.640	81,459.000000
25.777617	0.640	80,888.000000
25.788283	0.640	82,518.000000
25.798950	0.640	84,937.000000
25.809617	0.640	86,042.000000
25.820283	0.640	87,110.000000
25.830950	0.640	89,607.000000
25.841617	0.640	93,469.000000
25.852283	0.640	98,289.000000
25.862950	0.640	103,785.000000
25.873617	0.640	109,766.000000
25.884283	0.640	116,549.000000
25.894950	0.640	124,467.000000
25.905617	0.640	133,086.000000
25.916283	0.640	144,343.000000
25.926950	0.640	160,213.000000
25.937617	0.640	175,100.000000
25.948283	0.640	180,870.000000
25.958950	0.640	176,783.000000
25.969617	0.640	168,404.000000
25.980283	0.640	162,035.000000
25.990950	0.640	163,305.000000
26.001617	0.640	179,308.000000
26.012283	0.640	219,875.000000
26.022950	0.640	301,326.000000
26.033617	0.640	463,987.000000
26.044283	0.640	810,482.000000
26.054950	0.640	1,554,629.000000
26.065617	0.640	2,992,690.000000
26.076283	0.640	5,252,876.000000
26.086950	0.640	7,859,000.000000
26.097617	0.640	9,586,062.000000
26.108283	0.640	9,231,079.000000
26.118950	0.640	6,842,523.000000
26.129617	0.640	3,829,558.000000
26.140283	0.640	1,634,563.000000
26.150950	0.640	630,628.000000
26.161617	0.640	343,507.000000
26.172283	0.640	260,509.000000
26.182950	0.640	193,331.000000
26.193617	0.640	141,742.000000
26.204283	0.640	116,559.000000
26.214950	0.640	106,835.000000
26.225617	0.640	102,236.000000
26.236283	0.640	100,104.000000
26.246950	0.640	100,451.000000
26.257617	0.640	102,642.000000
26.268283	0.640	104,953.000000
26.278950	0.640	104,708.000000
26.289617	0.640	100,831.000000
26.300283	0.640	95,194.000000
26.310950	0.640	90,417.000000
26.321617	0.640	88,618.000000
26.332283	0.640	88,894.000000
26.342950	0.640	87,873.000000
26.353617	0.640	86,519.000000
26.364283	0.640	88,432.000000
26.374950	0.640	92,036.000000
26.385617	0.640	93,957.000000
26.396283	0.640	95,757.000000
26.406950	0.640	99,629.000000
26.417617	0.640	104,048.000000
26.428283	0.640	108,725.000000
26.438950	0.640	117,387.000000
26.449617	0.640	134,732.000000
26.460283	0.640	164,004.000000
26.470950	0.640	206,053.000000
26.481617	0.640	259,270.000000
26.492283	0.640	317,251.000000
26.502950	0.640	359,814.000000
26.513617	0.640	353,674.000000
26.524283	0.640	286,969.000000
26.534950	0.640	196,208.000000
26.545617	0.640	130,244.000000
26.556283	0.640	102,835.000000
26.566950	0.640	97,251.000000
26.577617	0.640	95,670.000000
26.588283	0.640	92,884.000000
26.598950	0.640	90,945.000000
26.609617	0.640	90,395.000000
26.620283	0.640	89,983.000000
26.630950	0.640	89,930.000000
26.641617	0.640	91,188.000000
26.652283	0.640	93,153.000000
26.662950	0.640	95,225.000000
26.673617	0.640	98,613.000000
26.684283	0.640	103,842.000000
26.694950	0.640	109,281.000000
26.705617	0.640	113,614.000000
26.716283	0.640	118,237.000000
26.726950	0.640	124,550.000000
26.737617	0.640	130,299.000000
26.748283	0.640	133,193.000000
26.758950	0.640	134,966.000000
26.769617	0.640	140,375.000000
26.780283	0.640	153,318.000000
26.790950	0.640	171,210.000000
26.801617	0.640	185,852.000000
26.812283	0.640	196,228.000000
26.822950	0.640	221,914.000000
26.833617	0.640	291,773.000000
26.844283	0.640	409,132.000000
26.854950	0.640	534,958.000000
26.865617	0.640	608,421.000000
26.876283	0.640	590,291.000000
26.886950	0.640	501,720.000000
26.897617	0.640	416,496.000000
26.908283	0.640	394,247.000000
26.918950	0.640	416,608.000000
26.929617	0.640	413,664.000000
26.940283	0.640	357,257.000000
26.950950	0.640	288,972.000000
26.961617	0.640	254,094.000000
26.972283	0.640	252,750.000000
26.982950	0.640	261,354.000000
26.993617	0.640	268,676.000000
27.004283	0.640	281,302.000000
27.014950	0.640	319,707.000000
27.025617	0.640	414,765.000000
27.036283	0.640	556,430.000000
27.046950	0.640	646,372.000000
27.057617	0.640	601,529.000000
27.068283	0.640	489,359.000000
27.078950	0.640	436,695.000000
27.089617	0.640	456,729.000000
27.100283	0.640	481,054.000000
27.110950	0.640	488,147.000000
27.121617	0.640	508,429.000000
27.132283	0.640	559,552.000000
27.142950	0.640	631,834.000000
27.153617	0.640	707,458.000000
27.164283	0.640	777,624.000000
27.174950	0.640	850,202.000000
27.185617	0.640	931,277.000000
27.196283	0.640	1,011,411.000000
27.206950	0.640	1,097,427.000000
27.217617	0.640	1,245,923.000000
27.228283	0.640	1,577,890.000000
27.238950	0.640	2,422,652.000000
27.249617	0.640	4,531,846.000000
27.260283	0.640	8,162,248.000000
27.270950	0.640	11,175,134.000000
27.281617	0.640	10,413,543.000000
27.292283	0.640	6,196,057.000000
27.302950	0.640	2,188,899.000000
27.313617	0.640	547,649.000000
27.324283	0.640	417,519.000000
27.334950	0.640	463,720.000000
27.345617	0.640	357,566.000000
27.356283	0.640	268,785.000000
27.366950	0.640	264,873.000000
27.377617	0.640	282,339.000000
27.388283	0.640	273,949.000000
27.398950	0.640	257,450.000000
27.409617	0.640	268,853.000000
27.420283	0.640	300,728.000000
27.430950	0.640	306,392.000000
27.441617	0.640	268,469.000000
27.452283	0.640	224,949.000000
27.462950	0.640	212,303.000000
27.473617	0.640	223,149.000000
27.484283	0.640	235,305.000000
27.494950	0.640	249,281.000000
27.505617	0.640	285,916.000000
27.516283	0.640	351,193.000000
27.526950	0.640	401,013.000000
27.537617	0.640	381,967.000000
27.548283	0.640	313,544.000000
27.558950	0.640	265,905.000000
27.569617	0.640	270,946.000000
27.580283	0.640	306,648.000000
27.590950	0.640	338,986.000000
27.601617	0.640	353,331.000000
27.612283	0.640	360,887.000000
27.622950	0.640	381,383.000000
27.633617	0.640	427,160.000000
27.644283	0.640	506,395.000000
27.654950	0.640	624,245.000000
27.665617	0.640	759,183.000000
27.676283	0.640	843,136.000000
27.686950	0.640	807,844.000000
27.697617	0.640	652,663.000000
27.708283	0.640	441,680.000000
27.718950	0.640	259,335.000000
27.729617	0.640	166,602.000000
27.740283	0.640	186,860.000000
27.750950	0.640	345,193.000000
27.761617	0.640	622,180.000000
27.772283	0.640	830,120.000000
27.782950	0.640	754,833.000000
27.793617	0.640	459,152.000000
27.804283	0.640	203,132.000000
27.814950	0.640	108,893.000000
27.825617	0.640	106,578.000000
27.836283	0.640	111,162.000000
27.846950	0.640	104,668.000000
27.857617	0.640	99,120.000000
27.868283	0.640	99,165.000000
27.878950	0.640	100,803.000000
27.889617	0.640	102,425.000000
27.900283	0.640	105,826.000000
27.910950	0.640	110,945.000000
27.921617	0.640	116,441.000000
27.932283	0.640	120,555.000000
27.942950	0.640	120,958.000000
27.953617	0.640	119,116.000000
27.964283	0.640	121,018.000000
27.974950	0.640	130,575.000000
27.985617	0.640	143,884.000000
27.996283	0.640	153,112.000000
28.006950	0.640	156,531.000000
28.017617	0.640	158,047.000000
28.028283	0.640	160,350.000000
28.038950	0.640	166,693.000000
28.049617	0.640	182,136.000000
28.060283	0.640	205,954.000000
28.070950	0.640	225,340.000000
28.081617	0.640	224,252.000000
28.092283	0.640	201,320.000000
28.102950	0.640	170,161.000000
28.113617	0.640	143,781.000000
28.124283	0.640	127,197.000000
28.134950	0.640	118,731.000000
28.145617	0.640	113,281.000000
28.156283	0.640	107,725.000000
28.166950	0.640	103,759.000000
28.177617	0.640	104,867.000000
28.188283	0.640	112,214.000000
28.198950	0.640	126,019.000000
28.209617	0.640	147,161.000000
28.220283	0.640	170,465.000000
28.230950	0.640	181,953.000000
28.241617	0.640	172,310.000000
28.252283	0.640	148,111.000000
28.262950	0.640	123,679.000000
28.273617	0.640	108,144.000000
28.284283	0.640	103,425.000000
28.294950	0.640	106,892.000000
28.305617	0.640	111,651.000000
28.316283	0.640	110,684.000000
28.326950	0.640	104,717.000000
28.337617	0.640	100,957.000000
28.348283	0.640	104,585.000000
28.358950	0.640	115,391.000000
28.369617	0.640	128,324.000000
28.380283	0.640	134,397.000000
28.390950	0.640	126,985.000000
28.401617	0.640	109,907.000000
28.412283	0.640	93,707.000000
28.422950	0.640	85,860.000000
28.433617	0.640	87,467.000000
28.444283	0.640	93,249.000000
28.454950	0.640	97,172.000000
28.465617	0.640	100,289.000000
28.476283	0.640	106,289.000000
28.486950	0.640	113,137.000000
28.497617	0.640	116,922.000000
28.508283	0.640	118,480.000000
28.518950	0.640	119,776.000000
28.529617	0.640	120,459.000000
28.540283	0.640	121,675.000000
28.550950	0.640	126,336.000000
28.561617	0.640	135,306.000000
28.572283	0.640	147,971.000000
28.582950	0.640	167,106.000000
28.593617	0.640	203,034.000000
28.604283	0.640	262,086.000000
28.614950	0.640	317,942.000000
28.625617	0.640	320,730.000000
28.636283	0.640	258,466.000000
28.646950	0.640	175,063.000000
28.657617	0.640	114,438.000000
28.668283	0.640	82,854.000000
28.678950	0.640	66,292.000000
28.689617	0.640	54,858.000000
28.700283	0.640	46,368.000000
28.710950	0.640	44,982.000000
28.721617	0.640	58,885.000000
28.732283	0.640	78,372.000000
28.742950	0.640	75,234.000000
28.753617	0.640	47,426.000000
28.764283	0.640	23,521.000000
28.774950	0.640	16,858.000000
28.785617	0.640	16,856.000000
28.796283	0.640	15,371.000000
28.806950	0.640	13,580.000000
28.817617	0.640	12,354.000000
28.828283	0.640	10,787.000000
28.838950	0.640	9,343.000000
28.849617	0.640	8,925.000000
28.860283	0.640	9,553.000000
28.870950	0.640	10,168.000000
28.881617	0.640	9,240.000000
28.892283	0.640	7,177.000000
28.902950	0.640	6,430.000000
28.913617	0.640	7,573.000000
28.924283	0.640	8,285.000000
28.934950	0.640	7,148.000000
28.945617	0.640	5,579.000000
28.956283	0.640	5,034.000000
28.966950	0.640	4,734.000000
28.977617	0.640	3,785.000000
28.988283	0.640	2,549.000000
28.998950	0.640	1,367.000000
29.009617	0.640	375.000000
29.020283	0.640	-112.000000
29.030950	0.640	114.000000
29.041617	0.640	483.000000
29.052283	0.640	562.000000
29.062950	0.640	1,322.000000
29.073617	0.640	3,180.000000
29.084283	0.640	4,552.000000
29.094950	0.640	3,873.000000
29.105617	0.640	2,085.000000
29.116283	0.640	1,546.000000
29.126950	0.640	2,482.000000
29.137617	0.640	2,967.000000
29.148283	0.640	1,974.000000
29.158950	0.640	433.000000
29.169617	0.640	-486.000000
29.180283	0.640	-651.000000
29.190950	0.640	-426.000000
29.201617	0.640	7.000000
29.212283	0.640	582.000000
29.222950	0.640	1,187.000000
29.233617	0.640	1,559.000000
29.244283	0.640	1,120.000000
29.254950	0.640	71.000000
29.265617	0.640	-305.000000
29.276283	0.640	514.000000
29.286950	0.640	1,770.000000
29.297617	0.640	2,281.000000
29.308283	0.640	1,333.000000
29.318950	0.640	-285.000000
29.329617	0.640	-691.000000
29.340283	0.640	516.000000
29.350950	0.640	1,667.000000
29.361617	0.640	1,634.000000
29.372283	0.640	610.000000
29.382950	0.640	-231.000000
29.393617	0.640	243.000000
29.404283	0.640	813.000000
29.414950	0.640	-164.000000
29.425617	0.640	-1,714.000000
29.436283	0.640	-1,912.000000
29.446950	0.640	-653.000000
29.457617	0.640	-26.000000
29.468283	0.640	-1,230.000000
29.478950	0.640	-2,274.000000
29.489617	0.640	-1,414.000000
29.500283	0.640	-107.000000
29.510950	0.640	-98.000000
29.521617	0.640	-1,081.000000
29.532283	0.640	-2,295.000000
29.542950	0.640	-3,219.000000
29.553617	0.640	-2,660.000000
29.564283	0.640	-111.000000
29.574950	0.640	1,863.000000
29.585617	0.640	781.000000
29.596283	0.640	-1,552.000000
29.606950	0.640	-2,498.000000
29.617617	0.640	-2,458.000000
29.628283	0.640	-2,864.000000
29.638950	0.640	-3,720.000000
29.649617	0.640	-3,887.000000
29.660283	0.640	-2,660.000000
29.670950	0.640	-951.000000
29.681617	0.640	-352.000000
29.692283	0.640	-1,020.000000
29.702950	0.640	-1,965.000000
29.713617	0.640	-2,292.000000
29.724283	0.640	-1,439.000000
29.734950	0.640	-199.000000
29.745617	0.640	6.000000
29.756283	0.640	-451.000000
29.766950	0.640	-620.000000
29.777617	0.640	-974.000000
29.788283	0.640	-1,981.000000
29.798950	0.640	-3,110.000000
29.809617	0.640	-3,543.000000
29.820283	0.640	-2,826.000000
29.830950	0.640	-1,672.000000
29.841617	0.640	-883.000000
29.852283	0.640	-30.000000
29.862950	0.640	737.000000
29.873617	0.640	440.000000
29.884283	0.640	-613.000000
29.894950	0.640	-1,513.000000
29.905617	0.640	-2,003.000000
29.916283	0.640	-1,611.000000
29.926950	0.640	-26.000000
29.937617	0.640	1,464.000000
29.948283	0.640	1,248.000000
29.958950	0.640	-303.000000
29.969617	0.640	-1,395.000000
29.980283	0.640	-1,416.000000
29.990950	0.640	-1,585.000000
30.001617	0.640	-2,105.000000
