File Path	chrom://nnfcb-l0495/ChromeleonLocal/20180320_AA_Lars Nielsen samples Vienna_lbpet.seq/588.smp/Emission_1.channel/Emission_1.chm
Channel	Emission_1

Injection Information:
Data Vault	ChromeleonLocal
Injection	AAmix_50ug_mL_2
Injection Number	53
Position	RC2
Comment	
Processing Method	20171024_Calculated with IS_lbpet
Instrument Method	20161104_AA_GeminiC18_FinalVer7
Type	Calibration Standard
Status	Finished
Injection Date	21-03-2018
Injection Time	18:15:07
Injection Volume (µl)	56.500
Dilution Factor	1.0000
Weight	1.0000

Raw Data Information:
Time Min. (min)	0.003883
Time Max. (min)	30.001550
Data Points	2813
Detector	FLD
Exporting Data System	Chromeleon 7.1.2.1478
Operator	
Signal Quantity	
Signal Unit	counts
Signal Min.	-3,422.000000
Signal Max.	140,272,244.000000
Channel	Emission_1
Driver Name	FLD3000.dll
Channel Type	Evaluation
Min. Step (s)	0.636
Max. Step (s)	0.820
Average Step (s)	0.640

Signal Parameter Information:
Signal Info	340 nm /450 nm

Raw Data:
Time (min)	Step (s)	Value (counts)
0.003883	0.000	0.000000
0.017550	0.820	0.000000
0.028217	0.640	0.000000
0.038883	0.640	46.000000
0.049550	0.640	206.000000
0.060217	0.640	1,110.000000
0.070883	0.640	3,229.000000
0.081550	0.640	5,101.000000
0.092217	0.640	4,712.000000
0.102883	0.640	2,652.000000
0.113550	0.640	1,287.000000
0.124217	0.640	1,258.000000
0.134883	0.640	1,416.000000
0.145550	0.640	1,198.000000
0.156217	0.640	761.000000
0.166883	0.640	662.000000
0.177550	0.640	1,550.000000
0.188217	0.640	2,573.000000
0.198883	0.640	2,202.000000
0.209550	0.640	681.000000
0.220217	0.640	-98.000000
0.230883	0.640	790.000000
0.241550	0.640	1,830.000000
0.252217	0.640	1,788.000000
0.262883	0.640	1,739.000000
0.273550	0.640	2,503.000000
0.284217	0.640	2,788.000000
0.294883	0.640	1,727.000000
0.305550	0.640	837.000000
0.316217	0.640	863.000000
0.326883	0.640	355.000000
0.337550	0.640	-469.000000
0.348217	0.640	-222.000000
0.358883	0.640	299.000000
0.369550	0.640	546.000000
0.380217	0.640	1,330.000000
0.390883	0.640	1,863.000000
0.401550	0.640	960.000000
0.412217	0.640	-293.000000
0.422883	0.640	-195.000000
0.433550	0.640	1,044.000000
0.444217	0.640	2,053.000000
0.454883	0.640	2,333.000000
0.465550	0.640	2,267.000000
0.476217	0.640	2,570.000000
0.486883	0.640	3,417.000000
0.497550	0.640	3,640.000000
0.508217	0.640	2,636.000000
0.518883	0.640	1,176.000000
0.529550	0.640	247.000000
0.540217	0.640	1,032.000000
0.550883	0.640	3,007.000000
0.561550	0.640	3,015.000000
0.572217	0.640	238.000000
0.582883	0.640	-1,627.000000
0.593550	0.640	-438.000000
0.604217	0.640	1,418.000000
0.614883	0.640	1,683.000000
0.625550	0.640	887.000000
0.636217	0.640	373.000000
0.646883	0.640	403.000000
0.657550	0.640	291.000000
0.668217	0.640	122.000000
0.678883	0.640	693.000000
0.689550	0.640	1,087.000000
0.700217	0.640	-134.000000
0.710883	0.640	-1,638.000000
0.721550	0.640	-1,273.000000
0.732217	0.640	572.000000
0.742883	0.640	2,104.000000
0.753550	0.640	2,505.000000
0.764217	0.640	2,253.000000
0.774883	0.640	2,042.000000
0.785550	0.640	1,975.000000
0.796217	0.640	1,930.000000
0.806883	0.640	1,637.000000
0.817550	0.640	923.000000
0.828217	0.640	612.000000
0.838883	0.640	1,428.000000
0.849550	0.640	2,210.000000
0.860217	0.640	1,554.000000
0.870883	0.640	196.000000
0.881550	0.640	-623.000000
0.892217	0.640	-567.000000
0.902883	0.640	465.000000
0.913550	0.640	1,534.000000
0.924217	0.640	1,541.000000
0.934883	0.640	1,055.000000
0.945550	0.640	840.000000
0.956217	0.640	779.000000
0.966883	0.640	809.000000
0.977550	0.640	979.000000
0.988217	0.640	1,023.000000
0.998883	0.640	689.000000
1.009550	0.640	170.000000
1.020217	0.640	312.000000
1.030883	0.640	1,465.000000
1.041550	0.640	2,165.000000
1.052217	0.640	1,597.000000
1.062883	0.640	1,063.000000
1.073550	0.640	1,037.000000
1.084217	0.640	679.000000
1.094883	0.640	-333.000000
1.105550	0.640	-1,624.000000
1.116217	0.640	-2,173.000000
1.126883	0.640	-1,195.000000
1.137550	0.640	627.000000
1.148217	0.640	2,018.000000
1.158883	0.640	2,710.000000
1.169550	0.640	3,112.000000
1.180217	0.640	2,946.000000
1.190883	0.640	2,028.000000
1.201550	0.640	1,117.000000
1.212217	0.640	280.000000
1.222883	0.640	-740.000000
1.233550	0.640	-821.000000
1.244217	0.640	458.000000
1.254883	0.640	1,666.000000
1.265550	0.640	1,798.000000
1.276217	0.640	955.000000
1.286883	0.640	74.000000
1.297550	0.640	270.000000
1.308217	0.640	1,347.000000
1.318883	0.640	2,238.000000
1.329550	0.640	2,567.000000
1.340217	0.640	2,380.000000
1.350883	0.640	1,545.000000
1.361550	0.640	646.000000
1.372217	0.640	601.000000
1.382883	0.640	1,211.000000
1.393550	0.640	1,590.000000
1.404217	0.640	1,865.000000
1.414883	0.640	2,668.000000
1.425550	0.640	2,942.000000
1.436217	0.640	1,410.000000
1.446883	0.640	-738.000000
1.457550	0.640	-956.000000
1.468217	0.640	1,127.000000
1.478883	0.640	2,383.000000
1.489550	0.640	807.000000
1.500217	0.640	-1,146.000000
1.510883	0.640	-973.000000
1.521550	0.640	0.000000
1.532217	0.640	-230.000000
1.542883	0.640	-1,059.000000
1.553550	0.640	-1,108.000000
1.564217	0.640	-226.000000
1.574883	0.640	687.000000
1.585550	0.640	950.000000
1.596217	0.640	1,159.000000
1.606883	0.640	1,764.000000
1.617550	0.640	2,176.000000
1.628217	0.640	2,270.000000
1.638883	0.640	2,634.000000
1.649550	0.640	3,635.000000
1.660217	0.640	4,872.000000
1.670883	0.640	4,901.000000
1.681550	0.640	3,193.000000
1.692217	0.640	1,359.000000
1.702883	0.640	572.000000
1.713550	0.640	602.000000
1.724217	0.640	835.000000
1.734883	0.640	861.000000
1.745550	0.640	1,431.000000
1.756217	0.640	2,838.000000
1.766883	0.640	3,435.000000
1.777550	0.640	2,279.000000
1.788217	0.640	944.000000
1.798883	0.640	1,548.000000
1.809550	0.640	3,590.000000
1.820217	0.640	4,457.000000
1.830883	0.640	3,185.000000
1.841550	0.640	1,387.000000
1.852217	0.640	698.000000
1.862883	0.640	1,386.000000
1.873550	0.640	3,161.000000
1.884217	0.640	4,946.000000
1.894883	0.640	5,266.000000
1.905550	0.640	4,170.000000
1.916217	0.640	2,611.000000
1.926883	0.640	1,363.000000
1.937550	0.640	1,497.000000
1.948217	0.640	3,169.000000
1.958883	0.640	4,199.000000
1.969550	0.640	2,984.000000
1.980217	0.640	1,114.000000
1.990883	0.640	244.000000
2.001550	0.640	-71.000000
2.012217	0.640	-202.000000
2.022883	0.640	364.000000
2.033550	0.640	1,417.000000
2.044217	0.640	1,566.000000
2.054883	0.640	780.000000
2.065550	0.640	1,203.000000
2.076217	0.640	3,168.000000
2.086883	0.640	4,059.000000
2.097550	0.640	2,622.000000
2.108217	0.640	745.000000
2.118883	0.640	298.000000
2.129550	0.640	1,006.000000
2.140217	0.640	1,461.000000
2.150883	0.640	835.000000
2.161550	0.640	-6.000000
2.172217	0.640	138.000000
2.182883	0.640	721.000000
2.193550	0.640	818.000000
2.204217	0.640	1,261.000000
2.214883	0.640	4,061.000000
2.225550	0.640	9,344.000000
2.236217	0.640	13,523.000000
2.246883	0.640	13,558.000000
2.257550	0.640	11,553.000000
2.268217	0.640	11,377.000000
2.278883	0.640	12,713.000000
2.289550	0.640	12,205.000000
2.300217	0.640	8,902.000000
2.310883	0.640	5,018.000000
2.321550	0.640	2,722.000000
2.332217	0.640	2,389.000000
2.342883	0.640	2,964.000000
2.353550	0.640	3,154.000000
2.364217	0.640	2,884.000000
2.374883	0.640	3,038.000000
2.385550	0.640	3,754.000000
2.396217	0.640	4,673.000000
2.406883	0.640	5,276.000000
2.417550	0.640	4,685.000000
2.428217	0.640	3,372.000000
2.438883	0.640	2,547.000000
2.449550	0.640	2,242.000000
2.460217	0.640	2,629.000000
2.470883	0.640	3,586.000000
2.481550	0.640	3,890.000000
2.492217	0.640	3,620.000000
2.502883	0.640	3,943.000000
2.513550	0.640	4,740.000000
2.524217	0.640	4,712.000000
2.534883	0.640	3,457.000000
2.545550	0.640	2,301.000000
2.556217	0.640	2,186.000000
2.566883	0.640	2,467.000000
2.577550	0.640	2,591.000000
2.588217	0.640	2,972.000000
2.598883	0.640	3,218.000000
2.609550	0.640	2,094.000000
2.620217	0.640	350.000000
2.630883	0.640	31.000000
2.641550	0.640	938.000000
2.652217	0.640	1,179.000000
2.662883	0.640	622.000000
2.673550	0.640	1,171.000000
2.684217	0.640	3,272.000000
2.694883	0.640	5,082.000000
2.705550	0.640	6,126.000000
2.716217	0.640	8,983.000000
2.726883	0.640	15,572.000000
2.737550	0.640	22,637.000000
2.748217	0.640	24,365.000000
2.758883	0.640	19,783.000000
2.769550	0.640	13,625.000000
2.780217	0.640	10,121.000000
2.790883	0.640	8,840.000000
2.801550	0.640	7,259.000000
2.812217	0.640	5,715.000000
2.822883	0.640	6,182.000000
2.833550	0.640	7,003.000000
2.844217	0.640	5,076.000000
2.854883	0.640	1,494.000000
2.865550	0.640	-737.000000
2.876217	0.640	-665.000000
2.886883	0.640	1,087.000000
2.897550	0.640	3,212.000000
2.908217	0.640	4,220.000000
2.918883	0.640	3,242.000000
2.929550	0.640	1,235.000000
2.940217	0.640	507.000000
2.950883	0.640	2,076.000000
2.961550	0.640	4,985.000000
2.972217	0.640	8,632.000000
2.982883	0.640	14,775.000000
2.993550	0.640	25,350.000000
3.004217	0.640	41,226.000000
3.014883	0.640	67,783.000000
3.025550	0.640	118,001.000000
3.036217	0.640	210,642.000000
3.046883	0.640	375,841.000000
3.057550	0.640	672,306.000000
3.068217	0.640	1,220,446.000000
3.078883	0.640	2,261,872.000000
3.089550	0.640	4,241,141.000000
3.100217	0.640	7,808,316.000000
3.110883	0.640	13,532,710.000000
3.121550	0.640	21,326,451.000000
3.132217	0.640	29,992,725.000000
3.142883	0.640	37,433,491.000000
3.153550	0.640	41,656,635.000000
3.164217	0.640	41,922,263.000000
3.174883	0.640	39,049,762.000000
3.185550	0.640	34,724,899.000000
3.196217	0.640	30,499,349.000000
3.206883	0.640	27,170,055.000000
3.217550	0.640	24,805,040.000000
3.228217	0.640	23,158,102.000000
3.238883	0.640	21,966,623.000000
3.249550	0.640	20,997,178.000000
3.260217	0.640	20,021,901.000000
3.270883	0.640	18,818,881.000000
3.281550	0.640	17,231,743.000000
3.292217	0.640	15,245,308.000000
3.302883	0.640	12,970,003.000000
3.313550	0.640	10,564,918.000000
3.324217	0.640	8,201,146.000000
3.334883	0.640	6,062,858.000000
3.345550	0.640	4,298,656.000000
3.356217	0.640	2,952,846.000000
3.366883	0.640	1,977,365.000000
3.377550	0.640	1,294,214.000000
3.388217	0.640	834,485.000000
3.398883	0.640	539,844.000000
3.409550	0.640	355,301.000000
3.420217	0.640	237,124.000000
3.430883	0.640	160,236.000000
3.441550	0.640	111,425.000000
3.452217	0.640	80,020.000000
3.462883	0.640	57,541.000000
3.473550	0.640	41,224.000000
3.484217	0.640	31,500.000000
3.494883	0.640	26,342.000000
3.505550	0.640	21,573.000000
3.516217	0.640	16,636.000000
3.526883	0.640	14,240.000000
3.537550	0.640	13,727.000000
3.548217	0.640	12,064.000000
3.558883	0.640	9,708.000000
3.569550	0.640	8,871.000000
3.580217	0.640	9,016.000000
3.590883	0.640	8,525.000000
3.601550	0.640	7,781.000000
3.612217	0.640	7,559.000000
3.622883	0.640	7,264.000000
3.633550	0.640	6,838.000000
3.644217	0.640	7,148.000000
3.654883	0.640	7,881.000000
3.665550	0.640	8,005.000000
3.676217	0.640	6,991.000000
3.686883	0.640	5,477.000000
3.697550	0.640	5,180.000000
3.708217	0.640	5,945.000000
3.718883	0.640	6,034.000000
3.729550	0.640	5,671.000000
3.740217	0.640	5,949.000000
3.750883	0.640	6,673.000000
3.761550	0.640	6,873.000000
3.772217	0.640	6,010.000000
3.782883	0.640	5,154.000000
3.793550	0.640	5,919.000000
3.804217	0.640	8,549.000000
3.814883	0.640	12,597.000000
3.825550	0.640	17,941.000000
3.836217	0.640	23,972.000000
3.846883	0.640	28,702.000000
3.857550	0.640	30,153.000000
3.868217	0.640	29,237.000000
3.878883	0.640	28,634.000000
3.889550	0.640	28,880.000000
3.900217	0.640	28,554.000000
3.910883	0.640	26,519.000000
3.921550	0.640	22,775.000000
3.932217	0.640	18,371.000000
3.942883	0.640	14,554.000000
3.953550	0.640	12,228.000000
3.964217	0.640	11,079.000000
3.974883	0.640	9,594.000000
3.985550	0.640	7,372.000000
3.996217	0.640	5,650.000000
4.006883	0.640	5,074.000000
4.017550	0.640	4,923.000000
4.028217	0.640	4,555.000000
4.038883	0.640	4,122.000000
4.049550	0.640	4,045.000000
4.060217	0.640	4,344.000000
4.070883	0.640	4,603.000000
4.081550	0.640	4,347.000000
4.092217	0.640	3,340.000000
4.102883	0.640	2,782.000000
4.113550	0.640	4,622.000000
4.124217	0.640	8,871.000000
4.134883	0.640	13,110.000000
4.145550	0.640	14,426.000000
4.156217	0.640	12,678.000000
4.166883	0.640	11,024.000000
4.177550	0.640	11,672.000000
4.188217	0.640	12,772.000000
4.198883	0.640	11,463.000000
4.209550	0.640	8,740.000000
4.220217	0.640	7,663.000000
4.230883	0.640	7,994.000000
4.241550	0.640	7,331.000000
4.252217	0.640	5,669.000000
4.262883	0.640	5,089.000000
4.273550	0.640	6,248.000000
4.284217	0.640	7,243.000000
4.294883	0.640	6,746.000000
4.305550	0.640	6,102.000000
4.316217	0.640	7,259.000000
4.326883	0.640	10,730.000000
4.337550	0.640	14,468.000000
4.348217	0.640	15,661.000000
4.358883	0.640	14,881.000000
4.369550	0.640	14,713.000000
4.380217	0.640	15,287.000000
4.390883	0.640	15,049.000000
4.401550	0.640	14,041.000000
4.412217	0.640	13,749.000000
4.422883	0.640	14,640.000000
4.433550	0.640	15,587.000000
4.444217	0.640	15,801.000000
4.454883	0.640	15,063.000000
4.465550	0.640	12,862.000000
4.476217	0.640	9,841.000000
4.486883	0.640	7,618.000000
4.497550	0.640	6,745.000000
4.508217	0.640	7,352.000000
4.518883	0.640	9,256.000000
4.529550	0.640	10,902.000000
4.540217	0.640	12,011.000000
4.550883	0.640	15,468.000000
4.561550	0.640	24,024.000000
4.572217	0.640	39,553.000000
4.582883	0.640	67,702.000000
4.593550	0.640	120,470.000000
4.604217	0.640	217,153.000000
4.614883	0.640	389,454.000000
4.625550	0.640	687,915.000000
4.636217	0.640	1,188,939.000000
4.646883	0.640	2,017,326.000000
4.657550	0.640	3,416,095.000000
4.668217	0.640	5,935,055.000000
4.678883	0.640	10,740,250.000000
4.689550	0.640	19,697,186.000000
4.700217	0.640	34,465,706.000000
4.710883	0.640	54,166,189.000000
4.721550	0.640	73,344,172.000000
4.732217	0.640	83,713,808.000000
4.742883	0.640	79,839,144.000000
4.753550	0.640	63,585,259.000000
4.764217	0.640	42,705,399.000000
4.774883	0.640	24,995,438.000000
4.785550	0.640	13,728,646.000000
4.796217	0.640	7,829,380.000000
4.806883	0.640	4,850,875.000000
4.817550	0.640	3,126,384.000000
4.828217	0.640	2,000,361.000000
4.838883	0.640	1,261,753.000000
4.849550	0.640	788,236.000000
4.860217	0.640	488,988.000000
4.870883	0.640	307,713.000000
4.881550	0.640	203,039.000000
4.892217	0.640	140,271.000000
4.902883	0.640	99,043.000000
4.913550	0.640	71,987.000000
4.924217	0.640	54,927.000000
4.934883	0.640	44,236.000000
4.945550	0.640	38,544.000000
4.956217	0.640	36,405.000000
4.966883	0.640	34,564.000000
4.977550	0.640	31,017.000000
4.988217	0.640	27,293.000000
4.998883	0.640	24,823.000000
5.009550	0.640	21,969.000000
5.020217	0.640	18,359.000000
5.030883	0.640	16,807.000000
5.041550	0.640	17,616.000000
5.052217	0.640	17,896.000000
5.062883	0.640	16,803.000000
5.073550	0.640	15,269.000000
5.084217	0.640	13,702.000000
5.094883	0.640	12,927.000000
5.105550	0.640	13,402.000000
5.116217	0.640	14,042.000000
5.126883	0.640	14,001.000000
5.137550	0.640	13,378.000000
5.148217	0.640	12,072.000000
5.158883	0.640	9,911.000000
5.169550	0.640	7,813.000000
5.180217	0.640	7,792.000000
5.190883	0.640	10,098.000000
5.201550	0.640	11,347.000000
5.212217	0.640	9,433.000000
5.222883	0.640	7,647.000000
5.233550	0.640	8,489.000000
5.244217	0.640	9,243.000000
5.254883	0.640	8,455.000000
5.265550	0.640	8,162.000000
5.276217	0.640	8,709.000000
5.286883	0.640	8,888.000000
5.297550	0.640	8,424.000000
5.308217	0.640	7,439.000000
5.318883	0.640	6,357.000000
5.329550	0.640	5,945.000000
5.340217	0.640	6,601.000000
5.350883	0.640	7,780.000000
5.361550	0.640	8,337.000000
5.372217	0.640	8,060.000000
5.382883	0.640	8,078.000000
5.393550	0.640	8,929.000000
5.404217	0.640	9,551.000000
5.414883	0.640	9,035.000000
5.425550	0.640	8,032.000000
5.436217	0.640	7,958.000000
5.446883	0.640	9,105.000000
5.457550	0.640	10,216.000000
5.468217	0.640	10,500.000000
5.478883	0.640	10,835.000000
5.489550	0.640	12,567.000000
5.500217	0.640	15,596.000000
5.510883	0.640	19,004.000000
5.521550	0.640	23,701.000000
5.532217	0.640	31,595.000000
5.542883	0.640	43,254.000000
5.553550	0.640	58,250.000000
5.564217	0.640	74,834.000000
5.574883	0.640	89,272.000000
5.585550	0.640	97,643.000000
5.596217	0.640	97,737.000000
5.606883	0.640	90,181.000000
5.617550	0.640	78,616.000000
5.628217	0.640	67,232.000000
5.638883	0.640	58,081.000000
5.649550	0.640	50,267.000000
5.660217	0.640	41,398.000000
5.670883	0.640	31,058.000000
5.681550	0.640	22,002.000000
5.692217	0.640	17,056.000000
5.702883	0.640	15,535.000000
5.713550	0.640	14,323.000000
5.724217	0.640	12,293.000000
5.734883	0.640	10,438.000000
5.745550	0.640	8,907.000000
5.756217	0.640	7,508.000000
5.766883	0.640	6,669.000000
5.777550	0.640	6,752.000000
5.788217	0.640	7,934.000000
5.798883	0.640	9,143.000000
5.809550	0.640	8,745.000000
5.820217	0.640	7,301.000000
5.830883	0.640	6,480.000000
5.841550	0.640	6,536.000000
5.852217	0.640	6,595.000000
5.862883	0.640	6,238.000000
5.873550	0.640	6,176.000000
5.884217	0.640	6,788.000000
5.894883	0.640	7,409.000000
5.905550	0.640	8,170.000000
5.916217	0.640	9,547.000000
5.926883	0.640	10,783.000000
5.937550	0.640	11,962.000000
5.948217	0.640	13,871.000000
5.958883	0.640	14,923.000000
5.969550	0.640	13,150.000000
5.980217	0.640	9,776.000000
5.990883	0.640	7,773.000000
6.001550	0.640	8,205.000000
6.012217	0.640	9,306.000000
6.022883	0.640	9,607.000000
6.033550	0.640	9,375.000000
6.044217	0.640	8,658.000000
6.054883	0.640	7,610.000000
6.065550	0.640	6,792.000000
6.076217	0.640	6,442.000000
6.086883	0.640	7,417.000000
6.097550	0.640	10,425.000000
6.108217	0.640	14,563.000000
6.118883	0.640	18,927.000000
6.129550	0.640	25,467.000000
6.140217	0.640	37,726.000000
6.150883	0.640	54,506.000000
6.161550	0.640	68,446.000000
6.172217	0.640	73,797.000000
6.182883	0.640	71,212.000000
6.193550	0.640	63,547.000000
6.204217	0.640	52,890.000000
6.214883	0.640	41,917.000000
6.225550	0.640	32,722.000000
6.236217	0.640	25,881.000000
6.246883	0.640	22,921.000000
6.257550	0.640	25,911.000000
6.268217	0.640	34,792.000000
6.278883	0.640	50,177.000000
6.289550	0.640	78,311.000000
6.300217	0.640	129,571.000000
6.310883	0.640	215,359.000000
6.321550	0.640	352,935.000000
6.332217	0.640	570,066.000000
6.342883	0.640	904,442.000000
6.353550	0.640	1,421,141.000000
6.364217	0.640	2,261,448.000000
6.374883	0.640	3,702,616.000000
6.385550	0.640	6,188,859.000000
6.396217	0.640	10,246,951.000000
6.406883	0.640	16,189,645.000000
6.417550	0.640	23,639,183.000000
6.428217	0.640	31,204,234.000000
6.438883	0.640	36,814,010.000000
6.449550	0.640	38,698,732.000000
6.460217	0.640	36,327,395.000000
6.470883	0.640	30,616,281.000000
6.481550	0.640	23,330,241.000000
6.492217	0.640	16,231,697.000000
6.502883	0.640	10,474,301.000000
6.513550	0.640	6,403,247.000000
6.524217	0.640	3,787,956.000000
6.534883	0.640	2,214,601.000000
6.545550	0.640	1,308,948.000000
6.556217	0.640	792,866.000000
6.566883	0.640	491,506.000000
6.577550	0.640	311,176.000000
6.588217	0.640	200,853.000000
6.598883	0.640	130,581.000000
6.609550	0.640	85,699.000000
6.620217	0.640	59,160.000000
6.630883	0.640	43,994.000000
6.641550	0.640	34,370.000000
6.652217	0.640	28,465.000000
6.662883	0.640	25,700.000000
6.673550	0.640	24,195.000000
6.684217	0.640	22,851.000000
6.694883	0.640	22,617.000000
6.705550	0.640	23,655.000000
6.716217	0.640	24,345.000000
6.726883	0.640	24,131.000000
6.737550	0.640	23,692.000000
6.748217	0.640	23,001.000000
6.758883	0.640	21,912.000000
6.769550	0.640	20,791.000000
6.780217	0.640	20,096.000000
6.790883	0.640	20,665.000000
6.801550	0.640	23,306.000000
6.812217	0.640	28,020.000000
6.822883	0.640	35,056.000000
6.833550	0.640	46,076.000000
6.844217	0.640	62,210.000000
6.854883	0.640	81,214.000000
6.865550	0.640	98,229.000000
6.876217	0.640	109,076.000000
6.886883	0.640	111,758.000000
6.897550	0.640	106,405.000000
6.908217	0.640	95,565.000000
6.918883	0.640	82,360.000000
6.929550	0.640	68,448.000000
6.940217	0.640	55,788.000000
6.950883	0.640	47,014.000000
6.961550	0.640	42,941.000000
6.972217	0.640	42,565.000000
6.982883	0.640	43,769.000000
6.993550	0.640	43,034.000000
7.004217	0.640	37,915.000000
7.014883	0.640	29,868.000000
7.025550	0.640	22,391.000000
7.036217	0.640	17,195.000000
7.046883	0.640	13,357.000000
7.057550	0.640	10,096.000000
7.068217	0.640	8,334.000000
7.078883	0.640	8,380.000000
7.089550	0.640	9,142.000000
7.100217	0.640	10,124.000000
7.110883	0.640	11,810.000000
7.121550	0.640	13,915.000000
7.132217	0.640	14,500.000000
7.142883	0.640	13,015.000000
7.153550	0.640	11,901.000000
7.164217	0.640	12,388.000000
7.174883	0.640	12,746.000000
7.185550	0.640	11,708.000000
7.196217	0.640	10,654.000000
7.206883	0.640	11,296.000000
7.217550	0.640	12,387.000000
7.228217	0.640	11,882.000000
7.238883	0.640	10,548.000000
7.249550	0.640	9,979.000000
7.260217	0.640	9,701.000000
7.270883	0.640	9,075.000000
7.281550	0.640	9,297.000000
7.292217	0.640	10,484.000000
7.302883	0.640	10,724.000000
7.313550	0.640	9,482.000000
7.324217	0.640	7,835.000000
7.334883	0.640	7,005.000000
7.345550	0.640	7,432.000000
7.356217	0.640	7,943.000000
7.366883	0.640	8,091.000000
7.377550	0.640	8,800.000000
7.388217	0.640	9,583.000000
7.398883	0.640	9,486.000000
7.409550	0.640	9,042.000000
7.420217	0.640	8,797.000000
7.430883	0.640	8,726.000000
7.441550	0.640	8,826.000000
7.452217	0.640	8,992.000000
7.462883	0.640	9,529.000000
7.473550	0.640	10,417.000000
7.484217	0.640	10,624.000000
7.494883	0.640	10,271.000000
7.505550	0.640	10,396.000000
7.516217	0.640	10,303.000000
7.526883	0.640	9,039.000000
7.537550	0.640	7,945.000000
7.548217	0.640	8,588.000000
7.558883	0.640	10,092.000000
7.569550	0.640	10,410.000000
7.580217	0.640	9,495.000000
7.590883	0.640	9,403.000000
7.601550	0.640	10,991.000000
7.612217	0.640	12,793.000000
7.622883	0.640	13,014.000000
7.633550	0.640	11,623.000000
7.644217	0.640	10,070.000000
7.654883	0.640	9,175.000000
7.665550	0.640	9,094.000000
7.676217	0.640	9,846.000000
7.686883	0.640	10,941.000000
7.697550	0.640	12,395.000000
7.708217	0.640	14,902.000000
7.718883	0.640	18,814.000000
7.729550	0.640	25,669.000000
7.740217	0.640	39,655.000000
7.750883	0.640	65,712.000000
7.761550	0.640	109,129.000000
7.772217	0.640	180,775.000000
7.782883	0.640	301,665.000000
7.793550	0.640	499,798.000000
7.804217	0.640	811,116.000000
7.814883	0.640	1,293,594.000000
7.825550	0.640	2,036,910.000000
7.836217	0.640	3,174,244.000000
7.846883	0.640	4,941,878.000000
7.857550	0.640	7,811,398.000000
7.868217	0.640	12,631,240.000000
7.878883	0.640	20,571,397.000000
7.889550	0.640	32,598,183.000000
7.900217	0.640	48,432,973.000000
7.910883	0.640	65,583,212.000000
7.921550	0.640	79,535,875.000000
7.932217	0.640	85,614,034.000000
7.942883	0.640	81,523,387.000000
7.953550	0.640	68,741,672.000000
7.964217	0.640	51,626,192.000000
7.974883	0.640	34,931,145.000000
7.985550	0.640	21,679,684.000000
7.996217	0.640	12,670,541.000000
8.006883	0.640	7,228,805.000000
8.017550	0.640	4,176,686.000000
8.028217	0.640	2,484,319.000000
8.038883	0.640	1,511,787.000000
8.049550	0.640	938,061.000000
8.060217	0.640	597,054.000000
8.070883	0.640	390,321.000000
8.081550	0.640	261,461.000000
8.092217	0.640	178,568.000000
8.102883	0.640	125,781.000000
8.113550	0.640	95,405.000000
8.124217	0.640	78,285.000000
8.134883	0.640	66,436.000000
8.145550	0.640	58,158.000000
8.156217	0.640	53,822.000000
8.166883	0.640	50,795.000000
8.177550	0.640	45,784.000000
8.188217	0.640	39,227.000000
8.198883	0.640	34,078.000000
8.209550	0.640	31,907.000000
8.220217	0.640	32,226.000000
8.230883	0.640	33,447.000000
8.241550	0.640	33,508.000000
8.252217	0.640	31,717.000000
8.262883	0.640	29,521.000000
8.273550	0.640	28,210.000000
8.284217	0.640	26,888.000000
8.294883	0.640	24,317.000000
8.305550	0.640	21,849.000000
8.316217	0.640	21,126.000000
8.326883	0.640	21,188.000000
8.337550	0.640	20,686.000000
8.348217	0.640	19,502.000000
8.358883	0.640	17,849.000000
8.369550	0.640	15,638.000000
8.380217	0.640	13,368.000000
8.390883	0.640	12,409.000000
8.401550	0.640	12,770.000000
8.412217	0.640	13,448.000000
8.422883	0.640	14,131.000000
8.433550	0.640	14,533.000000
8.444217	0.640	14,233.000000
8.454883	0.640	12,951.000000
8.465550	0.640	11,944.000000
8.476217	0.640	13,477.000000
8.486883	0.640	16,466.000000
8.497550	0.640	18,049.000000
8.508217	0.640	18,871.000000
8.518883	0.640	21,703.000000
8.529550	0.640	27,651.000000
8.540217	0.640	36,746.000000
8.550883	0.640	52,295.000000
8.561550	0.640	82,357.000000
8.572217	0.640	135,029.000000
8.582883	0.640	217,586.000000
8.593550	0.640	343,652.000000
8.604217	0.640	539,947.000000
8.614883	0.640	848,351.000000
8.625550	0.640	1,323,989.000000
8.636217	0.640	2,039,996.000000
8.646883	0.640	3,108,638.000000
8.657550	0.640	4,713,147.000000
8.668217	0.640	7,168,006.000000
8.678883	0.640	11,034,585.000000
8.689550	0.640	17,206,419.000000
8.700217	0.640	26,781,111.000000
8.710883	0.640	40,500,885.000000
8.721550	0.640	57,758,288.000000
8.732217	0.640	75,876,781.000000
8.742883	0.640	90,521,711.000000
8.753550	0.640	97,308,804.000000
8.764217	0.640	93,929,350.000000
8.774883	0.640	81,446,985.000000
8.785550	0.640	63,680,065.000000
8.796217	0.640	45,213,769.000000
8.806883	0.640	29,508,257.000000
8.817550	0.640	18,044,611.000000
8.828217	0.640	10,610,457.000000
8.838883	0.640	6,171,761.000000
8.849550	0.640	3,635,395.000000
8.860217	0.640	2,197,008.000000
8.870883	0.640	1,364,933.000000
8.881550	0.640	869,350.000000
8.892217	0.640	567,551.000000
8.902883	0.640	378,489.000000
8.913550	0.640	257,656.000000
8.924217	0.640	183,632.000000
8.934883	0.640	141,035.000000
8.945550	0.640	114,579.000000
8.956217	0.640	94,232.000000
8.966883	0.640	77,777.000000
8.977550	0.640	66,206.000000
8.988217	0.640	58,851.000000
8.998883	0.640	53,137.000000
9.009550	0.640	47,150.000000
9.020217	0.640	41,784.000000
9.030883	0.640	38,919.000000
9.041550	0.640	37,969.000000
9.052217	0.640	36,664.000000
9.062883	0.640	34,481.000000
9.073550	0.640	33,026.000000
9.084217	0.640	32,871.000000
9.094883	0.640	32,363.000000
9.105550	0.640	30,304.000000
9.116217	0.640	27,897.000000
9.126883	0.640	27,073.000000
9.137550	0.640	27,645.000000
9.148217	0.640	27,900.000000
9.158950	0.644	27,474.000000
9.169550	0.636	27,801.000000
9.180217	0.640	29,690.000000
9.190883	0.640	31,563.000000
9.201550	0.640	31,303.000000
9.212217	0.640	28,865.000000
9.222883	0.640	26,714.000000
9.233550	0.640	26,968.000000
9.244217	0.640	27,912.000000
9.254883	0.640	26,903.000000
9.265550	0.640	24,486.000000
9.276217	0.640	22,119.000000
9.286883	0.640	20,210.000000
9.297550	0.640	19,050.000000
9.308217	0.640	18,686.000000
9.318883	0.640	18,900.000000
9.329550	0.640	19,501.000000
9.340217	0.640	20,306.000000
9.350883	0.640	21,433.000000
9.361550	0.640	22,323.000000
9.372217	0.640	21,724.000000
9.382883	0.640	20,299.000000
9.393550	0.640	19,889.000000
9.404217	0.640	20,382.000000
9.414883	0.640	20,968.000000
9.425550	0.640	21,747.000000
9.436217	0.640	22,331.000000
9.446883	0.640	22,397.000000
9.457550	0.640	22,941.000000
9.468217	0.640	25,101.000000
9.478883	0.640	29,350.000000
9.489550	0.640	36,499.000000
9.500217	0.640	49,020.000000
9.510883	0.640	71,171.000000
9.521550	0.640	108,967.000000
9.532217	0.640	171,198.000000
9.542883	0.640	270,885.000000
9.553550	0.640	427,579.000000
9.564217	0.640	666,464.000000
9.574883	0.640	1,019,955.000000
9.585550	0.640	1,541,990.000000
9.596217	0.640	2,317,766.000000
9.606883	0.640	3,480,471.000000
9.617550	0.640	5,281,584.000000
9.628217	0.640	8,198,730.000000
9.638883	0.640	13,017,196.000000
9.649550	0.640	20,735,063.000000
9.660217	0.640	32,044,623.000000
9.670883	0.640	46,411,262.000000
9.681550	0.640	61,356,036.000000
9.692217	0.640	72,830,806.000000
9.702883	0.640	76,908,218.000000
9.713550	0.640	71,901,400.000000
9.724217	0.640	59,503,966.000000
9.734883	0.640	43,853,135.000000
9.745550	0.640	29,129,975.000000
9.756217	0.640	17,783,860.000000
9.766883	0.640	10,302,638.000000
9.777550	0.640	5,906,391.000000
9.788217	0.640	3,464,374.000000
9.798883	0.640	2,104,256.000000
9.809550	0.640	1,319,789.000000
9.820217	0.640	848,257.000000
9.830883	0.640	557,664.000000
9.841550	0.640	376,122.000000
9.852217	0.640	260,567.000000
9.862883	0.640	188,281.000000
9.873550	0.640	146,414.000000
9.884217	0.640	126,526.000000
9.894883	0.640	125,044.000000
9.905550	0.640	140,157.000000
9.916217	0.640	172,645.000000
9.926883	0.640	230,254.000000
9.937550	0.640	326,660.000000
9.948217	0.640	478,671.000000
9.958883	0.640	708,541.000000
9.969550	0.640	1,051,116.000000
9.980217	0.640	1,565,248.000000
9.990883	0.640	2,361,698.000000
10.001550	0.640	3,651,499.000000
10.012217	0.640	5,770,543.000000
10.022883	0.640	9,099,738.000000
10.033550	0.640	13,819,864.000000
10.044217	0.640	19,561,640.000000
10.054883	0.640	25,200,642.000000
10.065550	0.640	29,099,398.000000
10.076217	0.640	29,855,277.000000
10.086883	0.640	27,124,255.000000
10.097550	0.640	21,849,610.000000
10.108217	0.640	15,701,774.000000
10.118883	0.640	10,203,570.000000
10.129550	0.640	6,147,133.000000
10.140217	0.640	3,566,757.000000
10.150883	0.640	2,084,946.000000
10.161550	0.640	1,272,634.000000
10.172217	0.640	826,440.000000
10.182883	0.640	574,611.000000
10.193550	0.640	424,756.000000
10.204217	0.640	330,132.000000
10.214883	0.640	269,469.000000
10.225550	0.640	230,628.000000
10.236217	0.640	204,015.000000
10.246883	0.640	183,576.000000
10.257550	0.640	165,350.000000
10.268217	0.640	145,913.000000
10.278883	0.640	126,523.000000
10.289550	0.640	110,074.000000
10.300217	0.640	95,654.000000
10.310883	0.640	84,178.000000
10.321550	0.640	78,067.000000
10.332217	0.640	74,624.000000
10.342883	0.640	71,838.000000
10.353550	0.640	72,844.000000
10.364217	0.640	78,221.000000
10.374883	0.640	85,430.000000
10.385550	0.640	95,647.000000
10.396217	0.640	109,874.000000
10.406883	0.640	122,272.000000
10.417550	0.640	125,416.000000
10.428217	0.640	118,031.000000
10.438883	0.640	104,450.000000
10.449550	0.640	89,438.000000
10.460217	0.640	76,005.000000
10.470883	0.640	66,511.000000
10.481550	0.640	61,665.000000
10.492217	0.640	59,816.000000
10.502883	0.640	58,927.000000
10.513550	0.640	57,805.000000
10.524217	0.640	56,446.000000
10.534883	0.640	55,187.000000
10.545550	0.640	53,867.000000
10.556217	0.640	53,125.000000
10.566883	0.640	53,979.000000
10.577550	0.640	55,742.000000
10.588217	0.640	56,630.000000
10.598883	0.640	55,611.000000
10.609550	0.640	53,481.000000
10.620217	0.640	52,454.000000
10.630883	0.640	53,577.000000
10.641550	0.640	55,558.000000
10.652217	0.640	56,861.000000
10.662883	0.640	56,904.000000
10.673550	0.640	56,128.000000
10.684217	0.640	57,227.000000
10.694883	0.640	61,789.000000
10.705550	0.640	65,751.000000
10.716217	0.640	65,584.000000
10.726883	0.640	64,029.000000
10.737550	0.640	63,623.000000
10.748217	0.640	63,155.000000
10.758883	0.640	61,996.000000
10.769550	0.640	60,354.000000
10.780217	0.640	57,971.000000
10.790883	0.640	55,793.000000
10.801550	0.640	55,124.000000
10.812217	0.640	55,557.000000
10.822883	0.640	56,658.000000
10.833550	0.640	59,389.000000
10.844217	0.640	64,039.000000
10.854883	0.640	70,340.000000
10.865550	0.640	80,521.000000
10.876217	0.640	99,512.000000
10.886883	0.640	132,638.000000
10.897550	0.640	186,447.000000
10.908217	0.640	272,558.000000
10.918883	0.640	411,490.000000
10.929550	0.640	635,795.000000
10.940217	0.640	987,845.000000
10.950883	0.640	1,520,539.000000
10.961550	0.640	2,313,977.000000
10.972217	0.640	3,492,132.000000
10.982883	0.640	5,232,735.000000
10.993550	0.640	7,816,680.000000
11.004217	0.640	11,763,256.000000
11.014883	0.640	17,991,014.000000
11.025550	0.640	27,835,412.000000
11.036217	0.640	42,743,707.000000
11.046883	0.640	63,430,138.000000
11.057550	0.640	88,564,446.000000
11.068217	0.640	113,922,320.000000
11.078883	0.640	133,134,946.000000
11.089550	0.640	140,272,244.000000
11.100217	0.640	132,983,999.000000
11.110883	0.640	113,743,120.000000
11.121550	0.640	88,216,243.000000
11.132217	0.640	62,469,513.000000
11.142883	0.640	40,846,553.000000
11.153550	0.640	25,137,349.000000
11.164217	0.640	15,002,055.000000
11.174883	0.640	9,055,508.000000
11.185550	0.640	5,813,640.000000
11.196217	0.640	4,160,349.000000
11.206883	0.640	3,442,965.000000
11.217550	0.640	3,353,979.000000
11.228217	0.640	3,769,004.000000
11.238883	0.640	4,701,804.000000
11.249550	0.640	6,326,455.000000
11.260217	0.640	9,021,727.000000
11.270883	0.640	13,439,494.000000
11.281550	0.640	20,400,565.000000
11.292217	0.640	30,486,490.000000
11.302883	0.640	43,427,672.000000
11.313550	0.640	57,529,358.000000
11.324217	0.640	69,632,209.000000
11.334883	0.640	76,150,236.000000
11.345550	0.640	74,888,422.000000
11.356217	0.640	66,264,512.000000
11.366883	0.640	52,952,128.000000
11.377550	0.640	38,431,576.000000
11.388217	0.640	25,560,751.000000
11.398883	0.640	15,826,919.000000
11.409550	0.640	9,365,457.000000
11.420217	0.640	5,483,345.000000
11.430883	0.640	3,271,254.000000
11.441550	0.640	2,007,695.000000
11.452217	0.640	1,269,300.000000
11.462883	0.640	832,881.000000
11.473550	0.640	569,255.000000
11.484217	0.640	407,457.000000
11.494883	0.640	308,974.000000
11.505550	0.640	247,986.000000
11.516217	0.640	209,055.000000
11.526883	0.640	182,984.000000
11.537550	0.640	165,250.000000
11.548217	0.640	154,820.000000
11.558883	0.640	148,660.000000
11.569550	0.640	143,086.000000
11.580217	0.640	137,513.000000
11.590883	0.640	132,576.000000
11.601550	0.640	127,506.000000
11.612217	0.640	121,583.000000
11.622883	0.640	116,329.000000
11.633550	0.640	113,244.000000
11.644217	0.640	112,070.000000
11.654883	0.640	112,000.000000
11.665550	0.640	112,080.000000
11.676217	0.640	112,161.000000
11.686883	0.640	112,980.000000
11.697550	0.640	114,650.000000
11.708217	0.640	117,061.000000
11.718883	0.640	120,673.000000
11.729550	0.640	126,577.000000
11.740217	0.640	135,782.000000
11.750883	0.640	147,258.000000
11.761550	0.640	159,728.000000
11.772217	0.640	175,207.000000
11.782883	0.640	197,317.000000
11.793550	0.640	230,130.000000
11.804217	0.640	282,106.000000
11.814883	0.640	367,689.000000
11.825550	0.640	504,771.000000
11.836217	0.640	716,264.000000
11.846883	0.640	1,034,196.000000
11.857550	0.640	1,486,715.000000
11.868217	0.640	2,070,384.000000
11.878883	0.640	2,751,979.000000
11.889550	0.640	3,515,878.000000
11.900217	0.640	4,425,521.000000
11.910883	0.640	5,688,043.000000
11.921550	0.640	7,716,767.000000
11.932217	0.640	11,165,583.000000
11.942883	0.640	16,881,589.000000
11.953550	0.640	25,599,935.000000
11.964217	0.640	37,291,125.000000
11.974883	0.640	50,477,198.000000
11.985550	0.640	62,105,090.000000
11.996217	0.640	68,520,380.000000
12.006883	0.640	67,330,026.000000
12.017550	0.640	58,827,805.000000
12.028217	0.640	45,812,981.000000
12.038883	0.640	32,028,967.000000
12.049550	0.640	20,412,602.000000
12.060217	0.640	12,187,007.000000
12.070883	0.640	7,074,100.000000
12.081550	0.640	4,144,866.000000
12.092217	0.640	2,523,750.000000
12.102883	0.640	1,616,140.000000
12.113550	0.640	1,079,205.000000
12.124217	0.640	743,049.000000
12.134883	0.640	528,890.000000
12.145550	0.640	394,339.000000
12.156217	0.640	309,929.000000
12.166883	0.640	253,331.000000
12.177550	0.640	212,747.000000
12.188217	0.640	185,452.000000
12.198883	0.640	168,619.000000
12.209550	0.640	156,487.000000
12.220217	0.640	146,355.000000
12.230883	0.640	139,984.000000
12.241550	0.640	137,129.000000
12.252217	0.640	134,129.000000
12.262883	0.640	129,486.000000
12.273550	0.640	124,568.000000
12.284217	0.640	121,130.000000
12.294883	0.640	120,235.000000
12.305550	0.640	120,096.000000
12.316217	0.640	118,084.000000
12.326883	0.640	115,484.000000
12.337550	0.640	115,265.000000
12.348217	0.640	117,478.000000
12.358883	0.640	119,594.000000
12.369550	0.640	120,362.000000
12.380217	0.640	121,768.000000
12.390883	0.640	124,781.000000
12.401550	0.640	127,960.000000
12.412217	0.640	132,338.000000
12.422883	0.640	138,424.000000
12.433550	0.640	141,822.000000
12.444217	0.640	140,986.000000
12.454883	0.640	141,318.000000
12.465550	0.640	146,441.000000
12.476217	0.640	152,839.000000
12.486883	0.640	157,105.000000
12.497550	0.640	161,439.000000
12.508217	0.640	167,121.000000
12.518883	0.640	171,510.000000
12.529550	0.640	173,885.000000
12.540217	0.640	176,434.000000
12.550883	0.640	179,993.000000
12.561550	0.640	183,170.000000
12.572217	0.640	184,867.000000
12.582883	0.640	185,605.000000
12.593550	0.640	186,527.000000
12.604217	0.640	187,325.000000
12.614883	0.640	185,765.000000
12.625550	0.640	180,468.000000
12.636217	0.640	173,101.000000
12.646883	0.640	166,375.000000
12.657550	0.640	161,076.000000
12.668217	0.640	155,895.000000
12.678883	0.640	149,339.000000
12.689550	0.640	142,139.000000
12.700217	0.640	136,801.000000
12.710883	0.640	134,370.000000
12.721550	0.640	133,663.000000
12.732217	0.640	132,482.000000
12.742883	0.640	129,473.000000
12.753550	0.640	125,354.000000
12.764217	0.640	120,663.000000
12.774883	0.640	115,234.000000
12.785550	0.640	111,122.000000
12.796217	0.640	110,955.000000
12.806883	0.640	113,362.000000
12.817550	0.640	114,663.000000
12.828217	0.640	114,284.000000
12.838883	0.640	114,353.000000
12.849550	0.640	114,424.000000
12.860217	0.640	110,883.000000
12.870883	0.640	102,784.000000
12.881550	0.640	95,124.000000
12.892217	0.640	93,007.000000
12.902883	0.640	94,115.000000
12.913550	0.640	93,139.000000
12.924217	0.640	91,028.000000
12.934883	0.640	91,001.000000
12.945550	0.640	91,734.000000
12.956217	0.640	91,319.000000
12.966883	0.640	90,442.000000
12.977550	0.640	89,829.000000
12.988217	0.640	88,917.000000
12.998883	0.640	87,595.000000
13.009550	0.640	87,267.000000
13.020217	0.640	88,483.000000
13.030883	0.640	89,385.000000
13.041550	0.640	88,766.000000
13.052217	0.640	88,773.000000
13.062883	0.640	90,547.000000
13.073550	0.640	90,927.000000
13.084217	0.640	89,317.000000
13.094883	0.640	89,969.000000
13.105550	0.640	93,177.000000
13.116217	0.640	94,676.000000
13.126883	0.640	93,650.000000
13.137550	0.640	93,135.000000
13.148217	0.640	94,624.000000
13.158883	0.640	95,663.000000
13.169550	0.640	93,981.000000
13.180217	0.640	92,415.000000
13.190883	0.640	94,361.000000
13.201550	0.640	97,908.000000
13.212217	0.640	100,419.000000
13.222883	0.640	102,072.000000
13.233550	0.640	102,645.000000
13.244217	0.640	101,681.000000
13.254883	0.640	99,893.000000
13.265550	0.640	98,186.000000
13.276217	0.640	96,721.000000
13.286883	0.640	94,955.000000
13.297550	0.640	92,904.000000
13.308217	0.640	91,037.000000
13.318883	0.640	89,708.000000
13.329550	0.640	89,289.000000
13.340217	0.640	89,483.000000
13.350883	0.640	89,730.000000
13.361550	0.640	90,190.000000
13.372217	0.640	90,620.000000
13.382883	0.640	90,124.000000
13.393550	0.640	89,062.000000
13.404217	0.640	89,069.000000
13.414883	0.640	90,971.000000
13.425550	0.640	93,208.000000
13.436217	0.640	93,420.000000
13.446883	0.640	91,382.000000
13.457550	0.640	88,488.000000
13.468217	0.640	86,244.000000
13.478883	0.640	85,835.000000
13.489550	0.640	87,660.000000
13.500217	0.640	90,464.000000
13.510883	0.640	91,203.000000
13.521550	0.640	88,589.000000
13.532217	0.640	85,063.000000
13.542883	0.640	83,293.000000
13.553550	0.640	84,198.000000
13.564217	0.640	87,044.000000
13.574883	0.640	89,274.000000
13.585550	0.640	89,513.000000
13.596217	0.640	89,276.000000
13.606883	0.640	90,172.000000
13.617550	0.640	92,532.000000
13.628217	0.640	95,539.000000
13.638883	0.640	97,626.000000
13.649550	0.640	99,503.000000
13.660217	0.640	104,430.000000
13.670883	0.640	112,728.000000
13.681550	0.640	122,300.000000
13.692217	0.640	136,713.000000
13.702883	0.640	163,653.000000
13.713550	0.640	205,078.000000
13.724217	0.640	259,892.000000
13.734883	0.640	334,500.000000
13.745550	0.640	442,488.000000
13.756217	0.640	599,159.000000
13.766883	0.640	818,793.000000
13.777550	0.640	1,115,606.000000
13.788217	0.640	1,515,884.000000
13.798883	0.640	2,059,807.000000
13.809550	0.640	2,785,479.000000
13.820217	0.640	3,749,949.000000
13.830883	0.640	5,068,390.000000
13.841550	0.640	6,901,836.000000
13.852217	0.640	9,463,524.000000
13.862883	0.640	13,101,453.000000
13.873550	0.640	18,339,552.000000
13.884217	0.640	25,785,337.000000
13.894883	0.640	35,893,268.000000
13.905550	0.640	48,600,881.000000
13.916217	0.640	62,998,533.000000
13.926883	0.640	77,264,251.000000
13.937550	0.640	88,973,621.000000
13.948217	0.640	95,736,393.000000
13.958883	0.640	96,006,641.000000
13.969550	0.640	89,708,755.000000
13.980217	0.640	78,224,178.000000
13.990883	0.640	63,782,463.000000
14.001550	0.640	48,737,092.000000
14.012217	0.640	35,017,004.000000
14.022883	0.640	23,796,691.000000
14.033550	0.640	15,431,255.000000
14.044217	0.640	9,667,841.000000
14.054883	0.640	5,950,418.000000
14.065550	0.640	3,661,268.000000
14.076217	0.640	2,285,769.000000
14.086883	0.640	1,465,554.000000
14.097550	0.640	970,468.000000
14.108217	0.640	667,888.000000
14.118883	0.640	486,440.000000
14.129550	0.640	377,665.000000
14.140217	0.640	306,800.000000
14.150883	0.640	256,937.000000
14.161550	0.640	222,065.000000
14.172217	0.640	197,629.000000
14.182883	0.640	178,509.000000
14.193550	0.640	162,629.000000
14.204217	0.640	151,780.000000
14.214883	0.640	145,859.000000
14.225550	0.640	140,582.000000
14.236217	0.640	134,005.000000
14.246883	0.640	129,735.000000
14.257550	0.640	129,401.000000
14.268217	0.640	129,792.000000
14.278883	0.640	130,044.000000
14.289550	0.640	131,746.000000
14.300217	0.640	133,564.000000
14.310883	0.640	133,625.000000
14.321550	0.640	133,505.000000
14.332217	0.640	136,209.000000
14.342883	0.640	141,232.000000
14.353550	0.640	144,824.000000
14.364217	0.640	146,764.000000
14.374883	0.640	149,419.000000
14.385550	0.640	151,636.000000
14.396217	0.640	151,099.000000
14.406883	0.640	146,864.000000
14.417550	0.640	139,341.000000
14.428217	0.640	132,997.000000
14.438883	0.640	132,384.000000
14.449550	0.640	134,477.000000
14.460217	0.640	134,057.000000
14.470883	0.640	132,776.000000
14.481550	0.640	133,920.000000
14.492217	0.640	136,104.000000
14.502883	0.640	137,372.000000
14.513550	0.640	136,822.000000
14.524217	0.640	133,950.000000
14.534883	0.640	131,240.000000
14.545550	0.640	131,436.000000
14.556217	0.640	133,807.000000
14.566883	0.640	136,174.000000
14.577550	0.640	137,497.000000
14.588217	0.640	139,247.000000
14.598883	0.640	142,704.000000
14.609550	0.640	147,052.000000
14.620217	0.640	153,427.000000
14.630883	0.640	163,047.000000
14.641550	0.640	173,684.000000
14.652217	0.640	185,596.000000
14.662883	0.640	202,022.000000
14.673550	0.640	221,676.000000
14.684217	0.640	238,233.000000
14.694883	0.640	243,865.000000
14.705550	0.640	234,602.000000
14.716217	0.640	215,683.000000
14.726883	0.640	196,099.000000
14.737550	0.640	181,093.000000
14.748217	0.640	173,337.000000
14.758883	0.640	174,341.000000
14.769550	0.640	184,565.000000
14.780217	0.640	203,583.000000
14.790883	0.640	225,501.000000
14.801550	0.640	238,641.000000
14.812217	0.640	235,987.000000
14.822883	0.640	221,070.000000
14.833550	0.640	202,235.000000
14.844217	0.640	186,840.000000
14.854883	0.640	179,104.000000
14.865550	0.640	178,721.000000
14.876217	0.640	182,106.000000
14.886883	0.640	184,788.000000
14.897550	0.640	183,825.000000
14.908217	0.640	180,667.000000
14.918883	0.640	179,425.000000
14.929550	0.640	181,130.000000
14.940217	0.640	182,674.000000
14.950883	0.640	181,438.000000
14.961550	0.640	178,840.000000
14.972217	0.640	178,068.000000
14.982883	0.640	178,829.000000
14.993550	0.640	178,467.000000
15.004217	0.640	177,052.000000
15.014883	0.640	177,354.000000
15.025550	0.640	180,945.000000
15.036217	0.640	185,429.000000
15.046883	0.640	187,492.000000
15.057550	0.640	186,689.000000
15.068217	0.640	184,876.000000
15.078883	0.640	185,187.000000
15.089550	0.640	189,557.000000
15.100217	0.640	196,683.000000
15.110883	0.640	203,679.000000
15.121550	0.640	208,815.000000
15.132217	0.640	212,236.000000
15.142883	0.640	214,601.000000
15.153550	0.640	216,570.000000
15.164217	0.640	217,696.000000
15.174883	0.640	216,865.000000
15.185550	0.640	215,414.000000
15.196217	0.640	214,780.000000
15.206883	0.640	213,484.000000
15.217550	0.640	210,635.000000
15.228217	0.640	208,226.000000
15.238883	0.640	209,140.000000
15.249550	0.640	213,782.000000
15.260217	0.640	218,399.000000
15.270883	0.640	219,671.000000
15.281550	0.640	218,981.000000
15.292217	0.640	219,342.000000
15.302883	0.640	221,706.000000
15.313550	0.640	223,998.000000
15.324217	0.640	225,126.000000
15.334883	0.640	227,708.000000
15.345550	0.640	230,772.000000
15.356217	0.640	230,794.000000
15.366883	0.640	230,420.000000
15.377550	0.640	233,205.000000
15.388217	0.640	237,527.000000
15.398883	0.640	241,470.000000
15.409550	0.640	244,960.000000
15.420217	0.640	247,321.000000
15.430883	0.640	248,674.000000
15.441550	0.640	250,954.000000
15.452217	0.640	254,109.000000
15.462883	0.640	255,891.000000
15.473550	0.640	256,696.000000
15.484217	0.640	258,954.000000
15.494883	0.640	261,432.000000
15.505550	0.640	260,821.000000
15.516217	0.640	258,496.000000
15.526883	0.640	259,192.000000
15.537550	0.640	264,960.000000
15.548217	0.640	274,521.000000
15.558883	0.640	285,975.000000
15.569550	0.640	297,220.000000
15.580217	0.640	305,371.000000
15.590883	0.640	308,405.000000
15.601550	0.640	305,357.000000
15.612217	0.640	295,651.000000
15.622883	0.640	282,282.000000
15.633550	0.640	273,016.000000
15.644217	0.640	274,040.000000
15.654883	0.640	281,979.000000
15.665550	0.640	287,935.000000
15.676217	0.640	289,537.000000
15.686883	0.640	290,150.000000
15.697550	0.640	291,206.000000
15.708217	0.640	291,456.000000
15.718883	0.640	290,367.000000
15.729550	0.640	292,059.000000
15.740217	0.640	302,146.000000
15.750883	0.640	323,021.000000
15.761550	0.640	359,130.000000
15.772217	0.640	423,424.000000
15.782883	0.640	540,403.000000
15.793550	0.640	752,081.000000
15.804217	0.640	1,129,913.000000
15.814883	0.640	1,790,584.000000
15.825550	0.640	2,923,451.000000
15.836217	0.640	4,905,181.000000
15.846883	0.640	8,574,049.000000
15.857550	0.640	15,455,021.000000
15.868217	0.640	27,260,799.000000
15.878883	0.640	44,037,239.000000
15.889550	0.640	61,967,472.000000
15.900217	0.640	73,829,977.000000
15.910883	0.640	73,519,796.000000
15.921550	0.640	61,037,895.000000
15.932217	0.640	42,569,484.000000
15.942883	0.640	25,517,767.000000
15.953550	0.640	13,850,275.000000
15.964217	0.640	7,475,949.000000
15.974883	0.640	4,415,810.000000
15.985550	0.640	2,889,421.000000
15.996217	0.640	1,995,753.000000
16.006883	0.640	1,423,711.000000
16.017550	0.640	1,061,814.000000
16.028217	0.640	836,716.000000
16.038883	0.640	692,162.000000
16.049550	0.640	598,080.000000
16.060217	0.640	542,234.000000
16.070883	0.640	511,729.000000
16.081550	0.640	493,113.000000
16.092217	0.640	483,213.000000
16.102883	0.640	484,700.000000
16.113550	0.640	492,790.000000
16.124217	0.640	498,385.000000
16.134883	0.640	501,882.000000
16.145550	0.640	509,709.000000
16.156217	0.640	520,749.000000
16.166883	0.640	529,623.000000
16.177550	0.640	536,637.000000
16.188217	0.640	544,393.000000
16.198883	0.640	550,601.000000
16.209550	0.640	548,941.000000
16.220217	0.640	536,728.000000
16.230883	0.640	519,882.000000
16.241550	0.640	505,706.000000
16.252217	0.640	496,240.000000
16.262883	0.640	491,325.000000
16.273550	0.640	489,549.000000
16.284217	0.640	488,275.000000
16.294883	0.640	486,485.000000
16.305550	0.640	484,689.000000
16.316217	0.640	484,422.000000
16.326883	0.640	487,951.000000
16.337550	0.640	494,905.000000
16.348217	0.640	502,316.000000
16.358883	0.640	507,521.000000
16.369550	0.640	508,493.000000
16.380217	0.640	506,967.000000
16.390883	0.640	508,235.000000
16.401550	0.640	512,553.000000
16.412217	0.640	515,612.000000
16.422883	0.640	517,574.000000
16.433550	0.640	521,413.000000
16.444217	0.640	527,296.000000
16.454883	0.640	535,152.000000
16.465550	0.640	549,762.000000
16.476217	0.640	582,502.000000
16.486883	0.640	647,540.000000
16.497550	0.640	761,906.000000
16.508217	0.640	955,180.000000
16.518883	0.640	1,276,836.000000
16.529550	0.640	1,814,805.000000
16.540217	0.640	2,754,716.000000
16.550883	0.640	4,471,829.000000
16.561550	0.640	7,556,142.000000
16.572217	0.640	12,543,489.000000
16.582883	0.640	19,229,909.000000
16.593550	0.640	26,013,005.000000
16.604217	0.640	30,222,477.000000
16.614883	0.640	29,759,078.000000
16.625550	0.640	24,756,856.000000
16.636217	0.640	17,540,503.000000
16.646883	0.640	10,862,168.000000
16.657550	0.640	6,216,862.000000
16.668217	0.640	3,599,856.000000
16.678883	0.640	2,298,096.000000
16.689550	0.640	1,645,797.000000
16.700217	0.640	1,278,176.000000
16.710883	0.640	1,047,384.000000
16.721550	0.640	897,970.000000
16.732217	0.640	805,054.000000
16.742883	0.640	748,353.000000
16.753550	0.640	711,733.000000
16.764217	0.640	690,873.000000
16.774883	0.640	684,722.000000
16.785550	0.640	686,100.000000
16.796217	0.640	691,200.000000
16.806883	0.640	705,555.000000
16.817550	0.640	731,326.000000
16.828217	0.640	765,283.000000
16.838883	0.640	808,395.000000
16.849550	0.640	858,933.000000
16.860217	0.640	903,969.000000
16.870883	0.640	928,127.000000
16.881550	0.640	925,586.000000
16.892217	0.640	903,361.000000
16.902883	0.640	875,278.000000
16.913550	0.640	852,644.000000
16.924217	0.640	838,259.000000
16.934883	0.640	829,150.000000
16.945550	0.640	824,539.000000
16.956217	0.640	824,125.000000
16.966883	0.640	824,485.000000
16.977550	0.640	826,741.000000
16.988217	0.640	838,192.000000
16.998883	0.640	859,605.000000
17.009550	0.640	883,282.000000
17.020217	0.640	908,816.000000
17.030883	0.640	944,870.000000
17.041550	0.640	998,718.000000
17.052217	0.640	1,080,977.000000
17.062883	0.640	1,207,043.000000
17.073550	0.640	1,392,344.000000
17.084217	0.640	1,669,354.000000
17.094883	0.640	2,100,157.000000
17.105550	0.640	2,771,989.000000
17.116217	0.640	3,802,906.000000
17.126883	0.640	5,342,960.000000
17.137550	0.640	7,544,899.000000
17.148217	0.640	10,491,461.000000
17.158883	0.640	14,091,137.000000
17.169550	0.640	18,001,429.000000
17.180217	0.640	21,640,460.000000
17.190883	0.640	24,304,102.000000
17.201550	0.640	25,379,450.000000
17.212217	0.640	24,578,825.000000
17.222883	0.640	22,051,731.000000
17.233550	0.640	18,341,826.000000
17.244217	0.640	14,212,214.000000
17.254883	0.640	10,356,763.000000
17.265550	0.640	7,186,237.000000
17.276217	0.640	4,831,300.000000
17.286883	0.640	3,234,660.000000
17.297550	0.640	2,231,526.000000
17.308217	0.640	1,635,405.000000
17.318883	0.640	1,294,910.000000
17.329550	0.640	1,100,709.000000
17.340217	0.640	983,907.000000
17.350883	0.640	913,155.000000
17.361550	0.640	874,368.000000
17.372217	0.640	856,339.000000
17.382883	0.640	852,730.000000
17.393550	0.640	860,417.000000
17.404217	0.640	875,644.000000
17.414883	0.640	894,438.000000
17.425550	0.640	914,566.000000
17.436217	0.640	933,169.000000
17.446883	0.640	943,769.000000
17.457550	0.640	943,545.000000
17.468217	0.640	939,257.000000
17.478883	0.640	940,737.000000
17.489550	0.640	952,580.000000
17.500217	0.640	973,023.000000
17.510883	0.640	997,032.000000
17.521550	0.640	1,020,935.000000
17.532217	0.640	1,044,198.000000
17.542883	0.640	1,068,398.000000
17.553550	0.640	1,102,639.000000
17.564217	0.640	1,159,051.000000
17.574883	0.640	1,234,054.000000
17.585550	0.640	1,310,060.000000
17.596217	0.640	1,371,217.000000
17.606883	0.640	1,407,637.000000
17.617550	0.640	1,414,827.000000
17.628217	0.640	1,391,404.000000
17.638883	0.640	1,341,759.000000
17.649550	0.640	1,282,051.000000
17.660217	0.640	1,229,190.000000
17.670883	0.640	1,188,697.000000
17.681550	0.640	1,160,909.000000
17.692217	0.640	1,145,389.000000
17.702883	0.640	1,141,355.000000
17.713550	0.640	1,146,453.000000
17.724217	0.640	1,150,915.000000
17.734883	0.640	1,150,574.000000
17.745550	0.640	1,156,037.000000
17.756217	0.640	1,172,069.000000
17.766883	0.640	1,189,395.000000
17.777550	0.640	1,199,624.000000
17.788217	0.640	1,204,486.000000
17.798883	0.640	1,212,684.000000
17.809550	0.640	1,228,151.000000
17.820217	0.640	1,243,789.000000
17.830883	0.640	1,255,285.000000
17.841550	0.640	1,269,568.000000
17.852217	0.640	1,288,259.000000
17.862883	0.640	1,304,126.000000
17.873550	0.640	1,318,330.000000
17.884217	0.640	1,337,530.000000
17.894883	0.640	1,359,693.000000
17.905550	0.640	1,380,489.000000
17.916217	0.640	1,403,277.000000
17.926883	0.640	1,430,318.000000
17.937550	0.640	1,456,620.000000
17.948217	0.640	1,481,339.000000
17.958883	0.640	1,506,985.000000
17.969550	0.640	1,530,206.000000
17.980217	0.640	1,553,605.000000
17.990883	0.640	1,584,802.000000
18.001550	0.640	1,618,096.000000
18.012217	0.640	1,646,244.000000
18.022883	0.640	1,676,378.000000
18.033550	0.640	1,715,190.000000
18.044217	0.640	1,756,561.000000
18.054883	0.640	1,793,636.000000
18.065550	0.640	1,829,400.000000
18.076217	0.640	1,869,846.000000
18.086883	0.640	1,920,525.000000
18.097550	0.640	1,988,108.000000
18.108217	0.640	2,071,614.000000
18.118883	0.640	2,161,407.000000
18.129550	0.640	2,258,543.000000
18.140217	0.640	2,380,757.000000
18.150883	0.640	2,545,638.000000
18.161550	0.640	2,765,515.000000
18.172217	0.640	3,054,916.000000
18.182883	0.640	3,433,167.000000
18.193550	0.640	3,929,631.000000
18.204217	0.640	4,599,539.000000
18.214883	0.640	5,528,543.000000
18.225550	0.640	6,808,753.000000
18.236217	0.640	8,567,605.000000
18.246883	0.640	11,065,789.000000
18.257550	0.640	14,696,401.000000
18.268217	0.640	19,884,417.000000
18.278883	0.640	27,002,665.000000
18.289550	0.640	36,172,024.000000
18.300217	0.640	46,899,002.000000
18.310883	0.640	57,860,662.000000
18.321550	0.640	67,091,711.000000
18.332217	0.640	72,559,323.000000
18.342883	0.640	72,877,344.000000
18.353550	0.640	67,811,459.000000
18.364217	0.640	58,417,358.000000
18.374883	0.640	46,691,281.000000
18.385550	0.640	34,787,094.000000
18.396217	0.640	24,319,630.000000
18.406883	0.640	16,101,698.000000
18.417550	0.640	10,230,005.000000
18.428217	0.640	6,357,938.000000
18.438883	0.640	3,973,835.000000
18.449550	0.640	2,585,824.000000
18.460217	0.640	1,827,221.000000
18.470883	0.640	1,473,580.000000
18.481550	0.640	1,397,439.000000
18.492217	0.640	1,531,007.000000
18.502883	0.640	1,850,826.000000
18.513550	0.640	2,364,473.000000
18.524217	0.640	3,102,788.000000
18.534883	0.640	4,141,768.000000
18.545550	0.640	5,618,571.000000
18.556217	0.640	7,740,116.000000
18.566883	0.640	10,858,813.000000
18.577550	0.640	15,522,139.000000
18.588217	0.640	22,394,201.000000
18.598883	0.640	32,082,976.000000
18.609550	0.640	44,706,177.000000
18.620217	0.640	59,281,520.000000
18.630883	0.640	73,632,630.000000
18.641550	0.640	84,980,544.000000
18.652217	0.640	90,780,947.000000
18.662883	0.640	89,593,531.000000
18.673550	0.640	81,675,560.000000
18.684217	0.640	68,911,943.000000
18.694883	0.640	54,042,640.000000
18.705550	0.640	39,609,236.000000
18.716217	0.640	27,290,639.000000
18.726883	0.640	17,816,531.000000
18.737550	0.640	11,161,489.000000
18.748217	0.640	6,824,467.000000
18.758883	0.640	4,143,575.000000
18.769550	0.640	2,539,682.000000
18.780217	0.640	1,594,837.000000
18.790883	0.640	1,032,914.000000
18.801550	0.640	691,753.000000
18.812217	0.640	484,952.000000
18.822883	0.640	361,816.000000
18.833550	0.640	290,352.000000
18.844217	0.640	253,535.000000
18.854883	0.640	242,987.000000
18.865550	0.640	253,316.000000
18.876217	0.640	283,474.000000
18.886883	0.640	338,322.000000
18.897550	0.640	421,963.000000
18.908217	0.640	535,737.000000
18.918883	0.640	690,527.000000
18.929550	0.640	910,227.000000
18.940217	0.640	1,214,304.000000
18.950883	0.640	1,611,247.000000
18.961550	0.640	2,121,002.000000
18.972217	0.640	2,792,230.000000
18.982883	0.640	3,698,872.000000
18.993550	0.640	4,945,024.000000
19.004217	0.640	6,695,560.000000
19.014883	0.640	9,210,353.000000
19.025550	0.640	12,838,268.000000
19.036217	0.640	17,973,079.000000
19.046883	0.640	24,934,113.000000
19.057550	0.640	33,685,315.000000
19.068217	0.640	43,577,158.000000
19.078883	0.640	53,358,465.000000
19.089550	0.640	61,408,929.000000
19.100217	0.640	66,168,619.000000
19.110883	0.640	66,638,915.000000
19.121550	0.640	62,681,364.000000
19.132217	0.640	55,084,431.000000
19.142883	0.640	45,314,250.000000
19.153550	0.640	34,996,460.000000
19.164217	0.640	25,483,029.000000
19.174883	0.640	17,607,448.000000
19.185550	0.640	11,635,388.000000
19.196217	0.640	7,425,380.000000
19.206883	0.640	4,634,223.000000
19.217550	0.640	2,869,906.000000
19.228217	0.640	1,789,945.000000
19.238883	0.640	1,138,194.000000
19.249550	0.640	745,500.000000
19.260217	0.640	509,967.000000
19.270883	0.640	368,339.000000
19.281550	0.640	279,888.000000
19.292217	0.640	221,819.000000
19.302883	0.640	184,089.000000
19.313550	0.640	161,553.000000
19.324217	0.640	148,970.000000
19.334883	0.640	141,062.000000
19.345550	0.640	134,775.000000
19.356217	0.640	129,807.000000
19.366883	0.640	126,007.000000
19.377550	0.640	121,994.000000
19.388217	0.640	118,124.000000
19.398883	0.640	117,434.000000
19.409550	0.640	120,389.000000
19.420217	0.640	123,512.000000
19.430883	0.640	124,475.000000
19.441550	0.640	123,774.000000
19.452217	0.640	124,080.000000
19.462883	0.640	128,269.000000
19.473550	0.640	135,105.000000
19.484217	0.640	140,949.000000
19.494883	0.640	144,419.000000
19.505550	0.640	145,872.000000
19.516217	0.640	145,971.000000
19.526883	0.640	144,415.000000
19.537550	0.640	138,833.000000
19.548217	0.640	129,727.000000
19.558883	0.640	123,035.000000
19.569550	0.640	121,514.000000
19.580217	0.640	121,167.000000
19.590883	0.640	119,312.000000
19.601550	0.640	117,962.000000
19.612217	0.640	119,162.000000
19.622883	0.640	122,931.000000
19.633550	0.640	128,252.000000
19.644217	0.640	132,994.000000
19.654883	0.640	136,647.000000
19.665550	0.640	141,940.000000
19.676217	0.640	149,877.000000
19.686883	0.640	158,471.000000
19.697550	0.640	166,078.000000
19.708217	0.640	172,703.000000
19.718883	0.640	181,144.000000
19.729550	0.640	193,614.000000
19.740217	0.640	207,772.000000
19.750883	0.640	222,361.000000
19.761550	0.640	240,385.000000
19.772217	0.640	263,587.000000
19.782883	0.640	292,018.000000
19.793550	0.640	327,578.000000
19.804217	0.640	373,694.000000
19.814883	0.640	433,641.000000
19.825550	0.640	509,255.000000
19.836217	0.640	598,842.000000
19.846883	0.640	694,706.000000
19.857550	0.640	786,743.000000
19.868217	0.640	867,496.000000
19.878883	0.640	930,686.000000
19.889550	0.640	972,144.000000
19.900217	0.640	989,566.000000
19.910883	0.640	976,888.000000
19.921550	0.640	929,529.000000
19.932217	0.640	854,193.000000
19.942883	0.640	765,326.000000
19.953550	0.640	673,653.000000
19.964217	0.640	580,281.000000
19.974883	0.640	486,406.000000
19.985550	0.640	402,390.000000
19.996217	0.640	335,104.000000
20.006883	0.640	278,107.000000
20.017550	0.640	225,168.000000
20.028217	0.640	180,928.000000
20.038883	0.640	150,530.000000
20.049550	0.640	130,410.000000
20.060217	0.640	114,847.000000
20.070883	0.640	102,191.000000
20.081550	0.640	93,764.000000
20.092217	0.640	91,351.000000
20.102883	0.640	94,053.000000
20.113550	0.640	98,672.000000
20.124217	0.640	104,102.000000
20.134883	0.640	112,160.000000
20.145550	0.640	124,404.000000
20.156217	0.640	140,089.000000
20.166883	0.640	158,141.000000
20.177550	0.640	177,917.000000
20.188217	0.640	195,948.000000
20.198883	0.640	207,442.000000
20.209550	0.640	210,815.000000
20.220217	0.640	207,736.000000
20.230883	0.640	199,445.000000
20.241550	0.640	185,232.000000
20.252217	0.640	166,056.000000
20.262883	0.640	144,556.000000
20.273550	0.640	122,607.000000
20.284217	0.640	102,485.000000
20.294883	0.640	86,180.000000
20.305550	0.640	74,170.000000
20.316217	0.640	66,302.000000
20.326883	0.640	62,206.000000
20.337550	0.640	60,568.000000
20.348217	0.640	58,515.000000
20.358883	0.640	54,883.000000
20.369550	0.640	51,459.000000
20.380217	0.640	48,649.000000
20.390883	0.640	46,309.000000
20.401550	0.640	46,068.000000
20.412217	0.640	47,825.000000
20.422883	0.640	49,854.000000
20.433550	0.640	52,356.000000
20.444217	0.640	54,968.000000
20.454883	0.640	54,862.000000
20.465550	0.640	52,101.000000
20.476217	0.640	50,417.000000
20.486883	0.640	50,894.000000
20.497550	0.640	51,552.000000
20.508217	0.640	51,602.000000
20.518883	0.640	50,491.000000
20.529550	0.640	47,273.000000
20.540217	0.640	44,193.000000
20.550883	0.640	43,711.000000
20.561550	0.640	43,985.000000
20.572217	0.640	44,132.000000
20.582883	0.640	46,049.000000
20.593550	0.640	48,922.000000
20.604217	0.640	50,907.000000
20.614883	0.640	52,504.000000
20.625550	0.640	54,343.000000
20.636217	0.640	56,605.000000
20.646883	0.640	59,424.000000
20.657550	0.640	61,969.000000
20.668217	0.640	64,021.000000
20.678883	0.640	67,928.000000
20.689550	0.640	75,648.000000
20.700217	0.640	85,510.000000
20.710883	0.640	94,083.000000
20.721550	0.640	100,001.000000
20.732217	0.640	105,037.000000
20.742883	0.640	110,798.000000
20.753550	0.640	117,025.000000
20.764217	0.640	123,909.000000
20.774883	0.640	132,888.000000
20.785550	0.640	145,730.000000
20.796217	0.640	163,470.000000
20.806883	0.640	185,541.000000
20.817550	0.640	212,285.000000
20.828217	0.640	248,565.000000
20.838883	0.640	301,583.000000
20.849550	0.640	373,431.000000
20.860217	0.640	457,649.000000
20.870883	0.640	547,420.000000
20.881550	0.640	640,863.000000
20.892217	0.640	733,346.000000
20.902883	0.640	817,016.000000
20.913550	0.640	888,786.000000
20.924217	0.640	948,819.000000
20.934883	0.640	993,952.000000
20.945550	0.640	1,020,533.000000
20.956217	0.640	1,033,611.000000
20.966883	0.640	1,047,815.000000
20.977550	0.640	1,077,609.000000
20.988217	0.640	1,130,131.000000
20.998883	0.640	1,212,403.000000
21.009550	0.640	1,336,204.000000
21.020217	0.640	1,514,449.000000
21.030883	0.640	1,766,035.000000
21.041550	0.640	2,108,528.000000
21.052217	0.640	2,546,636.000000
21.062883	0.640	3,097,740.000000
21.073550	0.640	3,812,862.000000
21.084217	0.640	4,749,250.000000
21.094883	0.640	5,957,273.000000
21.105550	0.640	7,513,569.000000
21.116217	0.640	9,517,974.000000
21.126883	0.640	12,021,882.000000
21.137550	0.640	14,972,046.000000
21.148217	0.640	18,243,030.000000
21.158883	0.640	21,688,909.000000
21.169550	0.640	25,080,684.000000
21.180217	0.640	28,044,874.000000
21.190883	0.640	30,185,697.000000
21.201550	0.640	31,239,265.000000
21.212217	0.640	31,098,767.000000
21.222883	0.640	29,789,091.000000
21.233550	0.640	27,464,932.000000
21.244217	0.640	24,392,658.000000
21.254883	0.640	20,874,302.000000
21.265550	0.640	17,194,631.000000
21.276217	0.640	13,633,641.000000
21.286883	0.640	10,445,210.000000
21.297550	0.640	7,774,391.000000
21.308217	0.640	5,629,296.000000
21.318883	0.640	3,960,112.000000
21.329550	0.640	2,717,735.000000
21.340217	0.640	1,835,521.000000
21.350883	0.640	1,228,941.000000
21.361550	0.640	822,989.000000
21.372217	0.640	557,749.000000
21.382883	0.640	385,903.000000
21.393550	0.640	275,958.000000
21.404217	0.640	208,260.000000
21.414883	0.640	168,719.000000
21.425550	0.640	146,835.000000
21.436217	0.640	135,391.000000
21.446883	0.640	130,845.000000
21.457550	0.640	130,539.000000
21.468217	0.640	131,129.000000
21.478883	0.640	131,432.000000
21.489550	0.640	130,918.000000
21.500217	0.640	128,268.000000
21.510883	0.640	124,750.000000
21.521550	0.640	121,128.000000
21.532217	0.640	114,289.000000
21.542883	0.640	103,774.000000
21.553550	0.640	94,226.000000
21.564217	0.640	87,944.000000
21.574883	0.640	82,141.000000
21.585550	0.640	74,697.000000
21.596217	0.640	67,118.000000
21.606883	0.640	61,130.000000
21.617550	0.640	56,462.000000
21.628217	0.640	53,246.000000
21.638883	0.640	52,213.000000
21.649550	0.640	51,968.000000
21.660217	0.640	50,250.000000
21.670883	0.640	47,304.000000
21.681550	0.640	45,541.000000
21.692217	0.640	46,324.000000
21.702883	0.640	48,361.000000
21.713550	0.640	49,388.000000
21.724217	0.640	48,922.000000
21.734883	0.640	48,055.000000
21.745550	0.640	47,397.000000
21.756217	0.640	47,303.000000
21.766883	0.640	48,029.000000
21.777550	0.640	48,704.000000
21.788217	0.640	48,284.000000
21.798883	0.640	47,034.000000
21.809550	0.640	46,254.000000
21.820217	0.640	47,277.000000
21.830883	0.640	49,343.000000
21.841550	0.640	49,756.000000
21.852217	0.640	48,574.000000
21.862883	0.640	48,906.000000
21.873550	0.640	51,351.000000
21.884217	0.640	53,045.000000
21.894883	0.640	52,175.000000
21.905550	0.640	50,109.000000
21.916217	0.640	49,151.000000
21.926883	0.640	49,858.000000
21.937550	0.640	50,844.000000
21.948217	0.640	50,593.000000
21.958883	0.640	49,419.000000
21.969550	0.640	48,817.000000
21.980217	0.640	49,078.000000
21.990883	0.640	50,119.000000
22.001550	0.640	52,117.000000
22.012217	0.640	53,559.000000
22.022883	0.640	53,297.000000
22.033550	0.640	52,463.000000
22.044217	0.640	52,008.000000
22.054883	0.640	52,706.000000
22.065550	0.640	55,135.000000
22.076217	0.640	57,378.000000
22.086883	0.640	58,285.000000
22.097550	0.640	60,382.000000
22.108217	0.640	64,572.000000
22.118883	0.640	68,624.000000
22.129550	0.640	72,907.000000
22.140217	0.640	81,242.000000
22.150883	0.640	95,204.000000
22.161550	0.640	111,657.000000
22.172217	0.640	128,776.000000
22.182883	0.640	149,794.000000
22.193550	0.640	178,388.000000
22.204217	0.640	215,629.000000
22.214883	0.640	260,506.000000
22.225550	0.640	312,984.000000
22.236217	0.640	377,329.000000
22.246883	0.640	459,461.000000
22.257550	0.640	561,015.000000
22.268217	0.640	678,996.000000
22.278883	0.640	816,661.000000
22.289550	0.640	986,120.000000
22.300217	0.640	1,193,527.000000
22.310883	0.640	1,440,100.000000
22.321550	0.640	1,737,364.000000
22.332217	0.640	2,102,067.000000
22.342883	0.640	2,544,307.000000
22.353550	0.640	3,076,109.000000
22.364217	0.640	3,727,227.000000
22.374883	0.640	4,548,474.000000
22.385550	0.640	5,598,910.000000
22.396217	0.640	6,924,277.000000
22.406883	0.640	8,566,024.000000
22.417550	0.640	10,591,131.000000
22.428217	0.640	13,064,078.000000
22.438883	0.640	16,001,091.000000
22.449550	0.640	19,362,797.000000
22.460217	0.640	23,033,414.000000
22.470883	0.640	26,825,044.000000
22.481550	0.640	30,511,214.000000
22.492217	0.640	33,805,266.000000
22.502883	0.640	36,394,912.000000
22.513550	0.640	38,066,688.000000
22.524217	0.640	38,702,121.000000
22.534883	0.640	38,191,135.000000
22.545550	0.640	36,502,689.000000
22.556217	0.640	33,812,514.000000
22.566883	0.640	30,424,476.000000
22.577550	0.640	26,594,229.000000
22.588217	0.640	22,547,263.000000
22.598883	0.640	18,557,352.000000
22.609550	0.640	14,860,506.000000
22.620217	0.640	11,577,886.000000
22.630883	0.640	8,763,394.000000
22.641550	0.640	6,446,862.000000
22.652217	0.640	4,623,468.000000
22.662883	0.640	3,245,387.000000
22.673550	0.640	2,239,285.000000
22.684217	0.640	1,525,419.000000
22.694883	0.640	1,029,885.000000
22.705550	0.640	691,915.000000
22.716217	0.640	464,994.000000
22.726883	0.640	317,640.000000
22.737550	0.640	227,489.000000
22.748217	0.640	173,028.000000
22.758883	0.640	136,765.000000
22.769550	0.640	110,250.000000
22.780217	0.640	91,779.000000
22.790883	0.640	81,685.000000
22.801550	0.640	77,376.000000
22.812217	0.640	73,581.000000
22.822883	0.640	69,430.000000
22.833550	0.640	67,917.000000
22.844217	0.640	67,991.000000
22.854883	0.640	67,102.000000
22.865550	0.640	67,046.000000
22.876217	0.640	69,989.000000
22.886883	0.640	76,151.000000
22.897550	0.640	85,479.000000
22.908217	0.640	96,817.000000
22.918883	0.640	110,192.000000
22.929550	0.640	128,963.000000
22.940217	0.640	156,902.000000
22.950883	0.640	196,097.000000
22.961550	0.640	246,707.000000
22.972217	0.640	309,115.000000
22.982883	0.640	387,789.000000
22.993550	0.640	489,864.000000
23.004217	0.640	621,290.000000
23.014883	0.640	790,613.000000
23.025550	0.640	1,011,934.000000
23.036217	0.640	1,294,443.000000
23.046883	0.640	1,642,715.000000
23.057550	0.640	2,076,938.000000
23.068217	0.640	2,630,850.000000
23.078883	0.640	3,338,453.000000
23.089550	0.640	4,249,049.000000
23.100217	0.640	5,441,108.000000
23.110883	0.640	7,019,014.000000
23.121550	0.640	9,117,182.000000
23.132217	0.640	11,920,772.000000
23.142883	0.640	15,663,153.000000
23.153550	0.640	20,546,366.000000
23.164217	0.640	26,643,358.000000
23.174883	0.640	33,836,145.000000
23.185550	0.640	41,752,500.000000
23.196217	0.640	49,739,270.000000
23.206883	0.640	56,909,277.000000
23.217550	0.640	62,282,733.000000
23.228217	0.640	65,038,545.000000
23.238883	0.640	64,734,373.000000
23.249550	0.640	61,394,526.000000
23.260217	0.640	55,476,743.000000
23.270883	0.640	47,767,145.000000
23.281550	0.640	39,219,803.000000
23.292217	0.640	30,720,695.000000
23.302883	0.640	22,958,624.000000
23.313550	0.640	16,416,366.000000
23.324217	0.640	11,295,178.000000
23.334883	0.640	7,514,654.000000
23.345550	0.640	4,861,346.000000
23.356217	0.640	3,090,226.000000
23.366883	0.640	1,956,314.000000
23.377550	0.640	1,253,213.000000
23.388217	0.640	830,927.000000
23.398883	0.640	582,395.000000
23.409550	0.640	435,979.000000
23.420217	0.640	350,759.000000
23.430883	0.640	301,280.000000
23.441550	0.640	269,072.000000
23.452217	0.640	243,635.000000
23.462883	0.640	219,803.000000
23.473550	0.640	196,024.000000
23.484217	0.640	174,689.000000
23.494883	0.640	157,821.000000
23.505550	0.640	144,161.000000
23.516217	0.640	132,234.000000
23.526883	0.640	123,093.000000
23.537550	0.640	117,214.000000
23.548217	0.640	112,377.000000
23.558883	0.640	107,717.000000
23.569550	0.640	103,851.000000
23.580217	0.640	100,026.000000
23.590883	0.640	95,418.000000
23.601550	0.640	90,482.000000
23.612217	0.640	86,596.000000
23.622883	0.640	84,556.000000
23.633550	0.640	83,352.000000
23.644217	0.640	81,981.000000
23.654883	0.640	80,847.000000
23.665550	0.640	79,570.000000
23.676217	0.640	77,208.000000
23.686883	0.640	74,677.000000
23.697550	0.640	72,914.000000
23.708217	0.640	72,088.000000
23.718883	0.640	73,254.000000
23.729550	0.640	76,189.000000
23.740217	0.640	78,346.000000
23.750883	0.640	79,462.000000
23.761550	0.640	82,453.000000
23.772217	0.640	87,698.000000
23.782883	0.640	92,567.000000
23.793550	0.640	95,773.000000
23.804217	0.640	96,811.000000
23.814883	0.640	95,403.000000
23.825550	0.640	93,431.000000
23.836217	0.640	92,421.000000
23.846883	0.640	90,700.000000
23.857550	0.640	86,504.000000
23.868217	0.640	81,138.000000
23.878883	0.640	77,353.000000
23.889550	0.640	76,875.000000
23.900217	0.640	79,070.000000
23.910883	0.640	81,017.000000
23.921550	0.640	81,004.000000
23.932217	0.640	80,914.000000
23.942883	0.640	82,526.000000
23.953550	0.640	84,290.000000
23.964217	0.640	84,500.000000
23.974883	0.640	84,722.000000
23.985550	0.640	86,797.000000
23.996217	0.640	88,757.000000
24.006883	0.640	88,561.000000
24.017550	0.640	88,664.000000
24.028217	0.640	91,033.000000
24.038883	0.640	92,946.000000
24.049550	0.640	91,343.000000
24.060217	0.640	86,418.000000
24.070883	0.640	81,273.000000
24.081550	0.640	79,443.000000
24.092217	0.640	81,115.000000
24.102883	0.640	83,939.000000
24.113550	0.640	86,564.000000
24.124217	0.640	88,211.000000
24.134883	0.640	89,222.000000
24.145550	0.640	91,236.000000
24.156217	0.640	93,176.000000
24.166883	0.640	93,231.000000
24.177550	0.640	92,412.000000
24.188217	0.640	91,096.000000
24.198883	0.640	89,345.000000
24.209550	0.640	89,282.000000
24.220217	0.640	90,827.000000
24.230883	0.640	91,371.000000
24.241550	0.640	91,049.000000
24.252217	0.640	92,239.000000
24.262883	0.640	95,329.000000
24.273550	0.640	98,103.000000
24.284217	0.640	100,203.000000
24.294883	0.640	105,248.000000
24.305550	0.640	114,908.000000
24.316217	0.640	126,590.000000
24.326883	0.640	138,790.000000
24.337550	0.640	152,326.000000
24.348217	0.640	167,796.000000
24.358883	0.640	188,109.000000
24.369550	0.640	222,800.000000
24.380217	0.640	287,789.000000
24.390883	0.640	404,920.000000
24.401550	0.640	606,196.000000
24.412217	0.640	940,311.000000
24.422883	0.640	1,479,293.000000
24.433550	0.640	2,332,025.000000
24.444217	0.640	3,668,590.000000
24.454883	0.640	5,764,135.000000
24.465550	0.640	9,101,534.000000
24.476217	0.640	14,526,837.000000
24.486883	0.640	23,304,797.000000
24.497550	0.640	36,726,925.000000
24.508217	0.640	54,987,991.000000
24.518883	0.640	75,833,074.000000
24.529550	0.640	94,270,300.000000
24.540217	0.640	104,309,760.000000
24.550883	0.640	102,145,776.000000
24.561550	0.640	88,486,244.000000
24.572217	0.640	68,068,307.000000
24.582883	0.640	46,892,899.000000
24.593550	0.640	29,395,944.000000
24.604217	0.640	17,244,011.000000
24.614883	0.640	9,869,600.000000
24.625550	0.640	5,764,708.000000
24.636217	0.640	3,526,161.000000
24.646883	0.640	2,255,490.000000
24.657550	0.640	1,493,368.000000
24.668217	0.640	1,023,850.000000
24.678883	0.640	731,309.000000
24.689550	0.640	546,460.000000
24.700217	0.640	433,167.000000
24.710883	0.640	371,423.000000
24.721550	0.640	346,662.000000
24.732217	0.640	346,408.000000
24.742883	0.640	358,649.000000
24.753550	0.640	378,346.000000
24.764217	0.640	408,960.000000
24.774883	0.640	451,625.000000
24.785550	0.640	503,356.000000
24.796217	0.640	566,150.000000
24.806883	0.640	642,606.000000
24.817550	0.640	728,787.000000
24.828217	0.640	825,263.000000
24.838883	0.640	941,643.000000
24.849550	0.640	1,081,658.000000
24.860217	0.640	1,237,286.000000
24.870883	0.640	1,402,736.000000
24.881550	0.640	1,586,982.000000
24.892217	0.640	1,806,436.000000
24.902883	0.640	2,073,940.000000
24.913550	0.640	2,406,858.000000
24.924217	0.640	2,843,255.000000
24.934883	0.640	3,459,645.000000
24.945550	0.640	4,415,992.000000
24.956217	0.640	6,101,943.000000
24.966883	0.640	9,392,608.000000
24.977550	0.640	15,618,902.000000
24.988217	0.640	25,561,246.000000
24.998883	0.640	37,588,897.000000
25.009550	0.640	47,012,074.000000
25.020217	0.640	48,814,555.000000
25.030883	0.640	41,891,686.000000
25.041550	0.640	30,059,755.000000
25.052217	0.640	18,725,180.000000
25.062883	0.640	11,030,459.000000
25.073550	0.640	6,949,804.000000
25.084217	0.640	4,961,718.000000
25.094883	0.640	3,801,241.000000
25.105550	0.640	2,934,145.000000
25.116217	0.640	2,238,741.000000
25.126883	0.640	1,702,204.000000
25.137550	0.640	1,313,554.000000
25.148217	0.640	1,036,658.000000
25.158883	0.640	822,091.000000
25.169550	0.640	640,235.000000
25.180217	0.640	489,362.000000
25.190883	0.640	374,764.000000
25.201550	0.640	294,203.000000
25.212217	0.640	239,522.000000
25.222883	0.640	201,347.000000
25.233550	0.640	172,847.000000
25.244217	0.640	150,898.000000
25.254883	0.640	134,007.000000
25.265550	0.640	121,478.000000
25.276217	0.640	112,872.000000
25.286883	0.640	107,718.000000
25.297550	0.640	105,553.000000
25.308217	0.640	104,520.000000
25.318883	0.640	103,502.000000
25.329550	0.640	103,772.000000
25.340217	0.640	104,960.000000
25.350883	0.640	105,367.000000
25.361550	0.640	105,714.000000
25.372217	0.640	106,833.000000
25.382883	0.640	107,356.000000
25.393550	0.640	106,436.000000
25.404217	0.640	105,480.000000
25.414883	0.640	105,687.000000
25.425550	0.640	105,795.000000
25.436217	0.640	105,150.000000
25.446883	0.640	105,415.000000
25.457550	0.640	106,642.000000
25.468217	0.640	107,626.000000
25.478883	0.640	108,612.000000
25.489550	0.640	109,371.000000
25.500217	0.640	109,716.000000
25.510883	0.640	110,553.000000
25.521550	0.640	111,770.000000
25.532217	0.640	114,613.000000
25.542883	0.640	121,736.000000
25.553550	0.640	131,152.000000
25.564217	0.640	138,757.000000
25.574883	0.640	143,962.000000
25.585550	0.640	146,031.000000
25.596217	0.640	142,452.000000
25.606883	0.640	133,595.000000
25.617550	0.640	122,903.000000
25.628217	0.640	113,194.000000
25.638883	0.640	105,492.000000
25.649550	0.640	99,863.000000
25.660217	0.640	96,882.000000
25.670883	0.640	97,066.000000
25.681550	0.640	97,841.000000
25.692217	0.640	96,306.000000
25.702883	0.640	94,420.000000
25.713550	0.640	94,820.000000
25.724217	0.640	95,729.000000
25.734883	0.640	94,913.000000
25.745550	0.640	93,779.000000
25.756217	0.640	94,473.000000
25.766883	0.640	96,015.000000
25.777550	0.640	96,291.000000
25.788217	0.640	95,686.000000
25.798883	0.640	96,940.000000
25.809550	0.640	102,434.000000
25.820217	0.640	109,994.000000
25.830883	0.640	114,095.000000
25.841550	0.640	114,318.000000
25.852217	0.640	115,787.000000
25.862883	0.640	120,307.000000
25.873550	0.640	125,507.000000
25.884217	0.640	131,679.000000
25.894883	0.640	141,973.000000
25.905550	0.640	156,666.000000
25.916217	0.640	171,650.000000
25.926883	0.640	182,218.000000
25.937550	0.640	186,893.000000
25.948217	0.640	186,699.000000
25.958883	0.640	182,879.000000
25.969550	0.640	179,230.000000
25.980217	0.640	183,423.000000
25.990883	0.640	204,170.000000
26.001550	0.640	253,774.000000
26.012217	0.640	354,139.000000
26.022883	0.640	547,070.000000
26.033550	0.640	935,614.000000
26.044217	0.640	1,773,458.000000
26.054883	0.640	3,563,348.000000
26.065550	0.640	6,966,916.000000
26.076217	0.640	12,192,108.000000
26.086883	0.640	17,987,022.000000
26.097550	0.640	21,503,520.000000
26.108217	0.640	20,251,865.000000
26.118883	0.640	14,674,493.000000
26.129550	0.640	8,028,047.000000
26.140217	0.640	3,362,423.000000
26.150883	0.640	1,289,955.000000
26.161550	0.640	691,673.000000
26.172217	0.640	495,208.000000
26.182883	0.640	337,994.000000
26.193550	0.640	223,101.000000
26.204217	0.640	165,473.000000
26.214883	0.640	140,080.000000
26.225550	0.640	127,700.000000
26.236217	0.640	124,421.000000
26.246883	0.640	128,574.000000
26.257550	0.640	134,762.000000
26.268217	0.640	136,510.000000
26.278883	0.640	130,224.000000
26.289550	0.640	119,121.000000
26.300217	0.640	110,522.000000
26.310883	0.640	106,794.000000
26.321550	0.640	104,967.000000
26.332217	0.640	103,624.000000
26.342883	0.640	103,628.000000
26.353550	0.640	104,595.000000
26.364217	0.640	104,668.000000
26.374883	0.640	103,800.000000
26.385550	0.640	105,176.000000
26.396217	0.640	110,173.000000
26.406883	0.640	114,695.000000
26.417550	0.640	116,080.000000
26.428217	0.640	118,453.000000
26.438883	0.640	125,914.000000
26.449550	0.640	138,352.000000
26.460217	0.640	156,830.000000
26.470883	0.640	185,153.000000
26.481550	0.640	225,171.000000
26.492217	0.640	272,791.000000
26.502883	0.640	313,497.000000
26.513550	0.640	322,999.000000
26.524217	0.640	286,779.000000
26.534883	0.640	220,467.000000
26.545550	0.640	158,622.000000
26.556217	0.640	123,618.000000
26.566883	0.640	111,641.000000
26.577550	0.640	107,385.000000
26.588217	0.640	103,234.000000
26.598883	0.640	100,375.000000
26.609550	0.640	100,409.000000
26.620217	0.640	101,879.000000
26.630883	0.640	103,030.000000
26.641550	0.640	104,699.000000
26.652217	0.640	107,826.000000
26.662883	0.640	110,108.000000
26.673550	0.640	109,121.000000
26.684217	0.640	107,570.000000
26.694883	0.640	110,172.000000
26.705550	0.640	116,356.000000
26.716217	0.640	122,788.000000
26.726883	0.640	130,292.000000
26.737550	0.640	140,951.000000
26.748217	0.640	152,647.000000
26.758883	0.640	161,133.000000
26.769550	0.640	164,083.000000
26.780217	0.640	164,401.000000
26.790883	0.640	170,227.000000
26.801550	0.640	185,547.000000
26.812217	0.640	203,516.000000
26.822883	0.640	218,254.000000
26.833550	0.640	241,049.000000
26.844217	0.640	295,991.000000
26.854883	0.640	396,564.000000
26.865550	0.640	521,241.000000
26.876217	0.640	611,848.000000
26.886883	0.640	615,642.000000
26.897550	0.640	539,631.000000
26.908217	0.640	453,934.000000
26.918883	0.640	428,256.000000
26.929550	0.640	454,953.000000
26.940217	0.640	459,469.000000
26.950883	0.640	404,332.000000
26.961550	0.640	330,757.000000
26.972217	0.640	285,385.000000
26.982883	0.640	274,450.000000
26.993550	0.640	291,515.000000
27.004217	0.640	328,370.000000
27.014883	0.640	366,591.000000
27.025550	0.640	403,446.000000
27.036217	0.640	467,175.000000
27.046883	0.640	564,431.000000
27.057550	0.640	634,112.000000
27.068217	0.640	617,888.000000
27.078883	0.640	564,123.000000
27.089550	0.640	569,530.000000
27.100217	0.640	629,776.000000
27.110883	0.640	661,114.000000
27.121550	0.640	650,682.000000
27.132217	0.640	664,839.000000
27.142883	0.640	737,810.000000
27.153550	0.640	847,562.000000
27.164217	0.640	959,879.000000
27.174883	0.640	1,053,939.000000
27.185550	0.640	1,152,869.000000
27.196217	0.640	1,302,237.000000
27.206883	0.640	1,455,658.000000
27.217550	0.640	1,491,280.000000
27.228217	0.640	1,429,364.000000
27.238883	0.640	1,494,867.000000
27.249550	0.640	2,022,439.000000
27.260217	0.640	3,590,778.000000
27.270883	0.640	6,542,379.000000
27.281550	0.640	9,359,674.000000
27.292217	0.640	9,244,661.000000
27.302883	0.640	5,922,449.000000
27.313550	0.640	2,384,149.000000
27.324217	0.640	875,556.000000
27.334883	0.640	825,893.000000
27.345550	0.640	850,390.000000
27.356217	0.640	577,875.000000
27.366883	0.640	332,219.000000
27.377550	0.640	278,522.000000
27.388217	0.640	305,650.000000
27.398883	0.640	306,811.000000
27.409550	0.640	288,994.000000
27.420217	0.640	295,895.000000
27.430883	0.640	326,714.000000
27.441550	0.640	337,153.000000
27.452217	0.640	307,857.000000
27.462883	0.640	275,421.000000
27.473550	0.640	269,926.000000
27.484217	0.640	274,237.000000
27.494883	0.640	269,415.000000
27.505550	0.640	270,287.000000
27.516217	0.640	306,334.000000
27.526883	0.640	379,493.000000
27.537550	0.640	435,341.000000
27.548217	0.640	415,647.000000
27.558883	0.640	346,330.000000
27.569550	0.640	303,719.000000
27.580217	0.640	311,523.000000
27.590883	0.640	338,623.000000
27.601550	0.640	357,332.000000
27.612217	0.640	360,849.000000
27.622883	0.640	357,881.000000
27.633550	0.640	367,809.000000
27.644217	0.640	407,813.000000
27.654883	0.640	477,721.000000
27.665550	0.640	566,765.000000
27.676217	0.640	667,954.000000
27.686883	0.640	755,754.000000
27.697550	0.640	774,033.000000
27.708217	0.640	682,366.000000
27.718883	0.640	501,220.000000
27.729550	0.640	309,119.000000
27.740217	0.640	190,311.000000
27.750883	0.640	184,382.000000
27.761550	0.640	311,606.000000
27.772217	0.640	567,821.000000
27.782883	0.640	805,126.000000
27.793550	0.640	793,686.000000
27.804217	0.640	527,077.000000
27.814883	0.640	247,044.000000
27.825550	0.640	120,063.000000
27.836217	0.640	106,590.000000
27.846883	0.640	115,564.000000
27.857550	0.640	115,696.000000
27.868217	0.640	112,891.000000
27.878883	0.640	110,663.000000
27.889550	0.640	108,038.000000
27.900217	0.640	106,803.000000
27.910883	0.640	108,427.000000
27.921550	0.640	111,091.000000
27.932217	0.640	112,190.000000
27.942883	0.640	111,957.000000
27.953550	0.640	113,403.000000
27.964217	0.640	118,321.000000
27.974883	0.640	126,617.000000
27.985550	0.640	138,673.000000
27.996217	0.640	152,453.000000
28.006883	0.640	160,992.000000
28.017550	0.640	160,519.000000
28.028217	0.640	156,072.000000
28.038883	0.640	154,537.000000
28.049550	0.640	160,405.000000
28.060217	0.640	176,359.000000
28.070883	0.640	199,700.000000
28.081550	0.640	221,217.000000
28.092217	0.640	230,439.000000
28.102883	0.640	221,830.000000
28.113550	0.640	199,291.000000
28.124217	0.640	174,258.000000
28.134883	0.640	154,640.000000
28.145550	0.640	139,782.000000
28.156217	0.640	127,810.000000
28.166883	0.640	119,250.000000
28.177550	0.640	114,326.000000
28.188217	0.640	112,415.000000
28.198883	0.640	115,439.000000
28.209550	0.640	128,555.000000
28.220217	0.640	151,848.000000
28.230883	0.640	175,804.000000
28.241550	0.640	187,846.000000
28.252217	0.640	180,203.000000
28.262883	0.640	156,239.000000
28.273550	0.640	129,619.000000
28.284217	0.640	112,284.000000
28.294883	0.640	106,106.000000
28.305550	0.640	107,156.000000
28.316217	0.640	111,405.000000
28.326883	0.640	114,687.000000
28.337550	0.640	113,815.000000
28.348217	0.640	110,747.000000
28.358883	0.640	111,483.000000
28.369550	0.640	119,658.000000
28.380217	0.640	132,256.000000
28.390883	0.640	140,315.000000
28.401550	0.640	135,969.000000
28.412217	0.640	121,646.000000
28.422883	0.640	108,382.000000
28.433550	0.640	102,744.000000
28.444217	0.640	102,590.000000
28.454883	0.640	105,518.000000
28.465550	0.640	110,786.000000
28.476217	0.640	116,390.000000
28.486883	0.640	121,426.000000
28.497550	0.640	125,947.000000
28.508217	0.640	129,129.000000
28.518883	0.640	130,868.000000
28.529550	0.640	131,948.000000
28.540217	0.640	133,301.000000
28.550883	0.640	135,892.000000
28.561550	0.640	140,342.000000
28.572217	0.640	148,043.000000
28.582883	0.640	163,933.000000
28.593550	0.640	198,570.000000
28.604217	0.640	259,447.000000
28.614883	0.640	327,143.000000
28.625550	0.640	351,245.000000
28.636217	0.640	300,086.000000
28.646883	0.640	204,728.000000
28.657550	0.640	123,292.000000
28.668217	0.640	80,781.000000
28.678883	0.640	64,418.000000
28.689550	0.640	55,181.000000
28.700217	0.640	46,445.000000
28.710883	0.640	42,717.000000
28.721550	0.640	53,687.000000
28.732217	0.640	75,982.000000
28.742883	0.640	81,682.000000
28.753550	0.640	56,534.000000
28.764217	0.640	26,615.000000
28.774883	0.640	16,555.000000
28.785550	0.640	19,614.000000
28.796217	0.640	20,977.000000
28.806883	0.640	17,759.000000
28.817550	0.640	14,144.000000
28.828217	0.640	12,763.000000
28.838883	0.640	13,068.000000
28.849550	0.640	13,471.000000
28.860217	0.640	12,613.000000
28.870883	0.640	10,340.000000
28.881550	0.640	8,588.000000
28.892217	0.640	8,938.000000
28.902883	0.640	9,758.000000
28.913550	0.640	8,873.000000
28.924217	0.640	7,160.000000
28.934883	0.640	6,337.000000
28.945550	0.640	5,933.000000
28.956217	0.640	5,371.000000
28.966883	0.640	5,735.000000
28.977550	0.640	6,737.000000
28.988217	0.640	6,206.000000
28.998883	0.640	4,294.000000
29.009550	0.640	3,323.000000
29.020217	0.640	3,885.000000
29.030883	0.640	4,804.000000
29.041550	0.640	5,118.000000
29.052217	0.640	4,522.000000
29.062883	0.640	3,565.000000
29.073550	0.640	2,949.000000
29.084217	0.640	2,151.000000
29.094883	0.640	789.000000
29.105550	0.640	270.000000
29.116217	0.640	1,562.000000
29.126883	0.640	2,760.000000
29.137550	0.640	1,990.000000
29.148217	0.640	1,235.000000
29.158883	0.640	2,503.000000
29.169550	0.640	3,566.000000
29.180217	0.640	2,947.000000
29.190883	0.640	2,586.000000
29.201550	0.640	2,878.000000
29.212217	0.640	2,634.000000
29.222883	0.640	1,843.000000
29.233550	0.640	463.000000
29.244217	0.640	-775.000000
29.254883	0.640	-98.000000
29.265550	0.640	1,676.000000
29.276217	0.640	1,973.000000
29.286883	0.640	912.000000
29.297550	0.640	492.000000
29.308217	0.640	1,004.000000
29.318883	0.640	1,117.000000
29.329550	0.640	496.000000
29.340217	0.640	629.000000
29.350883	0.640	2,245.000000
29.361550	0.640	3,598.000000
29.372217	0.640	2,912.000000
29.382883	0.640	765.000000
29.393550	0.640	-825.000000
29.404217	0.640	-704.000000
29.414883	0.640	188.000000
29.425550	0.640	91.000000
29.436217	0.640	-694.000000
29.446883	0.640	-542.000000
29.457550	0.640	-196.000000
29.468217	0.640	-1,079.000000
29.478883	0.640	-1,950.000000
29.489550	0.640	-1,236.000000
29.500217	0.640	480.000000
29.510883	0.640	1,266.000000
29.521550	0.640	-206.000000
29.532217	0.640	-2,720.000000
29.542883	0.640	-3,422.000000
29.553550	0.640	-1,563.000000
29.564217	0.640	506.000000
29.574883	0.640	948.000000
29.585550	0.640	293.000000
29.596217	0.640	-260.000000
29.606883	0.640	-118.000000
29.617550	0.640	343.000000
29.628217	0.640	754.000000
29.638883	0.640	1,374.000000
29.649550	0.640	1,731.000000
29.660217	0.640	1,291.000000
29.670883	0.640	1,076.000000
29.681550	0.640	1,886.000000
29.692217	0.640	2,722.000000
29.702883	0.640	2,503.000000
29.713550	0.640	1,551.000000
29.724217	0.640	874.000000
29.734883	0.640	1,020.000000
29.745550	0.640	1,609.000000
29.756217	0.640	1,616.000000
29.766883	0.640	446.000000
29.777550	0.640	-890.000000
29.788217	0.640	-792.000000
29.798883	0.640	678.000000
29.809550	0.640	2,027.000000
29.820217	0.640	1,970.000000
29.830883	0.640	335.000000
29.841550	0.640	-1,755.000000
29.852217	0.640	-2,713.000000
29.862883	0.640	-1,656.000000
29.873550	0.640	423.000000
29.884217	0.640	1,215.000000
29.894883	0.640	243.000000
29.905550	0.640	-814.000000
29.916217	0.640	-1,108.000000
29.926883	0.640	-946.000000
29.937550	0.640	-739.000000
29.948217	0.640	-690.000000
29.958883	0.640	-417.000000
29.969550	0.640	-39.000000
29.980217	0.640	-421.000000
29.990883	0.640	-1,323.000000
30.001550	0.640	-1,398.000000
