File Path	chrom://nnfcb-l0495/ChromeleonLocal/20180320_AA_Lars Nielsen samples Vienna_lbpet.seq/262.smp/Emission_1.channel/Emission_1.chm
Channel	Emission_1

Injection Information:
Data Vault	ChromeleonLocal
Injection	AAmix_0p25ug_mL_1
Injection Number	4
Position	RB3
Comment	
Processing Method	20171024_Calculated with IS_lbpet
Instrument Method	20161104_AA_GeminiC18_FinalVer7
Type	Calibration Standard
Status	Finished
Injection Date	20-03-2018
Injection Time	12:05:14
Injection Volume (µl)	56.500
Dilution Factor	1.0000
Weight	1.0000

Raw Data Information:
Time Min. (min)	0.003883
Time Max. (min)	30.001600
Data Points	2813
Detector	FLD
Exporting Data System	Chromeleon 7.1.2.1478
Operator	
Signal Quantity	
Signal Unit	counts
Signal Min.	-4,083.000000
Signal Max.	70,276,295.000000
Channel	Emission_1
Driver Name	FLD3000.dll
Channel Type	Evaluation
Min. Step (s)	0.640
Max. Step (s)	0.823
Average Step (s)	0.640

Signal Parameter Information:
Signal Info	340 nm /450 nm

Raw Data:
Time (min)	Step (s)	Value (counts)
0.003883	0.000	0.000000
0.017600	0.823	0.000000
0.028267	0.640	0.000000
0.038933	0.640	-303.000000
0.049600	0.640	-866.000000
0.060267	0.640	-1,552.000000
0.070933	0.640	-2,030.000000
0.081600	0.640	-1,254.000000
0.092267	0.640	207.000000
0.102933	0.640	261.000000
0.113600	0.640	-429.000000
0.124267	0.640	145.000000
0.134933	0.640	1,294.000000
0.145600	0.640	1,112.000000
0.156267	0.640	-3.000000
0.166933	0.640	-205.000000
0.177600	0.640	228.000000
0.188267	0.640	257.000000
0.198933	0.640	751.000000
0.209600	0.640	1,658.000000
0.220267	0.640	1,282.000000
0.230933	0.640	98.000000
0.241600	0.640	117.000000
0.252267	0.640	1,166.000000
0.262933	0.640	1,939.000000
0.273600	0.640	2,244.000000
0.284267	0.640	1,551.000000
0.294933	0.640	-384.000000
0.305600	0.640	-1,740.000000
0.316267	0.640	-1,615.000000
0.326933	0.640	-1,313.000000
0.337600	0.640	-1,262.000000
0.348267	0.640	-680.000000
0.358933	0.640	289.000000
0.369600	0.640	651.000000
0.380267	0.640	-370.000000
0.390933	0.640	-2,132.000000
0.401600	0.640	-2,400.000000
0.412267	0.640	-761.000000
0.422933	0.640	618.000000
0.433600	0.640	514.000000
0.444267	0.640	-436.000000
0.454933	0.640	-1,084.000000
0.465600	0.640	-1,247.000000
0.476267	0.640	-1,513.000000
0.486933	0.640	-1,166.000000
0.497600	0.640	462.000000
0.508267	0.640	1,698.000000
0.518933	0.640	1,432.000000
0.529600	0.640	581.000000
0.540267	0.640	-315.000000
0.550933	0.640	-619.000000
0.561600	0.640	442.000000
0.572267	0.640	1,237.000000
0.582933	0.640	123.000000
0.593600	0.640	-1,042.000000
0.604267	0.640	-742.000000
0.614933	0.640	-662.000000
0.625600	0.640	-1,834.000000
0.636267	0.640	-2,876.000000
0.646933	0.640	-2,807.000000
0.657600	0.640	-2,531.000000
0.668267	0.640	-2,895.000000
0.678933	0.640	-3,520.000000
0.689600	0.640	-4,083.000000
0.700267	0.640	-4,017.000000
0.710933	0.640	-2,549.000000
0.721600	0.640	-740.000000
0.732267	0.640	-106.000000
0.742933	0.640	-490.000000
0.753600	0.640	-1,338.000000
0.764267	0.640	-2,253.000000
0.774933	0.640	-2,621.000000
0.785600	0.640	-2,492.000000
0.796267	0.640	-2,085.000000
0.806933	0.640	-690.000000
0.817600	0.640	1,340.000000
0.828267	0.640	2,184.000000
0.838933	0.640	1,470.000000
0.849600	0.640	261.000000
0.860267	0.640	-115.000000
0.870933	0.640	546.000000
0.881600	0.640	121.000000
0.892267	0.640	-1,828.000000
0.902933	0.640	-2,612.000000
0.913600	0.640	-1,472.000000
0.924267	0.640	-437.000000
0.934933	0.640	-437.000000
0.945600	0.640	-510.000000
0.956267	0.640	-255.000000
0.966933	0.640	-47.000000
0.977600	0.640	-42.000000
0.988267	0.640	-412.000000
0.998933	0.640	-653.000000
1.009600	0.640	-142.000000
1.020267	0.640	259.000000
1.030933	0.640	-517.000000
1.041600	0.640	-2,055.000000
1.052267	0.640	-3,169.000000
1.062933	0.640	-3,475.000000
1.073600	0.640	-3,121.000000
1.084267	0.640	-1,793.000000
1.094933	0.640	-281.000000
1.105600	0.640	-291.000000
1.116267	0.640	-941.000000
1.126933	0.640	-366.000000
1.137600	0.640	320.000000
1.148267	0.640	-264.000000
1.158933	0.640	-1,099.000000
1.169600	0.640	-1,319.000000
1.180267	0.640	-1,279.000000
1.190933	0.640	-1,460.000000
1.201600	0.640	-1,981.000000
1.212267	0.640	-2,192.000000
1.222933	0.640	-1,377.000000
1.233600	0.640	-86.000000
1.244267	0.640	370.000000
1.254933	0.640	-212.000000
1.265600	0.640	-505.000000
1.276267	0.640	248.000000
1.286933	0.640	1,213.000000
1.297600	0.640	1,552.000000
1.308267	0.640	698.000000
1.318933	0.640	-1,620.000000
1.329600	0.640	-3,693.000000
1.340267	0.640	-3,330.000000
1.350933	0.640	-1,162.000000
1.361600	0.640	618.000000
1.372267	0.640	1,225.000000
1.382933	0.640	1,054.000000
1.393600	0.640	614.000000
1.404267	0.640	303.000000
1.414933	0.640	6.000000
1.425600	0.640	-571.000000
1.436267	0.640	-1,391.000000
1.446933	0.640	-2,166.000000
1.457600	0.640	-2,166.000000
1.468267	0.640	-1,218.000000
1.478933	0.640	-687.000000
1.489600	0.640	-1,195.000000
1.500267	0.640	-1,667.000000
1.510933	0.640	-1,603.000000
1.521600	0.640	-1,275.000000
1.532267	0.640	-807.000000
1.542933	0.640	40.000000
1.553600	0.640	1,467.000000
1.564267	0.640	2,145.000000
1.574933	0.640	819.000000
1.585600	0.640	-702.000000
1.596267	0.640	-269.000000
1.606933	0.640	1,129.000000
1.617600	0.640	1,444.000000
1.628267	0.640	374.000000
1.638933	0.640	-727.000000
1.649600	0.640	-367.000000
1.660267	0.640	1,215.000000
1.670933	0.640	1,959.000000
1.681600	0.640	885.000000
1.692267	0.640	-300.000000
1.702933	0.640	-11.000000
1.713600	0.640	1,075.000000
1.724267	0.640	1,718.000000
1.734933	0.640	1,710.000000
1.745600	0.640	1,584.000000
1.756267	0.640	1,573.000000
1.766933	0.640	1,137.000000
1.777600	0.640	24.000000
1.788267	0.640	-997.000000
1.798933	0.640	-1,293.000000
1.809600	0.640	-943.000000
1.820267	0.640	-257.000000
1.830933	0.640	-173.000000
1.841600	0.640	-1,483.000000
1.852267	0.640	-2,976.000000
1.862933	0.640	-2,732.000000
1.873600	0.640	-644.000000
1.884267	0.640	1,414.000000
1.894933	0.640	1,131.000000
1.905600	0.640	-970.000000
1.916267	0.640	-1,435.000000
1.926933	0.640	399.000000
1.937600	0.640	1,253.000000
1.948267	0.640	-396.000000
1.958933	0.640	-2,423.000000
1.969600	0.640	-2,598.000000
1.980267	0.640	-1,022.000000
1.990933	0.640	646.000000
2.001600	0.640	995.000000
2.012267	0.640	91.000000
2.022933	0.640	-543.000000
2.033600	0.640	-131.000000
2.044267	0.640	244.000000
2.054933	0.640	-120.000000
2.065600	0.640	-646.000000
2.076267	0.640	-657.000000
2.086933	0.640	48.000000
2.097600	0.640	559.000000
2.108267	0.640	-50.000000
2.118933	0.640	-867.000000
2.129600	0.640	-1,065.000000
2.140267	0.640	-1,010.000000
2.150933	0.640	-386.000000
2.161600	0.640	572.000000
2.172267	0.640	193.000000
2.182933	0.640	-1,750.000000
2.193600	0.640	-3,513.000000
2.204267	0.640	-3,853.000000
2.214933	0.640	-2,794.000000
2.225600	0.640	-1,087.000000
2.236267	0.640	-126.000000
2.246933	0.640	-82.000000
2.257600	0.640	738.000000
2.268267	0.640	2,385.000000
2.278933	0.640	2,944.000000
2.289600	0.640	1,832.000000
2.300267	0.640	-8.000000
2.310933	0.640	-1,834.000000
2.321600	0.640	-2,995.000000
2.332267	0.640	-2,779.000000
2.342933	0.640	-1,550.000000
2.353600	0.640	-355.000000
2.364267	0.640	339.000000
2.374933	0.640	398.000000
2.385600	0.640	-391.000000
2.396267	0.640	-1,488.000000
2.406933	0.640	-1,763.000000
2.417600	0.640	-1,191.000000
2.428267	0.640	-424.000000
2.438933	0.640	52.000000
2.449600	0.640	-209.000000
2.460267	0.640	-750.000000
2.470933	0.640	-902.000000
2.481600	0.640	-1,148.000000
2.492267	0.640	-1,841.000000
2.502933	0.640	-1,972.000000
2.513600	0.640	-1,001.000000
2.524267	0.640	60.000000
2.534933	0.640	586.000000
2.545600	0.640	733.000000
2.556267	0.640	580.000000
2.566933	0.640	279.000000
2.577600	0.640	187.000000
2.588267	0.640	717.000000
2.598933	0.640	1,216.000000
2.609600	0.640	157.000000
2.620267	0.640	-2,089.000000
2.630933	0.640	-3,446.000000
2.641600	0.640	-3,483.000000
2.652267	0.640	-3,159.000000
2.662933	0.640	-2,555.000000
2.673600	0.640	-1,521.000000
2.684267	0.640	-758.000000
2.694933	0.640	-963.000000
2.705600	0.640	-1,156.000000
2.716267	0.640	255.000000
2.726933	0.640	2,565.000000
2.737600	0.640	3,907.000000
2.748267	0.640	3,720.000000
2.758933	0.640	2,535.000000
2.769600	0.640	1,169.000000
2.780267	0.640	51.000000
2.790933	0.640	-616.000000
2.801600	0.640	-283.000000
2.812267	0.640	594.000000
2.822933	0.640	267.000000
2.833600	0.640	-1,297.000000
2.844267	0.640	-2,347.000000
2.854933	0.640	-2,189.000000
2.865600	0.640	-1,086.000000
2.876267	0.640	531.000000
2.886933	0.640	1,608.000000
2.897600	0.640	1,441.000000
2.908267	0.640	549.000000
2.918933	0.640	-444.000000
2.929600	0.640	-1,336.000000
2.940267	0.640	-1,347.000000
2.950933	0.640	129.000000
2.961600	0.640	1,487.000000
2.972267	0.640	1,311.000000
2.982933	0.640	1,158.000000
2.993600	0.640	1,627.000000
3.004267	0.640	1,161.000000
3.014933	0.640	492.000000
3.025600	0.640	1,526.000000
3.036267	0.640	4,022.000000
3.046933	0.640	7,216.000000
3.057600	0.640	11,890.000000
3.068267	0.640	20,284.000000
3.078933	0.640	35,246.000000
3.089600	0.640	59,410.000000
3.100267	0.640	94,625.000000
3.110933	0.640	140,260.000000
3.121600	0.640	189,561.000000
3.132267	0.640	229,182.000000
3.142933	0.640	246,524.000000
3.153600	0.640	239,396.000000
3.164267	0.640	217,591.000000
3.174933	0.640	193,294.000000
3.185600	0.640	172,548.000000
3.196267	0.640	157,555.000000
3.206933	0.640	148,131.000000
3.217600	0.640	140,071.000000
3.228267	0.640	131,441.000000
3.238933	0.640	124,974.000000
3.249600	0.640	120,575.000000
3.260267	0.640	114,731.000000
3.270933	0.640	105,884.000000
3.281600	0.640	94,457.000000
3.292267	0.640	80,936.000000
3.302933	0.640	66,526.000000
3.313600	0.640	52,810.000000
3.324267	0.640	39,701.000000
3.334933	0.640	27,484.000000
3.345600	0.640	18,973.000000
3.356267	0.640	14,659.000000
3.366933	0.640	11,116.000000
3.377600	0.640	6,984.000000
3.388267	0.640	3,775.000000
3.398933	0.640	1,913.000000
3.409600	0.640	1,270.000000
3.420267	0.640	1,920.000000
3.430933	0.640	2,193.000000
3.441600	0.640	448.000000
3.452267	0.640	-1,610.000000
3.462933	0.640	-879.000000
3.473600	0.640	2,330.000000
3.484267	0.640	4,075.000000
3.494933	0.640	2,331.000000
3.505600	0.640	-349.000000
3.516267	0.640	-1,223.000000
3.526933	0.640	-652.000000
3.537600	0.640	-47.000000
3.548267	0.640	752.000000
3.558933	0.640	2,322.000000
3.569600	0.640	3,170.000000
3.580267	0.640	1,839.000000
3.590933	0.640	-171.000000
3.601600	0.640	-851.000000
3.612267	0.640	-384.000000
3.622933	0.640	335.000000
3.633600	0.640	753.000000
3.644267	0.640	201.000000
3.654933	0.640	-632.000000
3.665600	0.640	-145.000000
3.676267	0.640	914.000000
3.686933	0.640	747.000000
3.697600	0.640	-78.000000
3.708267	0.640	-100.000000
3.718933	0.640	197.000000
3.729600	0.640	-115.000000
3.740267	0.640	-64.000000
3.750933	0.640	904.000000
3.761600	0.640	1,742.000000
3.772267	0.640	2,613.000000
3.782933	0.640	3,800.000000
3.793600	0.640	3,900.000000
3.804267	0.640	3,069.000000
3.814933	0.640	3,305.000000
3.825600	0.640	4,397.000000
3.836267	0.640	4,209.000000
3.846933	0.640	2,564.000000
3.857600	0.640	1,531.000000
3.868267	0.640	2,001.000000
3.878933	0.640	2,815.000000
3.889600	0.640	3,364.000000
3.900267	0.640	3,899.000000
3.910933	0.640	3,500.000000
3.921600	0.640	1,483.000000
3.932267	0.640	-215.000000
3.942933	0.640	67.000000
3.953600	0.640	825.000000
3.964267	0.640	614.000000
3.974933	0.640	257.000000
3.985600	0.640	242.000000
3.996267	0.640	183.000000
4.006933	0.640	279.000000
4.017600	0.640	597.000000
4.028267	0.640	721.000000
4.038933	0.640	754.000000
4.049600	0.640	1,104.000000
4.060267	0.640	1,503.000000
4.070933	0.640	1,428.000000
4.081600	0.640	1,282.000000
4.092267	0.640	1,487.000000
4.102933	0.640	1,199.000000
4.113600	0.640	422.000000
4.124267	0.640	883.000000
4.134933	0.640	2,443.000000
4.145600	0.640	2,746.000000
4.156267	0.640	1,224.000000
4.166933	0.640	-238.000000
4.177600	0.640	-213.000000
4.188267	0.640	602.000000
4.198933	0.640	778.000000
4.209600	0.640	176.000000
4.220267	0.640	-165.000000
4.230933	0.640	568.000000
4.241600	0.640	1,515.000000
4.252267	0.640	906.000000
4.262933	0.640	-943.000000
4.273600	0.640	-2,083.000000
4.284267	0.640	-1,812.000000
4.294933	0.640	-775.000000
4.305600	0.640	165.000000
4.316267	0.640	786.000000
4.326933	0.640	1,360.000000
4.337600	0.640	1,766.000000
4.348267	0.640	1,816.000000
4.358933	0.640	1,639.000000
4.369600	0.640	1,530.000000
4.380267	0.640	1,731.000000
4.390933	0.640	2,214.000000
4.401600	0.640	2,838.000000
4.412267	0.640	3,178.000000
4.422933	0.640	2,924.000000
4.433600	0.640	2,538.000000
4.444267	0.640	2,323.000000
4.454933	0.640	1,912.000000
4.465600	0.640	1,456.000000
4.476267	0.640	1,554.000000
4.486933	0.640	2,010.000000
4.497600	0.640	2,262.000000
4.508267	0.640	2,383.000000
4.518933	0.640	2,975.000000
4.529600	0.640	4,073.000000
4.540267	0.640	4,622.000000
4.550933	0.640	4,588.000000
4.561600	0.640	5,459.000000
4.572267	0.640	7,400.000000
4.582933	0.640	8,754.000000
4.593600	0.640	8,360.000000
4.604267	0.640	7,378.000000
4.614933	0.640	8,346.000000
4.625600	0.640	12,144.000000
4.636267	0.640	17,742.000000
4.646933	0.640	24,679.000000
4.657600	0.640	35,433.000000
4.668267	0.640	56,480.000000
4.678933	0.640	96,016.000000
4.689600	0.640	160,034.000000
4.700267	0.640	246,500.000000
4.710933	0.640	339,416.000000
4.721600	0.640	409,513.000000
4.732267	0.640	423,188.000000
4.742933	0.640	366,619.000000
4.753600	0.640	266,588.000000
4.764267	0.640	168,616.000000
4.774933	0.640	98,117.000000
4.785600	0.640	55,159.000000
4.796267	0.640	31,296.000000
4.806933	0.640	18,977.000000
4.817600	0.640	12,723.000000
4.828267	0.640	9,036.000000
4.838933	0.640	6,455.000000
4.849600	0.640	5,175.000000
4.860267	0.640	4,517.000000
4.870933	0.640	2,337.000000
4.881600	0.640	-621.000000
4.892267	0.640	-1,340.000000
4.902933	0.640	-336.000000
4.913600	0.640	401.000000
4.924267	0.640	1,225.000000
4.934933	0.640	1,855.000000
4.945600	0.640	1,561.000000
4.956267	0.640	1,250.000000
4.966933	0.640	1,205.000000
4.977600	0.640	1,172.000000
4.988267	0.640	1,725.000000
4.998933	0.640	2,891.000000
5.009600	0.640	3,858.000000
5.020267	0.640	3,990.000000
5.030933	0.640	3,598.000000
5.041600	0.640	3,749.000000
5.052267	0.640	4,299.000000
5.062933	0.640	3,530.000000
5.073600	0.640	1,299.000000
5.084267	0.640	238.000000
5.094933	0.640	1,173.000000
5.105600	0.640	1,707.000000
5.116267	0.640	1,440.000000
5.126933	0.640	1,870.000000
5.137600	0.640	2,770.000000
5.148267	0.640	3,074.000000
5.158933	0.640	2,188.000000
5.169600	0.640	619.000000
5.180267	0.640	96.000000
5.190933	0.640	1,508.000000
5.201600	0.640	3,324.000000
5.212267	0.640	3,551.000000
5.222933	0.640	2,704.000000
5.233600	0.640	2,233.000000
5.244267	0.640	1,879.000000
5.254933	0.640	1,131.000000
5.265600	0.640	319.000000
5.276267	0.640	245.000000
5.286933	0.640	1,731.000000
5.297600	0.640	3,662.000000
5.308267	0.640	3,830.000000
5.318933	0.640	2,494.000000
5.329600	0.640	1,838.000000
5.340267	0.640	2,574.000000
5.350933	0.640	3,343.000000
5.361600	0.640	3,230.000000
5.372267	0.640	3,047.000000
5.382933	0.640	3,588.000000
5.393600	0.640	4,350.000000
5.404267	0.640	4,737.000000
5.414933	0.640	4,766.000000
5.425600	0.640	4,592.000000
5.436267	0.640	4,637.000000
5.446933	0.640	5,305.000000
5.457600	0.640	6,488.000000
5.468267	0.640	7,706.000000
5.478933	0.640	8,609.000000
5.489600	0.640	9,955.000000
5.500267	0.640	12,714.000000
5.510933	0.640	16,639.000000
5.521600	0.640	21,993.000000
5.532267	0.640	30,252.000000
5.542933	0.640	42,467.000000
5.553600	0.640	58,504.000000
5.564267	0.640	75,437.000000
5.574933	0.640	87,827.000000
5.585600	0.640	91,339.000000
5.596267	0.640	85,709.000000
5.606933	0.640	75,380.000000
5.617600	0.640	64,531.000000
5.628267	0.640	53,069.000000
5.638933	0.640	40,784.000000
5.649600	0.640	29,468.000000
5.660267	0.640	20,164.000000
5.670933	0.640	13,203.000000
5.681600	0.640	8,984.000000
5.692267	0.640	7,077.000000
5.702933	0.640	6,561.000000
5.713600	0.640	6,608.000000
5.724267	0.640	6,262.000000
5.734933	0.640	5,314.000000
5.745600	0.640	4,829.000000
5.756267	0.640	5,475.000000
5.766933	0.640	6,189.000000
5.777600	0.640	5,494.000000
5.788267	0.640	4,088.000000
5.798933	0.640	3,945.000000
5.809600	0.640	4,558.000000
5.820267	0.640	4,081.000000
5.830933	0.640	2,953.000000
5.841600	0.640	2,549.000000
5.852267	0.640	2,779.000000
5.862933	0.640	3,220.000000
5.873600	0.640	3,970.000000
5.884267	0.640	4,555.000000
5.894933	0.640	4,277.000000
5.905600	0.640	3,486.000000
5.916267	0.640	3,288.000000
5.926933	0.640	4,146.000000
5.937600	0.640	5,006.000000
5.948267	0.640	4,727.000000
5.958933	0.640	3,705.000000
5.969600	0.640	3,091.000000
5.980267	0.640	3,506.000000
5.990933	0.640	4,095.000000
6.001600	0.640	3,691.000000
6.012267	0.640	3,171.000000
6.022933	0.640	3,611.000000
6.033600	0.640	4,356.000000
6.044267	0.640	4,853.000000
6.054933	0.640	5,025.000000
6.065600	0.640	4,517.000000
6.076267	0.640	3,600.000000
6.086933	0.640	3,588.000000
6.097600	0.640	4,981.000000
6.108267	0.640	6,078.000000
6.118933	0.640	5,834.000000
6.129600	0.640	5,952.000000
6.140267	0.640	7,626.000000
6.150933	0.640	9,992.000000
6.161600	0.640	11,738.000000
6.172267	0.640	11,354.000000
6.182933	0.640	9,010.000000
6.193600	0.640	6,959.000000
6.204267	0.640	5,409.000000
6.214933	0.640	3,168.000000
6.225600	0.640	1,247.000000
6.236267	0.640	1,176.000000
6.246933	0.640	2,594.000000
6.257600	0.640	3,787.000000
6.268267	0.640	3,852.000000
6.278933	0.640	4,273.000000
6.289600	0.640	6,266.000000
6.300267	0.640	8,110.000000
6.310933	0.640	8,456.000000
6.321600	0.640	9,297.000000
6.332267	0.640	12,495.000000
6.342933	0.640	16,974.000000
6.353600	0.640	22,089.000000
6.364267	0.640	29,863.000000
6.374933	0.640	42,468.000000
6.385600	0.640	60,961.000000
6.396267	0.640	85,158.000000
6.406933	0.640	112,277.000000
6.417600	0.640	136,723.000000
6.428267	0.640	151,717.000000
6.438933	0.640	151,590.000000
6.449600	0.640	134,762.000000
6.460267	0.640	106,716.000000
6.470933	0.640	77,183.000000
6.481600	0.640	52,379.000000
6.492267	0.640	33,591.000000
6.502933	0.640	20,902.000000
6.513600	0.640	13,936.000000
6.524267	0.640	10,989.000000
6.534933	0.640	9,518.000000
6.545600	0.640	8,006.000000
6.556267	0.640	6,501.000000
6.566933	0.640	5,420.000000
6.577600	0.640	5,309.000000
6.588267	0.640	5,969.000000
6.598933	0.640	5,765.000000
6.609600	0.640	4,465.000000
6.620267	0.640	4,094.000000
6.630933	0.640	5,000.000000
6.641600	0.640	5,344.000000
6.652267	0.640	4,693.000000
6.662933	0.640	4,298.000000
6.673600	0.640	4,467.000000
6.684267	0.640	4,594.000000
6.694933	0.640	4,901.000000
6.705600	0.640	5,533.000000
6.716267	0.640	5,928.000000
6.726933	0.640	5,957.000000
6.737600	0.640	5,372.000000
6.748267	0.640	4,498.000000
6.758933	0.640	5,204.000000
6.769600	0.640	7,323.000000
6.780267	0.640	8,050.000000
6.790933	0.640	7,125.000000
6.801600	0.640	6,525.000000
6.812267	0.640	6,012.000000
6.822933	0.640	4,771.000000
6.833600	0.640	4,152.000000
6.844267	0.640	5,339.000000
6.854933	0.640	7,294.000000
6.865600	0.640	8,786.000000
6.876267	0.640	10,031.000000
6.886933	0.640	10,474.000000
6.897600	0.640	8,881.000000
6.908267	0.640	6,682.000000
6.918933	0.640	6,296.000000
6.929600	0.640	7,022.000000
6.940267	0.640	6,924.000000
6.950933	0.640	6,348.000000
6.961600	0.640	6,189.000000
6.972267	0.640	6,036.000000
6.982933	0.640	5,632.000000
6.993600	0.640	5,351.000000
7.004267	0.640	5,519.000000
7.014933	0.640	6,167.000000
7.025600	0.640	6,519.000000
7.036267	0.640	5,898.000000
7.046933	0.640	5,421.000000
7.057600	0.640	6,288.000000
7.068267	0.640	7,195.000000
7.078933	0.640	6,499.000000
7.089600	0.640	5,163.000000
7.100267	0.640	4,784.000000
7.110933	0.640	5,300.000000
7.121600	0.640	6,184.000000
7.132267	0.640	6,971.000000
7.142933	0.640	6,997.000000
7.153600	0.640	6,424.000000
7.164267	0.640	6,221.000000
7.174933	0.640	6,758.000000
7.185600	0.640	7,152.000000
7.196267	0.640	6,694.000000
7.206933	0.640	6,249.000000
7.217600	0.640	6,591.000000
7.228267	0.640	7,158.000000
7.238933	0.640	7,254.000000
7.249600	0.640	6,588.000000
7.260267	0.640	5,541.000000
7.270933	0.640	4,684.000000
7.281600	0.640	3,671.000000
7.292267	0.640	3,021.000000
7.302933	0.640	4,324.000000
7.313600	0.640	7,049.000000
7.324267	0.640	9,164.000000
7.334933	0.640	9,152.000000
7.345600	0.640	6,559.000000
7.356267	0.640	3,916.000000
7.366933	0.640	3,794.000000
7.377600	0.640	4,190.000000
7.388267	0.640	3,355.000000
7.398933	0.640	3,121.000000
7.409600	0.640	3,996.000000
7.420267	0.640	4,634.000000
7.430933	0.640	4,781.000000
7.441600	0.640	4,886.000000
7.452267	0.640	5,564.000000
7.462933	0.640	6,849.000000
7.473600	0.640	7,417.000000
7.484267	0.640	6,529.000000
7.494933	0.640	5,588.000000
7.505600	0.640	5,995.000000
7.516267	0.640	6,658.000000
7.526933	0.640	6,024.000000
7.537600	0.640	4,978.000000
7.548267	0.640	5,147.000000
7.558933	0.640	6,137.000000
7.569600	0.640	6,279.000000
7.580267	0.640	5,496.000000
7.590933	0.640	4,942.000000
7.601600	0.640	4,627.000000
7.612267	0.640	4,743.000000
7.622933	0.640	6,201.000000
7.633600	0.640	7,912.000000
7.644267	0.640	7,813.000000
7.654933	0.640	6,053.000000
7.665600	0.640	4,172.000000
7.676267	0.640	3,263.000000
7.686933	0.640	4,137.000000
7.697600	0.640	6,171.000000
7.708267	0.640	7,065.000000
7.718933	0.640	6,584.000000
7.729600	0.640	6,969.000000
7.740267	0.640	8,365.000000
7.750933	0.640	8,770.000000
7.761600	0.640	8,337.000000
7.772267	0.640	8,927.000000
7.782933	0.640	10,901.000000
7.793600	0.640	14,068.000000
7.804267	0.640	18,760.000000
7.814933	0.640	25,046.000000
7.825600	0.640	33,036.000000
7.836267	0.640	43,334.000000
7.846933	0.640	58,878.000000
7.857600	0.640	84,647.000000
7.868267	0.640	124,706.000000
7.878933	0.640	183,306.000000
7.889600	0.640	260,189.000000
7.900267	0.640	341,963.000000
7.910933	0.640	407,197.000000
7.921600	0.640	436,488.000000
7.932267	0.640	419,087.000000
7.942933	0.640	358,541.000000
7.953600	0.640	272,231.000000
7.964267	0.640	184,896.000000
7.974933	0.640	115,906.000000
7.985600	0.640	69,849.000000
7.996267	0.640	42,981.000000
8.006933	0.640	29,757.000000
8.017600	0.640	22,831.000000
8.028267	0.640	17,307.000000
8.038933	0.640	12,628.000000
8.049600	0.640	9,486.000000
8.060267	0.640	8,240.000000
8.070933	0.640	8,420.000000
8.081600	0.640	9,748.000000
8.092267	0.640	12,793.000000
8.102933	0.640	17,105.000000
8.113600	0.640	21,416.000000
8.124267	0.640	25,059.000000
8.134933	0.640	27,011.000000
8.145600	0.640	26,053.000000
8.156267	0.640	22,138.000000
8.166933	0.640	16,661.000000
8.177600	0.640	12,150.000000
8.188267	0.640	9,931.000000
8.198933	0.640	8,694.000000
8.209600	0.640	7,295.000000
8.220267	0.640	6,337.000000
8.230933	0.640	6,210.000000
8.241600	0.640	6,215.000000
8.252267	0.640	5,886.000000
8.262933	0.640	5,811.000000
8.273600	0.640	6,417.000000
8.284267	0.640	7,040.000000
8.294933	0.640	6,895.000000
8.305600	0.640	5,829.000000
8.316267	0.640	5,058.000000
8.326933	0.640	6,096.000000
8.337600	0.640	7,565.000000
8.348267	0.640	7,340.000000
8.358933	0.640	6,581.000000
8.369600	0.640	6,817.000000
8.380267	0.640	7,192.000000
8.390933	0.640	7,127.000000
8.401600	0.640	7,250.000000
8.412267	0.640	7,385.000000
8.422933	0.640	7,037.000000
8.433600	0.640	6,781.000000
8.444267	0.640	6,649.000000
8.454933	0.640	5,945.000000
8.465600	0.640	5,700.000000
8.476267	0.640	6,930.000000
8.486933	0.640	8,055.000000
8.497600	0.640	8,092.000000
8.508267	0.640	8,319.000000
8.518933	0.640	8,978.000000
8.529600	0.640	9,094.000000
8.540267	0.640	9,109.000000
8.550933	0.640	10,028.000000
8.561600	0.640	11,052.000000
8.572267	0.640	10,707.000000
8.582933	0.640	10,130.000000
8.593600	0.640	12,652.000000
8.604267	0.640	19,178.000000
8.614933	0.640	27,093.000000
8.625600	0.640	35,387.000000
8.636267	0.640	46,800.000000
8.646933	0.640	63,710.000000
8.657600	0.640	87,394.000000
8.668267	0.640	121,237.000000
8.678933	0.640	171,922.000000
8.689600	0.640	249,010.000000
8.700267	0.640	357,355.000000
8.710933	0.640	486,892.000000
8.721600	0.640	615,347.000000
8.732267	0.640	713,580.000000
8.742933	0.640	750,685.000000
8.753600	0.640	711,906.000000
8.764267	0.640	609,487.000000
8.774933	0.640	472,385.000000
8.785600	0.640	332,298.000000
8.796267	0.640	214,872.000000
8.806933	0.640	132,261.000000
8.817600	0.640	80,919.000000
8.828267	0.640	50,911.000000
8.838933	0.640	34,740.000000
8.849600	0.640	26,294.000000
8.860267	0.640	20,454.000000
8.870933	0.640	16,036.000000
8.881600	0.640	14,126.000000
8.892267	0.640	13,955.000000
8.902933	0.640	13,233.000000
8.913600	0.640	11,481.000000
8.924267	0.640	10,127.000000
8.934933	0.640	9,424.000000
8.945600	0.640	8,554.000000
8.956267	0.640	7,639.000000
8.966933	0.640	7,395.000000
8.977600	0.640	8,393.000000
8.988267	0.640	9,628.000000
8.998933	0.640	9,192.000000
9.009600	0.640	7,952.000000
9.020267	0.640	7,849.000000
9.030933	0.640	8,284.000000
9.041600	0.640	8,737.000000
9.052267	0.640	10,160.000000
9.062933	0.640	11,498.000000
9.073600	0.640	10,672.000000
9.084267	0.640	8,886.000000
9.094933	0.640	8,610.000000
9.105600	0.640	9,633.000000
9.116267	0.640	10,312.000000
9.126933	0.640	10,107.000000
9.137600	0.640	9,951.000000
9.148267	0.640	10,655.000000
9.158933	0.640	11,183.000000
9.169600	0.640	10,327.000000
9.180267	0.640	9,164.000000
9.190933	0.640	8,726.000000
9.201600	0.640	8,365.000000
9.212267	0.640	8,681.000000
9.222933	0.640	10,251.000000
9.233600	0.640	10,955.000000
9.244267	0.640	9,327.000000
9.254933	0.640	6,789.000000
9.265600	0.640	6,207.000000
9.276267	0.640	8,677.000000
9.286933	0.640	11,350.000000
9.297600	0.640	11,691.000000
9.308267	0.640	10,421.000000
9.318933	0.640	8,776.000000
9.329600	0.640	7,808.000000
9.340267	0.640	8,323.000000
9.350933	0.640	9,645.000000
9.361600	0.640	10,742.000000
9.372267	0.640	10,942.000000
9.382933	0.640	10,065.000000
9.393600	0.640	9,448.000000
9.404267	0.640	10,160.000000
9.414933	0.640	11,252.000000
9.425600	0.640	11,344.000000
9.436267	0.640	10,132.000000
9.446933	0.640	8,813.000000
9.457600	0.640	9,098.000000
9.468267	0.640	10,644.000000
9.478933	0.640	11,195.000000
9.489600	0.640	10,343.000000
9.500267	0.640	10,031.000000
9.510933	0.640	11,093.000000
9.521600	0.640	12,681.000000
9.532267	0.640	14,222.000000
9.542933	0.640	15,767.000000
9.553600	0.640	17,938.000000
9.564267	0.640	21,209.000000
9.574933	0.640	24,950.000000
9.585600	0.640	30,323.000000
9.596267	0.640	39,904.000000
9.606933	0.640	52,975.000000
9.617600	0.640	69,214.000000
9.628267	0.640	93,336.000000
9.638933	0.640	131,262.000000
9.649600	0.640	187,294.000000
9.660267	0.640	259,502.000000
9.670933	0.640	333,251.000000
9.681600	0.640	387,210.000000
9.692267	0.640	404,530.000000
9.702933	0.640	378,054.000000
9.713600	0.640	315,006.000000
9.724267	0.640	237,058.000000
9.734933	0.640	166,312.000000
9.745600	0.640	111,438.000000
9.756267	0.640	72,365.000000
9.766933	0.640	48,143.000000
9.777600	0.640	35,183.000000
9.788267	0.640	28,549.000000
9.798933	0.640	25,655.000000
9.809600	0.640	24,521.000000
9.820267	0.640	22,520.000000
9.830933	0.640	19,276.000000
9.841600	0.640	17,257.000000
9.852267	0.640	17,314.000000
9.862933	0.640	17,055.000000
9.873600	0.640	15,367.000000
9.884267	0.640	14,233.000000
9.894933	0.640	14,832.000000
9.905600	0.640	15,837.000000
9.916267	0.640	16,184.000000
9.926933	0.640	16,693.000000
9.937600	0.640	18,623.000000
9.948267	0.640	22,128.000000
9.958933	0.640	26,554.000000
9.969600	0.640	31,105.000000
9.980267	0.640	35,501.000000
9.990933	0.640	41,702.000000
10.001600	0.640	53,412.000000
10.012267	0.640	72,610.000000
10.022933	0.640	98,945.000000
10.033600	0.640	129,991.000000
10.044267	0.640	159,353.000000
10.054933	0.640	179,538.000000
10.065600	0.640	185,277.000000
10.076267	0.640	173,088.000000
10.086933	0.640	145,500.000000
10.097600	0.640	112,395.000000
10.108267	0.640	83,481.000000
10.118933	0.640	62,866.000000
10.129600	0.640	49,271.000000
10.140267	0.640	40,790.000000
10.150933	0.640	37,897.000000
10.161600	0.640	39,180.000000
10.172267	0.640	40,734.000000
10.182933	0.640	41,515.000000
10.193600	0.640	42,788.000000
10.204267	0.640	43,563.000000
10.214933	0.640	42,343.000000
10.225600	0.640	40,902.000000
10.236267	0.640	40,509.000000
10.246933	0.640	38,965.000000
10.257600	0.640	34,929.000000
10.268267	0.640	29,168.000000
10.278933	0.640	23,192.000000
10.289600	0.640	19,428.000000
10.300267	0.640	18,327.000000
10.310933	0.640	17,772.000000
10.321600	0.640	17,012.000000
10.332267	0.640	16,307.000000
10.342933	0.640	14,898.000000
10.353600	0.640	13,111.000000
10.364267	0.640	12,618.000000
10.374933	0.640	12,800.000000
10.385600	0.640	11,728.000000
10.396267	0.640	10,819.000000
10.406933	0.640	12,446.000000
10.417600	0.640	14,827.000000
10.428267	0.640	15,208.000000
10.438933	0.640	14,342.000000
10.449600	0.640	14,133.000000
10.460267	0.640	14,525.000000
10.470933	0.640	14,463.000000
10.481600	0.640	13,536.000000
10.492267	0.640	12,331.000000
10.502933	0.640	11,794.000000
10.513600	0.640	11,680.000000
10.524267	0.640	11,126.000000
10.534933	0.640	10,250.000000
10.545600	0.640	9,697.000000
10.556267	0.640	10,164.000000
10.566933	0.640	11,527.000000
10.577600	0.640	12,649.000000
10.588267	0.640	13,264.000000
10.598933	0.640	13,485.000000
10.609600	0.640	12,767.000000
10.620267	0.640	11,732.000000
10.630933	0.640	11,837.000000
10.641600	0.640	12,620.000000
10.652267	0.640	12,439.000000
10.662933	0.640	11,668.000000
10.673600	0.640	11,761.000000
10.684267	0.640	12,210.000000
10.694933	0.640	12,111.000000
10.705600	0.640	11,954.000000
10.716267	0.640	12,105.000000
10.726933	0.640	12,586.000000
10.737600	0.640	13,483.000000
10.748267	0.640	13,862.000000
10.758933	0.640	12,616.000000
10.769600	0.640	11,287.000000
10.780267	0.640	12,406.000000
10.790933	0.640	14,985.000000
10.801600	0.640	16,255.000000
10.812267	0.640	15,437.000000
10.822933	0.640	12,751.000000
10.833600	0.640	9,664.000000
10.844267	0.640	9,023.000000
10.854933	0.640	10,794.000000
10.865600	0.640	12,301.000000
10.876267	0.640	12,735.000000
10.886933	0.640	12,903.000000
10.897600	0.640	13,512.000000
10.908267	0.640	15,458.000000
10.918933	0.640	19,007.000000
10.929600	0.640	23,195.000000
10.940267	0.640	27,899.000000
10.950933	0.640	35,049.000000
10.961600	0.640	46,459.000000
10.972267	0.640	62,493.000000
10.982933	0.640	83,313.000000
10.993600	0.640	110,716.000000
11.004267	0.640	150,337.000000
11.014933	0.640	211,214.000000
11.025600	0.640	303,072.000000
11.036267	0.640	433,341.000000
11.046933	0.640	596,230.000000
11.057600	0.640	764,207.000000
11.068267	0.640	897,913.000000
11.078933	0.640	959,520.000000
11.089600	0.640	926,925.000000
11.100267	0.640	809,347.000000
11.110933	0.640	641,743.000000
11.121600	0.640	465,116.000000
11.132267	0.640	311,477.000000
11.142933	0.640	196,212.000000
11.153600	0.640	120,879.000000
11.164267	0.640	78,715.000000
11.174933	0.640	58,368.000000
11.185600	0.640	49,204.000000
11.196267	0.640	44,667.000000
11.206933	0.640	42,938.000000
11.217600	0.640	45,424.000000
11.228267	0.640	53,008.000000
11.238933	0.640	64,515.000000
11.249600	0.640	78,847.000000
11.260267	0.640	98,094.000000
11.270933	0.640	128,548.000000
11.281600	0.640	176,754.000000
11.292267	0.640	242,727.000000
11.302933	0.640	318,128.000000
11.313600	0.640	389,891.000000
11.324267	0.640	441,573.000000
11.334933	0.640	454,520.000000
11.345600	0.640	417,986.000000
11.356267	0.640	344,099.000000
11.366933	0.640	261,069.000000
11.377600	0.640	185,500.000000
11.388267	0.640	120,656.000000
11.398933	0.640	73,091.000000
11.409600	0.640	46,529.000000
11.420267	0.640	34,050.000000
11.430933	0.640	26,987.000000
11.441600	0.640	21,690.000000
11.452267	0.640	18,182.000000
11.462933	0.640	16,518.000000
11.473600	0.640	15,990.000000
11.484267	0.640	16,007.000000
11.494933	0.640	15,718.000000
11.505600	0.640	15,281.000000
11.516267	0.640	16,060.000000
11.526933	0.640	18,030.000000
11.537600	0.640	20,716.000000
11.548267	0.640	25,078.000000
11.558933	0.640	30,313.000000
11.569600	0.640	32,698.000000
11.580267	0.640	30,553.000000
11.590933	0.640	26,397.000000
11.601600	0.640	22,876.000000
11.612267	0.640	20,153.000000
11.622933	0.640	17,652.000000
11.633600	0.640	15,344.000000
11.644267	0.640	13,834.000000
11.654933	0.640	13,667.000000
11.665600	0.640	14,235.000000
11.676267	0.640	14,235.000000
11.686933	0.640	13,045.000000
11.697600	0.640	11,629.000000
11.708267	0.640	11,564.000000
11.718933	0.640	12,632.000000
11.729600	0.640	13,010.000000
11.740267	0.640	12,597.000000
11.750933	0.640	12,965.000000
11.761600	0.640	14,339.000000
11.772267	0.640	15,679.000000
11.782933	0.640	15,877.000000
11.793600	0.640	14,706.000000
11.804267	0.640	13,796.000000
11.814933	0.640	15,009.000000
11.825600	0.640	17,900.000000
11.836267	0.640	20,593.000000
11.846933	0.640	22,657.000000
11.857600	0.640	25,184.000000
11.868267	0.640	28,693.000000
11.878933	0.640	32,676.000000
11.889600	0.640	37,164.000000
11.900267	0.640	44,080.000000
11.910933	0.640	55,260.000000
11.921600	0.640	69,931.000000
11.932267	0.640	89,747.000000
11.942933	0.640	122,993.000000
11.953600	0.640	175,370.000000
11.964267	0.640	241,531.000000
11.974933	0.640	309,443.000000
11.985600	0.640	364,921.000000
11.996267	0.640	390,581.000000
12.006933	0.640	373,039.000000
12.017600	0.640	317,028.000000
12.028267	0.640	243,595.000000
12.038933	0.640	173,076.000000
12.049600	0.640	115,549.000000
12.060267	0.640	74,176.000000
12.070933	0.640	48,829.000000
12.081600	0.640	34,947.000000
12.092267	0.640	26,663.000000
12.102933	0.640	22,218.000000
12.113600	0.640	20,890.000000
12.124267	0.640	19,534.000000
12.134933	0.640	16,595.000000
12.145600	0.640	13,899.000000
12.156267	0.640	13,052.000000
12.166933	0.640	13,654.000000
12.177600	0.640	14,724.000000
12.188267	0.640	15,749.000000
12.198933	0.640	16,534.000000
12.209600	0.640	16,650.000000
12.220267	0.640	15,743.000000
12.230933	0.640	14,338.000000
12.241600	0.640	13,212.000000
12.252267	0.640	12,879.000000
12.262933	0.640	13,149.000000
12.273600	0.640	12,929.000000
12.284267	0.640	12,332.000000
12.294933	0.640	12,456.000000
12.305600	0.640	12,780.000000
12.316267	0.640	12,404.000000
12.326933	0.640	11,942.000000
12.337600	0.640	12,291.000000
12.348267	0.640	13,106.000000
12.358933	0.640	12,962.000000
12.369600	0.640	11,528.000000
12.380267	0.640	10,598.000000
12.390933	0.640	11,479.000000
12.401600	0.640	13,032.000000
12.412267	0.640	14,003.000000
12.422933	0.640	15,178.000000
12.433600	0.640	16,663.000000
12.444267	0.640	16,796.000000
12.454933	0.640	15,756.000000
12.465600	0.640	14,751.000000
12.476267	0.640	13,403.000000
12.486933	0.640	12,047.000000
12.497600	0.640	12,153.000000
12.508267	0.640	13,711.000000
12.518933	0.640	15,628.000000
12.529600	0.640	17,423.000000
12.540267	0.640	18,432.000000
12.550933	0.640	17,815.000000
12.561600	0.640	16,443.000000
12.572267	0.640	15,316.000000
12.582933	0.640	14,146.000000
12.593600	0.640	13,567.000000
12.604267	0.640	14,018.000000
12.614933	0.640	14,364.000000
12.625600	0.640	14,637.000000
12.636267	0.640	15,559.000000
12.646933	0.640	15,869.000000
12.657600	0.640	14,248.000000
12.668267	0.640	12,534.000000
12.678933	0.640	13,499.000000
12.689600	0.640	15,857.000000
12.700267	0.640	16,312.000000
12.710933	0.640	15,153.000000
12.721600	0.640	14,559.000000
12.732267	0.640	14,451.000000
12.742933	0.640	13,489.000000
12.753600	0.640	12,454.000000
12.764267	0.640	13,757.000000
12.774933	0.640	17,109.000000
12.785600	0.640	19,693.000000
12.796267	0.640	20,680.000000
12.806933	0.640	21,375.000000
12.817600	0.640	21,799.000000
12.828267	0.640	20,961.000000
12.838933	0.640	19,575.000000
12.849600	0.640	18,961.000000
12.860267	0.640	19,223.000000
12.870933	0.640	19,770.000000
12.881600	0.640	19,225.000000
12.892267	0.640	17,145.000000
12.902933	0.640	15,320.000000
12.913600	0.640	14,806.000000
12.924267	0.640	15,119.000000
12.934933	0.640	15,844.000000
12.945600	0.640	16,340.000000
12.956267	0.640	16,005.000000
12.966933	0.640	15,182.000000
12.977600	0.640	14,933.000000
12.988267	0.640	15,943.000000
12.998933	0.640	17,345.000000
13.009600	0.640	17,528.000000
13.020267	0.640	16,376.000000
13.030933	0.640	15,174.000000
13.041600	0.640	13,989.000000
13.052267	0.640	12,381.000000
13.062933	0.640	11,909.000000
13.073600	0.640	13,205.000000
13.084267	0.640	14,009.000000
13.094933	0.640	12,930.000000
13.105600	0.640	11,343.000000
13.116267	0.640	11,271.000000
13.126933	0.640	13,058.000000
13.137600	0.640	15,248.000000
13.148267	0.640	16,602.000000
13.158933	0.640	16,909.000000
13.169600	0.640	16,248.000000
13.180267	0.640	15,515.000000
13.190933	0.640	15,664.000000
13.201600	0.640	16,007.000000
13.212267	0.640	15,575.000000
13.222933	0.640	14,484.000000
13.233600	0.640	14,157.000000
13.244267	0.640	16,276.000000
13.254933	0.640	19,860.000000
13.265600	0.640	21,831.000000
13.276267	0.640	21,535.000000
13.286933	0.640	21,162.000000
13.297600	0.640	21,353.000000
13.308267	0.640	20,815.000000
13.318933	0.640	19,295.000000
13.329600	0.640	17,641.000000
13.340267	0.640	16,777.000000
13.350933	0.640	17,269.000000
13.361600	0.640	18,174.000000
13.372267	0.640	17,555.000000
13.382933	0.640	15,666.000000
13.393600	0.640	14,023.000000
13.404267	0.640	12,569.000000
13.414933	0.640	11,931.000000
13.425600	0.640	13,045.000000
13.436267	0.640	13,958.000000
13.446933	0.640	12,739.000000
13.457600	0.640	10,948.000000
13.468267	0.640	11,110.000000
13.478933	0.640	13,022.000000
13.489600	0.640	13,978.000000
13.500267	0.640	12,764.000000
13.510933	0.640	11,749.000000
13.521600	0.640	12,523.000000
13.532267	0.640	12,929.000000
13.542933	0.640	11,618.000000
13.553600	0.640	10,500.000000
13.564267	0.640	10,713.000000
13.574933	0.640	11,494.000000
13.585600	0.640	12,755.000000
13.596267	0.640	14,297.000000
13.606933	0.640	14,815.000000
13.617600	0.640	14,100.000000
13.628267	0.640	13,730.000000
13.638933	0.640	14,713.000000
13.649600	0.640	15,602.000000
13.660267	0.640	14,543.000000
13.670933	0.640	13,039.000000
13.681600	0.640	14,514.000000
13.692267	0.640	18,789.000000
13.702933	0.640	21,707.000000
13.713600	0.640	21,498.000000
13.724267	0.640	21,429.000000
13.734933	0.640	24,149.000000
13.745600	0.640	28,082.000000
13.756267	0.640	31,784.000000
13.766933	0.640	36,731.000000
13.777600	0.640	43,703.000000
13.788267	0.640	50,873.000000
13.798933	0.640	56,633.000000
13.809600	0.640	61,778.000000
13.820267	0.640	68,612.000000
13.830933	0.640	78,965.000000
13.841600	0.640	93,436.000000
13.852267	0.640	113,321.000000
13.862933	0.640	142,164.000000
13.873600	0.640	183,471.000000
13.884267	0.640	238,385.000000
13.894933	0.640	305,201.000000
13.905600	0.640	379,774.000000
13.916267	0.640	455,934.000000
13.926933	0.640	522,691.000000
13.937600	0.640	564,234.000000
13.948267	0.640	568,915.000000
13.958933	0.640	537,420.000000
13.969600	0.640	479,286.000000
13.980267	0.640	404,413.000000
13.990933	0.640	321,653.000000
14.001600	0.640	240,695.000000
14.012267	0.640	171,905.000000
14.022933	0.640	123,422.000000
14.033600	0.640	95,675.000000
14.044267	0.640	82,208.000000
14.054933	0.640	76,135.000000
14.065600	0.640	73,188.000000
14.076267	0.640	72,143.000000
14.086933	0.640	73,250.000000
14.097600	0.640	75,020.000000
14.108267	0.640	74,527.000000
14.118933	0.640	70,378.000000
14.129600	0.640	63,247.000000
14.140267	0.640	55,037.000000
14.150933	0.640	48,030.000000
14.161600	0.640	42,741.000000
14.172267	0.640	37,381.000000
14.182933	0.640	31,014.000000
14.193600	0.640	25,557.000000
14.204267	0.640	22,854.000000
14.214933	0.640	21,606.000000
14.225600	0.640	19,881.000000
14.236267	0.640	18,490.000000
14.246933	0.640	18,601.000000
14.257600	0.640	18,913.000000
14.268267	0.640	18,209.000000
14.278933	0.640	17,822.000000
14.289600	0.640	19,072.000000
14.300267	0.640	20,839.000000
14.310933	0.640	21,794.000000
14.321600	0.640	22,481.000000
14.332267	0.640	23,918.000000
14.342933	0.640	25,713.000000
14.353600	0.640	26,704.000000
14.364267	0.640	27,219.000000
14.374933	0.640	28,696.000000
14.385600	0.640	31,305.000000
14.396267	0.640	32,877.000000
14.406933	0.640	30,904.000000
14.417600	0.640	26,410.000000
14.428267	0.640	22,714.000000
14.438933	0.640	21,048.000000
14.449600	0.640	20,565.000000
14.460267	0.640	20,151.000000
14.470933	0.640	19,359.000000
14.481600	0.640	18,570.000000
14.492267	0.640	18,062.000000
14.502933	0.640	18,259.000000
14.513600	0.640	19,353.000000
14.524267	0.640	19,822.000000
14.534933	0.640	18,709.000000
14.545600	0.640	17,781.000000
14.556267	0.640	18,664.000000
14.566933	0.640	20,287.000000
14.577600	0.640	20,887.000000
14.588267	0.640	20,891.000000
14.598933	0.640	21,850.000000
14.609600	0.640	23,844.000000
14.620267	0.640	25,916.000000
14.630933	0.640	27,799.000000
14.641600	0.640	29,515.000000
14.652267	0.640	30,398.000000
14.662933	0.640	30,542.000000
14.673600	0.640	31,226.000000
14.684267	0.640	31,878.000000
14.694933	0.640	30,633.000000
14.705600	0.640	28,011.000000
14.716267	0.640	25,295.000000
14.726933	0.640	22,666.000000
14.737600	0.640	21,355.000000
14.748267	0.640	22,805.000000
14.758933	0.640	25,496.000000
14.769600	0.640	25,905.000000
14.780267	0.640	23,079.000000
14.790933	0.640	20,313.000000
14.801600	0.640	20,299.000000
14.812267	0.640	21,450.000000
14.822933	0.640	21,758.000000
14.833600	0.640	21,585.000000
14.844267	0.640	21,836.000000
14.854933	0.640	22,925.000000
14.865600	0.640	23,972.000000
14.876267	0.640	23,830.000000
14.886933	0.640	23,434.000000
14.897600	0.640	23,759.000000
14.908267	0.640	23,868.000000
14.918933	0.640	23,329.000000
14.929600	0.640	22,996.000000
14.940267	0.640	23,346.000000
14.950933	0.640	23,755.000000
14.961600	0.640	23,066.000000
14.972267	0.640	21,627.000000
14.982933	0.640	21,205.000000
14.993600	0.640	22,243.000000
15.004267	0.640	23,574.000000
15.014933	0.640	24,797.000000
15.025600	0.640	26,226.000000
15.036267	0.640	26,506.000000
15.046933	0.640	24,719.000000
15.057600	0.640	22,954.000000
15.068267	0.640	23,275.000000
15.078933	0.640	25,765.000000
15.089600	0.640	29,592.000000
15.100267	0.640	33,604.000000
15.110933	0.640	36,795.000000
15.121600	0.640	40,019.000000
15.132267	0.640	45,131.000000
15.142933	0.640	49,762.000000
15.153600	0.640	49,143.000000
15.164267	0.640	43,837.000000
15.174933	0.640	38,264.000000
15.185600	0.640	34,645.000000
15.196267	0.640	32,295.000000
15.206933	0.640	30,152.000000
15.217600	0.640	28,610.000000
15.228267	0.640	28,029.000000
15.238933	0.640	27,429.000000
15.249600	0.640	26,766.000000
15.260267	0.640	27,147.000000
15.270933	0.640	28,190.000000
15.281600	0.640	28,555.000000
15.292267	0.640	28,307.000000
15.302933	0.640	28,557.000000
15.313600	0.640	29,340.000000
15.324267	0.640	29,661.000000
15.334933	0.640	29,432.000000
15.345600	0.640	29,570.000000
15.356267	0.640	30,390.000000
15.366933	0.640	31,148.000000
15.377600	0.640	31,568.000000
15.388267	0.640	31,705.000000
15.398933	0.640	30,458.000000
15.409600	0.640	28,005.000000
15.420267	0.640	26,777.000000
15.430933	0.640	27,363.000000
15.441600	0.640	28,050.000000
15.452267	0.640	27,952.000000
15.462933	0.640	27,685.000000
15.473600	0.640	28,459.000000
15.484267	0.640	30,392.000000
15.494933	0.640	31,966.000000
15.505600	0.640	32,616.000000
15.516267	0.640	34,094.000000
15.526933	0.640	38,885.000000
15.537600	0.640	49,001.000000
15.548267	0.640	65,816.000000
15.558933	0.640	88,778.000000
15.569600	0.640	113,267.000000
15.580267	0.640	130,948.000000
15.590933	0.640	133,128.000000
15.601600	0.640	116,568.000000
15.612267	0.640	89,071.000000
15.622933	0.640	64,392.000000
15.633600	0.640	48,992.000000
15.644267	0.640	40,378.000000
15.654933	0.640	35,429.000000
15.665600	0.640	32,022.000000
15.676267	0.640	28,278.000000
15.686933	0.640	25,216.000000
15.697600	0.640	25,020.000000
15.708267	0.640	27,208.000000
15.718933	0.640	29,673.000000
15.729600	0.640	31,084.000000
15.740267	0.640	30,869.000000
15.750933	0.640	29,082.000000
15.761600	0.640	27,756.000000
15.772267	0.640	29,300.000000
15.782933	0.640	32,651.000000
15.793600	0.640	35,322.000000
15.804267	0.640	38,085.000000
15.814933	0.640	43,854.000000
15.825600	0.640	53,557.000000
15.836267	0.640	67,689.000000
15.846933	0.640	91,686.000000
15.857600	0.640	134,360.000000
15.868267	0.640	203,137.000000
15.878933	0.640	297,313.000000
15.889600	0.640	393,368.000000
15.900267	0.640	446,821.000000
15.910933	0.640	426,099.000000
15.921600	0.640	342,198.000000
15.932267	0.640	238,435.000000
15.942933	0.640	152,767.000000
15.953600	0.640	96,307.000000
15.964267	0.640	64,150.000000
15.974933	0.640	49,452.000000
15.985600	0.640	43,942.000000
15.996267	0.640	40,346.000000
16.006933	0.640	37,690.000000
16.017600	0.640	36,524.000000
16.028267	0.640	34,683.000000
16.038933	0.640	32,453.000000
16.049600	0.640	32,895.000000
16.060267	0.640	36,245.000000
16.070933	0.640	39,690.000000
16.081600	0.640	40,960.000000
16.092267	0.640	40,539.000000
16.102933	0.640	40,680.000000
16.113600	0.640	42,491.000000
16.124267	0.640	45,053.000000
16.134933	0.640	47,181.000000
16.145600	0.640	48,967.000000
16.156267	0.640	50,943.000000
16.166933	0.640	52,772.000000
16.177600	0.640	53,180.000000
16.188267	0.640	50,580.000000
16.198933	0.640	45,474.000000
16.209600	0.640	41,078.000000
16.220267	0.640	39,333.000000
16.230933	0.640	39,185.000000
16.241600	0.640	38,834.000000
16.252267	0.640	37,633.000000
16.262933	0.640	36,551.000000
16.273600	0.640	36,540.000000
16.284267	0.640	37,250.000000
16.294933	0.640	37,664.000000
16.305600	0.640	37,002.000000
16.316267	0.640	35,834.000000
16.326933	0.640	35,608.000000
16.337600	0.640	36,346.000000
16.348267	0.640	36,818.000000
16.358933	0.640	36,502.000000
16.369600	0.640	35,947.000000
16.380267	0.640	36,395.000000
16.390933	0.640	38,604.000000
16.401600	0.640	41,181.000000
16.412267	0.640	41,872.000000
16.422933	0.640	41,206.000000
16.433600	0.640	43,398.000000
16.444267	0.640	52,914.000000
16.454933	0.640	71,389.000000
16.465600	0.640	101,948.000000
16.476267	0.640	157,961.000000
16.486933	0.640	261,975.000000
16.497600	0.640	438,186.000000
16.508267	0.640	720,004.000000
16.518933	0.640	1,166,654.000000
16.529600	0.640	1,877,982.000000
16.540267	0.640	3,045,328.000000
16.550933	0.640	5,050,206.000000
16.561600	0.640	8,469,514.000000
16.572267	0.640	13,741,509.000000
16.582933	0.640	20,453,367.000000
16.593600	0.640	26,801,620.000000
16.604267	0.640	30,150,976.000000
16.614933	0.640	28,746,529.000000
16.625600	0.640	23,127,926.000000
16.636267	0.640	15,781,408.000000
16.646933	0.640	9,338,805.000000
16.657600	0.640	5,055,053.000000
16.668267	0.640	2,726,456.000000
16.678933	0.640	1,576,798.000000
16.689600	0.640	986,536.000000
16.700267	0.640	644,594.000000
16.710933	0.640	425,388.000000
16.721600	0.640	281,367.000000
16.732267	0.640	191,589.000000
16.742933	0.640	137,572.000000
16.753600	0.640	102,235.000000
16.764267	0.640	78,038.000000
16.774933	0.640	63,415.000000
16.785600	0.640	56,086.000000
16.796267	0.640	52,566.000000
16.806933	0.640	50,184.000000
16.817600	0.640	49,073.000000
16.828267	0.640	49,940.000000
16.838933	0.640	51,082.000000
16.849600	0.640	50,717.000000
16.860267	0.640	49,258.000000
16.870933	0.640	48,230.000000
16.881600	0.640	48,909.000000
16.892267	0.640	50,304.000000
16.902933	0.640	49,338.000000
16.913600	0.640	45,588.000000
16.924267	0.640	42,355.000000
16.934933	0.640	41,455.000000
16.945600	0.640	41,252.000000
16.956267	0.640	40,417.000000
16.966933	0.640	39,881.000000
16.977600	0.640	40,546.000000
16.988267	0.640	41,446.000000
16.998933	0.640	41,374.000000
17.009600	0.640	40,842.000000
17.020267	0.640	41,027.000000
17.030933	0.640	42,081.000000
17.041600	0.640	43,365.000000
17.052267	0.640	44,823.000000
17.062933	0.640	46,935.000000
17.073600	0.640	49,853.000000
17.084267	0.640	54,358.000000
17.094933	0.640	61,979.000000
17.105600	0.640	74,675.000000
17.116267	0.640	94,963.000000
17.126933	0.640	122,795.000000
17.137600	0.640	155,877.000000
17.148267	0.640	193,760.000000
17.158933	0.640	233,032.000000
17.169600	0.640	263,552.000000
17.180267	0.640	277,808.000000
17.190933	0.640	276,354.000000
17.201600	0.640	262,023.000000
17.212267	0.640	237,171.000000
17.222933	0.640	205,255.000000
17.233600	0.640	169,994.000000
17.244267	0.640	135,706.000000
17.254933	0.640	106,875.000000
17.265600	0.640	84,919.000000
17.276267	0.640	68,947.000000
17.286933	0.640	57,109.000000
17.297600	0.640	47,561.000000
17.308267	0.640	41,687.000000
17.318933	0.640	41,139.000000
17.329600	0.640	42,646.000000
17.340267	0.640	42,165.000000
17.350933	0.640	40,003.000000
17.361600	0.640	38,252.000000
17.372267	0.640	37,561.000000
17.382933	0.640	37,628.000000
17.393600	0.640	38,173.000000
17.404267	0.640	38,798.000000
17.414933	0.640	39,651.000000
17.425600	0.640	41,968.000000
17.436267	0.640	45,941.000000
17.446933	0.640	50,271.000000
17.457600	0.640	55,303.000000
17.468267	0.640	62,454.000000
17.478933	0.640	71,903.000000
17.489600	0.640	84,559.000000
17.500267	0.640	100,665.000000
17.510933	0.640	116,307.000000
17.521600	0.640	128,326.000000
17.532267	0.640	138,735.000000
17.542933	0.640	151,141.000000
17.553600	0.640	169,438.000000
17.564267	0.640	198,468.000000
17.574933	0.640	240,747.000000
17.585600	0.640	294,187.000000
17.596267	0.640	349,221.000000
17.606933	0.640	389,242.000000
17.617600	0.640	401,594.000000
17.628267	0.640	383,592.000000
17.638933	0.640	338,236.000000
17.649600	0.640	273,738.000000
17.660267	0.640	206,069.000000
17.670933	0.640	152,631.000000
17.681600	0.640	119,270.000000
17.692267	0.640	99,302.000000
17.702933	0.640	86,115.000000
17.713600	0.640	78,598.000000
17.724267	0.640	75,411.000000
17.734933	0.640	72,922.000000
17.745600	0.640	69,954.000000
17.756267	0.640	68,320.000000
17.766933	0.640	68,626.000000
17.777600	0.640	69,601.000000
17.788267	0.640	69,579.000000
17.798933	0.640	67,955.000000
17.809600	0.640	66,797.000000
17.820267	0.640	68,323.000000
17.830933	0.640	70,797.000000
17.841600	0.640	71,125.000000
17.852267	0.640	69,648.000000
17.862933	0.640	67,871.000000
17.873600	0.640	65,693.000000
17.884267	0.640	63,954.000000
17.894933	0.640	64,456.000000
17.905600	0.640	66,744.000000
17.916267	0.640	68,728.000000
17.926933	0.640	69,657.000000
17.937600	0.640	69,855.000000
17.948267	0.640	69,889.000000
17.958933	0.640	70,902.000000
17.969600	0.640	72,129.000000
17.980267	0.640	71,140.000000
17.990933	0.640	68,927.000000
18.001600	0.640	68,651.000000
18.012267	0.640	70,304.000000
18.022933	0.640	72,180.000000
18.033600	0.640	74,469.000000
18.044267	0.640	77,391.000000
18.054933	0.640	79,998.000000
18.065600	0.640	83,330.000000
18.076267	0.640	90,688.000000
18.086933	0.640	104,777.000000
18.097600	0.640	126,544.000000
18.108267	0.640	157,009.000000
18.118933	0.640	200,609.000000
18.129600	0.640	266,026.000000
18.140267	0.640	363,382.000000
18.150933	0.640	503,374.000000
18.161600	0.640	701,963.000000
18.172267	0.640	981,454.000000
18.182933	0.640	1,368,307.000000
18.193600	0.640	1,895,380.000000
18.204267	0.640	2,600,660.000000
18.214933	0.640	3,530,332.000000
18.225600	0.640	4,763,973.000000
18.236267	0.640	6,440,580.000000
18.246933	0.640	8,756,735.000000
18.257600	0.640	11,980,964.000000
18.268267	0.640	16,517,817.000000
18.278933	0.640	22,832,063.000000
18.289600	0.640	31,116,922.000000
18.300267	0.640	41,020,005.000000
18.310933	0.640	51,566,024.000000
18.321600	0.640	61,166,981.000000
18.332267	0.640	67,933,022.000000
18.342933	0.640	70,276,295.000000
18.353600	0.640	67,465,243.000000
18.364267	0.640	59,981,219.000000
18.374933	0.640	49,429,918.000000
18.385600	0.640	37,887,862.000000
18.396267	0.640	27,155,148.000000
18.406933	0.640	18,341,966.000000
18.417600	0.640	11,797,990.000000
18.428267	0.640	7,311,190.000000
18.438933	0.640	4,427,414.000000
18.449600	0.640	2,672,696.000000
18.460267	0.640	1,642,163.000000
18.470933	0.640	1,039,013.000000
18.481600	0.640	680,057.000000
18.492267	0.640	463,169.000000
18.502933	0.640	330,862.000000
18.513600	0.640	249,690.000000
18.524267	0.640	199,772.000000
18.534933	0.640	170,585.000000
18.545600	0.640	156,704.000000
18.556267	0.640	153,934.000000
18.566933	0.640	160,894.000000
18.577600	0.640	178,287.000000
18.588267	0.640	205,767.000000
18.598933	0.640	245,387.000000
18.609600	0.640	302,180.000000
18.620267	0.640	375,931.000000
18.630933	0.640	455,887.000000
18.641600	0.640	524,418.000000
18.652267	0.640	567,716.000000
18.662933	0.640	580,460.000000
18.673600	0.640	559,602.000000
18.684267	0.640	505,339.000000
18.694933	0.640	427,871.000000
18.705600	0.640	343,475.000000
18.716267	0.640	265,560.000000
18.726933	0.640	200,496.000000
18.737600	0.640	149,519.000000
18.748267	0.640	114,052.000000
18.758933	0.640	94,375.000000
18.769600	0.640	85,333.000000
18.780267	0.640	80,613.000000
18.790933	0.640	77,370.000000
18.801600	0.640	75,015.000000
18.812267	0.640	74,054.000000
18.822933	0.640	74,797.000000
18.833600	0.640	75,516.000000
18.844267	0.640	74,904.000000
18.854933	0.640	74,816.000000
18.865600	0.640	76,610.000000
18.876267	0.640	78,355.000000
18.886933	0.640	77,908.000000
18.897600	0.640	76,179.000000
18.908267	0.640	75,914.000000
18.918933	0.640	77,546.000000
18.929600	0.640	78,816.000000
18.940267	0.640	79,069.000000
18.950933	0.640	80,458.000000
18.961600	0.640	83,945.000000
18.972267	0.640	88,427.000000
18.982933	0.640	94,201.000000
18.993600	0.640	102,155.000000
19.004267	0.640	111,450.000000
19.014933	0.640	122,065.000000
19.025600	0.640	136,488.000000
19.036267	0.640	157,223.000000
19.046933	0.640	185,995.000000
19.057600	0.640	225,071.000000
19.068267	0.640	273,779.000000
19.078933	0.640	325,100.000000
19.089600	0.640	369,441.000000
19.100267	0.640	398,583.000000
19.110933	0.640	408,329.000000
19.121600	0.640	399,766.000000
19.132267	0.640	374,544.000000
19.142933	0.640	333,368.000000
19.153600	0.640	281,775.000000
19.164267	0.640	230,746.000000
19.174933	0.640	188,560.000000
19.185600	0.640	156,432.000000
19.196267	0.640	132,790.000000
19.206933	0.640	116,154.000000
19.217600	0.640	105,075.000000
19.228267	0.640	98,726.000000
19.238933	0.640	96,276.000000
19.249600	0.640	95,140.000000
19.260267	0.640	93,031.000000
19.270933	0.640	92,170.000000
19.281600	0.640	94,286.000000
19.292267	0.640	95,517.000000
19.302933	0.640	93,771.000000
19.313600	0.640	91,618.000000
19.324267	0.640	91,130.000000
19.334933	0.640	93,311.000000
19.345600	0.640	97,087.000000
19.356267	0.640	99,116.000000
19.366933	0.640	99,115.000000
19.377600	0.640	98,946.000000
19.388267	0.640	98,528.000000
19.398933	0.640	98,524.000000
19.409600	0.640	100,513.000000
19.420267	0.640	104,798.000000
19.430933	0.640	110,067.000000
19.441600	0.640	113,121.000000
19.452267	0.640	113,891.000000
19.462933	0.640	116,273.000000
19.473600	0.640	121,557.000000
19.484267	0.640	128,039.000000
19.494933	0.640	133,706.000000
19.505600	0.640	137,764.000000
19.516267	0.640	139,886.000000
19.526933	0.640	138,708.000000
19.537600	0.640	135,321.000000
19.548267	0.640	132,596.000000
19.558933	0.640	130,732.000000
19.569600	0.640	128,170.000000
19.580267	0.640	124,003.000000
19.590933	0.640	119,634.000000
19.601600	0.640	117,736.000000
19.612267	0.640	118,895.000000
19.622933	0.640	121,967.000000
19.633600	0.640	125,797.000000
19.644267	0.640	129,437.000000
19.654933	0.640	133,495.000000
19.665600	0.640	139,344.000000
19.676267	0.640	146,135.000000
19.686933	0.640	152,946.000000
19.697600	0.640	161,482.000000
19.708267	0.640	172,600.000000
19.718933	0.640	184,925.000000
19.729600	0.640	198,487.000000
19.740267	0.640	215,135.000000
19.750933	0.640	235,167.000000
19.761600	0.640	257,102.000000
19.772267	0.640	282,025.000000
19.782933	0.640	315,443.000000
19.793600	0.640	362,168.000000
19.804267	0.640	420,210.000000
19.814933	0.640	485,782.000000
19.825600	0.640	562,462.000000
19.836267	0.640	653,057.000000
19.846933	0.640	750,139.000000
19.857600	0.640	843,717.000000
19.868267	0.640	925,751.000000
19.878933	0.640	990,738.000000
19.889600	0.640	1,036,759.000000
19.900267	0.640	1,057,344.000000
19.910933	0.640	1,041,222.000000
19.921600	0.640	982,957.000000
19.932267	0.640	888,864.000000
19.942933	0.640	776,656.000000
19.953600	0.640	662,982.000000
19.964267	0.640	552,260.000000
19.974933	0.640	445,798.000000
19.985600	0.640	351,179.000000
19.996267	0.640	275,012.000000
20.006933	0.640	216,216.000000
20.017600	0.640	171,086.000000
20.028267	0.640	137,753.000000
20.038933	0.640	114,333.000000
20.049600	0.640	98,244.000000
20.060267	0.640	87,195.000000
20.070933	0.640	78,808.000000
20.081600	0.640	71,799.000000
20.092267	0.640	66,571.000000
20.102933	0.640	62,327.000000
20.113600	0.640	57,470.000000
20.124267	0.640	53,205.000000
20.134933	0.640	52,012.000000
20.145600	0.640	52,946.000000
20.156267	0.640	52,680.000000
20.166933	0.640	50,581.000000
20.177600	0.640	48,587.000000
20.188267	0.640	47,091.000000
20.198933	0.640	45,539.000000
20.209600	0.640	45,009.000000
20.220267	0.640	45,902.000000
20.230933	0.640	46,638.000000
20.241600	0.640	46,693.000000
20.252267	0.640	46,882.000000
20.262933	0.640	47,034.000000
20.273600	0.640	46,160.000000
20.284267	0.640	44,014.000000
20.294933	0.640	41,852.000000
20.305600	0.640	41,288.000000
20.316267	0.640	41,973.000000
20.326933	0.640	41,869.000000
20.337600	0.640	40,434.000000
20.348267	0.640	39,557.000000
20.358933	0.640	40,512.000000
20.369600	0.640	42,056.000000
20.380267	0.640	42,077.000000
20.390933	0.640	40,517.000000
20.401600	0.640	39,663.000000
20.412267	0.640	40,293.000000
20.422933	0.640	40,976.000000
20.433600	0.640	41,444.000000
20.444267	0.640	42,089.000000
20.454933	0.640	42,481.000000
20.465600	0.640	42,633.000000
20.476267	0.640	42,583.000000
20.486933	0.640	41,178.000000
20.497600	0.640	38,355.000000
20.508267	0.640	35,866.000000
20.518933	0.640	34,419.000000
20.529600	0.640	34,664.000000
20.540267	0.640	37,266.000000
20.550933	0.640	39,593.000000
20.561600	0.640	39,034.000000
20.572267	0.640	37,236.000000
20.582933	0.640	36,654.000000
20.593600	0.640	36,888.000000
20.604267	0.640	36,275.000000
20.614933	0.640	35,256.000000
20.625600	0.640	35,901.000000
20.636267	0.640	38,637.000000
20.646933	0.640	42,291.000000
20.657600	0.640	45,558.000000
20.668267	0.640	47,474.000000
20.678933	0.640	48,383.000000
20.689600	0.640	49,226.000000
20.700267	0.640	50,929.000000
20.710933	0.640	54,432.000000
20.721600	0.640	59,148.000000
20.732267	0.640	63,927.000000
20.742933	0.640	69,717.000000
20.753600	0.640	78,550.000000
20.764267	0.640	89,801.000000
20.774933	0.640	101,683.000000
20.785600	0.640	115,319.000000
20.796267	0.640	131,416.000000
20.806933	0.640	149,854.000000
20.817600	0.640	174,776.000000
20.828267	0.640	210,868.000000
20.838933	0.640	257,376.000000
20.849600	0.640	311,556.000000
20.860267	0.640	374,485.000000
20.870933	0.640	448,465.000000
20.881600	0.640	530,356.000000
20.892267	0.640	613,395.000000
20.902933	0.640	692,050.000000
20.913600	0.640	761,050.000000
20.924267	0.640	815,210.000000
20.934933	0.640	849,953.000000
20.945600	0.640	860,050.000000
20.956267	0.640	842,165.000000
20.966933	0.640	798,874.000000
20.977600	0.640	738,286.000000
20.988267	0.640	669,838.000000
20.998933	0.640	600,133.000000
21.009600	0.640	533,059.000000
21.020267	0.640	473,644.000000
21.030933	0.640	429,384.000000
21.041600	0.640	405,333.000000
21.052267	0.640	401,453.000000
21.062933	0.640	415,683.000000
21.073600	0.640	443,570.000000
21.084267	0.640	479,389.000000
21.094933	0.640	520,992.000000
21.105600	0.640	567,234.000000
21.116267	0.640	613,682.000000
21.126933	0.640	656,586.000000
21.137600	0.640	696,391.000000
21.148267	0.640	731,819.000000
21.158933	0.640	758,008.000000
21.169600	0.640	774,627.000000
21.180267	0.640	784,498.000000
21.190933	0.640	786,449.000000
21.201600	0.640	778,981.000000
21.212267	0.640	762,291.000000
21.222933	0.640	734,726.000000
21.233600	0.640	696,781.000000
21.244267	0.640	652,480.000000
21.254933	0.640	603,443.000000
21.265600	0.640	549,895.000000
21.276267	0.640	493,977.000000
21.286933	0.640	438,160.000000
21.297600	0.640	382,294.000000
21.308267	0.640	324,782.000000
21.318933	0.640	269,868.000000
21.329600	0.640	224,670.000000
21.340267	0.640	187,517.000000
21.350933	0.640	153,054.000000
21.361600	0.640	122,989.000000
21.372267	0.640	100,700.000000
21.382933	0.640	85,391.000000
21.393600	0.640	76,144.000000
21.404267	0.640	72,142.000000
21.414933	0.640	70,381.000000
21.425600	0.640	70,085.000000
21.436267	0.640	73,704.000000
21.446933	0.640	80,727.000000
21.457600	0.640	87,429.000000
21.468267	0.640	92,080.000000
21.478933	0.640	95,707.000000
21.489600	0.640	99,056.000000
21.500267	0.640	101,566.000000
21.510933	0.640	102,761.000000
21.521600	0.640	102,312.000000
21.532267	0.640	99,113.000000
21.542933	0.640	92,377.000000
21.553600	0.640	83,464.000000
21.564267	0.640	74,797.000000
21.574933	0.640	67,326.000000
21.585600	0.640	60,778.000000
21.596267	0.640	55,181.000000
21.606933	0.640	50,190.000000
21.617600	0.640	45,340.000000
21.628267	0.640	41,940.000000
21.638933	0.640	40,856.000000
21.649600	0.640	40,400.000000
21.660267	0.640	39,028.000000
21.670933	0.640	36,716.000000
21.681600	0.640	34,623.000000
21.692267	0.640	34,878.000000
21.702933	0.640	37,585.000000
21.713600	0.640	39,587.000000
21.724267	0.640	39,311.000000
21.734933	0.640	38,794.000000
21.745600	0.640	39,451.000000
21.756267	0.640	39,970.000000
21.766933	0.640	38,724.000000
21.777600	0.640	36,630.000000
21.788267	0.640	35,870.000000
21.798933	0.640	36,757.000000
21.809600	0.640	38,475.000000
21.820267	0.640	39,647.000000
21.830933	0.640	38,786.000000
21.841600	0.640	37,438.000000
21.852267	0.640	38,319.000000
21.862933	0.640	40,581.000000
21.873600	0.640	42,137.000000
21.884267	0.640	42,874.000000
21.894933	0.640	42,377.000000
21.905600	0.640	40,383.000000
21.916267	0.640	39,212.000000
21.926933	0.640	40,576.000000
21.937600	0.640	42,577.000000
21.948267	0.640	42,454.000000
21.958933	0.640	40,493.000000
21.969600	0.640	39,144.000000
21.980267	0.640	39,321.000000
21.990933	0.640	40,103.000000
22.001600	0.640	40,585.000000
22.012267	0.640	41,012.000000
22.022933	0.640	42,206.000000
22.033600	0.640	43,119.000000
22.044267	0.640	41,907.000000
22.054933	0.640	39,299.000000
22.065600	0.640	37,569.000000
22.076267	0.640	37,780.000000
22.086933	0.640	39,505.000000
22.097600	0.640	41,999.000000
22.108267	0.640	44,260.000000
22.118933	0.640	44,955.000000
22.129600	0.640	44,051.000000
22.140267	0.640	42,895.000000
22.150933	0.640	42,639.000000
22.161600	0.640	43,741.000000
22.172267	0.640	45,413.000000
22.182933	0.640	46,093.000000
22.193600	0.640	45,527.000000
22.204267	0.640	44,925.000000
22.214933	0.640	44,962.000000
22.225600	0.640	44,905.000000
22.236267	0.640	44,204.000000
22.246933	0.640	43,724.000000
22.257600	0.640	44,340.000000
22.268267	0.640	45,367.000000
22.278933	0.640	45,631.000000
22.289600	0.640	46,000.000000
22.300267	0.640	48,121.000000
22.310933	0.640	51,032.000000
22.321600	0.640	52,854.000000
22.332267	0.640	53,940.000000
22.342933	0.640	55,588.000000
22.353600	0.640	58,253.000000
22.364267	0.640	61,594.000000
22.374933	0.640	64,549.000000
22.385600	0.640	67,790.000000
22.396267	0.640	73,526.000000
22.406933	0.640	80,800.000000
22.417600	0.640	88,350.000000
22.428267	0.640	97,982.000000
22.438933	0.640	109,681.000000
22.449600	0.640	121,716.000000
22.460267	0.640	134,809.000000
22.470933	0.640	151,136.000000
22.481600	0.640	170,956.000000
22.492267	0.640	191,079.000000
22.502933	0.640	208,479.000000
22.513600	0.640	223,586.000000
22.524267	0.640	236,718.000000
22.534933	0.640	245,619.000000
22.545600	0.640	248,269.000000
22.556267	0.640	244,745.000000
22.566933	0.640	235,648.000000
22.577600	0.640	220,975.000000
22.588267	0.640	201,536.000000
22.598933	0.640	179,066.000000
22.609600	0.640	156,320.000000
22.620267	0.640	136,099.000000
22.630933	0.640	117,139.000000
22.641600	0.640	97,987.000000
22.652267	0.640	82,139.000000
22.662933	0.640	71,161.000000
22.673600	0.640	61,946.000000
22.684267	0.640	53,782.000000
22.694933	0.640	49,005.000000
22.705600	0.640	47,667.000000
22.716267	0.640	47,420.000000
22.726933	0.640	46,683.000000
22.737600	0.640	44,925.000000
22.748267	0.640	42,844.000000
22.758933	0.640	42,299.000000
22.769600	0.640	43,043.000000
22.780267	0.640	42,695.000000
22.790933	0.640	41,165.000000
22.801600	0.640	40,919.000000
22.812267	0.640	43,114.000000
22.822933	0.640	45,662.000000
22.833600	0.640	45,919.000000
22.844267	0.640	44,404.000000
22.854933	0.640	42,669.000000
22.865600	0.640	41,047.000000
22.876267	0.640	40,956.000000
22.886933	0.640	42,945.000000
22.897600	0.640	44,432.000000
22.908267	0.640	43,826.000000
22.918933	0.640	42,684.000000
22.929600	0.640	43,183.000000
22.940267	0.640	45,178.000000
22.950933	0.640	46,763.000000
22.961600	0.640	47,348.000000
22.972267	0.640	47,127.000000
22.982933	0.640	46,368.000000
22.993600	0.640	46,488.000000
23.004267	0.640	48,031.000000
23.014933	0.640	49,898.000000
23.025600	0.640	51,453.000000
23.036267	0.640	52,704.000000
23.046933	0.640	53,895.000000
23.057600	0.640	56,023.000000
23.068267	0.640	60,450.000000
23.078933	0.640	66,559.000000
23.089600	0.640	72,024.000000
23.100267	0.640	76,799.000000
23.110933	0.640	82,347.000000
23.121600	0.640	89,273.000000
23.132267	0.640	98,678.000000
23.142933	0.640	111,592.000000
23.153600	0.640	128,302.000000
23.164267	0.640	149,005.000000
23.174933	0.640	173,452.000000
23.185600	0.640	203,392.000000
23.196267	0.640	242,036.000000
23.206933	0.640	286,439.000000
23.217600	0.640	327,438.000000
23.228267	0.640	360,541.000000
23.238933	0.640	386,945.000000
23.249600	0.640	402,126.000000
23.260267	0.640	398,873.000000
23.270933	0.640	378,059.000000
23.281600	0.640	344,034.000000
23.292267	0.640	300,030.000000
23.302933	0.640	251,260.000000
23.313600	0.640	204,624.000000
23.324267	0.640	164,270.000000
23.334933	0.640	129,732.000000
23.345600	0.640	101,054.000000
23.356267	0.640	80,161.000000
23.366933	0.640	66,255.000000
23.377600	0.640	57,187.000000
23.388267	0.640	51,815.000000
23.398933	0.640	48,356.000000
23.409600	0.640	45,576.000000
23.420267	0.640	44,143.000000
23.430933	0.640	44,684.000000
23.441600	0.640	46,924.000000
23.452267	0.640	49,197.000000
23.462933	0.640	48,751.000000
23.473600	0.640	46,098.000000
23.484267	0.640	45,783.000000
23.494933	0.640	49,992.000000
23.505600	0.640	55,953.000000
23.516267	0.640	60,343.000000
23.526933	0.640	62,654.000000
23.537600	0.640	63,932.000000
23.548267	0.640	65,321.000000
23.558933	0.640	68,510.000000
23.569600	0.640	73,000.000000
23.580267	0.640	74,462.000000
23.590933	0.640	71,617.000000
23.601600	0.640	68,912.000000
23.612267	0.640	67,968.000000
23.622933	0.640	65,847.000000
23.633600	0.640	62,630.000000
23.644267	0.640	60,522.000000
23.654933	0.640	58,162.000000
23.665600	0.640	53,330.000000
23.676267	0.640	47,573.000000
23.686933	0.640	44,308.000000
23.697600	0.640	44,383.000000
23.708267	0.640	45,910.000000
23.718933	0.640	47,620.000000
23.729600	0.640	48,689.000000
23.740267	0.640	47,650.000000
23.750933	0.640	45,446.000000
23.761600	0.640	44,817.000000
23.772267	0.640	45,434.000000
23.782933	0.640	45,108.000000
23.793600	0.640	43,809.000000
23.804267	0.640	42,854.000000
23.814933	0.640	43,601.000000
23.825600	0.640	46,806.000000
23.836267	0.640	51,170.000000
23.846933	0.640	54,232.000000
23.857600	0.640	53,788.000000
23.868267	0.640	49,937.000000
23.878933	0.640	46,783.000000
23.889600	0.640	47,240.000000
23.900267	0.640	48,619.000000
23.910933	0.640	48,070.000000
23.921600	0.640	47,366.000000
23.932267	0.640	48,849.000000
23.942933	0.640	50,854.000000
23.953600	0.640	51,079.000000
23.964267	0.640	50,921.000000
23.974933	0.640	52,120.000000
23.985600	0.640	53,932.000000
23.996267	0.640	55,389.000000
24.006933	0.640	56,452.000000
24.017600	0.640	57,465.000000
24.028267	0.640	58,047.000000
24.038933	0.640	56,948.000000
24.049600	0.640	53,963.000000
24.060267	0.640	50,773.000000
24.070933	0.640	49,449.000000
24.081600	0.640	50,401.000000
24.092267	0.640	52,156.000000
24.102933	0.640	53,045.000000
24.113600	0.640	52,520.000000
24.124267	0.640	50,274.000000
24.134933	0.640	46,544.000000
24.145600	0.640	44,525.000000
24.156267	0.640	46,758.000000
24.166933	0.640	50,559.000000
24.177600	0.640	52,300.000000
24.188267	0.640	51,596.000000
24.198933	0.640	50,025.000000
24.209600	0.640	49,759.000000
24.220267	0.640	52,248.000000
24.230933	0.640	56,422.000000
24.241600	0.640	59,245.000000
24.252267	0.640	59,056.000000
24.262933	0.640	57,277.000000
24.273600	0.640	56,093.000000
24.284267	0.640	56,251.000000
24.294933	0.640	57,413.000000
24.305600	0.640	59,018.000000
24.316267	0.640	60,275.000000
24.326933	0.640	61,053.000000
24.337600	0.640	63,585.000000
24.348267	0.640	69,089.000000
24.358933	0.640	74,330.000000
24.369600	0.640	76,504.000000
24.380267	0.640	76,560.000000
24.390933	0.640	75,750.000000
24.401600	0.640	74,061.000000
24.412267	0.640	71,885.000000
24.422933	0.640	70,158.000000
24.433600	0.640	70,165.000000
24.444267	0.640	74,371.000000
24.454933	0.640	84,187.000000
24.465600	0.640	98,318.000000
24.476267	0.640	116,360.000000
24.486933	0.640	141,868.000000
24.497600	0.640	182,464.000000
24.508267	0.640	246,987.000000
24.518933	0.640	338,966.000000
24.529600	0.640	450,995.000000
24.540267	0.640	562,297.000000
24.550933	0.640	641,176.000000
24.561600	0.640	657,562.000000
24.572267	0.640	601,392.000000
24.582933	0.640	491,636.000000
24.593600	0.640	364,739.000000
24.604267	0.640	252,256.000000
24.614933	0.640	169,954.000000
24.625600	0.640	119,774.000000
24.636267	0.640	94,257.000000
24.646933	0.640	82,822.000000
24.657600	0.640	76,587.000000
24.668267	0.640	70,792.000000
24.678933	0.640	65,675.000000
24.689600	0.640	62,392.000000
24.700267	0.640	60,538.000000
24.710933	0.640	59,299.000000
24.721600	0.640	57,712.000000
24.732267	0.640	55,780.000000
24.742933	0.640	54,633.000000
24.753600	0.640	55,114.000000
24.764267	0.640	56,913.000000
24.774933	0.640	59,127.000000
24.785600	0.640	61,560.000000
24.796267	0.640	63,457.000000
24.806933	0.640	63,788.000000
24.817600	0.640	63,735.000000
24.828267	0.640	64,089.000000
24.838933	0.640	63,380.000000
24.849600	0.640	61,365.000000
24.860267	0.640	60,057.000000
24.870933	0.640	60,970.000000
24.881600	0.640	63,197.000000
24.892267	0.640	64,651.000000
24.902933	0.640	64,882.000000
24.913600	0.640	65,527.000000
24.924267	0.640	68,420.000000
24.934933	0.640	73,564.000000
24.945600	0.640	79,623.000000
24.956267	0.640	87,873.000000
24.966933	0.640	103,015.000000
24.977600	0.640	130,526.000000
24.988267	0.640	176,501.000000
24.998933	0.640	243,962.000000
25.009600	0.640	325,406.000000
25.020267	0.640	401,797.000000
25.030933	0.640	452,831.000000
25.041600	0.640	478,738.000000
25.052267	0.640	510,651.000000
25.062933	0.640	584,991.000000
25.073600	0.640	705,362.000000
25.084267	0.640	833,308.000000
25.094933	0.640	912,025.000000
25.105600	0.640	900,061.000000
25.116267	0.640	797,077.000000
25.126933	0.640	642,128.000000
25.137600	0.640	483,048.000000
25.148267	0.640	349,614.000000
25.158933	0.640	249,289.000000
25.169600	0.640	178,678.000000
25.180267	0.640	133,856.000000
25.190933	0.640	109,046.000000
25.201600	0.640	96,253.000000
25.212267	0.640	89,669.000000
25.222933	0.640	85,587.000000
25.233600	0.640	81,788.000000
25.244267	0.640	77,856.000000
25.254933	0.640	74,320.000000
25.265600	0.640	72,122.000000
25.276267	0.640	70,678.000000
25.286933	0.640	68,755.000000
25.297600	0.640	67,688.000000
25.308267	0.640	68,194.000000
25.318933	0.640	67,544.000000
25.329600	0.640	64,870.000000
25.340267	0.640	63,113.000000
25.350933	0.640	63,064.000000
25.361600	0.640	62,322.000000
25.372267	0.640	60,723.000000
25.382933	0.640	60,423.000000
25.393600	0.640	61,330.000000
25.404267	0.640	61,707.000000
25.414933	0.640	61,485.000000
25.425600	0.640	61,449.000000
25.436267	0.640	61,334.000000
25.446933	0.640	60,791.000000
25.457600	0.640	60,621.000000
25.468267	0.640	61,650.000000
25.478933	0.640	63,573.000000
25.489600	0.640	65,321.000000
25.500267	0.640	65,703.000000
25.510933	0.640	64,755.000000
25.521600	0.640	63,962.000000
25.532267	0.640	63,830.000000
25.542933	0.640	63,863.000000
25.553600	0.640	64,805.000000
25.564267	0.640	66,912.000000
25.574933	0.640	68,666.000000
25.585600	0.640	69,280.000000
25.596267	0.640	68,373.000000
25.606933	0.640	65,906.000000
25.617600	0.640	64,040.000000
25.628267	0.640	63,966.000000
25.638933	0.640	63,532.000000
25.649600	0.640	62,075.000000
25.660267	0.640	62,398.000000
25.670933	0.640	65,142.000000
25.681600	0.640	67,526.000000
25.692267	0.640	68,035.000000
25.702933	0.640	67,529.000000
25.713600	0.640	67,189.000000
25.724267	0.640	67,400.000000
25.734933	0.640	68,318.000000
25.745600	0.640	69,610.000000
25.756267	0.640	69,979.000000
25.766933	0.640	68,990.000000
25.777600	0.640	67,111.000000
25.788267	0.640	64,792.000000
25.798933	0.640	64,401.000000
25.809600	0.640	68,279.000000
25.820267	0.640	73,641.000000
25.830933	0.640	75,932.000000
25.841600	0.640	75,737.000000
25.852267	0.640	76,947.000000
25.862933	0.640	80,777.000000
25.873600	0.640	85,847.000000
25.884267	0.640	91,934.000000
25.894933	0.640	100,077.000000
25.905600	0.640	110,186.000000
25.916267	0.640	120,805.000000
25.926933	0.640	131,637.000000
25.937600	0.640	143,147.000000
25.948267	0.640	151,578.000000
25.958933	0.640	151,193.000000
25.969600	0.640	143,113.000000
25.980267	0.640	133,638.000000
25.990933	0.640	126,143.000000
26.001600	0.640	121,024.000000
26.012267	0.640	117,944.000000
26.022933	0.640	114,935.000000
26.033600	0.640	111,532.000000
26.044267	0.640	111,098.000000
26.054933	0.640	116,158.000000
26.065600	0.640	128,454.000000
26.076267	0.640	151,199.000000
26.086933	0.640	180,927.000000
26.097600	0.640	202,135.000000
26.108267	0.640	198,668.000000
26.118933	0.640	169,365.000000
26.129600	0.640	129,686.000000
26.140267	0.640	98,228.000000
26.150933	0.640	82,481.000000
26.161600	0.640	77,324.000000
26.172267	0.640	74,799.000000
26.182933	0.640	71,774.000000
26.193600	0.640	69,371.000000
26.204267	0.640	69,162.000000
26.214933	0.640	71,287.000000
26.225600	0.640	74,703.000000
26.236267	0.640	77,463.000000
26.246933	0.640	77,896.000000
26.257600	0.640	76,448.000000
26.268267	0.640	75,316.000000
26.278933	0.640	76,553.000000
26.289600	0.640	79,964.000000
26.300267	0.640	82,625.000000
26.310933	0.640	82,015.000000
26.321600	0.640	78,349.000000
26.332267	0.640	74,309.000000
26.342933	0.640	73,673.000000
26.353600	0.640	76,789.000000
26.364267	0.640	79,632.000000
26.374933	0.640	80,004.000000
26.385600	0.640	79,811.000000
26.396267	0.640	81,523.000000
26.406933	0.640	85,313.000000
26.417600	0.640	89,471.000000
26.428267	0.640	94,103.000000
26.438933	0.640	102,335.000000
26.449600	0.640	116,130.000000
26.460267	0.640	135,652.000000
26.470933	0.640	164,091.000000
26.481600	0.640	206,721.000000
26.492267	0.640	261,899.000000
26.502933	0.640	310,472.000000
26.513600	0.640	316,917.000000
26.524267	0.640	262,067.000000
26.534933	0.640	175,754.000000
26.545600	0.640	108,550.000000
26.556267	0.640	79,553.000000
26.566933	0.640	74,818.000000
26.577600	0.640	76,720.000000
26.588267	0.640	77,605.000000
26.598933	0.640	76,455.000000
26.609600	0.640	73,945.000000
26.620267	0.640	72,220.000000
26.630933	0.640	73,499.000000
26.641600	0.640	77,318.000000
26.652267	0.640	81,723.000000
26.662933	0.640	84,784.000000
26.673600	0.640	85,648.000000
26.684267	0.640	85,648.000000
26.694933	0.640	86,998.000000
26.705600	0.640	91,916.000000
26.716267	0.640	100,237.000000
26.726933	0.640	107,590.000000
26.737600	0.640	110,461.000000
26.748267	0.640	109,801.000000
26.758933	0.640	109,672.000000
26.769600	0.640	115,261.000000
26.780267	0.640	128,459.000000
26.790933	0.640	144,689.000000
26.801600	0.640	157,828.000000
26.812267	0.640	167,733.000000
26.822933	0.640	183,202.000000
26.833600	0.640	224,025.000000
26.844267	0.640	311,851.000000
26.854933	0.640	438,634.000000
26.865600	0.640	548,795.000000
26.876267	0.640	577,544.000000
26.886933	0.640	516,098.000000
26.897600	0.640	426,724.000000
26.908267	0.640	381,931.000000
26.918933	0.640	388,349.000000
26.929600	0.640	387,663.000000
26.940267	0.640	341,130.000000
26.950933	0.640	273,822.000000
26.961600	0.640	224,890.000000
26.972267	0.640	202,131.000000
26.982933	0.640	193,476.000000
26.993600	0.640	191,953.000000
27.004267	0.640	199,519.000000
27.014933	0.640	225,261.000000
27.025600	0.640	295,118.000000
27.036267	0.640	424,843.000000
27.046933	0.640	550,245.000000
27.057600	0.640	561,369.000000
27.068267	0.640	452,758.000000
27.078933	0.640	338,134.000000
27.089600	0.640	296,794.000000
27.100267	0.640	309,118.000000
27.110933	0.640	331,614.000000
27.121600	0.640	351,253.000000
27.132267	0.640	371,472.000000
27.142933	0.640	394,218.000000
27.153600	0.640	421,930.000000
27.164267	0.640	457,921.000000
27.174933	0.640	505,370.000000
27.185600	0.640	571,542.000000
27.196267	0.640	665,062.000000
27.206933	0.640	790,186.000000
27.217600	0.640	959,701.000000
27.228267	0.640	1,229,088.000000
27.238933	0.640	1,775,265.000000
27.249600	0.640	3,110,846.000000
27.260267	0.640	5,895,813.000000
27.270933	0.640	9,374,163.000000
27.281600	0.640	10,657,024.000000
27.292267	0.640	8,026,827.000000
27.302933	0.640	3,740,831.000000
27.313600	0.640	1,013,799.000000
27.324267	0.640	327,223.000000
27.334933	0.640	373,795.000000
27.345600	0.640	354,310.000000
27.356267	0.640	268,835.000000
27.366933	0.640	240,290.000000
27.377600	0.640	254,166.000000
27.388267	0.640	257,850.000000
27.398933	0.640	245,079.000000
27.409600	0.640	242,822.000000
27.420267	0.640	260,584.000000
27.430933	0.640	269,573.000000
27.441600	0.640	242,660.000000
27.452267	0.640	198,525.000000
27.462933	0.640	174,438.000000
27.473600	0.640	176,422.000000
27.484267	0.640	186,495.000000
27.494933	0.640	196,593.000000
27.505600	0.640	219,320.000000
27.516267	0.640	272,008.000000
27.526933	0.640	337,749.000000
27.537600	0.640	360,796.000000
27.548267	0.640	320,511.000000
27.558933	0.640	264,706.000000
27.569600	0.640	238,526.000000
27.580267	0.640	244,027.000000
27.590933	0.640	267,955.000000
27.601600	0.640	295,831.000000
27.612267	0.640	316,945.000000
27.622933	0.640	336,195.000000
27.633600	0.640	370,422.000000
27.644267	0.640	434,960.000000
27.654933	0.640	536,735.000000
27.665600	0.640	667,324.000000
27.676267	0.640	782,501.000000
27.686933	0.640	811,412.000000
27.697600	0.640	718,230.000000
27.708267	0.640	533,484.000000
27.718933	0.640	330,629.000000
27.729600	0.640	189,024.000000
27.740267	0.640	153,580.000000
27.750933	0.640	241,261.000000
27.761600	0.640	458,873.000000
27.772267	0.640	714,152.000000
27.782933	0.640	791,861.000000
27.793600	0.640	595,919.000000
27.804267	0.640	302,666.000000
27.814933	0.640	125,389.000000
27.825600	0.640	84,954.000000
27.836267	0.640	91,943.000000
27.846933	0.640	94,304.000000
27.857600	0.640	90,913.000000
27.868267	0.640	89,472.000000
27.878933	0.640	91,294.000000
27.889600	0.640	95,593.000000
27.900267	0.640	102,253.000000
27.910933	0.640	109,532.000000
27.921600	0.640	112,877.000000
27.932267	0.640	109,246.000000
27.942933	0.640	101,475.000000
27.953600	0.640	95,270.000000
27.964267	0.640	93,698.000000
27.974933	0.640	98,006.000000
27.985600	0.640	107,911.000000
27.996267	0.640	118,463.000000
28.006933	0.640	123,412.000000
28.017600	0.640	122,550.000000
28.028267	0.640	121,395.000000
28.038933	0.640	125,336.000000
28.049600	0.640	138,138.000000
28.060267	0.640	160,601.000000
28.070933	0.640	186,692.000000
28.081600	0.640	205,817.000000
28.092267	0.640	210,472.000000
28.102933	0.640	200,629.000000
28.113600	0.640	181,264.000000
28.124267	0.640	158,506.000000
28.134933	0.640	138,664.000000
28.145600	0.640	125,935.000000
28.156267	0.640	119,586.000000
28.166933	0.640	116,080.000000
28.177600	0.640	113,055.000000
28.188267	0.640	110,102.000000
28.198933	0.640	109,948.000000
28.209600	0.640	119,314.000000
28.220267	0.640	140,314.000000
28.230933	0.640	162,113.000000
28.241600	0.640	168,984.000000
28.252267	0.640	153,858.000000
28.262933	0.640	123,955.000000
28.273600	0.640	96,758.000000
28.284267	0.640	84,770.000000
28.294933	0.640	85,449.000000
28.305600	0.640	89,976.000000
28.316267	0.640	92,519.000000
28.326933	0.640	90,392.000000
28.337600	0.640	85,021.000000
28.348267	0.640	82,415.000000
28.358933	0.640	89,109.000000
28.369600	0.640	105,278.000000
28.380267	0.640	119,473.000000
28.390933	0.640	117,250.000000
28.401600	0.640	99,520.000000
28.412267	0.640	81,943.000000
28.422933	0.640	74,407.000000
28.433600	0.640	73,668.000000
28.444267	0.640	74,794.000000
28.454933	0.640	77,713.000000
28.465600	0.640	83,001.000000
28.476267	0.640	88,712.000000
28.486933	0.640	92,699.000000
28.497600	0.640	94,863.000000
28.508267	0.640	97,242.000000
28.518933	0.640	101,976.000000
28.529600	0.640	107,639.000000
28.540267	0.640	112,023.000000
28.550933	0.640	116,730.000000
28.561600	0.640	123,328.000000
28.572267	0.640	132,582.000000
28.582933	0.640	149,635.000000
28.593600	0.640	182,684.000000
28.604267	0.640	235,587.000000
28.614933	0.640	292,928.000000
28.625600	0.640	315,870.000000
28.636267	0.640	280,381.000000
28.646933	0.640	209,645.000000
28.657600	0.640	143,911.000000
28.668267	0.640	99,974.000000
28.678933	0.640	73,691.000000
28.689600	0.640	58,018.000000
28.700267	0.640	48,597.000000
28.710933	0.640	50,852.000000
28.721600	0.640	76,619.000000
28.732267	0.640	105,866.000000
28.742933	0.640	95,466.000000
28.753600	0.640	51,639.000000
28.764267	0.640	20,062.000000
28.774933	0.640	14,059.000000
28.785600	0.640	16,082.000000
28.796267	0.640	15,775.000000
28.806933	0.640	14,057.000000
28.817600	0.640	12,895.000000
28.828267	0.640	12,235.000000
28.838933	0.640	11,102.000000
28.849600	0.640	9,347.000000
28.860267	0.640	7,742.000000
28.870933	0.640	6,565.000000
28.881600	0.640	5,748.000000
28.892267	0.640	5,550.000000
28.902933	0.640	5,842.000000
28.913600	0.640	6,040.000000
28.924267	0.640	6,214.000000
28.934933	0.640	6,955.000000
28.945600	0.640	7,986.000000
28.956267	0.640	8,293.000000
28.966933	0.640	7,295.000000
28.977600	0.640	5,354.000000
28.988267	0.640	3,800.000000
28.998933	0.640	3,415.000000
29.009600	0.640	3,324.000000
29.020267	0.640	2,877.000000
29.030933	0.640	3,045.000000
29.041600	0.640	4,119.000000
29.052267	0.640	4,023.000000
29.062933	0.640	1,926.000000
29.073600	0.640	117.000000
29.084267	0.640	-332.000000
29.094933	0.640	-375.000000
29.105600	0.640	134.000000
29.116267	0.640	1,364.000000
29.126933	0.640	2,557.000000
29.137600	0.640	3,128.000000
29.148267	0.640	2,471.000000
29.158933	0.640	976.000000
29.169600	0.640	490.000000
29.180267	0.640	1,720.000000
29.190933	0.640	3,391.000000
29.201600	0.640	4,448.000000
29.212267	0.640	4,387.000000
29.222933	0.640	2,731.000000
29.233600	0.640	327.000000
29.244267	0.640	-1,229.000000
29.254933	0.640	-1,435.000000
29.265600	0.640	-1,097.000000
29.276267	0.640	-1,300.000000
29.286933	0.640	-1,567.000000
29.297600	0.640	-760.000000
29.308267	0.640	208.000000
29.318933	0.640	-86.000000
29.329600	0.640	-911.000000
29.340267	0.640	-766.000000
29.350933	0.640	200.000000
29.361600	0.640	479.000000
29.372267	0.640	-256.000000
29.382933	0.640	-937.000000
29.393600	0.640	-1,255.000000
29.404267	0.640	-1,388.000000
29.414933	0.640	-1,355.000000
29.425600	0.640	-1,579.000000
29.436267	0.640	-2,075.000000
29.446933	0.640	-2,055.000000
29.457600	0.640	-1,391.000000
29.468267	0.640	-965.000000
29.478933	0.640	-916.000000
29.489600	0.640	-722.000000
29.500267	0.640	-841.000000
29.510933	0.640	-1,413.000000
29.521600	0.640	-1,587.000000
29.532267	0.640	-1,372.000000
29.542933	0.640	-954.000000
29.553600	0.640	-117.000000
29.564267	0.640	611.000000
29.574933	0.640	813.000000
29.585600	0.640	397.000000
29.596267	0.640	-774.000000
29.606933	0.640	-1,700.000000
29.617600	0.640	-1,405.000000
29.628267	0.640	-685.000000
29.638933	0.640	-624.000000
29.649600	0.640	-1,016.000000
29.660267	0.640	-1,118.000000
29.670933	0.640	-1,013.000000
29.681600	0.640	-1,081.000000
29.692267	0.640	-818.000000
29.702933	0.640	137.000000
29.713600	0.640	445.000000
29.724267	0.640	-1,170.000000
29.734933	0.640	-3,228.000000
29.745600	0.640	-3,690.000000
29.756267	0.640	-3,222.000000
29.766933	0.640	-3,278.000000
29.777600	0.640	-3,708.000000
29.788267	0.640	-3,795.000000
29.798933	0.640	-3,158.000000
29.809600	0.640	-1,694.000000
29.820267	0.640	71.000000
29.830933	0.640	634.000000
29.841600	0.640	-645.000000
29.852267	0.640	-1,596.000000
29.862933	0.640	-737.000000
29.873600	0.640	-95.000000
29.884267	0.640	-1,262.000000
29.894933	0.640	-2,781.000000
29.905600	0.640	-2,970.000000
29.916267	0.640	-1,927.000000
29.926933	0.640	-459.000000
29.937600	0.640	370.000000
29.948267	0.640	-522.000000
29.958933	0.640	-2,517.000000
29.969600	0.640	-3,267.000000
29.980267	0.640	-2,180.000000
29.990933	0.640	-1,549.000000
30.001600	0.640	-2,526.000000
