File Path	chrom://nnfcb-l0495/ChromeleonLocal/20180320_AA_Lars Nielsen samples Vienna_lbpet.seq/640.smp/Emission_2.channel/Emission_2.chm
Channel	Emission_2

Injection Information:
Data Vault	ChromeleonLocal
Injection	20180320_Lars Nielsen samples Vienna_dx20_BB9
Injection Number	34
Position	BB9
Comment	
Processing Method	20171024_Calculated with IS_lbpet
Instrument Method	20161104_AA_GeminiC18_FinalVer7
Type	Unknown
Status	Finished
Injection Date	21-03-2018
Injection Time	06:32:51
Injection Volume (µl)	56.500
Dilution Factor	1.0000
Weight	1.0000

Raw Data Information:
Time Min. (min)	0.007783
Time Max. (min)	30.005450
Data Points	2849
Detector	FLD
Exporting Data System	Chromeleon 7.1.2.1478
Operator	
Signal Quantity	
Signal Unit	counts
Signal Min.	-27,144.000000
Signal Max.	258,638,771.000000
Channel	Emission_2
Driver Name	FLD3000.dll
Channel Type	Evaluation
Min. Step (s)	0.010
Max. Step (s)	0.820
Average Step (s)	0.632

Signal Parameter Information:
Signal Info	266 nm /305 nm

Raw Data:
Time (min)	Step (s)	Value (counts)
0.007783	0.000	0.000000
0.021450	0.820	0.000000
0.032117	0.640	0.000000
0.042783	0.640	-1,886.000000
0.053450	0.640	-2,916.000000
0.064117	0.640	-1,754.000000
0.074783	0.640	-1,783.000000
0.085450	0.640	-5,665.000000
0.096117	0.640	-8,204.000000
0.106783	0.640	-3,239.000000
0.117450	0.640	5,314.000000
0.128117	0.640	8,275.000000
0.138783	0.640	4,961.000000
0.149450	0.640	2,654.000000
0.160117	0.640	2,143.000000
0.170783	0.640	-2,014.000000
0.181450	0.640	-7,782.000000
0.192117	0.640	-9,338.000000
0.202783	0.640	-7,633.000000
0.213450	0.640	-5,550.000000
0.224117	0.640	-4,067.000000
0.234783	0.640	-4,791.000000
0.245450	0.640	-6,559.000000
0.256117	0.640	-5,038.000000
0.266783	0.640	-503.000000
0.277450	0.640	1,471.000000
0.288117	0.640	-896.000000
0.298783	0.640	-2,435.000000
0.309450	0.640	832.000000
0.320117	0.640	4,586.000000
0.330783	0.640	2,570.000000
0.341450	0.640	-2,683.000000
0.352117	0.640	-3,945.000000
0.362783	0.640	-914.000000
0.373450	0.640	989.000000
0.384117	0.640	-182.000000
0.394783	0.640	-1,195.000000
0.405450	0.640	1,242.000000
0.416117	0.640	5,068.000000
0.426783	0.640	4,548.000000
0.437450	0.640	-1,198.000000
0.448117	0.640	-5,689.000000
0.458783	0.640	-3,837.000000
0.469450	0.640	780.000000
0.480117	0.640	2,782.000000
0.490783	0.640	692.000000
0.501450	0.640	-4,959.000000
0.512117	0.640	-8,816.000000
0.522783	0.640	-5,475.000000
0.533450	0.640	915.000000
0.544117	0.640	2,392.000000
0.554783	0.640	-2,484.000000
0.565450	0.640	-7,423.000000
0.576117	0.640	-6,276.000000
0.586783	0.640	-2,681.000000
0.597450	0.640	-4,124.000000
0.608117	0.640	-8,026.000000
0.618783	0.640	-8,228.000000
0.629450	0.640	-7,508.000000
0.640117	0.640	-8,386.000000
0.650783	0.640	-6,530.000000
0.661450	0.640	-2,323.000000
0.672117	0.640	-2,413.000000
0.682783	0.640	-6,932.000000
0.693450	0.640	-7,800.000000
0.704117	0.640	-2,609.000000
0.714783	0.640	2,907.000000
0.725450	0.640	5,944.000000
0.736117	0.640	5,654.000000
0.746783	0.640	956.000000
0.757450	0.640	-4,393.000000
0.768117	0.640	-5,946.000000
0.778783	0.640	-4,970.000000
0.789450	0.640	-4,646.000000
0.800117	0.640	-3,588.000000
0.810783	0.640	-461.000000
0.821450	0.640	804.000000
0.832117	0.640	-100.000000
0.842783	0.640	1,808.000000
0.853450	0.640	5,202.000000
0.864117	0.640	3,408.000000
0.874783	0.640	-2,673.000000
0.885450	0.640	-3,455.000000
0.896117	0.640	4,773.000000
0.906783	0.640	12,587.000000
0.917450	0.640	10,441.000000
0.928117	0.640	1,513.000000
0.938783	0.640	-4,306.000000
0.949450	0.640	-5,263.000000
0.960117	0.640	-7,365.000000
0.970783	0.640	-11,621.000000
0.981450	0.640	-14,619.000000
0.992117	0.640	-15,465.000000
1.002783	0.640	-14,256.000000
1.013450	0.640	-9,864.000000
1.024117	0.640	-2,641.000000
1.034783	0.640	2,120.000000
1.045450	0.640	98.000000
1.056117	0.640	-4,827.000000
1.066783	0.640	-6,518.000000
1.077450	0.640	-4,445.000000
1.088117	0.640	-2,275.000000
1.098783	0.640	-1,484.000000
1.109450	0.640	-541.000000
1.120117	0.640	-596.000000
1.130783	0.640	-3,017.000000
1.141450	0.640	-5,444.000000
1.152117	0.640	-6,607.000000
1.162783	0.640	-6,987.000000
1.173450	0.640	-6,143.000000
1.184117	0.640	-3,612.000000
1.194783	0.640	-635.000000
1.205450	0.640	-179.000000
1.216117	0.640	-4,250.000000
1.226783	0.640	-10,102.000000
1.237450	0.640	-10,906.000000
1.248117	0.640	-5,566.000000
1.258783	0.640	-2,654.000000
1.269450	0.640	-7,895.000000
1.280117	0.640	-14,701.000000
1.290783	0.640	-13,657.000000
1.301450	0.640	-6,505.000000
1.312117	0.640	-2,226.000000
1.322783	0.640	-2,893.000000
1.333450	0.640	-3,201.000000
1.344117	0.640	-1,892.000000
1.354783	0.640	-2,893.000000
1.365450	0.640	-6,025.000000
1.376117	0.640	-6,457.000000
1.386783	0.640	-2,428.000000
1.397450	0.640	870.000000
1.408117	0.640	-2,827.000000
1.418783	0.640	-11,443.000000
1.429450	0.640	-16,845.000000
1.440117	0.640	-14,041.000000
1.450783	0.640	-5,496.000000
1.461450	0.640	251.000000
1.472117	0.640	-738.000000
1.482783	0.640	-2,610.000000
1.493450	0.640	-2,264.000000
1.504117	0.640	-3,318.000000
1.514783	0.640	-5,123.000000
1.525450	0.640	-3,484.000000
1.536117	0.640	906.000000
1.546783	0.640	4,207.000000
1.557450	0.640	3,443.000000
1.568117	0.640	-1,585.000000
1.578783	0.640	-6,259.000000
1.589450	0.640	-6,587.000000
1.600117	0.640	-4,048.000000
1.610783	0.640	-1,792.000000
1.621450	0.640	-2,387.000000
1.632117	0.640	-5,940.000000
1.642783	0.640	-7,620.000000
1.653450	0.640	-3,719.000000
1.664117	0.640	107.000000
1.674783	0.640	-4,241.000000
1.685500	0.643	-12,503.000000
1.696117	0.637	-13,617.000000
1.706783	0.640	-7,897.000000
1.717450	0.640	-3,415.000000
1.728117	0.640	-226.000000
1.738783	0.640	5,215.000000
1.749450	0.640	8,572.000000
1.760117	0.640	4,736.000000
1.770783	0.640	-2,089.000000
1.781450	0.640	-4,671.000000
1.792117	0.640	-2,045.000000
1.802783	0.640	1,874.000000
1.813450	0.640	3,188.000000
1.824117	0.640	1,311.000000
1.834783	0.640	382.000000
1.845450	0.640	2,718.000000
1.856117	0.640	3,903.000000
1.866783	0.640	2,055.000000
1.877450	0.640	-280.000000
1.888117	0.640	-4,473.000000
1.898783	0.640	-10,767.000000
1.909450	0.640	-14,077.000000
1.920117	0.640	-12,043.000000
1.930783	0.640	-8,125.000000
1.941450	0.640	-5,552.000000
1.952117	0.640	-3,890.000000
1.962783	0.640	-2,085.000000
1.973450	0.640	-599.000000
1.984117	0.640	-1,145.000000
1.994783	0.640	-3,456.000000
2.005450	0.640	-3,624.000000
2.016117	0.640	-931.000000
2.026783	0.640	-97.000000
2.037450	0.640	-1,394.000000
2.048117	0.640	-481.000000
2.058783	0.640	1,715.000000
2.069450	0.640	2,374.000000
2.080117	0.640	2,207.000000
2.090783	0.640	2,022.000000
2.101450	0.640	719.000000
2.112117	0.640	-3,666.000000
2.122783	0.640	-10,283.000000
2.133450	0.640	-13,935.000000
2.144117	0.640	-9,287.000000
2.154783	0.640	1,898.000000
2.165450	0.640	8,873.000000
2.176117	0.640	4,587.000000
2.186783	0.640	-4,145.000000
2.197450	0.640	-8,012.000000
2.208117	0.640	-7,514.000000
2.218783	0.640	-5,497.000000
2.229450	0.640	-1,108.000000
2.240117	0.640	2,559.000000
2.250783	0.640	2,181.000000
2.261450	0.640	1,925.000000
2.272117	0.640	3,109.000000
2.282783	0.640	2,093.000000
2.293450	0.640	1,696.000000
2.304117	0.640	5,832.000000
2.314783	0.640	9,017.000000
2.325450	0.640	5,927.000000
2.336117	0.640	2,681.000000
2.346783	0.640	6,159.000000
2.357450	0.640	10,708.000000
2.368117	0.640	7,096.000000
2.378783	0.640	-1,959.000000
2.389450	0.640	-4,594.000000
2.400117	0.640	2,686.000000
2.410783	0.640	10,250.000000
2.421450	0.640	9,273.000000
2.432117	0.640	997.000000
2.442783	0.640	-5,508.000000
2.453450	0.640	-3,838.000000
2.464117	0.640	1,624.000000
2.474783	0.640	4,168.000000
2.485450	0.640	3,892.000000
2.496117	0.640	3,347.000000
2.506783	0.640	1,972.000000
2.517450	0.640	-1,286.000000
2.528117	0.640	-4,464.000000
2.538783	0.640	-5,214.000000
2.549450	0.640	-2,820.000000
2.560117	0.640	1,055.000000
2.570783	0.640	1,625.000000
2.581450	0.640	-2,443.000000
2.592117	0.640	-4,313.000000
2.602783	0.640	-587.000000
2.613450	0.640	126.000000
2.624117	0.640	-6,930.000000
2.634783	0.640	-13,645.000000
2.645450	0.640	-14,051.000000
2.656117	0.640	-9,802.000000
2.666783	0.640	-4,275.000000
2.677450	0.640	-1,842.000000
2.688117	0.640	-4,825.000000
2.698783	0.640	-9,674.000000
2.709450	0.640	-10,029.000000
2.720117	0.640	-4,825.000000
2.730783	0.640	-1,630.000000
2.741450	0.640	-5,387.000000
2.752117	0.640	-10,039.000000
2.762783	0.640	-8,586.000000
2.773450	0.640	-3,543.000000
2.784117	0.640	-2,968.000000
2.794783	0.640	-7,520.000000
2.805450	0.640	-9,339.000000
2.816117	0.640	-6,928.000000
2.826783	0.640	-6,594.000000
2.837450	0.640	-7,786.000000
2.848117	0.640	-5,366.000000
2.858783	0.640	-2,925.000000
2.869450	0.640	-5,525.000000
2.880117	0.640	-9,642.000000
2.890783	0.640	-10,198.000000
2.901450	0.640	-7,209.000000
2.912117	0.640	-4,055.000000
2.922783	0.640	-1,283.000000
2.933450	0.640	3,259.000000
2.944117	0.640	7,730.000000
2.954783	0.640	8,305.000000
2.965450	0.640	4,250.000000
2.976117	0.640	-1,994.000000
2.986833	0.643	-6,025.000000
2.997450	0.637	-5,025.000000
3.008117	0.640	-1,855.000000
3.018783	0.640	-2,706.000000
3.029450	0.640	-6,519.000000
3.040117	0.640	-5,253.000000
3.050783	0.640	1,123.000000
3.061450	0.640	4,974.000000
3.072117	0.640	4,132.000000
3.082783	0.640	2,339.000000
3.093450	0.640	3,163.000000
3.104117	0.640	6,671.000000
3.114783	0.640	8,572.000000
3.125450	0.640	5,673.000000
3.136117	0.640	-85.000000
3.146783	0.640	-3,544.000000
3.157450	0.640	-1,461.000000
3.168117	0.640	2,137.000000
3.178783	0.640	2,327.000000
3.189450	0.640	199.000000
3.200117	0.640	-1,802.000000
3.210783	0.640	-1,732.000000
3.221450	0.640	974.000000
3.232117	0.640	2,660.000000
3.242783	0.640	1,546.000000
3.253450	0.640	1,887.000000
3.264117	0.640	5,377.000000
3.274783	0.640	7,457.000000
3.285450	0.640	6,125.000000
3.296117	0.640	4,838.000000
3.306783	0.640	3,967.000000
3.317450	0.640	429.000000
3.328117	0.640	-3,542.000000
3.338783	0.640	-3,688.000000
3.349450	0.640	-1,714.000000
3.360117	0.640	-1,499.000000
3.370783	0.640	-2,965.000000
3.381450	0.640	-2,539.000000
3.392117	0.640	942.000000
3.402783	0.640	3,228.000000
3.413450	0.640	2,485.000000
3.424117	0.640	2,273.000000
3.434783	0.640	3,460.000000
3.445450	0.640	3,718.000000
3.456117	0.640	1,271.000000
3.466783	0.640	-4,215.000000
3.477450	0.640	-8,714.000000
3.488117	0.640	-6,973.000000
3.498783	0.640	266.000000
3.509450	0.640	6,924.000000
3.520117	0.640	8,054.000000
3.530783	0.640	3,741.000000
3.541450	0.640	-2,332.000000
3.552117	0.640	-6,639.000000
3.562783	0.640	-7,941.000000
3.573450	0.640	-6,037.000000
3.584117	0.640	-603.000000
3.594783	0.640	5,653.000000
3.605450	0.640	6,021.000000
3.616117	0.640	-1,594.000000
3.626783	0.640	-9,315.000000
3.637450	0.640	-8,108.000000
3.648117	0.640	-86.000000
3.658783	0.640	3,182.000000
3.669450	0.640	-2,619.000000
3.680117	0.640	-9,383.000000
3.690783	0.640	-9,581.000000
3.701450	0.640	-4,207.000000
3.712117	0.640	916.000000
3.722783	0.640	2,199.000000
3.733450	0.640	750.000000
3.744117	0.640	123.000000
3.754783	0.640	1,708.000000
3.765450	0.640	1,007.000000
3.776117	0.640	-5,244.000000
3.786783	0.640	-11,316.000000
3.797450	0.640	-9,895.000000
3.808117	0.640	-2,116.000000
3.818783	0.640	4,880.000000
3.829450	0.640	6,458.000000
3.840117	0.640	3,557.000000
3.850783	0.640	167.000000
3.861450	0.640	-2,398.000000
3.872117	0.640	-6,901.000000
3.882783	0.640	-11,619.000000
3.893450	0.640	-10,613.000000
3.904117	0.640	-5,267.000000
3.914783	0.640	-1,490.000000
3.925450	0.640	529.000000
3.936117	0.640	3,004.000000
3.946783	0.640	4,257.000000
3.957450	0.640	3,329.000000
3.968117	0.640	3,567.000000
3.978783	0.640	5,366.000000
3.989450	0.640	5,977.000000
4.000117	0.640	6,749.000000
4.010783	0.640	8,214.000000
4.021450	0.640	6,020.000000
4.032117	0.640	987.000000
4.042783	0.640	400.000000
4.053450	0.640	4,283.000000
4.064117	0.640	4,513.000000
4.074783	0.640	-1,751.000000
4.085450	0.640	-8,652.000000
4.096117	0.640	-9,519.000000
4.106783	0.640	-5,049.000000
4.117450	0.640	-2,879.000000
4.128117	0.640	-5,850.000000
4.138783	0.640	-7,938.000000
4.149450	0.640	-4,557.000000
4.160117	0.640	1,456.000000
4.170783	0.640	3,896.000000
4.181450	0.640	105.000000
4.192117	0.640	-5,160.000000
4.202783	0.640	-4,959.000000
4.213450	0.640	-1,193.000000
4.224117	0.640	-2,706.000000
4.234783	0.640	-9,285.000000
4.245450	0.640	-11,181.000000
4.256117	0.640	-5,319.000000
4.266783	0.640	1,737.000000
4.277450	0.640	3,597.000000
4.288117	0.640	-642.000000
4.298783	0.640	-6,539.000000
4.309450	0.640	-7,856.000000
4.320117	0.640	-5,061.000000
4.330783	0.640	-6,063.000000
4.341450	0.640	-11,410.000000
4.352117	0.640	-13,168.000000
4.362783	0.640	-10,590.000000
4.373450	0.640	-7,977.000000
4.384117	0.640	-4,186.000000
4.394783	0.640	994.000000
4.405450	0.640	1,413.000000
4.416117	0.640	-4,006.000000
4.426783	0.640	-7,040.000000
4.437450	0.640	-3,481.000000
4.448117	0.640	633.000000
4.458783	0.640	-309.000000
4.469450	0.640	-3,389.000000
4.480117	0.640	-4,496.000000
4.490783	0.640	-3,322.000000
4.501450	0.640	-561.000000
4.512117	0.640	749.000000
4.522783	0.640	-1,348.000000
4.533450	0.640	-3,573.000000
4.544117	0.640	-4,445.000000
4.554783	0.640	-6,473.000000
4.565450	0.640	-8,542.000000
4.576117	0.640	-7,282.000000
4.586783	0.640	-4,534.000000
4.597450	0.640	-5,229.000000
4.608117	0.640	-10,071.000000
4.618783	0.640	-12,609.000000
4.629450	0.640	-7,866.000000
4.640117	0.640	-2,330.000000
4.650783	0.640	-2,601.000000
4.661450	0.640	-2,728.000000
4.672117	0.640	1,050.000000
4.682783	0.640	-255.000000
4.693450	0.640	-11,302.000000
4.704117	0.640	-23,745.000000
4.714783	0.640	-27,144.000000
4.725450	0.640	-19,143.000000
4.736117	0.640	-9,612.000000
4.746783	0.640	-6,764.000000
4.757450	0.640	-5,093.000000
4.768117	0.640	-1,982.000000
4.778783	0.640	-3,896.000000
4.789450	0.640	-11,326.000000
4.800117	0.640	-17,038.000000
4.810783	0.640	-16,189.000000
4.821450	0.640	-12,393.000000
4.832117	0.640	-11,681.000000
4.842783	0.640	-13,277.000000
4.853450	0.640	-13,412.000000
4.864117	0.640	-12,027.000000
4.874783	0.640	-11,516.000000
4.885450	0.640	-12,632.000000
4.896117	0.640	-12,354.000000
4.906783	0.640	-9,645.000000
4.917450	0.640	-8,887.000000
4.928117	0.640	-11,173.000000
4.938833	0.643	-12,178.000000
4.949450	0.637	-8,986.000000
4.960117	0.640	-946.000000
4.970783	0.640	15,978.000000
4.981450	0.640	50,148.000000
4.992117	0.640	101,059.000000
5.002783	0.640	151,088.000000
5.013450	0.640	179,770.000000
5.024117	0.640	181,885.000000
5.034783	0.640	167,795.000000
5.045450	0.640	148,907.000000
5.056117	0.640	129,936.000000
5.066783	0.640	113,246.000000
5.077450	0.640	98,329.000000
5.088117	0.640	81,633.000000
5.098783	0.640	63,796.000000
5.109450	0.640	48,508.000000
5.120117	0.640	36,609.000000
5.130783	0.640	27,350.000000
5.141450	0.640	20,346.000000
5.152117	0.640	14,749.000000
5.162783	0.640	9,721.000000
5.173450	0.640	6,306.000000
5.184117	0.640	5,529.000000
5.194783	0.640	5,105.000000
5.205450	0.640	3,122.000000
5.216117	0.640	793.000000
5.226783	0.640	-1,471.000000
5.237450	0.640	-4,402.000000
5.248117	0.640	-8,504.000000
5.258783	0.640	-12,647.000000
5.269450	0.640	-12,724.000000
5.280117	0.640	-9,252.000000
5.290783	0.640	-7,041.000000
5.301450	0.640	-5,245.000000
5.312117	0.640	-2,958.000000
5.322783	0.640	-3,865.000000
5.333450	0.640	-8,050.000000
5.344117	0.640	-11,395.000000
5.354783	0.640	-11,389.000000
5.365450	0.640	-9,999.000000
5.376117	0.640	-10,528.000000
5.386783	0.640	-11,234.000000
5.397450	0.640	-10,017.000000
5.408117	0.640	-8,989.000000
5.418783	0.640	-6,620.000000
5.429450	0.640	-2,612.000000
5.440117	0.640	-4,588.000000
5.450783	0.640	-12,051.000000
5.461450	0.640	-14,597.000000
5.472117	0.640	-10,319.000000
5.482783	0.640	-5,749.000000
5.493450	0.640	-5,650.000000
5.504117	0.640	-9,279.000000
5.514783	0.640	-10,973.000000
5.525450	0.640	-8,330.000000
5.536117	0.640	-5,779.000000
5.546783	0.640	-6,043.000000
5.557450	0.640	-6,519.000000
5.568117	0.640	-5,126.000000
5.578783	0.640	-3,438.000000
5.589450	0.640	-3,378.000000
5.600117	0.640	-3,927.000000
5.610783	0.640	-3,562.000000
5.621450	0.640	-4,503.000000
5.632117	0.640	-8,962.000000
5.642783	0.640	-12,731.000000
5.653450	0.640	-11,425.000000
5.664117	0.640	-8,226.000000
5.674783	0.640	-6,636.000000
5.685450	0.640	-5,966.000000
5.696117	0.640	-6,917.000000
5.706783	0.640	-8,621.000000
5.717450	0.640	-7,201.000000
5.728117	0.640	-4,786.000000
5.738783	0.640	-6,757.000000
5.749450	0.640	-11,905.000000
5.760117	0.640	-14,453.000000
5.770783	0.640	-12,058.000000
5.781450	0.640	-8,689.000000
5.792117	0.640	-9,736.000000
5.802783	0.640	-14,643.000000
5.813450	0.640	-16,887.000000
5.824117	0.640	-13,362.000000
5.834783	0.640	-7,455.000000
5.845450	0.640	-2,858.000000
5.856117	0.640	-2,080.000000
5.866783	0.640	-4,795.000000
5.877450	0.640	-6,188.000000
5.888117	0.640	-5,064.000000
5.898783	0.640	-5,328.000000
5.909450	0.640	-6,841.000000
5.920117	0.640	-7,689.000000
5.930783	0.640	-9,725.000000
5.941450	0.640	-12,579.000000
5.952117	0.640	-12,968.000000
5.962783	0.640	-11,498.000000
5.973450	0.640	-9,664.000000
5.984117	0.640	-6,202.000000
5.994783	0.640	-2,143.000000
6.005450	0.640	-1,145.000000
6.016117	0.640	-3,539.000000
6.026783	0.640	-4,317.000000
6.037450	0.640	-294.000000
6.048117	0.640	3,260.000000
6.058783	0.640	1,009.000000
6.069450	0.640	-4,162.000000
6.080117	0.640	-8,060.000000
6.090783	0.640	-9,617.000000
6.101450	0.640	-8,825.000000
6.112117	0.640	-8,280.000000
6.122783	0.640	-8,144.000000
6.133450	0.640	-3,963.000000
6.144117	0.640	967.000000
6.154783	0.640	-1,652.000000
6.165450	0.640	-9,577.000000
6.176117	0.640	-13,773.000000
6.186783	0.640	-12,583.000000
6.197450	0.640	-11,811.000000
6.208117	0.640	-12,073.000000
6.218783	0.640	-9,129.000000
6.229450	0.640	-6,083.000000
6.240117	0.640	-9,183.000000
6.250783	0.640	-14,920.000000
6.261450	0.640	-15,515.000000
6.272117	0.640	-11,270.000000
6.282783	0.640	-7,829.000000
6.293450	0.640	-9,035.000000
6.304117	0.640	-12,922.000000
6.314783	0.640	-13,849.000000
6.325450	0.640	-11,107.000000
6.336117	0.640	-8,053.000000
6.346783	0.640	-7,761.000000
6.357450	0.640	-9,768.000000
6.368117	0.640	-8,705.000000
6.378783	0.640	-5,332.000000
6.389450	0.640	-5,317.000000
6.400117	0.640	-6,901.000000
6.410783	0.640	-8,205.000000
6.421450	0.640	-10,846.000000
6.432117	0.640	-11,818.000000
6.442783	0.640	-9,294.000000
6.453450	0.640	-5,622.000000
6.464117	0.640	-1,011.000000
6.474783	0.640	2,746.000000
6.485450	0.640	2,409.000000
6.496117	0.640	264.000000
6.506783	0.640	-1,758.000000
6.517450	0.640	-6,072.000000
6.528117	0.640	-10,423.000000
6.538783	0.640	-10,197.000000
6.549450	0.640	-8,812.000000
6.560117	0.640	-10,936.000000
6.570783	0.640	-12,961.000000
6.581450	0.640	-11,937.000000
6.592117	0.640	-12,296.000000
6.602783	0.640	-13,758.000000
6.613450	0.640	-10,264.000000
6.624117	0.640	-5,691.000000
6.634783	0.640	-7,076.000000
6.645450	0.640	-10,024.000000
6.656117	0.640	-9,407.000000
6.666783	0.640	-7,137.000000
6.677450	0.640	-5,028.000000
6.688117	0.640	-4,139.000000
6.698783	0.640	-5,085.000000
6.709450	0.640	-6,228.000000
6.720117	0.640	-6,296.000000
6.730783	0.640	-4,835.000000
6.741450	0.640	-2,292.000000
6.752117	0.640	-747.000000
6.762783	0.640	-1,068.000000
6.773450	0.640	-2,254.000000
6.784117	0.640	-4,420.000000
6.794783	0.640	-8,539.000000
6.805450	0.640	-13,145.000000
6.816117	0.640	-15,426.000000
6.826783	0.640	-14,941.000000
6.837450	0.640	-13,028.000000
6.848117	0.640	-9,598.000000
6.858783	0.640	-4,896.000000
6.869450	0.640	-2,520.000000
6.880117	0.640	-4,125.000000
6.890783	0.640	-6,233.000000
6.901450	0.640	-5,117.000000
6.912117	0.640	-1,323.000000
6.922783	0.640	-989.000000
6.933450	0.640	-5,890.000000
6.944117	0.640	-7,396.000000
6.954783	0.640	-3,932.000000
6.965450	0.640	-5,009.000000
6.976117	0.640	-10,445.000000
6.986783	0.640	-9,639.000000
6.997450	0.640	-1,758.000000
7.008117	0.640	1,996.000000
7.018783	0.640	-4,213.000000
7.029450	0.640	-13,172.000000
7.040117	0.640	-14,752.000000
7.050783	0.640	-9,038.000000
7.061450	0.640	-5,741.000000
7.072117	0.640	-10,351.000000
7.082783	0.640	-16,740.000000
7.093450	0.640	-14,911.000000
7.104117	0.640	-4,847.000000
7.114783	0.640	2,521.000000
7.125450	0.640	1,190.000000
7.136117	0.640	-5,161.000000
7.146783	0.640	-12,569.000000
7.157450	0.640	-16,208.000000
7.168117	0.640	-12,359.000000
7.178783	0.640	-7,311.000000
7.189450	0.640	-8,066.000000
7.200117	0.640	-10,213.000000
7.210783	0.640	-9,391.000000
7.221450	0.640	-11,532.000000
7.232117	0.640	-16,866.000000
7.242783	0.640	-14,510.000000
7.253450	0.640	-5,989.000000
7.264117	0.640	-4,017.000000
7.274783	0.640	-7,019.000000
7.285500	0.643	-6,842.000000
7.296117	0.637	-6,867.000000
7.306783	0.640	-9,798.000000
7.317450	0.640	-10,687.000000
7.328117	0.640	-9,213.000000
7.338783	0.640	-8,414.000000
7.349450	0.640	-8,765.000000
7.360117	0.640	-10,713.000000
7.370783	0.640	-12,017.000000
7.381450	0.640	-10,396.000000
7.392117	0.640	-9,634.000000
7.402783	0.640	-11,914.000000
7.413450	0.640	-12,776.000000
7.424167	0.643	-8,073.000000
7.434783	0.637	-779.000000
7.445450	0.640	183.000000
7.456117	0.640	-8,067.000000
7.466783	0.640	-16,779.000000
7.477450	0.640	-18,106.000000
7.488117	0.640	-14,266.000000
7.498783	0.640	-11,758.000000
7.509450	0.640	-11,694.000000
7.520117	0.640	-9,764.000000
7.530783	0.640	-6,153.000000
7.541450	0.640	-5,373.000000
7.552117	0.640	-7,264.000000
7.562783	0.640	-9,125.000000
7.573450	0.640	-10,436.000000
7.584117	0.640	-11,341.000000
7.594783	0.640	-12,503.000000
7.605450	0.640	-12,543.000000
7.616117	0.640	-8,642.000000
7.626783	0.640	-5,416.000000
7.637450	0.640	-8,753.000000
7.648117	0.640	-13,389.000000
7.658783	0.640	-13,416.000000
7.669450	0.640	-12,484.000000
7.680117	0.640	-13,824.000000
7.690783	0.640	-14,594.000000
7.701450	0.640	-12,805.000000
7.712117	0.640	-9,108.000000
7.722783	0.640	-5,120.000000
7.733450	0.640	-4,516.000000
7.744117	0.640	-8,462.000000
7.754783	0.640	-13,631.000000
7.765450	0.640	-17,875.000000
7.776117	0.640	-18,936.000000
7.786783	0.640	-14,255.000000
7.797450	0.640	-8,032.000000
7.808117	0.640	-5,386.000000
7.818783	0.640	-4,293.000000
7.829450	0.640	-4,009.000000
7.840117	0.640	-6,534.000000
7.850783	0.640	-9,079.000000
7.861450	0.640	-10,715.000000
7.872117	0.640	-14,638.000000
7.882783	0.640	-18,393.000000
7.893450	0.640	-18,749.000000
7.904117	0.640	-17,684.000000
7.914783	0.640	-14,224.000000
7.925450	0.640	-6,760.000000
7.936117	0.640	-1,315.000000
7.946783	0.640	-2,409.000000
7.957450	0.640	-6,017.000000
7.968117	0.640	-8,942.000000
7.978783	0.640	-11,925.000000
7.989450	0.640	-14,414.000000
8.000117	0.640	-15,677.000000
8.010783	0.640	-17,616.000000
8.021450	0.640	-21,491.000000
8.032117	0.640	-24,817.000000
8.042783	0.640	-23,615.000000
8.053450	0.640	-14,960.000000
8.064117	0.640	-2,607.000000
8.074783	0.640	1,612.000000
8.085450	0.640	-5,025.000000
8.096117	0.640	-10,410.000000
8.106783	0.640	-9,731.000000
8.117450	0.640	-9,572.000000
8.128117	0.640	-11,148.000000
8.138783	0.640	-12,643.000000
8.149450	0.640	-15,456.000000
8.160117	0.640	-16,236.000000
8.170783	0.640	-10,472.000000
8.181450	0.640	-3,710.000000
8.192117	0.640	-3,594.000000
8.202783	0.640	-8,871.000000
8.213450	0.640	-14,439.000000
8.224117	0.640	-16,101.000000
8.234783	0.640	-12,304.000000
8.245450	0.640	-8,078.000000
8.256117	0.640	-8,075.000000
8.266783	0.640	-10,025.000000
8.277450	0.640	-10,842.000000
8.288117	0.640	-9,954.000000
8.298783	0.640	-7,873.000000
8.309450	0.640	-5,811.000000
8.320117	0.640	-4,759.000000
8.330783	0.640	-4,098.000000
8.341450	0.640	-3,650.000000
8.352117	0.640	-5,925.000000
8.362783	0.640	-11,068.000000
8.373450	0.640	-14,333.000000
8.384117	0.640	-13,189.000000
8.394783	0.640	-10,623.000000
8.405450	0.640	-9,128.000000
8.416117	0.640	-7,711.000000
8.426783	0.640	-6,630.000000
8.437450	0.640	-7,398.000000
8.448117	0.640	-6,821.000000
8.458783	0.640	-2,025.000000
8.469450	0.640	1,058.000000
8.480117	0.640	-3,156.000000
8.490783	0.640	-10,567.000000
8.501450	0.640	-14,669.000000
8.512167	0.643	-14,227.000000
8.522783	0.637	-12,863.000000
8.533450	0.640	-12,699.000000
8.544117	0.640	-11,595.000000
8.554783	0.640	-8,874.000000
8.565450	0.640	-6,441.000000
8.576117	0.640	-5,920.000000
8.586783	0.640	-8,371.000000
8.597450	0.640	-12,171.000000
8.608117	0.640	-13,817.000000
8.618783	0.640	-13,406.000000
8.629450	0.640	-12,698.000000
8.640117	0.640	-10,725.000000
8.650783	0.640	-7,415.000000
8.661450	0.640	-4,347.000000
8.672117	0.640	-2,415.000000
8.682783	0.640	-2,677.000000
8.693450	0.640	-3,453.000000
8.704117	0.640	-2,597.000000
8.714783	0.640	-2,812.000000
8.725450	0.640	-4,564.000000
8.736117	0.640	-5,496.000000
8.746783	0.640	-7,018.000000
8.757450	0.640	-9,734.000000
8.768117	0.640	-11,615.000000
8.778783	0.640	-11,138.000000
8.789450	0.640	-9,040.000000
8.800117	0.640	-8,235.000000
8.810783	0.640	-8,482.000000
8.821450	0.640	-8,360.000000
8.832117	0.640	-9,503.000000
8.842783	0.640	-11,336.000000
8.853450	0.640	-11,644.000000
8.864117	0.640	-10,912.000000
8.874783	0.640	-9,330.000000
8.885450	0.640	-6,350.000000
8.896117	0.640	-3,896.000000
8.906783	0.640	-3,399.000000
8.917450	0.640	-3,962.000000
8.928117	0.640	-6,336.000000
8.938783	0.640	-8,977.000000
8.949450	0.640	-7,379.000000
8.960117	0.640	-4,670.000000
8.970783	0.640	-6,277.000000
8.981450	0.640	-8,910.000000
8.992117	0.640	-8,720.000000
9.002783	0.640	-9,431.000000
9.013450	0.640	-13,773.000000
9.024117	0.640	-16,509.000000
9.034783	0.640	-15,697.000000
9.045450	0.640	-15,971.000000
9.056117	0.640	-17,569.000000
9.066783	0.640	-18,905.000000
9.077450	0.640	-20,195.000000
9.088117	0.640	-20,097.000000
9.098783	0.640	-18,458.000000
9.109450	0.640	-16,816.000000
9.120117	0.640	-15,388.000000
9.130783	0.640	-15,247.000000
9.141450	0.640	-18,263.000000
9.152117	0.640	-20,367.000000
9.162783	0.640	-15,650.000000
9.173450	0.640	-8,415.000000
9.184117	0.640	-7,266.000000
9.194783	0.640	-9,850.000000
9.205450	0.640	-7,024.000000
9.216117	0.640	-1,979.000000
9.226783	0.640	-5,251.000000
9.237450	0.640	-12,999.000000
9.248117	0.640	-16,293.000000
9.258783	0.640	-14,606.000000
9.269450	0.640	-7,796.000000
9.280117	0.640	929.000000
9.290783	0.640	3,183.000000
9.301450	0.640	-1,217.000000
9.312117	0.640	-4,535.000000
9.322783	0.640	-4,110.000000
9.333450	0.640	-3,666.000000
9.344117	0.640	-4,458.000000
9.354783	0.640	-3,638.000000
9.365450	0.640	-801.000000
9.376117	0.640	2,123.000000
9.386783	0.640	4,113.000000
9.397450	0.640	2,460.000000
9.408117	0.640	-3,560.000000
9.418783	0.640	-7,847.000000
9.429450	0.640	-5,731.000000
9.440117	0.640	1,204.000000
9.450783	0.640	9,398.000000
9.461450	0.640	13,678.000000
9.472117	0.640	11,583.000000
9.482783	0.640	7,632.000000
9.493450	0.640	5,759.000000
9.504117	0.640	5,935.000000
9.514783	0.640	5,952.000000
9.525450	0.640	3,603.000000
9.536117	0.640	2,301.000000
9.546783	0.640	4,874.000000
9.557450	0.640	7,948.000000
9.568117	0.640	11,055.000000
9.578783	0.640	14,980.000000
9.589450	0.640	15,763.000000
9.600117	0.640	11,524.000000
9.610783	0.640	4,317.000000
9.621450	0.640	-1,893.000000
9.632117	0.640	-666.000000
9.642783	0.640	9,195.000000
9.653450	0.640	19,262.000000
9.664117	0.640	21,036.000000
9.674783	0.640	14,996.000000
9.685450	0.640	9,618.000000
9.696117	0.640	10,937.000000
9.706783	0.640	15,665.000000
9.717450	0.640	18,709.000000
9.728117	0.640	19,822.000000
9.738783	0.640	20,769.000000
9.749450	0.640	22,182.000000
9.760117	0.640	23,420.000000
9.770783	0.640	23,152.000000
9.781450	0.640	20,698.000000
9.792117	0.640	18,445.000000
9.802783	0.640	18,884.000000
9.813450	0.640	20,213.000000
9.824117	0.640	20,596.000000
9.834783	0.640	20,985.000000
9.845450	0.640	21,357.000000
9.856117	0.640	21,467.000000
9.866783	0.640	23,053.000000
9.877450	0.640	25,972.000000
9.888117	0.640	25,901.000000
9.898783	0.640	21,819.000000
9.909450	0.640	20,560.000000
9.920117	0.640	25,069.000000
9.930783	0.640	29,174.000000
9.941450	0.640	27,589.000000
9.952117	0.640	21,629.000000
9.962783	0.640	19,613.000000
9.973450	0.640	26,309.000000
9.984117	0.640	33,142.000000
9.994783	0.640	33,311.000000
10.005450	0.640	31,370.000000
10.016117	0.640	30,807.000000
10.026783	0.640	30,946.000000
10.037450	0.640	32,396.000000
10.048117	0.640	36,147.000000
10.058783	0.640	41,425.000000
10.069450	0.640	44,270.000000
10.080117	0.640	41,037.000000
10.090783	0.640	34,885.000000
10.101450	0.640	31,585.000000
10.112117	0.640	32,118.000000
10.122783	0.640	35,387.000000
10.133450	0.640	39,755.000000
10.144117	0.640	40,490.000000
10.154783	0.640	36,723.000000
10.165450	0.640	36,544.000000
10.176117	0.640	44,334.000000
10.186783	0.640	52,818.000000
10.197450	0.640	56,049.000000
10.208117	0.640	56,947.000000
10.218783	0.640	57,505.000000
10.229450	0.640	56,721.000000
10.240117	0.640	55,995.000000
10.250783	0.640	55,380.000000
10.261450	0.640	51,972.000000
10.272117	0.640	44,958.000000
10.282783	0.640	39,984.000000
10.293450	0.640	43,428.000000
10.304117	0.640	50,955.000000
10.314783	0.640	55,247.000000
10.325450	0.640	55,694.000000
10.336117	0.640	53,461.000000
10.346783	0.640	51,495.000000
10.357450	0.640	54,581.000000
10.368117	0.640	64,118.000000
10.378783	0.640	74,680.000000
10.389450	0.640	77,596.000000
10.400117	0.640	72,641.000000
10.410783	0.640	69,115.000000
10.421450	0.640	72,255.000000
10.432117	0.640	76,740.000000
10.442783	0.640	76,973.000000
10.453450	0.640	76,230.000000
10.464117	0.640	77,643.000000
10.474783	0.640	75,634.000000
10.485450	0.640	68,198.000000
10.496117	0.640	66,284.000000
10.506783	0.640	76,850.000000
10.517450	0.640	89,296.000000
10.528117	0.640	90,931.000000
10.538783	0.640	84,257.000000
10.549450	0.640	81,284.000000
10.560117	0.640	86,350.000000
10.570783	0.640	91,626.000000
10.581450	0.640	91,320.000000
10.592117	0.640	89,567.000000
10.602783	0.640	90,781.000000
10.613450	0.640	93,730.000000
10.624117	0.640	96,117.000000
10.634783	0.640	98,200.000000
10.645450	0.640	99,910.000000
10.656117	0.640	99,206.000000
10.666783	0.640	96,609.000000
10.677450	0.640	96,048.000000
10.688117	0.640	100,502.000000
10.698783	0.640	107,994.000000
10.709450	0.640	113,247.000000
10.720117	0.640	113,531.000000
10.730783	0.640	110,203.000000
10.741450	0.640	108,311.000000
10.752117	0.640	111,264.000000
10.762783	0.640	114,997.000000
10.773450	0.640	115,697.000000
10.784117	0.640	115,765.000000
10.794783	0.640	117,439.000000
10.805450	0.640	119,142.000000
10.816117	0.640	119,955.000000
10.826783	0.640	122,245.000000
10.837450	0.640	126,312.000000
10.848117	0.640	128,893.000000
10.858783	0.640	128,624.000000
10.869450	0.640	126,174.000000
10.880117	0.640	124,760.000000
10.890783	0.640	130,520.000000
10.901450	0.640	141,961.000000
10.912117	0.640	148,549.000000
10.922783	0.640	147,159.000000
10.933450	0.640	144,864.000000
10.944117	0.640	145,263.000000
10.954783	0.640	145,869.000000
10.965450	0.640	144,058.000000
10.976117	0.640	141,561.000000
10.986783	0.640	143,431.000000
10.997450	0.640	148,402.000000
11.008117	0.640	151,587.000000
11.018783	0.640	153,409.000000
11.029450	0.640	153,206.000000
11.040117	0.640	151,219.000000
11.050783	0.640	155,247.000000
11.061450	0.640	165,804.000000
11.072117	0.640	170,995.000000
11.082783	0.640	167,878.000000
11.093450	0.640	165,942.000000
11.104117	0.640	167,576.000000
11.114783	0.640	168,161.000000
11.125450	0.640	168,697.000000
11.136117	0.640	172,310.000000
11.146783	0.640	176,248.000000
11.157450	0.640	177,055.000000
11.168117	0.640	178,117.000000
11.178783	0.640	182,216.000000
11.189450	0.640	185,365.000000
11.200117	0.640	184,794.000000
11.210783	0.640	183,348.000000
11.221450	0.640	186,114.000000
11.232117	0.640	193,702.000000
11.242783	0.640	199,858.000000
11.253450	0.640	201,498.000000
11.264117	0.640	203,234.000000
11.274783	0.640	208,114.000000
11.285450	0.640	212,373.000000
11.296117	0.640	212,644.000000
11.306783	0.640	211,819.000000
11.317450	0.640	211,659.000000
11.328117	0.640	211,109.000000
11.338783	0.640	214,471.000000
11.349450	0.640	224,074.000000
11.360117	0.640	231,906.000000
11.370783	0.640	232,504.000000
11.381450	0.640	229,768.000000
11.392117	0.640	227,290.000000
11.402783	0.640	227,286.000000
11.413450	0.640	231,493.000000
11.424117	0.640	235,876.000000
11.434783	0.640	236,515.000000
11.445450	0.640	236,470.000000
11.456117	0.640	240,482.000000
11.466783	0.640	248,488.000000
11.477450	0.640	254,209.000000
11.488117	0.640	253,962.000000
11.498783	0.640	253,703.000000
11.509450	0.640	257,191.000000
11.520117	0.640	258,975.000000
11.530783	0.640	256,962.000000
11.541450	0.640	257,015.000000
11.552117	0.640	261,604.000000
11.562783	0.640	266,060.000000
11.573450	0.640	266,914.000000
11.584117	0.640	266,954.000000
11.594783	0.640	270,976.000000
11.605450	0.640	277,959.000000
11.616117	0.640	282,436.000000
11.626783	0.640	283,938.000000
11.637450	0.640	286,106.000000
11.648117	0.640	288,539.000000
11.658783	0.640	288,284.000000
11.669450	0.640	285,763.000000
11.680117	0.640	284,717.000000
11.690783	0.640	287,040.000000
11.701450	0.640	290,162.000000
11.712117	0.640	293,242.000000
11.722783	0.640	298,912.000000
11.733450	0.640	306,023.000000
11.744117	0.640	310,525.000000
11.754783	0.640	312,437.000000
11.765450	0.640	315,714.000000
11.776117	0.640	320,625.000000
11.786783	0.640	320,760.000000
11.797450	0.640	314,206.000000
11.808117	0.640	309,002.000000
11.818783	0.640	311,767.000000
11.829450	0.640	321,232.000000
11.840117	0.640	330,928.000000
11.850783	0.640	333,418.000000
11.861450	0.640	329,782.000000
11.872117	0.640	330,252.000000
11.882783	0.640	336,308.000000
11.893450	0.640	338,839.000000
11.904117	0.640	337,680.000000
11.914783	0.640	339,846.000000
11.925450	0.640	344,738.000000
11.936117	0.640	347,400.000000
11.946783	0.640	347,558.000000
11.957450	0.640	349,017.000000
11.968117	0.640	353,027.000000
11.978783	0.640	357,029.000000
11.989450	0.640	359,690.000000
12.000117	0.640	360,797.000000
12.010783	0.640	361,429.000000
12.021450	0.640	365,015.000000
12.032117	0.640	370,683.000000
12.042783	0.640	374,246.000000
12.053450	0.640	376,203.000000
12.064117	0.640	379,131.000000
12.074783	0.640	382,200.000000
12.085450	0.640	382,101.000000
12.096117	0.640	379,216.000000
12.106783	0.640	378,861.000000
12.117450	0.640	381,963.000000
12.128117	0.640	384,736.000000
12.138783	0.640	387,553.000000
12.149450	0.640	391,878.000000
12.160117	0.640	395,139.000000
12.170783	0.640	395,939.000000
12.181450	0.640	395,968.000000
12.192117	0.640	396,530.000000
12.202783	0.640	398,569.000000
12.213450	0.640	402,239.000000
12.224117	0.640	406,045.000000
12.234783	0.640	409,116.000000
12.245450	0.640	411,999.000000
12.256117	0.640	415,713.000000
12.266783	0.640	419,261.000000
12.277450	0.640	420,362.000000
12.288117	0.640	421,869.000000
12.298783	0.640	425,894.000000
12.309450	0.640	426,884.000000
12.320117	0.640	425,025.000000
12.330783	0.640	427,218.000000
12.341450	0.640	431,283.000000
12.352117	0.640	432,254.000000
12.362783	0.640	434,003.000000
12.373450	0.640	439,499.000000
12.384117	0.640	444,391.000000
12.394783	0.640	445,812.000000
12.405450	0.640	445,633.000000
12.416117	0.640	445,896.000000
12.426783	0.640	446,964.000000
12.437450	0.640	447,860.000000
12.448117	0.640	447,055.000000
12.458783	0.640	444,737.000000
12.469450	0.640	444,732.000000
12.480117	0.640	449,713.000000
12.490783	0.640	456,149.000000
12.501450	0.640	458,744.000000
12.512117	0.640	457,373.000000
12.522783	0.640	456,482.000000
12.533450	0.640	458,411.000000
12.544117	0.640	462,631.000000
12.554783	0.640	467,259.000000
12.565450	0.640	468,459.000000
12.576117	0.640	465,899.000000
12.586783	0.640	463,947.000000
12.597450	0.640	465,094.000000
12.608117	0.640	468,151.000000
12.618783	0.640	472,257.000000
12.629450	0.640	477,447.000000
12.640117	0.640	480,479.000000
12.650783	0.640	479,915.000000
12.661450	0.640	481,151.000000
12.672117	0.640	484,646.000000
12.682783	0.640	483,103.000000
12.693450	0.640	478,084.000000
12.704117	0.640	479,200.000000
12.714783	0.640	485,398.000000
12.725450	0.640	486,983.000000
12.736117	0.640	482,708.000000
12.746783	0.640	480,643.000000
12.757450	0.640	483,984.000000
12.768117	0.640	486,631.000000
12.778783	0.640	485,355.000000
12.789450	0.640	483,354.000000
12.800117	0.640	480,994.000000
12.810783	0.640	478,097.000000
12.821450	0.640	479,103.000000
12.832117	0.640	483,946.000000
12.842783	0.640	486,305.000000
12.853450	0.640	485,170.000000
12.864117	0.640	484,235.000000
12.874783	0.640	483,548.000000
12.885450	0.640	483,430.000000
12.896117	0.640	487,933.000000
12.906783	0.640	495,481.000000
12.917450	0.640	498,029.000000
12.928117	0.640	494,174.000000
12.938783	0.640	492,110.000000
12.949450	0.640	496,021.000000
12.960117	0.640	498,617.000000
12.970783	0.640	496,512.000000
12.981450	0.640	497,062.000000
12.992117	0.640	501,268.000000
13.002783	0.640	502,247.000000
13.013450	0.640	499,250.000000
13.024117	0.640	497,313.000000
13.034783	0.640	498,230.000000
13.045450	0.640	500,059.000000
13.056117	0.640	501,754.000000
13.066783	0.640	501,102.000000
13.077450	0.640	495,782.000000
13.088117	0.640	489,404.000000
13.098783	0.640	487,350.000000
13.109450	0.640	490,010.000000
13.120117	0.640	492,771.000000
13.130783	0.640	491,344.000000
13.141450	0.640	487,137.000000
13.152117	0.640	483,866.000000
13.162783	0.640	482,748.000000
13.173450	0.640	483,645.000000
13.184117	0.640	484,506.000000
13.194783	0.640	481,464.000000
13.205450	0.640	475,797.000000
13.216117	0.640	474,352.000000
13.226783	0.640	478,585.000000
13.237450	0.640	483,394.000000
13.248117	0.640	485,764.000000
13.258783	0.640	484,871.000000
13.269450	0.640	481,684.000000
13.280117	0.640	480,138.000000
13.290783	0.640	480,169.000000
13.301450	0.640	478,463.000000
13.312117	0.640	476,056.000000
13.322783	0.640	474,750.000000
13.333450	0.640	474,201.000000
13.344117	0.640	473,175.000000
13.354783	0.640	470,200.000000
13.365450	0.640	468,010.000000
13.376117	0.640	468,511.000000
13.386783	0.640	467,820.000000
13.397450	0.640	465,431.000000
13.408117	0.640	464,226.000000
13.418783	0.640	463,467.000000
13.429450	0.640	461,661.000000
13.440117	0.640	460,498.000000
13.450783	0.640	463,163.000000
13.461450	0.640	468,427.000000
13.472117	0.640	469,973.000000
13.482783	0.640	464,981.000000
13.493450	0.640	457,509.000000
13.504117	0.640	453,790.000000
13.514783	0.640	455,390.000000
13.525450	0.640	456,298.000000
13.536117	0.640	453,291.000000
13.546783	0.640	452,300.000000
13.557450	0.640	456,750.000000
13.568117	0.640	462,003.000000
13.578783	0.640	465,257.000000
13.589450	0.640	468,969.000000
13.600117	0.640	474,295.000000
13.610783	0.640	482,431.000000
13.621450	0.640	496,287.000000
13.632117	0.640	514,109.000000
13.642783	0.640	534,573.000000
13.653450	0.640	563,908.000000
13.664117	0.640	606,735.000000
13.674783	0.640	661,111.000000
13.685450	0.640	726,144.000000
13.696117	0.640	804,082.000000
13.706783	0.640	892,084.000000
13.717450	0.640	979,170.000000
13.728117	0.640	1,059,485.000000
13.738783	0.640	1,137,524.000000
13.749450	0.640	1,210,476.000000
13.760117	0.640	1,264,471.000000
13.770783	0.640	1,289,372.000000
13.781450	0.640	1,277,814.000000
13.792117	0.640	1,224,083.000000
13.802783	0.640	1,138,009.000000
13.813450	0.640	1,037,579.000000
13.824117	0.640	929,613.000000
13.834783	0.640	819,576.000000
13.845450	0.640	722,634.000000
13.856117	0.640	648,284.000000
13.866783	0.640	589,788.000000
13.877450	0.640	538,544.000000
13.888117	0.640	497,208.000000
13.898783	0.640	468,942.000000
13.909450	0.640	448,974.000000
13.920117	0.640	434,422.000000
13.930783	0.640	424,055.000000
13.941450	0.640	411,278.000000
13.952117	0.640	395,156.000000
13.962783	0.640	385,743.000000
13.973450	0.640	386,484.000000
13.984117	0.640	388,562.000000
13.994783	0.640	388,026.000000
14.005450	0.640	389,178.000000
14.016117	0.640	389,432.000000
14.026783	0.640	383,689.000000
14.037450	0.640	379,021.000000
14.048117	0.640	382,808.000000
14.058783	0.640	390,158.000000
14.069450	0.640	392,406.000000
14.080117	0.640	386,101.000000
14.090783	0.640	377,378.000000
14.101450	0.640	375,900.000000
14.112117	0.640	381,390.000000
14.122783	0.640	385,876.000000
14.133450	0.640	386,030.000000
14.144117	0.640	383,389.000000
14.154783	0.640	377,350.000000
14.165450	0.640	367,676.000000
14.176117	0.640	359,505.000000
14.186783	0.640	357,451.000000
14.197450	0.640	359,176.000000
14.208117	0.640	359,739.000000
14.218783	0.640	359,046.000000
14.229450	0.640	358,721.000000
14.240117	0.640	355,936.000000
14.250783	0.640	350,195.000000
14.261450	0.640	345,800.000000
14.272117	0.640	344,879.000000
14.282783	0.640	347,782.000000
14.293450	0.640	352,005.000000
14.304117	0.640	351,573.000000
14.314783	0.640	346,112.000000
14.325450	0.640	341,724.000000
14.336117	0.640	339,405.000000
14.346783	0.640	333,448.000000
14.357450	0.640	323,784.000000
14.368117	0.640	319,039.000000
14.378783	0.640	322,392.000000
14.389450	0.640	325,202.000000
14.400117	0.640	322,482.000000
14.410783	0.640	320,301.000000
14.421450	0.640	320,678.000000
14.432117	0.640	318,089.000000
14.442783	0.640	312,485.000000
14.453450	0.640	308,997.000000
14.464117	0.640	307,855.000000
14.474783	0.640	305,720.000000
14.485450	0.640	302,434.000000
14.496117	0.640	300,371.000000
14.506783	0.640	302,377.000000
14.517450	0.640	308,009.000000
14.528117	0.640	310,011.000000
14.538783	0.640	304,047.000000
14.549450	0.640	297,236.000000
14.560117	0.640	296,663.000000
14.570783	0.640	296,812.000000
14.581450	0.640	290,257.000000
14.592117	0.640	282,157.000000
14.602783	0.640	280,106.000000
14.613450	0.640	280,684.000000
14.624117	0.640	277,954.000000
14.634783	0.640	274,109.000000
14.645450	0.640	272,523.000000
14.656117	0.640	270,855.000000
14.666783	0.640	266,836.000000
14.677450	0.640	261,255.000000
14.688117	0.640	256,374.000000
14.698783	0.640	254,302.000000
14.709450	0.640	253,125.000000
14.720117	0.640	250,530.000000
14.730783	0.640	247,786.000000
14.741450	0.640	245,758.000000
14.752117	0.640	244,894.000000
14.762783	0.640	244,200.000000
14.773450	0.640	240,494.000000
14.784117	0.640	233,911.000000
14.794783	0.640	227,323.000000
14.805450	0.640	222,060.000000
14.816117	0.640	217,589.000000
14.826783	0.640	214,122.000000
14.837450	0.640	213,486.000000
14.848117	0.640	213,644.000000
14.858783	0.640	209,624.000000
14.869450	0.640	203,747.000000
14.880117	0.640	201,604.000000
14.890783	0.640	202,707.000000
14.901450	0.640	204,967.000000
14.912117	0.640	203,793.000000
14.922783	0.640	194,262.000000
14.933450	0.640	183,518.000000
14.944117	0.640	180,324.000000
14.954783	0.640	180,262.000000
14.965450	0.640	178,357.000000
14.976117	0.640	177,031.000000
14.986783	0.640	175,785.000000
14.997450	0.640	172,896.000000
15.008117	0.640	170,893.000000
15.018783	0.640	167,480.000000
15.029450	0.640	159,533.000000
15.040117	0.640	153,854.000000
15.050783	0.640	153,328.000000
15.061450	0.640	150,204.000000
15.072117	0.640	143,586.000000
15.082783	0.640	141,509.000000
15.093450	0.640	144,252.000000
15.104117	0.640	143,964.000000
15.114783	0.640	138,368.000000
15.125450	0.640	131,632.000000
15.136117	0.640	128,837.000000
15.146783	0.640	131,431.000000
15.157450	0.640	132,967.000000
15.168117	0.640	129,528.000000
15.178783	0.640	125,755.000000
15.189450	0.640	123,166.000000
15.200117	0.640	117,816.000000
15.210783	0.640	108,205.000000
15.221450	0.640	99,368.000000
15.232117	0.640	96,835.000000
15.242783	0.640	97,283.000000
15.253450	0.640	95,607.000000
15.264117	0.640	93,017.000000
15.274783	0.640	89,593.000000
15.285450	0.640	84,350.000000
15.296117	0.640	81,162.000000
15.306783	0.640	82,144.000000
15.317450	0.640	83,588.000000
15.328117	0.640	83,722.000000
15.338783	0.640	86,024.000000
15.349450	0.640	90,980.000000
15.360117	0.640	94,129.000000
15.370783	0.640	95,443.000000
15.381450	0.640	97,486.000000
15.392117	0.640	98,650.000000
15.402783	0.640	98,151.000000
15.413450	0.640	97,595.000000
15.424117	0.640	98,665.000000
15.434783	0.640	103,551.000000
15.445450	0.640	109,627.000000
15.456117	0.640	109,975.000000
15.466783	0.640	103,265.000000
15.477450	0.640	93,756.000000
15.488117	0.640	84,810.000000
15.498783	0.640	77,770.000000
15.509450	0.640	71,277.000000
15.520117	0.640	61,455.000000
15.530783	0.640	46,984.000000
15.541450	0.640	32,839.000000
15.552117	0.640	27,334.000000
15.562783	0.640	31,361.000000
15.573450	0.640	35,317.000000
15.584117	0.640	35,425.000000
15.594783	0.640	38,132.000000
15.605450	0.640	43,064.000000
15.616117	0.640	44,944.000000
15.626783	0.640	48,648.000000
15.637450	0.640	61,475.000000
15.648117	0.640	83,357.000000
15.658783	0.640	112,081.000000
15.669450	0.640	143,193.000000
15.680117	0.640	171,659.000000
15.690783	0.640	198,950.000000
15.701450	0.640	225,663.000000
15.712117	0.640	243,352.000000
15.722783	0.640	245,343.000000
15.733450	0.640	235,350.000000
15.744117	0.640	217,995.000000
15.754783	0.640	193,762.000000
15.765450	0.640	166,277.000000
15.776117	0.640	139,870.000000
15.786783	0.640	112,416.000000
15.797450	0.640	82,602.000000
15.808117	0.640	54,938.000000
15.818783	0.640	33,420.000000
15.829450	0.640	22,046.000000
15.840117	0.640	22,543.000000
15.850783	0.640	25,716.000000
15.861450	0.640	21,083.000000
15.872117	0.640	11,677.000000
15.882783	0.640	6,480.000000
15.893450	0.640	7,214.000000
15.904117	0.640	11,526.000000
15.914783	0.640	17,871.000000
15.925450	0.640	21,913.000000
15.936117	0.640	19,600.000000
15.946783	0.640	13,737.000000
15.957450	0.640	9,345.000000
15.968117	0.640	7,858.000000
15.978783	0.640	9,974.000000
15.989450	0.640	14,932.000000
16.000117	0.640	16,983.000000
16.010783	0.640	12,659.000000
16.021450	0.640	7,434.000000
16.032117	0.640	8,031.000000
16.042783	0.640	14,416.000000
16.053450	0.640	20,534.000000
16.064117	0.640	19,469.000000
16.074783	0.640	13,514.000000
16.085450	0.640	12,158.000000
16.096117	0.640	15,600.000000
16.106783	0.640	17,203.000000
16.117450	0.640	17,058.000000
16.128117	0.640	18,180.000000
16.138783	0.640	19,693.000000
16.149450	0.640	18,547.000000
16.160117	0.640	12,693.000000
16.170783	0.640	5,210.000000
16.181450	0.640	2,479.000000
16.192117	0.640	5,964.000000
16.202783	0.640	11,614.000000
16.213450	0.640	14,877.000000
16.224117	0.640	15,159.000000
16.234783	0.640	15,939.000000
16.245450	0.640	18,200.000000
16.256117	0.640	19,433.000000
16.266783	0.640	18,260.000000
16.277450	0.640	15,901.000000
16.288117	0.640	13,188.000000
16.298783	0.640	9,056.000000
16.309450	0.640	5,977.000000
16.320117	0.640	9,527.000000
16.330783	0.640	18,704.000000
16.341450	0.640	23,576.000000
16.352117	0.640	18,400.000000
16.362783	0.640	11,418.000000
16.373450	0.640	11,640.000000
16.384117	0.640	16,249.000000
16.394783	0.640	17,538.000000
16.405450	0.640	12,726.000000
16.416117	0.640	8,235.000000
16.426783	0.640	10,923.000000
16.437450	0.640	15,263.000000
16.448117	0.640	13,732.000000
16.458783	0.640	10,134.000000
16.469450	0.640	8,613.000000
16.480117	0.640	5,892.000000
16.490783	0.640	2,736.000000
16.501450	0.640	5,305.000000
16.512117	0.640	12,846.000000
16.522783	0.640	18,702.000000
16.533450	0.640	19,276.000000
16.544117	0.640	16,482.000000
16.554783	0.640	15,866.000000
16.565450	0.640	19,097.000000
16.576117	0.640	22,343.000000
16.586783	0.640	22,516.000000
16.597450	0.640	18,467.000000
16.608117	0.640	13,337.000000
16.618783	0.640	13,298.000000
16.629450	0.640	17,855.000000
16.640117	0.640	19,456.000000
16.650783	0.640	14,918.000000
16.661450	0.640	10,065.000000
16.672117	0.640	9,681.000000
16.682783	0.640	12,470.000000
16.693450	0.640	15,918.000000
16.704117	0.640	16,334.000000
16.714783	0.640	13,332.000000
16.725450	0.640	13,546.000000
16.736117	0.640	18,723.000000
16.746783	0.640	22,483.000000
16.757450	0.640	22,484.000000
16.768117	0.640	20,983.000000
16.778783	0.640	18,303.000000
16.789450	0.640	15,926.000000
16.800117	0.640	16,486.000000
16.810783	0.640	17,325.000000
16.821450	0.640	13,326.000000
16.832117	0.640	6,968.000000
16.842783	0.640	5,954.000000
16.853450	0.640	8,877.000000
16.864117	0.640	8,509.000000
16.874783	0.640	7,811.000000
16.885450	0.640	13,194.000000
16.896117	0.640	20,197.000000
16.906783	0.640	21,530.000000
16.917450	0.640	19,464.000000
16.928117	0.640	20,015.000000
16.938783	0.640	22,340.000000
16.949450	0.640	22,569.000000
16.960117	0.640	21,410.000000
16.970783	0.640	20,943.000000
16.981450	0.640	19,769.000000
16.992117	0.640	16,932.000000
17.002783	0.640	15,779.000000
17.013450	0.640	17,957.000000
17.024117	0.640	20,327.000000
17.034783	0.640	20,036.000000
17.045450	0.640	16,336.000000
17.056117	0.640	12,158.000000
17.066783	0.640	13,039.000000
17.077450	0.640	17,886.000000
17.088117	0.640	20,330.000000
17.098783	0.640	20,235.000000
17.109450	0.640	21,915.000000
17.120117	0.640	24,770.000000
17.130783	0.640	24,851.000000
17.141450	0.640	21,232.000000
17.152117	0.640	16,769.000000
17.162783	0.640	16,582.000000
17.173450	0.640	21,058.000000
17.184117	0.640	23,550.000000
17.194783	0.640	23,634.000000
17.205450	0.640	26,691.000000
17.216117	0.640	31,977.000000
17.226783	0.640	36,565.000000
17.237450	0.640	38,285.000000
17.248117	0.640	35,360.000000
17.258783	0.640	32,926.000000
17.269450	0.640	36,620.000000
17.280117	0.640	42,178.000000
17.290783	0.640	43,067.000000
17.301450	0.640	39,680.000000
17.312117	0.640	37,818.000000
17.322783	0.640	40,599.000000
17.333450	0.640	44,606.000000
17.344117	0.640	48,369.000000
17.354783	0.640	53,524.000000
17.365450	0.640	55,979.000000
17.376117	0.640	52,281.000000
17.386783	0.640	49,068.000000
17.397450	0.640	52,002.000000
17.408117	0.640	56,869.000000
17.418783	0.640	58,996.000000
17.429450	0.640	59,169.000000
17.440117	0.640	58,855.000000
17.450783	0.640	56,396.000000
17.461450	0.640	51,804.000000
17.472117	0.640	50,210.000000
17.482783	0.640	52,242.000000
17.493450	0.640	52,684.000000
17.504117	0.640	51,957.000000
17.514783	0.640	53,261.000000
17.525450	0.640	54,499.000000
17.536117	0.640	52,359.000000
17.546783	0.640	47,972.000000
17.557450	0.640	46,615.000000
17.568117	0.640	49,630.000000
17.578783	0.640	51,925.000000
17.589450	0.640	51,906.000000
17.600117	0.640	51,039.000000
17.610783	0.640	48,806.000000
17.621450	0.640	47,588.000000
17.632117	0.640	48,180.000000
17.642783	0.640	45,819.000000
17.653450	0.640	41,628.000000
17.664117	0.640	41,745.000000
17.674783	0.640	46,250.000000
17.685450	0.640	51,736.000000
17.696117	0.640	55,389.000000
17.706783	0.640	54,349.000000
17.717450	0.640	50,648.000000
17.728117	0.640	49,092.000000
17.738783	0.640	48,059.000000
17.749450	0.640	45,371.000000
17.760117	0.640	45,139.000000
17.770783	0.640	49,772.000000
17.781450	0.640	55,728.000000
17.792117	0.640	58,247.000000
17.802783	0.640	55,773.000000
17.813450	0.640	51,167.000000
17.824117	0.640	49,222.000000
17.834783	0.640	52,203.000000
17.845450	0.640	56,061.000000
17.856117	0.640	53,825.000000
17.866783	0.640	47,503.000000
17.877450	0.640	45,750.000000
17.888117	0.640	46,949.000000
17.898783	0.640	45,722.000000
17.909450	0.640	46,203.000000
17.920117	0.640	49,648.000000
17.930783	0.640	49,796.000000
17.941450	0.640	45,873.000000
17.952117	0.640	42,715.000000
17.962783	0.640	42,659.000000
17.973450	0.640	45,885.000000
17.984117	0.640	50,604.000000
17.994783	0.640	51,686.000000
18.005450	0.640	48,669.000000
18.016117	0.640	47,625.000000
18.026783	0.640	49,189.000000
18.037450	0.640	48,620.000000
18.048117	0.640	45,442.000000
18.058783	0.640	42,431.000000
18.069450	0.640	40,629.000000
18.080117	0.640	39,676.000000
18.090783	0.640	39,892.000000
18.101450	0.640	40,670.000000
18.112117	0.640	41,083.000000
18.122783	0.640	42,099.000000
18.133450	0.640	42,371.000000
18.144117	0.640	40,084.000000
18.154783	0.640	37,205.000000
18.165450	0.640	33,838.000000
18.176117	0.640	29,513.000000
18.186783	0.640	27,991.000000
18.197450	0.640	31,463.000000
18.208117	0.640	37,459.000000
18.218783	0.640	44,642.000000
18.229450	0.640	55,204.000000
18.240117	0.640	66,817.000000
18.250783	0.640	72,688.000000
18.261450	0.640	76,417.000000
18.272117	0.640	90,923.000000
18.282783	0.640	121,806.000000
18.293450	0.640	164,685.000000
18.304117	0.640	214,931.000000
18.314783	0.640	271,864.000000
18.325450	0.640	331,619.000000
18.336117	0.640	382,839.000000
18.346783	0.640	417,097.000000
18.357450	0.640	434,091.000000
18.368117	0.640	432,107.000000
18.378783	0.640	407,410.000000
18.389450	0.640	363,159.000000
18.400117	0.640	308,696.000000
18.410783	0.640	253,319.000000
18.421450	0.640	201,546.000000
18.432117	0.640	153,107.000000
18.442783	0.640	111,704.000000
18.453450	0.640	85,325.000000
18.464117	0.640	73,743.000000
18.474783	0.640	68,983.000000
18.485450	0.640	65,064.000000
18.496117	0.640	58,593.000000
18.506783	0.640	50,450.000000
18.517450	0.640	45,764.000000
18.528117	0.640	45,678.000000
18.538783	0.640	45,576.000000
18.549450	0.640	41,361.000000
18.560117	0.640	35,338.000000
18.570783	0.640	33,007.000000
18.581450	0.640	34,108.000000
18.592117	0.640	35,327.000000
18.602783	0.640	36,711.000000
18.613450	0.640	37,205.000000
18.624117	0.640	33,323.000000
18.634783	0.640	27,179.000000
18.645450	0.640	25,040.000000
18.656117	0.640	27,596.000000
18.666783	0.640	30,923.000000
18.677450	0.640	32,380.000000
18.688117	0.640	31,817.000000
18.698783	0.640	31,482.000000
18.709450	0.640	33,246.000000
18.720117	0.640	35,922.000000
18.730783	0.640	37,473.000000
18.741450	0.640	37,188.000000
18.752117	0.640	34,685.000000
18.762783	0.640	30,133.000000
18.773450	0.640	26,028.000000
18.784117	0.640	24,179.000000
18.794783	0.640	23,277.000000
18.805450	0.640	24,130.000000
18.816117	0.640	28,084.000000
18.826783	0.640	31,387.000000
18.837450	0.640	31,467.000000
18.848117	0.640	30,271.000000
18.858783	0.640	28,549.000000
18.869450	0.640	26,030.000000
18.880117	0.640	25,033.000000
18.890783	0.640	26,410.000000
18.901450	0.640	26,499.000000
18.912117	0.640	23,471.000000
18.922783	0.640	19,329.000000
18.933450	0.640	17,119.000000
18.944117	0.640	19,601.000000
18.954783	0.640	23,696.000000
18.965450	0.640	24,135.000000
18.976117	0.640	22,519.000000
18.986783	0.640	20,460.000000
18.997450	0.640	18,479.000000
19.008117	0.640	21,733.000000
19.018783	0.640	28,640.000000
19.029450	0.640	28,732.000000
19.040117	0.640	20,298.000000
19.050783	0.640	12,530.000000
19.061450	0.640	11,716.000000
19.072117	0.640	16,476.000000
19.082783	0.640	21,285.000000
19.093450	0.640	22,217.000000
19.104117	0.640	20,458.000000
19.114783	0.640	18,442.000000
19.125450	0.640	16,776.000000
19.136117	0.640	15,285.000000
19.146783	0.640	14,745.000000
19.157450	0.640	16,112.000000
19.168117	0.640	18,602.000000
19.178783	0.640	21,177.000000
19.189450	0.640	23,157.000000
19.200117	0.640	23,914.000000
19.210783	0.640	21,671.000000
19.221450	0.640	15,428.000000
19.232117	0.640	10,857.000000
19.242783	0.640	12,081.000000
19.253450	0.640	13,604.000000
19.264117	0.640	12,185.000000
19.274783	0.640	11,686.000000
19.285450	0.640	13,116.000000
19.296117	0.640	14,547.000000
19.306783	0.640	17,694.000000
19.317450	0.640	23,745.000000
19.328117	0.640	28,257.000000
19.338783	0.640	26,735.000000
19.349450	0.640	21,644.000000
19.360117	0.640	19,190.000000
19.370783	0.640	18,365.000000
19.381450	0.640	13,486.000000
19.392117	0.640	9,465.000000
19.402783	0.640	15,976.000000
19.413450	0.640	26,226.000000
19.424117	0.640	24,582.000000
19.434783	0.640	14,045.000000
19.445450	0.640	10,683.000000
19.456117	0.640	15,369.000000
19.466783	0.640	18,111.000000
19.477450	0.640	18,581.000000
19.488117	0.640	19,996.000000
19.498783	0.640	20,436.000000
19.509450	0.640	19,624.000000
19.520117	0.640	18,763.000000
19.530783	0.640	16,564.000000
19.541450	0.640	12,979.000000
19.552117	0.640	11,281.000000
19.562783	0.640	12,384.000000
19.573450	0.640	11,357.000000
19.584117	0.640	7,087.000000
19.594783	0.640	7,774.000000
19.605450	0.640	15,909.000000
19.616117	0.640	21,174.000000
19.626783	0.640	18,445.000000
19.637450	0.640	14,712.000000
19.648117	0.640	13,503.000000
19.658783	0.640	12,371.000000
19.669450	0.640	12,230.000000
19.680117	0.640	14,537.000000
19.690783	0.640	17,278.000000
19.701450	0.640	18,311.000000
19.712117	0.640	17,642.000000
19.722783	0.640	16,716.000000
19.733450	0.640	15,454.000000
19.744117	0.640	12,890.000000
19.754783	0.640	9,805.000000
19.765450	0.640	7,842.000000
19.776117	0.640	10,220.000000
19.786783	0.640	16,987.000000
19.797450	0.640	20,095.000000
19.808117	0.640	15,950.000000
19.818783	0.640	11,153.000000
19.829450	0.640	10,361.000000
19.840117	0.640	12,262.000000
19.850783	0.640	13,863.000000
19.861450	0.640	14,405.000000
19.872117	0.640	14,867.000000
19.882783	0.640	14,302.000000
19.893450	0.640	12,865.000000
19.904117	0.640	13,956.000000
19.914783	0.640	18,162.000000
19.925450	0.640	19,241.000000
19.936117	0.640	13,913.000000
19.946783	0.640	9,684.000000
19.957450	0.640	11,119.000000
19.968117	0.640	12,478.000000
19.978783	0.640	9,825.000000
19.989450	0.640	5,809.000000
20.000117	0.640	4,768.000000
20.010783	0.640	9,113.000000
20.021450	0.640	16,904.000000
20.032117	0.640	21,281.000000
20.042783	0.640	17,241.000000
20.053450	0.640	9,390.000000
20.064117	0.640	5,263.000000
20.074783	0.640	5,965.000000
20.085450	0.640	9,711.000000
20.096117	0.640	14,710.000000
20.106783	0.640	16,959.000000
20.117450	0.640	14,349.000000
20.128117	0.640	10,189.000000
20.138783	0.640	7,017.000000
20.149450	0.640	3,578.000000
20.160117	0.640	813.000000
20.170783	0.640	1,856.000000
20.181450	0.640	5,342.000000
20.192117	0.640	6,628.000000
20.202783	0.640	5,707.000000
20.213450	0.640	6,868.000000
20.224117	0.640	10,668.000000
20.234783	0.640	13,917.000000
20.245450	0.640	13,710.000000
20.256117	0.640	8,784.000000
20.266783	0.640	4,022.000000
20.277450	0.640	6,013.000000
20.288117	0.640	10,750.000000
20.298783	0.640	10,008.000000
20.309450	0.640	5,404.000000
20.320117	0.640	1,906.000000
20.330783	0.640	-513.000000
20.341450	0.640	-729.000000
20.352117	0.640	3,008.000000
20.362783	0.640	7,455.000000
20.373450	0.640	9,879.000000
20.384117	0.640	12,040.000000
20.394783	0.640	15,463.000000
20.405450	0.640	19,543.000000
20.416117	0.640	22,069.000000
20.426783	0.640	22,032.000000
20.437450	0.640	24,395.000000
20.448117	0.640	33,701.000000
20.458783	0.640	46,777.000000
20.469450	0.640	61,284.000000
20.480117	0.640	81,299.000000
20.490783	0.640	109,624.000000
20.501450	0.640	143,965.000000
20.512117	0.640	183,529.000000
20.522783	0.640	233,519.000000
20.533450	0.640	298,005.000000
20.544117	0.640	375,213.000000
20.554783	0.640	467,238.000000
20.565450	0.640	585,006.000000
20.576117	0.640	736,837.000000
20.586783	0.640	924,218.000000
20.597450	0.640	1,149,510.000000
20.608117	0.640	1,421,730.000000
20.618783	0.640	1,759,627.000000
20.629450	0.640	2,185,862.000000
20.640117	0.640	2,725,468.000000
20.650783	0.640	3,418,574.000000
20.661450	0.640	4,322,653.000000
20.672117	0.640	5,491,301.000000
20.682783	0.640	6,956,696.000000
20.693450	0.640	8,757,685.000000
20.704117	0.640	10,945,039.000000
20.714783	0.640	13,480,851.000000
20.725450	0.640	16,192,932.000000
20.736117	0.640	18,881,925.000000
20.746783	0.640	21,379,528.000000
20.757450	0.640	23,487,912.000000
20.768117	0.640	24,965,117.000000
20.778783	0.640	25,606,043.000000
20.789450	0.640	25,315,542.000000
20.800117	0.640	24,142,767.000000
20.810783	0.640	22,260,325.000000
20.821450	0.640	19,886,581.000000
20.832117	0.640	17,266,703.000000
20.842783	0.640	14,651,029.000000
20.853450	0.640	12,213,431.000000
20.864117	0.640	10,061,019.000000
20.874783	0.640	8,264,642.000000
20.885450	0.640	6,828,701.000000
20.896117	0.640	5,712,747.000000
20.906783	0.640	4,871,336.000000
20.917450	0.640	4,253,426.000000
20.928117	0.640	3,805,331.000000
20.938783	0.640	3,481,106.000000
20.949450	0.640	3,241,378.000000
20.960117	0.640	3,053,650.000000
20.970833	0.643	2,900,603.000000
20.981450	0.637	2,776,551.000000
20.992117	0.640	2,677,813.000000
21.002783	0.640	2,598,307.000000
21.013450	0.640	2,524,765.000000
21.024117	0.640	2,445,634.000000
21.034783	0.640	2,367,787.000000
21.045450	0.640	2,307,006.000000
21.056117	0.640	2,260,042.000000
21.066783	0.640	2,205,770.000000
21.077450	0.640	2,140,416.000000
21.088117	0.640	2,084,197.000000
21.098783	0.640	2,043,996.000000
21.109450	0.640	2,006,315.000000
21.120117	0.640	1,965,891.000000
21.130783	0.640	1,926,302.000000
21.141450	0.640	1,887,211.000000
21.152117	0.640	1,848,697.000000
21.162783	0.640	1,811,339.000000
21.173450	0.640	1,770,493.000000
21.184117	0.640	1,724,136.000000
21.194783	0.640	1,680,139.000000
21.205450	0.640	1,644,108.000000
21.216117	0.640	1,614,634.000000
21.226783	0.640	1,592,479.000000
21.237450	0.640	1,573,174.000000
21.248117	0.640	1,545,434.000000
21.258783	0.640	1,511,167.000000
21.269450	0.640	1,483,179.000000
21.280117	0.640	1,463,360.000000
21.290783	0.640	1,442,613.000000
21.301450	0.640	1,417,673.000000
21.312117	0.640	1,395,258.000000
21.322783	0.640	1,378,016.000000
21.333450	0.640	1,358,837.000000
21.344117	0.640	1,336,567.000000
21.354783	0.640	1,319,892.000000
21.365450	0.640	1,310,196.000000
21.376117	0.640	1,299,066.000000
21.386783	0.640	1,281,159.000000
21.397450	0.640	1,260,916.000000
21.408117	0.640	1,247,540.000000
21.418783	0.640	1,242,021.000000
21.429450	0.640	1,238,058.000000
21.440117	0.640	1,235,046.000000
21.450783	0.640	1,234,670.000000
21.461450	0.640	1,232,313.000000
21.472117	0.640	1,224,802.000000
21.482783	0.640	1,216,726.000000
21.493450	0.640	1,211,166.000000
21.504117	0.640	1,203,153.000000
21.514783	0.640	1,188,695.000000
21.525450	0.640	1,171,486.000000
21.536117	0.640	1,157,767.000000
21.546783	0.640	1,149,542.000000
21.557450	0.640	1,141,653.000000
21.568117	0.640	1,129,748.000000
21.578783	0.640	1,117,240.000000
21.589450	0.640	1,106,682.000000
21.600117	0.640	1,095,791.000000
21.610783	0.640	1,082,750.000000
21.621450	0.640	1,066,524.000000
21.632117	0.640	1,047,823.000000
21.642783	0.640	1,028,760.000000
21.653450	0.640	1,009,498.000000
21.664117	0.640	991,933.000000
21.674783	0.640	977,875.000000
21.685450	0.640	962,250.000000
21.696117	0.640	942,536.000000
21.706783	0.640	924,576.000000
21.717450	0.640	911,696.000000
21.728117	0.640	901,861.000000
21.738783	0.640	891,477.000000
21.749450	0.640	878,179.000000
21.760117	0.640	864,770.000000
21.770783	0.640	853,172.000000
21.781450	0.640	839,610.000000
21.792117	0.640	822,566.000000
21.802783	0.640	805,514.000000
21.813450	0.640	792,821.000000
21.824117	0.640	784,739.000000
21.834783	0.640	775,763.000000
21.845450	0.640	764,534.000000
21.856117	0.640	755,751.000000
21.866783	0.640	748,723.000000
21.877450	0.640	738,765.000000
21.888117	0.640	726,740.000000
21.898783	0.640	716,438.000000
21.909450	0.640	708,296.000000
21.920117	0.640	700,527.000000
21.930783	0.640	692,335.000000
21.941450	0.640	686,199.000000
21.952117	0.640	683,153.000000
21.962783	0.640	677,867.000000
21.973450	0.640	668,526.000000
21.984117	0.640	660,269.000000
21.994783	0.640	655,402.000000
22.005450	0.640	651,720.000000
22.016117	0.640	645,814.000000
22.026783	0.640	637,253.000000
22.037450	0.640	630,320.000000
22.048117	0.640	625,869.000000
22.058783	0.640	618,881.000000
22.069450	0.640	608,928.000000
22.080117	0.640	603,208.000000
22.090783	0.640	604,421.000000
22.101450	0.640	605,054.000000
22.112117	0.640	599,734.000000
22.122783	0.640	592,422.000000
22.133450	0.640	588,812.000000
22.144117	0.640	587,283.000000
22.154783	0.640	578,423.000000
22.165450	0.640	562,964.000000
22.176117	0.640	556,605.000000
22.186783	0.640	561,377.000000
22.197450	0.640	562,554.000000
22.208117	0.640	558,073.000000
22.218783	0.640	556,886.000000
22.229450	0.640	557,126.000000
22.240117	0.640	553,425.000000
22.250783	0.640	549,250.000000
22.261450	0.640	544,589.000000
22.272117	0.640	534,780.000000
22.282783	0.640	525,174.000000
22.293450	0.640	523,270.000000
22.304117	0.640	524,450.000000
22.314783	0.640	521,608.000000
22.325450	0.640	516,239.000000
22.336117	0.640	511,956.000000
22.346783	0.640	509,924.000000
22.357450	0.640	512,512.000000
22.368117	0.640	518,805.000000
22.378783	0.640	519,305.000000
22.389450	0.640	507,476.000000
22.400117	0.640	490,566.000000
22.410783	0.640	479,886.000000
22.421450	0.640	477,161.000000
22.432117	0.640	477,311.000000
22.442783	0.640	477,651.000000
22.453450	0.640	477,278.000000
22.464117	0.640	477,048.000000
22.474783	0.640	480,711.000000
22.485450	0.640	486,432.000000
22.496117	0.640	486,519.000000
22.506783	0.640	479,837.000000
22.517450	0.640	473,824.000000
22.528117	0.640	473,341.000000
22.538783	0.640	474,149.000000
22.549450	0.640	471,844.000000
22.560117	0.640	470,647.000000
22.570783	0.640	474,645.000000
22.581450	0.640	479,147.000000
22.592117	0.640	476,594.000000
22.602783	0.640	466,316.000000
22.613450	0.640	456,247.000000
22.624117	0.640	452,772.000000
22.634783	0.640	455,125.000000
22.645450	0.640	460,228.000000
22.656117	0.640	463,207.000000
22.666783	0.640	459,980.000000
22.677450	0.640	453,196.000000
22.688117	0.640	447,570.000000
22.698783	0.640	445,411.000000
22.709450	0.640	446,497.000000
22.720117	0.640	446,138.000000
22.730783	0.640	443,176.000000
22.741450	0.640	441,354.000000
22.752117	0.640	439,303.000000
22.762783	0.640	437,593.000000
22.773450	0.640	439,909.000000
22.784117	0.640	442,871.000000
22.794783	0.640	443,575.000000
22.805450	0.640	442,653.000000
22.816117	0.640	438,883.000000
22.826783	0.640	434,442.000000
22.837450	0.640	433,875.000000
22.848117	0.640	435,643.000000
22.858783	0.640	436,205.000000
22.869450	0.640	437,593.000000
22.880117	0.640	440,214.000000
22.890783	0.640	440,661.000000
22.901450	0.640	441,560.000000
22.912117	0.640	443,356.000000
22.922783	0.640	438,471.000000
22.933450	0.640	429,481.000000
22.944117	0.640	427,931.000000
22.954783	0.640	433,636.000000
22.965450	0.640	437,469.000000
22.976117	0.640	435,852.000000
22.986783	0.640	431,953.000000
22.997450	0.640	431,149.000000
23.008117	0.640	435,255.000000
23.018783	0.640	439,154.000000
23.029450	0.640	439,238.000000
23.040117	0.640	440,266.000000
23.050783	0.640	444,350.000000
23.061450	0.640	446,653.000000
23.072117	0.640	449,144.000000
23.082783	0.640	456,336.000000
23.093450	0.640	461,810.000000
23.104117	0.640	460,636.000000
23.114783	0.640	458,242.000000
23.125450	0.640	458,143.000000
23.136117	0.640	460,230.000000
23.146783	0.640	464,556.000000
23.157450	0.640	467,169.000000
23.168117	0.640	464,216.000000
23.178783	0.640	457,991.000000
23.189450	0.640	452,629.000000
23.200117	0.640	448,268.000000
23.210783	0.640	443,061.000000
23.221450	0.640	440,720.000000
23.232117	0.640	446,000.000000
23.242783	0.640	454,483.000000
23.253450	0.640	458,878.000000
23.264117	0.640	459,447.000000
23.274783	0.640	461,579.000000
23.285450	0.640	465,022.000000
23.296117	0.640	462,154.000000
23.306783	0.640	451,784.000000
23.317450	0.640	443,629.000000
23.328117	0.640	444,476.000000
23.338783	0.640	451,757.000000
23.349450	0.640	460,362.000000
23.360117	0.640	465,511.000000
23.370783	0.640	465,061.000000
23.381450	0.640	464,411.000000
23.392117	0.640	468,444.000000
23.402783	0.640	472,281.000000
23.413450	0.640	471,668.000000
23.424117	0.640	472,489.000000
23.434783	0.640	479,511.000000
23.445450	0.640	486,024.000000
23.456117	0.640	484,203.000000
23.466783	0.640	477,405.000000
23.477450	0.640	475,077.000000
23.488117	0.640	480,252.000000
23.498783	0.640	487,192.000000
23.509450	0.640	489,654.000000
23.520117	0.640	487,006.000000
23.530783	0.640	484,831.000000
23.541450	0.640	487,989.000000
23.552117	0.640	492,431.000000
23.562783	0.640	493,046.000000
23.573450	0.640	493,061.000000
23.584117	0.640	495,961.000000
23.594783	0.640	497,784.000000
23.605450	0.640	495,216.000000
23.616117	0.640	493,053.000000
23.626783	0.640	495,970.000000
23.637450	0.640	501,318.000000
23.648117	0.640	506,201.000000
23.658783	0.640	510,089.000000
23.669450	0.640	509,020.000000
23.680117	0.640	501,293.000000
23.690783	0.640	495,692.000000
23.701450	0.640	499,814.000000
23.712117	0.640	507,624.000000
23.722783	0.640	511,329.000000
23.733450	0.640	511,719.000000
23.744117	0.640	512,390.000000
23.754783	0.640	517,349.000000
23.765450	0.640	525,624.000000
23.776117	0.640	528,916.000000
23.786783	0.640	525,439.000000
23.797450	0.640	522,571.000000
23.808117	0.640	523,267.000000
23.818783	0.640	524,974.000000
23.829450	0.640	528,054.000000
23.840117	0.640	531,119.000000
23.850783	0.640	529,825.000000
23.861450	0.640	528,077.000000
23.872117	0.640	532,025.000000
23.882783	0.640	538,336.000000
23.893450	0.640	541,241.000000
23.904117	0.640	541,807.000000
23.914783	0.640	545,372.000000
23.925450	0.640	552,546.000000
23.936117	0.640	557,754.000000
23.946783	0.640	557,652.000000
23.957450	0.640	556,141.000000
23.968117	0.640	558,122.000000
23.978783	0.640	561,751.000000
23.989450	0.640	564,665.000000
24.000117	0.640	568,548.000000
24.010783	0.640	571,756.000000
24.021450	0.640	573,313.000000
24.032117	0.640	577,838.000000
24.042783	0.640	586,388.000000
24.053450	0.640	595,205.000000
24.064117	0.640	600,762.000000
24.074783	0.640	601,049.000000
24.085450	0.640	597,507.000000
24.096117	0.640	592,661.000000
24.106783	0.640	588,351.000000
24.117450	0.640	587,074.000000
24.128117	0.640	589,091.000000
24.138783	0.640	592,025.000000
24.149450	0.640	594,785.000000
24.160117	0.640	598,062.000000
24.170783	0.640	601,484.000000
24.181450	0.640	603,208.000000
24.192117	0.640	603,355.000000
24.202783	0.640	604,570.000000
24.213450	0.640	607,696.000000
24.224117	0.640	609,873.000000
24.234783	0.640	609,582.000000
24.245450	0.640	611,142.000000
24.256117	0.640	616,776.000000
24.266783	0.640	619,925.000000
24.277450	0.640	617,313.000000
24.288117	0.640	615,693.000000
24.298783	0.640	618,977.000000
24.309450	0.640	621,263.000000
24.320117	0.640	617,328.000000
24.330783	0.640	611,085.000000
24.341450	0.640	608,176.000000
24.352117	0.640	609,269.000000
24.362783	0.640	613,060.000000
24.373450	0.640	616,145.000000
24.384117	0.640	615,018.000000
24.394783	0.640	612,570.000000
24.405450	0.640	611,545.000000
24.416117	0.640	608,968.000000
24.426783	0.640	605,896.000000
24.437450	0.640	606,133.000000
24.448117	0.640	608,254.000000
24.458783	0.640	610,624.000000
24.469450	0.640	614,141.000000
24.480117	0.640	619,948.000000
24.490783	0.640	627,620.000000
24.501450	0.640	633,314.000000
24.512117	0.640	634,691.000000
24.522783	0.640	634,830.000000
24.533450	0.640	636,935.000000
24.544117	0.640	639,724.000000
24.554783	0.640	640,893.000000
24.565450	0.640	640,895.000000
24.576117	0.640	642,108.000000
24.586783	0.640	647,120.000000
24.597450	0.640	653,150.000000
24.608117	0.640	653,807.000000
24.618783	0.640	651,906.000000
24.629450	0.640	656,417.000000
24.640117	0.640	665,724.000000
24.650783	0.640	671,104.000000
24.661450	0.640	671,677.000000
24.672117	0.640	669,922.000000
24.682783	0.640	667,670.000000
24.693450	0.640	670,927.000000
24.704117	0.640	680,109.000000
24.714783	0.640	687,534.000000
24.725450	0.640	692,163.000000
24.736117	0.640	697,744.000000
24.746783	0.640	701,376.000000
24.757450	0.640	701,127.000000
24.768117	0.640	702,085.000000
24.778783	0.640	703,801.000000
24.789450	0.640	701,009.000000
24.800117	0.640	698,598.000000
24.810783	0.640	705,243.000000
24.821450	0.640	717,495.000000
24.832117	0.640	725,150.000000
24.842783	0.640	727,190.000000
24.853450	0.640	731,999.000000
24.864117	0.640	742,074.000000
24.874783	0.640	750,654.000000
24.885450	0.640	753,421.000000
24.896117	0.640	751,322.000000
24.906783	0.640	748,257.000000
24.917450	0.640	749,591.000000
24.928117	0.640	755,404.000000
24.938783	0.640	760,688.000000
24.949450	0.640	762,781.000000
24.960117	0.640	762,933.000000
24.970783	0.640	764,185.000000
24.981450	0.640	768,952.000000
24.992117	0.640	776,356.000000
25.002783	0.640	783,830.000000
25.013450	0.640	791,083.000000
25.024117	0.640	797,439.000000
25.034783	0.640	800,347.000000
25.045450	0.640	802,275.000000
25.056117	0.640	807,002.000000
25.066783	0.640	812,052.000000
25.077450	0.640	815,736.000000
25.088117	0.640	820,220.000000
25.098783	0.640	826,623.000000
25.109450	0.640	834,161.000000
25.120117	0.640	841,072.000000
25.130783	0.640	846,123.000000
25.141450	0.640	851,058.000000
25.152117	0.640	860,660.000000
25.162783	0.640	877,665.000000
25.173450	0.640	900,975.000000
25.184117	0.640	930,272.000000
25.194783	0.640	968,739.000000
25.205450	0.640	1,028,093.000000
25.216117	0.640	1,131,825.000000
25.226783	0.640	1,305,764.000000
25.237450	0.640	1,576,529.000000
25.248117	0.640	1,991,402.000000
25.258783	0.640	2,628,929.000000
25.269450	0.640	3,590,665.000000
25.280117	0.640	4,996,714.000000
25.290783	0.640	6,970,054.000000
25.301450	0.640	9,612,007.000000
25.312117	0.640	13,008,844.000000
25.322783	0.640	17,219,600.000000
25.333450	0.640	22,180,142.000000
25.344117	0.640	27,641,808.000000
25.354783	0.640	33,218,351.000000
25.365450	0.640	38,413,049.000000
25.376117	0.640	42,669,914.000000
25.386783	0.640	45,498,413.000000
25.397450	0.640	46,528,884.000000
25.408117	0.640	45,591,903.000000
25.418783	0.640	42,839,817.000000
25.429450	0.640	38,629,678.000000
25.440117	0.640	33,351,407.000000
25.450783	0.640	27,541,320.000000
25.461450	0.640	21,873,714.000000
25.472117	0.640	16,823,912.000000
25.482783	0.640	12,554,432.000000
25.493450	0.640	9,100,247.000000
25.504117	0.640	6,459,286.000000
25.514783	0.640	4,561,648.000000
25.525450	0.640	3,268,288.000000
25.536117	0.640	2,418,522.000000
25.546783	0.640	1,872,342.000000
25.557450	0.640	1,525,161.000000
25.568117	0.640	1,309,541.000000
25.578783	0.640	1,182,153.000000
25.589450	0.640	1,106,976.000000
25.600117	0.640	1,060,421.000000
25.610783	0.640	1,034,853.000000
25.621450	0.640	1,022,195.000000
25.632117	0.640	1,012,940.000000
25.642783	0.640	1,006,164.000000
25.653450	0.640	1,003,389.000000
25.664117	0.640	1,004,519.000000
25.674783	0.640	1,008,558.000000
25.685450	0.640	1,010,331.000000
25.696117	0.640	1,006,067.000000
25.706783	0.640	999,041.000000
25.717450	0.640	994,259.000000
25.728117	0.640	993,440.000000
25.738783	0.640	995,354.000000
25.749450	0.640	999,096.000000
25.760117	0.640	1,005,949.000000
25.770783	0.640	1,016,473.000000
25.781450	0.640	1,028,865.000000
25.792117	0.640	1,042,362.000000
25.802783	0.640	1,055,772.000000
25.813450	0.640	1,064,722.000000
25.824117	0.640	1,068,711.000000
25.834783	0.640	1,073,155.000000
25.845450	0.640	1,083,512.000000
25.856117	0.640	1,102,449.000000
25.866783	0.640	1,129,795.000000
25.877450	0.640	1,165,191.000000
25.888117	0.640	1,201,718.000000
25.898783	0.640	1,221,629.000000
25.909450	0.640	1,214,967.000000
25.920117	0.640	1,188,046.000000
25.930783	0.640	1,151,668.000000
25.941450	0.640	1,118,804.000000
25.952117	0.640	1,098,081.000000
25.962783	0.640	1,083,310.000000
25.973450	0.640	1,069,485.000000
25.984117	0.640	1,063,789.000000
25.994783	0.640	1,066,113.000000
26.005450	0.640	1,067,238.000000
26.016117	0.640	1,066,721.000000
26.026783	0.640	1,068,245.000000
26.037450	0.640	1,070,307.000000
26.048117	0.640	1,071,923.000000
26.058783	0.640	1,073,856.000000
26.069450	0.640	1,075,741.000000
26.080117	0.640	1,080,016.000000
26.090783	0.640	1,089,691.000000
26.101450	0.640	1,101,293.000000
26.112117	0.640	1,110,148.000000
26.122783	0.640	1,116,746.000000
26.133450	0.640	1,122,277.000000
26.144117	0.640	1,124,041.000000
26.154783	0.640	1,117,594.000000
26.165450	0.640	1,101,668.000000
26.176117	0.640	1,081,454.000000
26.186783	0.640	1,066,358.000000
26.197450	0.640	1,061,012.000000
26.208117	0.640	1,062,935.000000
26.218783	0.640	1,070,989.000000
26.229450	0.640	1,085,298.000000
26.240117	0.640	1,102,395.000000
26.250783	0.640	1,117,789.000000
26.261450	0.640	1,126,468.000000
26.272117	0.640	1,122,631.000000
26.282783	0.640	1,104,746.000000
26.293450	0.640	1,079,945.000000
26.304117	0.640	1,058,564.000000
26.314783	0.640	1,045,849.000000
26.325450	0.640	1,044,583.000000
26.336117	0.640	1,062,835.000000
26.346783	0.640	1,123,095.000000
26.357450	0.640	1,290,389.000000
26.368117	0.640	1,722,688.000000
26.378783	0.640	2,612,786.000000
26.389450	0.640	3,851,078.000000
26.400117	0.640	4,756,761.000000
26.410783	0.640	4,581,267.000000
26.421450	0.640	3,407,253.000000
26.432117	0.640	2,106,300.000000
26.442783	0.640	1,357,443.000000
26.453450	0.640	1,136,932.000000
26.464117	0.640	1,112,309.000000
26.474783	0.640	1,096,805.000000
26.485450	0.640	1,078,008.000000
26.496117	0.640	1,076,282.000000
26.506783	0.640	1,087,752.000000
26.517450	0.640	1,102,468.000000
26.528117	0.640	1,120,689.000000
26.538783	0.640	1,140,752.000000
26.549450	0.640	1,154,540.000000
26.560117	0.640	1,162,484.000000
26.570783	0.640	1,171,920.000000
26.581450	0.640	1,183,637.000000
26.592117	0.640	1,193,216.000000
26.602783	0.640	1,199,288.000000
26.613450	0.640	1,203,255.000000
26.624117	0.640	1,205,433.000000
26.634783	0.640	1,205,715.000000
26.645450	0.640	1,204,876.000000
26.656117	0.640	1,206,369.000000
26.666783	0.640	1,216,886.000000
26.677450	0.640	1,238,616.000000
26.688117	0.640	1,269,109.000000
26.698783	0.640	1,314,908.000000
26.709450	0.640	1,395,358.000000
26.720117	0.640	1,551,975.000000
26.730783	0.640	1,847,919.000000
26.741450	0.640	2,253,970.000000
26.752117	0.640	2,539,707.000000
26.762783	0.640	2,478,630.000000
26.773450	0.640	2,164,531.000000
26.784117	0.640	1,909,424.000000
26.794783	0.640	1,874,247.000000
26.805450	0.640	1,975,164.000000
26.816117	0.640	2,072,045.000000
26.826783	0.640	2,123,201.000000
26.837450	0.640	2,192,057.000000
26.848117	0.640	2,359,199.000000
26.858783	0.640	2,674,278.000000
26.869450	0.640	3,376,998.000000
26.880117	0.640	5,861,726.000000
26.890783	0.640	15,606,930.000000
26.901450	0.640	44,109,335.000000
26.912117	0.640	95,641,898.000000
26.922783	0.640	143,713,423.000000
26.933450	0.640	145,659,421.000000
26.944117	0.640	97,073,538.000000
26.954783	0.640	40,652,479.000000
26.965450	0.640	11,403,909.000000
26.976117	0.640	6,095,205.000000
26.986783	0.640	7,144,339.000000
26.997450	0.640	7,327,439.000000
27.008117	0.640	9,793,544.000000
27.018783	0.640	23,035,019.000000
27.029450	0.640	60,742,153.000000
27.040117	0.640	131,853,039.000000
27.050783	0.640	215,704,374.000000
27.061450	0.640	258,638,771.000000
27.072117	0.640	223,180,728.000000
27.082783	0.640	135,568,935.000000
27.093450	0.640	57,440,784.000000
27.104117	0.640	20,573,232.000000
27.114783	0.640	13,317,990.000000
27.125450	0.640	14,667,195.000000
27.136117	0.640	15,802,427.000000
27.146783	0.640	15,418,792.000000
27.157450	0.640	13,153,640.000000
27.168117	0.640	10,019,168.000000
27.178783	0.640	7,980,877.000000
27.189450	0.640	7,668,136.000000
27.200117	0.640	8,445,704.000000
27.210783	0.640	9,837,532.000000
27.221450	0.640	11,467,894.000000
27.232117	0.640	12,445,294.000000
27.242783	0.640	13,443,411.000000
27.253450	0.640	24,546,863.000000
27.264117	0.640	25,423,171.000000
27.264283	0.010	48,134,756.000000
27.264450	0.010	25,423,171.000000
27.264617	0.010	48,134,756.000000
27.264783	0.010	25,423,171.000000
27.264950	0.010	48,134,756.000000
27.265117	0.010	25,423,171.000000
27.274783	0.580	25,423,171.000000
27.285450	0.640	25,423,171.000000
27.296117	0.640	25,423,171.000000
27.306783	0.640	25,423,171.000000
27.317450	0.640	25,423,171.000000
27.317617	0.010	48,134,756.000000
27.317783	0.010	25,423,171.000000
27.317950	0.010	48,134,756.000000
27.318117	0.010	25,423,171.000000
27.318283	0.010	48,134,756.000000
27.318450	0.010	25,423,171.000000
27.328117	0.580	194,711,437.000000
27.338783	0.640	100,144,364.000000
27.349450	0.640	64,263,407.000000
27.360117	0.640	59,118,151.000000
27.370783	0.640	54,629,519.000000
27.381450	0.640	55,505,827.000000
27.392117	0.640	55,505,827.000000
27.392283	0.010	93,258,740.000000
27.392450	0.010	55,505,827.000000
27.392617	0.010	93,258,740.000000
27.392783	0.010	55,505,827.000000
27.392950	0.010	93,258,740.000000
27.393117	0.010	55,505,827.000000
27.402783	0.580	55,505,827.000000
27.413450	0.640	55,505,827.000000
27.424117	0.640	55,505,827.000000
27.434783	0.640	55,505,827.000000
27.445450	0.640	55,505,827.000000
27.456117	0.640	55,505,827.000000
27.466783	0.640	55,505,827.000000
27.477450	0.640	55,505,827.000000
27.488117	0.640	55,505,827.000000
27.488283	0.010	93,258,740.000000
27.488450	0.010	55,505,827.000000
27.488617	0.010	93,258,740.000000
27.488783	0.010	55,505,827.000000
27.488950	0.010	93,258,740.000000
27.489117	0.010	55,505,827.000000
27.498783	0.580	115,590,288.000000
27.509450	0.640	91,144,196.000000
27.520117	0.640	93,985,470.000000
27.530783	0.640	91,544,769.000000
27.541450	0.640	75,074,975.000000
27.552117	0.640	58,299,154.000000
27.562783	0.640	49,070,184.000000
27.573450	0.640	43,916,975.000000
27.584117	0.640	39,349,778.000000
27.594783	0.640	35,435,197.000000
27.605450	0.640	32,815,903.000000
27.616117	0.640	31,210,913.000000
27.626783	0.640	29,866,548.000000
27.637450	0.640	28,098,199.000000
27.648117	0.640	26,046,977.000000
27.658783	0.640	24,483,664.000000
27.669450	0.640	23,486,520.000000
27.680117	0.640	22,435,782.000000
27.690783	0.640	21,219,956.000000
27.701450	0.640	20,327,112.000000
27.712117	0.640	19,974,398.000000
27.722783	0.640	19,892,733.000000
27.733450	0.640	19,744,020.000000
27.744117	0.640	19,458,645.000000
27.754783	0.640	19,382,737.000000
27.765450	0.640	19,940,348.000000
27.776117	0.640	20,986,097.000000
27.786783	0.640	21,865,482.000000
27.797450	0.640	22,070,687.000000
27.808117	0.640	21,482,754.000000
27.818783	0.640	20,310,594.000000
27.829450	0.640	19,097,464.000000
27.840117	0.640	18,414,176.000000
27.850783	0.640	18,406,084.000000
27.861450	0.640	18,785,484.000000
27.872117	0.640	19,374,539.000000
27.882783	0.640	21,365,250.000000
27.893450	0.640	30,198,091.000000
27.904117	0.640	31,074,399.000000
27.904283	0.010	56,611,598.000000
27.904450	0.010	31,074,399.000000
27.904617	0.010	56,611,598.000000
27.904783	0.010	31,074,399.000000
27.904950	0.010	56,611,598.000000
27.905117	0.010	31,074,399.000000
27.914783	0.580	31,074,399.000000
27.925450	0.640	31,074,399.000000
27.936117	0.640	31,074,399.000000
27.946783	0.640	31,074,399.000000
27.957450	0.640	31,074,399.000000
27.968117	0.640	31,074,399.000000
27.978783	0.640	31,074,399.000000
27.989450	0.640	31,074,399.000000
28.000117	0.640	31,074,399.000000
28.010783	0.640	31,074,399.000000
28.021450	0.640	31,074,399.000000
28.032117	0.640	31,074,399.000000
28.042783	0.640	31,074,399.000000
28.053450	0.640	31,074,399.000000
28.064117	0.640	31,074,399.000000
28.074783	0.640	31,074,399.000000
28.085450	0.640	31,074,399.000000
28.096117	0.640	31,074,399.000000
28.106783	0.640	31,074,399.000000
28.106950	0.010	56,611,598.000000
28.107117	0.010	31,074,399.000000
28.107283	0.010	56,611,598.000000
28.107450	0.010	31,074,399.000000
28.107617	0.010	56,611,598.000000
28.107783	0.010	31,074,399.000000
28.117450	0.580	156,581,169.000000
28.128117	0.640	77,724,585.000000
28.138783	0.640	61,894,931.000000
28.149450	0.640	65,686,099.000000
28.160117	0.640	63,118,874.000000
28.170783	0.640	53,746,031.000000
28.181450	0.640	41,441,847.000000
28.192117	0.640	30,145,432.000000
28.202783	0.640	25,976,269.000000
28.213450	0.640	35,119,088.000000
28.224117	0.640	63,046,683.000000
28.234783	0.640	107,894,902.000000
28.245450	0.640	152,860,428.000000
28.256117	0.640	179,442,489.000000
28.266783	0.640	188,556,872.000000
28.277450	0.640	193,996,414.000000
28.288117	0.640	200,306,241.000000
28.298783	0.640	201,355,389.000000
28.309450	0.640	194,448,811.000000
28.320117	0.640	184,174,724.000000
28.330783	0.640	174,759,480.000000
28.341450	0.640	165,245,416.000000
28.352117	0.640	151,836,794.000000
28.362783	0.640	131,625,980.000000
28.373450	0.640	104,176,649.000000
28.384117	0.640	72,857,529.000000
28.394783	0.640	45,066,582.000000
28.405450	0.640	27,235,153.000000
28.416117	0.640	19,204,631.000000
28.426783	0.640	16,353,861.000000
28.437450	0.640	15,796,206.000000
28.448117	0.640	17,511,231.000000
28.458783	0.640	20,678,064.000000
28.469450	0.640	22,236,043.000000
28.480117	0.640	20,035,435.000000
28.490783	0.640	15,444,134.000000
28.501450	0.640	11,418,727.000000
28.512117	0.640	9,296,538.000000
28.522783	0.640	8,505,810.000000
28.533450	0.640	8,186,004.000000
28.544117	0.640	8,005,093.000000
28.554783	0.640	7,886,153.000000
28.565450	0.640	7,719,046.000000
28.576117	0.640	7,431,384.000000
28.586783	0.640	7,075,743.000000
28.597450	0.640	6,743,858.000000
28.608117	0.640	6,452,567.000000
28.618783	0.640	6,128,750.000000
28.629450	0.640	5,657,778.000000
28.640117	0.640	4,951,165.000000
28.650783	0.640	4,032,795.000000
28.661450	0.640	3,060,170.000000
28.672117	0.640	2,203,451.000000
28.682783	0.640	1,528,729.000000
28.693450	0.640	1,031,114.000000
28.704117	0.640	707,756.000000
28.714783	0.640	631,541.000000
28.725450	0.640	854,529.000000
28.736117	0.640	1,054,025.000000
28.746783	0.640	812,227.000000
28.757450	0.640	328,638.000000
28.768117	0.640	69,691.000000
28.778783	0.640	62,330.000000
28.789450	0.640	90,308.000000
28.800117	0.640	75,727.000000
28.810783	0.640	51,249.000000
28.821450	0.640	38,619.000000
28.832117	0.640	31,747.000000
28.842783	0.640	24,540.000000
28.853450	0.640	17,648.000000
28.864117	0.640	12,751.000000
28.874783	0.640	9,791.000000
28.885450	0.640	7,830.000000
28.896117	0.640	6,694.000000
28.906783	0.640	5,834.000000
28.917450	0.640	6,121.000000
28.928117	0.640	8,265.000000
28.938783	0.640	7,317.000000
28.949450	0.640	175.000000
28.960117	0.640	-5,680.000000
28.970783	0.640	-2,399.000000
28.981450	0.640	4,671.000000
28.992117	0.640	5,462.000000
29.002783	0.640	368.000000
29.013450	0.640	-4,596.000000
29.024117	0.640	-6,341.000000
29.034783	0.640	-4,094.000000
29.045450	0.640	11.000000
29.056117	0.640	1,226.000000
29.066783	0.640	-3,078.000000
29.077450	0.640	-8,095.000000
29.088117	0.640	-6,859.000000
29.098783	0.640	-2,911.000000
29.109450	0.640	-5,113.000000
29.120117	0.640	-11,589.000000
29.130783	0.640	-13,245.000000
29.141450	0.640	-9,396.000000
29.152117	0.640	-7,354.000000
29.162783	0.640	-8,854.000000
29.173450	0.640	-8,877.000000
29.184117	0.640	-6,360.000000
29.194783	0.640	-4,419.000000
29.205450	0.640	-3,434.000000
29.216117	0.640	-1,846.000000
29.226783	0.640	476.000000
29.237450	0.640	2,434.000000
29.248117	0.640	2,878.000000
29.258783	0.640	1,337.000000
29.269450	0.640	-1,213.000000
29.280117	0.640	-1,672.000000
29.290783	0.640	1,900.000000
29.301450	0.640	4,774.000000
29.312117	0.640	1,835.000000
29.322783	0.640	-1,486.000000
29.333450	0.640	670.000000
29.344117	0.640	2,202.000000
29.354783	0.640	-2,216.000000
29.365450	0.640	-6,201.000000
29.376117	0.640	-3,290.000000
29.386783	0.640	2,830.000000
29.397450	0.640	5,962.000000
29.408117	0.640	5,147.000000
29.418783	0.640	1,372.000000
29.429450	0.640	-1,339.000000
29.440117	0.640	3,947.000000
29.450783	0.640	12,122.000000
29.461450	0.640	9,602.000000
29.472117	0.640	-466.000000
29.482783	0.640	-4,928.000000
29.493450	0.640	-3,167.000000
29.504117	0.640	-127.000000
29.514783	0.640	2,336.000000
29.525450	0.640	1,942.000000
29.536117	0.640	604.000000
29.546783	0.640	2,403.000000
29.557450	0.640	4,429.000000
29.568117	0.640	2,506.000000
29.578783	0.640	-520.000000
29.589450	0.640	372.000000
29.600117	0.640	4,390.000000
29.610783	0.640	6,677.000000
29.621450	0.640	5,499.000000
29.632117	0.640	3,089.000000
29.642783	0.640	1,328.000000
29.653450	0.640	-656.000000
29.664117	0.640	-3,932.000000
29.674783	0.640	-5,288.000000
29.685450	0.640	-1,658.000000
29.696117	0.640	2,539.000000
29.706783	0.640	2,604.000000
29.717450	0.640	496.000000
29.728117	0.640	568.000000
29.738783	0.640	6,578.000000
29.749450	0.640	16,653.000000
29.760117	0.640	22,041.000000
29.770783	0.640	18,146.000000
29.781450	0.640	9,563.000000
29.792117	0.640	2,653.000000
29.802783	0.640	-389.000000
29.813450	0.640	-294.000000
29.824117	0.640	1,030.000000
29.834783	0.640	1,914.000000
29.845450	0.640	4,759.000000
29.856117	0.640	11,007.000000
29.866783	0.640	13,689.000000
29.877450	0.640	8,095.000000
29.888117	0.640	2,330.000000
29.898783	0.640	3,020.000000
29.909450	0.640	2,903.000000
29.920117	0.640	-1,656.000000
29.930783	0.640	-1,909.000000
29.941450	0.640	3,504.000000
29.952117	0.640	5,936.000000
29.962783	0.640	3,503.000000
29.973450	0.640	3,652.000000
29.984117	0.640	9,204.000000
29.994783	0.640	10,243.000000
30.005450	0.640	352.000000
