File Path	chrom://nnfcb-l0495/ChromeleonLocal/20180320_AA_Lars Nielsen samples Vienna_lbpet.seq/861.smp/Emission_2.channel/Emission_2.chm
Channel	Emission_2

Injection Information:
Data Vault	ChromeleonLocal
Injection	AAmix_75ug_mL_2
Injection Number	54
Position	RC3
Comment	
Processing Method	20171024_Calculated with IS_lbpet
Instrument Method	20161104_AA_GeminiC18_FinalVer7
Type	Calibration Standard
Status	Finished
Injection Date	21-03-2018
Injection Time	18:52:05
Injection Volume (µl)	56.500
Dilution Factor	1.0000
Weight	1.0000

Raw Data Information:
Time Min. (min)	0.007783
Time Max. (min)	30.005450
Data Points	2861
Detector	FLD
Exporting Data System	Chromeleon 7.1.2.1478
Operator	
Signal Quantity	
Signal Unit	counts
Signal Min.	-30,013.000000
Signal Max.	221,063,520.000000
Channel	Emission_2
Driver Name	FLD3000.dll
Channel Type	Evaluation
Min. Step (s)	0.010
Max. Step (s)	0.820
Average Step (s)	0.629

Signal Parameter Information:
Signal Info	266 nm /305 nm

Raw Data:
Time (min)	Step (s)	Value (counts)
0.007783	0.000	0.000000
0.021450	0.820	0.000000
0.032117	0.640	0.000000
0.042783	0.640	-3,574.000000
0.053450	0.640	-8,508.000000
0.064117	0.640	-12,498.000000
0.074783	0.640	-13,828.000000
0.085450	0.640	-11,728.000000
0.096117	0.640	-9,031.000000
0.106783	0.640	-8,437.000000
0.117450	0.640	-8,519.000000
0.128117	0.640	-7,235.000000
0.138783	0.640	-4,417.000000
0.149450	0.640	-3,448.000000
0.160117	0.640	-6,618.000000
0.170783	0.640	-9,288.000000
0.181450	0.640	-8,367.000000
0.192117	0.640	-6,279.000000
0.202783	0.640	-4,841.000000
0.213450	0.640	-6,902.000000
0.224117	0.640	-13,673.000000
0.234783	0.640	-17,954.000000
0.245450	0.640	-14,470.000000
0.256117	0.640	-9,815.000000
0.266783	0.640	-10,029.000000
0.277450	0.640	-11,699.000000
0.288117	0.640	-13,015.000000
0.298783	0.640	-15,757.000000
0.309450	0.640	-18,440.000000
0.320117	0.640	-19,947.000000
0.330783	0.640	-19,305.000000
0.341450	0.640	-15,118.000000
0.352117	0.640	-10,541.000000
0.362783	0.640	-9,601.000000
0.373450	0.640	-13,301.000000
0.384117	0.640	-18,391.000000
0.394783	0.640	-18,369.000000
0.405450	0.640	-12,722.000000
0.416117	0.640	-7,491.000000
0.426783	0.640	-5,993.000000
0.437450	0.640	-6,306.000000
0.448117	0.640	-6,312.000000
0.458783	0.640	-8,096.000000
0.469450	0.640	-12,805.000000
0.480117	0.640	-16,306.000000
0.490783	0.640	-16,144.000000
0.501450	0.640	-15,566.000000
0.512117	0.640	-17,149.000000
0.522783	0.640	-17,850.000000
0.533500	0.643	-14,964.000000
0.544117	0.637	-10,949.000000
0.554783	0.640	-7,931.000000
0.565450	0.640	-5,774.000000
0.576117	0.640	-5,661.000000
0.586783	0.640	-8,584.000000
0.597450	0.640	-13,288.000000
0.608117	0.640	-18,807.000000
0.618783	0.640	-22,760.000000
0.629450	0.640	-20,330.000000
0.640117	0.640	-13,370.000000
0.650783	0.640	-9,948.000000
0.661450	0.640	-11,282.000000
0.672117	0.640	-11,470.000000
0.682783	0.640	-7,550.000000
0.693450	0.640	-3,080.000000
0.704117	0.640	-4,171.000000
0.714783	0.640	-11,710.000000
0.725450	0.640	-18,773.000000
0.736117	0.640	-18,999.000000
0.746783	0.640	-15,207.000000
0.757450	0.640	-13,151.000000
0.768117	0.640	-10,673.000000
0.778783	0.640	-5,235.000000
0.789450	0.640	-1,689.000000
0.800117	0.640	-2,354.000000
0.810783	0.640	-4,355.000000
0.821450	0.640	-7,594.000000
0.832117	0.640	-13,222.000000
0.842783	0.640	-18,314.000000
0.853450	0.640	-19,367.000000
0.864117	0.640	-17,128.000000
0.874783	0.640	-13,196.000000
0.885450	0.640	-8,200.000000
0.896117	0.640	-5,632.000000
0.906783	0.640	-8,225.000000
0.917450	0.640	-12,402.000000
0.928117	0.640	-13,943.000000
0.938783	0.640	-14,250.000000
0.949450	0.640	-15,651.000000
0.960117	0.640	-15,889.000000
0.970783	0.640	-12,744.000000
0.981450	0.640	-8,543.000000
0.992117	0.640	-7,130.000000
1.002783	0.640	-10,144.000000
1.013450	0.640	-13,769.000000
1.024117	0.640	-12,861.000000
1.034783	0.640	-10,347.000000
1.045450	0.640	-11,858.000000
1.056117	0.640	-15,058.000000
1.066783	0.640	-13,716.000000
1.077450	0.640	-8,616.000000
1.088117	0.640	-8,151.000000
1.098783	0.640	-14,838.000000
1.109450	0.640	-20,275.000000
1.120117	0.640	-19,497.000000
1.130783	0.640	-18,224.000000
1.141450	0.640	-20,550.000000
1.152117	0.640	-21,463.000000
1.162783	0.640	-18,798.000000
1.173450	0.640	-17,938.000000
1.184117	0.640	-19,190.000000
1.194783	0.640	-18,625.000000
1.205450	0.640	-17,246.000000
1.216117	0.640	-16,752.000000
1.226783	0.640	-16,236.000000
1.237450	0.640	-14,475.000000
1.248117	0.640	-12,359.000000
1.258783	0.640	-13,697.000000
1.269450	0.640	-18,157.000000
1.280117	0.640	-19,462.000000
1.290783	0.640	-15,178.000000
1.301450	0.640	-9,968.000000
1.312117	0.640	-8,893.000000
1.322783	0.640	-11,772.000000
1.333450	0.640	-14,234.000000
1.344117	0.640	-14,622.000000
1.354783	0.640	-16,128.000000
1.365450	0.640	-18,377.000000
1.376117	0.640	-17,048.000000
1.386783	0.640	-13,698.000000
1.397450	0.640	-12,835.000000
1.408117	0.640	-13,941.000000
1.418783	0.640	-13,749.000000
1.429450	0.640	-11,195.000000
1.440117	0.640	-9,110.000000
1.450783	0.640	-9,740.000000
1.461450	0.640	-10,186.000000
1.472117	0.640	-8,445.000000
1.482783	0.640	-7,669.000000
1.493450	0.640	-10,342.000000
1.504117	0.640	-15,499.000000
1.514783	0.640	-19,140.000000
1.525450	0.640	-17,336.000000
1.536117	0.640	-13,170.000000
1.546783	0.640	-11,514.000000
1.557450	0.640	-9,404.000000
1.568117	0.640	-4,115.000000
1.578783	0.640	-409.000000
1.589450	0.640	-2,063.000000
1.600117	0.640	-7,523.000000
1.610783	0.640	-12,127.000000
1.621450	0.640	-12,633.000000
1.632117	0.640	-13,096.000000
1.642783	0.640	-17,572.000000
1.653450	0.640	-21,414.000000
1.664117	0.640	-19,512.000000
1.674783	0.640	-14,580.000000
1.685450	0.640	-11,675.000000
1.696117	0.640	-10,988.000000
1.706783	0.640	-10,376.000000
1.717450	0.640	-9,449.000000
1.728117	0.640	-8,473.000000
1.738783	0.640	-8,121.000000
1.749450	0.640	-8,486.000000
1.760117	0.640	-8,663.000000
1.770783	0.640	-10,272.000000
1.781450	0.640	-13,755.000000
1.792117	0.640	-14,666.000000
1.802783	0.640	-12,767.000000
1.813450	0.640	-12,736.000000
1.824117	0.640	-13,767.000000
1.834783	0.640	-13,000.000000
1.845450	0.640	-11,765.000000
1.856117	0.640	-10,932.000000
1.866783	0.640	-10,594.000000
1.877450	0.640	-12,436.000000
1.888117	0.640	-16,383.000000
1.898783	0.640	-17,656.000000
1.909450	0.640	-11,839.000000
1.920117	0.640	-2,899.000000
1.930783	0.640	1,175.000000
1.941450	0.640	-1,743.000000
1.952117	0.640	-8,174.000000
1.962783	0.640	-13,888.000000
1.973450	0.640	-16,108.000000
1.984117	0.640	-15,296.000000
1.994783	0.640	-14,368.000000
2.005450	0.640	-13,853.000000
2.016117	0.640	-12,021.000000
2.026783	0.640	-9,470.000000
2.037450	0.640	-8,269.000000
2.048117	0.640	-7,623.000000
2.058783	0.640	-4,766.000000
2.069450	0.640	-1,589.000000
2.080117	0.640	-4,958.000000
2.090783	0.640	-15,949.000000
2.101450	0.640	-23,508.000000
2.112117	0.640	-17,249.000000
2.122783	0.640	-4,340.000000
2.133450	0.640	1,158.000000
2.144117	0.640	-1,975.000000
2.154783	0.640	-8,925.000000
2.165450	0.640	-15,872.000000
2.176117	0.640	-16,838.000000
2.186783	0.640	-12,492.000000
2.197450	0.640	-10,475.000000
2.208117	0.640	-12,239.000000
2.218783	0.640	-13,388.000000
2.229450	0.640	-12,507.000000
2.240117	0.640	-11,622.000000
2.250783	0.640	-12,082.000000
2.261450	0.640	-11,483.000000
2.272117	0.640	-4,978.000000
2.282783	0.640	6,602.000000
2.293450	0.640	14,665.000000
2.304117	0.640	12,605.000000
2.314783	0.640	4,216.000000
2.325450	0.640	-541.000000
2.336117	0.640	786.000000
2.346783	0.640	101.000000
2.357450	0.640	-7,346.000000
2.368117	0.640	-14,373.000000
2.378783	0.640	-12,940.000000
2.389450	0.640	-7,063.000000
2.400117	0.640	-4,122.000000
2.410783	0.640	-2,896.000000
2.421450	0.640	-2,350.000000
2.432117	0.640	-4,376.000000
2.442783	0.640	-3,800.000000
2.453450	0.640	1,170.000000
2.464117	0.640	10.000000
2.474783	0.640	-9,466.000000
2.485450	0.640	-14,966.000000
2.496117	0.640	-10,986.000000
2.506783	0.640	-4,832.000000
2.517450	0.640	-4,301.000000
2.528117	0.640	-8,455.000000
2.538783	0.640	-10,036.000000
2.549450	0.640	-6,196.000000
2.560117	0.640	-1,629.000000
2.570783	0.640	-980.000000
2.581450	0.640	-3,588.000000
2.592117	0.640	-6,737.000000
2.602783	0.640	-10,143.000000
2.613450	0.640	-12,493.000000
2.624117	0.640	-9,638.000000
2.634783	0.640	-3,469.000000
2.645450	0.640	-1,907.000000
2.656117	0.640	-6,489.000000
2.666783	0.640	-10,640.000000
2.677450	0.640	-9,048.000000
2.688117	0.640	-4,899.000000
2.698783	0.640	-4,087.000000
2.709450	0.640	-4,516.000000
2.720117	0.640	-3,925.000000
2.730783	0.640	-6,640.000000
2.741450	0.640	-9,898.000000
2.752117	0.640	-6,004.000000
2.762783	0.640	-1,907.000000
2.773450	0.640	-8,427.000000
2.784117	0.640	-18,320.000000
2.794783	0.640	-20,389.000000
2.805450	0.640	-17,247.000000
2.816117	0.640	-14,349.000000
2.826783	0.640	-10,617.000000
2.837450	0.640	-6,836.000000
2.848117	0.640	-7,156.000000
2.858783	0.640	-10,424.000000
2.869450	0.640	-13,376.000000
2.880117	0.640	-15,845.000000
2.890783	0.640	-17,153.000000
2.901450	0.640	-16,127.000000
2.912117	0.640	-13,816.000000
2.922783	0.640	-12,907.000000
2.933450	0.640	-14,140.000000
2.944117	0.640	-14,261.000000
2.954783	0.640	-10,566.000000
2.965450	0.640	-6,351.000000
2.976117	0.640	-5,481.000000
2.986783	0.640	-3,831.000000
2.997450	0.640	2,484.000000
3.008117	0.640	7,475.000000
3.018783	0.640	5,920.000000
3.029450	0.640	1,863.000000
3.040117	0.640	459.000000
3.050783	0.640	1,876.000000
3.061450	0.640	3,809.000000
3.072117	0.640	5,558.000000
3.082783	0.640	8,186.000000
3.093450	0.640	10,483.000000
3.104117	0.640	9,810.000000
3.114783	0.640	6,493.000000
3.125500	0.643	3,214.000000
3.136117	0.637	1,546.000000
3.146783	0.640	-926.000000
3.157450	0.640	-4,783.000000
3.168117	0.640	-3,883.000000
3.178783	0.640	1,632.000000
3.189450	0.640	2,343.000000
3.200117	0.640	-3,327.000000
3.210783	0.640	-7,108.000000
3.221450	0.640	-5,845.000000
3.232117	0.640	-5,633.000000
3.242783	0.640	-9,384.000000
3.253450	0.640	-11,993.000000
3.264117	0.640	-11,795.000000
3.274783	0.640	-12,826.000000
3.285450	0.640	-15,654.000000
3.296117	0.640	-15,970.000000
3.306783	0.640	-11,761.000000
3.317450	0.640	-7,686.000000
3.328117	0.640	-8,709.000000
3.338783	0.640	-13,311.000000
3.349450	0.640	-16,975.000000
3.360117	0.640	-19,012.000000
3.370783	0.640	-22,060.000000
3.381450	0.640	-24,658.000000
3.392117	0.640	-22,517.000000
3.402783	0.640	-16,994.000000
3.413450	0.640	-12,973.000000
3.424117	0.640	-11,538.000000
3.434783	0.640	-10,605.000000
3.445450	0.640	-10,463.000000
3.456117	0.640	-11,940.000000
3.466783	0.640	-12,671.000000
3.477450	0.640	-13,063.000000
3.488117	0.640	-15,454.000000
3.498783	0.640	-17,144.000000
3.509450	0.640	-14,776.000000
3.520117	0.640	-9,796.000000
3.530783	0.640	-7,508.000000
3.541450	0.640	-10,620.000000
3.552117	0.640	-14,655.000000
3.562783	0.640	-15,536.000000
3.573450	0.640	-13,471.000000
3.584117	0.640	-10,100.000000
3.594783	0.640	-9,041.000000
3.605450	0.640	-10,294.000000
3.616117	0.640	-10,370.000000
3.626783	0.640	-10,730.000000
3.637450	0.640	-12,423.000000
3.648117	0.640	-13,086.000000
3.658783	0.640	-13,642.000000
3.669450	0.640	-15,182.000000
3.680117	0.640	-14,856.000000
3.690783	0.640	-10,212.000000
3.701450	0.640	-4,080.000000
3.712117	0.640	-2,576.000000
3.722783	0.640	-6,841.000000
3.733450	0.640	-12,763.000000
3.744117	0.640	-17,045.000000
3.754783	0.640	-16,943.000000
3.765450	0.640	-12,943.000000
3.776117	0.640	-11,107.000000
3.786783	0.640	-12,992.000000
3.797450	0.640	-13,008.000000
3.808117	0.640	-10,369.000000
3.818783	0.640	-10,191.000000
3.829450	0.640	-13,928.000000
3.840117	0.640	-18,699.000000
3.850783	0.640	-20,251.000000
3.861450	0.640	-15,438.000000
3.872117	0.640	-8,258.000000
3.882783	0.640	-6,972.000000
3.893450	0.640	-11,593.000000
3.904117	0.640	-13,712.000000
3.914783	0.640	-10,736.000000
3.925450	0.640	-8,894.000000
3.936117	0.640	-12,097.000000
3.946783	0.640	-17,167.000000
3.957450	0.640	-18,110.000000
3.968117	0.640	-13,692.000000
3.978783	0.640	-8,772.000000
3.989450	0.640	-6,892.000000
4.000117	0.640	-8,023.000000
4.010783	0.640	-9,947.000000
4.021450	0.640	-9,673.000000
4.032117	0.640	-8,185.000000
4.042783	0.640	-8,701.000000
4.053450	0.640	-10,046.000000
4.064117	0.640	-9,902.000000
4.074783	0.640	-11,237.000000
4.085450	0.640	-15,925.000000
4.096117	0.640	-18,449.000000
4.106783	0.640	-16,152.000000
4.117450	0.640	-13,294.000000
4.128117	0.640	-10,095.000000
4.138783	0.640	-4,717.000000
4.149450	0.640	-997.000000
4.160117	0.640	-2,870.000000
4.170783	0.640	-8,467.000000
4.181450	0.640	-11,445.000000
4.192117	0.640	-10,014.000000
4.202783	0.640	-10,364.000000
4.213450	0.640	-14,306.000000
4.224117	0.640	-16,167.000000
4.234783	0.640	-13,470.000000
4.245450	0.640	-9,295.000000
4.256117	0.640	-6,821.000000
4.266783	0.640	-7,603.000000
4.277450	0.640	-11,358.000000
4.288117	0.640	-14,981.000000
4.298783	0.640	-15,561.000000
4.309450	0.640	-13,839.000000
4.320117	0.640	-13,768.000000
4.330783	0.640	-17,471.000000
4.341450	0.640	-21,543.000000
4.352117	0.640	-22,530.000000
4.362783	0.640	-20,693.000000
4.373450	0.640	-17,382.000000
4.384117	0.640	-14,605.000000
4.394783	0.640	-14,091.000000
4.405450	0.640	-15,566.000000
4.416117	0.640	-16,857.000000
4.426783	0.640	-15,471.000000
4.437450	0.640	-12,204.000000
4.448117	0.640	-11,048.000000
4.458783	0.640	-14,603.000000
4.469450	0.640	-20,680.000000
4.480117	0.640	-24,377.000000
4.490783	0.640	-24,280.000000
4.501450	0.640	-21,804.000000
4.512117	0.640	-17,769.000000
4.522783	0.640	-15,338.000000
4.533450	0.640	-17,011.000000
4.544117	0.640	-18,977.000000
4.554783	0.640	-18,180.000000
4.565450	0.640	-18,214.000000
4.576117	0.640	-21,053.000000
4.586783	0.640	-22,105.000000
4.597450	0.640	-20,098.000000
4.608117	0.640	-20,237.000000
4.618783	0.640	-22,591.000000
4.629450	0.640	-21,834.000000
4.640117	0.640	-17,093.000000
4.650783	0.640	-12,282.000000
4.661450	0.640	-12,017.000000
4.672117	0.640	-15,800.000000
4.682783	0.640	-17,436.000000
4.693450	0.640	-15,741.000000
4.704117	0.640	-13,877.000000
4.714783	0.640	-10,535.000000
4.725450	0.640	-5,397.000000
4.736117	0.640	-3,320.000000
4.746783	0.640	-6,320.000000
4.757450	0.640	-10,375.000000
4.768117	0.640	-12,033.000000
4.778783	0.640	-12,088.000000
4.789450	0.640	-12,902.000000
4.800117	0.640	-15,406.000000
4.810783	0.640	-17,141.000000
4.821450	0.640	-16,742.000000
4.832117	0.640	-17,487.000000
4.842783	0.640	-19,644.000000
4.853450	0.640	-19,713.000000
4.864117	0.640	-18,057.000000
4.874783	0.640	-16,646.000000
4.885450	0.640	-14,416.000000
4.896117	0.640	-11,186.000000
4.906783	0.640	-9,532.000000
4.917450	0.640	-10,297.000000
4.928117	0.640	-10,809.000000
4.938783	0.640	-8,746.000000
4.949450	0.640	-6,518.000000
4.960117	0.640	-3,531.000000
4.970783	0.640	14,606.000000
4.981450	0.640	60,608.000000
4.992117	0.640	120,071.000000
5.002783	0.640	161,236.000000
5.013450	0.640	170,574.000000
5.024117	0.640	161,205.000000
5.034783	0.640	148,678.000000
5.045450	0.640	136,416.000000
5.056117	0.640	120,901.000000
5.066783	0.640	99,833.000000
5.077450	0.640	75,957.000000
5.088117	0.640	54,339.000000
5.098783	0.640	38,912.000000
5.109450	0.640	29,463.000000
5.120117	0.640	20,558.000000
5.130783	0.640	10,646.000000
5.141450	0.640	4,841.000000
5.152117	0.640	3,464.000000
5.162783	0.640	1,639.000000
5.173450	0.640	-1,214.000000
5.184117	0.640	-1,946.000000
5.194783	0.640	-637.000000
5.205450	0.640	-1,608.000000
5.216117	0.640	-5,850.000000
5.226783	0.640	-9,786.000000
5.237450	0.640	-11,296.000000
5.248117	0.640	-9,082.000000
5.258783	0.640	-5,867.000000
5.269450	0.640	-9,111.000000
5.280117	0.640	-17,385.000000
5.290783	0.640	-22,170.000000
5.301450	0.640	-22,839.000000
5.312117	0.640	-22,208.000000
5.322783	0.640	-18,789.000000
5.333450	0.640	-14,477.000000
5.344117	0.640	-15,697.000000
5.354783	0.640	-20,452.000000
5.365450	0.640	-20,200.000000
5.376117	0.640	-16,107.000000
5.386783	0.640	-16,212.000000
5.397450	0.640	-21,946.000000
5.408117	0.640	-26,675.000000
5.418783	0.640	-24,913.000000
5.429450	0.640	-21,275.000000
5.440117	0.640	-21,405.000000
5.450783	0.640	-22,067.000000
5.461450	0.640	-20,773.000000
5.472117	0.640	-18,839.000000
5.482783	0.640	-16,202.000000
5.493450	0.640	-14,701.000000
5.504117	0.640	-15,205.000000
5.514783	0.640	-13,580.000000
5.525450	0.640	-10,094.000000
5.536117	0.640	-11,308.000000
5.546783	0.640	-16,831.000000
5.557450	0.640	-17,825.000000
5.568117	0.640	-13,241.000000
5.578783	0.640	-13,208.000000
5.589450	0.640	-19,785.000000
5.600117	0.640	-22,268.000000
5.610783	0.640	-17,192.000000
5.621450	0.640	-13,008.000000
5.632117	0.640	-14,259.000000
5.642783	0.640	-16,602.000000
5.653450	0.640	-17,017.000000
5.664117	0.640	-17,859.000000
5.674783	0.640	-19,691.000000
5.685450	0.640	-20,687.000000
5.696117	0.640	-19,669.000000
5.706833	0.643	-15,580.000000
5.717450	0.637	-12,255.000000
5.728117	0.640	-14,849.000000
5.738783	0.640	-18,420.000000
5.749450	0.640	-16,210.000000
5.760117	0.640	-12,456.000000
5.770783	0.640	-12,801.000000
5.781450	0.640	-14,938.000000
5.792117	0.640	-16,882.000000
5.802783	0.640	-20,172.000000
5.813450	0.640	-23,915.000000
5.824117	0.640	-25,485.000000
5.834783	0.640	-23,875.000000
5.845450	0.640	-19,871.000000
5.856117	0.640	-15,590.000000
5.866783	0.640	-12,903.000000
5.877450	0.640	-12,045.000000
5.888117	0.640	-12,510.000000
5.898783	0.640	-14,096.000000
5.909450	0.640	-17,163.000000
5.920117	0.640	-20,858.000000
5.930783	0.640	-21,451.000000
5.941450	0.640	-18,160.000000
5.952117	0.640	-15,583.000000
5.962783	0.640	-15,093.000000
5.973450	0.640	-14,813.000000
5.984117	0.640	-15,068.000000
5.994783	0.640	-15,033.000000
6.005450	0.640	-14,056.000000
6.016117	0.640	-15,876.000000
6.026783	0.640	-22,278.000000
6.037450	0.640	-28,138.000000
6.048117	0.640	-27,556.000000
6.058783	0.640	-21,076.000000
6.069450	0.640	-14,048.000000
6.080117	0.640	-10,267.000000
6.090783	0.640	-11,886.000000
6.101450	0.640	-19,357.000000
6.112117	0.640	-26,987.000000
6.122783	0.640	-28,178.000000
6.133450	0.640	-23,685.000000
6.144117	0.640	-18,891.000000
6.154783	0.640	-17,539.000000
6.165450	0.640	-18,205.000000
6.176117	0.640	-18,328.000000
6.186783	0.640	-20,088.000000
6.197450	0.640	-23,436.000000
6.208117	0.640	-23,656.000000
6.218783	0.640	-21,521.000000
6.229450	0.640	-21,712.000000
6.240117	0.640	-23,723.000000
6.250783	0.640	-23,683.000000
6.261450	0.640	-21,088.000000
6.272117	0.640	-17,985.000000
6.282783	0.640	-15,343.000000
6.293450	0.640	-14,730.000000
6.304117	0.640	-18,060.000000
6.314783	0.640	-23,083.000000
6.325450	0.640	-24,578.000000
6.336117	0.640	-21,363.000000
6.346783	0.640	-16,752.000000
6.357450	0.640	-13,679.000000
6.368117	0.640	-13,284.000000
6.378783	0.640	-13,986.000000
6.389450	0.640	-14,364.000000
6.400117	0.640	-15,824.000000
6.410783	0.640	-17,681.000000
6.421450	0.640	-17,642.000000
6.432117	0.640	-16,334.000000
6.442783	0.640	-16,032.000000
6.453450	0.640	-16,687.000000
6.464117	0.640	-15,493.000000
6.474783	0.640	-14,148.000000
6.485450	0.640	-17,822.000000
6.496117	0.640	-22,956.000000
6.506783	0.640	-22,617.000000
6.517450	0.640	-18,954.000000
6.528117	0.640	-16,208.000000
6.538783	0.640	-14,250.000000
6.549450	0.640	-11,841.000000
6.560117	0.640	-8,674.000000
6.570783	0.640	-7,421.000000
6.581450	0.640	-9,596.000000
6.592117	0.640	-12,723.000000
6.602783	0.640	-16,866.000000
6.613450	0.640	-22,248.000000
6.624117	0.640	-24,126.000000
6.634783	0.640	-20,408.000000
6.645450	0.640	-16,319.000000
6.656117	0.640	-16,113.000000
6.666783	0.640	-16,504.000000
6.677450	0.640	-13,910.000000
6.688117	0.640	-11,437.000000
6.698783	0.640	-13,536.000000
6.709450	0.640	-19,428.000000
6.720117	0.640	-23,334.000000
6.730783	0.640	-20,892.000000
6.741450	0.640	-14,922.000000
6.752117	0.640	-12,212.000000
6.762783	0.640	-15,419.000000
6.773450	0.640	-19,971.000000
6.784117	0.640	-19,810.000000
6.794783	0.640	-16,072.000000
6.805450	0.640	-15,642.000000
6.816117	0.640	-19,676.000000
6.826783	0.640	-21,039.000000
6.837450	0.640	-16,645.000000
6.848117	0.640	-13,716.000000
6.858783	0.640	-17,041.000000
6.869450	0.640	-21,025.000000
6.880117	0.640	-21,195.000000
6.890783	0.640	-19,118.000000
6.901450	0.640	-16,668.000000
6.912117	0.640	-15,341.000000
6.922783	0.640	-14,425.000000
6.933450	0.640	-13,563.000000
6.944117	0.640	-16,615.000000
6.954783	0.640	-23,508.000000
6.965450	0.640	-28,793.000000
6.976117	0.640	-30,013.000000
6.986783	0.640	-28,637.000000
6.997450	0.640	-25,539.000000
7.008117	0.640	-20,409.000000
7.018783	0.640	-16,109.000000
7.029450	0.640	-16,831.000000
7.040117	0.640	-20,510.000000
7.050783	0.640	-20,708.000000
7.061450	0.640	-16,748.000000
7.072117	0.640	-13,702.000000
7.082783	0.640	-12,257.000000
7.093450	0.640	-10,508.000000
7.104117	0.640	-10,474.000000
7.114783	0.640	-12,633.000000
7.125450	0.640	-13,529.000000
7.136117	0.640	-12,565.000000
7.146783	0.640	-12,281.000000
7.157450	0.640	-11,633.000000
7.168117	0.640	-9,098.000000
7.178783	0.640	-8,751.000000
7.189450	0.640	-12,651.000000
7.200117	0.640	-16,184.000000
7.210783	0.640	-16,298.000000
7.221450	0.640	-15,523.000000
7.232117	0.640	-17,039.000000
7.242783	0.640	-18,492.000000
7.253450	0.640	-15,386.000000
7.264117	0.640	-12,246.000000
7.274783	0.640	-17,372.000000
7.285450	0.640	-26,521.000000
7.296117	0.640	-27,844.000000
7.306783	0.640	-21,121.000000
7.317450	0.640	-15,979.000000
7.328117	0.640	-14,214.000000
7.338783	0.640	-13,731.000000
7.349450	0.640	-17,254.000000
7.360117	0.640	-21,052.000000
7.370783	0.640	-19,718.000000
7.381450	0.640	-18,438.000000
7.392117	0.640	-19,535.000000
7.402783	0.640	-17,143.000000
7.413450	0.640	-11,940.000000
7.424117	0.640	-11,926.000000
7.434783	0.640	-17,419.000000
7.445450	0.640	-20,448.000000
7.456117	0.640	-19,994.000000
7.466783	0.640	-20,282.000000
7.477450	0.640	-20,698.000000
7.488117	0.640	-20,302.000000
7.498783	0.640	-20,333.000000
7.509450	0.640	-21,839.000000
7.520117	0.640	-23,982.000000
7.530783	0.640	-21,945.000000
7.541450	0.640	-14,533.000000
7.552117	0.640	-8,776.000000
7.562833	0.643	-9,598.000000
7.573450	0.637	-13,856.000000
7.584117	0.640	-16,397.000000
7.594783	0.640	-17,051.000000
7.605450	0.640	-18,819.000000
7.616117	0.640	-20,160.000000
7.626783	0.640	-17,783.000000
7.637450	0.640	-15,263.000000
7.648117	0.640	-17,014.000000
7.658783	0.640	-20,778.000000
7.669450	0.640	-22,688.000000
7.680117	0.640	-20,111.000000
7.690783	0.640	-13,672.000000
7.701450	0.640	-9,149.000000
7.712117	0.640	-10,032.000000
7.722783	0.640	-13,788.000000
7.733450	0.640	-17,630.000000
7.744117	0.640	-21,175.000000
7.754783	0.640	-22,862.000000
7.765450	0.640	-19,678.000000
7.776117	0.640	-13,755.000000
7.786783	0.640	-11,533.000000
7.797450	0.640	-13,029.000000
7.808117	0.640	-13,432.000000
7.818783	0.640	-13,396.000000
7.829450	0.640	-16,162.000000
7.840117	0.640	-20,279.000000
7.850783	0.640	-22,529.000000
7.861450	0.640	-23,569.000000
7.872117	0.640	-23,382.000000
7.882783	0.640	-18,841.000000
7.893450	0.640	-12,712.000000
7.904117	0.640	-10,190.000000
7.914783	0.640	-9,940.000000
7.925450	0.640	-9,735.000000
7.936117	0.640	-9,056.000000
7.946783	0.640	-7,163.000000
7.957450	0.640	-5,674.000000
7.968117	0.640	-8,194.000000
7.978783	0.640	-16,299.000000
7.989450	0.640	-24,144.000000
8.000117	0.640	-22,969.000000
8.010783	0.640	-16,633.000000
8.021450	0.640	-17,289.000000
8.032117	0.640	-24,505.000000
8.042783	0.640	-27,640.000000
8.053450	0.640	-24,371.000000
8.064117	0.640	-20,498.000000
8.074783	0.640	-19,415.000000
8.085450	0.640	-22,132.000000
8.096117	0.640	-26,428.000000
8.106783	0.640	-26,724.000000
8.117450	0.640	-23,926.000000
8.128117	0.640	-24,186.000000
8.138783	0.640	-27,025.000000
8.149450	0.640	-26,607.000000
8.160117	0.640	-23,304.000000
8.170783	0.640	-23,885.000000
8.181450	0.640	-26,902.000000
8.192117	0.640	-23,300.000000
8.202783	0.640	-14,513.000000
8.213450	0.640	-10,854.000000
8.224117	0.640	-14,707.000000
8.234783	0.640	-19,758.000000
8.245450	0.640	-21,600.000000
8.256117	0.640	-21,076.000000
8.266783	0.640	-21,094.000000
8.277450	0.640	-23,065.000000
8.288117	0.640	-24,761.000000
8.298783	0.640	-24,086.000000
8.309450	0.640	-23,251.000000
8.320117	0.640	-23,775.000000
8.330783	0.640	-23,846.000000
8.341450	0.640	-23,124.000000
8.352117	0.640	-22,930.000000
8.362783	0.640	-24,711.000000
8.373450	0.640	-28,488.000000
8.384117	0.640	-28,927.000000
8.394783	0.640	-21,863.000000
8.405450	0.640	-14,677.000000
8.416117	0.640	-16,690.000000
8.426783	0.640	-23,820.000000
8.437450	0.640	-25,877.000000
8.448117	0.640	-21,518.000000
8.458783	0.640	-17,020.000000
8.469450	0.640	-15,075.000000
8.480117	0.640	-12,567.000000
8.490783	0.640	-11,131.000000
8.501450	0.640	-16,306.000000
8.512117	0.640	-24,253.000000
8.522783	0.640	-25,534.000000
8.533450	0.640	-20,303.000000
8.544117	0.640	-17,653.000000
8.554783	0.640	-20,631.000000
8.565450	0.640	-23,633.000000
8.576117	0.640	-23,925.000000
8.586783	0.640	-22,761.000000
8.597450	0.640	-20,338.000000
8.608117	0.640	-17,573.000000
8.618783	0.640	-17,563.000000
8.629450	0.640	-20,889.000000
8.640117	0.640	-21,876.000000
8.650783	0.640	-17,566.000000
8.661450	0.640	-13,714.000000
8.672117	0.640	-13,422.000000
8.682783	0.640	-14,440.000000
8.693450	0.640	-16,347.000000
8.704117	0.640	-16,774.000000
8.714783	0.640	-11,135.000000
8.725450	0.640	-2,131.000000
8.736117	0.640	1,788.000000
8.746783	0.640	-917.000000
8.757450	0.640	-3,617.000000
8.768117	0.640	-3,408.000000
8.778783	0.640	-4,264.000000
8.789450	0.640	-8,581.000000
8.800117	0.640	-14,438.000000
8.810783	0.640	-20,129.000000
8.821450	0.640	-25,060.000000
8.832117	0.640	-28,208.000000
8.842783	0.640	-29,217.000000
8.853450	0.640	-27,979.000000
8.864117	0.640	-24,659.000000
8.874783	0.640	-22,059.000000
8.885450	0.640	-20,842.000000
8.896117	0.640	-17,865.000000
8.906783	0.640	-14,692.000000
8.917450	0.640	-15,525.000000
8.928117	0.640	-18,990.000000
8.938783	0.640	-20,679.000000
8.949450	0.640	-19,464.000000
8.960117	0.640	-18,359.000000
8.970783	0.640	-18,692.000000
8.981450	0.640	-17,882.000000
8.992117	0.640	-15,113.000000
9.002783	0.640	-12,518.000000
9.013450	0.640	-11,735.000000
9.024117	0.640	-13,808.000000
9.034783	0.640	-18,373.000000
9.045450	0.640	-21,160.000000
9.056117	0.640	-18,774.000000
9.066783	0.640	-15,213.000000
9.077450	0.640	-15,592.000000
9.088117	0.640	-18,201.000000
9.098783	0.640	-19,975.000000
9.109450	0.640	-22,338.000000
9.120117	0.640	-25,997.000000
9.130783	0.640	-26,870.000000
9.141450	0.640	-22,917.000000
9.152117	0.640	-19,250.000000
9.162783	0.640	-20,119.000000
9.173450	0.640	-21,820.000000
9.184117	0.640	-19,901.000000
9.194783	0.640	-17,125.000000
9.205450	0.640	-17,970.000000
9.216117	0.640	-19,511.000000
9.226783	0.640	-15,963.000000
9.237450	0.640	-10,125.000000
9.248117	0.640	-8,474.000000
9.258783	0.640	-10,035.000000
9.269450	0.640	-11,050.000000
9.280117	0.640	-11,008.000000
9.290783	0.640	-11,604.000000
9.301450	0.640	-14,177.000000
9.312117	0.640	-15,665.000000
9.322783	0.640	-13,544.000000
9.333450	0.640	-11,138.000000
9.344117	0.640	-10,632.000000
9.354783	0.640	-10,973.000000
9.365450	0.640	-12,667.000000
9.376117	0.640	-15,343.000000
9.386783	0.640	-16,221.000000
9.397450	0.640	-15,595.000000
9.408117	0.640	-14,938.000000
9.418783	0.640	-12,523.000000
9.429450	0.640	-8,731.000000
9.440117	0.640	-7,456.000000
9.450783	0.640	-9,599.000000
9.461450	0.640	-11,165.000000
9.472117	0.640	-9,656.000000
9.482783	0.640	-7,299.000000
9.493450	0.640	-5,495.000000
9.504117	0.640	-4,550.000000
9.514783	0.640	-4,853.000000
9.525450	0.640	-4,966.000000
9.536117	0.640	-5,227.000000
9.546783	0.640	-5,554.000000
9.557450	0.640	-2,142.000000
9.568117	0.640	4,979.000000
9.578783	0.640	10,192.000000
9.589450	0.640	10,360.000000
9.600117	0.640	8,233.000000
9.610783	0.640	5,722.000000
9.621450	0.640	460.000000
9.632117	0.640	-5,305.000000
9.642783	0.640	-4,836.000000
9.653450	0.640	1,366.000000
9.664117	0.640	6,530.000000
9.674783	0.640	9,203.000000
9.685450	0.640	14,551.000000
9.696117	0.640	22,366.000000
9.706783	0.640	25,049.000000
9.717450	0.640	19,964.000000
9.728117	0.640	12,143.000000
9.738783	0.640	6,916.000000
9.749450	0.640	5,400.000000
9.760117	0.640	4,998.000000
9.770783	0.640	4,417.000000
9.781450	0.640	4,771.000000
9.792117	0.640	6,119.000000
9.802783	0.640	8,426.000000
9.813450	0.640	10,760.000000
9.824117	0.640	9,493.000000
9.834783	0.640	5,353.000000
9.845450	0.640	4,510.000000
9.856117	0.640	6,359.000000
9.866783	0.640	5,360.000000
9.877450	0.640	4,944.000000
9.888117	0.640	10,277.000000
9.898783	0.640	15,864.000000
9.909450	0.640	15,090.000000
9.920117	0.640	9,947.000000
9.930783	0.640	6,129.000000
9.941450	0.640	7,145.000000
9.952117	0.640	13,646.000000
9.962783	0.640	22,534.000000
9.973450	0.640	27,162.000000
9.984117	0.640	24,630.000000
9.994783	0.640	18,742.000000
10.005450	0.640	13,124.000000
10.016117	0.640	10,477.000000
10.026783	0.640	14,157.000000
10.037450	0.640	23,159.000000
10.048117	0.640	31,517.000000
10.058783	0.640	33,945.000000
10.069450	0.640	31,107.000000
10.080117	0.640	28,074.000000
10.090783	0.640	27,444.000000
10.101450	0.640	28,045.000000
10.112117	0.640	27,880.000000
10.122783	0.640	25,698.000000
10.133450	0.640	21,743.000000
10.144117	0.640	19,545.000000
10.154783	0.640	23,964.000000
10.165450	0.640	32,424.000000
10.176117	0.640	35,990.000000
10.186783	0.640	32,941.000000
10.197450	0.640	29,900.000000
10.208117	0.640	30,531.000000
10.218783	0.640	33,581.000000
10.229450	0.640	37,059.000000
10.240117	0.640	38,704.000000
10.250783	0.640	38,233.000000
10.261450	0.640	38,416.000000
10.272117	0.640	40,143.000000
10.282783	0.640	41,263.000000
10.293450	0.640	40,187.000000
10.304117	0.640	37,673.000000
10.314783	0.640	37,135.000000
10.325450	0.640	40,532.000000
10.336117	0.640	44,535.000000
10.346783	0.640	45,711.000000
10.357450	0.640	45,588.000000
10.368117	0.640	46,840.000000
10.378783	0.640	48,973.000000
10.389450	0.640	50,527.000000
10.400117	0.640	52,575.000000
10.410783	0.640	56,500.000000
10.421450	0.640	60,320.000000
10.432117	0.640	61,952.000000
10.442783	0.640	61,854.000000
10.453450	0.640	60,413.000000
10.464117	0.640	58,534.000000
10.474783	0.640	58,206.000000
10.485450	0.640	59,120.000000
10.496117	0.640	58,715.000000
10.506783	0.640	57,534.000000
10.517450	0.640	59,475.000000
10.528117	0.640	64,516.000000
10.538783	0.640	68,449.000000
10.549450	0.640	70,224.000000
10.560117	0.640	72,431.000000
10.570783	0.640	74,464.000000
10.581450	0.640	73,126.000000
10.592117	0.640	71,049.000000
10.602783	0.640	73,084.000000
10.613450	0.640	78,161.000000
10.624117	0.640	82,879.000000
10.634783	0.640	84,058.000000
10.645450	0.640	82,025.000000
10.656117	0.640	82,512.000000
10.666783	0.640	85,490.000000
10.677450	0.640	86,110.000000
10.688117	0.640	85,794.000000
10.698783	0.640	87,250.000000
10.709450	0.640	89,351.000000
10.720117	0.640	90,389.000000
10.730783	0.640	91,210.000000
10.741450	0.640	93,973.000000
10.752117	0.640	96,029.000000
10.762783	0.640	93,794.000000
10.773450	0.640	90,515.000000
10.784117	0.640	90,465.000000
10.794783	0.640	92,297.000000
10.805450	0.640	94,123.000000
10.816117	0.640	98,080.000000
10.826783	0.640	104,003.000000
10.837450	0.640	107,960.000000
10.848117	0.640	109,771.000000
10.858783	0.640	111,010.000000
10.869450	0.640	111,341.000000
10.880117	0.640	112,223.000000
10.890783	0.640	114,705.000000
10.901450	0.640	116,630.000000
10.912117	0.640	117,952.000000
10.922783	0.640	120,568.000000
10.933450	0.640	122,843.000000
10.944117	0.640	122,827.000000
10.954783	0.640	122,080.000000
10.965450	0.640	122,378.000000
10.976117	0.640	124,623.000000
10.986783	0.640	128,936.000000
10.997450	0.640	132,698.000000
11.008117	0.640	133,177.000000
11.018783	0.640	132,584.000000
11.029450	0.640	136,287.000000
11.040117	0.640	145,498.000000
11.050783	0.640	155,728.000000
11.061500	0.643	161,712.000000
11.072117	0.637	162,285.000000
11.082783	0.640	163,119.000000
11.093450	0.640	168,533.000000
11.104117	0.640	172,101.000000
11.114833	0.643	167,860.000000
11.125450	0.637	161,008.000000
11.136117	0.640	157,251.000000
11.146783	0.640	155,355.000000
11.157450	0.640	154,426.000000
11.168117	0.640	156,106.000000
11.178783	0.640	158,599.000000
11.189450	0.640	158,697.000000
11.200117	0.640	159,077.000000
11.210783	0.640	164,067.000000
11.221450	0.640	171,283.000000
11.232117	0.640	175,638.000000
11.242783	0.640	176,107.000000
11.253450	0.640	174,934.000000
11.264117	0.640	175,985.000000
11.274783	0.640	180,757.000000
11.285450	0.640	185,064.000000
11.296117	0.640	186,880.000000
11.306783	0.640	191,153.000000
11.317450	0.640	200,109.000000
11.328117	0.640	207,327.000000
11.338783	0.640	207,543.000000
11.349450	0.640	204,181.000000
11.360117	0.640	202,413.000000
11.370783	0.640	202,928.000000
11.381450	0.640	203,861.000000
11.392117	0.640	203,429.000000
11.402783	0.640	201,798.000000
11.413450	0.640	202,006.000000
11.424117	0.640	205,877.000000
11.434783	0.640	210,179.000000
11.445450	0.640	211,265.000000
11.456117	0.640	210,521.000000
11.466783	0.640	211,977.000000
11.477450	0.640	216,671.000000
11.488117	0.640	222,182.000000
11.498783	0.640	225,233.000000
11.509450	0.640	224,140.000000
11.520167	0.643	222,930.000000
11.530783	0.637	225,862.000000
11.541450	0.640	228,888.000000
11.552117	0.640	229,763.000000
11.562783	0.640	233,603.000000
11.573450	0.640	239,126.000000
11.584117	0.640	240,283.000000
11.594783	0.640	239,519.000000
11.605450	0.640	241,245.000000
11.616117	0.640	245,223.000000
11.626783	0.640	253,067.000000
11.637450	0.640	263,626.000000
11.648117	0.640	267,626.000000
11.658783	0.640	261,024.000000
11.669450	0.640	254,323.000000
11.680117	0.640	257,157.000000
11.690783	0.640	263,543.000000
11.701450	0.640	266,687.000000
11.712117	0.640	270,039.000000
11.722783	0.640	273,161.000000
11.733450	0.640	270,931.000000
11.744117	0.640	266,334.000000
11.754783	0.640	267,682.000000
11.765450	0.640	277,134.000000
11.776117	0.640	287,443.000000
11.786783	0.640	290,608.000000
11.797450	0.640	287,324.000000
11.808117	0.640	283,947.000000
11.818783	0.640	284,298.000000
11.829450	0.640	287,781.000000
11.840117	0.640	292,907.000000
11.850783	0.640	299,965.000000
11.861450	0.640	306,496.000000
11.872117	0.640	306,818.000000
11.882783	0.640	302,244.000000
11.893450	0.640	301,323.000000
11.904117	0.640	308,245.000000
11.914783	0.640	317,651.000000
11.925450	0.640	321,307.000000
11.936117	0.640	319,666.000000
11.946783	0.640	319,679.000000
11.957450	0.640	323,521.000000
11.968117	0.640	329,856.000000
11.978783	0.640	336,797.000000
11.989450	0.640	341,777.000000
12.000117	0.640	345,319.000000
12.010783	0.640	348,393.000000
12.021450	0.640	348,618.000000
12.032117	0.640	345,040.000000
12.042783	0.640	342,026.000000
12.053450	0.640	343,485.000000
12.064117	0.640	347,017.000000
12.074783	0.640	349,496.000000
12.085450	0.640	350,843.000000
12.096117	0.640	350,549.000000
12.106783	0.640	350,356.000000
12.117450	0.640	353,398.000000
12.128117	0.640	356,520.000000
12.138783	0.640	357,220.000000
12.149450	0.640	360,189.000000
12.160117	0.640	365,375.000000
12.170783	0.640	367,066.000000
12.181450	0.640	366,440.000000
12.192117	0.640	367,964.000000
12.202783	0.640	370,323.000000
12.213450	0.640	371,250.000000
12.224117	0.640	372,053.000000
12.234783	0.640	374,383.000000
12.245450	0.640	379,211.000000
12.256117	0.640	384,037.000000
12.266783	0.640	383,546.000000
12.277450	0.640	381,619.000000
12.288117	0.640	386,017.000000
12.298783	0.640	391,099.000000
12.309450	0.640	388,950.000000
12.320117	0.640	385,469.000000
12.330783	0.640	388,865.000000
12.341450	0.640	394,832.000000
12.352117	0.640	394,785.000000
12.362783	0.640	391,978.000000
12.373450	0.640	393,979.000000
12.384117	0.640	398,551.000000
12.394783	0.640	401,174.000000
12.405450	0.640	403,835.000000
12.416117	0.640	409,160.000000
12.426783	0.640	413,647.000000
12.437450	0.640	413,265.000000
12.448117	0.640	410,132.000000
12.458783	0.640	407,947.000000
12.469450	0.640	408,695.000000
12.480117	0.640	412,083.000000
12.490783	0.640	415,277.000000
12.501450	0.640	417,464.000000
12.512117	0.640	418,373.000000
12.522783	0.640	416,349.000000
12.533450	0.640	415,174.000000
12.544117	0.640	419,311.000000
12.554783	0.640	425,122.000000
12.565450	0.640	429,263.000000
12.576117	0.640	432,749.000000
12.586783	0.640	434,690.000000
12.597450	0.640	434,471.000000
12.608117	0.640	435,159.000000
12.618783	0.640	438,345.000000
12.629450	0.640	441,135.000000
12.640117	0.640	441,447.000000
12.650783	0.640	440,759.000000
12.661450	0.640	440,330.000000
12.672117	0.640	440,047.000000
12.682783	0.640	441,317.000000
12.693450	0.640	446,264.000000
12.704117	0.640	452,613.000000
12.714783	0.640	453,907.000000
12.725450	0.640	448,731.000000
12.736117	0.640	444,473.000000
12.746783	0.640	446,447.000000
12.757450	0.640	449,414.000000
12.768117	0.640	447,015.000000
12.778783	0.640	442,402.000000
12.789450	0.640	439,656.000000
12.800117	0.640	437,093.000000
12.810783	0.640	435,635.000000
12.821450	0.640	438,136.000000
12.832117	0.640	442,886.000000
12.842783	0.640	447,384.000000
12.853450	0.640	451,243.000000
12.864117	0.640	453,486.000000
12.874783	0.640	452,026.000000
12.885450	0.640	446,617.000000
12.896117	0.640	441,999.000000
12.906783	0.640	443,730.000000
12.917450	0.640	449,630.000000
12.928117	0.640	451,822.000000
12.938783	0.640	447,581.000000
12.949450	0.640	442,489.000000
12.960117	0.640	442,673.000000
12.970783	0.640	447,946.000000
12.981450	0.640	452,270.000000
12.992117	0.640	451,181.000000
13.002783	0.640	448,193.000000
13.013450	0.640	448,912.000000
13.024117	0.640	451,775.000000
13.034783	0.640	451,070.000000
13.045450	0.640	447,807.000000
13.056117	0.640	448,350.000000
13.066783	0.640	451,628.000000
13.077450	0.640	451,283.000000
13.088117	0.640	448,284.000000
13.098783	0.640	447,647.000000
13.109450	0.640	449,233.000000
13.120117	0.640	450,085.000000
13.130783	0.640	448,566.000000
13.141450	0.640	445,681.000000
13.152117	0.640	444,132.000000
13.162783	0.640	443,443.000000
13.173450	0.640	440,764.000000
13.184117	0.640	437,329.000000
13.194783	0.640	436,206.000000
13.205450	0.640	436,672.000000
13.216117	0.640	437,125.000000
13.226783	0.640	436,109.000000
13.237450	0.640	431,933.000000
13.248117	0.640	427,749.000000
13.258783	0.640	427,499.000000
13.269450	0.640	428,675.000000
13.280117	0.640	429,030.000000
13.290783	0.640	431,436.000000
13.301450	0.640	436,522.000000
13.312117	0.640	438,611.000000
13.322783	0.640	432,685.000000
13.333450	0.640	422,055.000000
13.344117	0.640	415,691.000000
13.354783	0.640	417,419.000000
13.365450	0.640	421,561.000000
13.376117	0.640	422,784.000000
13.386783	0.640	424,040.000000
13.397450	0.640	428,368.000000
13.408117	0.640	430,808.000000
13.418783	0.640	428,346.000000
13.429450	0.640	426,689.000000
13.440117	0.640	428,100.000000
13.450783	0.640	427,064.000000
13.461450	0.640	421,255.000000
13.472117	0.640	415,379.000000
13.482783	0.640	413,463.000000
13.493450	0.640	413,877.000000
13.504117	0.640	413,329.000000
13.514783	0.640	411,946.000000
13.525450	0.640	412,514.000000
13.536117	0.640	415,870.000000
13.546783	0.640	418,952.000000
13.557450	0.640	417,736.000000
13.568117	0.640	413,342.000000
13.578783	0.640	413,705.000000
13.589450	0.640	423,291.000000
13.600117	0.640	436,784.000000
13.610783	0.640	449,224.000000
13.621450	0.640	462,303.000000
13.632117	0.640	479,335.000000
13.642783	0.640	503,755.000000
13.653450	0.640	538,554.000000
13.664117	0.640	582,604.000000
13.674783	0.640	635,605.000000
13.685450	0.640	703,450.000000
13.696117	0.640	790,167.000000
13.706783	0.640	889,777.000000
13.717450	0.640	987,864.000000
13.728117	0.640	1,074,113.000000
13.738783	0.640	1,148,716.000000
13.749450	0.640	1,206,831.000000
13.760117	0.640	1,236,298.000000
13.770783	0.640	1,233,929.000000
13.781450	0.640	1,202,927.000000
13.792117	0.640	1,141,859.000000
13.802783	0.640	1,050,486.000000
13.813450	0.640	941,751.000000
13.824117	0.640	834,366.000000
13.834783	0.640	736,727.000000
13.845450	0.640	651,372.000000
13.856117	0.640	580,693.000000
13.866783	0.640	522,941.000000
13.877450	0.640	475,913.000000
13.888117	0.640	440,582.000000
13.898783	0.640	419,399.000000
13.909450	0.640	410,376.000000
13.920117	0.640	404,490.000000
13.930783	0.640	395,383.000000
13.941450	0.640	384,156.000000
13.952117	0.640	375,480.000000
13.962783	0.640	373,390.000000
13.973450	0.640	374,724.000000
13.984117	0.640	372,220.000000
13.994783	0.640	364,938.000000
14.005450	0.640	356,453.000000
14.016117	0.640	349,534.000000
14.026783	0.640	346,798.000000
14.037450	0.640	348,083.000000
14.048117	0.640	349,127.000000
14.058783	0.640	347,080.000000
14.069450	0.640	343,404.000000
14.080117	0.640	341,173.000000
14.090783	0.640	341,204.000000
14.101450	0.640	341,931.000000
14.112117	0.640	342,360.000000
14.122783	0.640	340,628.000000
14.133450	0.640	335,056.000000
14.144117	0.640	329,498.000000
14.154783	0.640	326,971.000000
14.165450	0.640	325,270.000000
14.176117	0.640	324,450.000000
14.186783	0.640	325,034.000000
14.197450	0.640	324,543.000000
14.208117	0.640	322,117.000000
14.218783	0.640	319,320.000000
14.229450	0.640	317,702.000000
14.240117	0.640	317,110.000000
14.250783	0.640	317,305.000000
14.261450	0.640	319,194.000000
14.272117	0.640	319,028.000000
14.282783	0.640	311,848.000000
14.293450	0.640	304,413.000000
14.304117	0.640	304,959.000000
14.314783	0.640	307,209.000000
14.325450	0.640	304,420.000000
14.336117	0.640	302,075.000000
14.346783	0.640	304,110.000000
14.357450	0.640	304,811.000000
14.368117	0.640	300,882.000000
14.378783	0.640	296,156.000000
14.389450	0.640	293,768.000000
14.400117	0.640	293,416.000000
14.410783	0.640	293,668.000000
14.421450	0.640	292,400.000000
14.432117	0.640	287,375.000000
14.442783	0.640	280,124.000000
14.453450	0.640	274,917.000000
14.464117	0.640	273,564.000000
14.474783	0.640	274,662.000000
14.485450	0.640	274,910.000000
14.496117	0.640	272,771.000000
14.506783	0.640	270,032.000000
14.517450	0.640	267,577.000000
14.528117	0.640	264,198.000000
14.538783	0.640	260,421.000000
14.549450	0.640	258,973.000000
14.560117	0.640	259,651.000000
14.570783	0.640	258,689.000000
14.581450	0.640	252,528.000000
14.592117	0.640	241,549.000000
14.602783	0.640	233,656.000000
14.613450	0.640	234,977.000000
14.624117	0.640	238,156.000000
14.634783	0.640	235,404.000000
14.645450	0.640	232,501.000000
14.656117	0.640	234,632.000000
14.666783	0.640	235,278.000000
14.677450	0.640	230,020.000000
14.688117	0.640	224,090.000000
14.698783	0.640	221,698.000000
14.709450	0.640	221,789.000000
14.720117	0.640	222,541.000000
14.730783	0.640	222,556.000000
14.741450	0.640	220,679.000000
14.752117	0.640	216,279.000000
14.762783	0.640	210,719.000000
14.773450	0.640	205,912.000000
14.784117	0.640	200,609.000000
14.794783	0.640	194,415.000000
14.805450	0.640	190,719.000000
14.816117	0.640	190,993.000000
14.826783	0.640	192,818.000000
14.837450	0.640	192,497.000000
14.848117	0.640	187,052.000000
14.858783	0.640	178,083.000000
14.869450	0.640	172,230.000000
14.880117	0.640	174,197.000000
14.890783	0.640	179,726.000000
14.901450	0.640	179,158.000000
14.912117	0.640	170,546.000000
14.922783	0.640	162,945.000000
14.933450	0.640	162,311.000000
14.944117	0.640	163,429.000000
14.954783	0.640	160,566.000000
14.965450	0.640	155,728.000000
14.976117	0.640	152,485.000000
14.986783	0.640	148,643.000000
14.997450	0.640	141,330.000000
15.008117	0.640	136,079.000000
15.018783	0.640	138,825.000000
15.029450	0.640	142,751.000000
15.040117	0.640	138,598.000000
15.050783	0.640	131,226.000000
15.061450	0.640	128,593.000000
15.072117	0.640	127,108.000000
15.082783	0.640	123,318.000000
15.093450	0.640	119,478.000000
15.104117	0.640	114,817.000000
15.114783	0.640	110,862.000000
15.125450	0.640	111,949.000000
15.136117	0.640	113,440.000000
15.146783	0.640	108,973.000000
15.157450	0.640	103,230.000000
15.168117	0.640	102,763.000000
15.178783	0.640	104,199.000000
15.189450	0.640	99,994.000000
15.200117	0.640	90,617.000000
15.210783	0.640	82,993.000000
15.221450	0.640	79,450.000000
15.232117	0.640	79,163.000000
15.242783	0.640	82,485.000000
15.253450	0.640	84,958.000000
15.264117	0.640	81,821.000000
15.274783	0.640	76,518.000000
15.285450	0.640	71,515.000000
15.296117	0.640	66,890.000000
15.306783	0.640	68,183.000000
15.317450	0.640	74,951.000000
15.328117	0.640	77,844.000000
15.338783	0.640	76,494.000000
15.349450	0.640	77,807.000000
15.360117	0.640	80,920.000000
15.370783	0.640	81,481.000000
15.381450	0.640	81,299.000000
15.392117	0.640	82,174.000000
15.402783	0.640	81,344.000000
15.413450	0.640	80,934.000000
15.424117	0.640	85,811.000000
15.434783	0.640	90,454.000000
15.445450	0.640	88,755.000000
15.456117	0.640	86,110.000000
15.466783	0.640	84,771.000000
15.477450	0.640	79,797.000000
15.488117	0.640	72,251.000000
15.498783	0.640	64,173.000000
15.509450	0.640	54,133.000000
15.520117	0.640	45,687.000000
15.530783	0.640	42,110.000000
15.541450	0.640	38,834.000000
15.552117	0.640	32,078.000000
15.562783	0.640	24,948.000000
15.573450	0.640	20,167.000000
15.584117	0.640	17,533.000000
15.594783	0.640	18,750.000000
15.605450	0.640	25,041.000000
15.616117	0.640	35,147.000000
15.626783	0.640	48,352.000000
15.637450	0.640	64,443.000000
15.648117	0.640	83,302.000000
15.658783	0.640	105,425.000000
15.669450	0.640	131,597.000000
15.680117	0.640	161,564.000000
15.690783	0.640	191,128.000000
15.701450	0.640	214,481.000000
15.712117	0.640	229,490.000000
15.722783	0.640	234,932.000000
15.733450	0.640	228,863.000000
15.744117	0.640	212,224.000000
15.754783	0.640	186,831.000000
15.765450	0.640	154,203.000000
15.776117	0.640	119,819.000000
15.786783	0.640	91,347.000000
15.797450	0.640	70,270.000000
15.808117	0.640	52,993.000000
15.818783	0.640	38,929.000000
15.829450	0.640	26,797.000000
15.840117	0.640	13,942.000000
15.850783	0.640	6,305.000000
15.861450	0.640	10,403.000000
15.872117	0.640	19,923.000000
15.882783	0.640	25,391.000000
15.893450	0.640	25,422.000000
15.904117	0.640	23,536.000000
15.914783	0.640	21,621.000000
15.925450	0.640	18,377.000000
15.936117	0.640	15,616.000000
15.946783	0.640	16,789.000000
15.957450	0.640	16,152.000000
15.968117	0.640	7,601.000000
15.978783	0.640	-824.000000
15.989450	0.640	-312.000000
16.000117	0.640	4,290.000000
16.010783	0.640	6,172.000000
16.021450	0.640	7,529.000000
16.032117	0.640	8,621.000000
16.042783	0.640	4,113.000000
16.053450	0.640	-1,880.000000
16.064117	0.640	-1,204.000000
16.074783	0.640	4,131.000000
16.085450	0.640	8,778.000000
16.096117	0.640	9,812.000000
16.106783	0.640	7,993.000000
16.117450	0.640	7,195.000000
16.128117	0.640	6,831.000000
16.138783	0.640	4,737.000000
16.149450	0.640	3,755.000000
16.160117	0.640	4,767.000000
16.170783	0.640	4,746.000000
16.181450	0.640	4,454.000000
16.192117	0.640	6,146.000000
16.202783	0.640	9,177.000000
16.213450	0.640	12,570.000000
16.224117	0.640	14,450.000000
16.234833	0.643	11,503.000000
16.245450	0.637	3,879.000000
16.256117	0.640	-1,900.000000
16.266783	0.640	-198.000000
16.277450	0.640	5,035.000000
16.288117	0.640	6,952.000000
16.298783	0.640	7,255.000000
16.309450	0.640	11,316.000000
16.320117	0.640	15,506.000000
16.330783	0.640	11,991.000000
16.341450	0.640	4,625.000000
16.352117	0.640	2,509.000000
16.362783	0.640	3,444.000000
16.373450	0.640	1,839.000000
16.384117	0.640	-423.000000
16.394783	0.640	-305.000000
16.405450	0.640	2,259.000000
16.416117	0.640	5,675.000000
16.426783	0.640	7,232.000000
16.437450	0.640	5,177.000000
16.448117	0.640	1,494.000000
16.458783	0.640	999.000000
16.469450	0.640	4,934.000000
16.480117	0.640	8,380.000000
16.490783	0.640	7,897.000000
16.501450	0.640	5,751.000000
16.512117	0.640	3,783.000000
16.522783	0.640	2,067.000000
16.533450	0.640	1,186.000000
16.544117	0.640	1,763.000000
16.554783	0.640	4,800.000000
16.565450	0.640	8,668.000000
16.576117	0.640	9,274.000000
16.586783	0.640	5,507.000000
16.597450	0.640	1,679.000000
16.608117	0.640	4,110.000000
16.618783	0.640	10,567.000000
16.629450	0.640	11,474.000000
16.640117	0.640	6,053.000000
16.650783	0.640	2,369.000000
16.661450	0.640	3,542.000000
16.672117	0.640	4,819.000000
16.682783	0.640	2,443.000000
16.693450	0.640	422.000000
16.704117	0.640	3,209.000000
16.714783	0.640	7,968.000000
16.725450	0.640	11,179.000000
16.736117	0.640	12,914.000000
16.746783	0.640	11,711.000000
16.757450	0.640	5,704.000000
16.768117	0.640	-1,487.000000
16.778783	0.640	-3,824.000000
16.789450	0.640	-141.000000
16.800117	0.640	4,838.000000
16.810783	0.640	6,710.000000
16.821450	0.640	4,961.000000
16.832117	0.640	692.000000
16.842783	0.640	-2,925.000000
16.853450	0.640	-2,875.000000
16.864117	0.640	199.000000
16.874783	0.640	4,203.000000
16.885450	0.640	7,047.000000
16.896117	0.640	7,893.000000
16.906783	0.640	7,638.000000
16.917450	0.640	6,701.000000
16.928117	0.640	4,998.000000
16.938783	0.640	3,600.000000
16.949450	0.640	5,134.000000
16.960117	0.640	10,551.000000
16.970783	0.640	15,513.000000
16.981450	0.640	15,483.000000
16.992117	0.640	12,871.000000
17.002783	0.640	12,361.000000
17.013450	0.640	13,108.000000
17.024117	0.640	12,667.000000
17.034783	0.640	12,664.000000
17.045450	0.640	13,123.000000
17.056117	0.640	11,994.000000
17.066783	0.640	12,513.000000
17.077450	0.640	16,119.000000
17.088117	0.640	17,856.000000
17.098783	0.640	17,123.000000
17.109450	0.640	17,061.000000
17.120117	0.640	16,805.000000
17.130783	0.640	14,859.000000
17.141450	0.640	13,629.000000
17.152117	0.640	14,911.000000
17.162783	0.640	16,159.000000
17.173450	0.640	17,376.000000
17.184117	0.640	21,469.000000
17.194783	0.640	25,354.000000
17.205450	0.640	24,733.000000
17.216117	0.640	21,930.000000
17.226783	0.640	21,050.000000
17.237450	0.640	23,234.000000
17.248117	0.640	26,348.000000
17.258783	0.640	29,033.000000
17.269450	0.640	33,218.000000
17.280117	0.640	38,433.000000
17.290783	0.640	41,896.000000
17.301450	0.640	42,484.000000
17.312117	0.640	40,109.000000
17.322783	0.640	37,188.000000
17.333450	0.640	37,526.000000
17.344117	0.640	40,309.000000
17.354783	0.640	41,838.000000
17.365450	0.640	42,913.000000
17.376117	0.640	45,927.000000
17.386783	0.640	47,621.000000
17.397450	0.640	43,900.000000
17.408117	0.640	39,292.000000
17.418783	0.640	42,093.000000
17.429450	0.640	49,814.000000
17.440117	0.640	52,204.000000
17.450783	0.640	48,087.000000
17.461450	0.640	45,008.000000
17.472117	0.640	45,333.000000
17.482783	0.640	44,072.000000
17.493450	0.640	38,874.000000
17.504117	0.640	34,317.000000
17.514783	0.640	35,107.000000
17.525450	0.640	39,748.000000
17.536117	0.640	42,966.000000
17.546783	0.640	42,373.000000
17.557450	0.640	40,630.000000
17.568117	0.640	40,640.000000
17.578783	0.640	42,922.000000
17.589450	0.640	47,867.000000
17.600117	0.640	51,673.000000
17.610783	0.640	48,187.000000
17.621450	0.640	41,164.000000
17.632117	0.640	38,173.000000
17.642783	0.640	38,706.000000
17.653450	0.640	40,533.000000
17.664117	0.640	42,898.000000
17.674783	0.640	42,065.000000
17.685450	0.640	38,240.000000
17.696117	0.640	38,529.000000
17.706783	0.640	43,464.000000
17.717450	0.640	46,405.000000
17.728117	0.640	45,270.000000
17.738783	0.640	42,237.000000
17.749450	0.640	40,664.000000
17.760117	0.640	43,936.000000
17.770783	0.640	49,901.000000
17.781450	0.640	52,312.000000
17.792117	0.640	51,055.000000
17.802783	0.640	51,902.000000
17.813450	0.640	55,635.000000
17.824117	0.640	56,226.000000
17.834783	0.640	50,472.000000
17.845450	0.640	43,766.000000
17.856117	0.640	41,685.000000
17.866783	0.640	40,898.000000
17.877450	0.640	36,221.000000
17.888117	0.640	29,970.000000
17.898783	0.640	28,742.000000
17.909450	0.640	33,999.000000
17.920117	0.640	39,081.000000
17.930783	0.640	39,466.000000
17.941450	0.640	37,808.000000
17.952117	0.640	36,703.000000
17.962783	0.640	37,589.000000
17.973450	0.640	41,700.000000
17.984117	0.640	47,151.000000
17.994783	0.640	49,349.000000
18.005450	0.640	46,335.000000
18.016117	0.640	42,497.000000
18.026783	0.640	42,518.000000
18.037450	0.640	46,024.000000
18.048117	0.640	49,648.000000
18.058783	0.640	48,934.000000
18.069450	0.640	42,576.000000
18.080117	0.640	35,117.000000
18.090783	0.640	30,239.000000
18.101450	0.640	25,764.000000
18.112117	0.640	20,062.000000
18.122783	0.640	17,117.000000
18.133450	0.640	19,377.000000
18.144117	0.640	22,714.000000
18.154783	0.640	23,159.000000
18.165450	0.640	22,154.000000
18.176117	0.640	22,450.000000
18.186783	0.640	23,682.000000
18.197450	0.640	27,030.000000
18.208117	0.640	36,811.000000
18.218783	0.640	51,079.000000
18.229450	0.640	64,637.000000
18.240117	0.640	82,415.000000
18.250783	0.640	114,059.000000
18.261450	0.640	161,099.000000
18.272117	0.640	221,738.000000
18.282783	0.640	298,395.000000
18.293450	0.640	391,894.000000
18.304117	0.640	494,392.000000
18.314783	0.640	592,461.000000
18.325450	0.640	673,157.000000
18.336117	0.640	721,936.000000
18.346783	0.640	725,968.000000
18.357450	0.640	685,742.000000
18.368117	0.640	613,015.000000
18.378783	0.640	521,448.000000
18.389450	0.640	423,259.000000
18.400117	0.640	327,868.000000
18.410783	0.640	243,468.000000
18.421450	0.640	178,157.000000
18.432117	0.640	133,713.000000
18.442783	0.640	102,102.000000
18.453450	0.640	74,092.000000
18.464117	0.640	49,914.000000
18.474783	0.640	36,989.000000
18.485450	0.640	36,374.000000
18.496117	0.640	39,551.000000
18.506783	0.640	39,270.000000
18.517450	0.640	33,982.000000
18.528117	0.640	25,940.000000
18.538783	0.640	21,202.000000
18.549450	0.640	23,443.000000
18.560117	0.640	28,280.000000
18.570783	0.640	30,231.000000
18.581450	0.640	29,357.000000
18.592117	0.640	28,769.000000
18.602783	0.640	30,685.000000
18.613450	0.640	34,069.000000
18.624117	0.640	36,901.000000
18.634783	0.640	40,160.000000
18.645450	0.640	42,452.000000
18.656117	0.640	38,047.000000
18.666783	0.640	27,716.000000
18.677450	0.640	19,566.000000
18.688117	0.640	18,415.000000
18.698783	0.640	22,155.000000
18.709450	0.640	24,893.000000
18.720117	0.640	22,939.000000
18.730783	0.640	18,883.000000
18.741450	0.640	17,645.000000
18.752117	0.640	19,573.000000
18.762783	0.640	20,773.000000
18.773450	0.640	20,159.000000
18.784117	0.640	20,349.000000
18.794783	0.640	21,642.000000
18.805500	0.643	20,981.000000
18.816117	0.637	15,986.000000
18.826783	0.640	9,601.000000
18.837450	0.640	8,661.000000
18.848117	0.640	14,618.000000
18.858783	0.640	21,595.000000
18.869450	0.640	23,345.000000
18.880117	0.640	19,303.000000
18.890783	0.640	14,564.000000
18.901450	0.640	12,919.000000
18.912117	0.640	15,093.000000
18.922783	0.640	19,631.000000
18.933450	0.640	21,838.000000
18.944117	0.640	21,161.000000
18.954783	0.640	20,387.000000
18.965450	0.640	16,861.000000
18.976117	0.640	11,025.000000
18.986783	0.640	9,513.000000
18.997450	0.640	13,145.000000
19.008117	0.640	17,806.000000
19.018783	0.640	20,571.000000
19.029450	0.640	19,455.000000
19.040117	0.640	16,526.000000
19.050783	0.640	17,381.000000
19.061450	0.640	20,763.000000
19.072117	0.640	20,902.000000
19.082783	0.640	21,017.000000
19.093450	0.640	25,076.000000
19.104117	0.640	26,850.000000
19.114783	0.640	23,410.000000
19.125450	0.640	20,633.000000
19.136117	0.640	20,196.000000
19.146783	0.640	17,846.000000
19.157450	0.640	13,532.000000
19.168117	0.640	12,020.000000
19.178783	0.640	13,691.000000
19.189450	0.640	13,756.000000
19.200117	0.640	10,932.000000
19.210783	0.640	8,435.000000
19.221450	0.640	7,514.000000
19.232117	0.640	6,129.000000
19.242783	0.640	3,714.000000
19.253450	0.640	3,358.000000
19.264117	0.640	6,419.000000
19.274783	0.640	10,248.000000
19.285450	0.640	12,529.000000
19.296117	0.640	12,174.000000
19.306783	0.640	10,190.000000
19.317450	0.640	9,668.000000
19.328117	0.640	9,995.000000
19.338783	0.640	8,160.000000
19.349450	0.640	6,165.000000
19.360117	0.640	7,100.000000
19.370783	0.640	7,676.000000
19.381450	0.640	3,294.000000
19.392117	0.640	-3,523.000000
19.402783	0.640	-6,223.000000
19.413450	0.640	-3,656.000000
19.424117	0.640	574.000000
19.434783	0.640	4,491.000000
19.445450	0.640	6,892.000000
19.456117	0.640	7,212.000000
19.466783	0.640	7,113.000000
19.477450	0.640	7,240.000000
19.488117	0.640	7,027.000000
19.498783	0.640	6,320.000000
19.509450	0.640	3,441.000000
19.520117	0.640	-1,208.000000
19.530783	0.640	-2,158.000000
19.541450	0.640	1,103.000000
19.552117	0.640	2,859.000000
19.562783	0.640	3,130.000000
19.573450	0.640	4,648.000000
19.584117	0.640	5,046.000000
19.594783	0.640	3,802.000000
19.605450	0.640	4,595.000000
19.616117	0.640	5,158.000000
19.626783	0.640	1,213.000000
19.637450	0.640	-1,060.000000
19.648117	0.640	2,633.000000
19.658783	0.640	5,073.000000
19.669450	0.640	4,516.000000
19.680117	0.640	5,268.000000
19.690783	0.640	5,438.000000
19.701450	0.640	4,604.000000
19.712117	0.640	5,832.000000
19.722783	0.640	7,388.000000
19.733450	0.640	6,730.000000
19.744117	0.640	4,708.000000
19.754783	0.640	3,737.000000
19.765450	0.640	5,796.000000
19.776117	0.640	8,981.000000
19.786783	0.640	8,540.000000
19.797450	0.640	4,105.000000
19.808117	0.640	2,695.000000
19.818783	0.640	8,175.000000
19.829450	0.640	12,785.000000
19.840117	0.640	12,082.000000
19.850783	0.640	13,377.000000
19.861450	0.640	16,482.000000
19.872117	0.640	11,996.000000
19.882783	0.640	3,139.000000
19.893450	0.640	1,610.000000
19.904117	0.640	5,712.000000
19.914783	0.640	6,803.000000
19.925450	0.640	7,960.000000
19.936117	0.640	13,239.000000
19.946783	0.640	14,258.000000
19.957450	0.640	6,935.000000
19.968117	0.640	-12.000000
19.978783	0.640	-1,303.000000
19.989450	0.640	1,389.000000
20.000117	0.640	5,225.000000
20.010783	0.640	4,695.000000
20.021450	0.640	-864.000000
20.032117	0.640	-4,018.000000
20.042783	0.640	-3,215.000000
20.053450	0.640	-2,360.000000
20.064117	0.640	159.000000
20.074783	0.640	4,108.000000
20.085450	0.640	3,948.000000
20.096117	0.640	-239.000000
20.106783	0.640	-4,297.000000
20.117450	0.640	-7,934.000000
20.128117	0.640	-11,654.000000
20.138783	0.640	-11,477.000000
20.149450	0.640	-4,400.000000
20.160117	0.640	4,428.000000
20.170783	0.640	8,639.000000
20.181450	0.640	7,664.000000
20.192117	0.640	2,912.000000
20.202783	0.640	-3,538.000000
20.213450	0.640	-7,822.000000
20.224117	0.640	-7,858.000000
20.234783	0.640	-5,957.000000
20.245450	0.640	-4,990.000000
20.256117	0.640	-5,495.000000
20.266783	0.640	-7,759.000000
20.277450	0.640	-10,871.000000
20.288117	0.640	-11,831.000000
20.298783	0.640	-9,924.000000
20.309450	0.640	-7,211.000000
20.320117	0.640	-3,637.000000
20.330783	0.640	1,195.000000
20.341450	0.640	3,458.000000
20.352117	0.640	1,124.000000
20.362783	0.640	-929.000000
20.373450	0.640	1,329.000000
20.384117	0.640	5,131.000000
20.394783	0.640	6,894.000000
20.405450	0.640	7,771.000000
20.416117	0.640	11,698.000000
20.426783	0.640	22,139.000000
20.437450	0.640	37,744.000000
20.448117	0.640	51,697.000000
20.458783	0.640	60,993.000000
20.469450	0.640	72,617.000000
20.480117	0.640	94,924.000000
20.490783	0.640	126,434.000000
20.501450	0.640	162,593.000000
20.512117	0.640	208,072.000000
20.522783	0.640	270,862.000000
20.533450	0.640	354,014.000000
20.544117	0.640	457,335.000000
20.554783	0.640	581,743.000000
20.565450	0.640	735,172.000000
20.576117	0.640	930,182.000000
20.586783	0.640	1,175,280.000000
20.597450	0.640	1,477,082.000000
20.608117	0.640	1,849,074.000000
20.618783	0.640	2,316,999.000000
20.629450	0.640	2,923,088.000000
20.640117	0.640	3,720,513.000000
20.650783	0.640	4,758,687.000000
20.661450	0.640	6,085,360.000000
20.672117	0.640	7,762,891.000000
20.682783	0.640	9,855,195.000000
20.693450	0.640	12,374,220.000000
20.704117	0.640	15,253,101.000000
20.714783	0.640	18,364,234.000000
20.725450	0.640	21,510,662.000000
20.736117	0.640	24,405,703.000000
20.746783	0.640	26,722,637.000000
20.757450	0.640	28,207,076.000000
20.768117	0.640	28,728,646.000000
20.778783	0.640	28,230,452.000000
20.789450	0.640	26,732,150.000000
20.800117	0.640	24,408,417.000000
20.810783	0.640	21,556,700.000000
20.821450	0.640	18,469,932.000000
20.832117	0.640	15,403,908.000000
20.842783	0.640	12,584,824.000000
20.853450	0.640	10,140,972.000000
20.864117	0.640	8,099,695.000000
20.874783	0.640	6,467,946.000000
20.885450	0.640	5,229,578.000000
20.896117	0.640	4,314,991.000000
20.906783	0.640	3,644,574.000000
20.917450	0.640	3,160,345.000000
20.928117	0.640	2,814,815.000000
20.938783	0.640	2,568,921.000000
20.949450	0.640	2,389,433.000000
20.960117	0.640	2,247,062.000000
20.970783	0.640	2,128,252.000000
20.981450	0.640	2,032,201.000000
20.992117	0.640	1,953,445.000000
21.002783	0.640	1,884,141.000000
21.013450	0.640	1,826,616.000000
21.024117	0.640	1,782,550.000000
21.034783	0.640	1,741,495.000000
21.045450	0.640	1,697,512.000000
21.056117	0.640	1,657,879.000000
21.066783	0.640	1,627,828.000000
21.077450	0.640	1,604,579.000000
21.088117	0.640	1,586,627.000000
21.098783	0.640	1,576,419.000000
21.109450	0.640	1,571,027.000000
21.120117	0.640	1,562,839.000000
21.130783	0.640	1,554,013.000000
21.141450	0.640	1,554,082.000000
21.152117	0.640	1,562,642.000000
21.162783	0.640	1,568,526.000000
21.173450	0.640	1,563,617.000000
21.184117	0.640	1,548,243.000000
21.194783	0.640	1,526,050.000000
21.205450	0.640	1,497,693.000000
21.216117	0.640	1,458,491.000000
21.226783	0.640	1,408,498.000000
21.237450	0.640	1,356,701.000000
21.248117	0.640	1,305,881.000000
21.258783	0.640	1,252,860.000000
21.269450	0.640	1,200,924.000000
21.280117	0.640	1,153,908.000000
21.290783	0.640	1,110,269.000000
21.301450	0.640	1,069,633.000000
21.312117	0.640	1,034,357.000000
21.322783	0.640	1,006,450.000000
21.333450	0.640	988,036.000000
21.344117	0.640	977,459.000000
21.354783	0.640	966,930.000000
21.365450	0.640	951,440.000000
21.376117	0.640	934,315.000000
21.386783	0.640	922,234.000000
21.397450	0.640	917,591.000000
21.408117	0.640	916,897.000000
21.418783	0.640	917,256.000000
21.429450	0.640	917,421.000000
21.440117	0.640	911,414.000000
21.450783	0.640	895,832.000000
21.461450	0.640	882,089.000000
21.472117	0.640	879,915.000000
21.482783	0.640	878,872.000000
21.493450	0.640	867,710.000000
21.504117	0.640	853,126.000000
21.514783	0.640	844,894.000000
21.525450	0.640	840,231.000000
21.536117	0.640	832,311.000000
21.546783	0.640	822,748.000000
21.557450	0.640	817,330.000000
21.568117	0.640	815,189.000000
21.578783	0.640	809,801.000000
21.589450	0.640	798,819.000000
21.600117	0.640	785,197.000000
21.610783	0.640	772,493.000000
21.621450	0.640	763,023.000000
21.632117	0.640	753,521.000000
21.642783	0.640	741,285.000000
21.653450	0.640	732,348.000000
21.664117	0.640	726,492.000000
21.674783	0.640	714,776.000000
21.685450	0.640	698,574.000000
21.696117	0.640	685,563.000000
21.706783	0.640	675,374.000000
21.717450	0.640	663,540.000000
21.728117	0.640	651,008.000000
21.738783	0.640	643,996.000000
21.749450	0.640	642,833.000000
21.760117	0.640	637,328.000000
21.770783	0.640	622,301.000000
21.781450	0.640	606,363.000000
21.792117	0.640	596,871.000000
21.802783	0.640	592,115.000000
21.813450	0.640	587,626.000000
21.824117	0.640	577,862.000000
21.834783	0.640	562,299.000000
21.845450	0.640	548,733.000000
21.856117	0.640	541,104.000000
21.866783	0.640	536,651.000000
21.877450	0.640	535,229.000000
21.888117	0.640	536,452.000000
21.898783	0.640	533,208.000000
21.909450	0.640	521,462.000000
21.920117	0.640	509,012.000000
21.930783	0.640	504,673.000000
21.941450	0.640	507,131.000000
21.952117	0.640	508,274.000000
21.962783	0.640	502,068.000000
21.973450	0.640	489,795.000000
21.984117	0.640	478,287.000000
21.994783	0.640	471,649.000000
22.005450	0.640	467,015.000000
22.016117	0.640	461,556.000000
22.026783	0.640	456,005.000000
22.037450	0.640	452,264.000000
22.048117	0.640	450,671.000000
22.058783	0.640	447,863.000000
22.069450	0.640	443,345.000000
22.080117	0.640	438,814.000000
22.090783	0.640	433,534.000000
22.101450	0.640	430,065.000000
22.112117	0.640	428,821.000000
22.122783	0.640	424,396.000000
22.133450	0.640	416,294.000000
22.144117	0.640	409,551.000000
22.154783	0.640	407,731.000000
22.165450	0.640	408,761.000000
22.176117	0.640	406,555.000000
22.186783	0.640	399,644.000000
22.197450	0.640	393,095.000000
22.208117	0.640	390,325.000000
22.218783	0.640	388,551.000000
22.229450	0.640	385,339.000000
22.240117	0.640	382,103.000000
22.250783	0.640	378,415.000000
22.261450	0.640	375,291.000000
22.272117	0.640	377,106.000000
22.282783	0.640	381,162.000000
22.293450	0.640	379,747.000000
22.304117	0.640	372,634.000000
22.314783	0.640	366,667.000000
22.325450	0.640	365,133.000000
22.336117	0.640	363,833.000000
22.346783	0.640	360,554.000000
22.357450	0.640	358,819.000000
22.368117	0.640	357,163.000000
22.378783	0.640	351,878.000000
22.389450	0.640	348,785.000000
22.400117	0.640	354,733.000000
22.410783	0.640	364,720.000000
22.421450	0.640	368,485.000000
22.432117	0.640	366,259.000000
22.442783	0.640	366,886.000000
22.453450	0.640	372,659.000000
22.464117	0.640	381,178.000000
22.474783	0.640	391,959.000000
22.485450	0.640	402,349.000000
22.496117	0.640	412,075.000000
22.506783	0.640	425,891.000000
22.517450	0.640	441,153.000000
22.528117	0.640	449,708.000000
22.538783	0.640	454,549.000000
22.549450	0.640	464,064.000000
22.560117	0.640	474,177.000000
22.570783	0.640	474,863.000000
22.581450	0.640	465,898.000000
22.592117	0.640	453,546.000000
22.602783	0.640	441,258.000000
22.613450	0.640	428,549.000000
22.624117	0.640	414,066.000000
22.634783	0.640	399,726.000000
22.645450	0.640	387,052.000000
22.656117	0.640	374,320.000000
22.666783	0.640	364,117.000000
22.677450	0.640	358,588.000000
22.688117	0.640	351,584.000000
22.698783	0.640	340,702.000000
22.709450	0.640	333,358.000000
22.720117	0.640	333,815.000000
22.730783	0.640	336,929.000000
22.741450	0.640	337,784.000000
22.752117	0.640	337,531.000000
22.762783	0.640	337,627.000000
22.773450	0.640	337,315.000000
22.784117	0.640	337,578.000000
22.794783	0.640	340,488.000000
22.805450	0.640	344,427.000000
22.816117	0.640	344,955.000000
22.826783	0.640	341,328.000000
22.837450	0.640	338,928.000000
22.848117	0.640	341,801.000000
22.858783	0.640	347,811.000000
22.869450	0.640	353,605.000000
22.880117	0.640	355,118.000000
22.890783	0.640	348,190.000000
22.901450	0.640	336,743.000000
22.912117	0.640	331,490.000000
22.922783	0.640	336,830.000000
22.933450	0.640	345,753.000000
22.944117	0.640	349,590.000000
22.954783	0.640	347,802.000000
22.965450	0.640	345,416.000000
22.976117	0.640	346,222.000000
22.986783	0.640	351,119.000000
22.997450	0.640	355,853.000000
23.008117	0.640	355,038.000000
23.018783	0.640	354,022.000000
23.029450	0.640	360,916.000000
23.040117	0.640	369,936.000000
23.050783	0.640	373,010.000000
23.061450	0.640	373,401.000000
23.072117	0.640	374,062.000000
23.082783	0.640	373,127.000000
23.093450	0.640	372,518.000000
23.104117	0.640	376,690.000000
23.114783	0.640	385,137.000000
23.125450	0.640	391,072.000000
23.136117	0.640	391,610.000000
23.146783	0.640	391,153.000000
23.157450	0.640	390,062.000000
23.168117	0.640	386,987.000000
23.178783	0.640	386,600.000000
23.189450	0.640	390,999.000000
23.200117	0.640	397,779.000000
23.210783	0.640	407,231.000000
23.221450	0.640	416,711.000000
23.232117	0.640	417,453.000000
23.242783	0.640	408,475.000000
23.253450	0.640	400,283.000000
23.264117	0.640	399,715.000000
23.274783	0.640	402,736.000000
23.285450	0.640	402,542.000000
23.296117	0.640	399,409.000000
23.306783	0.640	399,557.000000
23.317450	0.640	404,878.000000
23.328117	0.640	410,650.000000
23.338783	0.640	414,216.000000
23.349450	0.640	416,705.000000
23.360117	0.640	416,791.000000
23.370783	0.640	413,534.000000
23.381450	0.640	412,120.000000
23.392117	0.640	416,870.000000
23.402783	0.640	423,112.000000
23.413450	0.640	426,341.000000
23.424117	0.640	430,508.000000
23.434783	0.640	437,541.000000
23.445450	0.640	442,326.000000
23.456117	0.640	442,330.000000
23.466783	0.640	441,244.000000
23.477450	0.640	441,880.000000
23.488117	0.640	442,704.000000
23.498783	0.640	443,519.000000
23.509450	0.640	446,439.000000
23.520117	0.640	450,494.000000
23.530783	0.640	453,443.000000
23.541450	0.640	455,263.000000
23.552117	0.640	456,649.000000
23.562783	0.640	458,956.000000
23.573450	0.640	461,715.000000
23.584117	0.640	461,837.000000
23.594783	0.640	460,735.000000
23.605450	0.640	462,840.000000
23.616117	0.640	466,225.000000
23.626783	0.640	465,051.000000
23.637450	0.640	459,676.000000
23.648117	0.640	456,087.000000
23.658783	0.640	456,522.000000
23.669450	0.640	460,058.000000
23.680117	0.640	466,639.000000
23.690783	0.640	472,607.000000
23.701450	0.640	473,438.000000
23.712117	0.640	471,026.000000
23.722783	0.640	470,520.000000
23.733450	0.640	474,117.000000
23.744117	0.640	479,737.000000
23.754783	0.640	482,666.000000
23.765450	0.640	481,112.000000
23.776117	0.640	481,959.000000
23.786783	0.640	491,018.000000
23.797450	0.640	500,717.000000
23.808117	0.640	501,434.000000
23.818783	0.640	496,872.000000
23.829450	0.640	497,806.000000
23.840117	0.640	506,608.000000
23.850783	0.640	515,046.000000
23.861450	0.640	516,321.000000
23.872117	0.640	513,190.000000
23.882783	0.640	513,033.000000
23.893450	0.640	519,668.000000
23.904117	0.640	530,456.000000
23.914783	0.640	539,526.000000
23.925450	0.640	544,800.000000
23.936117	0.640	551,646.000000
23.946783	0.640	567,399.000000
23.957450	0.640	593,104.000000
23.968117	0.640	625,177.000000
23.978783	0.640	662,794.000000
23.989450	0.640	711,355.000000
24.000117	0.640	778,861.000000
24.010783	0.640	865,647.000000
24.021450	0.640	961,308.000000
24.032117	0.640	1,049,138.000000
24.042783	0.640	1,109,403.000000
24.053450	0.640	1,127,535.000000
24.064117	0.640	1,100,109.000000
24.074783	0.640	1,031,319.000000
24.085450	0.640	934,694.000000
24.096117	0.640	835,715.000000
24.106783	0.640	755,754.000000
24.117450	0.640	697,459.000000
24.128117	0.640	655,897.000000
24.138783	0.640	630,891.000000
24.149450	0.640	621,233.000000
24.160117	0.640	619,102.000000
24.170783	0.640	617,230.000000
24.181450	0.640	617,056.000000
24.192117	0.640	620,729.000000
24.202783	0.640	621,686.000000
24.213450	0.640	618,371.000000
24.224117	0.640	620,543.000000
24.234783	0.640	630,621.000000
24.245450	0.640	640,987.000000
24.256117	0.640	646,933.000000
24.266783	0.640	648,070.000000
24.277450	0.640	648,239.000000
24.288117	0.640	653,110.000000
24.298783	0.640	660,726.000000
24.309450	0.640	664,435.000000
24.320117	0.640	663,363.000000
24.330783	0.640	662,192.000000
24.341450	0.640	664,929.000000
24.352117	0.640	668,859.000000
24.362783	0.640	668,630.000000
24.373450	0.640	667,047.000000
24.384117	0.640	669,618.000000
24.394783	0.640	675,273.000000
24.405450	0.640	680,581.000000
24.416117	0.640	683,301.000000
24.426783	0.640	682,444.000000
24.437450	0.640	683,015.000000
24.448117	0.640	692,731.000000
24.458783	0.640	706,701.000000
24.469450	0.640	712,898.000000
24.480117	0.640	712,879.000000
24.490783	0.640	716,057.000000
24.501450	0.640	722,985.000000
24.512117	0.640	728,555.000000
24.522783	0.640	732,250.000000
24.533450	0.640	736,689.000000
24.544117	0.640	741,123.000000
24.554783	0.640	741,759.000000
24.565450	0.640	737,357.000000
24.576117	0.640	733,267.000000
24.586783	0.640	734,834.000000
24.597450	0.640	740,251.000000
24.608117	0.640	746,589.000000
24.618783	0.640	751,296.000000
24.629450	0.640	750,925.000000
24.640117	0.640	749,268.000000
24.650783	0.640	753,744.000000
24.661450	0.640	762,388.000000
24.672117	0.640	767,597.000000
24.682783	0.640	768,444.000000
24.693450	0.640	771,311.000000
24.704117	0.640	782,207.000000
24.714783	0.640	797,180.000000
24.725450	0.640	802,999.000000
24.736117	0.640	797,328.000000
24.746783	0.640	794,622.000000
24.757450	0.640	801,707.000000
24.768117	0.640	809,019.000000
24.778783	0.640	812,480.000000
24.789450	0.640	818,428.000000
24.800117	0.640	826,382.000000
24.810783	0.640	833,105.000000
24.821450	0.640	843,658.000000
24.832117	0.640	860,187.000000
24.842783	0.640	876,515.000000
24.853450	0.640	888,117.000000
24.864117	0.640	894,666.000000
24.874783	0.640	898,640.000000
24.885450	0.640	902,691.000000
24.896117	0.640	902,829.000000
24.906783	0.640	895,897.000000
24.917450	0.640	888,873.000000
24.928117	0.640	887,591.000000
24.938783	0.640	889,857.000000
24.949450	0.640	892,163.000000
24.960117	0.640	894,955.000000
24.970783	0.640	902,333.000000
24.981450	0.640	913,064.000000
24.992117	0.640	920,503.000000
25.002783	0.640	924,967.000000
25.013450	0.640	929,435.000000
25.024117	0.640	930,412.000000
25.034783	0.640	926,544.000000
25.045450	0.640	923,927.000000
25.056117	0.640	927,343.000000
25.066783	0.640	932,197.000000
25.077450	0.640	930,471.000000
25.088117	0.640	923,825.000000
25.098783	0.640	920,342.000000
25.109450	0.640	921,787.000000
25.120117	0.640	924,530.000000
25.130783	0.640	926,616.000000
25.141450	0.640	929,900.000000
25.152117	0.640	937,923.000000
25.162783	0.640	948,905.000000
25.173450	0.640	954,588.000000
25.184117	0.640	950,746.000000
25.194783	0.640	943,362.000000
25.205450	0.640	940,618.000000
25.216117	0.640	943,228.000000
25.226783	0.640	947,870.000000
25.237450	0.640	952,728.000000
25.248117	0.640	953,272.000000
25.258783	0.640	949,020.000000
25.269450	0.640	950,501.000000
25.280117	0.640	958,910.000000
25.290783	0.640	964,180.000000
25.301450	0.640	966,363.000000
25.312117	0.640	968,968.000000
25.322783	0.640	971,312.000000
25.333450	0.640	975,766.000000
25.344117	0.640	984,540.000000
25.354783	0.640	994,313.000000
25.365450	0.640	998,154.000000
25.376117	0.640	995,998.000000
25.386783	0.640	996,685.000000
25.397450	0.640	1,002,849.000000
25.408117	0.640	1,009,006.000000
25.418783	0.640	1,013,333.000000
25.429450	0.640	1,018,197.000000
25.440117	0.640	1,023,095.000000
25.450783	0.640	1,022,856.000000
25.461450	0.640	1,014,625.000000
25.472117	0.640	1,004,317.000000
25.482783	0.640	1,000,351.000000
25.493450	0.640	1,003,302.000000
25.504117	0.640	1,006,824.000000
25.514783	0.640	1,006,350.000000
25.525450	0.640	1,002,320.000000
25.536117	0.640	996,790.000000
25.546783	0.640	992,751.000000
25.557450	0.640	994,397.000000
25.568117	0.640	1,002,086.000000
25.578783	0.640	1,009,931.000000
25.589450	0.640	1,010,410.000000
25.600117	0.640	1,005,096.000000
25.610783	0.640	1,007,619.000000
25.621450	0.640	1,021,249.000000
25.632117	0.640	1,031,940.000000
25.642783	0.640	1,036,456.000000
25.653450	0.640	1,043,638.000000
25.664117	0.640	1,051,817.000000
25.674783	0.640	1,055,330.000000
25.685450	0.640	1,056,559.000000
25.696117	0.640	1,059,967.000000
25.706783	0.640	1,068,691.000000
25.717450	0.640	1,082,357.000000
25.728117	0.640	1,094,371.000000
25.738783	0.640	1,100,145.000000
25.749450	0.640	1,101,454.000000
25.760117	0.640	1,099,445.000000
25.770783	0.640	1,096,035.000000
25.781450	0.640	1,098,332.000000
25.792117	0.640	1,109,977.000000
25.802783	0.640	1,125,555.000000
25.813450	0.640	1,142,098.000000
25.824117	0.640	1,167,526.000000
25.834783	0.640	1,213,260.000000
25.845450	0.640	1,288,906.000000
25.856117	0.640	1,406,860.000000
25.866783	0.640	1,577,725.000000
25.877450	0.640	1,786,285.000000
25.888117	0.640	1,978,673.000000
25.898783	0.640	2,088,460.000000
25.909450	0.640	2,075,542.000000
25.920117	0.640	1,944,691.000000
25.930783	0.640	1,742,192.000000
25.941450	0.640	1,533,923.000000
25.952117	0.640	1,372,756.000000
25.962783	0.640	1,276,528.000000
25.973450	0.640	1,231,827.000000
25.984117	0.640	1,215,106.000000
25.994783	0.640	1,207,338.000000
26.005450	0.640	1,199,903.000000
26.016117	0.640	1,196,657.000000
26.026783	0.640	1,203,147.000000
26.037450	0.640	1,214,807.000000
26.048117	0.640	1,223,002.000000
26.058783	0.640	1,227,669.000000
26.069450	0.640	1,235,670.000000
26.080117	0.640	1,250,696.000000
26.090783	0.640	1,272,573.000000
26.101450	0.640	1,302,708.000000
26.112117	0.640	1,344,089.000000
26.122783	0.640	1,397,725.000000
26.133450	0.640	1,465,654.000000
26.144117	0.640	1,550,235.000000
26.154783	0.640	1,630,764.000000
26.165450	0.640	1,655,775.000000
26.176117	0.640	1,596,417.000000
26.186783	0.640	1,489,517.000000
26.197450	0.640	1,396,815.000000
26.208117	0.640	1,351,469.000000
26.218783	0.640	1,356,131.000000
26.229450	0.640	1,401,329.000000
26.240117	0.640	1,473,854.000000
26.250783	0.640	1,550,474.000000
26.261450	0.640	1,592,864.000000
26.272117	0.640	1,569,296.000000
26.282783	0.640	1,488,267.000000
26.293450	0.640	1,393,410.000000
26.304117	0.640	1,321,058.000000
26.314783	0.640	1,279,004.000000
26.325450	0.640	1,262,792.000000
26.336117	0.640	1,276,749.000000
26.346783	0.640	1,345,508.000000
26.357450	0.640	1,539,718.000000
26.368117	0.640	2,005,965.000000
26.378783	0.640	2,849,447.000000
26.389450	0.640	3,821,697.000000
26.400117	0.640	4,285,832.000000
26.410783	0.640	3,827,933.000000
26.421450	0.640	2,786,500.000000
26.432117	0.640	1,864,654.000000
26.442783	0.640	1,398,237.000000
26.453450	0.640	1,254,892.000000
26.464117	0.640	1,215,737.000000
26.474783	0.640	1,196,951.000000
26.485450	0.640	1,199,121.000000
26.496117	0.640	1,218,128.000000
26.506783	0.640	1,234,999.000000
26.517450	0.640	1,244,292.000000
26.528117	0.640	1,258,680.000000
26.538783	0.640	1,283,160.000000
26.549450	0.640	1,304,727.000000
26.560117	0.640	1,313,683.000000
26.570783	0.640	1,312,983.000000
26.581450	0.640	1,306,923.000000
26.592117	0.640	1,297,244.000000
26.602783	0.640	1,285,304.000000
26.613450	0.640	1,273,804.000000
26.624117	0.640	1,265,985.000000
26.634783	0.640	1,262,143.000000
26.645450	0.640	1,262,979.000000
26.656117	0.640	1,269,659.000000
26.666783	0.640	1,279,726.000000
26.677450	0.640	1,297,353.000000
26.688117	0.640	1,335,860.000000
26.698783	0.640	1,402,499.000000
26.709450	0.640	1,508,262.000000
26.720117	0.640	1,705,264.000000
26.730783	0.640	2,063,369.000000
26.741450	0.640	2,519,999.000000
26.752117	0.640	2,800,927.000000
26.762783	0.640	2,677,987.000000
26.773450	0.640	2,281,619.000000
26.784117	0.640	1,961,379.000000
26.794783	0.640	1,892,245.000000
26.805450	0.640	1,982,577.000000
26.816117	0.640	2,082,986.000000
26.826783	0.640	2,154,155.000000
26.837450	0.640	2,299,323.000000
26.848117	0.640	2,698,697.000000
26.858783	0.640	3,387,949.000000
26.869450	0.640	4,261,360.000000
26.880117	0.640	6,508,662.000000
26.890783	0.640	16,583,044.000000
26.901450	0.640	47,573,651.000000
26.912117	0.640	102,605,244.000000
26.922783	0.640	150,658,808.000000
26.933450	0.640	147,657,232.000000
26.944117	0.640	94,224,994.000000
26.954783	0.640	37,280,022.000000
26.965450	0.640	10,082,206.000000
26.976117	0.640	6,172,364.000000
26.986783	0.640	7,575,765.000000
26.997450	0.640	8,913,753.000000
27.008117	0.640	18,227,731.000000
27.018783	0.640	19,109,322.000000
27.018950	0.010	38,663,983.000000
27.019117	0.010	19,109,322.000000
27.019283	0.010	38,663,983.000000
27.019450	0.010	19,109,322.000000
27.019617	0.010	38,663,983.000000
27.019783	0.010	19,109,322.000000
27.029450	0.580	19,109,322.000000
27.040117	0.640	19,109,322.000000
27.050783	0.640	19,109,322.000000
27.061450	0.640	19,109,322.000000
27.072117	0.640	19,109,322.000000
27.072283	0.010	38,663,983.000000
27.072450	0.010	19,109,322.000000
27.072617	0.010	38,663,983.000000
27.072783	0.010	19,109,322.000000
27.072950	0.010	38,663,983.000000
27.073117	0.010	19,109,322.000000
27.082783	0.580	160,284,737.000000
27.093450	0.640	73,211,888.000000
27.104117	0.640	34,971,604.000000
27.114783	0.640	26,472,263.000000
27.125450	0.640	22,401,139.000000
27.136117	0.640	18,137,463.000000
27.146783	0.640	15,510,945.000000
27.157450	0.640	13,118,328.000000
27.168117	0.640	10,336,683.000000
27.178783	0.640	8,446,617.000000
27.189450	0.640	8,118,119.000000
27.200117	0.640	8,789,334.000000
27.210783	0.640	9,632,123.000000
27.221450	0.640	10,114,139.000000
27.232117	0.640	10,105,924.000000
27.242783	0.640	10,442,416.000000
27.253450	0.640	16,449,389.000000
27.264117	0.640	17,330,980.000000
27.264283	0.010	35,996,470.000000
27.264450	0.010	17,330,980.000000
27.264617	0.010	35,996,470.000000
27.264783	0.010	17,330,980.000000
27.264950	0.010	35,996,470.000000
27.265117	0.010	17,330,980.000000
27.274783	0.580	17,330,980.000000
27.285450	0.640	17,330,980.000000
27.296117	0.640	17,330,980.000000
27.306783	0.640	17,330,980.000000
27.306950	0.010	35,996,470.000000
27.307117	0.010	17,330,980.000000
27.307283	0.010	35,996,470.000000
27.307450	0.010	17,330,980.000000
27.307617	0.010	35,996,470.000000
27.307783	0.010	17,330,980.000000
27.317450	0.580	221,063,520.000000
27.328117	0.640	108,339,854.000000
27.338783	0.640	56,550,325.000000
27.349450	0.640	46,633,948.000000
27.360117	0.640	42,235,243.000000
27.370783	0.640	38,704,720.000000
27.381450	0.640	57,299,707.000000
27.392117	0.640	58,181,298.000000
27.392283	0.010	97,271,947.000000
27.392450	0.010	58,181,298.000000
27.392617	0.010	97,271,947.000000
27.392783	0.010	58,181,298.000000
27.392950	0.010	97,271,947.000000
27.393117	0.010	58,181,298.000000
27.402783	0.580	58,181,298.000000
27.413450	0.640	58,181,298.000000
27.424117	0.640	58,181,298.000000
27.434783	0.640	58,181,298.000000
27.445450	0.640	58,181,298.000000
27.456117	0.640	58,181,298.000000
27.466783	0.640	58,181,298.000000
27.477450	0.640	58,181,298.000000
27.488117	0.640	58,181,298.000000
27.488283	0.010	97,271,947.000000
27.488450	0.010	58,181,298.000000
27.488617	0.010	97,271,947.000000
27.488783	0.010	58,181,298.000000
27.488950	0.010	97,271,947.000000
27.489117	0.010	58,181,298.000000
27.498783	0.580	114,988,162.000000
27.509450	0.640	95,252,962.000000
27.520117	0.640	100,571,160.000000
27.530783	0.640	99,641,085.000000
27.541450	0.640	84,052,277.000000
27.552117	0.640	67,278,726.000000
27.562783	0.640	57,211,800.000000
27.573450	0.640	50,763,536.000000
27.584117	0.640	44,918,356.000000
27.594783	0.640	40,029,459.000000
27.605450	0.640	36,942,331.000000
27.616117	0.640	35,156,073.000000
27.626783	0.640	33,128,079.000000
27.637450	0.640	30,124,188.000000
27.648117	0.640	27,187,873.000000
27.658783	0.640	25,414,123.000000
27.669450	0.640	24,451,926.000000
27.680117	0.640	23,464,232.000000
27.690783	0.640	22,435,182.000000
27.701450	0.640	21,786,019.000000
27.712117	0.640	21,514,954.000000
27.722783	0.640	21,359,501.000000
27.733450	0.640	21,142,004.000000
27.744117	0.640	20,843,528.000000
27.754783	0.640	20,815,561.000000
27.765500	0.643	21,379,174.000000
27.776117	0.637	22,100,177.000000
27.786783	0.640	22,315,283.000000
27.797450	0.640	21,985,009.000000
27.808117	0.640	21,315,863.000000
27.818783	0.640	20,344,675.000000
27.829450	0.640	19,295,148.000000
27.840117	0.640	18,629,694.000000
27.850783	0.640	18,593,316.000000
27.861450	0.640	18,979,208.000000
27.872117	0.640	19,543,657.000000
27.882783	0.640	21,302,754.000000
27.893450	0.640	29,485,797.000000
27.904117	0.640	30,367,388.000000
27.904283	0.010	55,551,082.000000
27.904450	0.010	30,367,388.000000
27.904617	0.010	55,551,082.000000
27.904783	0.010	30,367,388.000000
27.904950	0.010	55,551,082.000000
27.905117	0.010	30,367,388.000000
27.914783	0.580	30,367,388.000000
27.925450	0.640	30,367,388.000000
27.936117	0.640	30,367,388.000000
27.946783	0.640	30,367,388.000000
27.957450	0.640	30,367,388.000000
27.968117	0.640	30,367,388.000000
27.978783	0.640	30,367,388.000000
27.989450	0.640	30,367,388.000000
28.000117	0.640	30,367,388.000000
28.010783	0.640	30,367,388.000000
28.021450	0.640	30,367,388.000000
28.032117	0.640	30,367,388.000000
28.042783	0.640	30,367,388.000000
28.053450	0.640	30,367,388.000000
28.064117	0.640	30,367,388.000000
28.074783	0.640	30,367,388.000000
28.085450	0.640	30,367,388.000000
28.096117	0.640	30,367,388.000000
28.106783	0.640	30,367,388.000000
28.106950	0.010	55,551,082.000000
28.107117	0.010	30,367,388.000000
28.107283	0.010	55,551,082.000000
28.107450	0.010	30,367,388.000000
28.107617	0.010	55,551,082.000000
28.107783	0.010	30,367,388.000000
28.117450	0.580	166,785,446.000000
28.128117	0.640	84,477,007.000000
28.138783	0.640	65,940,579.000000
28.149450	0.640	69,265,850.000000
28.160117	0.640	66,030,294.000000
28.170783	0.640	55,037,398.000000
28.181450	0.640	41,388,339.000000
28.192117	0.640	29,402,475.000000
28.202783	0.640	23,635,458.000000
28.213450	0.640	27,102,331.000000
28.224117	0.640	41,043,299.000000
28.234783	0.640	62,489,667.000000
28.245450	0.640	82,163,800.000000
28.256117	0.640	92,297,143.000000
28.266783	0.640	95,122,557.000000
28.277450	0.640	97,232,810.000000
28.288117	0.640	99,994,454.000000
28.298783	0.640	100,907,515.000000
28.309450	0.640	99,856,139.000000
28.320117	0.640	99,653,794.000000
28.330783	0.640	101,945,868.000000
28.341450	0.640	104,516,911.000000
28.352117	0.640	102,559,312.000000
28.362783	0.640	92,216,523.000000
28.373450	0.640	73,554,115.000000
28.384117	0.640	51,450,815.000000
28.394783	0.640	33,036,490.000000
28.405450	0.640	22,301,212.000000
28.416117	0.640	17,689,803.000000
28.426783	0.640	15,809,303.000000
28.437450	0.640	15,644,960.000000
28.448117	0.640	17,764,323.000000
28.458783	0.640	20,898,430.000000
28.469450	0.640	21,810,364.000000
28.480117	0.640	18,979,543.000000
28.490783	0.640	14,389,598.000000
28.501450	0.640	10,836,164.000000
28.512117	0.640	9,143,498.000000
28.522783	0.640	8,554,788.000000
28.533450	0.640	8,318,306.000000
28.544117	0.640	8,192,311.000000
28.554783	0.640	8,121,126.000000
28.565450	0.640	8,005,439.000000
28.576117	0.640	7,767,462.000000
28.586783	0.640	7,447,408.000000
28.597450	0.640	7,147,999.000000
28.608117	0.640	6,912,216.000000
28.618783	0.640	6,671,387.000000
28.629450	0.640	6,279,153.000000
28.640117	0.640	5,604,990.000000
28.650783	0.640	4,647,239.000000
28.661450	0.640	3,561,710.000000
28.672117	0.640	2,555,637.000000
28.682783	0.640	1,755,916.000000
28.693450	0.640	1,179,356.000000
28.704117	0.640	794,268.000000
28.714783	0.640	629,717.000000
28.725450	0.640	749,742.000000
28.736117	0.640	948,565.000000
28.746783	0.640	835,493.000000
28.757450	0.640	437,315.000000
28.768117	0.640	136,718.000000
28.778783	0.640	66,223.000000
28.789450	0.640	77,501.000000
28.800117	0.640	68,218.000000
28.810783	0.640	46,348.000000
28.821450	0.640	33,392.000000
28.832117	0.640	29,723.000000
28.842783	0.640	27,385.000000
28.853450	0.640	20,205.000000
28.864117	0.640	10,949.000000
28.874783	0.640	5,495.000000
28.885450	0.640	3,575.000000
28.896117	0.640	3,225.000000
28.906783	0.640	4,254.000000
28.917450	0.640	5,395.000000
28.928117	0.640	4,595.000000
28.938783	0.640	1,003.000000
28.949450	0.640	-3,620.000000
28.960117	0.640	-5,085.000000
28.970783	0.640	-2,345.000000
28.981450	0.640	-440.000000
28.992117	0.640	-3,392.000000
29.002783	0.640	-8,653.000000
29.013450	0.640	-11,108.000000
29.024117	0.640	-9,241.000000
29.034783	0.640	-5,829.000000
29.045450	0.640	-4,961.000000
29.056117	0.640	-7,847.000000
29.066783	0.640	-10,964.000000
29.077450	0.640	-11,526.000000
29.088117	0.640	-10,930.000000
29.098783	0.640	-10,331.000000
29.109450	0.640	-9,774.000000
29.120117	0.640	-10,688.000000
29.130783	0.640	-13,300.000000
29.141450	0.640	-14,947.000000
29.152117	0.640	-13,449.000000
29.162783	0.640	-10,858.000000
29.173450	0.640	-10,884.000000
29.184117	0.640	-12,107.000000
29.194783	0.640	-11,953.000000
29.205450	0.640	-11,626.000000
29.216117	0.640	-10,493.000000
29.226783	0.640	-7,908.000000
29.237450	0.640	-6,637.000000
29.248117	0.640	-7,801.000000
29.258783	0.640	-9,596.000000
29.269450	0.640	-8,804.000000
29.280117	0.640	-4,121.000000
29.290783	0.640	207.000000
29.301450	0.640	147.000000
29.312117	0.640	-2,068.000000
29.322783	0.640	-2,906.000000
29.333450	0.640	-3,485.000000
29.344117	0.640	-7,136.000000
29.354783	0.640	-11,558.000000
29.365450	0.640	-10,740.000000
29.376117	0.640	-7,156.000000
29.386783	0.640	-6,602.000000
29.397450	0.640	-6,837.000000
29.408117	0.640	-5,603.000000
29.418783	0.640	-5,043.000000
29.429450	0.640	-5,627.000000
29.440117	0.640	-5,991.000000
29.450783	0.640	-5,891.000000
29.461450	0.640	-8,428.000000
29.472117	0.640	-14,570.000000
29.482783	0.640	-17,416.000000
29.493450	0.640	-14,049.000000
29.504117	0.640	-11,272.000000
29.514783	0.640	-12,339.000000
29.525450	0.640	-13,590.000000
29.536117	0.640	-12,537.000000
29.546783	0.640	-9,057.000000
29.557450	0.640	-3,785.000000
29.568117	0.640	-288.000000
29.578783	0.640	-2,065.000000
29.589450	0.640	-5,293.000000
29.600117	0.640	-3,876.000000
29.610783	0.640	-1,221.000000
29.621450	0.640	-3,725.000000
29.632117	0.640	-6,493.000000
29.642783	0.640	-3,391.000000
29.653450	0.640	-1,595.000000
29.664117	0.640	-6,292.000000
29.674783	0.640	-9,939.000000
29.685450	0.640	-9,690.000000
29.696117	0.640	-10,724.000000
29.706783	0.640	-13,918.000000
29.717450	0.640	-16,053.000000
29.728117	0.640	-14,664.000000
29.738783	0.640	-9,925.000000
29.749450	0.640	-4,997.000000
29.760117	0.640	-3,156.000000
29.770783	0.640	-2,758.000000
29.781450	0.640	-475.000000
29.792117	0.640	229.000000
29.802783	0.640	-3,622.000000
29.813450	0.640	-5,894.000000
29.824117	0.640	-2,845.000000
29.834783	0.640	-1,075.000000
29.845450	0.640	-5,146.000000
29.856117	0.640	-9,468.000000
29.866783	0.640	-8,995.000000
29.877450	0.640	-5,450.000000
29.888117	0.640	-1,183.000000
29.898783	0.640	713.000000
29.909450	0.640	-3,627.000000
29.920117	0.640	-11,467.000000
29.930783	0.640	-15,309.000000
29.941450	0.640	-11,900.000000
29.952117	0.640	-5,668.000000
29.962783	0.640	-4,439.000000
29.973450	0.640	-8,959.000000
29.984117	0.640	-11,034.000000
29.994783	0.640	-7,735.000000
30.005450	0.640	-5,978.000000
