File Path	chrom://nnfcb-l0495/ChromeleonLocal/20180320_AA_Lars Nielsen samples Vienna_lbpet.seq/724.smp/Emission_2.channel/Emission_2.chm
Channel	Emission_2

Injection Information:
Data Vault	ChromeleonLocal
Injection	AAmix_10ug_mL_2
Injection Number	51
Position	RB8
Comment	
Processing Method	20171024_Calculated with IS_lbpet
Instrument Method	20161104_AA_GeminiC18_FinalVer7
Type	Calibration Standard
Status	Finished
Injection Date	21-03-2018
Injection Time	17:01:10
Injection Volume (µl)	56.500
Dilution Factor	1.0000
Weight	1.0000

Raw Data Information:
Time Min. (min)	0.007750
Time Max. (min)	30.005417
Data Points	2849
Detector	FLD
Exporting Data System	Chromeleon 7.1.2.1478
Operator	
Signal Quantity	
Signal Unit	counts
Signal Min.	-19,098.000000
Signal Max.	232,720,229.000000
Channel	Emission_2
Driver Name	FLD3000.dll
Channel Type	Evaluation
Min. Step (s)	0.010
Max. Step (s)	0.820
Average Step (s)	0.632

Signal Parameter Information:
Signal Info	266 nm /305 nm

Raw Data:
Time (min)	Step (s)	Value (counts)
0.007750	0.000	0.000000
0.021417	0.820	0.000000
0.032083	0.640	0.000000
0.042750	0.640	-1,684.000000
0.053417	0.640	-1,789.000000
0.064083	0.640	-1,074.000000
0.074750	0.640	-2,222.000000
0.085417	0.640	-4,719.000000
0.096083	0.640	-7,072.000000
0.106750	0.640	-7,370.000000
0.117417	0.640	-2,607.000000
0.128083	0.640	5,561.000000
0.138750	0.640	11,631.000000
0.149417	0.640	14,721.000000
0.160083	0.640	15,639.000000
0.170750	0.640	12,978.000000
0.181417	0.640	8,151.000000
0.192083	0.640	3,366.000000
0.202750	0.640	-861.000000
0.213417	0.640	-1,617.000000
0.224083	0.640	2,771.000000
0.234750	0.640	7,645.000000
0.245417	0.640	9,221.000000
0.256083	0.640	10,094.000000
0.266750	0.640	11,444.000000
0.277417	0.640	9,841.000000
0.288083	0.640	5,864.000000
0.298750	0.640	5,779.000000
0.309417	0.640	9,977.000000
0.320083	0.640	9,639.000000
0.330750	0.640	2,333.000000
0.341417	0.640	-1,706.000000
0.352083	0.640	3,159.000000
0.362750	0.640	8,557.000000
0.373417	0.640	7,378.000000
0.384083	0.640	4,328.000000
0.394750	0.640	5,819.000000
0.405417	0.640	9,834.000000
0.416083	0.640	9,784.000000
0.426750	0.640	5,895.000000
0.437417	0.640	4,533.000000
0.448083	0.640	7,233.000000
0.458750	0.640	10,092.000000
0.469417	0.640	7,921.000000
0.480083	0.640	-134.000000
0.490750	0.640	-6,070.000000
0.501417	0.640	-5,192.000000
0.512083	0.640	-3,219.000000
0.522750	0.640	-3,521.000000
0.533417	0.640	-3,622.000000
0.544083	0.640	-3,029.000000
0.554750	0.640	-3,223.000000
0.565417	0.640	-2,944.000000
0.576083	0.640	-537.000000
0.586750	0.640	439.000000
0.597417	0.640	-1,344.000000
0.608083	0.640	-398.000000
0.618750	0.640	2,798.000000
0.629417	0.640	1,639.000000
0.640083	0.640	-3,608.000000
0.650750	0.640	-7,025.000000
0.661417	0.640	-6,348.000000
0.672083	0.640	-4,160.000000
0.682750	0.640	-2,245.000000
0.693417	0.640	-477.000000
0.704083	0.640	-694.000000
0.714750	0.640	-3,408.000000
0.725417	0.640	-4,696.000000
0.736083	0.640	-3,180.000000
0.746750	0.640	-1,270.000000
0.757417	0.640	-348.000000
0.768083	0.640	-1,002.000000
0.778750	0.640	-2,210.000000
0.789417	0.640	-1,831.000000
0.800083	0.640	-717.000000
0.810750	0.640	-1,263.000000
0.821417	0.640	-4,340.000000
0.832083	0.640	-8,877.000000
0.842750	0.640	-9,577.000000
0.853417	0.640	-3,356.000000
0.864083	0.640	2,356.000000
0.874750	0.640	1,343.000000
0.885417	0.640	-1,586.000000
0.896083	0.640	-1,103.000000
0.906750	0.640	514.000000
0.917417	0.640	-363.000000
0.928083	0.640	-2,514.000000
0.938750	0.640	-3,459.000000
0.949417	0.640	-2,487.000000
0.960083	0.640	70.000000
0.970750	0.640	1,990.000000
0.981417	0.640	1,609.000000
0.992083	0.640	1,867.000000
1.002750	0.640	5,602.000000
1.013417	0.640	8,821.000000
1.024083	0.640	7,254.000000
1.034750	0.640	3,155.000000
1.045417	0.640	95.000000
1.056083	0.640	-974.000000
1.066750	0.640	-1,492.000000
1.077417	0.640	-3,387.000000
1.088083	0.640	-4,769.000000
1.098750	0.640	-1,821.000000
1.109417	0.640	2,958.000000
1.120083	0.640	3,720.000000
1.130750	0.640	1,902.000000
1.141417	0.640	2,040.000000
1.152083	0.640	3,469.000000
1.162750	0.640	2,662.000000
1.173417	0.640	-2,123.000000
1.184083	0.640	-6,835.000000
1.194750	0.640	-4,739.000000
1.205417	0.640	2,914.000000
1.216083	0.640	6,798.000000
1.226750	0.640	2,464.000000
1.237417	0.640	-3,517.000000
1.248083	0.640	-3,878.000000
1.258750	0.640	482.000000
1.269417	0.640	5,048.000000
1.280083	0.640	8,049.000000
1.290750	0.640	11,542.000000
1.301417	0.640	16,049.000000
1.312083	0.640	16,357.000000
1.322750	0.640	9,528.000000
1.333417	0.640	2,170.000000
1.344083	0.640	246.000000
1.354750	0.640	181.000000
1.365417	0.640	505.000000
1.376083	0.640	4,096.000000
1.386750	0.640	6,930.000000
1.397417	0.640	6,289.000000
1.408083	0.640	6,527.000000
1.418750	0.640	8,624.000000
1.429417	0.640	10,044.000000
1.440083	0.640	8,550.000000
1.450750	0.640	3,538.000000
1.461417	0.640	-302.000000
1.472083	0.640	-88.000000
1.482750	0.640	-674.000000
1.493417	0.640	-4,108.000000
1.504083	0.640	-6,522.000000
1.514750	0.640	-6,200.000000
1.525417	0.640	-4,396.000000
1.536083	0.640	-1,877.000000
1.546750	0.640	1,920.000000
1.557417	0.640	5,900.000000
1.568083	0.640	6,570.000000
1.578750	0.640	3,174.000000
1.589417	0.640	-520.000000
1.600083	0.640	-588.000000
1.610750	0.640	3,072.000000
1.621417	0.640	7,235.000000
1.632083	0.640	8,967.000000
1.642750	0.640	9,214.000000
1.653417	0.640	10,650.000000
1.664083	0.640	11,311.000000
1.674750	0.640	8,229.000000
1.685417	0.640	5,158.000000
1.696083	0.640	6,084.000000
1.706750	0.640	7,240.000000
1.717417	0.640	3,983.000000
1.728083	0.640	-1,150.000000
1.738750	0.640	-1,733.000000
1.749417	0.640	4,192.000000
1.760083	0.640	11,739.000000
1.770750	0.640	15,320.000000
1.781417	0.640	13,288.000000
1.792083	0.640	7,573.000000
1.802750	0.640	1,723.000000
1.813417	0.640	-2,964.000000
1.824083	0.640	-6,627.000000
1.834750	0.640	-6,643.000000
1.845417	0.640	-1,745.000000
1.856083	0.640	3,075.000000
1.866750	0.640	4,156.000000
1.877417	0.640	4,960.000000
1.888083	0.640	7,813.000000
1.898750	0.640	10,032.000000
1.909417	0.640	9,824.000000
1.920083	0.640	7,591.000000
1.930750	0.640	4,195.000000
1.941417	0.640	1,239.000000
1.952083	0.640	-154.000000
1.962750	0.640	-234.000000
1.973417	0.640	524.000000
1.984083	0.640	1,981.000000
1.994750	0.640	4,508.000000
2.005417	0.640	6,610.000000
2.016083	0.640	5,458.000000
2.026750	0.640	3,305.000000
2.037417	0.640	2,918.000000
2.048083	0.640	855.000000
2.058750	0.640	-3,360.000000
2.069417	0.640	-5,127.000000
2.080083	0.640	-4,097.000000
2.090750	0.640	-2,096.000000
2.101417	0.640	1,718.000000
2.112083	0.640	6,599.000000
2.122750	0.640	8,787.000000
2.133417	0.640	7,201.000000
2.144083	0.640	5,205.000000
2.154750	0.640	5,339.000000
2.165417	0.640	6,839.000000
2.176083	0.640	9,193.000000
2.186750	0.640	11,831.000000
2.197417	0.640	10,195.000000
2.208083	0.640	1,891.000000
2.218750	0.640	-5,556.000000
2.229417	0.640	-4,327.000000
2.240083	0.640	1,820.000000
2.250750	0.640	5,440.000000
2.261417	0.640	6,858.000000
2.272083	0.640	8,648.000000
2.282750	0.640	9,816.000000
2.293417	0.640	11,519.000000
2.304083	0.640	15,370.000000
2.314750	0.640	17,256.000000
2.325417	0.640	14,829.000000
2.336083	0.640	12,502.000000
2.346750	0.640	13,214.000000
2.357417	0.640	14,328.000000
2.368083	0.640	12,695.000000
2.378750	0.640	10,244.000000
2.389417	0.640	9,925.000000
2.400083	0.640	9,488.000000
2.410750	0.640	7,888.000000
2.421417	0.640	7,909.000000
2.432083	0.640	8,762.000000
2.442750	0.640	8,089.000000
2.453417	0.640	6,115.000000
2.464083	0.640	3,154.000000
2.474750	0.640	1,811.000000
2.485417	0.640	6,149.000000
2.496083	0.640	13,359.000000
2.506750	0.640	17,596.000000
2.517417	0.640	20,034.000000
2.528083	0.640	21,123.000000
2.538750	0.640	15,419.000000
2.549417	0.640	6,105.000000
2.560083	0.640	3,006.000000
2.570750	0.640	5,457.000000
2.581417	0.640	6,169.000000
2.592083	0.640	2,321.000000
2.602750	0.640	-2,961.000000
2.613417	0.640	-4,186.000000
2.624083	0.640	-1,551.000000
2.634750	0.640	-703.000000
2.645417	0.640	-2,574.000000
2.656083	0.640	-2,582.000000
2.666750	0.640	477.000000
2.677417	0.640	2,596.000000
2.688083	0.640	417.000000
2.698750	0.640	-4,197.000000
2.709417	0.640	-5,315.000000
2.720083	0.640	-2,038.000000
2.730750	0.640	499.000000
2.741417	0.640	1,340.000000
2.752083	0.640	2,324.000000
2.762750	0.640	3,690.000000
2.773417	0.640	6,171.000000
2.784083	0.640	8,630.000000
2.794750	0.640	8,624.000000
2.805417	0.640	7,073.000000
2.816083	0.640	6,895.000000
2.826750	0.640	6,789.000000
2.837417	0.640	3,678.000000
2.848083	0.640	893.000000
2.858750	0.640	2,735.000000
2.869417	0.640	7,433.000000
2.880083	0.640	10,399.000000
2.890750	0.640	7,974.000000
2.901417	0.640	2,297.000000
2.912083	0.640	776.000000
2.922750	0.640	4,475.000000
2.933417	0.640	7,161.000000
2.944083	0.640	7,118.000000
2.954750	0.640	7,730.000000
2.965417	0.640	10,749.000000
2.976083	0.640	14,033.000000
2.986750	0.640	14,205.000000
2.997417	0.640	11,771.000000
3.008083	0.640	8,321.000000
3.018750	0.640	3,979.000000
3.029417	0.640	2,257.000000
3.040083	0.640	5,154.000000
3.050750	0.640	7,153.000000
3.061417	0.640	4,765.000000
3.072083	0.640	1,722.000000
3.082750	0.640	1,841.000000
3.093417	0.640	5,698.000000
3.104083	0.640	11,546.000000
3.114750	0.640	13,969.000000
3.125417	0.640	8,247.000000
3.136083	0.640	-343.000000
3.146750	0.640	-3,623.000000
3.157417	0.640	-3,000.000000
3.168083	0.640	-1,729.000000
3.178750	0.640	2,088.000000
3.189417	0.640	7,833.000000
3.200083	0.640	10,713.000000
3.210750	0.640	7,355.000000
3.221417	0.640	-258.000000
3.232083	0.640	-5,187.000000
3.242750	0.640	-3,959.000000
3.253417	0.640	-10.000000
3.264083	0.640	2,310.000000
3.274750	0.640	2,001.000000
3.285417	0.640	2,340.000000
3.296083	0.640	5,541.000000
3.306750	0.640	8,459.000000
3.317417	0.640	8,160.000000
3.328083	0.640	5,543.000000
3.338750	0.640	2,615.000000
3.349417	0.640	1,314.000000
3.360083	0.640	2,527.000000
3.370750	0.640	3,313.000000
3.381417	0.640	909.000000
3.392083	0.640	-1,751.000000
3.402750	0.640	-1,600.000000
3.413417	0.640	569.000000
3.424083	0.640	3,471.000000
3.434750	0.640	5,963.000000
3.445417	0.640	7,812.000000
3.456083	0.640	8,772.000000
3.466750	0.640	6,524.000000
3.477417	0.640	2,289.000000
3.488083	0.640	594.000000
3.498750	0.640	700.000000
3.509417	0.640	993.000000
3.520083	0.640	3,851.000000
3.530750	0.640	7,021.000000
3.541417	0.640	5,122.000000
3.552083	0.640	147.000000
3.562750	0.640	-1,719.000000
3.573417	0.640	773.000000
3.584083	0.640	2,970.000000
3.594750	0.640	1,786.000000
3.605417	0.640	1,518.000000
3.616083	0.640	5,698.000000
3.626750	0.640	9,738.000000
3.637417	0.640	8,568.000000
3.648083	0.640	2,851.000000
3.658750	0.640	-2,638.000000
3.669417	0.640	-4,297.000000
3.680083	0.640	-4,445.000000
3.690750	0.640	-4,846.000000
3.701417	0.640	-2,051.000000
3.712083	0.640	2,597.000000
3.722750	0.640	2,339.000000
3.733417	0.640	-2,240.000000
3.744083	0.640	-5,436.000000
3.754750	0.640	-5,857.000000
3.765417	0.640	-3,856.000000
3.776083	0.640	-1,133.000000
3.786750	0.640	-902.000000
3.797417	0.640	-960.000000
3.808083	0.640	2,341.000000
3.818750	0.640	6,084.000000
3.829417	0.640	6,405.000000
3.840083	0.640	3,515.000000
3.850750	0.640	-346.000000
3.861417	0.640	-2,378.000000
3.872083	0.640	-1,614.000000
3.882750	0.640	1,279.000000
3.893417	0.640	5,125.000000
3.904083	0.640	6,733.000000
3.914750	0.640	5,199.000000
3.925417	0.640	3,423.000000
3.936083	0.640	1,970.000000
3.946750	0.640	-262.000000
3.957417	0.640	-1,891.000000
3.968083	0.640	-935.000000
3.978750	0.640	2,363.000000
3.989417	0.640	5,207.000000
4.000083	0.640	4,393.000000
4.010750	0.640	1,443.000000
4.021417	0.640	682.000000
4.032083	0.640	2,218.000000
4.042750	0.640	3,627.000000
4.053417	0.640	3,015.000000
4.064083	0.640	-892.000000
4.074750	0.640	-5,200.000000
4.085417	0.640	-4,241.000000
4.096083	0.640	1,349.000000
4.106750	0.640	4,283.000000
4.117417	0.640	1,849.000000
4.128083	0.640	51.000000
4.138750	0.640	3,217.000000
4.149417	0.640	7,409.000000
4.160083	0.640	8,306.000000
4.170750	0.640	7,778.000000
4.181417	0.640	8,788.000000
4.192083	0.640	8,437.000000
4.202750	0.640	3,799.000000
4.213417	0.640	-157.000000
4.224083	0.640	999.000000
4.234750	0.640	2,877.000000
4.245417	0.640	-43.000000
4.256083	0.640	-5,654.000000
4.266750	0.640	-9,030.000000
4.277417	0.640	-9,810.000000
4.288083	0.640	-9,686.000000
4.298750	0.640	-9,459.000000
4.309417	0.640	-8,876.000000
4.320083	0.640	-6,513.000000
4.330750	0.640	-3,513.000000
4.341417	0.640	-2,617.000000
4.352083	0.640	-2,352.000000
4.362750	0.640	1,358.000000
4.373417	0.640	8,366.000000
4.384083	0.640	11,230.000000
4.394750	0.640	4,601.000000
4.405417	0.640	-5,549.000000
4.416083	0.640	-10,344.000000
4.426750	0.640	-8,290.000000
4.437417	0.640	-4,054.000000
4.448083	0.640	-1,189.000000
4.458750	0.640	-410.000000
4.469417	0.640	-3,755.000000
4.480083	0.640	-9,364.000000
4.490750	0.640	-9,513.000000
4.501417	0.640	-3,118.000000
4.512083	0.640	2,467.000000
4.522750	0.640	2,028.000000
4.533417	0.640	-2,977.000000
4.544083	0.640	-6,708.000000
4.554750	0.640	-6,193.000000
4.565417	0.640	-4,843.000000
4.576083	0.640	-4,651.000000
4.586750	0.640	-1,844.000000
4.597417	0.640	4,060.000000
4.608083	0.640	5,869.000000
4.618750	0.640	169.000000
4.629417	0.640	-6,622.000000
4.640083	0.640	-8,554.000000
4.650750	0.640	-6,505.000000
4.661417	0.640	-2,914.000000
4.672083	0.640	254.000000
4.682750	0.640	490.000000
4.693417	0.640	-1,789.000000
4.704083	0.640	-3,554.000000
4.714750	0.640	-4,316.000000
4.725417	0.640	-5,046.000000
4.736083	0.640	-4,966.000000
4.746750	0.640	-4,111.000000
4.757417	0.640	-2,981.000000
4.768083	0.640	-94.000000
4.778750	0.640	5,124.000000
4.789417	0.640	10,910.000000
4.800083	0.640	13,308.000000
4.810750	0.640	8,933.000000
4.821417	0.640	1,723.000000
4.832083	0.640	-1,575.000000
4.842750	0.640	-655.000000
4.853417	0.640	1,543.000000
4.864083	0.640	3,617.000000
4.874750	0.640	4,577.000000
4.885417	0.640	2,834.000000
4.896083	0.640	-1,199.000000
4.906750	0.640	-2,868.000000
4.917417	0.640	-484.000000
4.928083	0.640	421.000000
4.938750	0.640	-2,135.000000
4.949417	0.640	-3,156.000000
4.960083	0.640	-582.000000
4.970750	0.640	8,238.000000
4.981417	0.640	35,708.000000
4.992083	0.640	87,382.000000
5.002750	0.640	143,391.000000
5.013417	0.640	177,758.000000
5.024083	0.640	185,744.000000
5.034750	0.640	177,136.000000
5.045417	0.640	159,246.000000
5.056083	0.640	137,035.000000
5.066750	0.640	115,014.000000
5.077417	0.640	94,969.000000
5.088083	0.640	77,223.000000
5.098750	0.640	62,609.000000
5.109417	0.640	51,578.000000
5.120083	0.640	42,049.000000
5.130750	0.640	32,059.000000
5.141417	0.640	23,875.000000
5.152083	0.640	20,699.000000
5.162750	0.640	20,619.000000
5.173417	0.640	18,816.000000
5.184083	0.640	15,826.000000
5.194750	0.640	15,117.000000
5.205417	0.640	14,641.000000
5.216083	0.640	11,494.000000
5.226750	0.640	7,114.000000
5.237417	0.640	2,623.000000
5.248083	0.640	-1,061.000000
5.258750	0.640	-3,450.000000
5.269417	0.640	-6,690.000000
5.280083	0.640	-8,713.000000
5.290750	0.640	-5,454.000000
5.301417	0.640	-570.000000
5.312083	0.640	1,044.000000
5.322750	0.640	203.000000
5.333417	0.640	-1,047.000000
5.344083	0.640	-2,422.000000
5.354750	0.640	-3,790.000000
5.365417	0.640	-3,927.000000
5.376083	0.640	-3,508.000000
5.386750	0.640	-4,056.000000
5.397417	0.640	-3,532.000000
5.408083	0.640	-867.000000
5.418750	0.640	642.000000
5.429417	0.640	-2,188.000000
5.440083	0.640	-8,978.000000
5.450750	0.640	-15,051.000000
5.461417	0.640	-15,895.000000
5.472083	0.640	-11,883.000000
5.482750	0.640	-5,812.000000
5.493417	0.640	-1,354.000000
5.504083	0.640	-2,042.000000
5.514750	0.640	-6,934.000000
5.525417	0.640	-10,660.000000
5.536083	0.640	-8,928.000000
5.546750	0.640	-3,394.000000
5.557417	0.640	-137.000000
5.568083	0.640	-1,599.000000
5.578750	0.640	-2,872.000000
5.589417	0.640	42.000000
5.600083	0.640	2,158.000000
5.610750	0.640	-1,988.000000
5.621417	0.640	-6,901.000000
5.632083	0.640	-5,388.000000
5.642750	0.640	-836.000000
5.653417	0.640	-347.000000
5.664083	0.640	-5,126.000000
5.674750	0.640	-10,779.000000
5.685417	0.640	-12,448.000000
5.696083	0.640	-9,530.000000
5.706750	0.640	-5,279.000000
5.717417	0.640	-2,717.000000
5.728083	0.640	-2,080.000000
5.738750	0.640	-993.000000
5.749417	0.640	2,685.000000
5.760083	0.640	7,033.000000
5.770750	0.640	7,526.000000
5.781417	0.640	3,513.000000
5.792083	0.640	-547.000000
5.802750	0.640	-3,056.000000
5.813417	0.640	-5,645.000000
5.824083	0.640	-5,698.000000
5.834750	0.640	-3,661.000000
5.845417	0.640	-4,902.000000
5.856083	0.640	-6,776.000000
5.866750	0.640	-5,911.000000
5.877417	0.640	-6,547.000000
5.888083	0.640	-8,538.000000
5.898817	0.644	-7,365.000000
5.909417	0.636	-3,371.000000
5.920083	0.640	-653.000000
5.930750	0.640	-1,673.000000
5.941417	0.640	-4,175.000000
5.952083	0.640	-5,470.000000
5.962750	0.640	-5,080.000000
5.973417	0.640	-3,151.000000
5.984083	0.640	-2,012.000000
5.994750	0.640	-3,564.000000
6.005417	0.640	-6,276.000000
6.016083	0.640	-7,704.000000
6.026750	0.640	-5,671.000000
6.037417	0.640	-190.000000
6.048083	0.640	4,399.000000
6.058750	0.640	4,710.000000
6.069417	0.640	1,627.000000
6.080083	0.640	-2,288.000000
6.090750	0.640	-3,128.000000
6.101417	0.640	-1,265.000000
6.112083	0.640	-2,735.000000
6.122750	0.640	-6,920.000000
6.133417	0.640	-7,505.000000
6.144083	0.640	-5,910.000000
6.154750	0.640	-7,294.000000
6.165417	0.640	-8,704.000000
6.176083	0.640	-5,407.000000
6.186750	0.640	-1,249.000000
6.197417	0.640	-607.000000
6.208083	0.640	-332.000000
6.218750	0.640	1,682.000000
6.229417	0.640	2,467.000000
6.240083	0.640	1,258.000000
6.250750	0.640	93.000000
6.261417	0.640	-901.000000
6.272083	0.640	-3,907.000000
6.282750	0.640	-8,469.000000
6.293417	0.640	-9,164.000000
6.304083	0.640	-3,994.000000
6.314750	0.640	462.000000
6.325417	0.640	-1,314.000000
6.336083	0.640	-6,104.000000
6.346750	0.640	-9,178.000000
6.357417	0.640	-9,896.000000
6.368083	0.640	-8,941.000000
6.378750	0.640	-8,240.000000
6.389417	0.640	-9,533.000000
6.400083	0.640	-10,732.000000
6.410750	0.640	-8,078.000000
6.421417	0.640	-1,922.000000
6.432083	0.640	5,012.000000
6.442750	0.640	10,366.000000
6.453417	0.640	9,550.000000
6.464083	0.640	2,287.000000
6.474750	0.640	-4,496.000000
6.485417	0.640	-6,254.000000
6.496083	0.640	-4,302.000000
6.506750	0.640	-2,891.000000
6.517417	0.640	-4,751.000000
6.528083	0.640	-7,686.000000
6.538750	0.640	-6,571.000000
6.549417	0.640	-1,110.000000
6.560083	0.640	1,254.000000
6.570750	0.640	-2,695.000000
6.581417	0.640	-6,571.000000
6.592083	0.640	-6,267.000000
6.602750	0.640	-3,216.000000
6.613417	0.640	1,965.000000
6.624083	0.640	6,227.000000
6.634750	0.640	3,276.000000
6.645417	0.640	-5,001.000000
6.656083	0.640	-8,815.000000
6.666750	0.640	-5,633.000000
6.677417	0.640	-1,470.000000
6.688083	0.640	-870.000000
6.698750	0.640	-4,495.000000
6.709417	0.640	-9,113.000000
6.720083	0.640	-10,101.000000
6.730750	0.640	-6,524.000000
6.741417	0.640	-486.000000
6.752083	0.640	3,903.000000
6.762750	0.640	1,653.000000
6.773417	0.640	-6,280.000000
6.784083	0.640	-11,782.000000
6.794750	0.640	-9,862.000000
6.805417	0.640	-5,239.000000
6.816083	0.640	-5,134.000000
6.826750	0.640	-7,527.000000
6.837417	0.640	-6,104.000000
6.848083	0.640	-4,412.000000
6.858750	0.640	-7,904.000000
6.869417	0.640	-11,634.000000
6.880083	0.640	-10,846.000000
6.890750	0.640	-8,926.000000
6.901417	0.640	-8,689.000000
6.912083	0.640	-7,841.000000
6.922750	0.640	-4,261.000000
6.933417	0.640	422.000000
6.944083	0.640	3,187.000000
6.954750	0.640	2,602.000000
6.965417	0.640	-727.000000
6.976083	0.640	-5,300.000000
6.986750	0.640	-9,088.000000
6.997417	0.640	-9,621.000000
7.008083	0.640	-6,613.000000
7.018750	0.640	-2,765.000000
7.029417	0.640	-631.000000
7.040083	0.640	-973.000000
7.050750	0.640	-3,335.000000
7.061417	0.640	-6,192.000000
7.072083	0.640	-7,520.000000
7.082750	0.640	-7,327.000000
7.093417	0.640	-8,309.000000
7.104083	0.640	-10,194.000000
7.114750	0.640	-8,704.000000
7.125417	0.640	-5,516.000000
7.136083	0.640	-7,709.000000
7.146750	0.640	-14,564.000000
7.157417	0.640	-16,724.000000
7.168083	0.640	-9,946.000000
7.178750	0.640	-2,957.000000
7.189417	0.640	-4,004.000000
7.200083	0.640	-6,905.000000
7.210750	0.640	-3,331.000000
7.221417	0.640	2,654.000000
7.232083	0.640	3,380.000000
7.242750	0.640	-397.000000
7.253417	0.640	-3,190.000000
7.264083	0.640	-2,806.000000
7.274750	0.640	-2,002.000000
7.285417	0.640	-3,966.000000
7.296083	0.640	-5,791.000000
7.306750	0.640	-3,371.000000
7.317417	0.640	72.000000
7.328083	0.640	989.000000
7.338750	0.640	869.000000
7.349417	0.640	439.000000
7.360083	0.640	-860.000000
7.370750	0.640	-2,562.000000
7.381417	0.640	-4,263.000000
7.392083	0.640	-6,139.000000
7.402750	0.640	-6,888.000000
7.413417	0.640	-5,231.000000
7.424083	0.640	-5,407.000000
7.434750	0.640	-9,943.000000
7.445417	0.640	-11,580.000000
7.456083	0.640	-6,610.000000
7.466750	0.640	-2,135.000000
7.477417	0.640	-1,405.000000
7.488083	0.640	-839.000000
7.498750	0.640	-1,278.000000
7.509417	0.640	-3,617.000000
7.520083	0.640	-2,168.000000
7.530750	0.640	4,111.000000
7.541417	0.640	6,893.000000
7.552083	0.640	1,977.000000
7.562750	0.640	-4,631.000000
7.573417	0.640	-6,309.000000
7.584083	0.640	-3,133.000000
7.594750	0.640	101.000000
7.605417	0.640	128.000000
7.616083	0.640	-2,247.000000
7.626750	0.640	-3,886.000000
7.637417	0.640	-1,398.000000
7.648083	0.640	2,374.000000
7.658750	0.640	1,120.000000
7.669417	0.640	-2,546.000000
7.680083	0.640	-3,423.000000
7.690750	0.640	-3,170.000000
7.701417	0.640	-3,410.000000
7.712083	0.640	-3,759.000000
7.722750	0.640	-4,612.000000
7.733417	0.640	-5,115.000000
7.744083	0.640	-4,407.000000
7.754750	0.640	-3,336.000000
7.765417	0.640	-1,420.000000
7.776083	0.640	2,001.000000
7.786750	0.640	3,897.000000
7.797417	0.640	2,058.000000
7.808083	0.640	-1,634.000000
7.818750	0.640	-5,329.000000
7.829417	0.640	-7,593.000000
7.840083	0.640	-7,665.000000
7.850750	0.640	-6,896.000000
7.861417	0.640	-5,395.000000
7.872083	0.640	-2,523.000000
7.882750	0.640	-60.000000
7.893417	0.640	773.000000
7.904083	0.640	818.000000
7.914750	0.640	289.000000
7.925417	0.640	260.000000
7.936083	0.640	2,980.000000
7.946750	0.640	5,183.000000
7.957417	0.640	1,127.000000
7.968083	0.640	-5,860.000000
7.978750	0.640	-8,288.000000
7.989417	0.640	-4,679.000000
8.000083	0.640	1,094.000000
8.010750	0.640	2,057.000000
8.021417	0.640	-4,705.000000
8.032083	0.640	-11,684.000000
8.042750	0.640	-11,719.000000
8.053417	0.640	-8,139.000000
8.064083	0.640	-4,665.000000
8.074750	0.640	-43.000000
8.085417	0.640	2,578.000000
8.096083	0.640	-444.000000
8.106750	0.640	-4,138.000000
8.117417	0.640	-3,870.000000
8.128083	0.640	-2,397.000000
8.138750	0.640	-3,033.000000
8.149417	0.640	-5,781.000000
8.160083	0.640	-7,782.000000
8.170750	0.640	-6,853.000000
8.181417	0.640	-6,199.000000
8.192083	0.640	-7,704.000000
8.202750	0.640	-7,509.000000
8.213417	0.640	-4,935.000000
8.224083	0.640	-3,035.000000
8.234750	0.640	-2,891.000000
8.245417	0.640	-4,215.000000
8.256083	0.640	-4,988.000000
8.266750	0.640	-4,604.000000
8.277417	0.640	-5,328.000000
8.288083	0.640	-6,344.000000
8.298750	0.640	-6,590.000000
8.309417	0.640	-7,258.000000
8.320083	0.640	-5,898.000000
8.330750	0.640	-1,249.000000
8.341417	0.640	376.000000
8.352083	0.640	-4,432.000000
8.362750	0.640	-9,575.000000
8.373417	0.640	-9,179.000000
8.384083	0.640	-2,657.000000
8.394750	0.640	6,517.000000
8.405417	0.640	11,238.000000
8.416083	0.640	8,854.000000
8.426750	0.640	4,640.000000
8.437417	0.640	2,083.000000
8.448083	0.640	-177.000000
8.458750	0.640	-3,803.000000
8.469417	0.640	-9,265.000000
8.480083	0.640	-12,345.000000
8.490750	0.640	-8,250.000000
8.501417	0.640	-2,634.000000
8.512083	0.640	-2,419.000000
8.522750	0.640	-3,706.000000
8.533417	0.640	-2,673.000000
8.544083	0.640	-1,130.000000
8.554750	0.640	884.000000
8.565417	0.640	2,732.000000
8.576083	0.640	901.000000
8.586750	0.640	-4,161.000000
8.597417	0.640	-6,784.000000
8.608083	0.640	-3,858.000000
8.618750	0.640	771.000000
8.629417	0.640	2,702.000000
8.640083	0.640	2,216.000000
8.650750	0.640	488.000000
8.661417	0.640	-2,477.000000
8.672083	0.640	-6,014.000000
8.682750	0.640	-7,849.000000
8.693417	0.640	-6,415.000000
8.704083	0.640	-4,162.000000
8.714750	0.640	-3,524.000000
8.725417	0.640	-3,498.000000
8.736083	0.640	-3,368.000000
8.746750	0.640	-3,690.000000
8.757417	0.640	-4,418.000000
8.768083	0.640	-5,148.000000
8.778750	0.640	-5,805.000000
8.789417	0.640	-6,038.000000
8.800083	0.640	-7,139.000000
8.810750	0.640	-11,955.000000
8.821417	0.640	-17,865.000000
8.832083	0.640	-19,098.000000
8.842750	0.640	-15,339.000000
8.853417	0.640	-9,064.000000
8.864083	0.640	-3,265.000000
8.874750	0.640	-1,437.000000
8.885417	0.640	-3,132.000000
8.896083	0.640	-5,825.000000
8.906750	0.640	-8,132.000000
8.917417	0.640	-8,371.000000
8.928083	0.640	-6,670.000000
8.938750	0.640	-5,881.000000
8.949417	0.640	-7,389.000000
8.960083	0.640	-10,180.000000
8.970750	0.640	-12,315.000000
8.981417	0.640	-11,371.000000
8.992083	0.640	-7,111.000000
9.002750	0.640	-2,431.000000
9.013417	0.640	-803.000000
9.024083	0.640	-5,307.000000
9.034750	0.640	-13,777.000000
9.045417	0.640	-16,156.000000
9.056083	0.640	-9,038.000000
9.066750	0.640	-1,603.000000
9.077417	0.640	170.000000
9.088083	0.640	-2,358.000000
9.098750	0.640	-6,503.000000
9.109417	0.640	-8,779.000000
9.120083	0.640	-7,679.000000
9.130750	0.640	-5,400.000000
9.141417	0.640	-5,483.000000
9.152083	0.640	-6,864.000000
9.162750	0.640	-4,183.000000
9.173417	0.640	-652.000000
9.184083	0.640	-3,831.000000
9.194750	0.640	-8,195.000000
9.205417	0.640	-4,428.000000
9.216083	0.640	4,477.000000
9.226750	0.640	11,021.000000
9.237417	0.640	13,162.000000
9.248083	0.640	11,487.000000
9.258750	0.640	6,906.000000
9.269417	0.640	3,156.000000
9.280083	0.640	3,869.000000
9.290750	0.640	7,102.000000
9.301417	0.640	7,965.000000
9.312083	0.640	4,513.000000
9.322750	0.640	-71.000000
9.333417	0.640	-1,317.000000
9.344083	0.640	830.000000
9.354750	0.640	3,656.000000
9.365417	0.640	6,248.000000
9.376083	0.640	8,267.000000
9.386750	0.640	7,118.000000
9.397417	0.640	2,926.000000
9.408083	0.640	1,134.000000
9.418750	0.640	2,390.000000
9.429417	0.640	2,595.000000
9.440083	0.640	2,391.000000
9.450750	0.640	2,601.000000
9.461417	0.640	464.000000
9.472083	0.640	-3,545.000000
9.482750	0.640	-5,614.000000
9.493417	0.640	-4,576.000000
9.504083	0.640	-1,763.000000
9.514750	0.640	1,571.000000
9.525417	0.640	5,417.000000
9.536083	0.640	9,677.000000
9.546750	0.640	11,436.000000
9.557417	0.640	11,601.000000
9.568083	0.640	14,881.000000
9.578750	0.640	17,051.000000
9.589417	0.640	12,326.000000
9.600083	0.640	6,269.000000
9.610750	0.640	5,778.000000
9.621417	0.640	9,212.000000
9.632083	0.640	11,364.000000
9.642750	0.640	10,720.000000
9.653417	0.640	8,087.000000
9.664083	0.640	3,757.000000
9.674750	0.640	2,002.000000
9.685417	0.640	7,284.000000
9.696083	0.640	14,334.000000
9.706750	0.640	16,609.000000
9.717417	0.640	17,806.000000
9.728083	0.640	21,753.000000
9.738750	0.640	22,946.000000
9.749417	0.640	17,431.000000
9.760083	0.640	12,980.000000
9.770750	0.640	16,637.000000
9.781417	0.640	22,200.000000
9.792083	0.640	24,439.000000
9.802750	0.640	28,297.000000
9.813417	0.640	34,233.000000
9.824083	0.640	35,067.000000
9.834750	0.640	30,112.000000
9.845417	0.640	27,425.000000
9.856083	0.640	30,905.000000
9.866750	0.640	35,335.000000
9.877417	0.640	35,190.000000
9.888083	0.640	30,079.000000
9.898750	0.640	23,082.000000
9.909417	0.640	19,309.000000
9.920083	0.640	21,162.000000
9.930750	0.640	24,614.000000
9.941417	0.640	26,436.000000
9.952083	0.640	27,741.000000
9.962750	0.640	28,205.000000
9.973417	0.640	28,290.000000
9.984083	0.640	31,116.000000
9.994750	0.640	35,179.000000
10.005417	0.640	36,487.000000
10.016083	0.640	35,652.000000
10.026750	0.640	34,102.000000
10.037417	0.640	32,060.000000
10.048083	0.640	32,395.000000
10.058750	0.640	37,539.000000
10.069417	0.640	43,898.000000
10.080083	0.640	45,412.000000
10.090750	0.640	41,939.000000
10.101417	0.640	39,040.000000
10.112083	0.640	40,174.000000
10.122750	0.640	44,393.000000
10.133417	0.640	49,213.000000
10.144083	0.640	51,710.000000
10.154750	0.640	50,651.000000
10.165417	0.640	49,231.000000
10.176083	0.640	50,321.000000
10.186750	0.640	51,340.000000
10.197417	0.640	51,219.000000
10.208083	0.640	53,200.000000
10.218750	0.640	55,069.000000
10.229417	0.640	50,920.000000
10.240083	0.640	44,014.000000
10.250750	0.640	43,970.000000
10.261417	0.640	52,275.000000
10.272083	0.640	61,398.000000
10.282750	0.640	65,187.000000
10.293417	0.640	63,060.000000
10.304083	0.640	58,349.000000
10.314750	0.640	55,762.000000
10.325417	0.640	57,147.000000
10.336083	0.640	60,847.000000
10.346750	0.640	65,058.000000
10.357417	0.640	67,761.000000
10.368083	0.640	68,089.000000
10.378750	0.640	69,312.000000
10.389417	0.640	73,137.000000
10.400083	0.640	75,924.000000
10.410750	0.640	76,869.000000
10.421417	0.640	77,500.000000
10.432083	0.640	75,741.000000
10.442750	0.640	74,028.000000
10.453417	0.640	76,842.000000
10.464083	0.640	80,287.000000
10.474750	0.640	80,475.000000
10.485417	0.640	79,593.000000
10.496083	0.640	80,485.000000
10.506750	0.640	83,742.000000
10.517417	0.640	87,444.000000
10.528083	0.640	88,418.000000
10.538750	0.640	85,664.000000
10.549417	0.640	83,459.000000
10.560083	0.640	86,654.000000
10.570750	0.640	91,854.000000
10.581417	0.640	92,009.000000
10.592083	0.640	89,409.000000
10.602750	0.640	90,404.000000
10.613417	0.640	93,494.000000
10.624083	0.640	96,663.000000
10.634750	0.640	101,941.000000
10.645417	0.640	106,825.000000
10.656083	0.640	106,066.000000
10.666750	0.640	101,653.000000
10.677417	0.640	101,030.000000
10.688083	0.640	105,506.000000
10.698750	0.640	111,010.000000
10.709417	0.640	116,427.000000
10.720083	0.640	121,069.000000
10.730750	0.640	123,053.000000
10.741417	0.640	122,743.000000
10.752083	0.640	120,630.000000
10.762750	0.640	116,184.000000
10.773417	0.640	113,138.000000
10.784083	0.640	116,195.000000
10.794750	0.640	121,259.000000
10.805417	0.640	124,303.000000
10.816083	0.640	129,457.000000
10.826750	0.640	135,147.000000
10.837417	0.640	134,339.000000
10.848083	0.640	129,869.000000
10.858750	0.640	129,643.000000
10.869417	0.640	134,662.000000
10.880083	0.640	140,400.000000
10.890750	0.640	142,401.000000
10.901417	0.640	140,658.000000
10.912083	0.640	140,349.000000
10.922750	0.640	144,825.000000
10.933417	0.640	149,757.000000
10.944083	0.640	149,773.000000
10.954750	0.640	147,953.000000
10.965417	0.640	149,304.000000
10.976083	0.640	150,395.000000
10.986750	0.640	147,104.000000
10.997417	0.640	143,775.000000
11.008083	0.640	146,125.000000
11.018750	0.640	152,487.000000
11.029417	0.640	156,814.000000
11.040083	0.640	157,932.000000
11.050750	0.640	160,777.000000
11.061417	0.640	168,221.000000
11.072083	0.640	176,400.000000
11.082750	0.640	179,106.000000
11.093417	0.640	176,868.000000
11.104083	0.640	177,301.000000
11.114750	0.640	181,024.000000
11.125417	0.640	179,786.000000
11.136083	0.640	175,383.000000
11.146750	0.640	177,945.000000
11.157417	0.640	183,948.000000
11.168083	0.640	183,511.000000
11.178750	0.640	181,453.000000
11.189417	0.640	186,586.000000
11.200083	0.640	195,433.000000
11.210750	0.640	199,966.000000
11.221417	0.640	198,717.000000
11.232083	0.640	196,671.000000
11.242750	0.640	196,963.000000
11.253417	0.640	197,836.000000
11.264083	0.640	198,962.000000
11.274750	0.640	201,932.000000
11.285417	0.640	206,477.000000
11.296083	0.640	211,282.000000
11.306750	0.640	215,486.000000
11.317417	0.640	217,403.000000
11.328083	0.640	216,737.000000
11.338750	0.640	217,679.000000
11.349417	0.640	220,992.000000
11.360083	0.640	222,282.000000
11.370750	0.640	223,294.000000
11.381417	0.640	228,647.000000
11.392083	0.640	235,123.000000
11.402750	0.640	237,531.000000
11.413417	0.640	236,834.000000
11.424083	0.640	236,901.000000
11.434750	0.640	240,851.000000
11.445417	0.640	248,224.000000
11.456083	0.640	254,384.000000
11.466750	0.640	257,290.000000
11.477417	0.640	258,044.000000
11.488083	0.640	257,195.000000
11.498750	0.640	256,458.000000
11.509417	0.640	257,375.000000
11.520083	0.640	258,809.000000
11.530750	0.640	258,798.000000
11.541417	0.640	256,738.000000
11.552083	0.640	254,224.000000
11.562750	0.640	255,951.000000
11.573417	0.640	264,638.000000
11.584083	0.640	273,607.000000
11.594750	0.640	276,361.000000
11.605417	0.640	277,386.000000
11.616083	0.640	280,355.000000
11.626750	0.640	282,262.000000
11.637417	0.640	285,259.000000
11.648083	0.640	292,180.000000
11.658750	0.640	296,468.000000
11.669417	0.640	293,589.000000
11.680083	0.640	289,850.000000
11.690750	0.640	292,659.000000
11.701417	0.640	299,141.000000
11.712083	0.640	302,137.000000
11.722750	0.640	302,578.000000
11.733417	0.640	304,558.000000
11.744083	0.640	308,892.000000
11.754750	0.640	315,277.000000
11.765417	0.640	322,364.000000
11.776083	0.640	328,082.000000
11.786750	0.640	330,304.000000
11.797417	0.640	328,207.000000
11.808083	0.640	324,007.000000
11.818750	0.640	321,991.000000
11.829417	0.640	325,282.000000
11.840083	0.640	331,957.000000
11.850750	0.640	338,291.000000
11.861417	0.640	342,641.000000
11.872083	0.640	342,894.000000
11.882750	0.640	340,497.000000
11.893417	0.640	341,229.000000
11.904083	0.640	346,155.000000
11.914750	0.640	352,276.000000
11.925417	0.640	357,020.000000
11.936083	0.640	358,245.000000
11.946750	0.640	357,388.000000
11.957417	0.640	359,529.000000
11.968083	0.640	365,543.000000
11.978750	0.640	370,279.000000
11.989417	0.640	372,089.000000
12.000083	0.640	374,208.000000
12.010750	0.640	375,191.000000
12.021417	0.640	371,706.000000
12.032083	0.640	368,048.000000
12.042750	0.640	369,102.000000
12.053417	0.640	371,853.000000
12.064083	0.640	373,480.000000
12.074750	0.640	376,234.000000
12.085417	0.640	381,339.000000
12.096083	0.640	386,090.000000
12.106750	0.640	387,048.000000
12.117417	0.640	385,860.000000
12.128083	0.640	387,302.000000
12.138750	0.640	392,278.000000
12.149417	0.640	398,850.000000
12.160083	0.640	403,829.000000
12.170750	0.640	405,177.000000
12.181417	0.640	405,388.000000
12.192083	0.640	406,513.000000
12.202750	0.640	407,265.000000
12.213417	0.640	406,734.000000
12.224083	0.640	406,667.000000
12.234750	0.640	409,637.000000
12.245417	0.640	415,157.000000
12.256083	0.640	420,233.000000
12.266750	0.640	423,747.000000
12.277417	0.640	426,910.000000
12.288083	0.640	430,031.000000
12.298750	0.640	432,950.000000
12.309417	0.640	435,865.000000
12.320083	0.640	436,652.000000
12.330750	0.640	434,879.000000
12.341417	0.640	435,605.000000
12.352083	0.640	439,352.000000
12.362750	0.640	440,682.000000
12.373417	0.640	442,104.000000
12.384083	0.640	449,314.000000
12.394750	0.640	456,414.000000
12.405417	0.640	454,682.000000
12.416083	0.640	447,270.000000
12.426750	0.640	443,784.000000
12.437417	0.640	446,603.000000
12.448083	0.640	451,240.000000
12.458750	0.640	455,164.000000
12.469417	0.640	457,310.000000
12.480083	0.640	458,445.000000
12.490750	0.640	462,737.000000
12.501417	0.640	468,566.000000
12.512083	0.640	470,289.000000
12.522750	0.640	469,872.000000
12.533417	0.640	470,920.000000
12.544083	0.640	472,422.000000
12.554750	0.640	474,788.000000
12.565417	0.640	477,680.000000
12.576083	0.640	476,850.000000
12.586750	0.640	471,468.000000
12.597417	0.640	467,472.000000
12.608083	0.640	470,051.000000
12.618750	0.640	475,933.000000
12.629417	0.640	478,941.000000
12.640083	0.640	480,247.000000
12.650750	0.640	484,304.000000
12.661417	0.640	489,601.000000
12.672083	0.640	491,884.000000
12.682750	0.640	490,382.000000
12.693417	0.640	485,821.000000
12.704083	0.640	481,221.000000
12.714750	0.640	481,667.000000
12.725417	0.640	484,976.000000
12.736083	0.640	485,141.000000
12.746750	0.640	484,025.000000
12.757417	0.640	485,217.000000
12.768083	0.640	487,163.000000
12.778750	0.640	488,601.000000
12.789417	0.640	489,766.000000
12.800083	0.640	490,582.000000
12.810750	0.640	491,668.000000
12.821417	0.640	492,930.000000
12.832083	0.640	492,764.000000
12.842750	0.640	490,950.000000
12.853417	0.640	488,610.000000
12.864083	0.640	486,452.000000
12.874750	0.640	486,435.000000
12.885417	0.640	489,751.000000
12.896083	0.640	492,533.000000
12.906750	0.640	490,664.000000
12.917417	0.640	487,619.000000
12.928083	0.640	489,866.000000
12.938750	0.640	496,203.000000
12.949417	0.640	500,349.000000
12.960083	0.640	500,680.000000
12.970750	0.640	499,997.000000
12.981417	0.640	499,800.000000
12.992083	0.640	500,105.000000
13.002750	0.640	500,930.000000
13.013417	0.640	500,128.000000
13.024083	0.640	496,015.000000
13.034750	0.640	492,795.000000
13.045417	0.640	494,798.000000
13.056083	0.640	498,150.000000
13.066750	0.640	496,401.000000
13.077417	0.640	491,370.000000
13.088083	0.640	491,277.000000
13.098750	0.640	499,667.000000
13.109417	0.640	510,212.000000
13.120083	0.640	513,662.000000
13.130750	0.640	509,085.000000
13.141417	0.640	502,452.000000
13.152083	0.640	496,416.000000
13.162750	0.640	490,778.000000
13.173417	0.640	487,144.000000
13.184083	0.640	485,824.000000
13.194750	0.640	486,006.000000
13.205417	0.640	487,329.000000
13.216083	0.640	488,035.000000
13.226750	0.640	488,397.000000
13.237417	0.640	488,099.000000
13.248083	0.640	482,572.000000
13.258750	0.640	473,013.000000
13.269417	0.640	467,635.000000
13.280083	0.640	469,964.000000
13.290750	0.640	475,611.000000
13.301417	0.640	479,738.000000
13.312083	0.640	480,818.000000
13.322817	0.644	477,760.000000
13.333417	0.636	473,321.000000
13.344083	0.640	473,018.000000
13.354750	0.640	476,208.000000
13.365417	0.640	478,449.000000
13.376083	0.640	477,448.000000
13.386750	0.640	475,131.000000
13.397417	0.640	474,590.000000
13.408083	0.640	472,561.000000
13.418750	0.640	465,792.000000
13.429417	0.640	460,829.000000
13.440083	0.640	464,342.000000
13.450750	0.640	470,990.000000
13.461417	0.640	471,620.000000
13.472083	0.640	466,438.000000
13.482750	0.640	461,188.000000
13.493417	0.640	460,559.000000
13.504083	0.640	465,523.000000
13.514750	0.640	469,723.000000
13.525483	0.644	467,726.000000
13.536083	0.636	461,780.000000
13.546750	0.640	455,686.000000
13.557417	0.640	454,149.000000
13.568083	0.640	459,987.000000
13.578750	0.640	467,007.000000
13.589417	0.640	469,036.000000
13.600083	0.640	469,845.000000
13.610750	0.640	474,638.000000
13.621417	0.640	481,971.000000
13.632083	0.640	491,201.000000
13.642750	0.640	507,905.000000
13.653417	0.640	534,595.000000
13.664083	0.640	568,311.000000
13.674750	0.640	611,605.000000
13.685417	0.640	669,762.000000
13.696083	0.640	739,310.000000
13.706750	0.640	817,108.000000
13.717417	0.640	907,507.000000
13.728083	0.640	1,003,922.000000
13.738750	0.640	1,089,106.000000
13.749417	0.640	1,161,072.000000
13.760083	0.640	1,226,027.000000
13.770750	0.640	1,271,857.000000
13.781417	0.640	1,281,060.000000
13.792083	0.640	1,255,364.000000
13.802750	0.640	1,203,778.000000
13.813417	0.640	1,126,901.000000
13.824083	0.640	1,028,023.000000
13.834750	0.640	920,633.000000
13.845417	0.640	817,000.000000
13.856083	0.640	722,452.000000
13.866750	0.640	639,868.000000
13.877417	0.640	569,571.000000
13.888083	0.640	512,643.000000
13.898750	0.640	474,607.000000
13.909417	0.640	453,348.000000
13.920083	0.640	437,806.000000
13.930750	0.640	424,995.000000
13.941417	0.640	416,610.000000
13.952083	0.640	410,097.000000
13.962750	0.640	406,444.000000
13.973417	0.640	406,195.000000
13.984083	0.640	402,943.000000
13.994750	0.640	395,667.000000
14.005417	0.640	393,091.000000
14.016083	0.640	399,602.000000
14.026750	0.640	408,450.000000
14.037417	0.640	411,035.000000
14.048083	0.640	404,845.000000
14.058750	0.640	393,028.000000
14.069417	0.640	383,107.000000
14.080083	0.640	382,022.000000
14.090750	0.640	386,170.000000
14.101417	0.640	385,166.000000
14.112083	0.640	379,590.000000
14.122750	0.640	376,888.000000
14.133417	0.640	373,953.000000
14.144083	0.640	368,212.000000
14.154750	0.640	367,575.000000
14.165417	0.640	372,752.000000
14.176083	0.640	374,224.000000
14.186750	0.640	368,231.000000
14.197417	0.640	359,682.000000
14.208083	0.640	354,845.000000
14.218750	0.640	356,579.000000
14.229417	0.640	362,749.000000
14.240083	0.640	366,664.000000
14.250750	0.640	363,809.000000
14.261417	0.640	359,023.000000
14.272083	0.640	357,791.000000
14.282750	0.640	358,157.000000
14.293417	0.640	357,599.000000
14.304083	0.640	354,969.000000
14.314750	0.640	349,486.000000
14.325417	0.640	342,472.000000
14.336083	0.640	335,182.000000
14.346750	0.640	331,137.000000
14.357417	0.640	334,875.000000
14.368083	0.640	341,554.000000
14.378750	0.640	340,729.000000
14.389417	0.640	332,824.000000
14.400083	0.640	327,857.000000
14.410750	0.640	326,963.000000
14.421417	0.640	323,226.000000
14.432083	0.640	318,302.000000
14.442750	0.640	317,376.000000
14.453417	0.640	317,304.000000
14.464083	0.640	314,101.000000
14.474817	0.644	309,462.000000
14.485417	0.636	304,845.000000
14.496083	0.640	301,031.000000
14.506750	0.640	300,941.000000
14.517417	0.640	302,918.000000
14.528083	0.640	302,124.000000
14.538750	0.640	300,535.000000
14.549417	0.640	301,542.000000
14.560083	0.640	301,785.000000
14.570750	0.640	296,562.000000
14.581417	0.640	287,553.000000
14.592083	0.640	282,198.000000
14.602750	0.640	283,339.000000
14.613417	0.640	284,283.000000
14.624083	0.640	280,035.000000
14.634750	0.640	274,479.000000
14.645417	0.640	271,677.000000
14.656083	0.640	271,103.000000
14.666750	0.640	272,120.000000
14.677417	0.640	272,754.000000
14.688083	0.640	269,266.000000
14.698750	0.640	263,641.000000
14.709417	0.640	260,753.000000
14.720083	0.640	258,320.000000
14.730750	0.640	252,330.000000
14.741417	0.640	244,866.000000
14.752083	0.640	240,315.000000
14.762750	0.640	239,573.000000
14.773417	0.640	237,372.000000
14.784083	0.640	230,121.000000
14.794750	0.640	223,370.000000
14.805417	0.640	222,976.000000
14.816083	0.640	226,278.000000
14.826750	0.640	226,983.000000
14.837417	0.640	224,350.000000
14.848083	0.640	220,864.000000
14.858750	0.640	214,574.000000
14.869417	0.640	205,562.000000
14.880083	0.640	201,654.000000
14.890750	0.640	205,499.000000
14.901417	0.640	208,295.000000
14.912083	0.640	204,400.000000
14.922750	0.640	198,279.000000
14.933417	0.640	194,353.000000
14.944083	0.640	192,094.000000
14.954750	0.640	190,315.000000
14.965417	0.640	188,241.000000
14.976083	0.640	184,837.000000
14.986750	0.640	182,143.000000
14.997417	0.640	181,749.000000
15.008083	0.640	178,137.000000
15.018750	0.640	168,879.000000
15.029417	0.640	162,874.000000
15.040083	0.640	164,930.000000
15.050750	0.640	166,348.000000
15.061417	0.640	160,742.000000
15.072083	0.640	153,790.000000
15.082750	0.640	151,626.000000
15.093417	0.640	152,146.000000
15.104083	0.640	150,735.000000
15.114750	0.640	146,470.000000
15.125417	0.640	142,516.000000
15.136083	0.640	143,217.000000
15.146750	0.640	146,084.000000
15.157417	0.640	143,149.000000
15.168083	0.640	133,519.000000
15.178750	0.640	124,199.000000
15.189417	0.640	120,902.000000
15.200083	0.640	121,124.000000
15.210750	0.640	118,196.000000
15.221417	0.640	112,458.000000
15.232083	0.640	108,484.000000
15.242750	0.640	106,472.000000
15.253417	0.640	105,090.000000
15.264083	0.640	104,076.000000
15.274750	0.640	101,210.000000
15.285417	0.640	95,913.000000
15.296083	0.640	92,709.000000
15.306750	0.640	94,510.000000
15.317417	0.640	99,451.000000
15.328083	0.640	103,787.000000
15.338750	0.640	103,188.000000
15.349417	0.640	97,543.000000
15.360083	0.640	93,634.000000
15.370750	0.640	95,967.000000
15.381417	0.640	100,266.000000
15.392083	0.640	102,077.000000
15.402750	0.640	103,661.000000
15.413417	0.640	107,737.000000
15.424083	0.640	111,832.000000
15.434750	0.640	111,703.000000
15.445417	0.640	108,064.000000
15.456083	0.640	104,328.000000
15.466750	0.640	98,494.000000
15.477417	0.640	89,266.000000
15.488083	0.640	81,917.000000
15.498750	0.640	79,001.000000
15.509417	0.640	77,892.000000
15.520083	0.640	74,886.000000
15.530750	0.640	66,494.000000
15.541417	0.640	54,263.000000
15.552083	0.640	44,894.000000
15.562750	0.640	42,338.000000
15.573417	0.640	44,440.000000
15.584083	0.640	47,068.000000
15.594750	0.640	48,760.000000
15.605417	0.640	50,473.000000
15.616083	0.640	53,290.000000
15.626750	0.640	58,949.000000
15.637417	0.640	69,585.000000
15.648083	0.640	85,995.000000
15.658750	0.640	107,209.000000
15.669417	0.640	130,071.000000
15.680083	0.640	152,499.000000
15.690750	0.640	177,387.000000
15.701417	0.640	205,050.000000
15.712083	0.640	228,319.000000
15.722750	0.640	243,094.000000
15.733417	0.640	248,282.000000
15.744083	0.640	238,697.000000
15.754750	0.640	215,077.000000
15.765417	0.640	186,869.000000
15.776083	0.640	158,838.000000
15.786750	0.640	129,804.000000
15.797417	0.640	101,920.000000
15.808083	0.640	79,841.000000
15.818750	0.640	63,666.000000
15.829417	0.640	50,293.000000
15.840083	0.640	39,198.000000
15.850750	0.640	32,214.000000
15.861417	0.640	28,703.000000
15.872083	0.640	26,542.000000
15.882750	0.640	26,336.000000
15.893417	0.640	26,178.000000
15.904083	0.640	22,869.000000
15.914750	0.640	19,604.000000
15.925417	0.640	17,267.000000
15.936083	0.640	13,707.000000
15.946750	0.640	13,535.000000
15.957417	0.640	17,946.000000
15.968083	0.640	19,877.000000
15.978750	0.640	18,051.000000
15.989417	0.640	17,747.000000
16.000083	0.640	20,398.000000
16.010817	0.644	22,774.000000
16.021417	0.636	23,056.000000
16.032083	0.640	22,090.000000
16.042750	0.640	19,064.000000
16.053417	0.640	14,007.000000
16.064083	0.640	12,224.000000
16.074750	0.640	16,125.000000
16.085417	0.640	19,012.000000
16.096083	0.640	16,309.000000
16.106750	0.640	14,763.000000
16.117417	0.640	19,743.000000
16.128083	0.640	24,149.000000
16.138750	0.640	21,135.000000
16.149417	0.640	15,817.000000
16.160083	0.640	16,595.000000
16.170750	0.640	22,313.000000
16.181417	0.640	25,691.000000
16.192083	0.640	24,655.000000
16.202750	0.640	20,864.000000
16.213417	0.640	16,541.000000
16.224083	0.640	16,639.000000
16.234750	0.640	21,220.000000
16.245417	0.640	21,266.000000
16.256083	0.640	14,236.000000
16.266750	0.640	9,778.000000
16.277417	0.640	11,331.000000
16.288083	0.640	13,533.000000
16.298750	0.640	16,991.000000
16.309417	0.640	22,801.000000
16.320083	0.640	24,614.000000
16.330750	0.640	20,281.000000
16.341417	0.640	15,472.000000
16.352083	0.640	14,563.000000
16.362750	0.640	18,307.000000
16.373417	0.640	24,011.000000
16.384083	0.640	25,758.000000
16.394750	0.640	22,504.000000
16.405417	0.640	21,050.000000
16.416083	0.640	23,555.000000
16.426750	0.640	24,196.000000
16.437417	0.640	21,719.000000
16.448083	0.640	20,657.000000
16.458750	0.640	23,296.000000
16.469417	0.640	28,752.000000
16.480083	0.640	32,169.000000
16.490750	0.640	27,600.000000
16.501417	0.640	18,274.000000
16.512083	0.640	14,400.000000
16.522750	0.640	20,138.000000
16.533417	0.640	29,442.000000
16.544083	0.640	31,830.000000
16.554750	0.640	24,590.000000
16.565417	0.640	18,005.000000
16.576083	0.640	19,507.000000
16.586750	0.640	24,268.000000
16.597417	0.640	27,866.000000
16.608083	0.640	30,513.000000
16.618750	0.640	30,521.000000
16.629417	0.640	26,749.000000
16.640083	0.640	21,793.000000
16.650750	0.640	19,446.000000
16.661417	0.640	21,432.000000
16.672083	0.640	23,894.000000
16.682750	0.640	22,340.000000
16.693417	0.640	20,125.000000
16.704083	0.640	22,402.000000
16.714750	0.640	26,229.000000
16.725417	0.640	24,609.000000
16.736083	0.640	17,934.000000
16.746750	0.640	13,482.000000
16.757417	0.640	13,458.000000
16.768083	0.640	14,693.000000
16.778750	0.640	16,961.000000
16.789417	0.640	21,359.000000
16.800083	0.640	25,410.000000
16.810750	0.640	26,515.000000
16.821417	0.640	26,167.000000
16.832083	0.640	25,143.000000
16.842750	0.640	22,925.000000
16.853417	0.640	22,643.000000
16.864083	0.640	24,245.000000
16.874750	0.640	21,880.000000
16.885417	0.640	15,737.000000
16.896083	0.640	13,482.000000
16.906750	0.640	18,693.000000
16.917417	0.640	27,035.000000
16.928083	0.640	31,779.000000
16.938750	0.640	28,802.000000
16.949417	0.640	20,349.000000
16.960083	0.640	13,204.000000
16.970750	0.640	12,432.000000
16.981417	0.640	17,897.000000
16.992083	0.640	23,081.000000
17.002750	0.640	22,372.000000
17.013417	0.640	18,910.000000
17.024083	0.640	17,943.000000
17.034750	0.640	19,478.000000
17.045417	0.640	20,598.000000
17.056083	0.640	19,832.000000
17.066750	0.640	20,811.000000
17.077417	0.640	28,013.000000
17.088083	0.640	36,503.000000
17.098750	0.640	36,674.000000
17.109417	0.640	28,093.000000
17.120083	0.640	20,738.000000
17.130750	0.640	20,791.000000
17.141417	0.640	20,156.000000
17.152083	0.640	14,065.000000
17.162750	0.640	13,570.000000
17.173417	0.640	22,788.000000
17.184083	0.640	31,006.000000
17.194750	0.640	34,394.000000
17.205417	0.640	37,844.000000
17.216083	0.640	40,826.000000
17.226750	0.640	41,106.000000
17.237417	0.640	41,007.000000
17.248083	0.640	42,808.000000
17.258750	0.640	45,802.000000
17.269417	0.640	47,665.000000
17.280083	0.640	47,069.000000
17.290750	0.640	45,630.000000
17.301417	0.640	46,750.000000
17.312083	0.640	50,246.000000
17.322750	0.640	52,598.000000
17.333417	0.640	53,896.000000
17.344083	0.640	57,830.000000
17.354750	0.640	64,228.000000
17.365417	0.640	67,172.000000
17.376083	0.640	65,690.000000
17.386750	0.640	65,638.000000
17.397417	0.640	66,420.000000
17.408083	0.640	62,162.000000
17.418750	0.640	55,806.000000
17.429417	0.640	56,840.000000
17.440083	0.640	63,298.000000
17.450750	0.640	63,568.000000
17.461417	0.640	57,966.000000
17.472083	0.640	55,860.000000
17.482750	0.640	58,127.000000
17.493417	0.640	58,652.000000
17.504083	0.640	55,795.000000
17.514750	0.640	55,351.000000
17.525417	0.640	58,585.000000
17.536083	0.640	58,612.000000
17.546750	0.640	55,791.000000
17.557417	0.640	56,552.000000
17.568083	0.640	57,994.000000
17.578750	0.640	55,597.000000
17.589417	0.640	55,830.000000
17.600083	0.640	62,301.000000
17.610750	0.640	65,163.000000
17.621417	0.640	58,465.000000
17.632083	0.640	50,188.000000
17.642750	0.640	47,741.000000
17.653417	0.640	49,515.000000
17.664083	0.640	51,386.000000
17.674750	0.640	51,583.000000
17.685417	0.640	51,330.000000
17.696083	0.640	51,925.000000
17.706750	0.640	51,668.000000
17.717417	0.640	50,846.000000
17.728083	0.640	51,865.000000
17.738750	0.640	52,788.000000
17.749417	0.640	52,635.000000
17.760083	0.640	55,174.000000
17.770750	0.640	60,163.000000
17.781417	0.640	64,017.000000
17.792083	0.640	66,958.000000
17.802750	0.640	68,633.000000
17.813417	0.640	68,357.000000
17.824083	0.640	68,376.000000
17.834750	0.640	66,441.000000
17.845417	0.640	60,292.000000
17.856083	0.640	56,629.000000
17.866750	0.640	59,503.000000
17.877417	0.640	61,639.000000
17.888083	0.640	56,569.000000
17.898750	0.640	46,570.000000
17.909417	0.640	36,522.000000
17.920083	0.640	31,411.000000
17.930750	0.640	34,278.000000
17.941417	0.640	41,676.000000
17.952083	0.640	48,312.000000
17.962750	0.640	51,867.000000
17.973417	0.640	52,140.000000
17.984083	0.640	51,794.000000
17.994750	0.640	52,176.000000
18.005417	0.640	50,298.000000
18.016083	0.640	47,244.000000
18.026750	0.640	47,273.000000
18.037417	0.640	49,340.000000
18.048083	0.640	51,039.000000
18.058750	0.640	50,895.000000
18.069417	0.640	47,037.000000
18.080083	0.640	42,020.000000
18.090750	0.640	40,683.000000
18.101417	0.640	41,954.000000
18.112083	0.640	40,742.000000
18.122750	0.640	36,474.000000
18.133417	0.640	32,762.000000
18.144083	0.640	31,100.000000
18.154750	0.640	30,696.000000
18.165417	0.640	30,861.000000
18.176083	0.640	31,514.000000
18.186750	0.640	33,118.000000
18.197417	0.640	35,540.000000
18.208083	0.640	38,305.000000
18.218750	0.640	42,869.000000
18.229417	0.640	51,236.000000
18.240083	0.640	62,734.000000
18.250750	0.640	74,444.000000
18.261417	0.640	84,783.000000
18.272083	0.640	96,820.000000
18.282750	0.640	117,780.000000
18.293417	0.640	155,565.000000
18.304083	0.640	210,252.000000
18.314750	0.640	271,249.000000
18.325417	0.640	327,830.000000
18.336083	0.640	374,674.000000
18.346750	0.640	410,952.000000
18.357417	0.640	436,434.000000
18.368083	0.640	444,131.000000
18.378750	0.640	425,822.000000
18.389417	0.640	384,697.000000
18.400083	0.640	330,922.000000
18.410750	0.640	270,228.000000
18.421417	0.640	208,603.000000
18.432083	0.640	156,203.000000
18.442750	0.640	119,915.000000
18.453417	0.640	99,364.000000
18.464083	0.640	85,779.000000
18.474750	0.640	70,914.000000
18.485417	0.640	58,299.000000
18.496083	0.640	52,967.000000
18.506750	0.640	50,930.000000
18.517417	0.640	48,189.000000
18.528083	0.640	45,558.000000
18.538750	0.640	42,186.000000
18.549417	0.640	36,666.000000
18.560083	0.640	32,912.000000
18.570750	0.640	34,886.000000
18.581417	0.640	38,244.000000
18.592083	0.640	37,350.000000
18.602750	0.640	34,371.000000
18.613417	0.640	33,268.000000
18.624083	0.640	34,454.000000
18.634750	0.640	36,618.000000
18.645417	0.640	37,455.000000
18.656083	0.640	36,260.000000
18.666750	0.640	34,814.000000
18.677417	0.640	33,972.000000
18.688083	0.640	34,214.000000
18.698750	0.640	36,257.000000
18.709417	0.640	37,942.000000
18.720083	0.640	36,202.000000
18.730750	0.640	30,225.000000
18.741417	0.640	22,258.000000
18.752083	0.640	19,248.000000
18.762750	0.640	24,341.000000
18.773417	0.640	30,263.000000
18.784083	0.640	31,018.000000
18.794750	0.640	27,968.000000
18.805417	0.640	25,044.000000
18.816083	0.640	26,498.000000
18.826750	0.640	32,734.000000
18.837417	0.640	37,985.000000
18.848083	0.640	36,743.000000
18.858750	0.640	31,640.000000
18.869417	0.640	29,538.000000
18.880083	0.640	30,917.000000
18.890750	0.640	30,642.000000
18.901417	0.640	27,245.000000
18.912083	0.640	25,665.000000
18.922750	0.640	28,865.000000
18.933417	0.640	31,784.000000
18.944083	0.640	30,006.000000
18.954750	0.640	27,142.000000
18.965417	0.640	28,099.000000
18.976083	0.640	31,950.000000
18.986750	0.640	33,307.000000
18.997417	0.640	28,957.000000
19.008083	0.640	22,450.000000
19.018750	0.640	19,969.000000
19.029417	0.640	22,263.000000
19.040083	0.640	23,108.000000
19.050750	0.640	19,405.000000
19.061417	0.640	16,672.000000
19.072083	0.640	17,416.000000
19.082750	0.640	17,365.000000
19.093417	0.640	16,960.000000
19.104083	0.640	20,390.000000
19.114750	0.640	25,228.000000
19.125417	0.640	26,804.000000
19.136083	0.640	26,948.000000
19.146750	0.640	28,309.000000
19.157417	0.640	28,751.000000
19.168083	0.640	27,447.000000
19.178750	0.640	25,556.000000
19.189417	0.640	21,732.000000
19.200083	0.640	17,109.000000
19.210750	0.640	14,965.000000
19.221417	0.640	13,852.000000
19.232083	0.640	13,565.000000
19.242750	0.640	17,468.000000
19.253417	0.640	22,691.000000
19.264083	0.640	22,580.000000
19.274750	0.640	18,294.000000
19.285417	0.640	16,044.000000
19.296083	0.640	17,276.000000
19.306750	0.640	20,350.000000
19.317417	0.640	23,937.000000
19.328083	0.640	25,916.000000
19.338750	0.640	25,846.000000
19.349417	0.640	24,587.000000
19.360083	0.640	21,668.000000
19.370750	0.640	17,828.000000
19.381417	0.640	15,918.000000
19.392083	0.640	17,541.000000
19.402750	0.640	20,457.000000
19.413417	0.640	20,150.000000
19.424083	0.640	15,138.000000
19.434750	0.640	9,586.000000
19.445417	0.640	8,996.000000
19.456083	0.640	14,243.000000
19.466750	0.640	21,669.000000
19.477417	0.640	27,337.000000
19.488083	0.640	27,542.000000
19.498750	0.640	20,141.000000
19.509417	0.640	10,506.000000
19.520083	0.640	6,038.000000
19.530750	0.640	6,529.000000
19.541417	0.640	9,977.000000
19.552083	0.640	15,875.000000
19.562750	0.640	20,815.000000
19.573417	0.640	21,370.000000
19.584083	0.640	17,432.000000
19.594750	0.640	12,053.000000
19.605417	0.640	9,534.000000
19.616083	0.640	10,736.000000
19.626750	0.640	12,365.000000
19.637417	0.640	11,852.000000
19.648083	0.640	11,277.000000
19.658750	0.640	13,673.000000
19.669417	0.640	17,221.000000
19.680083	0.640	19,890.000000
19.690750	0.640	22,492.000000
19.701417	0.640	23,035.000000
19.712083	0.640	20,702.000000
19.722750	0.640	20,624.000000
19.733417	0.640	23,013.000000
19.744083	0.640	20,216.000000
19.754750	0.640	12,759.000000
19.765417	0.640	12,111.000000
19.776083	0.640	20,895.000000
19.786750	0.640	26,939.000000
19.797417	0.640	23,123.000000
19.808083	0.640	16,746.000000
19.818750	0.640	15,494.000000
19.829417	0.640	18,207.000000
19.840083	0.640	20,610.000000
19.850750	0.640	21,596.000000
19.861417	0.640	22,087.000000
19.872083	0.640	23,038.000000
19.882750	0.640	24,076.000000
19.893417	0.640	21,564.000000
19.904083	0.640	14,069.000000
19.914750	0.640	6,004.000000
19.925417	0.640	2,192.000000
19.936083	0.640	4,525.000000
19.946750	0.640	10,450.000000
19.957417	0.640	13,610.000000
19.968083	0.640	11,485.000000
19.978750	0.640	9,355.000000
19.989417	0.640	11,740.000000
20.000083	0.640	16,038.000000
20.010750	0.640	18,377.000000
20.021417	0.640	19,085.000000
20.032083	0.640	19,252.000000
20.042750	0.640	17,707.000000
20.053417	0.640	16,682.000000
20.064083	0.640	19,508.000000
20.074750	0.640	20,531.000000
20.085417	0.640	14,768.000000
20.096083	0.640	9,543.000000
20.106750	0.640	11,440.000000
20.117417	0.640	15,309.000000
20.128083	0.640	14,574.000000
20.138750	0.640	9,814.000000
20.149417	0.640	3,689.000000
20.160083	0.640	-1,305.000000
20.170750	0.640	-1,079.000000
20.181417	0.640	4,864.000000
20.192083	0.640	11,046.000000
20.202750	0.640	13,323.000000
20.213417	0.640	12,269.000000
20.224083	0.640	9,894.000000
20.234750	0.640	8,439.000000
20.245417	0.640	8,774.000000
20.256083	0.640	8,210.000000
20.266750	0.640	5,639.000000
20.277417	0.640	4,962.000000
20.288083	0.640	6,900.000000
20.298750	0.640	8,615.000000
20.309417	0.640	10,479.000000
20.320083	0.640	11,629.000000
20.330750	0.640	9,830.000000
20.341417	0.640	8,606.000000
20.352083	0.640	12,685.000000
20.362750	0.640	18,516.000000
20.373417	0.640	19,627.000000
20.384083	0.640	17,898.000000
20.394750	0.640	18,345.000000
20.405417	0.640	20,998.000000
20.416083	0.640	24,814.000000
20.426750	0.640	29,971.000000
20.437417	0.640	36,269.000000
20.448083	0.640	43,677.000000
20.458750	0.640	52,666.000000
20.469417	0.640	65,388.000000
20.480083	0.640	85,873.000000
20.490750	0.640	114,258.000000
20.501417	0.640	147,093.000000
20.512083	0.640	186,741.000000
20.522750	0.640	238,058.000000
20.533417	0.640	301,673.000000
20.544083	0.640	380,127.000000
20.554750	0.640	477,929.000000
20.565417	0.640	598,570.000000
20.576083	0.640	751,338.000000
20.586750	0.640	949,332.000000
20.597417	0.640	1,198,092.000000
20.608083	0.640	1,501,727.000000
20.618750	0.640	1,877,260.000000
20.629417	0.640	2,352,684.000000
20.640083	0.640	2,963,126.000000
20.650750	0.640	3,753,336.000000
20.661417	0.640	4,777,526.000000
20.672083	0.640	6,096,663.000000
20.682750	0.640	7,761,264.000000
20.693417	0.640	9,793,025.000000
20.704083	0.640	12,183,992.000000
20.714750	0.640	14,879,508.000000
20.725417	0.640	17,748,610.000000
20.736083	0.640	20,576,424.000000
20.746750	0.640	23,097,674.000000
20.757417	0.640	25,060,942.000000
20.768083	0.640	26,257,770.000000
20.778750	0.640	26,526,733.000000
20.789417	0.640	25,800,659.000000
20.800083	0.640	24,173,051.000000
20.810750	0.640	21,876,222.000000
20.821417	0.640	19,178,639.000000
20.832083	0.640	16,333,548.000000
20.842750	0.640	13,565,027.000000
20.853417	0.640	11,046,314.000000
20.864083	0.640	8,889,329.000000
20.874750	0.640	7,131,384.000000
20.885417	0.640	5,749,497.000000
20.896083	0.640	4,696,846.000000
20.906750	0.640	3,916,501.000000
20.917417	0.640	3,348,211.000000
20.928083	0.640	2,936,514.000000
20.938750	0.640	2,634,569.000000
20.949417	0.640	2,408,500.000000
20.960083	0.640	2,236,232.000000
20.970750	0.640	2,103,400.000000
20.981417	0.640	2,000,192.000000
20.992083	0.640	1,914,974.000000
21.002750	0.640	1,835,885.000000
21.013417	0.640	1,759,546.000000
21.024083	0.640	1,690,351.000000
21.034750	0.640	1,634,492.000000
21.045417	0.640	1,592,200.000000
21.056083	0.640	1,553,861.000000
21.066750	0.640	1,511,127.000000
21.077417	0.640	1,467,787.000000
21.088083	0.640	1,433,941.000000
21.098750	0.640	1,409,696.000000
21.109417	0.640	1,384,090.000000
21.120083	0.640	1,354,338.000000
21.130750	0.640	1,327,120.000000
21.141417	0.640	1,303,604.000000
21.152083	0.640	1,281,551.000000
21.162750	0.640	1,262,270.000000
21.173417	0.640	1,247,370.000000
21.184083	0.640	1,234,364.000000
21.194750	0.640	1,218,305.000000
21.205417	0.640	1,199,162.000000
21.216083	0.640	1,181,762.000000
21.226750	0.640	1,165,680.000000
21.237417	0.640	1,145,986.000000
21.248150	0.644	1,123,534.000000
21.258750	0.636	1,102,287.000000
21.269417	0.640	1,083,330.000000
21.280083	0.640	1,069,404.000000
21.290750	0.640	1,061,475.000000
21.301417	0.640	1,050,238.000000
21.312083	0.640	1,028,901.000000
21.322750	0.640	1,006,540.000000
21.333417	0.640	992,147.000000
21.344083	0.640	980,555.000000
21.354750	0.640	964,897.000000
21.365417	0.640	949,188.000000
21.376083	0.640	940,813.000000
21.386750	0.640	937,433.000000
21.397417	0.640	932,055.000000
21.408083	0.640	924,327.000000
21.418750	0.640	915,905.000000
21.429417	0.640	906,960.000000
21.440083	0.640	901,267.000000
21.450750	0.640	899,760.000000
21.461417	0.640	894,271.000000
21.472083	0.640	881,484.000000
21.482750	0.640	869,591.000000
21.493417	0.640	862,839.000000
21.504083	0.640	858,824.000000
21.514750	0.640	856,873.000000
21.525417	0.640	853,619.000000
21.536083	0.640	844,161.000000
21.546750	0.640	829,428.000000
21.557417	0.640	814,537.000000
21.568083	0.640	804,883.000000
21.578750	0.640	799,482.000000
21.589417	0.640	790,786.000000
21.600083	0.640	776,760.000000
21.610750	0.640	763,445.000000
21.621417	0.640	753,343.000000
21.632083	0.640	740,768.000000
21.642750	0.640	724,052.000000
21.653417	0.640	710,483.000000
21.664083	0.640	702,372.000000
21.674750	0.640	693,451.000000
21.685417	0.640	679,896.000000
21.696083	0.640	662,456.000000
21.706750	0.640	642,748.000000
21.717417	0.640	626,160.000000
21.728083	0.640	618,172.000000
21.738750	0.640	614,973.000000
21.749417	0.640	608,758.000000
21.760083	0.640	596,485.000000
21.770750	0.640	582,148.000000
21.781417	0.640	572,950.000000
21.792083	0.640	568,067.000000
21.802750	0.640	561,216.000000
21.813417	0.640	552,028.000000
21.824083	0.640	543,879.000000
21.834750	0.640	537,785.000000
21.845417	0.640	531,898.000000
21.856083	0.640	524,509.000000
21.866750	0.640	515,676.000000
21.877417	0.640	506,397.000000
21.888083	0.640	499,044.000000
21.898750	0.640	495,423.000000
21.909417	0.640	493,909.000000
21.920083	0.640	491,203.000000
21.930750	0.640	486,185.000000
21.941417	0.640	480,217.000000
21.952083	0.640	473,202.000000
21.962750	0.640	464,085.000000
21.973417	0.640	455,359.000000
21.984083	0.640	450,562.000000
21.994750	0.640	449,841.000000
22.005417	0.640	450,192.000000
22.016083	0.640	447,273.000000
22.026750	0.640	441,275.000000
22.037417	0.640	436,840.000000
22.048083	0.640	432,571.000000
22.058750	0.640	424,677.000000
22.069417	0.640	418,382.000000
22.080083	0.640	418,392.000000
22.090750	0.640	420,463.000000
22.101417	0.640	421,400.000000
22.112083	0.640	420,235.000000
22.122750	0.640	414,938.000000
22.133417	0.640	408,027.000000
22.144083	0.640	403,206.000000
22.154750	0.640	399,752.000000
22.165417	0.640	396,958.000000
22.176083	0.640	395,500.000000
22.186750	0.640	395,365.000000
22.197417	0.640	396,076.000000
22.208083	0.640	395,317.000000
22.218750	0.640	390,217.000000
22.229417	0.640	382,791.000000
22.240083	0.640	378,493.000000
22.250750	0.640	378,804.000000
22.261417	0.640	378,711.000000
22.272083	0.640	372,863.000000
22.282750	0.640	365,458.000000
22.293417	0.640	365,299.000000
22.304083	0.640	369,640.000000
22.314750	0.640	369,541.000000
22.325417	0.640	366,346.000000
22.336083	0.640	366,530.000000
22.346750	0.640	368,731.000000
22.357417	0.640	365,485.000000
22.368083	0.640	356,098.000000
22.378750	0.640	349,585.000000
22.389417	0.640	349,925.000000
22.400083	0.640	351,677.000000
22.410750	0.640	350,789.000000
22.421417	0.640	347,523.000000
22.432083	0.640	344,158.000000
22.442750	0.640	342,706.000000
22.453417	0.640	341,058.000000
22.464083	0.640	337,572.000000
22.474750	0.640	336,136.000000
22.485417	0.640	340,013.000000
22.496083	0.640	346,488.000000
22.506750	0.640	348,936.000000
22.517417	0.640	344,381.000000
22.528083	0.640	337,878.000000
22.538750	0.640	335,285.000000
22.549417	0.640	336,909.000000
22.560083	0.640	340,243.000000
22.570750	0.640	342,183.000000
22.581417	0.640	340,386.000000
22.592083	0.640	337,106.000000
22.602750	0.640	336,025.000000
22.613417	0.640	335,790.000000
22.624083	0.640	333,999.000000
22.634750	0.640	332,036.000000
22.645417	0.640	330,483.000000
22.656083	0.640	328,185.000000
22.666750	0.640	326,398.000000
22.677417	0.640	324,954.000000
22.688083	0.640	321,112.000000
22.698750	0.640	316,726.000000
22.709417	0.640	315,527.000000
22.720083	0.640	317,283.000000
22.730750	0.640	319,241.000000
22.741417	0.640	318,237.000000
22.752083	0.640	315,230.000000
22.762750	0.640	313,440.000000
22.773417	0.640	312,122.000000
22.784083	0.640	311,750.000000
22.794750	0.640	314,816.000000
22.805417	0.640	318,118.000000
22.816083	0.640	317,869.000000
22.826750	0.640	315,916.000000
22.837417	0.640	314,326.000000
22.848083	0.640	314,238.000000
22.858750	0.640	316,380.000000
22.869417	0.640	319,102.000000
22.880083	0.640	322,502.000000
22.890750	0.640	327,451.000000
22.901417	0.640	329,752.000000
22.912083	0.640	326,057.000000
22.922750	0.640	319,842.000000
22.933417	0.640	315,019.000000
22.944083	0.640	313,736.000000
22.954750	0.640	318,551.000000
22.965417	0.640	325,780.000000
22.976083	0.640	327,335.000000
22.986750	0.640	323,722.000000
22.997417	0.640	322,050.000000
23.008083	0.640	323,177.000000
23.018750	0.640	320,608.000000
23.029417	0.640	314,202.000000
23.040083	0.640	315,104.000000
23.050750	0.640	326,697.000000
23.061417	0.640	336,400.000000
23.072083	0.640	336,170.000000
23.082750	0.640	332,382.000000
23.093417	0.640	331,729.000000
23.104083	0.640	332,451.000000
23.114750	0.640	331,854.000000
23.125417	0.640	331,079.000000
23.136083	0.640	330,733.000000
23.146750	0.640	331,520.000000
23.157417	0.640	335,236.000000
23.168083	0.640	339,649.000000
23.178750	0.640	341,698.000000
23.189417	0.640	342,719.000000
23.200083	0.640	343,610.000000
23.210750	0.640	343,921.000000
23.221417	0.640	344,446.000000
23.232083	0.640	347,116.000000
23.242750	0.640	353,200.000000
23.253417	0.640	357,057.000000
23.264083	0.640	354,404.000000
23.274750	0.640	353,584.000000
23.285417	0.640	358,731.000000
23.296083	0.640	361,260.000000
23.306750	0.640	357,775.000000
23.317417	0.640	355,189.000000
23.328083	0.640	357,398.000000
23.338750	0.640	359,336.000000
23.349417	0.640	358,512.000000
23.360083	0.640	359,808.000000
23.370750	0.640	364,449.000000
23.381417	0.640	369,624.000000
23.392083	0.640	373,703.000000
23.402750	0.640	374,721.000000
23.413417	0.640	371,863.000000
23.424083	0.640	368,621.000000
23.434750	0.640	371,749.000000
23.445417	0.640	381,095.000000
23.456083	0.640	386,601.000000
23.466750	0.640	385,822.000000
23.477417	0.640	387,541.000000
23.488083	0.640	394,505.000000
23.498750	0.640	401,170.000000
23.509417	0.640	405,852.000000
23.520083	0.640	412,528.000000
23.530750	0.640	421,924.000000
23.541417	0.640	428,281.000000
23.552083	0.640	425,572.000000
23.562750	0.640	416,231.000000
23.573417	0.640	411,240.000000
23.584083	0.640	415,039.000000
23.594750	0.640	418,638.000000
23.605483	0.644	417,272.000000
23.616083	0.636	418,024.000000
23.626750	0.640	422,065.000000
23.637417	0.640	423,026.000000
23.648083	0.640	422,578.000000
23.658750	0.640	425,074.000000
23.669417	0.640	426,485.000000
23.680083	0.640	422,940.000000
23.690750	0.640	420,734.000000
23.701417	0.640	427,424.000000
23.712083	0.640	438,129.000000
23.722750	0.640	442,205.000000
23.733417	0.640	438,278.000000
23.744083	0.640	434,847.000000
23.754750	0.640	439,267.000000
23.765417	0.640	447,300.000000
23.776083	0.640	449,430.000000
23.786750	0.640	447,118.000000
23.797417	0.640	447,539.000000
23.808083	0.640	449,424.000000
23.818750	0.640	449,782.000000
23.829417	0.640	451,134.000000
23.840083	0.640	455,428.000000
23.850750	0.640	462,577.000000
23.861417	0.640	471,582.000000
23.872083	0.640	478,574.000000
23.882750	0.640	480,470.000000
23.893417	0.640	478,957.000000
23.904083	0.640	478,662.000000
23.914750	0.640	483,573.000000
23.925417	0.640	494,530.000000
23.936083	0.640	505,825.000000
23.946817	0.644	506,464.000000
23.957417	0.636	498,481.000000
23.968083	0.640	499,809.000000
23.978750	0.640	514,215.000000
23.989417	0.640	527,659.000000
24.000083	0.640	536,506.000000
24.010750	0.640	548,036.000000
24.021417	0.640	561,963.000000
24.032083	0.640	573,903.000000
24.042750	0.640	583,285.000000
24.053417	0.640	588,919.000000
24.064083	0.640	590,293.000000
24.074750	0.640	587,653.000000
24.085417	0.640	578,617.000000
24.096083	0.640	565,760.000000
24.106750	0.640	557,282.000000
24.117417	0.640	555,982.000000
24.128083	0.640	557,079.000000
24.138750	0.640	553,623.000000
24.149417	0.640	545,370.000000
24.160083	0.640	541,701.000000
24.170750	0.640	545,626.000000
24.181417	0.640	549,810.000000
24.192083	0.640	553,935.000000
24.202750	0.640	562,420.000000
24.213417	0.640	574,497.000000
24.224083	0.640	587,362.000000
24.234750	0.640	594,456.000000
24.245417	0.640	591,726.000000
24.256083	0.640	586,360.000000
24.266750	0.640	587,049.000000
24.277417	0.640	596,078.000000
24.288083	0.640	607,430.000000
24.298750	0.640	611,866.000000
24.309417	0.640	610,005.000000
24.320083	0.640	607,923.000000
24.330750	0.640	606,162.000000
24.341417	0.640	605,148.000000
24.352083	0.640	608,252.000000
24.362750	0.640	615,308.000000
24.373417	0.640	621,483.000000
24.384083	0.640	622,545.000000
24.394750	0.640	620,632.000000
24.405417	0.640	621,444.000000
24.416083	0.640	625,244.000000
24.426750	0.640	628,106.000000
24.437417	0.640	628,500.000000
24.448083	0.640	627,829.000000
24.458750	0.640	628,870.000000
24.469417	0.640	634,263.000000
24.480083	0.640	643,885.000000
24.490750	0.640	651,872.000000
24.501417	0.640	652,161.000000
24.512083	0.640	650,487.000000
24.522750	0.640	657,361.000000
24.533417	0.640	668,876.000000
24.544083	0.640	671,470.000000
24.554750	0.640	664,006.000000
24.565417	0.640	660,495.000000
24.576083	0.640	670,105.000000
24.586750	0.640	685,238.000000
24.597417	0.640	693,163.000000
24.608083	0.640	693,225.000000
24.618750	0.640	694,323.000000
24.629417	0.640	698,901.000000
24.640083	0.640	703,373.000000
24.650750	0.640	707,975.000000
24.661417	0.640	712,226.000000
24.672083	0.640	713,340.000000
24.682750	0.640	714,590.000000
24.693417	0.640	720,204.000000
24.704083	0.640	727,562.000000
24.714750	0.640	733,755.000000
24.725417	0.640	740,856.000000
24.736083	0.640	751,054.000000
24.746750	0.640	760,774.000000
24.757417	0.640	766,397.000000
24.768083	0.640	771,680.000000
24.778750	0.640	779,407.000000
24.789417	0.640	786,817.000000
24.800083	0.640	794,881.000000
24.810750	0.640	808,696.000000
24.821417	0.640	827,237.000000
24.832083	0.640	842,195.000000
24.842750	0.640	850,253.000000
24.853417	0.640	857,979.000000
24.864083	0.640	867,594.000000
24.874750	0.640	871,118.000000
24.885417	0.640	867,548.000000
24.896083	0.640	867,023.000000
24.906750	0.640	871,940.000000
24.917417	0.640	874,103.000000
24.928083	0.640	871,642.000000
24.938750	0.640	872,442.000000
24.949417	0.640	878,939.000000
24.960083	0.640	884,704.000000
24.970750	0.640	888,895.000000
24.981417	0.640	897,062.000000
24.992083	0.640	909,751.000000
25.002750	0.640	922,346.000000
25.013417	0.640	932,329.000000
25.024083	0.640	940,432.000000
25.034750	0.640	945,455.000000
25.045417	0.640	947,126.000000
25.056083	0.640	951,014.000000
25.066750	0.640	958,336.000000
25.077417	0.640	963,012.000000
25.088083	0.640	965,899.000000
25.098750	0.640	973,481.000000
25.109417	0.640	983,452.000000
25.120083	0.640	988,157.000000
25.130750	0.640	988,645.000000
25.141417	0.640	991,518.000000
25.152083	0.640	995,080.000000
25.162750	0.640	994,354.000000
25.173417	0.640	993,654.000000
25.184083	0.640	999,664.000000
25.194750	0.640	1,012,080.000000
25.205417	0.640	1,024,720.000000
25.216083	0.640	1,030,935.000000
25.226750	0.640	1,031,918.000000
25.237417	0.640	1,033,116.000000
25.248083	0.640	1,034,640.000000
25.258750	0.640	1,034,913.000000
25.269417	0.640	1,037,269.000000
25.280083	0.640	1,044,433.000000
25.290750	0.640	1,050,500.000000
25.301417	0.640	1,050,773.000000
25.312083	0.640	1,052,717.000000
25.322750	0.640	1,062,687.000000
25.333417	0.640	1,073,036.000000
25.344083	0.640	1,075,963.000000
25.354750	0.640	1,076,874.000000
25.365417	0.640	1,081,374.000000
25.376083	0.640	1,085,589.000000
25.386750	0.640	1,087,282.000000
25.397417	0.640	1,087,580.000000
25.408083	0.640	1,086,324.000000
25.418750	0.640	1,087,169.000000
25.429417	0.640	1,090,536.000000
25.440083	0.640	1,089,080.000000
25.450750	0.640	1,082,529.000000
25.461417	0.640	1,077,570.000000
25.472083	0.640	1,074,747.000000
25.482750	0.640	1,071,257.000000
25.493417	0.640	1,068,882.000000
25.504083	0.640	1,070,387.000000
25.514750	0.640	1,075,136.000000
25.525417	0.640	1,080,623.000000
25.536083	0.640	1,083,131.000000
25.546750	0.640	1,080,824.000000
25.557417	0.640	1,079,158.000000
25.568083	0.640	1,085,502.000000
25.578750	0.640	1,095,946.000000
25.589417	0.640	1,099,788.000000
25.600083	0.640	1,097,513.000000
25.610750	0.640	1,097,439.000000
25.621417	0.640	1,101,734.000000
25.632083	0.640	1,108,882.000000
25.642750	0.640	1,117,140.000000
25.653417	0.640	1,122,169.000000
25.664083	0.640	1,121,887.000000
25.674750	0.640	1,120,365.000000
25.685417	0.640	1,120,992.000000
25.696083	0.640	1,124,484.000000
25.706750	0.640	1,134,362.000000
25.717417	0.640	1,149,179.000000
25.728083	0.640	1,157,756.000000
25.738750	0.640	1,156,728.000000
25.749417	0.640	1,155,590.000000
25.760083	0.640	1,158,722.000000
25.770750	0.640	1,161,385.000000
25.781417	0.640	1,161,892.000000
25.792083	0.640	1,163,834.000000
25.802750	0.640	1,168,544.000000
25.813417	0.640	1,173,542.000000
25.824083	0.640	1,179,440.000000
25.834750	0.640	1,188,934.000000
25.845417	0.640	1,199,859.000000
25.856083	0.640	1,210,067.000000
25.866750	0.640	1,221,158.000000
25.877417	0.640	1,235,235.000000
25.888083	0.640	1,254,402.000000
25.898750	0.640	1,276,039.000000
25.909417	0.640	1,287,699.000000
25.920083	0.640	1,277,248.000000
25.930750	0.640	1,247,760.000000
25.941417	0.640	1,214,676.000000
25.952083	0.640	1,193,379.000000
25.962750	0.640	1,189,790.000000
25.973417	0.640	1,195,777.000000
25.984083	0.640	1,198,038.000000
25.994750	0.640	1,191,656.000000
26.005417	0.640	1,182,968.000000
26.016083	0.640	1,181,687.000000
26.026750	0.640	1,188,548.000000
26.037417	0.640	1,195,177.000000
26.048083	0.640	1,195,986.000000
26.058750	0.640	1,193,735.000000
26.069417	0.640	1,194,100.000000
26.080083	0.640	1,194,971.000000
26.090750	0.640	1,189,805.000000
26.101417	0.640	1,182,349.000000
26.112083	0.640	1,180,832.000000
26.122750	0.640	1,185,107.000000
26.133417	0.640	1,191,895.000000
26.144083	0.640	1,196,551.000000
26.154750	0.640	1,191,512.000000
26.165417	0.640	1,176,769.000000
26.176083	0.640	1,159,597.000000
26.186750	0.640	1,144,530.000000
26.197417	0.640	1,133,976.000000
26.208083	0.640	1,130,352.000000
26.218750	0.640	1,133,370.000000
26.229417	0.640	1,140,244.000000
26.240083	0.640	1,150,932.000000
26.250750	0.640	1,166,234.000000
26.261417	0.640	1,181,006.000000
26.272083	0.640	1,189,920.000000
26.282750	0.640	1,191,621.000000
26.293417	0.640	1,182,035.000000
26.304083	0.640	1,161,732.000000
26.314750	0.640	1,146,985.000000
26.325417	0.640	1,152,988.000000
26.336083	0.640	1,182,152.000000
26.346750	0.640	1,253,551.000000
26.357417	0.640	1,447,741.000000
26.368083	0.640	1,938,110.000000
26.378750	0.640	2,888,877.000000
26.389417	0.640	4,099,043.000000
26.400083	0.640	4,832,052.000000
26.410750	0.640	4,446,126.000000
26.421417	0.640	3,199,234.000000
26.432083	0.640	1,986,814.000000
26.442750	0.640	1,362,594.000000
26.453417	0.640	1,211,159.000000
26.464083	0.640	1,204,321.000000
26.474750	0.640	1,186,607.000000
26.485417	0.640	1,162,941.000000
26.496083	0.640	1,159,107.000000
26.506750	0.640	1,170,714.000000
26.517417	0.640	1,184,705.000000
26.528083	0.640	1,197,169.000000
26.538750	0.640	1,211,771.000000
26.549417	0.640	1,231,534.000000
26.560083	0.640	1,253,000.000000
26.570750	0.640	1,271,005.000000
26.581417	0.640	1,280,516.000000
26.592083	0.640	1,276,408.000000
26.602750	0.640	1,264,969.000000
26.613417	0.640	1,260,691.000000
26.624083	0.640	1,264,750.000000
26.634750	0.640	1,264,706.000000
26.645417	0.640	1,256,539.000000
26.656083	0.640	1,251,264.000000
26.666750	0.640	1,258,253.000000
26.677417	0.640	1,276,877.000000
26.688083	0.640	1,305,904.000000
26.698750	0.640	1,350,905.000000
26.709417	0.640	1,425,522.000000
26.720083	0.640	1,566,959.000000
26.730750	0.640	1,846,709.000000
26.741417	0.640	2,271,002.000000
26.752083	0.640	2,630,066.000000
26.762750	0.640	2,636,466.000000
26.773417	0.640	2,301,858.000000
26.784083	0.640	1,953,172.000000
26.794750	0.640	1,834,411.000000
26.805417	0.640	1,907,352.000000
26.816083	0.640	2,019,215.000000
26.826750	0.640	2,083,887.000000
26.837417	0.640	2,112,740.000000
26.848083	0.640	2,170,240.000000
26.858750	0.640	2,306,452.000000
26.869417	0.640	2,545,563.000000
26.880083	0.640	3,108,688.000000
26.890750	0.640	5,394,093.000000
26.901417	0.640	15,117,135.000000
26.912083	0.640	44,338,678.000000
26.922750	0.640	97,543,090.000000
26.933417	0.640	147,190,430.000000
26.944083	0.640	148,995,468.000000
26.954750	0.640	98,604,281.000000
26.965417	0.640	40,606,665.000000
26.976083	0.640	11,052,536.000000
26.986750	0.640	5,989,386.000000
26.997417	0.640	7,034,198.000000
27.008083	0.640	6,688,417.000000
27.018750	0.640	7,050,422.000000
27.029417	0.640	12,428,269.000000
27.040083	0.640	27,837,388.000000
27.050750	0.640	56,025,543.000000
27.061417	0.640	88,845,026.000000
27.072083	0.640	105,700,883.000000
27.082750	0.640	91,788,482.000000
27.093417	0.640	57,105,887.000000
27.104083	0.640	26,197,834.000000
27.114750	0.640	12,007,640.000000
27.125417	0.640	10,015,153.000000
27.136083	0.640	11,957,250.000000
27.146750	0.640	14,012,973.000000
27.157417	0.640	14,520,022.000000
27.168083	0.640	12,638,594.000000
27.178750	0.640	9,702,991.000000
27.189417	0.640	7,869,053.000000
27.200083	0.640	7,730,841.000000
27.210750	0.640	8,638,125.000000
27.221417	0.640	9,986,439.000000
27.232083	0.640	11,157,179.000000
27.242750	0.640	11,560,914.000000
27.253417	0.640	13,471,753.000000
27.264083	0.640	14,340,030.000000
27.264250	0.010	31,510,045.000000
27.264417	0.010	14,340,030.000000
27.264583	0.010	31,510,045.000000
27.264750	0.010	14,340,030.000000
27.264917	0.010	31,510,045.000000
27.265083	0.010	14,340,030.000000
27.274750	0.580	14,340,030.000000
27.285417	0.640	14,340,030.000000
27.296083	0.640	14,340,030.000000
27.306750	0.640	14,340,030.000000
27.317417	0.640	14,340,030.000000
27.317583	0.010	31,510,045.000000
27.317750	0.010	14,340,030.000000
27.317917	0.010	31,510,045.000000
27.318083	0.010	14,340,030.000000
27.318250	0.010	31,510,045.000000
27.318417	0.010	14,340,030.000000
27.328083	0.580	232,720,229.000000
27.338750	0.640	130,141,805.000000
27.349417	0.640	76,492,063.000000
27.360083	0.640	59,896,724.000000
27.370750	0.640	50,553,344.000000
27.381417	0.640	49,335,347.000000
27.392083	0.640	50,203,624.000000
27.392250	0.010	85,305,436.000000
27.392417	0.010	50,203,624.000000
27.392583	0.010	85,305,436.000000
27.392750	0.010	50,203,624.000000
27.392917	0.010	85,305,436.000000
27.393083	0.010	50,203,624.000000
27.402750	0.580	50,203,624.000000
27.413417	0.640	50,203,624.000000
27.424083	0.640	50,203,624.000000
27.434750	0.640	50,203,624.000000
27.445417	0.640	50,203,624.000000
27.456083	0.640	50,203,624.000000
27.466750	0.640	50,203,624.000000
27.477417	0.640	50,203,624.000000
27.488083	0.640	50,203,624.000000
27.498750	0.640	50,203,624.000000
27.498917	0.010	85,305,436.000000
27.499083	0.010	50,203,624.000000
27.499250	0.010	85,305,436.000000
27.499417	0.010	50,203,624.000000
27.499583	0.010	85,305,436.000000
27.499750	0.010	50,203,624.000000
27.509417	0.580	124,687,962.000000
27.520083	0.640	111,064,674.000000
27.530750	0.640	120,290,014.000000
27.541417	0.640	120,454,129.000000
27.552083	0.640	102,187,424.000000
27.562750	0.640	80,788,783.000000
27.573417	0.640	66,459,829.000000
27.584083	0.640	57,044,399.000000
27.594750	0.640	49,599,945.000000
27.605417	0.640	43,955,576.000000
27.616083	0.640	40,029,081.000000
27.626750	0.640	36,908,703.000000
27.637417	0.640	34,007,154.000000
27.648083	0.640	31,694,390.000000
27.658750	0.640	30,379,301.000000
27.669417	0.640	29,589,288.000000
27.680083	0.640	28,540,988.000000
27.690750	0.640	27,178,182.000000
27.701417	0.640	26,039,449.000000
27.712083	0.640	25,378,369.000000
27.722750	0.640	24,986,812.000000
27.733417	0.640	24,589,046.000000
27.744083	0.640	24,078,460.000000
27.754750	0.640	23,719,097.000000
27.765417	0.640	23,977,270.000000
27.776083	0.640	24,799,226.000000
27.786750	0.640	25,532,294.000000
27.797417	0.640	25,689,276.000000
27.808083	0.640	25,207,076.000000
27.818750	0.640	24,191,812.000000
27.829417	0.640	22,943,795.000000
27.840083	0.640	21,939,369.000000
27.850750	0.640	21,493,137.000000
27.861417	0.640	21,516,473.000000
27.872083	0.640	21,805,098.000000
27.882750	0.640	23,197,651.000000
27.893417	0.640	30,253,538.000000
27.904083	0.640	31,121,815.000000
27.904250	0.010	56,682,722.000000
27.904417	0.010	31,121,815.000000
27.904583	0.010	56,682,722.000000
27.904750	0.010	31,121,815.000000
27.904917	0.010	56,682,722.000000
27.905083	0.010	31,121,815.000000
27.914750	0.580	31,121,815.000000
27.925417	0.640	31,121,815.000000
27.936083	0.640	31,121,815.000000
27.946750	0.640	31,121,815.000000
27.957417	0.640	31,121,815.000000
27.968083	0.640	31,121,815.000000
27.978750	0.640	31,121,815.000000
27.989417	0.640	31,121,815.000000
28.000083	0.640	31,121,815.000000
28.010750	0.640	31,121,815.000000
28.021417	0.640	31,121,815.000000
28.032083	0.640	31,121,815.000000
28.042750	0.640	31,121,815.000000
28.053417	0.640	31,121,815.000000
28.064083	0.640	31,121,815.000000
28.074750	0.640	31,121,815.000000
28.085417	0.640	31,121,815.000000
28.096083	0.640	31,121,815.000000
28.106750	0.640	31,121,815.000000
28.106917	0.010	56,682,722.000000
28.107083	0.010	31,121,815.000000
28.107250	0.010	56,682,722.000000
28.107417	0.010	31,121,815.000000
28.107583	0.010	56,682,722.000000
28.107750	0.010	31,121,815.000000
28.117417	0.580	178,561,009.000000
28.128083	0.640	89,713,339.000000
28.138750	0.640	68,519,875.000000
28.149417	0.640	71,610,891.000000
28.160083	0.640	68,422,223.000000
28.170750	0.640	57,943,404.000000
28.181417	0.640	44,961,105.000000
28.192083	0.640	33,013,916.000000
28.202750	0.640	27,485,583.000000
28.213417	0.640	33,901,008.000000
28.224083	0.640	56,664,266.000000
28.234750	0.640	93,596,579.000000
28.245417	0.640	130,252,260.000000
28.256083	0.640	151,389,324.000000
28.266750	0.640	158,021,177.000000
28.277417	0.640	161,500,432.000000
28.288083	0.640	165,399,945.000000
28.298750	0.640	164,690,557.000000
28.309417	0.640	157,427,179.000000
28.320083	0.640	148,001,445.000000
28.330750	0.640	141,170,385.000000
28.341483	0.644	137,452,660.000000
28.352083	0.636	133,198,885.000000
28.362750	0.640	122,804,019.000000
28.373417	0.640	102,325,878.000000
28.384083	0.640	74,072,186.000000
28.394750	0.640	46,879,833.000000
28.405417	0.640	28,810,678.000000
28.416083	0.640	20,437,525.000000
28.426750	0.640	17,354,043.000000
28.437417	0.640	16,744,754.000000
28.448083	0.640	18,508,508.000000
28.458750	0.640	21,612,783.000000
28.469417	0.640	22,924,128.000000
28.480083	0.640	20,505,181.000000
28.490750	0.640	15,926,808.000000
28.501417	0.640	12,078,860.000000
28.512083	0.640	10,120,598.000000
28.522750	0.640	9,405,031.000000
28.533417	0.640	9,095,215.000000
28.544083	0.640	8,901,873.000000
28.554750	0.640	8,783,305.000000
28.565417	0.640	8,648,748.000000
28.576083	0.640	8,406,512.000000
28.586750	0.640	8,071,399.000000
28.597417	0.640	7,732,587.000000
28.608083	0.640	7,423,212.000000
28.618750	0.640	7,049,858.000000
28.629417	0.640	6,473,106.000000
28.640083	0.640	5,625,562.000000
28.650750	0.640	4,557,306.000000
28.661417	0.640	3,431,353.000000
28.672083	0.640	2,440,410.000000
28.682750	0.640	1,683,722.000000
28.693417	0.640	1,158,142.000000
28.704083	0.640	834,249.000000
28.714750	0.640	753,510.000000
28.725417	0.640	949,661.000000
28.736083	0.640	1,119,482.000000
28.746750	0.640	876,947.000000
28.757417	0.640	409,512.000000
28.768083	0.640	150,582.000000
28.778750	0.640	123,240.000000
28.789417	0.640	128,330.000000
28.800083	0.640	101,383.000000
28.810750	0.640	75,981.000000
28.821417	0.640	66,399.000000
28.832083	0.640	62,212.000000
28.842750	0.640	55,876.000000
28.853417	0.640	44,800.000000
28.864083	0.640	33,430.000000
28.874750	0.640	28,041.000000
28.885417	0.640	23,065.000000
28.896083	0.640	13,246.000000
28.906750	0.640	6,487.000000
28.917417	0.640	8,750.000000
28.928083	0.640	13,905.000000
28.938750	0.640	13,159.000000
28.949417	0.640	6,421.000000
28.960083	0.640	2,381.000000
28.970750	0.640	5,686.000000
28.981417	0.640	11,237.000000
28.992083	0.640	12,889.000000
29.002750	0.640	9,142.000000
29.013417	0.640	3,083.000000
29.024083	0.640	-821.000000
29.034750	0.640	-1,289.000000
29.045417	0.640	101.000000
29.056083	0.640	1,699.000000
29.066750	0.640	2,186.000000
29.077417	0.640	692.000000
29.088083	0.640	-1,211.000000
29.098750	0.640	-1,508.000000
29.109417	0.640	-1,425.000000
29.120083	0.640	-1,974.000000
29.130750	0.640	-136.000000
29.141417	0.640	5,885.000000
29.152083	0.640	10,460.000000
29.162750	0.640	6,879.000000
29.173417	0.640	-1,626.000000
29.184083	0.640	-5,578.000000
29.194750	0.640	-1,965.000000
29.205417	0.640	3,797.000000
29.216083	0.640	6,491.000000
29.226817	0.644	7,021.000000
29.237417	0.636	7,859.000000
29.248083	0.640	6,888.000000
29.258750	0.640	2,204.000000
29.269417	0.640	-1,888.000000
29.280083	0.640	309.000000
29.290750	0.640	8,125.000000
29.301417	0.640	14,059.000000
29.312083	0.640	12,718.000000
29.322750	0.640	8,727.000000
29.333417	0.640	9,737.000000
29.344083	0.640	14,674.000000
29.354750	0.640	15,933.000000
29.365417	0.640	11,068.000000
29.376083	0.640	4,986.000000
29.386750	0.640	1,851.000000
29.397417	0.640	3,082.000000
29.408083	0.640	7,966.000000
29.418750	0.640	12,086.000000
29.429417	0.640	11,497.000000
29.440083	0.640	7,107.000000
29.450750	0.640	4,477.000000
29.461417	0.640	7,975.000000
29.472083	0.640	13,932.000000
29.482750	0.640	16,525.000000
29.493417	0.640	14,884.000000
29.504083	0.640	10,676.000000
29.514750	0.640	7,570.000000
29.525417	0.640	8,888.000000
29.536083	0.640	11,958.000000
29.546750	0.640	10,642.000000
29.557417	0.640	4,882.000000
29.568083	0.640	1,827.000000
29.578750	0.640	3,091.000000
29.589417	0.640	3,841.000000
29.600083	0.640	5,997.000000
29.610750	0.640	12,530.000000
29.621417	0.640	17,866.000000
29.632083	0.640	18,548.000000
29.642750	0.640	18,153.000000
29.653417	0.640	18,498.000000
29.664083	0.640	17,381.000000
29.674750	0.640	14,686.000000
29.685417	0.640	12,176.000000
29.696083	0.640	9,107.000000
29.706750	0.640	6,642.000000
29.717417	0.640	6,127.000000
29.728083	0.640	4,143.000000
29.738750	0.640	1,532.000000
29.749417	0.640	3,093.000000
29.760083	0.640	6,461.000000
29.770750	0.640	5,783.000000
29.781417	0.640	2,078.000000
29.792083	0.640	2,289.000000
29.802750	0.640	8,454.000000
29.813417	0.640	14,147.000000
29.824083	0.640	15,310.000000
29.834750	0.640	15,200.000000
29.845417	0.640	16,339.000000
29.856083	0.640	17,015.000000
29.866750	0.640	14,497.000000
29.877417	0.640	8,380.000000
29.888083	0.640	2,722.000000
29.898750	0.640	2,546.000000
29.909417	0.640	7,222.000000
29.920083	0.640	10,623.000000
29.930750	0.640	10,226.000000
29.941417	0.640	9,377.000000
29.952083	0.640	8,506.000000
29.962750	0.640	6,423.000000
29.973417	0.640	5,726.000000
29.984083	0.640	6,890.000000
29.994750	0.640	7,343.000000
30.005417	0.640	7,365.000000
