File Path	chrom://nnfcb-l0495/ChromeleonLocal/20180320_AA_Lars Nielsen samples Vienna_lbpet.seq/969.smp/Emission_2.channel/Emission_2.chm
Channel	Emission_2

Injection Information:
Data Vault	ChromeleonLocal
Injection	AAmix_0p1ug_mL_2
Injection Number	45
Position	RB2
Comment	
Processing Method	20171024_Calculated with IS_lbpet
Instrument Method	20161104_AA_GeminiC18_FinalVer7
Type	Calibration Standard
Status	Finished
Injection Date	21-03-2018
Injection Time	13:19:16
Injection Volume (µl)	56.500
Dilution Factor	1.0000
Weight	1.0000

Raw Data Information:
Time Min. (min)	0.007767
Time Max. (min)	30.005483
Data Points	2849
Detector	FLD
Exporting Data System	Chromeleon 7.1.2.1478
Operator	
Signal Quantity	
Signal Unit	counts
Signal Min.	-13,211.000000
Signal Max.	231,672,314.000000
Channel	Emission_2
Driver Name	FLD3000.dll
Channel Type	Evaluation
Min. Step (s)	0.010
Max. Step (s)	0.823
Average Step (s)	0.632

Signal Parameter Information:
Signal Info	266 nm /305 nm

Raw Data:
Time (min)	Step (s)	Value (counts)
0.007767	0.000	0.000000
0.021483	0.823	0.000000
0.032150	0.640	0.000000
0.042817	0.640	3,158.000000
0.053483	0.640	6,230.000000
0.064150	0.640	7,989.000000
0.074817	0.640	11,750.000000
0.085483	0.640	16,640.000000
0.096150	0.640	16,529.000000
0.106817	0.640	12,969.000000
0.117483	0.640	11,827.000000
0.128150	0.640	11,330.000000
0.138817	0.640	8,990.000000
0.149483	0.640	7,991.000000
0.160150	0.640	10,364.000000
0.170817	0.640	12,876.000000
0.181483	0.640	11,833.000000
0.192150	0.640	8,800.000000
0.202817	0.640	8,850.000000
0.213483	0.640	12,945.000000
0.224150	0.640	14,840.000000
0.234817	0.640	11,812.000000
0.245483	0.640	9,529.000000
0.256150	0.640	11,194.000000
0.266817	0.640	14,871.000000
0.277483	0.640	17,605.000000
0.288150	0.640	17,987.000000
0.298817	0.640	17,403.000000
0.309483	0.640	15,646.000000
0.320150	0.640	12,788.000000
0.330817	0.640	13,753.000000
0.341483	0.640	20,169.000000
0.352150	0.640	25,831.000000
0.362817	0.640	23,814.000000
0.373483	0.640	14,357.000000
0.384150	0.640	7,226.000000
0.394817	0.640	8,365.000000
0.405483	0.640	10,671.000000
0.416150	0.640	8,594.000000
0.426817	0.640	6,344.000000
0.437483	0.640	8,181.000000
0.448150	0.640	12,709.000000
0.458817	0.640	15,766.000000
0.469483	0.640	14,542.000000
0.480150	0.640	10,481.000000
0.490817	0.640	6,853.000000
0.501483	0.640	3,429.000000
0.512150	0.640	1,044.000000
0.522817	0.640	4,454.000000
0.533483	0.640	12,122.000000
0.544150	0.640	15,422.000000
0.554817	0.640	11,756.000000
0.565483	0.640	8,064.000000
0.576150	0.640	10,271.000000
0.586817	0.640	15,864.000000
0.597483	0.640	17,330.000000
0.608150	0.640	12,048.000000
0.618817	0.640	7,335.000000
0.629483	0.640	8,775.000000
0.640150	0.640	11,992.000000
0.650817	0.640	13,534.000000
0.661483	0.640	14,121.000000
0.672150	0.640	13,888.000000
0.682817	0.640	15,065.000000
0.693483	0.640	17,065.000000
0.704150	0.640	14,908.000000
0.714817	0.640	10,943.000000
0.725483	0.640	11,092.000000
0.736150	0.640	12,805.000000
0.746817	0.640	10,020.000000
0.757483	0.640	3,072.000000
0.768150	0.640	-1,378.000000
0.778817	0.640	2,304.000000
0.789483	0.640	11,975.000000
0.800150	0.640	18,135.000000
0.810817	0.640	14,669.000000
0.821483	0.640	6,954.000000
0.832150	0.640	3,243.000000
0.842817	0.640	5,125.000000
0.853483	0.640	9,840.000000
0.864150	0.640	12,945.000000
0.874817	0.640	10,887.000000
0.885483	0.640	6,981.000000
0.896150	0.640	7,809.000000
0.906817	0.640	12,528.000000
0.917483	0.640	14,256.000000
0.928150	0.640	11,667.000000
0.938817	0.640	11,082.000000
0.949483	0.640	14,267.000000
0.960150	0.640	15,770.000000
0.970817	0.640	14,894.000000
0.981483	0.640	15,066.000000
0.992150	0.640	16,028.000000
1.002817	0.640	15,902.000000
1.013483	0.640	13,458.000000
1.024150	0.640	9,135.000000
1.034817	0.640	6,688.000000
1.045483	0.640	10,212.000000
1.056150	0.640	17,862.000000
1.066817	0.640	21,661.000000
1.077483	0.640	18,655.000000
1.088150	0.640	14,882.000000
1.098817	0.640	13,598.000000
1.109483	0.640	12,655.000000
1.120150	0.640	12,548.000000
1.130817	0.640	13,708.000000
1.141483	0.640	12,898.000000
1.152150	0.640	11,174.000000
1.162817	0.640	13,141.000000
1.173483	0.640	14,524.000000
1.184150	0.640	8,140.000000
1.194817	0.640	-750.000000
1.205483	0.640	-3,194.000000
1.216150	0.640	-288.000000
1.226817	0.640	2,811.000000
1.237483	0.640	5,085.000000
1.248150	0.640	6,751.000000
1.258817	0.640	6,167.000000
1.269483	0.640	4,518.000000
1.280150	0.640	6,701.000000
1.290817	0.640	12,656.000000
1.301483	0.640	14,333.000000
1.312150	0.640	7,844.000000
1.322817	0.640	2,046.000000
1.333483	0.640	4,746.000000
1.344150	0.640	10,512.000000
1.354817	0.640	11,629.000000
1.365483	0.640	9,515.000000
1.376150	0.640	8,663.000000
1.386817	0.640	8,448.000000
1.397483	0.640	7,491.000000
1.408150	0.640	8,450.000000
1.418817	0.640	12,339.000000
1.429483	0.640	14,583.000000
1.440150	0.640	11,742.000000
1.450817	0.640	7,392.000000
1.461483	0.640	7,456.000000
1.472150	0.640	12,160.000000
1.482817	0.640	17,124.000000
1.493483	0.640	19,499.000000
1.504150	0.640	17,294.000000
1.514817	0.640	10,802.000000
1.525483	0.640	5,797.000000
1.536150	0.640	5,596.000000
1.546817	0.640	6,659.000000
1.557483	0.640	7,001.000000
1.568150	0.640	8,160.000000
1.578817	0.640	9,991.000000
1.589483	0.640	12,332.000000
1.600150	0.640	16,256.000000
1.610817	0.640	19,280.000000
1.621483	0.640	16,584.000000
1.632150	0.640	11,025.000000
1.642817	0.640	9,986.000000
1.653483	0.640	10,488.000000
1.664150	0.640	6,390.000000
1.674817	0.640	3,888.000000
1.685483	0.640	8,971.000000
1.696150	0.640	12,666.000000
1.706817	0.640	8,173.000000
1.717483	0.640	4,675.000000
1.728150	0.640	9,758.000000
1.738817	0.640	16,846.000000
1.749483	0.640	17,500.000000
1.760150	0.640	14,597.000000
1.770817	0.640	15,083.000000
1.781483	0.640	17,690.000000
1.792150	0.640	18,066.000000
1.802817	0.640	15,345.000000
1.813483	0.640	11,482.000000
1.824150	0.640	11,091.000000
1.834817	0.640	14,947.000000
1.845483	0.640	17,230.000000
1.856150	0.640	15,571.000000
1.866817	0.640	11,886.000000
1.877483	0.640	6,087.000000
1.888150	0.640	1,365.000000
1.898817	0.640	4,043.000000
1.909483	0.640	12,279.000000
1.920150	0.640	17,662.000000
1.930817	0.640	17,360.000000
1.941483	0.640	14,498.000000
1.952150	0.640	11,164.000000
1.962817	0.640	8,782.000000
1.973483	0.640	9,045.000000
1.984150	0.640	11,522.000000
1.994817	0.640	14,757.000000
2.005483	0.640	16,687.000000
2.016150	0.640	16,724.000000
2.026817	0.640	18,907.000000
2.037483	0.640	23,790.000000
2.048150	0.640	25,535.000000
2.058817	0.640	22,485.000000
2.069483	0.640	18,346.000000
2.080150	0.640	13,983.000000
2.090817	0.640	7,494.000000
2.101483	0.640	2,048.000000
2.112150	0.640	1,589.000000
2.122817	0.640	2,458.000000
2.133483	0.640	3,350.000000
2.144150	0.640	8,049.000000
2.154817	0.640	13,422.000000
2.165483	0.640	14,128.000000
2.176150	0.640	13,320.000000
2.186817	0.640	15,854.000000
2.197483	0.640	18,573.000000
2.208150	0.640	16,832.000000
2.218817	0.640	14,555.000000
2.229483	0.640	16,605.000000
2.240150	0.640	19,585.000000
2.250817	0.640	21,114.000000
2.261483	0.640	24,793.000000
2.272150	0.640	30,504.000000
2.282817	0.640	33,706.000000
2.293483	0.640	32,107.000000
2.304150	0.640	26,545.000000
2.314817	0.640	20,927.000000
2.325483	0.640	20,601.000000
2.336150	0.640	25,292.000000
2.346817	0.640	27,641.000000
2.357483	0.640	23,564.000000
2.368217	0.644	16,371.000000
2.378817	0.636	10,898.000000
2.389483	0.640	11,701.000000
2.400150	0.640	18,772.000000
2.410817	0.640	24,356.000000
2.421483	0.640	23,769.000000
2.432150	0.640	20,999.000000
2.442817	0.640	19,731.000000
2.453483	0.640	20,160.000000
2.464150	0.640	21,536.000000
2.474817	0.640	20,591.000000
2.485483	0.640	15,201.000000
2.496150	0.640	9,741.000000
2.506817	0.640	8,085.000000
2.517483	0.640	8,796.000000
2.528150	0.640	12,471.000000
2.538817	0.640	19,197.000000
2.549483	0.640	22,185.000000
2.560150	0.640	18,658.000000
2.570817	0.640	14,224.000000
2.581483	0.640	11,560.000000
2.592150	0.640	9,438.000000
2.602817	0.640	7,518.000000
2.613483	0.640	5,889.000000
2.624150	0.640	5,343.000000
2.634817	0.640	5,951.000000
2.645483	0.640	7,420.000000
2.656150	0.640	10,606.000000
2.666817	0.640	14,282.000000
2.677483	0.640	16,197.000000
2.688150	0.640	16,919.000000
2.698817	0.640	17,231.000000
2.709483	0.640	17,002.000000
2.720150	0.640	17,472.000000
2.730817	0.640	17,387.000000
2.741483	0.640	12,819.000000
2.752150	0.640	6,160.000000
2.762817	0.640	4,941.000000
2.773483	0.640	9,412.000000
2.784150	0.640	11,598.000000
2.794817	0.640	8,810.000000
2.805483	0.640	7,613.000000
2.816150	0.640	12,352.000000
2.826817	0.640	18,359.000000
2.837483	0.640	18,376.000000
2.848150	0.640	12,732.000000
2.858817	0.640	8,291.000000
2.869483	0.640	7,985.000000
2.880150	0.640	8,371.000000
2.890817	0.640	7,744.000000
2.901483	0.640	9,720.000000
2.912150	0.640	14,776.000000
2.922817	0.640	17,733.000000
2.933483	0.640	16,135.000000
2.944150	0.640	10,908.000000
2.954817	0.640	4,936.000000
2.965483	0.640	6,372.000000
2.976150	0.640	19,305.000000
2.986817	0.640	32,009.000000
2.997483	0.640	31,788.000000
3.008150	0.640	22,562.000000
3.018817	0.640	14,101.000000
3.029483	0.640	10,333.000000
3.040150	0.640	12,012.000000
3.050817	0.640	16,507.000000
3.061483	0.640	17,590.000000
3.072150	0.640	12,057.000000
3.082817	0.640	6,235.000000
3.093483	0.640	8,973.000000
3.104150	0.640	16,036.000000
3.114817	0.640	17,050.000000
3.125483	0.640	13,792.000000
3.136150	0.640	12,769.000000
3.146817	0.640	12,911.000000
3.157483	0.640	11,658.000000
3.168150	0.640	11,669.000000
3.178817	0.640	16,836.000000
3.189483	0.640	22,703.000000
3.200150	0.640	20,382.000000
3.210817	0.640	13,204.000000
3.221483	0.640	11,678.000000
3.232150	0.640	14,238.000000
3.242817	0.640	12,812.000000
3.253483	0.640	8,728.000000
3.264150	0.640	7,979.000000
3.274817	0.640	9,667.000000
3.285483	0.640	9,825.000000
3.296150	0.640	10,849.000000
3.306817	0.640	16,142.000000
3.317483	0.640	21,344.000000
3.328150	0.640	20,022.000000
3.338817	0.640	13,854.000000
3.349483	0.640	12,703.000000
3.360150	0.640	19,107.000000
3.370817	0.640	21,243.000000
3.381483	0.640	14,006.000000
3.392150	0.640	7,454.000000
3.402817	0.640	7,773.000000
3.413483	0.640	11,828.000000
3.424150	0.640	15,469.000000
3.434817	0.640	16,257.000000
3.445483	0.640	15,621.000000
3.456150	0.640	16,336.000000
3.466817	0.640	17,449.000000
3.477483	0.640	17,391.000000
3.488150	0.640	16,616.000000
3.498817	0.640	15,095.000000
3.509483	0.640	12,519.000000
3.520150	0.640	10,807.000000
3.530817	0.640	12,567.000000
3.541483	0.640	16,329.000000
3.552150	0.640	18,055.000000
3.562817	0.640	17,033.000000
3.573483	0.640	13,461.000000
3.584150	0.640	6,554.000000
3.594817	0.640	670.000000
3.605483	0.640	1,141.000000
3.616150	0.640	5,154.000000
3.626817	0.640	8,587.000000
3.637483	0.640	11,769.000000
3.648150	0.640	13,895.000000
3.658817	0.640	15,124.000000
3.669483	0.640	17,597.000000
3.680150	0.640	18,419.000000
3.690817	0.640	14,266.000000
3.701483	0.640	9,107.000000
3.712150	0.640	7,678.000000
3.722817	0.640	8,355.000000
3.733483	0.640	7,935.000000
3.744150	0.640	7,181.000000
3.754817	0.640	7,207.000000
3.765483	0.640	7,398.000000
3.776150	0.640	10,430.000000
3.786817	0.640	19,475.000000
3.797483	0.640	29,000.000000
3.808150	0.640	29,554.000000
3.818817	0.640	21,748.000000
3.829483	0.640	14,796.000000
3.840150	0.640	12,754.000000
3.850817	0.640	12,795.000000
3.861483	0.640	13,178.000000
3.872150	0.640	14,851.000000
3.882817	0.640	17,362.000000
3.893483	0.640	16,762.000000
3.904150	0.640	11,839.000000
3.914817	0.640	8,304.000000
3.925483	0.640	9,703.000000
3.936150	0.640	12,956.000000
3.946817	0.640	14,909.000000
3.957483	0.640	14,998.000000
3.968150	0.640	14,376.000000
3.978817	0.640	14,375.000000
3.989483	0.640	15,375.000000
4.000150	0.640	16,364.000000
4.010817	0.640	14,452.000000
4.021483	0.640	10,266.000000
4.032150	0.640	7,740.000000
4.042817	0.640	6,384.000000
4.053483	0.640	4,802.000000
4.064150	0.640	4,546.000000
4.074817	0.640	4,998.000000
4.085483	0.640	5,384.000000
4.096150	0.640	7,239.000000
4.106817	0.640	8,222.000000
4.117483	0.640	5,777.000000
4.128150	0.640	5,033.000000
4.138817	0.640	9,330.000000
4.149483	0.640	13,334.000000
4.160150	0.640	13,552.000000
4.170817	0.640	12,077.000000
4.181483	0.640	10,938.000000
4.192150	0.640	10,203.000000
4.202817	0.640	7,866.000000
4.213483	0.640	4,215.000000
4.224150	0.640	4,473.000000
4.234817	0.640	8,523.000000
4.245483	0.640	7,643.000000
4.256150	0.640	1,229.000000
4.266817	0.640	-338.000000
4.277483	0.640	6,000.000000
4.288150	0.640	13,802.000000
4.298817	0.640	17,684.000000
4.309483	0.640	15,002.000000
4.320150	0.640	7,410.000000
4.330817	0.640	1,415.000000
4.341483	0.640	1,524.000000
4.352150	0.640	4,986.000000
4.362817	0.640	4,814.000000
4.373483	0.640	464.000000
4.384150	0.640	-565.000000
4.394817	0.640	4,251.000000
4.405483	0.640	8,929.000000
4.416150	0.640	8,826.000000
4.426817	0.640	6,952.000000
4.437483	0.640	7,339.000000
4.448150	0.640	6,840.000000
4.458817	0.640	3,652.000000
4.469483	0.640	2,439.000000
4.480150	0.640	3,663.000000
4.490817	0.640	3,060.000000
4.501483	0.640	830.000000
4.512150	0.640	96.000000
4.522817	0.640	-43.000000
4.533483	0.640	-2,327.000000
4.544150	0.640	-5,460.000000
4.554817	0.640	-6,090.000000
4.565483	0.640	-4,209.000000
4.576150	0.640	-1,557.000000
4.586817	0.640	1,618.000000
4.597483	0.640	4,775.000000
4.608150	0.640	6,724.000000
4.618817	0.640	6,445.000000
4.629483	0.640	4,452.000000
4.640150	0.640	3,669.000000
4.650817	0.640	5,194.000000
4.661483	0.640	6,764.000000
4.672150	0.640	6,709.000000
4.682817	0.640	6,854.000000
4.693483	0.640	8,338.000000
4.704150	0.640	8,182.000000
4.714817	0.640	6,461.000000
4.725483	0.640	6,089.000000
4.736150	0.640	6,095.000000
4.746817	0.640	5,814.000000
4.757483	0.640	6,588.000000
4.768150	0.640	7,122.000000
4.778817	0.640	6,735.000000
4.789483	0.640	8,678.000000
4.800150	0.640	13,490.000000
4.810817	0.640	16,227.000000
4.821483	0.640	12,838.000000
4.832150	0.640	5,166.000000
4.842817	0.640	830.000000
4.853483	0.640	4,139.000000
4.864150	0.640	7,802.000000
4.874817	0.640	3,950.000000
4.885483	0.640	-2,619.000000
4.896150	0.640	-3,027.000000
4.906817	0.640	2,260.000000
4.917483	0.640	8,003.000000
4.928150	0.640	14,149.000000
4.938817	0.640	20,900.000000
4.949483	0.640	22,383.000000
4.960150	0.640	18,523.000000
4.970817	0.640	24,144.000000
4.981483	0.640	54,156.000000
4.992150	0.640	105,977.000000
5.002817	0.640	159,610.000000
5.013483	0.640	193,709.000000
5.024150	0.640	202,319.000000
5.034817	0.640	193,253.000000
5.045483	0.640	175,329.000000
5.056150	0.640	153,092.000000
5.066817	0.640	129,634.000000
5.077483	0.640	108,190.000000
5.088150	0.640	90,277.000000
5.098817	0.640	75,526.000000
5.109483	0.640	63,559.000000
5.120150	0.640	54,304.000000
5.130817	0.640	45,774.000000
5.141483	0.640	35,216.000000
5.152150	0.640	24,631.000000
5.162817	0.640	18,765.000000
5.173483	0.640	17,776.000000
5.184150	0.640	18,906.000000
5.194817	0.640	19,432.000000
5.205483	0.640	14,760.000000
5.216150	0.640	5,195.000000
5.226817	0.640	136.000000
5.237483	0.640	4,005.000000
5.248150	0.640	10,172.000000
5.258817	0.640	14,340.000000
5.269483	0.640	16,343.000000
5.280150	0.640	12,584.000000
5.290817	0.640	4,426.000000
5.301483	0.640	1,970.000000
5.312150	0.640	8,267.000000
5.322817	0.640	14,194.000000
5.333483	0.640	13,780.000000
5.344150	0.640	11,064.000000
5.354817	0.640	9,636.000000
5.365483	0.640	8,508.000000
5.376150	0.640	7,347.000000
5.386817	0.640	6,057.000000
5.397483	0.640	4,665.000000
5.408150	0.640	5,300.000000
5.418817	0.640	6,920.000000
5.429483	0.640	5,249.000000
5.440150	0.640	1,439.000000
5.450817	0.640	295.000000
5.461483	0.640	2,511.000000
5.472150	0.640	5,174.000000
5.482817	0.640	6,210.000000
5.493483	0.640	6,142.000000
5.504150	0.640	6,079.000000
5.514817	0.640	6,368.000000
5.525483	0.640	6,885.000000
5.536150	0.640	5,912.000000
5.546817	0.640	2,025.000000
5.557483	0.640	-3,259.000000
5.568150	0.640	-6,978.000000
5.578883	0.644	-5,569.000000
5.589483	0.636	1,092.000000
5.600150	0.640	6,766.000000
5.610817	0.640	7,919.000000
5.621483	0.640	8,629.000000
5.632150	0.640	11,029.000000
5.642817	0.640	11,325.000000
5.653483	0.640	8,645.000000
5.664150	0.640	5,501.000000
5.674817	0.640	2,490.000000
5.685483	0.640	1,856.000000
5.696150	0.640	4,846.000000
5.706817	0.640	7,364.000000
5.717483	0.640	6,218.000000
5.728150	0.640	2,259.000000
5.738817	0.640	-1,304.000000
5.749483	0.640	-320.000000
5.760150	0.640	6,461.000000
5.770817	0.640	14,859.000000
5.781483	0.640	20,096.000000
5.792150	0.640	20,339.000000
5.802817	0.640	15,736.000000
5.813483	0.640	9,556.000000
5.824150	0.640	5,156.000000
5.834817	0.640	3,211.000000
5.845483	0.640	2,511.000000
5.856150	0.640	345.000000
5.866817	0.640	-1,818.000000
5.877483	0.640	-311.000000
5.888150	0.640	964.000000
5.898817	0.640	-1,547.000000
5.909483	0.640	-2,513.000000
5.920150	0.640	-195.000000
5.930817	0.640	830.000000
5.941483	0.640	880.000000
5.952150	0.640	2,594.000000
5.962817	0.640	4,896.000000
5.973483	0.640	6,118.000000
5.984150	0.640	6,286.000000
5.994817	0.640	5,876.000000
6.005483	0.640	4,962.000000
6.016150	0.640	3,054.000000
6.026817	0.640	1,368.000000
6.037483	0.640	3,088.000000
6.048150	0.640	6,516.000000
6.058817	0.640	5,820.000000
6.069483	0.640	1,787.000000
6.080150	0.640	815.000000
6.090817	0.640	2,737.000000
6.101483	0.640	2,292.000000
6.112150	0.640	152.000000
6.122817	0.640	-146.000000
6.133483	0.640	1,197.000000
6.144150	0.640	2,690.000000
6.154817	0.640	2,230.000000
6.165483	0.640	-438.000000
6.176150	0.640	-151.000000
6.186817	0.640	4,031.000000
6.197483	0.640	4,860.000000
6.208150	0.640	1,741.000000
6.218817	0.640	1,361.000000
6.229483	0.640	2,449.000000
6.240150	0.640	645.000000
6.250817	0.640	-538.000000
6.261483	0.640	556.000000
6.272150	0.640	311.000000
6.282817	0.640	-148.000000
6.293483	0.640	635.000000
6.304150	0.640	821.000000
6.314817	0.640	2,731.000000
6.325483	0.640	7,391.000000
6.336150	0.640	9,421.000000
6.346817	0.640	5,951.000000
6.357483	0.640	813.000000
6.368150	0.640	383.000000
6.378817	0.640	5,139.000000
6.389483	0.640	6,580.000000
6.400150	0.640	539.000000
6.410817	0.640	-4,576.000000
6.421483	0.640	-2,157.000000
6.432150	0.640	2,201.000000
6.442817	0.640	1,933.000000
6.453483	0.640	-1,046.000000
6.464150	0.640	-2,321.000000
6.474817	0.640	-1,029.000000
6.485483	0.640	1,950.000000
6.496150	0.640	4,909.000000
6.506817	0.640	4,924.000000
6.517483	0.640	2,061.000000
6.528150	0.640	309.000000
6.538817	0.640	830.000000
6.549483	0.640	842.000000
6.560150	0.640	-154.000000
6.570817	0.640	-88.000000
6.581483	0.640	2,141.000000
6.592150	0.640	4,795.000000
6.602817	0.640	3,590.000000
6.613483	0.640	-2,814.000000
6.624150	0.640	-10,238.000000
6.634817	0.640	-13,211.000000
6.645483	0.640	-10,416.000000
6.656150	0.640	-5,183.000000
6.666817	0.640	-295.000000
6.677483	0.640	3,248.000000
6.688150	0.640	4,829.000000
6.698817	0.640	4,508.000000
6.709483	0.640	2,922.000000
6.720150	0.640	1,085.000000
6.730817	0.640	-158.000000
6.741483	0.640	111.000000
6.752150	0.640	2,355.000000
6.762817	0.640	5,121.000000
6.773483	0.640	5,915.000000
6.784150	0.640	3,712.000000
6.794817	0.640	481.000000
6.805483	0.640	-945.000000
6.816150	0.640	712.000000
6.826817	0.640	4,816.000000
6.837483	0.640	7,438.000000
6.848150	0.640	5,194.000000
6.858817	0.640	124.000000
6.869483	0.640	-4,905.000000
6.880150	0.640	-8,104.000000
6.890817	0.640	-6,869.000000
6.901483	0.640	-2,614.000000
6.912150	0.640	230.000000
6.922817	0.640	1,919.000000
6.933483	0.640	3,902.000000
6.944150	0.640	4,461.000000
6.954817	0.640	4,716.000000
6.965483	0.640	6,668.000000
6.976150	0.640	6,741.000000
6.986817	0.640	3,361.000000
6.997483	0.640	1,249.000000
7.008150	0.640	2,272.000000
7.018817	0.640	4,012.000000
7.029483	0.640	5,175.000000
7.040150	0.640	4,193.000000
7.050817	0.640	-764.000000
7.061483	0.640	-6,575.000000
7.072150	0.640	-7,642.000000
7.082817	0.640	-3,724.000000
7.093483	0.640	1,819.000000
7.104150	0.640	7,907.000000
7.114817	0.640	12,355.000000
7.125483	0.640	9,659.000000
7.136150	0.640	1,382.000000
7.146817	0.640	-2,812.000000
7.157483	0.640	-1,080.000000
7.168150	0.640	-128.000000
7.178817	0.640	-2,820.000000
7.189483	0.640	-6,551.000000
7.200150	0.640	-5,949.000000
7.210817	0.640	202.000000
7.221483	0.640	4,825.000000
7.232150	0.640	4,223.000000
7.242817	0.640	3,651.000000
7.253483	0.640	7,432.000000
7.264150	0.640	11,515.000000
7.274817	0.640	8,399.000000
7.285483	0.640	-427.000000
7.296150	0.640	-5,726.000000
7.306817	0.640	-4,944.000000
7.317483	0.640	-2,527.000000
7.328150	0.640	-1,247.000000
7.338817	0.640	-1,009.000000
7.349483	0.640	-246.000000
7.360150	0.640	1,014.000000
7.370817	0.640	1,921.000000
7.381483	0.640	4,587.000000
7.392150	0.640	8,253.000000
7.402817	0.640	6,467.000000
7.413483	0.640	-51.000000
7.424150	0.640	-1,968.000000
7.434817	0.640	2,277.000000
7.445483	0.640	6,781.000000
7.456150	0.640	7,597.000000
7.466817	0.640	2,729.000000
7.477483	0.640	-4,575.000000
7.488150	0.640	-6,946.000000
7.498817	0.640	-2,451.000000
7.509483	0.640	2,641.000000
7.520150	0.640	1,334.000000
7.530817	0.640	-3,563.000000
7.541483	0.640	-4,131.000000
7.552150	0.640	-1,119.000000
7.562817	0.640	1,969.000000
7.573483	0.640	6,254.000000
7.584150	0.640	8,971.000000
7.594817	0.640	6,953.000000
7.605483	0.640	5,033.000000
7.616150	0.640	6,936.000000
7.626817	0.640	8,820.000000
7.637483	0.640	6,266.000000
7.648150	0.640	208.000000
7.658817	0.640	-4,150.000000
7.669483	0.640	-3,047.000000
7.680150	0.640	54.000000
7.690817	0.640	-289.000000
7.701483	0.640	-1,408.000000
7.712150	0.640	-784.000000
7.722817	0.640	-2,685.000000
7.733483	0.640	-5,921.000000
7.744150	0.640	-5,106.000000
7.754817	0.640	-333.000000
7.765483	0.640	5,059.000000
7.776150	0.640	6,073.000000
7.786817	0.640	636.000000
7.797483	0.640	-4,862.000000
7.808150	0.640	-5,054.000000
7.818817	0.640	-3,190.000000
7.829483	0.640	-1,696.000000
7.840150	0.640	12.000000
7.850817	0.640	-1,243.000000
7.861483	0.640	-5,113.000000
7.872150	0.640	-5,477.000000
7.882817	0.640	-3,456.000000
7.893483	0.640	-3,876.000000
7.904150	0.640	-2,828.000000
7.914817	0.640	3,140.000000
7.925483	0.640	7,561.000000
7.936150	0.640	5,716.000000
7.946817	0.640	1,248.000000
7.957483	0.640	-3,401.000000
7.968150	0.640	-7,219.000000
7.978817	0.640	-5,151.000000
7.989483	0.640	1,821.000000
8.000150	0.640	3,505.000000
8.010817	0.640	-3,092.000000
8.021483	0.640	-8,772.000000
8.032150	0.640	-6,410.000000
8.042817	0.640	485.000000
8.053483	0.640	4,789.000000
8.064150	0.640	4,608.000000
8.074817	0.640	3,683.000000
8.085483	0.640	4,523.000000
8.096150	0.640	4,196.000000
8.106817	0.640	1,089.000000
8.117483	0.640	-871.000000
8.128150	0.640	991.000000
8.138817	0.640	4,277.000000
8.149483	0.640	6,040.000000
8.160150	0.640	6,357.000000
8.170817	0.640	6,554.000000
8.181483	0.640	6,443.000000
8.192150	0.640	4,052.000000
8.202817	0.640	209.000000
8.213483	0.640	-426.000000
8.224150	0.640	2,011.000000
8.234817	0.640	2,305.000000
8.245483	0.640	-76.000000
8.256150	0.640	-1,174.000000
8.266817	0.640	-126.000000
8.277483	0.640	738.000000
8.288150	0.640	342.000000
8.298817	0.640	-169.000000
8.309483	0.640	653.000000
8.320150	0.640	3,037.000000
8.330817	0.640	7,246.000000
8.341483	0.640	11,386.000000
8.352150	0.640	11,614.000000
8.362817	0.640	9,378.000000
8.373483	0.640	8,546.000000
8.384150	0.640	8,849.000000
8.394817	0.640	7,328.000000
8.405483	0.640	2,905.000000
8.416150	0.640	22.000000
8.426817	0.640	2,187.000000
8.437483	0.640	5,751.000000
8.448150	0.640	7,028.000000
8.458817	0.640	6,376.000000
8.469483	0.640	4,356.000000
8.480150	0.640	2,951.000000
8.490817	0.640	5,442.000000
8.501483	0.640	9,616.000000
8.512150	0.640	9,187.000000
8.522817	0.640	2,637.000000
8.533483	0.640	-5,106.000000
8.544150	0.640	-7,921.000000
8.554817	0.640	-3,943.000000
8.565483	0.640	3,036.000000
8.576150	0.640	5,715.000000
8.586817	0.640	1,385.000000
8.597483	0.640	-1,125.000000
8.608150	0.640	4,164.000000
8.618817	0.640	9,201.000000
8.629483	0.640	7,610.000000
8.640150	0.640	3,220.000000
8.650817	0.640	1,585.000000
8.661483	0.640	3,722.000000
8.672150	0.640	6,178.000000
8.682817	0.640	6,952.000000
8.693483	0.640	7,073.000000
8.704150	0.640	6,128.000000
8.714817	0.640	4,276.000000
8.725483	0.640	2,861.000000
8.736150	0.640	-522.000000
8.746817	0.640	-5,334.000000
8.757483	0.640	-4,220.000000
8.768150	0.640	2,733.000000
8.778817	0.640	6,480.000000
8.789483	0.640	4,207.000000
8.800150	0.640	198.000000
8.810817	0.640	-3,306.000000
8.821483	0.640	-4,928.000000
8.832150	0.640	-2,223.000000
8.842817	0.640	2,585.000000
8.853483	0.640	4,506.000000
8.864150	0.640	3,259.000000
8.874817	0.640	1,245.000000
8.885483	0.640	124.000000
8.896150	0.640	1,499.000000
8.906817	0.640	4,508.000000
8.917483	0.640	6,721.000000
8.928150	0.640	7,905.000000
8.938817	0.640	8,344.000000
8.949483	0.640	8,353.000000
8.960150	0.640	8,014.000000
8.970817	0.640	5,309.000000
8.981483	0.640	-162.000000
8.992150	0.640	-5,067.000000
9.002817	0.640	-6,363.000000
9.013483	0.640	-3,767.000000
9.024150	0.640	148.000000
9.034817	0.640	1,652.000000
9.045483	0.640	863.000000
9.056150	0.640	1,520.000000
9.066817	0.640	3,584.000000
9.077483	0.640	4,700.000000
9.088150	0.640	6,360.000000
9.098817	0.640	8,566.000000
9.109483	0.640	6,612.000000
9.120150	0.640	314.000000
9.130817	0.640	-4,183.000000
9.141483	0.640	-5,019.000000
9.152150	0.640	-4,617.000000
9.162817	0.640	-681.000000
9.173483	0.640	7,176.000000
9.184150	0.640	12,237.000000
9.194817	0.640	13,125.000000
9.205483	0.640	13,032.000000
9.216150	0.640	11,519.000000
9.226817	0.640	9,182.000000
9.237483	0.640	7,308.000000
9.248150	0.640	5,225.000000
9.258817	0.640	2,650.000000
9.269483	0.640	-5.000000
9.280150	0.640	-77.000000
9.290817	0.640	6,013.000000
9.301483	0.640	15,082.000000
9.312150	0.640	18,503.000000
9.322817	0.640	15,020.000000
9.333483	0.640	12,255.000000
9.344150	0.640	14,103.000000
9.354817	0.640	17,428.000000
9.365483	0.640	19,016.000000
9.376150	0.640	17,259.000000
9.386817	0.640	14,184.000000
9.397483	0.640	14,403.000000
9.408150	0.640	16,257.000000
9.418817	0.640	16,326.000000
9.429483	0.640	15,935.000000
9.440150	0.640	15,153.000000
9.450817	0.640	13,463.000000
9.461483	0.640	13,568.000000
9.472150	0.640	17,427.000000
9.482817	0.640	22,723.000000
9.493483	0.640	26,435.000000
9.504150	0.640	26,988.000000
9.514817	0.640	21,838.000000
9.525483	0.640	13,542.000000
9.536150	0.640	12,034.000000
9.546817	0.640	18,981.000000
9.557483	0.640	24,108.000000
9.568150	0.640	22,832.000000
9.578817	0.640	20,791.000000
9.589483	0.640	20,708.000000
9.600150	0.640	20,033.000000
9.610817	0.640	18,678.000000
9.621483	0.640	17,612.000000
9.632150	0.640	17,023.000000
9.642817	0.640	18,700.000000
9.653483	0.640	22,629.000000
9.664150	0.640	25,185.000000
9.674817	0.640	24,558.000000
9.685483	0.640	23,100.000000
9.696150	0.640	22,314.000000
9.706817	0.640	21,884.000000
9.717483	0.640	22,901.000000
9.728150	0.640	25,905.000000
9.738817	0.640	29,830.000000
9.749483	0.640	33,420.000000
9.760150	0.640	34,398.000000
9.770817	0.640	33,247.000000
9.781483	0.640	34,498.000000
9.792150	0.640	36,195.000000
9.802817	0.640	32,183.000000
9.813483	0.640	26,217.000000
9.824150	0.640	26,242.000000
9.834817	0.640	32,506.000000
9.845483	0.640	39,104.000000
9.856150	0.640	40,207.000000
9.866817	0.640	36,235.000000
9.877483	0.640	33,929.000000
9.888150	0.640	36,437.000000
9.898817	0.640	38,377.000000
9.909483	0.640	35,800.000000
9.920150	0.640	32,468.000000
9.930817	0.640	33,809.000000
9.941483	0.640	40,522.000000
9.952150	0.640	46,213.000000
9.962817	0.640	44,569.000000
9.973483	0.640	38,596.000000
9.984150	0.640	35,647.000000
9.994817	0.640	38,484.000000
10.005483	0.640	44,146.000000
10.016150	0.640	47,640.000000
10.026817	0.640	48,725.000000
10.037483	0.640	51,322.000000
10.048150	0.640	54,635.000000
10.058817	0.640	53,922.000000
10.069483	0.640	49,493.000000
10.080150	0.640	46,746.000000
10.090817	0.640	47,772.000000
10.101483	0.640	49,401.000000
10.112150	0.640	49,822.000000
10.122817	0.640	52,765.000000
10.133483	0.640	58,925.000000
10.144150	0.640	61,209.000000
10.154817	0.640	58,288.000000
10.165483	0.640	56,888.000000
10.176150	0.640	59,730.000000
10.186817	0.640	62,570.000000
10.197483	0.640	61,189.000000
10.208150	0.640	58,003.000000
10.218817	0.640	56,947.000000
10.229483	0.640	58,409.000000
10.240150	0.640	61,992.000000
10.250817	0.640	65,768.000000
10.261483	0.640	66,454.000000
10.272150	0.640	64,341.000000
10.282817	0.640	63,200.000000
10.293483	0.640	65,617.000000
10.304150	0.640	71,764.000000
10.314817	0.640	78,738.000000
10.325483	0.640	82,385.000000
10.336150	0.640	83,459.000000
10.346817	0.640	83,583.000000
10.357483	0.640	80,858.000000
10.368150	0.640	78,049.000000
10.378817	0.640	79,144.000000
10.389483	0.640	80,800.000000
10.400150	0.640	81,103.000000
10.410817	0.640	82,299.000000
10.421483	0.640	82,714.000000
10.432150	0.640	80,861.000000
10.442817	0.640	80,783.000000
10.453483	0.640	86,234.000000
10.464150	0.640	95,597.000000
10.474817	0.640	101,233.000000
10.485483	0.640	96,952.000000
10.496150	0.640	89,021.000000
10.506817	0.640	88,574.000000
10.517483	0.640	95,623.000000
10.528150	0.640	101,386.000000
10.538817	0.640	100,676.000000
10.549483	0.640	96,544.000000
10.560150	0.640	95,633.000000
10.570817	0.640	99,645.000000
10.581483	0.640	104,781.000000
10.592150	0.640	109,110.000000
10.602817	0.640	111,890.000000
10.613483	0.640	110,948.000000
10.624150	0.640	106,713.000000
10.634817	0.640	103,269.000000
10.645483	0.640	105,287.000000
10.656150	0.640	111,680.000000
10.666817	0.640	115,347.000000
10.677483	0.640	115,737.000000
10.688150	0.640	118,957.000000
10.698817	0.640	123,829.000000
10.709483	0.640	123,839.000000
10.720150	0.640	118,773.000000
10.730817	0.640	115,014.000000
10.741483	0.640	117,391.000000
10.752150	0.640	123,396.000000
10.762817	0.640	127,940.000000
10.773483	0.640	130,306.000000
10.784150	0.640	132,326.000000
10.794817	0.640	135,107.000000
10.805483	0.640	137,217.000000
10.816150	0.640	136,829.000000
10.826817	0.640	136,645.000000
10.837483	0.640	138,908.000000
10.848150	0.640	141,214.000000
10.858817	0.640	143,349.000000
10.869483	0.640	146,792.000000
10.880150	0.640	149,618.000000
10.890817	0.640	151,478.000000
10.901483	0.640	154,593.000000
10.912150	0.640	157,551.000000
10.922817	0.640	156,662.000000
10.933483	0.640	152,627.000000
10.944150	0.640	151,551.000000
10.954817	0.640	157,063.000000
10.965483	0.640	163,412.000000
10.976150	0.640	163,501.000000
10.986817	0.640	162,313.000000
10.997483	0.640	167,541.000000
11.008150	0.640	174,137.000000
11.018817	0.640	175,478.000000
11.029483	0.640	174,231.000000
11.040150	0.640	174,506.000000
11.050817	0.640	175,345.000000
11.061483	0.640	173,385.000000
11.072150	0.640	171,566.000000
11.082817	0.640	177,107.000000
11.093483	0.640	187,085.000000
11.104150	0.640	192,305.000000
11.114817	0.640	191,993.000000
11.125483	0.640	190,226.000000
11.136150	0.640	188,125.000000
11.146817	0.640	185,930.000000
11.157483	0.640	187,185.000000
11.168150	0.640	193,807.000000
11.178817	0.640	199,026.000000
11.189483	0.640	200,024.000000
11.200150	0.640	203,550.000000
11.210817	0.640	209,028.000000
11.221483	0.640	209,931.000000
11.232150	0.640	207,052.000000
11.242817	0.640	206,142.000000
11.253483	0.640	211,171.000000
11.264150	0.640	219,378.000000
11.274817	0.640	222,448.000000
11.285483	0.640	218,221.000000
11.296150	0.640	215,125.000000
11.306817	0.640	220,599.000000
11.317483	0.640	230,032.000000
11.328150	0.640	233,401.000000
11.338817	0.640	231,849.000000
11.349483	0.640	233,036.000000
11.360150	0.640	235,119.000000
11.370817	0.640	236,030.000000
11.381483	0.640	240,644.000000
11.392150	0.640	246,211.000000
11.402817	0.640	246,073.000000
11.413483	0.640	243,854.000000
11.424150	0.640	246,047.000000
11.434817	0.640	252,652.000000
11.445483	0.640	259,480.000000
11.456150	0.640	262,418.000000
11.466817	0.640	261,480.000000
11.477483	0.640	261,004.000000
11.488150	0.640	264,689.000000
11.498817	0.640	270,372.000000
11.509483	0.640	272,367.000000
11.520150	0.640	271,501.000000
11.530817	0.640	274,222.000000
11.541483	0.640	280,715.000000
11.552150	0.640	285,818.000000
11.562817	0.640	288,090.000000
11.573483	0.640	289,974.000000
11.584150	0.640	292,274.000000
11.594817	0.640	291,839.000000
11.605483	0.640	290,027.000000
11.616150	0.640	292,957.000000
11.626817	0.640	296,447.000000
11.637483	0.640	293,636.000000
11.648150	0.640	291,153.000000
11.658817	0.640	296,922.000000
11.669483	0.640	307,953.000000
11.680150	0.640	315,458.000000
11.690817	0.640	314,246.000000
11.701483	0.640	310,392.000000
11.712150	0.640	312,992.000000
11.722817	0.640	320,694.000000
11.733483	0.640	325,548.000000
11.744150	0.640	324,047.000000
11.754817	0.640	320,801.000000
11.765483	0.640	320,581.000000
11.776150	0.640	322,671.000000
11.786817	0.640	326,913.000000
11.797483	0.640	332,847.000000
11.808150	0.640	338,253.000000
11.818817	0.640	345,237.000000
11.829483	0.640	352,667.000000
11.840150	0.640	352,970.000000
11.850817	0.640	348,406.000000
11.861483	0.640	347,587.000000
11.872150	0.640	349,013.000000
11.882817	0.640	349,946.000000
11.893483	0.640	353,439.000000
11.904150	0.640	356,083.000000
11.914817	0.640	353,617.000000
11.925483	0.640	354,258.000000
11.936150	0.640	363,396.000000
11.946817	0.640	371,383.000000
11.957483	0.640	371,715.000000
11.968150	0.640	371,635.000000
11.978817	0.640	376,806.000000
11.989483	0.640	382,138.000000
12.000150	0.640	382,583.000000
12.010817	0.640	380,516.000000
12.021483	0.640	380,058.000000
12.032150	0.640	382,094.000000
12.042817	0.640	385,277.000000
12.053483	0.640	389,118.000000
12.064150	0.640	394,359.000000
12.074817	0.640	397,645.000000
12.085483	0.640	394,563.000000
12.096150	0.640	391,853.000000
12.106817	0.640	397,795.000000
12.117483	0.640	406,175.000000
12.128150	0.640	409,589.000000
12.138817	0.640	410,730.000000
12.149483	0.640	411,841.000000
12.160150	0.640	410,740.000000
12.170817	0.640	409,347.000000
12.181483	0.640	414,356.000000
12.192150	0.640	423,562.000000
12.202817	0.640	427,460.000000
12.213483	0.640	428,932.000000
12.224150	0.640	435,324.000000
12.234817	0.640	439,962.000000
12.245483	0.640	437,572.000000
12.256150	0.640	434,787.000000
12.266817	0.640	436,755.000000
12.277483	0.640	443,255.000000
12.288150	0.640	449,754.000000
12.298817	0.640	452,086.000000
12.309483	0.640	451,693.000000
12.320150	0.640	449,819.000000
12.330817	0.640	448,822.000000
12.341483	0.640	452,834.000000
12.352150	0.640	459,656.000000
12.362817	0.640	463,864.000000
12.373483	0.640	464,563.000000
12.384150	0.640	465,254.000000
12.394817	0.640	467,608.000000
12.405483	0.640	467,322.000000
12.416150	0.640	463,171.000000
12.426817	0.640	462,968.000000
12.437483	0.640	470,009.000000
12.448150	0.640	477,434.000000
12.458817	0.640	479,937.000000
12.469483	0.640	477,409.000000
12.480150	0.640	472,904.000000
12.490817	0.640	471,690.000000
12.501483	0.640	475,052.000000
12.512150	0.640	478,629.000000
12.522817	0.640	480,369.000000
12.533483	0.640	482,336.000000
12.544150	0.640	483,615.000000
12.554817	0.640	482,895.000000
12.565483	0.640	483,014.000000
12.576150	0.640	483,349.000000
12.586817	0.640	482,391.000000
12.597483	0.640	485,293.000000
12.608150	0.640	492,601.000000
12.618817	0.640	496,614.000000
12.629483	0.640	496,232.000000
12.640150	0.640	497,518.000000
12.650817	0.640	499,306.000000
12.661483	0.640	496,487.000000
12.672150	0.640	494,425.000000
12.682817	0.640	499,396.000000
12.693483	0.640	504,966.000000
12.704150	0.640	504,551.000000
12.714817	0.640	502,609.000000
12.725483	0.640	504,826.000000
12.736150	0.640	507,990.000000
12.746817	0.640	506,600.000000
12.757483	0.640	503,136.000000
12.768150	0.640	502,651.000000
12.778817	0.640	505,122.000000
12.789483	0.640	506,217.000000
12.800150	0.640	501,266.000000
12.810817	0.640	495,209.000000
12.821483	0.640	497,829.000000
12.832150	0.640	505,658.000000
12.842817	0.640	509,020.000000
12.853483	0.640	508,264.000000
12.864150	0.640	509,118.000000
12.874817	0.640	512,969.000000
12.885483	0.640	515,153.000000
12.896150	0.640	511,744.000000
12.906817	0.640	506,718.000000
12.917483	0.640	506,020.000000
12.928150	0.640	509,481.000000
12.938817	0.640	513,148.000000
12.949483	0.640	515,044.000000
12.960150	0.640	515,102.000000
12.970817	0.640	512,847.000000
12.981483	0.640	511,193.000000
12.992150	0.640	513,336.000000
13.002817	0.640	514,785.000000
13.013483	0.640	511,640.000000
13.024150	0.640	508,139.000000
13.034817	0.640	507,876.000000
13.045483	0.640	507,583.000000
13.056150	0.640	504,916.000000
13.066817	0.640	505,192.000000
13.077483	0.640	510,861.000000
13.088217	0.644	515,169.000000
13.098817	0.636	515,040.000000
13.109483	0.640	514,657.000000
13.120150	0.640	515,068.000000
13.130817	0.640	513,332.000000
13.141483	0.640	508,644.000000
13.152150	0.640	503,380.000000
13.162817	0.640	500,598.000000
13.173483	0.640	500,317.000000
13.184150	0.640	499,972.000000
13.194817	0.640	499,595.000000
13.205483	0.640	499,904.000000
13.216150	0.640	498,426.000000
13.226817	0.640	493,878.000000
13.237483	0.640	488,849.000000
13.248150	0.640	486,074.000000
13.258817	0.640	485,868.000000
13.269483	0.640	486,777.000000
13.280150	0.640	487,658.000000
13.290817	0.640	490,237.000000
13.301483	0.640	494,444.000000
13.312150	0.640	493,774.000000
13.322817	0.640	488,458.000000
13.333483	0.640	487,718.000000
13.344150	0.640	491,197.000000
13.354817	0.640	492,726.000000
13.365483	0.640	491,192.000000
13.376150	0.640	485,582.000000
13.386817	0.640	478,653.000000
13.397483	0.640	477,210.000000
13.408150	0.640	480,953.000000
13.418817	0.640	483,706.000000
13.429550	0.644	481,581.000000
13.440150	0.636	476,375.000000
13.450817	0.640	473,627.000000
13.461483	0.640	474,147.000000
13.472150	0.640	474,187.000000
13.482817	0.640	474,667.000000
13.493483	0.640	478,521.000000
13.504150	0.640	483,269.000000
13.514817	0.640	483,385.000000
13.525483	0.640	477,300.000000
13.536150	0.640	470,599.000000
13.546817	0.640	469,054.000000
13.557483	0.640	470,936.000000
13.568150	0.640	472,602.000000
13.578817	0.640	475,521.000000
13.589483	0.640	480,543.000000
13.600150	0.640	483,017.000000
13.610817	0.640	483,095.000000
13.621483	0.640	491,143.000000
13.632150	0.640	510,679.000000
13.642817	0.640	532,785.000000
13.653483	0.640	557,511.000000
13.664150	0.640	596,158.000000
13.674817	0.640	650,254.000000
13.685483	0.640	710,097.000000
13.696150	0.640	772,486.000000
13.706817	0.640	845,627.000000
13.717483	0.640	934,990.000000
13.728150	0.640	1,036,004.000000
13.738817	0.640	1,136,250.000000
13.749483	0.640	1,215,585.000000
13.760150	0.640	1,262,241.000000
13.770817	0.640	1,284,049.000000
13.781483	0.640	1,284,952.000000
13.792150	0.640	1,253,513.000000
13.802817	0.640	1,184,779.000000
13.813483	0.640	1,092,735.000000
13.824150	0.640	994,195.000000
13.834817	0.640	892,724.000000
13.845483	0.640	790,385.000000
13.856150	0.640	698,050.000000
13.866817	0.640	622,924.000000
13.877483	0.640	564,184.000000
13.888150	0.640	519,331.000000
13.898817	0.640	485,282.000000
13.909483	0.640	459,800.000000
13.920150	0.640	442,798.000000
13.930817	0.640	434,298.000000
13.941483	0.640	432,002.000000
13.952150	0.640	430,851.000000
13.962817	0.640	425,468.000000
13.973483	0.640	415,218.000000
13.984150	0.640	406,904.000000
13.994817	0.640	406,628.000000
14.005483	0.640	409,743.000000
14.016150	0.640	407,757.000000
14.026817	0.640	401,444.000000
14.037483	0.640	397,344.000000
14.048150	0.640	395,891.000000
14.058817	0.640	392,616.000000
14.069483	0.640	388,580.000000
14.080150	0.640	388,119.000000
14.090817	0.640	389,457.000000
14.101483	0.640	388,661.000000
14.112150	0.640	386,009.000000
14.122817	0.640	384,010.000000
14.133483	0.640	383,207.000000
14.144150	0.640	381,459.000000
14.154817	0.640	379,461.000000
14.165483	0.640	379,592.000000
14.176150	0.640	380,495.000000
14.186817	0.640	380,228.000000
14.197483	0.640	378,430.000000
14.208150	0.640	376,856.000000
14.218817	0.640	376,047.000000
14.229483	0.640	372,164.000000
14.240150	0.640	367,041.000000
14.250817	0.640	365,746.000000
14.261483	0.640	364,311.000000
14.272150	0.640	360,513.000000
14.282817	0.640	359,978.000000
14.293483	0.640	363,026.000000
14.304150	0.640	364,552.000000
14.314817	0.640	361,725.000000
14.325483	0.640	355,267.000000
14.336150	0.640	350,004.000000
14.346817	0.640	349,879.000000
14.357483	0.640	352,324.000000
14.368150	0.640	352,202.000000
14.378817	0.640	348,213.000000
14.389483	0.640	343,827.000000
14.400150	0.640	342,332.000000
14.410817	0.640	342,608.000000
14.421483	0.640	342,318.000000
14.432150	0.640	341,352.000000
14.442817	0.640	339,048.000000
14.453483	0.640	333,266.000000
14.464150	0.640	325,922.000000
14.474817	0.640	321,727.000000
14.485483	0.640	319,348.000000
14.496150	0.640	315,860.000000
14.506817	0.640	313,452.000000
14.517483	0.640	313,299.000000
14.528150	0.640	313,180.000000
14.538817	0.640	310,416.000000
14.549483	0.640	305,728.000000
14.560150	0.640	302,773.000000
14.570817	0.640	300,592.000000
14.581483	0.640	296,741.000000
14.592150	0.640	294,924.000000
14.602817	0.640	296,975.000000
14.613483	0.640	295,727.000000
14.624150	0.640	286,986.000000
14.634817	0.640	278,208.000000
14.645483	0.640	276,262.000000
14.656150	0.640	276,823.000000
14.666817	0.640	274,347.000000
14.677483	0.640	271,618.000000
14.688150	0.640	269,979.000000
14.698817	0.640	265,995.000000
14.709483	0.640	261,027.000000
14.720150	0.640	258,256.000000
14.730817	0.640	257,260.000000
14.741483	0.640	257,833.000000
14.752150	0.640	259,697.000000
14.762817	0.640	259,375.000000
14.773483	0.640	253,981.000000
14.784150	0.640	247,390.000000
14.794817	0.640	245,672.000000
14.805483	0.640	246,470.000000
14.816150	0.640	244,151.000000
14.826817	0.640	240,642.000000
14.837483	0.640	237,613.000000
14.848150	0.640	230,000.000000
14.858817	0.640	217,953.000000
14.869483	0.640	211,172.000000
14.880150	0.640	214,491.000000
14.890817	0.640	220,314.000000
14.901483	0.640	219,745.000000
14.912150	0.640	213,509.000000
14.922817	0.640	207,913.000000
14.933483	0.640	202,947.000000
14.944150	0.640	194,846.000000
14.954817	0.640	187,859.000000
14.965483	0.640	186,759.000000
14.976150	0.640	187,422.000000
14.986817	0.640	184,182.000000
14.997483	0.640	177,127.000000
15.008150	0.640	171,830.000000
15.018817	0.640	170,644.000000
15.029483	0.640	169,867.000000
15.040150	0.640	168,040.000000
15.050817	0.640	165,740.000000
15.061483	0.640	162,947.000000
15.072150	0.640	160,537.000000
15.082817	0.640	158,061.000000
15.093483	0.640	153,371.000000
15.104150	0.640	146,506.000000
15.114817	0.640	141,437.000000
15.125483	0.640	140,708.000000
15.136150	0.640	142,215.000000
15.146817	0.640	143,290.000000
15.157483	0.640	141,570.000000
15.168150	0.640	136,176.000000
15.178817	0.640	128,740.000000
15.189483	0.640	121,573.000000
15.200150	0.640	119,013.000000
15.210817	0.640	123,054.000000
15.221483	0.640	127,621.000000
15.232150	0.640	124,837.000000
15.242817	0.640	114,909.000000
15.253483	0.640	106,419.000000
15.264150	0.640	105,592.000000
15.274817	0.640	110,135.000000
15.285483	0.640	113,735.000000
15.296150	0.640	111,531.000000
15.306817	0.640	104,028.000000
15.317483	0.640	97,679.000000
15.328150	0.640	98,399.000000
15.338817	0.640	103,151.000000
15.349483	0.640	104,842.000000
15.360150	0.640	103,160.000000
15.370817	0.640	100,665.000000
15.381483	0.640	98,328.000000
15.392150	0.640	98,066.000000
15.402817	0.640	100,609.000000
15.413483	0.640	106,701.000000
15.424150	0.640	116,776.000000
15.434817	0.640	124,549.000000
15.445483	0.640	123,703.000000
15.456150	0.640	116,103.000000
15.466817	0.640	107,297.000000
15.477483	0.640	102,118.000000
15.488150	0.640	98,587.000000
15.498817	0.640	90,062.000000
15.509483	0.640	77,644.000000
15.520150	0.640	66,636.000000
15.530817	0.640	59,214.000000
15.541483	0.640	57,538.000000
15.552150	0.640	61,444.000000
15.562817	0.640	64,342.000000
15.573483	0.640	58,816.000000
15.584150	0.640	46,384.000000
15.594817	0.640	37,489.000000
15.605483	0.640	40,405.000000
15.616150	0.640	52,962.000000
15.626817	0.640	65,790.000000
15.637483	0.640	75,127.000000
15.648150	0.640	87,625.000000
15.658817	0.640	108,915.000000
15.669483	0.640	138,183.000000
15.680150	0.640	171,661.000000
15.690817	0.640	202,345.000000
15.701483	0.640	224,920.000000
15.712150	0.640	240,330.000000
15.722817	0.640	247,602.000000
15.733483	0.640	242,550.000000
15.744150	0.640	227,165.000000
15.754817	0.640	205,883.000000
15.765483	0.640	178,683.000000
15.776150	0.640	147,426.000000
15.786817	0.640	118,422.000000
15.797483	0.640	95,220.000000
15.808150	0.640	76,782.000000
15.818817	0.640	62,098.000000
15.829483	0.640	50,703.000000
15.840150	0.640	41,422.000000
15.850817	0.640	32,705.000000
15.861483	0.640	23,671.000000
15.872150	0.640	16,548.000000
15.882817	0.640	15,137.000000
15.893483	0.640	19,858.000000
15.904150	0.640	25,708.000000
15.914817	0.640	27,644.000000
15.925483	0.640	27,635.000000
15.936150	0.640	29,461.000000
15.946817	0.640	30,889.000000
15.957483	0.640	28,780.000000
15.968150	0.640	26,648.000000
15.978817	0.640	28,500.000000
15.989483	0.640	29,189.000000
16.000150	0.640	23,810.000000
16.010817	0.640	17,858.000000
16.021483	0.640	17,628.000000
16.032150	0.640	22,393.000000
16.042817	0.640	26,672.000000
16.053483	0.640	26,560.000000
16.064150	0.640	24,703.000000
16.074817	0.640	24,068.000000
16.085483	0.640	24,101.000000
16.096150	0.640	26,895.000000
16.106817	0.640	32,960.000000
16.117483	0.640	34,295.000000
16.128150	0.640	26,722.000000
16.138817	0.640	20,048.000000
16.149483	0.640	24,176.000000
16.160150	0.640	33,877.000000
16.170817	0.640	35,446.000000
16.181483	0.640	25,311.000000
16.192150	0.640	15,679.000000
16.202817	0.640	17,256.000000
16.213483	0.640	24,224.000000
16.224150	0.640	26,748.000000
16.234817	0.640	26,221.000000
16.245483	0.640	25,823.000000
16.256150	0.640	23,583.000000
16.266817	0.640	21,737.000000
16.277483	0.640	22,531.000000
16.288150	0.640	21,097.000000
16.298817	0.640	18,078.000000
16.309483	0.640	20,830.000000
16.320150	0.640	28,483.000000
16.330817	0.640	34,565.000000
16.341483	0.640	36,562.000000
16.352150	0.640	35,134.000000
16.362817	0.640	33,410.000000
16.373483	0.640	33,119.000000
16.384150	0.640	31,862.000000
16.394817	0.640	30,268.000000
16.405483	0.640	30,949.000000
16.416150	0.640	31,497.000000
16.426817	0.640	29,235.000000
16.437483	0.640	26,956.000000
16.448150	0.640	28,642.000000
16.458817	0.640	32,133.000000
16.469483	0.640	32,830.000000
16.480150	0.640	33,147.000000
16.490817	0.640	36,248.000000
16.501483	0.640	36,205.000000
16.512150	0.640	27,743.000000
16.522817	0.640	18,622.000000
16.533483	0.640	18,281.000000
16.544150	0.640	23,271.000000
16.554817	0.640	26,637.000000
16.565483	0.640	28,337.000000
16.576150	0.640	30,337.000000
16.586817	0.640	33,150.000000
16.597483	0.640	36,006.000000
16.608150	0.640	36,688.000000
16.618817	0.640	34,321.000000
16.629483	0.640	29,155.000000
16.640150	0.640	23,802.000000
16.650817	0.640	23,904.000000
16.661483	0.640	29,208.000000
16.672150	0.640	34,469.000000
16.682817	0.640	37,766.000000
16.693483	0.640	38,803.000000
16.704150	0.640	35,857.000000
16.714817	0.640	26,926.000000
16.725483	0.640	16,220.000000
16.736150	0.640	13,570.000000
16.746817	0.640	19,341.000000
16.757483	0.640	24,643.000000
16.768150	0.640	26,309.000000
16.778817	0.640	26,102.000000
16.789483	0.640	24,984.000000
16.800150	0.640	24,072.000000
16.810817	0.640	23,421.000000
16.821483	0.640	22,597.000000
16.832150	0.640	21,930.000000
16.842817	0.640	21,260.000000
16.853483	0.640	19,361.000000
16.864150	0.640	16,481.000000
16.874817	0.640	18,811.000000
16.885483	0.640	29,805.000000
16.896150	0.640	38,202.000000
16.906817	0.640	33,256.000000
16.917483	0.640	22,352.000000
16.928150	0.640	17,160.000000
16.938817	0.640	20,010.000000
16.949483	0.640	29,348.000000
16.960150	0.640	38,569.000000
16.970817	0.640	37,887.000000
16.981483	0.640	30,114.000000
16.992150	0.640	25,971.000000
17.002817	0.640	25,691.000000
17.013483	0.640	24,170.000000
17.024150	0.640	24,086.000000
17.034817	0.640	30,422.000000
17.045483	0.640	38,352.000000
17.056150	0.640	39,552.000000
17.066817	0.640	35,205.000000
17.077483	0.640	30,182.000000
17.088150	0.640	27,134.000000
17.098817	0.640	27,795.000000
17.109483	0.640	29,125.000000
17.120150	0.640	28,377.000000
17.130817	0.640	28,060.000000
17.141483	0.640	29,412.000000
17.152150	0.640	31,995.000000
17.162817	0.640	34,104.000000
17.173483	0.640	32,612.000000
17.184150	0.640	30,887.000000
17.194817	0.640	33,856.000000
17.205483	0.640	37,262.000000
17.216150	0.640	38,092.000000
17.226817	0.640	41,313.000000
17.237483	0.640	47,767.000000
17.248150	0.640	52,453.000000
17.258817	0.640	53,811.000000
17.269483	0.640	54,237.000000
17.280150	0.640	56,017.000000
17.290817	0.640	58,707.000000
17.301483	0.640	60,501.000000
17.312150	0.640	61,982.000000
17.322817	0.640	63,376.000000
17.333483	0.640	64,244.000000
17.344150	0.640	66,673.000000
17.354817	0.640	69,111.000000
17.365483	0.640	65,576.000000
17.376150	0.640	58,295.000000
17.386817	0.640	57,498.000000
17.397483	0.640	64,943.000000
17.408150	0.640	71,820.000000
17.418817	0.640	71,379.000000
17.429483	0.640	65,278.000000
17.440150	0.640	61,521.000000
17.450817	0.640	64,981.000000
17.461483	0.640	70,101.000000
17.472150	0.640	68,482.000000
17.482817	0.640	61,624.000000
17.493483	0.640	58,672.000000
17.504150	0.640	60,732.000000
17.514817	0.640	60,913.000000
17.525483	0.640	59,241.000000
17.536150	0.640	61,249.000000
17.546817	0.640	67,349.000000
17.557483	0.640	72,028.000000
17.568150	0.640	68,908.000000
17.578817	0.640	58,485.000000
17.589483	0.640	50,610.000000
17.600150	0.640	54,243.000000
17.610817	0.640	64,637.000000
17.621483	0.640	68,902.000000
17.632150	0.640	65,103.000000
17.642817	0.640	59,194.000000
17.653483	0.640	52,722.000000
17.664150	0.640	50,013.000000
17.674817	0.640	55,649.000000
17.685483	0.640	63,030.000000
17.696150	0.640	65,458.000000
17.706817	0.640	66,003.000000
17.717483	0.640	66,456.000000
17.728150	0.640	65,386.000000
17.738817	0.640	66,052.000000
17.749483	0.640	68,762.000000
17.760150	0.640	67,504.000000
17.770817	0.640	62,165.000000
17.781483	0.640	60,320.000000
17.792150	0.640	65,202.000000
17.802817	0.640	69,082.000000
17.813483	0.640	67,069.000000
17.824150	0.640	67,537.000000
17.834817	0.640	72,563.000000
17.845483	0.640	71,659.000000
17.856150	0.640	64,584.000000
17.866817	0.640	59,884.000000
17.877483	0.640	57,971.000000
17.888150	0.640	56,547.000000
17.898817	0.640	56,452.000000
17.909483	0.640	58,271.000000
17.920150	0.640	62,241.000000
17.930817	0.640	66,404.000000
17.941483	0.640	66,235.000000
17.952150	0.640	59,847.000000
17.962817	0.640	52,654.000000
17.973483	0.640	53,548.000000
17.984150	0.640	62,382.000000
17.994817	0.640	69,286.000000
18.005483	0.640	69,321.000000
18.016150	0.640	66,227.000000
18.026817	0.640	63,743.000000
18.037483	0.640	62,543.000000
18.048150	0.640	61,038.000000
18.058817	0.640	57,342.000000
18.069483	0.640	52,238.000000
18.080150	0.640	47,256.000000
18.090817	0.640	43,047.000000
18.101483	0.640	41,041.000000
18.112150	0.640	41,327.000000
18.122817	0.640	41,624.000000
18.133483	0.640	41,592.000000
18.144150	0.640	41,480.000000
18.154817	0.640	39,150.000000
18.165483	0.640	35,390.000000
18.176150	0.640	34,220.000000
18.186817	0.640	35,156.000000
18.197483	0.640	35,370.000000
18.208150	0.640	37,280.000000
18.218817	0.640	44,761.000000
18.229483	0.640	55,203.000000
18.240150	0.640	60,712.000000
18.250817	0.640	61,569.000000
18.261483	0.640	70,999.000000
18.272150	0.640	95,140.000000
18.282817	0.640	125,504.000000
18.293483	0.640	156,262.000000
18.304150	0.640	190,740.000000
18.314817	0.640	233,674.000000
18.325483	0.640	283,767.000000
18.336150	0.640	333,595.000000
18.346817	0.640	375,217.000000
18.357483	0.640	400,831.000000
18.368150	0.640	402,182.000000
18.378817	0.640	377,972.000000
18.389483	0.640	338,972.000000
18.400150	0.640	295,096.000000
18.410817	0.640	246,571.000000
18.421483	0.640	196,713.000000
18.432150	0.640	154,864.000000
18.442817	0.640	124,039.000000
18.453483	0.640	100,870.000000
18.464150	0.640	84,758.000000
18.474817	0.640	76,708.000000
18.485483	0.640	72,342.000000
18.496150	0.640	64,653.000000
18.506817	0.640	54,270.000000
18.517483	0.640	48,020.000000
18.528150	0.640	47,268.000000
18.538817	0.640	50,318.000000
18.549483	0.640	56,266.000000
18.560150	0.640	58,966.000000
18.570817	0.640	54,186.000000
18.581483	0.640	47,458.000000
18.592150	0.640	44,411.000000
18.602817	0.640	44,586.000000
18.613483	0.640	45,145.000000
18.624150	0.640	42,641.000000
18.634817	0.640	35,555.000000
18.645483	0.640	29,069.000000
18.656150	0.640	30,760.000000
18.666817	0.640	38,218.000000
18.677483	0.640	42,209.000000
18.688150	0.640	42,162.000000
18.698817	0.640	42,413.000000
18.709483	0.640	42,265.000000
18.720150	0.640	42,140.000000
18.730817	0.640	44,440.000000
18.741483	0.640	46,511.000000
18.752150	0.640	44,871.000000
18.762817	0.640	42,485.000000
18.773483	0.640	43,967.000000
18.784150	0.640	47,753.000000
18.794817	0.640	49,966.000000
18.805483	0.640	49,408.000000
18.816150	0.640	45,858.000000
18.826817	0.640	42,759.000000
18.837483	0.640	45,282.000000
18.848150	0.640	49,432.000000
18.858817	0.640	47,203.000000
18.869483	0.640	41,368.000000
18.880150	0.640	39,580.000000
18.890817	0.640	41,249.000000
18.901483	0.640	41,631.000000
18.912150	0.640	40,959.000000
18.922817	0.640	42,548.000000
18.933483	0.640	45,192.000000
18.944150	0.640	43,791.000000
18.954817	0.640	38,689.000000
18.965483	0.640	36,637.000000
18.976150	0.640	39,949.000000
18.986817	0.640	42,797.000000
18.997483	0.640	39,462.000000
19.008150	0.640	31,621.000000
19.018817	0.640	26,819.000000
19.029483	0.640	28,865.000000
19.040150	0.640	32,873.000000
19.050817	0.640	33,779.000000
19.061483	0.640	33,491.000000
19.072217	0.644	34,645.000000
19.082817	0.636	35,405.000000
19.093483	0.640	33,817.000000
19.104150	0.640	31,589.000000
19.114817	0.640	31,174.000000
19.125483	0.640	30,689.000000
19.136150	0.640	27,295.000000
19.146817	0.640	23,950.000000
19.157483	0.640	25,498.000000
19.168150	0.640	30,605.000000
19.178817	0.640	34,231.000000
19.189483	0.640	34,855.000000
19.200150	0.640	33,016.000000
19.210817	0.640	29,320.000000
19.221483	0.640	25,822.000000
19.232150	0.640	23,593.000000
19.242817	0.640	23,128.000000
19.253483	0.640	24,093.000000
19.264150	0.640	24,897.000000
19.274817	0.640	27,268.000000
19.285483	0.640	31,731.000000
19.296150	0.640	34,287.000000
19.306817	0.640	33,401.000000
19.317483	0.640	32,127.000000
19.328150	0.640	33,147.000000
19.338817	0.640	33,862.000000
19.349483	0.640	30,602.000000
19.360150	0.640	25,274.000000
19.370817	0.640	22,895.000000
19.381483	0.640	26,772.000000
19.392150	0.640	34,730.000000
19.402817	0.640	37,779.000000
19.413483	0.640	30,416.000000
19.424150	0.640	20,184.000000
19.434817	0.640	17,487.000000
19.445483	0.640	21,691.000000
19.456150	0.640	25,739.000000
19.466817	0.640	26,879.000000
19.477483	0.640	25,842.000000
19.488150	0.640	25,093.000000
19.498817	0.640	27,506.000000
19.509483	0.640	30,425.000000
19.520150	0.640	28,398.000000
19.530817	0.640	22,370.000000
19.541483	0.640	19,725.000000
19.552150	0.640	23,958.000000
19.562817	0.640	29,952.000000
19.573483	0.640	32,406.000000
19.584150	0.640	30,283.000000
19.594817	0.640	24,557.000000
19.605483	0.640	20,000.000000
19.616150	0.640	20,784.000000
19.626817	0.640	24,048.000000
19.637483	0.640	26,038.000000
19.648150	0.640	26,883.000000
19.658817	0.640	27,515.000000
19.669483	0.640	27,711.000000
19.680150	0.640	27,966.000000
19.690817	0.640	29,540.000000
19.701483	0.640	30,064.000000
19.712150	0.640	29,071.000000
19.722817	0.640	31,847.000000
19.733483	0.640	37,115.000000
19.744150	0.640	36,989.000000
19.754817	0.640	30,685.000000
19.765483	0.640	24,957.000000
19.776150	0.640	24,124.000000
19.786817	0.640	25,414.000000
19.797483	0.640	25,410.000000
19.808150	0.640	26,127.000000
19.818817	0.640	27,507.000000
19.829483	0.640	24,332.000000
19.840150	0.640	16,967.000000
19.850817	0.640	11,990.000000
19.861483	0.640	12,669.000000
19.872150	0.640	17,824.000000
19.882817	0.640	24,774.000000
19.893483	0.640	27,984.000000
19.904150	0.640	22,975.000000
19.914817	0.640	14,756.000000
19.925483	0.640	11,750.000000
19.936150	0.640	14,048.000000
19.946817	0.640	17,122.000000
19.957483	0.640	19,838.000000
19.968150	0.640	22,067.000000
19.978817	0.640	21,832.000000
19.989483	0.640	18,983.000000
20.000150	0.640	16,210.000000
20.010817	0.640	15,996.000000
20.021483	0.640	17,674.000000
20.032150	0.640	18,137.000000
20.042817	0.640	17,719.000000
20.053483	0.640	18,676.000000
20.064150	0.640	19,584.000000
20.074817	0.640	20,014.000000
20.085483	0.640	21,061.000000
20.096150	0.640	21,144.000000
20.106817	0.640	20,418.000000
20.117483	0.640	19,896.000000
20.128150	0.640	19,485.000000
20.138817	0.640	20,323.000000
20.149483	0.640	19,745.000000
20.160150	0.640	15,529.000000
20.170817	0.640	12,792.000000
20.181483	0.640	13,901.000000
20.192150	0.640	14,851.000000
20.202817	0.640	13,586.000000
20.213483	0.640	13,322.000000
20.224150	0.640	18,856.000000
20.234817	0.640	27,845.000000
20.245483	0.640	31,149.000000
20.256150	0.640	26,274.000000
20.266817	0.640	20,960.000000
20.277483	0.640	22,185.000000
20.288150	0.640	26,764.000000
20.298817	0.640	26,078.000000
20.309483	0.640	20,936.000000
20.320150	0.640	20,370.000000
20.330817	0.640	25,647.000000
20.341483	0.640	29,329.000000
20.352150	0.640	27,441.000000
20.362817	0.640	23,578.000000
20.373483	0.640	23,401.000000
20.384150	0.640	27,186.000000
20.394817	0.640	29,708.000000
20.405483	0.640	30,557.000000
20.416150	0.640	33,470.000000
20.426817	0.640	36,666.000000
20.437483	0.640	39,926.000000
20.448150	0.640	49,434.000000
20.458817	0.640	65,600.000000
20.469483	0.640	81,748.000000
20.480150	0.640	97,293.000000
20.490817	0.640	119,054.000000
20.501483	0.640	150,764.000000
20.512150	0.640	192,367.000000
20.522817	0.640	244,705.000000
20.533483	0.640	308,731.000000
20.544150	0.640	388,458.000000
20.554817	0.640	492,312.000000
20.565483	0.640	623,376.000000
20.576150	0.640	778,985.000000
20.586817	0.640	966,900.000000
20.597483	0.640	1,204,393.000000
20.608150	0.640	1,502,807.000000
20.618817	0.640	1,878,610.000000
20.629483	0.640	2,366,706.000000
20.640150	0.640	3,006,040.000000
20.650817	0.640	3,838,674.000000
20.661483	0.640	4,919,230.000000
20.672150	0.640	6,299,004.000000
20.682817	0.640	8,018,237.000000
20.693483	0.640	10,109,891.000000
20.704150	0.640	12,566,803.000000
20.714817	0.640	15,304,168.000000
20.725483	0.640	18,153,780.000000
20.736150	0.640	20,863,968.000000
20.746817	0.640	23,156,201.000000
20.757483	0.640	24,803,319.000000
20.768150	0.640	25,619,399.000000
20.778817	0.640	25,502,935.000000
20.789483	0.640	24,521,285.000000
20.800150	0.640	22,828,619.000000
20.810817	0.640	20,575,986.000000
20.821483	0.640	17,956,905.000000
20.832150	0.640	15,225,829.000000
20.842817	0.640	12,636,710.000000
20.853483	0.640	10,373,522.000000
20.864150	0.640	8,503,302.000000
20.874817	0.640	6,999,607.000000
20.885483	0.640	5,818,000.000000
20.896150	0.640	4,923,164.000000
20.906817	0.640	4,267,188.000000
20.917483	0.640	3,788,637.000000
20.928150	0.640	3,438,600.000000
20.938817	0.640	3,184,940.000000
20.949483	0.640	2,997,329.000000
20.960150	0.640	2,851,523.000000
20.970817	0.640	2,733,293.000000
20.981483	0.640	2,633,831.000000
20.992150	0.640	2,550,732.000000
21.002817	0.640	2,481,537.000000
21.013483	0.640	2,421,168.000000
21.024150	0.640	2,367,525.000000
21.034817	0.640	2,317,576.000000
21.045483	0.640	2,267,924.000000
21.056150	0.640	2,221,279.000000
21.066817	0.640	2,180,169.000000
21.077483	0.640	2,139,827.000000
21.088150	0.640	2,096,496.000000
21.098817	0.640	2,054,273.000000
21.109483	0.640	2,018,235.000000
21.120150	0.640	1,988,166.000000
21.130817	0.640	1,960,455.000000
21.141483	0.640	1,933,061.000000
21.152150	0.640	1,905,108.000000
21.162817	0.640	1,876,584.000000
21.173483	0.640	1,851,615.000000
21.184150	0.640	1,832,429.000000
21.194817	0.640	1,813,906.000000
21.205483	0.640	1,791,518.000000
21.216150	0.640	1,768,343.000000
21.226817	0.640	1,749,671.000000
21.237483	0.640	1,734,011.000000
21.248150	0.640	1,715,982.000000
21.258817	0.640	1,696,732.000000
21.269483	0.640	1,680,377.000000
21.280150	0.640	1,664,561.000000
21.290817	0.640	1,644,613.000000
21.301483	0.640	1,621,174.000000
21.312150	0.640	1,602,109.000000
21.322817	0.640	1,593,422.000000
21.333483	0.640	1,588,251.000000
21.344150	0.640	1,578,735.000000
21.354817	0.640	1,569,162.000000
21.365483	0.640	1,562,972.000000
21.376150	0.640	1,552,657.000000
21.386817	0.640	1,534,005.000000
21.397483	0.640	1,517,172.000000
21.408150	0.640	1,510,877.000000
21.418817	0.640	1,507,708.000000
21.429483	0.640	1,497,937.000000
21.440150	0.640	1,482,468.000000
21.450817	0.640	1,466,625.000000
21.461483	0.640	1,452,792.000000
21.472150	0.640	1,439,654.000000
21.482817	0.640	1,427,594.000000
21.493483	0.640	1,419,431.000000
21.504150	0.640	1,413,036.000000
21.514817	0.640	1,402,117.000000
21.525483	0.640	1,384,830.000000
21.536150	0.640	1,366,354.000000
21.546817	0.640	1,350,754.000000
21.557483	0.640	1,334,570.000000
21.568150	0.640	1,315,322.000000
21.578817	0.640	1,296,588.000000
21.589483	0.640	1,279,951.000000
21.600150	0.640	1,264,705.000000
21.610817	0.640	1,250,233.000000
21.621483	0.640	1,232,633.000000
21.632150	0.640	1,208,654.000000
21.642817	0.640	1,182,214.000000
21.653483	0.640	1,160,616.000000
21.664150	0.640	1,144,814.000000
21.674817	0.640	1,129,971.000000
21.685483	0.640	1,112,355.000000
21.696150	0.640	1,091,029.000000
21.706817	0.640	1,069,739.000000
21.717483	0.640	1,054,954.000000
21.728150	0.640	1,047,343.000000
21.738817	0.640	1,038,780.000000
21.749483	0.640	1,022,568.000000
21.760150	0.640	1,002,568.000000
21.770817	0.640	985,061.000000
21.781483	0.640	970,128.000000
21.792150	0.640	956,953.000000
21.802817	0.640	947,658.000000
21.813483	0.640	941,138.000000
21.824150	0.640	931,259.000000
21.834817	0.640	916,175.000000
21.845483	0.640	901,746.000000
21.856150	0.640	892,017.000000
21.866817	0.640	884,928.000000
21.877483	0.640	877,861.000000
21.888150	0.640	869,807.000000
21.898817	0.640	860,760.000000
21.909483	0.640	852,053.000000
21.920150	0.640	843,683.000000
21.930817	0.640	834,583.000000
21.941483	0.640	826,829.000000
21.952150	0.640	822,746.000000
21.962817	0.640	820,053.000000
21.973483	0.640	816,318.000000
21.984150	0.640	813,533.000000
21.994817	0.640	811,168.000000
22.005483	0.640	802,806.000000
22.016150	0.640	788,131.000000
22.026817	0.640	775,630.000000
22.037483	0.640	769,238.000000
22.048150	0.640	766,594.000000
22.058817	0.640	764,035.000000
22.069483	0.640	755,844.000000
22.080150	0.640	742,222.000000
22.090817	0.640	732,148.000000
22.101483	0.640	728,162.000000
22.112150	0.640	724,344.000000
22.122817	0.640	719,262.000000
22.133483	0.640	714,863.000000
22.144150	0.640	711,348.000000
22.154817	0.640	707,942.000000
22.165483	0.640	703,018.000000
22.176150	0.640	697,201.000000
22.186817	0.640	691,495.000000
22.197483	0.640	683,723.000000
22.208150	0.640	673,376.000000
22.218817	0.640	664,994.000000
22.229483	0.640	662,345.000000
22.240150	0.640	661,936.000000
22.250817	0.640	659,156.000000
22.261483	0.640	654,549.000000
22.272150	0.640	648,953.000000
22.282817	0.640	642,589.000000
22.293483	0.640	637,109.000000
22.304150	0.640	632,796.000000
22.314817	0.640	629,014.000000
22.325483	0.640	627,016.000000
22.336150	0.640	627,186.000000
22.346817	0.640	625,681.000000
22.357483	0.640	619,573.000000
22.368150	0.640	612,044.000000
22.378817	0.640	607,668.000000
22.389483	0.640	606,393.000000
22.400150	0.640	603,248.000000
22.410817	0.640	594,970.000000
22.421483	0.640	585,339.000000
22.432150	0.640	578,343.000000
22.442817	0.640	574,454.000000
22.453483	0.640	575,602.000000
22.464150	0.640	580,850.000000
22.474817	0.640	582,904.000000
22.485483	0.640	578,603.000000
22.496150	0.640	571,529.000000
22.506817	0.640	564,351.000000
22.517483	0.640	560,530.000000
22.528150	0.640	562,522.000000
22.538817	0.640	564,936.000000
22.549483	0.640	564,028.000000
22.560150	0.640	563,547.000000
22.570817	0.640	563,483.000000
22.581483	0.640	559,849.000000
22.592150	0.640	553,756.000000
22.602817	0.640	548,068.000000
22.613483	0.640	542,103.000000
22.624150	0.640	536,574.000000
22.634817	0.640	535,087.000000
22.645483	0.640	537,779.000000
22.656150	0.640	540,643.000000
22.666817	0.640	540,029.000000
22.677483	0.640	536,513.000000
22.688150	0.640	533,829.000000
22.698817	0.640	532,068.000000
22.709483	0.640	529,040.000000
22.720150	0.640	526,379.000000
22.730817	0.640	526,089.000000
22.741483	0.640	526,029.000000
22.752150	0.640	524,482.000000
22.762817	0.640	524,372.000000
22.773483	0.640	526,971.000000
22.784150	0.640	528,794.000000
22.794817	0.640	528,966.000000
22.805483	0.640	528,705.000000
22.816150	0.640	525,223.000000
22.826817	0.640	517,374.000000
22.837483	0.640	512,484.000000
22.848150	0.640	517,410.000000
22.858817	0.640	524,288.000000
22.869483	0.640	520,235.000000
22.880150	0.640	511,134.000000
22.890817	0.640	511,333.000000
22.901483	0.640	519,914.000000
22.912150	0.640	527,820.000000
22.922817	0.640	530,170.000000
22.933483	0.640	527,671.000000
22.944150	0.640	524,265.000000
22.954817	0.640	520,520.000000
22.965483	0.640	514,674.000000
22.976150	0.640	508,204.000000
22.986817	0.640	504,986.000000
22.997483	0.640	507,963.000000
23.008150	0.640	516,032.000000
23.018817	0.640	523,392.000000
23.029483	0.640	526,076.000000
23.040150	0.640	526,160.000000
23.050817	0.640	525,660.000000
23.061483	0.640	525,788.000000
23.072150	0.640	528,980.000000
23.082817	0.640	533,109.000000
23.093483	0.640	533,775.000000
23.104150	0.640	531,053.000000
23.114817	0.640	528,231.000000
23.125483	0.640	529,559.000000
23.136150	0.640	535,579.000000
23.146817	0.640	539,545.000000
23.157483	0.640	536,380.000000
23.168150	0.640	532,166.000000
23.178817	0.640	534,952.000000
23.189483	0.640	539,646.000000
23.200150	0.640	536,996.000000
23.210817	0.640	531,466.000000
23.221483	0.640	531,869.000000
23.232150	0.640	535,425.000000
23.242817	0.640	535,618.000000
23.253483	0.640	532,682.000000
23.264150	0.640	529,205.000000
23.274817	0.640	527,641.000000
23.285483	0.640	530,813.000000
23.296150	0.640	536,085.000000
23.306817	0.640	537,164.000000
23.317483	0.640	533,274.000000
23.328150	0.640	529,274.000000
23.338817	0.640	528,519.000000
23.349483	0.640	530,371.000000
23.360150	0.640	535,385.000000
23.370817	0.640	544,446.000000
23.381483	0.640	551,989.000000
23.392150	0.640	552,851.000000
23.402817	0.640	551,349.000000
23.413483	0.640	551,339.000000
23.424150	0.640	551,392.000000
23.434817	0.640	553,171.000000
23.445483	0.640	556,271.000000
23.456150	0.640	555,967.000000
23.466817	0.640	555,143.000000
23.477483	0.640	559,622.000000
23.488150	0.640	564,909.000000
23.498817	0.640	564,717.000000
23.509483	0.640	562,098.000000
23.520150	0.640	561,315.000000
23.530817	0.640	560,604.000000
23.541483	0.640	557,664.000000
23.552150	0.640	556,790.000000
23.562817	0.640	563,071.000000
23.573483	0.640	572,051.000000
23.584150	0.640	576,228.000000
23.594817	0.640	573,787.000000
23.605483	0.640	567,290.000000
23.616150	0.640	563,101.000000
23.626817	0.640	566,396.000000
23.637483	0.640	571,159.000000
23.648150	0.640	566,969.000000
23.658817	0.640	556,681.000000
23.669483	0.640	550,970.000000
23.680150	0.640	552,174.000000
23.690817	0.640	556,998.000000
23.701483	0.640	562,594.000000
23.712150	0.640	564,318.000000
23.722817	0.640	558,878.000000
23.733483	0.640	550,955.000000
23.744150	0.640	549,258.000000
23.754817	0.640	555,005.000000
23.765483	0.640	559,121.000000
23.776150	0.640	555,058.000000
23.786817	0.640	549,223.000000
23.797483	0.640	549,223.000000
23.808150	0.640	552,715.000000
23.818883	0.644	556,854.000000
23.829483	0.636	561,331.000000
23.840150	0.640	561,970.000000
23.850817	0.640	556,654.000000
23.861483	0.640	551,221.000000
23.872150	0.640	551,994.000000
23.882817	0.640	557,223.000000
23.893483	0.640	560,742.000000
23.904150	0.640	561,862.000000
23.914817	0.640	562,590.000000
23.925483	0.640	560,891.000000
23.936150	0.640	556,710.000000
23.946817	0.640	554,414.000000
23.957483	0.640	556,677.000000
23.968150	0.640	562,704.000000
23.978817	0.640	570,148.000000
23.989483	0.640	575,633.000000
24.000150	0.640	576,344.000000
24.010817	0.640	576,709.000000
24.021483	0.640	582,202.000000
24.032150	0.640	586,069.000000
24.042817	0.640	582,642.000000
24.053483	0.640	578,871.000000
24.064150	0.640	579,587.000000
24.074817	0.640	583,387.000000
24.085483	0.640	588,007.000000
24.096150	0.640	588,691.000000
24.106817	0.640	584,561.000000
24.117483	0.640	580,829.000000
24.128150	0.640	580,301.000000
24.138817	0.640	582,472.000000
24.149483	0.640	585,396.000000
24.160150	0.640	587,109.000000
24.170817	0.640	588,646.000000
24.181483	0.640	590,555.000000
24.192150	0.640	590,627.000000
24.202817	0.640	589,398.000000
24.213483	0.640	590,333.000000
24.224150	0.640	594,523.000000
24.234817	0.640	601,237.000000
24.245483	0.640	610,747.000000
24.256150	0.640	621,888.000000
24.266817	0.640	629,478.000000
24.277483	0.640	629,233.000000
24.288150	0.640	624,077.000000
24.298817	0.640	620,326.000000
24.309483	0.640	619,225.000000
24.320150	0.640	618,068.000000
24.330817	0.640	616,165.000000
24.341483	0.640	615,044.000000
24.352150	0.640	614,979.000000
24.362817	0.640	614,211.000000
24.373483	0.640	613,418.000000
24.384150	0.640	616,690.000000
24.394817	0.640	623,785.000000
24.405483	0.640	627,589.000000
24.416150	0.640	624,468.000000
24.426817	0.640	620,995.000000
24.437483	0.640	623,916.000000
24.448150	0.640	629,266.000000
24.458817	0.640	629,936.000000
24.469483	0.640	627,207.000000
24.480150	0.640	626,520.000000
24.490817	0.640	628,586.000000
24.501483	0.640	629,459.000000
24.512150	0.640	627,011.000000
24.522817	0.640	624,099.000000
24.533483	0.640	622,980.000000
24.544150	0.640	623,776.000000
24.554817	0.640	627,524.000000
24.565483	0.640	631,149.000000
24.576150	0.640	631,390.000000
24.586817	0.640	634,085.000000
24.597483	0.640	641,856.000000
24.608150	0.640	646,839.000000
24.618817	0.640	645,517.000000
24.629483	0.640	642,783.000000
24.640150	0.640	642,776.000000
24.650817	0.640	645,747.000000
24.661483	0.640	649,069.000000
24.672150	0.640	649,840.000000
24.682817	0.640	649,048.000000
24.693483	0.640	648,394.000000
24.704150	0.640	646,616.000000
24.714817	0.640	646,520.000000
24.725483	0.640	653,063.000000
24.736150	0.640	661,092.000000
24.746817	0.640	661,734.000000
24.757483	0.640	657,656.000000
24.768150	0.640	657,290.000000
24.778817	0.640	662,800.000000
24.789483	0.640	672,254.000000
24.800150	0.640	682,346.000000
24.810817	0.640	690,267.000000
24.821483	0.640	697,898.000000
24.832150	0.640	707,130.000000
24.842817	0.640	715,051.000000
24.853483	0.640	718,381.000000
24.864150	0.640	717,104.000000
24.874817	0.640	712,831.000000
24.885483	0.640	706,422.000000
24.896150	0.640	700,201.000000
24.906817	0.640	698,830.000000
24.917483	0.640	699,594.000000
24.928150	0.640	694,843.000000
24.938817	0.640	688,306.000000
24.949483	0.640	687,283.000000
24.960150	0.640	690,794.000000
24.970817	0.640	697,683.000000
24.981483	0.640	705,290.000000
24.992150	0.640	706,590.000000
25.002817	0.640	700,619.000000
25.013483	0.640	694,766.000000
25.024150	0.640	695,596.000000
25.034817	0.640	700,731.000000
25.045483	0.640	702,518.000000
25.056150	0.640	700,029.000000
25.066817	0.640	698,959.000000
25.077483	0.640	700,532.000000
25.088150	0.640	700,644.000000
25.098817	0.640	698,386.000000
25.109483	0.640	697,342.000000
25.120150	0.640	700,631.000000
25.130817	0.640	706,608.000000
25.141483	0.640	708,698.000000
25.152150	0.640	703,765.000000
25.162817	0.640	697,400.000000
25.173483	0.640	694,822.000000
25.184150	0.640	693,166.000000
25.194817	0.640	688,139.000000
25.205483	0.640	681,480.000000
25.216150	0.640	678,499.000000
25.226817	0.640	680,849.000000
25.237483	0.640	683,277.000000
25.248150	0.640	680,238.000000
25.258817	0.640	672,642.000000
25.269483	0.640	662,927.000000
25.280150	0.640	652,990.000000
25.290817	0.640	649,283.000000
25.301483	0.640	654,592.000000
25.312150	0.640	659,507.000000
25.322817	0.640	656,455.000000
25.333483	0.640	651,226.000000
25.344150	0.640	651,051.000000
25.354817	0.640	653,798.000000
25.365483	0.640	655,411.000000
25.376150	0.640	655,847.000000
25.386817	0.640	653,359.000000
25.397483	0.640	645,984.000000
25.408150	0.640	638,389.000000
25.418817	0.640	634,124.000000
25.429483	0.640	628,658.000000
25.440150	0.640	619,910.000000
25.450817	0.640	609,897.000000
25.461483	0.640	596,533.000000
25.472150	0.640	582,232.000000
25.482817	0.640	575,380.000000
25.493483	0.640	575,277.000000
25.504150	0.640	574,736.000000
25.514817	0.640	572,056.000000
25.525483	0.640	569,678.000000
25.536150	0.640	568,562.000000
25.546817	0.640	568,365.000000
25.557483	0.640	568,712.000000
25.568150	0.640	568,547.000000
25.578817	0.640	567,583.000000
25.589483	0.640	565,223.000000
25.600150	0.640	559,903.000000
25.610817	0.640	554,871.000000
25.621483	0.640	555,347.000000
25.632150	0.640	560,378.000000
25.642817	0.640	566,614.000000
25.653483	0.640	572,553.000000
25.664150	0.640	577,387.000000
25.674817	0.640	580,969.000000
25.685483	0.640	582,194.000000
25.696150	0.640	580,991.000000
25.706817	0.640	580,172.000000
25.717483	0.640	580,448.000000
25.728150	0.640	580,560.000000
25.738817	0.640	581,058.000000
25.749483	0.640	583,514.000000
25.760150	0.640	589,787.000000
25.770817	0.640	600,515.000000
25.781483	0.640	613,110.000000
25.792150	0.640	624,134.000000
25.802817	0.640	631,077.000000
25.813483	0.640	633,464.000000
25.824150	0.640	635,016.000000
25.834817	0.640	638,982.000000
25.845483	0.640	642,730.000000
25.856150	0.640	642,392.000000
25.866817	0.640	640,369.000000
25.877483	0.640	641,594.000000
25.888150	0.640	643,998.000000
25.898817	0.640	644,227.000000
25.909483	0.640	646,205.000000
25.920150	0.640	651,655.000000
25.930817	0.640	655,070.000000
25.941483	0.640	654,919.000000
25.952150	0.640	656,802.000000
25.962817	0.640	663,856.000000
25.973483	0.640	672,284.000000
25.984150	0.640	676,178.000000
25.994817	0.640	675,574.000000
26.005483	0.640	677,628.000000
26.016150	0.640	684,737.000000
26.026817	0.640	692,227.000000
26.037483	0.640	698,759.000000
26.048150	0.640	704,621.000000
26.058817	0.640	710,343.000000
26.069483	0.640	720,186.000000
26.080150	0.640	733,398.000000
26.090817	0.640	743,637.000000
26.101483	0.640	751,302.000000
26.112150	0.640	759,995.000000
26.122817	0.640	767,534.000000
26.133483	0.640	771,554.000000
26.144150	0.640	773,512.000000
26.154817	0.640	772,126.000000
26.165483	0.640	765,001.000000
26.176150	0.640	758,579.000000
26.186817	0.640	760,215.000000
26.197483	0.640	765,873.000000
26.208150	0.640	770,611.000000
26.218817	0.640	776,685.000000
26.229483	0.640	785,821.000000
26.240150	0.640	798,387.000000
26.250817	0.640	815,358.000000
26.261483	0.640	833,810.000000
26.272150	0.640	847,580.000000
26.282817	0.640	852,240.000000
26.293483	0.640	847,948.000000
26.304150	0.640	842,130.000000
26.314817	0.640	845,925.000000
26.325483	0.640	866,011.000000
26.336150	0.640	911,532.000000
26.346817	0.640	1,016,725.000000
26.357483	0.640	1,281,271.000000
26.368150	0.640	1,898,812.000000
26.378817	0.640	2,979,976.000000
26.389483	0.640	4,159,400.000000
26.400150	0.640	4,625,765.000000
26.410817	0.640	3,940,583.000000
26.421483	0.640	2,627,397.000000
26.432150	0.640	1,579,101.000000
26.442817	0.640	1,142,462.000000
26.453483	0.640	1,075,937.000000
26.464150	0.640	1,083,936.000000
26.474817	0.640	1,077,277.000000
26.485483	0.640	1,073,798.000000
26.496150	0.640	1,081,698.000000
26.506817	0.640	1,088,378.000000
26.517483	0.640	1,088,817.000000
26.528150	0.640	1,090,329.000000
26.538817	0.640	1,095,091.000000
26.549483	0.640	1,099,776.000000
26.560150	0.640	1,106,056.000000
26.570817	0.640	1,115,813.000000
26.581483	0.640	1,126,966.000000
26.592150	0.640	1,136,768.000000
26.602817	0.640	1,140,315.000000
26.613483	0.640	1,136,764.000000
26.624150	0.640	1,136,530.000000
26.634817	0.640	1,148,338.000000
26.645483	0.640	1,168,291.000000
26.656217	0.644	1,186,902.000000
26.666817	0.636	1,199,046.000000
26.677483	0.640	1,213,347.000000
26.688150	0.640	1,249,341.000000
26.698817	0.640	1,315,003.000000
26.709483	0.640	1,409,062.000000
26.720150	0.640	1,565,625.000000
26.730817	0.640	1,855,405.000000
26.741483	0.640	2,261,952.000000
26.752150	0.640	2,572,053.000000
26.762817	0.640	2,546,022.000000
26.773483	0.640	2,225,825.000000
26.784150	0.640	1,907,390.000000
26.794817	0.640	1,800,423.000000
26.805483	0.640	1,866,557.000000
26.816150	0.640	1,965,096.000000
26.826817	0.640	2,021,460.000000
26.837483	0.640	2,054,552.000000
26.848150	0.640	2,115,875.000000
26.858817	0.640	2,238,431.000000
26.869483	0.640	2,485,864.000000
26.880150	0.640	3,345,611.000000
26.890817	0.640	7,714,096.000000
26.901483	0.640	25,231,534.000000
26.912150	0.640	67,825,039.000000
26.922817	0.640	124,241,119.000000
26.933483	0.640	150,638,334.000000
26.944150	0.640	119,174,398.000000
26.954817	0.640	59,184,179.000000
26.965483	0.640	17,782,357.000000
26.976150	0.640	5,984,913.000000
26.986817	0.640	6,576,305.000000
26.997483	0.640	6,776,364.000000
27.008150	0.640	5,785,080.000000
27.018817	0.640	5,918,092.000000
27.029483	0.640	7,641,122.000000
27.040150	0.640	9,690,526.000000
27.050817	0.640	10,495,089.000000
27.061483	0.640	9,768,541.000000
27.072150	0.640	8,464,650.000000
27.082817	0.640	7,433,442.000000
27.093483	0.640	6,989,673.000000
27.104150	0.640	7,209,830.000000
27.114817	0.640	8,089,502.000000
27.125483	0.640	9,724,269.000000
27.136150	0.640	11,997,911.000000
27.146817	0.640	13,654,404.000000
27.157483	0.640	13,018,509.000000
27.168150	0.640	10,411,463.000000
27.178817	0.640	8,044,909.000000
27.189483	0.640	7,281,118.000000
27.200150	0.640	7,785,322.000000
27.210817	0.640	8,964,243.000000
27.221483	0.640	10,574,180.000000
27.232150	0.640	11,916,463.000000
27.242817	0.640	12,321,875.000000
27.253483	0.640	15,185,410.000000
27.264150	0.640	16,049,984.000000
27.264317	0.010	34,074,976.000000
27.264483	0.010	16,049,984.000000
27.264650	0.010	34,074,976.000000
27.264817	0.010	16,049,984.000000
27.264983	0.010	34,074,976.000000
27.265150	0.010	16,049,984.000000
27.274817	0.580	16,049,984.000000
27.285483	0.640	16,049,984.000000
27.296150	0.640	16,049,984.000000
27.306817	0.640	16,049,984.000000
27.317483	0.640	16,049,984.000000
27.317650	0.010	34,074,976.000000
27.317817	0.010	16,049,984.000000
27.317983	0.010	34,074,976.000000
27.318150	0.010	16,049,984.000000
27.318317	0.010	34,074,976.000000
27.318483	0.010	16,049,984.000000
27.328150	0.580	231,672,314.000000
27.338817	0.640	133,279,595.000000
27.349483	0.640	80,801,171.000000
27.360150	0.640	63,245,423.000000
27.370817	0.640	52,628,186.000000
27.381483	0.640	50,612,067.000000
27.392150	0.640	51,476,641.000000
27.392317	0.010	87,214,961.000000
27.392483	0.010	51,476,641.000000
27.392650	0.010	87,214,961.000000
27.392817	0.010	51,476,641.000000
27.392983	0.010	87,214,961.000000
27.393150	0.010	51,476,641.000000
27.402817	0.580	51,476,641.000000
27.413483	0.640	51,476,641.000000
27.424150	0.640	51,476,641.000000
27.434817	0.640	51,476,641.000000
27.445483	0.640	51,476,641.000000
27.456150	0.640	51,476,641.000000
27.466817	0.640	51,476,641.000000
27.477483	0.640	51,476,641.000000
27.488150	0.640	51,476,641.000000
27.488317	0.010	87,214,961.000000
27.488483	0.010	51,476,641.000000
27.488650	0.010	87,214,961.000000
27.488817	0.010	51,476,641.000000
27.488983	0.010	87,214,961.000000
27.489150	0.010	51,476,641.000000
27.498817	0.580	143,980,042.000000
27.509550	0.644	97,838,879.000000
27.520150	0.636	90,184,124.000000
27.530817	0.640	83,806,263.000000
27.541483	0.640	65,238,019.000000
27.552150	0.640	47,639,544.000000
27.562817	0.640	38,773,261.000000
27.573483	0.640	34,528,003.000000
27.584150	0.640	30,720,655.000000
27.594817	0.640	27,197,842.000000
27.605483	0.640	25,016,144.000000
27.616150	0.640	24,244,673.000000
27.626817	0.640	23,939,706.000000
27.637483	0.640	22,974,853.000000
27.648150	0.640	21,258,271.000000
27.658817	0.640	19,803,692.000000
27.669483	0.640	19,073,315.000000
27.680150	0.640	18,363,709.000000
27.690817	0.640	17,222,428.000000
27.701483	0.640	16,173,318.000000
27.712150	0.640	15,744,263.000000
27.722817	0.640	15,803,876.000000
27.733483	0.640	15,946,101.000000
27.744150	0.640	15,905,835.000000
27.754817	0.640	15,784,791.000000
27.765483	0.640	16,069,614.000000
27.776150	0.640	17,049,273.000000
27.786817	0.640	18,331,634.000000
27.797483	0.640	19,218,143.000000
27.808150	0.640	19,245,058.000000
27.818817	0.640	18,382,415.000000
27.829483	0.640	17,120,283.000000
27.840150	0.640	16,201,218.000000
27.850817	0.640	16,013,803.000000
27.861483	0.640	16,375,778.000000
27.872150	0.640	16,903,009.000000
27.882817	0.640	17,835,590.000000
27.893483	0.640	21,901,345.000000
27.904150	0.640	39,781,571.000000
27.914817	0.640	40,646,145.000000
27.914983	0.010	70,969,217.000000
27.915150	0.010	40,646,145.000000
27.915317	0.010	70,969,217.000000
27.915483	0.010	40,646,145.000000
27.915650	0.010	70,969,217.000000
27.915817	0.010	40,646,145.000000
27.925483	0.580	40,646,145.000000
27.936150	0.640	40,646,145.000000
27.946817	0.640	40,646,145.000000
27.957483	0.640	40,646,145.000000
27.968150	0.640	40,646,145.000000
27.978817	0.640	40,646,145.000000
27.989483	0.640	40,646,145.000000
28.000150	0.640	40,646,145.000000
28.010817	0.640	40,646,145.000000
28.021483	0.640	40,646,145.000000
28.032150	0.640	40,646,145.000000
28.042817	0.640	40,646,145.000000
28.053483	0.640	40,646,145.000000
28.064150	0.640	40,646,145.000000
28.074817	0.640	40,646,145.000000
28.085483	0.640	40,646,145.000000
28.096150	0.640	40,646,145.000000
28.106817	0.640	40,646,145.000000
28.106983	0.010	70,969,217.000000
28.107150	0.010	40,646,145.000000
28.107317	0.010	70,969,217.000000
28.107483	0.010	40,646,145.000000
28.107650	0.010	70,969,217.000000
28.107817	0.010	40,646,145.000000
28.117483	0.580	199,437,945.000000
28.128150	0.640	90,557,212.000000
28.138817	0.640	61,619,749.000000
28.149483	0.640	62,628,426.000000
28.160150	0.640	59,669,021.000000
28.170817	0.640	52,355,016.000000
28.181483	0.640	42,974,055.000000
28.192150	0.640	31,324,115.000000
28.202817	0.640	22,738,903.000000
28.213483	0.640	24,284,030.000000
28.224150	0.640	41,807,262.000000
28.234817	0.640	78,267,673.000000
28.245483	0.640	124,456,497.000000
28.256150	0.640	160,111,134.000000
28.266817	0.640	175,524,387.000000
28.277483	0.640	180,617,494.000000
28.288150	0.640	186,328,995.000000
28.298817	0.640	191,287,335.000000
28.309483	0.640	190,314,021.000000
28.320150	0.640	184,043,761.000000
28.330817	0.640	175,879,617.000000
28.341483	0.640	165,679,669.000000
28.352150	0.640	150,519,211.000000
28.362817	0.640	129,118,763.000000
28.373483	0.640	102,949,459.000000
28.384150	0.640	74,806,996.000000
28.394817	0.640	48,829,756.000000
28.405483	0.640	29,941,405.000000
28.416150	0.640	19,964,103.000000
28.426817	0.640	15,999,075.000000
28.437483	0.640	14,649,048.000000
28.448150	0.640	15,367,620.000000
28.458817	0.640	18,252,504.000000
28.469483	0.640	21,044,929.000000
28.480150	0.640	20,659,582.000000
28.490817	0.640	16,884,488.000000
28.501483	0.640	12,445,044.000000
28.512150	0.640	9,622,686.000000
28.522817	0.640	8,490,288.000000
28.533483	0.640	8,114,416.000000
28.544150	0.640	7,930,054.000000
28.554817	0.640	7,824,793.000000
28.565483	0.640	7,741,531.000000
28.576150	0.640	7,578,196.000000
28.586817	0.640	7,298,558.000000
28.597483	0.640	6,954,512.000000
28.608150	0.640	6,599,841.000000
28.618817	0.640	6,213,568.000000
28.629483	0.640	5,700,607.000000
28.640150	0.640	4,974,366.000000
28.650817	0.640	4,056,273.000000
28.661483	0.640	3,087,648.000000
28.672150	0.640	2,226,717.000000
28.682817	0.640	1,549,060.000000
28.693483	0.640	1,059,105.000000
28.704150	0.640	746,237.000000
28.714817	0.640	660,881.000000
28.725483	0.640	850,291.000000
28.736150	0.640	1,035,933.000000
28.746817	0.640	827,213.000000
28.757483	0.640	378,136.000000
28.768150	0.640	116,761.000000
28.778817	0.640	90,874.000000
28.789483	0.640	109,093.000000
28.800150	0.640	91,150.000000
28.810817	0.640	62,310.000000
28.821483	0.640	46,972.000000
28.832150	0.640	42,826.000000
28.842817	0.640	39,251.000000
28.853483	0.640	32,643.000000
28.864150	0.640	28,739.000000
28.874817	0.640	31,221.000000
28.885483	0.640	33,133.000000
28.896150	0.640	28,768.000000
28.906817	0.640	25,228.000000
28.917483	0.640	27,059.000000
28.928150	0.640	24,724.000000
28.938817	0.640	14,950.000000
28.949483	0.640	8,073.000000
28.960150	0.640	5,676.000000
28.970817	0.640	850.000000
28.981483	0.640	-2,848.000000
28.992150	0.640	630.000000
29.002817	0.640	8,010.000000
29.013483	0.640	14,497.000000
29.024150	0.640	16,714.000000
29.034817	0.640	13,562.000000
29.045483	0.640	9,918.000000
29.056150	0.640	9,825.000000
29.066817	0.640	10,689.000000
29.077483	0.640	9,277.000000
29.088150	0.640	7,622.000000
29.098817	0.640	8,785.000000
29.109483	0.640	11,332.000000
29.120150	0.640	12,616.000000
29.130817	0.640	11,647.000000
29.141483	0.640	7,214.000000
29.152150	0.640	3,346.000000
29.162817	0.640	6,903.000000
29.173483	0.640	12,116.000000
29.184150	0.640	12,188.000000
29.194817	0.640	13,460.000000
29.205483	0.640	16,059.000000
29.216150	0.640	12,543.000000
29.226817	0.640	6,828.000000
29.237483	0.640	8,054.000000
29.248150	0.640	15,475.000000
29.258817	0.640	20,514.000000
29.269483	0.640	20,152.000000
29.280150	0.640	19,080.000000
29.290817	0.640	19,875.000000
29.301483	0.640	21,727.000000
29.312150	0.640	23,116.000000
29.322817	0.640	23,043.000000
29.333483	0.640	22,422.000000
29.344150	0.640	23,431.000000
29.354817	0.640	27,802.000000
29.365483	0.640	31,111.000000
29.376150	0.640	26,771.000000
29.386817	0.640	17,615.000000
29.397483	0.640	11,272.000000
29.408150	0.640	11,807.000000
29.418817	0.640	18,331.000000
29.429483	0.640	24,269.000000
29.440150	0.640	22,275.000000
29.450817	0.640	14,071.000000
29.461483	0.640	10,596.000000
29.472150	0.640	14,117.000000
29.482817	0.640	14,134.000000
29.493483	0.640	8,242.000000
29.504150	0.640	4,121.000000
29.514817	0.640	3,983.000000
29.525483	0.640	4,557.000000
29.536150	0.640	4,812.000000
29.546817	0.640	6,396.000000
29.557483	0.640	8,870.000000
29.568150	0.640	10,005.000000
29.578817	0.640	11,664.000000
29.589483	0.640	14,892.000000
29.600217	0.644	15,260.000000
29.610817	0.636	13,630.000000
29.621483	0.640	15,569.000000
29.632150	0.640	17,831.000000
29.642817	0.640	13,887.000000
29.653483	0.640	7,921.000000
29.664150	0.640	6,620.000000
29.674817	0.640	7,336.000000
29.685483	0.640	6,681.000000
29.696150	0.640	6,031.000000
29.706817	0.640	5,984.000000
29.717483	0.640	7,644.000000
29.728150	0.640	12,320.000000
29.738817	0.640	16,379.000000
29.749483	0.640	15,670.000000
29.760150	0.640	11,545.000000
29.770817	0.640	8,454.000000
29.781483	0.640	9,023.000000
29.792150	0.640	10,699.000000
29.802817	0.640	9,935.000000
29.813483	0.640	8,021.000000
29.824150	0.640	6,380.000000
29.834817	0.640	4,003.000000
29.845483	0.640	2,614.000000
29.856150	0.640	4,970.000000
29.866817	0.640	10,328.000000
29.877483	0.640	15,578.000000
29.888150	0.640	17,454.000000
29.898817	0.640	15,874.000000
29.909483	0.640	13,911.000000
29.920150	0.640	11,527.000000
29.930817	0.640	6,272.000000
29.941483	0.640	972.000000
29.952150	0.640	1,517.000000
29.962817	0.640	7,850.000000
29.973483	0.640	15,008.000000
29.984150	0.640	17,821.000000
29.994817	0.640	13,992.000000
30.005483	0.640	11,189.000000
