File Path	chrom://nnfcb-l0495/ChromeleonLocal/20180320_AA_Lars Nielsen samples Vienna_lbpet.seq/173.smp/Emission_2.channel/Emission_2.chm
Channel	Emission_2

Injection Information:
Data Vault	ChromeleonLocal
Injection	Blank_IS_2
Injection Number	2
Position	RB1
Comment	
Processing Method	20171024_Calculated with IS_lbpet
Instrument Method	20161104_AA_GeminiC18_FinalVer7
Type	Unknown
Status	Finished
Injection Date	20-03-2018
Injection Time	10:51:18
Injection Volume (µl)	56.500
Dilution Factor	1.0000
Weight	1.0000

Raw Data Information:
Time Min. (min)	0.007817
Time Max. (min)	30.005483
Data Points	2861
Detector	FLD
Exporting Data System	Chromeleon 7.1.2.1478
Operator	
Signal Quantity	
Signal Unit	counts
Signal Min.	-20,443.000000
Signal Max.	193,698,720.000000
Channel	Emission_2
Driver Name	FLD3000.dll
Channel Type	Evaluation
Min. Step (s)	0.010
Max. Step (s)	0.820
Average Step (s)	0.629

Signal Parameter Information:
Signal Info	266 nm /305 nm

Raw Data:
Time (min)	Step (s)	Value (counts)
0.007817	0.000	0.000000
0.021483	0.820	0.000000
0.032150	0.640	0.000000
0.042817	0.640	500.000000
0.053483	0.640	857.000000
0.064150	0.640	3,096.000000
0.074817	0.640	6,001.000000
0.085483	0.640	4,828.000000
0.096150	0.640	412.000000
0.106817	0.640	-2,933.000000
0.117483	0.640	-4,284.000000
0.128150	0.640	-2,136.000000
0.138817	0.640	2,958.000000
0.149483	0.640	5,103.000000
0.160150	0.640	4,829.000000
0.170817	0.640	7,006.000000
0.181483	0.640	8,129.000000
0.192150	0.640	4,380.000000
0.202817	0.640	1,779.000000
0.213483	0.640	4,894.000000
0.224150	0.640	7,380.000000
0.234817	0.640	4,852.000000
0.245483	0.640	3,708.000000
0.256150	0.640	7,214.000000
0.266817	0.640	8,258.000000
0.277483	0.640	3,221.000000
0.288150	0.640	-391.000000
0.298817	0.640	2,791.000000
0.309483	0.640	5,756.000000
0.320150	0.640	3,050.000000
0.330817	0.640	1,542.000000
0.341483	0.640	5,688.000000
0.352150	0.640	9,344.000000
0.362817	0.640	8,597.000000
0.373483	0.640	6,647.000000
0.384150	0.640	3,977.000000
0.394817	0.640	-2,044.000000
0.405483	0.640	-7,634.000000
0.416150	0.640	-4,827.000000
0.426817	0.640	4,972.000000
0.437483	0.640	9,490.000000
0.448150	0.640	5,051.000000
0.458817	0.640	1,106.000000
0.469483	0.640	475.000000
0.480150	0.640	-460.000000
0.490817	0.640	-2,314.000000
0.501483	0.640	-5,737.000000
0.512150	0.640	-6,693.000000
0.522817	0.640	-1,585.000000
0.533483	0.640	2,097.000000
0.544150	0.640	479.000000
0.554817	0.640	-505.000000
0.565483	0.640	506.000000
0.576150	0.640	95.000000
0.586817	0.640	-1,912.000000
0.597483	0.640	-3,495.000000
0.608150	0.640	-2,822.000000
0.618817	0.640	580.000000
0.629483	0.640	2,946.000000
0.640150	0.640	929.000000
0.650817	0.640	-112.000000
0.661483	0.640	4,980.000000
0.672150	0.640	9,535.000000
0.682817	0.640	5,899.000000
0.693483	0.640	-1,803.000000
0.704150	0.640	-3,592.000000
0.714817	0.640	2,316.000000
0.725483	0.640	7,085.000000
0.736150	0.640	5,378.000000
0.746817	0.640	907.000000
0.757483	0.640	-3,047.000000
0.768150	0.640	-5,529.000000
0.778817	0.640	-4,310.000000
0.789483	0.640	866.000000
0.800150	0.640	5,876.000000
0.810817	0.640	7,344.000000
0.821483	0.640	6,330.000000
0.832150	0.640	5,048.000000
0.842817	0.640	3,838.000000
0.853483	0.640	1,738.000000
0.864150	0.640	-971.000000
0.874817	0.640	-1,693.000000
0.885483	0.640	-131.000000
0.896150	0.640	-262.000000
0.906817	0.640	-3,635.000000
0.917483	0.640	-6,203.000000
0.928150	0.640	-4,437.000000
0.938817	0.640	-569.000000
0.949483	0.640	997.000000
0.960150	0.640	921.000000
0.970817	0.640	1,940.000000
0.981483	0.640	1,268.000000
0.992150	0.640	-2,977.000000
1.002817	0.640	-5,097.000000
1.013483	0.640	-850.000000
1.024150	0.640	4,661.000000
1.034817	0.640	4,199.000000
1.045483	0.640	960.000000
1.056150	0.640	2,959.000000
1.066817	0.640	6,792.000000
1.077483	0.640	4,745.000000
1.088150	0.640	-73.000000
1.098817	0.640	-1,750.000000
1.109483	0.640	-1,001.000000
1.120150	0.640	538.000000
1.130817	0.640	2,748.000000
1.141483	0.640	3,386.000000
1.152150	0.640	427.000000
1.162817	0.640	-2,936.000000
1.173483	0.640	-2,901.000000
1.184150	0.640	-650.000000
1.194817	0.640	1,390.000000
1.205483	0.640	1,309.000000
1.216150	0.640	-1,763.000000
1.226817	0.640	-5,361.000000
1.237483	0.640	-6,502.000000
1.248150	0.640	-5,302.000000
1.258817	0.640	-3,855.000000
1.269483	0.640	-3,119.000000
1.280150	0.640	-3,415.000000
1.290817	0.640	-4,490.000000
1.301483	0.640	-3,480.000000
1.312150	0.640	459.000000
1.322817	0.640	3,339.000000
1.333483	0.640	3,018.000000
1.344150	0.640	1,577.000000
1.354817	0.640	1,036.000000
1.365483	0.640	1,509.000000
1.376150	0.640	2,075.000000
1.386817	0.640	1,600.000000
1.397483	0.640	-1,255.000000
1.408150	0.640	-5,641.000000
1.418817	0.640	-6,738.000000
1.429483	0.640	-2,802.000000
1.440150	0.640	715.000000
1.450817	0.640	-189.000000
1.461483	0.640	-2,912.000000
1.472150	0.640	-2,839.000000
1.482817	0.640	690.000000
1.493483	0.640	3,269.000000
1.504150	0.640	3,886.000000
1.514817	0.640	6,199.000000
1.525483	0.640	8,911.000000
1.536150	0.640	8,391.000000
1.546817	0.640	4,688.000000
1.557483	0.640	1,118.000000
1.568150	0.640	2,201.000000
1.578817	0.640	5,432.000000
1.589483	0.640	4,812.000000
1.600150	0.640	2,834.000000
1.610817	0.640	2,546.000000
1.621483	0.640	721.000000
1.632150	0.640	-2,614.000000
1.642817	0.640	-4,610.000000
1.653483	0.640	-5,840.000000
1.664150	0.640	-5,212.000000
1.674817	0.640	857.000000
1.685483	0.640	9,911.000000
1.696150	0.640	14,301.000000
1.706817	0.640	11,285.000000
1.717483	0.640	5,741.000000
1.728150	0.640	1,754.000000
1.738817	0.640	-1,983.000000
1.749483	0.640	-4,780.000000
1.760150	0.640	-2,805.000000
1.770817	0.640	1,906.000000
1.781483	0.640	3,173.000000
1.792150	0.640	76.000000
1.802817	0.640	-2,747.000000
1.813483	0.640	-2,584.000000
1.824150	0.640	-2,640.000000
1.834817	0.640	-5,615.000000
1.845483	0.640	-7,450.000000
1.856150	0.640	-3,683.000000
1.866817	0.640	2,450.000000
1.877483	0.640	3,879.000000
1.888150	0.640	-1,210.000000
1.898817	0.640	-7,302.000000
1.909483	0.640	-7,814.000000
1.920150	0.640	-3,062.000000
1.930817	0.640	1,072.000000
1.941483	0.640	2,339.000000
1.952150	0.640	2,673.000000
1.962817	0.640	2,788.000000
1.973483	0.640	3,147.000000
1.984150	0.640	3,854.000000
1.994817	0.640	2,935.000000
2.005483	0.640	424.000000
2.016150	0.640	-792.000000
2.026817	0.640	885.000000
2.037483	0.640	5,792.000000
2.048150	0.640	10,835.000000
2.058817	0.640	8,876.000000
2.069483	0.640	585.000000
2.080150	0.640	-3,832.000000
2.090817	0.640	-205.000000
2.101483	0.640	5,059.000000
2.112150	0.640	6,058.000000
2.122817	0.640	4,986.000000
2.133483	0.640	5,612.000000
2.144150	0.640	5,342.000000
2.154817	0.640	1,899.000000
2.165483	0.640	-536.000000
2.176150	0.640	526.000000
2.186817	0.640	1,915.000000
2.197483	0.640	1,702.000000
2.208150	0.640	1,663.000000
2.218817	0.640	4,077.000000
2.229483	0.640	7,264.000000
2.240150	0.640	7,374.000000
2.250817	0.640	7,342.000000
2.261483	0.640	12,126.000000
2.272150	0.640	17,672.000000
2.282817	0.640	17,337.000000
2.293483	0.640	12,967.000000
2.304150	0.640	12,537.000000
2.314817	0.640	19,049.000000
2.325483	0.640	25,901.000000
2.336150	0.640	24,682.000000
2.346817	0.640	15,142.000000
2.357483	0.640	6,240.000000
2.368150	0.640	4,691.000000
2.378817	0.640	6,467.000000
2.389483	0.640	7,222.000000
2.400150	0.640	8,866.000000
2.410817	0.640	10,447.000000
2.421483	0.640	8,923.000000
2.432150	0.640	7,445.000000
2.442817	0.640	9,969.000000
2.453483	0.640	13,427.000000
2.464150	0.640	12,605.000000
2.474817	0.640	7,659.000000
2.485483	0.640	4,299.000000
2.496150	0.640	5,678.000000
2.506817	0.640	6,864.000000
2.517483	0.640	4,103.000000
2.528150	0.640	816.000000
2.538817	0.640	343.000000
2.549483	0.640	2,075.000000
2.560150	0.640	2,906.000000
2.570817	0.640	374.000000
2.581483	0.640	-3,578.000000
2.592150	0.640	-4,448.000000
2.602817	0.640	-774.000000
2.613483	0.640	3,923.000000
2.624150	0.640	3,666.000000
2.634817	0.640	-2,782.000000
2.645483	0.640	-7,605.000000
2.656150	0.640	-4,598.000000
2.666817	0.640	1,230.000000
2.677483	0.640	3,147.000000
2.688150	0.640	2,078.000000
2.698817	0.640	1,921.000000
2.709483	0.640	4,154.000000
2.720150	0.640	6,119.000000
2.730817	0.640	4,008.000000
2.741483	0.640	412.000000
2.752150	0.640	1,694.000000
2.762817	0.640	8,430.000000
2.773483	0.640	15,754.000000
2.784150	0.640	19,483.000000
2.794817	0.640	18,835.000000
2.805483	0.640	15,287.000000
2.816150	0.640	9,142.000000
2.826817	0.640	1,414.000000
2.837483	0.640	-3,811.000000
2.848150	0.640	-6,096.000000
2.858817	0.640	-8,128.000000
2.869483	0.640	-8,286.000000
2.880150	0.640	-4,751.000000
2.890817	0.640	220.000000
2.901483	0.640	4,482.000000
2.912150	0.640	7,683.000000
2.922817	0.640	9,847.000000
2.933483	0.640	10,909.000000
2.944150	0.640	9,628.000000
2.954817	0.640	5,187.000000
2.965483	0.640	1,459.000000
2.976150	0.640	2,132.000000
2.986883	0.644	3,229.000000
2.997483	0.636	1,924.000000
3.008150	0.640	2,777.000000
3.018817	0.640	5,629.000000
3.029483	0.640	5,734.000000
3.040150	0.640	4,677.000000
3.050817	0.640	4,000.000000
3.061483	0.640	2,078.000000
3.072150	0.640	1,486.000000
3.082817	0.640	3,617.000000
3.093483	0.640	5,472.000000
3.104150	0.640	6,909.000000
3.114817	0.640	8,567.000000
3.125483	0.640	7,258.000000
3.136150	0.640	2,930.000000
3.146817	0.640	980.000000
3.157483	0.640	1,968.000000
3.168150	0.640	2,144.000000
3.178817	0.640	2,611.000000
3.189483	0.640	5,655.000000
3.200150	0.640	9,252.000000
3.210817	0.640	10,754.000000
3.221483	0.640	9,398.000000
3.232150	0.640	6,036.000000
3.242817	0.640	3,749.000000
3.253483	0.640	5,423.000000
3.264150	0.640	8,699.000000
3.274817	0.640	8,014.000000
3.285483	0.640	3,513.000000
3.296150	0.640	-89.000000
3.306817	0.640	-1,211.000000
3.317483	0.640	1,030.000000
3.328150	0.640	8,280.000000
3.338817	0.640	16,032.000000
3.349483	0.640	16,806.000000
3.360150	0.640	10,973.000000
3.370817	0.640	4,781.000000
3.381483	0.640	2,376.000000
3.392150	0.640	2,991.000000
3.402817	0.640	3,091.000000
3.413483	0.640	3,423.000000
3.424150	0.640	6,539.000000
3.434817	0.640	8,125.000000
3.445483	0.640	3,782.000000
3.456150	0.640	-2,369.000000
3.466817	0.640	-4,854.000000
3.477483	0.640	-4,171.000000
3.488150	0.640	-3,726.000000
3.498817	0.640	-5,594.000000
3.509483	0.640	-7,993.000000
3.520150	0.640	-6,578.000000
3.530817	0.640	-3,025.000000
3.541483	0.640	-2,459.000000
3.552150	0.640	-1,936.000000
3.562817	0.640	2,922.000000
3.573483	0.640	9,221.000000
3.584150	0.640	12,384.000000
3.594817	0.640	9,705.000000
3.605483	0.640	2,671.000000
3.616150	0.640	-835.000000
3.626817	0.640	3,303.000000
3.637483	0.640	7,841.000000
3.648150	0.640	6,814.000000
3.658817	0.640	2,966.000000
3.669483	0.640	-1,302.000000
3.680150	0.640	-5,052.000000
3.690817	0.640	-5,290.000000
3.701483	0.640	-1,979.000000
3.712150	0.640	816.000000
3.722817	0.640	2,239.000000
3.733483	0.640	4,918.000000
3.744150	0.640	6,571.000000
3.754817	0.640	3,727.000000
3.765483	0.640	2,347.000000
3.776150	0.640	7,424.000000
3.786817	0.640	10,964.000000
3.797483	0.640	6,256.000000
3.808150	0.640	-1,496.000000
3.818817	0.640	-5,780.000000
3.829483	0.640	-5,225.000000
3.840150	0.640	-774.000000
3.850817	0.640	3,595.000000
3.861483	0.640	3,251.000000
3.872150	0.640	2,409.000000
3.882817	0.640	6,675.000000
3.893483	0.640	8,227.000000
3.904150	0.640	1,225.000000
3.914817	0.640	-3,824.000000
3.925483	0.640	1,176.000000
3.936150	0.640	8,185.000000
3.946817	0.640	5,915.000000
3.957483	0.640	-2,589.000000
3.968150	0.640	-4,905.000000
3.978817	0.640	-449.000000
3.989483	0.640	1,851.000000
4.000150	0.640	1,015.000000
4.010817	0.640	567.000000
4.021483	0.640	-537.000000
4.032150	0.640	-4,752.000000
4.042817	0.640	-10,301.000000
4.053483	0.640	-12,034.000000
4.064150	0.640	-8,011.000000
4.074817	0.640	-1,179.000000
4.085483	0.640	2,828.000000
4.096150	0.640	-383.000000
4.106817	0.640	-5,796.000000
4.117483	0.640	-4,051.000000
4.128150	0.640	2,020.000000
4.138817	0.640	3,296.000000
4.149483	0.640	1,260.000000
4.160150	0.640	465.000000
4.170817	0.640	-1,023.000000
4.181483	0.640	-3,188.000000
4.192150	0.640	-705.000000
4.202817	0.640	7,782.000000
4.213483	0.640	14,372.000000
4.224150	0.640	11,722.000000
4.234817	0.640	2,202.000000
4.245483	0.640	-6,652.000000
4.256150	0.640	-8,906.000000
4.266817	0.640	-4,460.000000
4.277483	0.640	1,497.000000
4.288150	0.640	3,770.000000
4.298817	0.640	552.000000
4.309483	0.640	-3,899.000000
4.320150	0.640	-3,575.000000
4.330817	0.640	-180.000000
4.341483	0.640	1,622.000000
4.352150	0.640	1,789.000000
4.362817	0.640	-116.000000
4.373483	0.640	-3,796.000000
4.384150	0.640	-5,673.000000
4.394817	0.640	-6,197.000000
4.405483	0.640	-7,652.000000
4.416150	0.640	-8,158.000000
4.426817	0.640	-5,503.000000
4.437483	0.640	-1,473.000000
4.448150	0.640	-1,039.000000
4.458817	0.640	-5,446.000000
4.469483	0.640	-9,069.000000
4.480150	0.640	-7,241.000000
4.490817	0.640	-2,294.000000
4.501483	0.640	421.000000
4.512150	0.640	-1,049.000000
4.522817	0.640	-3,828.000000
4.533483	0.640	-2,860.000000
4.544150	0.640	2,770.000000
4.554817	0.640	6,693.000000
4.565483	0.640	3,373.000000
4.576150	0.640	-4,365.000000
4.586817	0.640	-8,898.000000
4.597483	0.640	-6,175.000000
4.608150	0.640	457.000000
4.618817	0.640	4,431.000000
4.629483	0.640	2,949.000000
4.640150	0.640	-1,280.000000
4.650817	0.640	-4,797.000000
4.661483	0.640	-5,366.000000
4.672150	0.640	-753.000000
4.682817	0.640	5,881.000000
4.693483	0.640	5,975.000000
4.704150	0.640	-1,689.000000
4.714817	0.640	-9,399.000000
4.725483	0.640	-11,086.000000
4.736150	0.640	-6,751.000000
4.746817	0.640	-2,138.000000
4.757483	0.640	-1,714.000000
4.768150	0.640	-2,253.000000
4.778817	0.640	-1,580.000000
4.789483	0.640	-2,100.000000
4.800150	0.640	-2,987.000000
4.810817	0.640	-3,132.000000
4.821483	0.640	-3,780.000000
4.832150	0.640	-4,124.000000
4.842817	0.640	-5,335.000000
4.853483	0.640	-9,556.000000
4.864150	0.640	-12,185.000000
4.874817	0.640	-10,067.000000
4.885483	0.640	-8,297.000000
4.896150	0.640	-10,326.000000
4.906817	0.640	-12,854.000000
4.917483	0.640	-10,750.000000
4.928150	0.640	-4,651.000000
4.938817	0.640	-585.000000
4.949483	0.640	1,695.000000
4.960150	0.640	10,420.000000
4.970817	0.640	32,990.000000
4.981483	0.640	72,734.000000
4.992150	0.640	124,063.000000
5.002817	0.640	167,543.000000
5.013483	0.640	184,463.000000
5.024150	0.640	176,120.000000
5.034817	0.640	157,671.000000
5.045483	0.640	140,236.000000
5.056150	0.640	124,690.000000
5.066817	0.640	105,836.000000
5.077483	0.640	82,732.000000
5.088150	0.640	62,932.000000
5.098817	0.640	51,208.000000
5.109483	0.640	44,112.000000
5.120150	0.640	38,613.000000
5.130817	0.640	32,818.000000
5.141483	0.640	23,140.000000
5.152150	0.640	10,555.000000
5.162817	0.640	2,430.000000
5.173483	0.640	2,775.000000
5.184150	0.640	6,515.000000
5.194817	0.640	7,619.000000
5.205483	0.640	4,749.000000
5.216150	0.640	-210.000000
5.226817	0.640	-1,495.000000
5.237483	0.640	3,218.000000
5.248150	0.640	6,239.000000
5.258817	0.640	2,198.000000
5.269483	0.640	-3,161.000000
5.280150	0.640	-4,030.000000
5.290817	0.640	-2,614.000000
5.301483	0.640	-1,543.000000
5.312150	0.640	1,102.000000
5.322817	0.640	4,508.000000
5.333483	0.640	3,216.000000
5.344150	0.640	-3,685.000000
5.354817	0.640	-9,998.000000
5.365483	0.640	-10,422.000000
5.376150	0.640	-5,961.000000
5.386817	0.640	-1,556.000000
5.397483	0.640	-1,193.000000
5.408217	0.644	-4,691.000000
5.418817	0.636	-7,457.000000
5.429483	0.640	-5,190.000000
5.440150	0.640	-59.000000
5.450817	0.640	2,420.000000
5.461483	0.640	2,288.000000
5.472150	0.640	1,762.000000
5.482817	0.640	-1,061.000000
5.493483	0.640	-5,174.000000
5.504150	0.640	-6,514.000000
5.514817	0.640	-7,030.000000
5.525483	0.640	-9,215.000000
5.536150	0.640	-9,262.000000
5.546817	0.640	-4,632.000000
5.557483	0.640	2,249.000000
5.568150	0.640	7,384.000000
5.578817	0.640	6,538.000000
5.589483	0.640	1,277.000000
5.600150	0.640	-1,711.000000
5.610817	0.640	-3,307.000000
5.621483	0.640	-6,367.000000
5.632150	0.640	-5,169.000000
5.642817	0.640	1,184.000000
5.653483	0.640	4,599.000000
5.664150	0.640	1,872.000000
5.674817	0.640	-4,273.000000
5.685483	0.640	-8,169.000000
5.696150	0.640	-3,790.000000
5.706817	0.640	3,560.000000
5.717483	0.640	3,395.000000
5.728150	0.640	-2,347.000000
5.738817	0.640	-5,857.000000
5.749483	0.640	-4,080.000000
5.760150	0.640	1,573.000000
5.770817	0.640	4,506.000000
5.781483	0.640	674.000000
5.792150	0.640	-3,658.000000
5.802817	0.640	-3,136.000000
5.813483	0.640	-2,803.000000
5.824150	0.640	-7,243.000000
5.834817	0.640	-9,799.000000
5.845483	0.640	-4,465.000000
5.856150	0.640	41.000000
5.866817	0.640	-4,101.000000
5.877483	0.640	-8,268.000000
5.888150	0.640	-4,029.000000
5.898817	0.640	1,836.000000
5.909483	0.640	-215.000000
5.920150	0.640	-6,585.000000
5.930817	0.640	-8,341.000000
5.941483	0.640	-6,562.000000
5.952150	0.640	-5,835.000000
5.962817	0.640	-4,475.000000
5.973483	0.640	-1,739.000000
5.984150	0.640	-976.000000
5.994817	0.640	-3,631.000000
6.005483	0.640	-7,633.000000
6.016150	0.640	-8,503.000000
6.026817	0.640	-3,832.000000
6.037483	0.640	1,363.000000
6.048150	0.640	-103.000000
6.058817	0.640	-6,345.000000
6.069483	0.640	-7,681.000000
6.080150	0.640	-2,776.000000
6.090817	0.640	-1,471.000000
6.101483	0.640	-5,579.000000
6.112150	0.640	-7,334.000000
6.122817	0.640	-6,974.000000
6.133483	0.640	-8,237.000000
6.144150	0.640	-8,167.000000
6.154817	0.640	-5,933.000000
6.165483	0.640	-4,019.000000
6.176150	0.640	-1,054.000000
6.186817	0.640	2,557.000000
6.197483	0.640	942.000000
6.208150	0.640	-5,920.000000
6.218817	0.640	-9,144.000000
6.229483	0.640	-6,139.000000
6.240150	0.640	-2,562.000000
6.250817	0.640	-976.000000
6.261483	0.640	-2,815.000000
6.272150	0.640	-7,829.000000
6.282817	0.640	-9,427.000000
6.293483	0.640	-5,423.000000
6.304150	0.640	-2,757.000000
6.314817	0.640	-4,398.000000
6.325483	0.640	-4,815.000000
6.336150	0.640	-1,549.000000
6.346817	0.640	426.000000
6.357483	0.640	-1,437.000000
6.368150	0.640	-3,559.000000
6.378817	0.640	-2,520.000000
6.389483	0.640	2,242.000000
6.400150	0.640	7,418.000000
6.410817	0.640	5,972.000000
6.421483	0.640	-2,732.000000
6.432150	0.640	-9,805.000000
6.442817	0.640	-10,782.000000
6.453483	0.640	-8,989.000000
6.464150	0.640	-7,405.000000
6.474817	0.640	-7,211.000000
6.485483	0.640	-6,874.000000
6.496150	0.640	-4,533.000000
6.506817	0.640	-3,585.000000
6.517483	0.640	-6,589.000000
6.528150	0.640	-9,636.000000
6.538817	0.640	-10,746.000000
6.549483	0.640	-12,541.000000
6.560150	0.640	-12,571.000000
6.570817	0.640	-6,206.000000
6.581483	0.640	1,418.000000
6.592150	0.640	2,550.000000
6.602817	0.640	-1,708.000000
6.613483	0.640	-5,495.000000
6.624150	0.640	-3,742.000000
6.634817	0.640	2,367.000000
6.645483	0.640	4,037.000000
6.656150	0.640	-1,883.000000
6.666817	0.640	-8,099.000000
6.677483	0.640	-10,360.000000
6.688150	0.640	-11,232.000000
6.698817	0.640	-11,046.000000
6.709483	0.640	-8,634.000000
6.720150	0.640	-6,324.000000
6.730817	0.640	-5,441.000000
6.741483	0.640	-4,648.000000
6.752150	0.640	-4,221.000000
6.762817	0.640	-3,776.000000
6.773483	0.640	-1,455.000000
6.784150	0.640	538.000000
6.794817	0.640	-1,253.000000
6.805483	0.640	-5,838.000000
6.816150	0.640	-9,910.000000
6.826817	0.640	-11,485.000000
6.837483	0.640	-11,124.000000
6.848150	0.640	-9,729.000000
6.858817	0.640	-7,897.000000
6.869483	0.640	-7,527.000000
6.880150	0.640	-9,251.000000
6.890817	0.640	-11,068.000000
6.901483	0.640	-11,537.000000
6.912150	0.640	-11,049.000000
6.922817	0.640	-10,564.000000
6.933483	0.640	-9,692.000000
6.944150	0.640	-6,447.000000
6.954817	0.640	-2,582.000000
6.965483	0.640	-3,062.000000
6.976150	0.640	-6,973.000000
6.986817	0.640	-9,238.000000
6.997483	0.640	-8,625.000000
7.008150	0.640	-6,475.000000
7.018817	0.640	-3,975.000000
7.029483	0.640	-3,635.000000
7.040150	0.640	-5,195.000000
7.050817	0.640	-3,651.000000
7.061483	0.640	541.000000
7.072150	0.640	842.000000
7.082817	0.640	-2,894.000000
7.093483	0.640	-4,515.000000
7.104150	0.640	-3,713.000000
7.114817	0.640	-6,408.000000
7.125483	0.640	-12,360.000000
7.136150	0.640	-14,860.000000
7.146817	0.640	-12,826.000000
7.157483	0.640	-11,220.000000
7.168150	0.640	-9,923.000000
7.178817	0.640	-5,161.000000
7.189483	0.640	-1,021.000000
7.200150	0.640	-3,025.000000
7.210817	0.640	-7,024.000000
7.221483	0.640	-8,617.000000
7.232150	0.640	-9,941.000000
7.242817	0.640	-11,720.000000
7.253483	0.640	-10,895.000000
7.264150	0.640	-5,444.000000
7.274817	0.640	1,462.000000
7.285483	0.640	3,360.000000
7.296150	0.640	-608.000000
7.306817	0.640	-5,732.000000
7.317483	0.640	-9,403.000000
7.328150	0.640	-10,875.000000
7.338817	0.640	-9,712.000000
7.349483	0.640	-6,845.000000
7.360150	0.640	-4,437.000000
7.370817	0.640	-5,507.000000
7.381483	0.640	-9,596.000000
7.392150	0.640	-11,600.000000
7.402817	0.640	-9,125.000000
7.413483	0.640	-4,935.000000
7.424150	0.640	-2,082.000000
7.434817	0.640	-1,457.000000
7.445483	0.640	-1,948.000000
7.456150	0.640	-1,883.000000
7.466817	0.640	-2,254.000000
7.477483	0.640	-4,314.000000
7.488150	0.640	-5,641.000000
7.498817	0.640	-4,137.000000
7.509550	0.644	-1,817.000000
7.520150	0.636	-2,362.000000
7.530817	0.640	-4,588.000000
7.541483	0.640	-3,380.000000
7.552150	0.640	-375.000000
7.562817	0.640	-1,896.000000
7.573483	0.640	-7,466.000000
7.584150	0.640	-11,350.000000
7.594817	0.640	-11,236.000000
7.605483	0.640	-10,250.000000
7.616150	0.640	-10,996.000000
7.626817	0.640	-11,629.000000
7.637483	0.640	-11,677.000000
7.648150	0.640	-12,542.000000
7.658817	0.640	-11,572.000000
7.669483	0.640	-7,343.000000
7.680150	0.640	-3,811.000000
7.690817	0.640	-3,081.000000
7.701483	0.640	-2,442.000000
7.712150	0.640	-1,083.000000
7.722817	0.640	-2,353.000000
7.733483	0.640	-7,411.000000
7.744150	0.640	-13,686.000000
7.754817	0.640	-17,191.000000
7.765483	0.640	-16,139.000000
7.776150	0.640	-12,512.000000
7.786817	0.640	-8,055.000000
7.797483	0.640	-5,421.000000
7.808150	0.640	-6,004.000000
7.818817	0.640	-6,110.000000
7.829483	0.640	-4,198.000000
7.840150	0.640	-2,819.000000
7.850817	0.640	-3,713.000000
7.861483	0.640	-6,615.000000
7.872150	0.640	-10,122.000000
7.882817	0.640	-13,017.000000
7.893483	0.640	-13,208.000000
7.904150	0.640	-9,491.000000
7.914817	0.640	-5,215.000000
7.925483	0.640	-3,951.000000
7.936150	0.640	-4,542.000000
7.946817	0.640	-4,444.000000
7.957483	0.640	-4,208.000000
7.968150	0.640	-5,819.000000
7.978817	0.640	-7,623.000000
7.989483	0.640	-5,947.000000
8.000150	0.640	-1,718.000000
8.010817	0.640	417.000000
8.021483	0.640	-2,759.000000
8.032150	0.640	-9,769.000000
8.042817	0.640	-14,889.000000
8.053483	0.640	-13,670.000000
8.064150	0.640	-8,678.000000
8.074817	0.640	-8,050.000000
8.085483	0.640	-12,120.000000
8.096150	0.640	-10,453.000000
8.106817	0.640	-1,472.000000
8.117483	0.640	3,339.000000
8.128150	0.640	688.000000
8.138817	0.640	-1,493.000000
8.149483	0.640	-1,069.000000
8.160150	0.640	-1,457.000000
8.170817	0.640	-3,117.000000
8.181483	0.640	-5,608.000000
8.192150	0.640	-8,321.000000
8.202817	0.640	-9,064.000000
8.213483	0.640	-7,210.000000
8.224150	0.640	-5,472.000000
8.234883	0.644	-6,186.000000
8.245483	0.636	-7,626.000000
8.256150	0.640	-6,849.000000
8.266817	0.640	-4,230.000000
8.277483	0.640	-1,520.000000
8.288150	0.640	689.000000
8.298817	0.640	1,066.000000
8.309483	0.640	-1,637.000000
8.320150	0.640	-5,595.000000
8.330817	0.640	-7,099.000000
8.341483	0.640	-3,935.000000
8.352150	0.640	2,371.000000
8.362817	0.640	5,931.000000
8.373483	0.640	1,197.000000
8.384150	0.640	-8,116.000000
8.394817	0.640	-12,202.000000
8.405483	0.640	-9,257.000000
8.416150	0.640	-4,810.000000
8.426817	0.640	-2,082.000000
8.437483	0.640	-2,528.000000
8.448150	0.640	-6,162.000000
8.458817	0.640	-9,535.000000
8.469483	0.640	-9,741.000000
8.480150	0.640	-6,739.000000
8.490817	0.640	-3,592.000000
8.501483	0.640	-4,976.000000
8.512150	0.640	-8,764.000000
8.522817	0.640	-8,733.000000
8.533483	0.640	-7,045.000000
8.544150	0.640	-7,876.000000
8.554817	0.640	-7,730.000000
8.565483	0.640	-4,662.000000
8.576150	0.640	-3,114.000000
8.586817	0.640	-4,002.000000
8.597483	0.640	-3,377.000000
8.608150	0.640	-1,228.000000
8.618817	0.640	-1,021.000000
8.629483	0.640	-3,736.000000
8.640150	0.640	-6,901.000000
8.650817	0.640	-7,004.000000
8.661483	0.640	-4,152.000000
8.672150	0.640	-2,578.000000
8.682817	0.640	-4,301.000000
8.693483	0.640	-6,795.000000
8.704150	0.640	-8,020.000000
8.714817	0.640	-8,760.000000
8.725483	0.640	-10,033.000000
8.736150	0.640	-11,929.000000
8.746817	0.640	-13,066.000000
8.757483	0.640	-11,797.000000
8.768150	0.640	-9,026.000000
8.778817	0.640	-7,259.000000
8.789483	0.640	-7,245.000000
8.800150	0.640	-5,918.000000
8.810817	0.640	-2,106.000000
8.821483	0.640	-1,093.000000
8.832150	0.640	-5,196.000000
8.842817	0.640	-9,092.000000
8.853483	0.640	-8,804.000000
8.864150	0.640	-6,922.000000
8.874817	0.640	-8,024.000000
8.885483	0.640	-11,718.000000
8.896150	0.640	-14,715.000000
8.906817	0.640	-17,273.000000
8.917483	0.640	-19,004.000000
8.928150	0.640	-17,488.000000
8.938817	0.640	-13,407.000000
8.949483	0.640	-8,736.000000
8.960150	0.640	-6,535.000000
8.970817	0.640	-6,717.000000
8.981483	0.640	-3,565.000000
8.992150	0.640	1,439.000000
9.002817	0.640	1,282.000000
9.013483	0.640	-2,688.000000
9.024150	0.640	-4,900.000000
9.034817	0.640	-4,771.000000
9.045483	0.640	-5,343.000000
9.056150	0.640	-7,949.000000
9.066817	0.640	-10,996.000000
9.077483	0.640	-13,512.000000
9.088150	0.640	-15,993.000000
9.098817	0.640	-16,436.000000
9.109483	0.640	-11,813.000000
9.120150	0.640	-5,823.000000
9.130817	0.640	-5,239.000000
9.141483	0.640	-7,132.000000
9.152150	0.640	-3,189.000000
9.162817	0.640	4,989.000000
9.173483	0.640	9,163.000000
9.184150	0.640	7,920.000000
9.194817	0.640	6,087.000000
9.205483	0.640	5,981.000000
9.216150	0.640	4,448.000000
9.226817	0.640	-646.000000
9.237483	0.640	-4,838.000000
9.248150	0.640	-4,940.000000
9.258817	0.640	-3,208.000000
9.269483	0.640	-30.000000
9.280150	0.640	3,526.000000
9.290817	0.640	3,323.000000
9.301483	0.640	1,414.000000
9.312150	0.640	1,794.000000
9.322817	0.640	1,485.000000
9.333483	0.640	182.000000
9.344150	0.640	2,728.000000
9.354817	0.640	6,930.000000
9.365483	0.640	7,205.000000
9.376150	0.640	6,698.000000
9.386883	0.644	9,984.000000
9.397483	0.636	12,412.000000
9.408150	0.640	8,727.000000
9.418817	0.640	3,134.000000
9.429483	0.640	2,252.000000
9.440150	0.640	3,916.000000
9.450817	0.640	2,047.000000
9.461483	0.640	-875.000000
9.472150	0.640	1,451.000000
9.482817	0.640	7,022.000000
9.493483	0.640	10,991.000000
9.504150	0.640	13,424.000000
9.514817	0.640	13,742.000000
9.525483	0.640	10,462.000000
9.536150	0.640	6,473.000000
9.546817	0.640	5,764.000000
9.557483	0.640	8,690.000000
9.568150	0.640	11,597.000000
9.578817	0.640	11,899.000000
9.589483	0.640	11,398.000000
9.600150	0.640	9,615.000000
9.610817	0.640	6,005.000000
9.621483	0.640	6,405.000000
9.632150	0.640	11,271.000000
9.642817	0.640	12,138.000000
9.653483	0.640	8,012.000000
9.664150	0.640	6,679.000000
9.674817	0.640	10,419.000000
9.685483	0.640	14,471.000000
9.696150	0.640	16,755.000000
9.706817	0.640	18,799.000000
9.717483	0.640	19,765.000000
9.728150	0.640	18,611.000000
9.738817	0.640	16,850.000000
9.749483	0.640	15,668.000000
9.760150	0.640	16,004.000000
9.770817	0.640	17,593.000000
9.781483	0.640	17,654.000000
9.792150	0.640	16,217.000000
9.802817	0.640	16,683.000000
9.813483	0.640	18,605.000000
9.824150	0.640	19,465.000000
9.834817	0.640	21,296.000000
9.845483	0.640	25,544.000000
9.856150	0.640	27,746.000000
9.866817	0.640	25,730.000000
9.877483	0.640	23,829.000000
9.888150	0.640	23,921.000000
9.898817	0.640	23,759.000000
9.909483	0.640	23,702.000000
9.920150	0.640	25,009.000000
9.930817	0.640	26,809.000000
9.941483	0.640	27,930.000000
9.952150	0.640	28,332.000000
9.962817	0.640	30,224.000000
9.973483	0.640	34,672.000000
9.984150	0.640	38,506.000000
9.994817	0.640	37,970.000000
10.005483	0.640	33,802.000000
10.016150	0.640	32,449.000000
10.026817	0.640	37,101.000000
10.037483	0.640	41,683.000000
10.048150	0.640	41,724.000000
10.058817	0.640	40,143.000000
10.069483	0.640	39,696.000000
10.080150	0.640	39,607.000000
10.090817	0.640	38,866.000000
10.101483	0.640	40,198.000000
10.112150	0.640	46,749.000000
10.122817	0.640	53,133.000000
10.133483	0.640	51,373.000000
10.144150	0.640	44,626.000000
10.154817	0.640	40,932.000000
10.165483	0.640	40,449.000000
10.176150	0.640	38,083.000000
10.186817	0.640	32,777.000000
10.197483	0.640	29,821.000000
10.208150	0.640	33,800.000000
10.218817	0.640	43,343.000000
10.229483	0.640	53,621.000000
10.240150	0.640	59,038.000000
10.250817	0.640	56,861.000000
10.261483	0.640	53,060.000000
10.272150	0.640	55,413.000000
10.282817	0.640	61,310.000000
10.293483	0.640	63,931.000000
10.304150	0.640	64,422.000000
10.314817	0.640	68,243.000000
10.325483	0.640	71,770.000000
10.336150	0.640	67,232.000000
10.346817	0.640	59,931.000000
10.357483	0.640	60,183.000000
10.368150	0.640	65,320.000000
10.378817	0.640	65,886.000000
10.389483	0.640	63,455.000000
10.400150	0.640	67,271.000000
10.410817	0.640	75,399.000000
10.421483	0.640	78,501.000000
10.432150	0.640	76,016.000000
10.442817	0.640	72,745.000000
10.453483	0.640	70,866.000000
10.464150	0.640	72,385.000000
10.474817	0.640	77,937.000000
10.485483	0.640	81,971.000000
10.496150	0.640	79,050.000000
10.506817	0.640	72,512.000000
10.517483	0.640	69,400.000000
10.528150	0.640	70,891.000000
10.538817	0.640	74,746.000000
10.549483	0.640	81,865.000000
10.560150	0.640	89,818.000000
10.570817	0.640	90,620.000000
10.581483	0.640	85,141.000000
10.592150	0.640	83,212.000000
10.602817	0.640	86,728.000000
10.613483	0.640	89,580.000000
10.624150	0.640	91,464.000000
10.634817	0.640	96,499.000000
10.645483	0.640	102,319.000000
10.656150	0.640	103,709.000000
10.666817	0.640	101,939.000000
10.677483	0.640	102,577.000000
10.688150	0.640	106,929.000000
10.698817	0.640	109,976.000000
10.709483	0.640	109,551.000000
10.720150	0.640	110,253.000000
10.730817	0.640	113,425.000000
10.741483	0.640	114,544.000000
10.752150	0.640	112,016.000000
10.762817	0.640	109,817.000000
10.773483	0.640	111,298.000000
10.784150	0.640	114,870.000000
10.794817	0.640	119,329.000000
10.805483	0.640	124,987.000000
10.816150	0.640	128,985.000000
10.826817	0.640	129,484.000000
10.837483	0.640	128,130.000000
10.848150	0.640	127,583.000000
10.858817	0.640	130,527.000000
10.869483	0.640	136,119.000000
10.880150	0.640	139,849.000000
10.890817	0.640	139,476.000000
10.901483	0.640	136,357.000000
10.912150	0.640	133,079.000000
10.922817	0.640	132,342.000000
10.933483	0.640	133,854.000000
10.944150	0.640	135,681.000000
10.954817	0.640	138,782.000000
10.965483	0.640	143,498.000000
10.976150	0.640	147,445.000000
10.986817	0.640	149,970.000000
10.997483	0.640	152,076.000000
11.008150	0.640	154,906.000000
11.018817	0.640	159,389.000000
11.029483	0.640	162,900.000000
11.040150	0.640	163,083.000000
11.050817	0.640	164,096.000000
11.061483	0.640	168,741.000000
11.072150	0.640	171,845.000000
11.082817	0.640	169,628.000000
11.093483	0.640	166,695.000000
11.104150	0.640	168,178.000000
11.114817	0.640	171,636.000000
11.125483	0.640	172,237.000000
11.136150	0.640	172,970.000000
11.146817	0.640	180,121.000000
11.157483	0.640	188,779.000000
11.168150	0.640	189,340.000000
11.178817	0.640	184,704.000000
11.189483	0.640	182,628.000000
11.200150	0.640	183,812.000000
11.210817	0.640	186,645.000000
11.221483	0.640	189,325.000000
11.232150	0.640	191,325.000000
11.242817	0.640	194,510.000000
11.253483	0.640	197,692.000000
11.264150	0.640	200,423.000000
11.274817	0.640	205,205.000000
11.285483	0.640	209,023.000000
11.296150	0.640	208,719.000000
11.306817	0.640	208,565.000000
11.317483	0.640	210,381.000000
11.328150	0.640	210,321.000000
11.338817	0.640	207,834.000000
11.349483	0.640	205,721.000000
11.360150	0.640	206,266.000000
11.370817	0.640	212,183.000000
11.381483	0.640	223,281.000000
11.392150	0.640	232,727.000000
11.402817	0.640	234,876.000000
11.413483	0.640	234,094.000000
11.424150	0.640	236,289.000000
11.434817	0.640	237,719.000000
11.445483	0.640	235,396.000000
11.456150	0.640	236,184.000000
11.466817	0.640	244,503.000000
11.477483	0.640	255,219.000000
11.488150	0.640	260,177.000000
11.498817	0.640	256,511.000000
11.509483	0.640	251,420.000000
11.520150	0.640	252,797.000000
11.530817	0.640	258,388.000000
11.541483	0.640	262,664.000000
11.552150	0.640	264,835.000000
11.562817	0.640	266,601.000000
11.573483	0.640	269,146.000000
11.584150	0.640	272,310.000000
11.594817	0.640	275,373.000000
11.605483	0.640	277,441.000000
11.616150	0.640	277,944.000000
11.626817	0.640	278,261.000000
11.637483	0.640	280,245.000000
11.648150	0.640	283,949.000000
11.658817	0.640	288,402.000000
11.669483	0.640	291,495.000000
11.680150	0.640	290,940.000000
11.690817	0.640	289,439.000000
11.701483	0.640	292,435.000000
11.712150	0.640	298,854.000000
11.722817	0.640	303,177.000000
11.733483	0.640	305,454.000000
11.744150	0.640	308,086.000000
11.754817	0.640	307,608.000000
11.765483	0.640	304,096.000000
11.776150	0.640	306,740.000000
11.786817	0.640	316,526.000000
11.797483	0.640	322,673.000000
11.808150	0.640	322,826.000000
11.818817	0.640	324,514.000000
11.829483	0.640	329,111.000000
11.840150	0.640	331,779.000000
11.850817	0.640	331,977.000000
11.861483	0.640	333,842.000000
11.872150	0.640	336,644.000000
11.882817	0.640	337,199.000000
11.893483	0.640	339,477.000000
11.904150	0.640	345,867.000000
11.914817	0.640	350,928.000000
11.925483	0.640	352,126.000000
11.936150	0.640	352,677.000000
11.946817	0.640	354,303.000000
11.957483	0.640	355,389.000000
11.968150	0.640	355,716.000000
11.978817	0.640	357,857.000000
11.989483	0.640	362,530.000000
12.000150	0.640	367,899.000000
12.010883	0.644	373,493.000000
12.021483	0.636	378,813.000000
12.032150	0.640	380,938.000000
12.042817	0.640	379,725.000000
12.053483	0.640	378,022.000000
12.064150	0.640	376,187.000000
12.074817	0.640	376,545.000000
12.085483	0.640	382,672.000000
12.096150	0.640	389,504.000000
12.106817	0.640	391,347.000000
12.117483	0.640	391,758.000000
12.128150	0.640	392,930.000000
12.138817	0.640	394,250.000000
12.149483	0.640	399,222.000000
12.160150	0.640	407,307.000000
12.170817	0.640	412,188.000000
12.181483	0.640	411,925.000000
12.192150	0.640	410,985.000000
12.202817	0.640	413,631.000000
12.213483	0.640	418,014.000000
12.224150	0.640	419,905.000000
12.234817	0.640	419,867.000000
12.245483	0.640	419,501.000000
12.256150	0.640	416,649.000000
12.266817	0.640	413,448.000000
12.277483	0.640	417,528.000000
12.288150	0.640	427,469.000000
12.298817	0.640	433,549.000000
12.309483	0.640	434,207.000000
12.320150	0.640	435,324.000000
12.330817	0.640	438,131.000000
12.341483	0.640	439,587.000000
12.352150	0.640	439,030.000000
12.362817	0.640	438,393.000000
12.373483	0.640	440,525.000000
12.384150	0.640	447,342.000000
12.394817	0.640	454,930.000000
12.405483	0.640	457,488.000000
12.416150	0.640	456,264.000000
12.426817	0.640	455,393.000000
12.437483	0.640	456,381.000000
12.448150	0.640	459,538.000000
12.458817	0.640	462,732.000000
12.469483	0.640	463,215.000000
12.480150	0.640	462,813.000000
12.490817	0.640	464,956.000000
12.501483	0.640	466,988.000000
12.512150	0.640	464,140.000000
12.522817	0.640	461,402.000000
12.533483	0.640	466,377.000000
12.544150	0.640	474,521.000000
12.554817	0.640	477,992.000000
12.565483	0.640	478,434.000000
12.576150	0.640	479,471.000000
12.586817	0.640	480,885.000000
12.597483	0.640	484,973.000000
12.608150	0.640	490,929.000000
12.618817	0.640	489,854.000000
12.629483	0.640	481,623.000000
12.640150	0.640	477,524.000000
12.650817	0.640	480,707.000000
12.661483	0.640	484,250.000000
12.672150	0.640	484,805.000000
12.682817	0.640	486,370.000000
12.693483	0.640	491,464.000000
12.704150	0.640	495,224.000000
12.714817	0.640	495,285.000000
12.725483	0.640	496,359.000000
12.736150	0.640	497,471.000000
12.746817	0.640	493,846.000000
12.757483	0.640	490,175.000000
12.768150	0.640	492,758.000000
12.778817	0.640	498,599.000000
12.789483	0.640	502,895.000000
12.800150	0.640	505,556.000000
12.810817	0.640	505,863.000000
12.821483	0.640	502,899.000000
12.832150	0.640	500,694.000000
12.842817	0.640	500,871.000000
12.853483	0.640	499,993.000000
12.864150	0.640	498,394.000000
12.874817	0.640	498,780.000000
12.885483	0.640	501,143.000000
12.896150	0.640	504,331.000000
12.906817	0.640	506,059.000000
12.917483	0.640	504,395.000000
12.928150	0.640	500,950.000000
12.938817	0.640	497,781.000000
12.949483	0.640	496,130.000000
12.960150	0.640	498,192.000000
12.970817	0.640	502,596.000000
12.981483	0.640	504,047.000000
12.992150	0.640	500,682.000000
13.002817	0.640	495,905.000000
13.013483	0.640	494,799.000000
13.024150	0.640	500,289.000000
13.034817	0.640	509,203.000000
13.045483	0.640	513,817.000000
13.056150	0.640	512,050.000000
13.066817	0.640	510,159.000000
13.077483	0.640	509,434.000000
13.088150	0.640	505,822.000000
13.098817	0.640	503,568.000000
13.109483	0.640	507,146.000000
13.120150	0.640	510,457.000000
13.130817	0.640	508,122.000000
13.141483	0.640	502,440.000000
13.152150	0.640	497,850.000000
13.162817	0.640	496,240.000000
13.173483	0.640	496,813.000000
13.184150	0.640	499,295.000000
13.194817	0.640	502,456.000000
13.205483	0.640	503,090.000000
13.216150	0.640	501,787.000000
13.226817	0.640	500,157.000000
13.237483	0.640	496,443.000000
13.248150	0.640	491,869.000000
13.258817	0.640	490,749.000000
13.269483	0.640	493,087.000000
13.280150	0.640	493,846.000000
13.290817	0.640	490,359.000000
13.301483	0.640	486,243.000000
13.312150	0.640	485,152.000000
13.322817	0.640	487,193.000000
13.333483	0.640	490,788.000000
13.344150	0.640	491,493.000000
13.354817	0.640	485,519.000000
13.365483	0.640	477,359.000000
13.376150	0.640	474,664.000000
13.386817	0.640	477,132.000000
13.397483	0.640	478,650.000000
13.408150	0.640	476,331.000000
13.418817	0.640	473,427.000000
13.429483	0.640	475,017.000000
13.440150	0.640	480,091.000000
13.450817	0.640	482,113.000000
13.461483	0.640	479,354.000000
13.472150	0.640	477,169.000000
13.482817	0.640	478,082.000000
13.493483	0.640	477,984.000000
13.504150	0.640	476,060.000000
13.514817	0.640	476,160.000000
13.525483	0.640	476,362.000000
13.536150	0.640	473,217.000000
13.546817	0.640	470,915.000000
13.557483	0.640	472,270.000000
13.568150	0.640	471,077.000000
13.578817	0.640	465,469.000000
13.589483	0.640	466,152.000000
13.600150	0.640	478,517.000000
13.610817	0.640	492,371.000000
13.621483	0.640	499,010.000000
13.632150	0.640	504,588.000000
13.642817	0.640	520,653.000000
13.653483	0.640	549,536.000000
13.664150	0.640	586,033.000000
13.674817	0.640	626,036.000000
13.685483	0.640	669,260.000000
13.696150	0.640	720,652.000000
13.706817	0.640	785,715.000000
13.717483	0.640	863,841.000000
13.728150	0.640	949,613.000000
13.738817	0.640	1,036,579.000000
13.749483	0.640	1,119,681.000000
13.760150	0.640	1,191,444.000000
13.770817	0.640	1,239,311.000000
13.781483	0.640	1,257,507.000000
13.792150	0.640	1,252,487.000000
13.802817	0.640	1,226,479.000000
13.813483	0.640	1,170,797.000000
13.824150	0.640	1,082,610.000000
13.834817	0.640	974,633.000000
13.845483	0.640	866,923.000000
13.856150	0.640	772,774.000000
13.866817	0.640	691,559.000000
13.877483	0.640	619,037.000000
13.888150	0.640	557,311.000000
13.898817	0.640	508,732.000000
13.909483	0.640	473,154.000000
13.920150	0.640	450,527.000000
13.930883	0.644	436,755.000000
13.941483	0.636	426,680.000000
13.952150	0.640	419,401.000000
13.962817	0.640	414,020.000000
13.973483	0.640	409,481.000000
13.984150	0.640	406,788.000000
13.994817	0.640	406,691.000000
14.005483	0.640	407,985.000000
14.016150	0.640	408,333.000000
14.026817	0.640	407,502.000000
14.037483	0.640	405,697.000000
14.048150	0.640	400,856.000000
14.058817	0.640	395,231.000000
14.069483	0.640	393,627.000000
14.080150	0.640	392,875.000000
14.090817	0.640	388,525.000000
14.101483	0.640	384,402.000000
14.112150	0.640	383,665.000000
14.122817	0.640	383,337.000000
14.133483	0.640	381,299.000000
14.144150	0.640	377,996.000000
14.154817	0.640	375,777.000000
14.165483	0.640	378,709.000000
14.176150	0.640	385,643.000000
14.186817	0.640	387,613.000000
14.197483	0.640	378,882.000000
14.208150	0.640	366,790.000000
14.218817	0.640	362,926.000000
14.229483	0.640	367,468.000000
14.240150	0.640	370,519.000000
14.250817	0.640	367,217.000000
14.261483	0.640	363,105.000000
14.272150	0.640	363,554.000000
14.282817	0.640	367,148.000000
14.293483	0.640	369,583.000000
14.304150	0.640	368,069.000000
14.314817	0.640	363,406.000000
14.325483	0.640	357,305.000000
14.336150	0.640	349,332.000000
14.346817	0.640	340,673.000000
14.357483	0.640	335,332.000000
14.368150	0.640	335,482.000000
14.378817	0.640	338,528.000000
14.389483	0.640	338,010.000000
14.400150	0.640	332,557.000000
14.410817	0.640	328,797.000000
14.421483	0.640	328,883.000000
14.432150	0.640	328,837.000000
14.442817	0.640	327,356.000000
14.453483	0.640	325,201.000000
14.464150	0.640	321,857.000000
14.474817	0.640	317,004.000000
14.485483	0.640	312,753.000000
14.496150	0.640	310,601.000000
14.506817	0.640	308,399.000000
14.517483	0.640	304,523.000000
14.528150	0.640	299,981.000000
14.538817	0.640	293,662.000000
14.549483	0.640	283,572.000000
14.560150	0.640	275,862.000000
14.570817	0.640	279,108.000000
14.581483	0.640	287,576.000000
14.592150	0.640	288,923.000000
14.602817	0.640	284,780.000000
14.613483	0.640	283,795.000000
14.624150	0.640	284,105.000000
14.634817	0.640	278,823.000000
14.645483	0.640	269,581.000000
14.656150	0.640	263,746.000000
14.666817	0.640	261,947.000000
14.677483	0.640	259,600.000000
14.688150	0.640	257,117.000000
14.698817	0.640	256,174.000000
14.709483	0.640	254,617.000000
14.720150	0.640	252,033.000000
14.730817	0.640	250,609.000000
14.741483	0.640	249,416.000000
14.752150	0.640	245,271.000000
14.762817	0.640	237,731.000000
14.773483	0.640	229,620.000000
14.784150	0.640	225,769.000000
14.794817	0.640	227,953.000000
14.805483	0.640	231,075.000000
14.816150	0.640	229,724.000000
14.826817	0.640	224,474.000000
14.837483	0.640	219,601.000000
14.848150	0.640	216,149.000000
14.858817	0.640	212,060.000000
14.869483	0.640	208,894.000000
14.880150	0.640	207,939.000000
14.890817	0.640	205,548.000000
14.901483	0.640	200,607.000000
14.912150	0.640	196,587.000000
14.922817	0.640	195,062.000000
14.933483	0.640	193,873.000000
14.944150	0.640	189,992.000000
14.954817	0.640	183,631.000000
14.965483	0.640	178,383.000000
14.976150	0.640	175,397.000000
14.986817	0.640	172,194.000000
14.997483	0.640	169,371.000000
15.008150	0.640	170,357.000000
15.018817	0.640	172,753.000000
15.029483	0.640	170,532.000000
15.040150	0.640	164,470.000000
15.050817	0.640	159,979.000000
15.061483	0.640	158,032.000000
15.072150	0.640	156,351.000000
15.082817	0.640	154,151.000000
15.093483	0.640	151,270.000000
15.104150	0.640	145,608.000000
15.114817	0.640	135,176.000000
15.125483	0.640	124,890.000000
15.136150	0.640	122,747.000000
15.146817	0.640	126,109.000000
15.157483	0.640	125,333.000000
15.168150	0.640	119,466.000000
15.178817	0.640	113,770.000000
15.189483	0.640	110,170.000000
15.200150	0.640	109,142.000000
15.210817	0.640	108,306.000000
15.221483	0.640	103,604.000000
15.232150	0.640	98,486.000000
15.242817	0.640	97,396.000000
15.253483	0.640	98,129.000000
15.264150	0.640	98,196.000000
15.274817	0.640	96,464.000000
15.285483	0.640	92,527.000000
15.296150	0.640	87,673.000000
15.306817	0.640	83,744.000000
15.317483	0.640	82,740.000000
15.328150	0.640	84,951.000000
15.338817	0.640	87,433.000000
15.349483	0.640	87,321.000000
15.360150	0.640	85,655.000000
15.370817	0.640	85,809.000000
15.381483	0.640	89,655.000000
15.392150	0.640	93,731.000000
15.402817	0.640	92,224.000000
15.413483	0.640	88,182.000000
15.424150	0.640	88,524.000000
15.434817	0.640	91,359.000000
15.445483	0.640	93,708.000000
15.456150	0.640	95,717.000000
15.466817	0.640	94,578.000000
15.477483	0.640	89,704.000000
15.488150	0.640	83,530.000000
15.498817	0.640	76,055.000000
15.509483	0.640	67,334.000000
15.520150	0.640	58,360.000000
15.530817	0.640	50,968.000000
15.541483	0.640	47,291.000000
15.552150	0.640	42,944.000000
15.562817	0.640	32,919.000000
15.573483	0.640	26,375.000000
15.584150	0.640	32,819.000000
15.594817	0.640	40,185.000000
15.605483	0.640	33,670.000000
15.616150	0.640	22,728.000000
15.626817	0.640	25,156.000000
15.637483	0.640	41,034.000000
15.648150	0.640	61,297.000000
15.658817	0.640	83,191.000000
15.669483	0.640	105,930.000000
15.680150	0.640	128,685.000000
15.690817	0.640	151,575.000000
15.701483	0.640	172,717.000000
15.712150	0.640	192,469.000000
15.722817	0.640	211,278.000000
15.733483	0.640	222,901.000000
15.744150	0.640	221,749.000000
15.754817	0.640	208,888.000000
15.765483	0.640	187,808.000000
15.776150	0.640	160,389.000000
15.786817	0.640	128,053.000000
15.797483	0.640	97,716.000000
15.808150	0.640	76,663.000000
15.818817	0.640	60,920.000000
15.829483	0.640	43,689.000000
15.840150	0.640	28,075.000000
15.850817	0.640	19,308.000000
15.861483	0.640	15,353.000000
15.872150	0.640	13,473.000000
15.882817	0.640	12,713.000000
15.893483	0.640	9,340.000000
15.904150	0.640	2,584.000000
15.914817	0.640	-4,378.000000
15.925483	0.640	-7,807.000000
15.936150	0.640	-2,995.000000
15.946817	0.640	6,056.000000
15.957483	0.640	9,199.000000
15.968150	0.640	8,319.000000
15.978817	0.640	11,050.000000
15.989483	0.640	14,749.000000
16.000150	0.640	14,457.000000
16.010817	0.640	12,286.000000
16.021483	0.640	9,777.000000
16.032150	0.640	4,745.000000
16.042817	0.640	-1,111.000000
16.053483	0.640	-2,342.000000
16.064150	0.640	1,793.000000
16.074817	0.640	7,387.000000
16.085483	0.640	11,416.000000
16.096150	0.640	11,428.000000
16.106817	0.640	7,728.000000
16.117483	0.640	5,651.000000
16.128150	0.640	6,257.000000
16.138817	0.640	4,982.000000
16.149483	0.640	3,952.000000
16.160150	0.640	6,494.000000
16.170817	0.640	6,963.000000
16.181483	0.640	3,712.000000
16.192150	0.640	2,814.000000
16.202817	0.640	4,125.000000
16.213483	0.640	4,414.000000
16.224150	0.640	5,896.000000
16.234817	0.640	8,602.000000
16.245483	0.640	8,449.000000
16.256150	0.640	5,961.000000
16.266817	0.640	4,433.000000
16.277483	0.640	4,295.000000
16.288150	0.640	4,391.000000
16.298817	0.640	2,886.000000
16.309483	0.640	281.000000
16.320150	0.640	391.000000
16.330817	0.640	2,785.000000
16.341483	0.640	2,322.000000
16.352150	0.640	-1,244.000000
16.362817	0.640	-2,161.000000
16.373483	0.640	573.000000
16.384150	0.640	1,151.000000
16.394817	0.640	-2,156.000000
16.405483	0.640	-4,278.000000
16.416150	0.640	-1,409.000000
16.426817	0.640	3,049.000000
16.437483	0.640	5,131.000000
16.448150	0.640	7,505.000000
16.458817	0.640	7,750.000000
16.469483	0.640	-1,591.000000
16.480150	0.640	-13,657.000000
16.490817	0.640	-16,141.000000
16.501483	0.640	-11,795.000000
16.512150	0.640	-8,223.000000
16.522817	0.640	-5,817.000000
16.533483	0.640	-4,459.000000
16.544150	0.640	-4,821.000000
16.554817	0.640	-4,356.000000
16.565483	0.640	-652.000000
16.576150	0.640	4,171.000000
16.586817	0.640	5,915.000000
16.597483	0.640	4,239.000000
16.608150	0.640	2,137.000000
16.618817	0.640	1,213.000000
16.629483	0.640	462.000000
16.640150	0.640	-1,671.000000
16.650817	0.640	-4,505.000000
16.661483	0.640	-5,524.000000
16.672150	0.640	-4,593.000000
16.682817	0.640	-3,517.000000
16.693483	0.640	-858.000000
16.704150	0.640	3,840.000000
16.714817	0.640	4,680.000000
16.725483	0.640	-1,047.000000
16.736150	0.640	-6,599.000000
16.746817	0.640	-7,290.000000
16.757483	0.640	-6,604.000000
16.768150	0.640	-6,819.000000
16.778817	0.640	-6,444.000000
16.789483	0.640	-6,781.000000
16.800150	0.640	-9,532.000000
16.810817	0.640	-10,025.000000
16.821483	0.640	-3,455.000000
16.832150	0.640	5,928.000000
16.842817	0.640	11,016.000000
16.853483	0.640	10,207.000000
16.864150	0.640	5,420.000000
16.874817	0.640	367.000000
16.885483	0.640	-889.000000
16.896150	0.640	1,076.000000
16.906817	0.640	2,589.000000
16.917483	0.640	2,606.000000
16.928150	0.640	1,752.000000
16.938817	0.640	-496.000000
16.949483	0.640	-2,624.000000
16.960150	0.640	-672.000000
16.970817	0.640	3,733.000000
16.981483	0.640	4,984.000000
16.992150	0.640	3,621.000000
17.002817	0.640	1,776.000000
17.013483	0.640	-3,189.000000
17.024150	0.640	-9,541.000000
17.034817	0.640	-8,964.000000
17.045483	0.640	-769.000000
17.056150	0.640	4,494.000000
17.066817	0.640	818.000000
17.077483	0.640	-5,392.000000
17.088150	0.640	-6,369.000000
17.098817	0.640	-3,069.000000
17.109483	0.640	-881.000000
17.120150	0.640	-871.000000
17.130817	0.640	-1,767.000000
17.141483	0.640	-3,268.000000
17.152150	0.640	-2,907.000000
17.162817	0.640	1,226.000000
17.173483	0.640	6,628.000000
17.184150	0.640	10,275.000000
17.194817	0.640	11,600.000000
17.205483	0.640	10,395.000000
17.216150	0.640	7,317.000000
17.226817	0.640	6,762.000000
17.237483	0.640	12,370.000000
17.248150	0.640	20,407.000000
17.258817	0.640	22,896.000000
17.269483	0.640	18,358.000000
17.280150	0.640	14,154.000000
17.290817	0.640	13,979.000000
17.301483	0.640	14,502.000000
17.312150	0.640	14,611.000000
17.322817	0.640	14,699.000000
17.333483	0.640	14,982.000000
17.344150	0.640	18,712.000000
17.354817	0.640	26,939.000000
17.365483	0.640	35,204.000000
17.376150	0.640	39,515.000000
17.386817	0.640	37,508.000000
17.397483	0.640	28,400.000000
17.408150	0.640	19,698.000000
17.418817	0.640	20,587.000000
17.429483	0.640	27,367.000000
17.440150	0.640	32,253.000000
17.450817	0.640	34,164.000000
17.461483	0.640	32,247.000000
17.472150	0.640	27,771.000000
17.482817	0.640	26,742.000000
17.493483	0.640	29,195.000000
17.504150	0.640	31,068.000000
17.514817	0.640	34,863.000000
17.525483	0.640	40,522.000000
17.536150	0.640	39,597.000000
17.546817	0.640	32,337.000000
17.557483	0.640	28,990.000000
17.568150	0.640	30,851.000000
17.578817	0.640	31,572.000000
17.589483	0.640	30,352.000000
17.600150	0.640	29,521.000000
17.610817	0.640	29,298.000000
17.621483	0.640	30,025.000000
17.632150	0.640	31,021.000000
17.642817	0.640	30,469.000000
17.653483	0.640	29,194.000000
17.664150	0.640	27,056.000000
17.674817	0.640	23,986.000000
17.685483	0.640	25,278.000000
17.696150	0.640	31,606.000000
17.706817	0.640	35,825.000000
17.717483	0.640	36,338.000000
17.728150	0.640	36,246.000000
17.738817	0.640	35,114.000000
17.749483	0.640	33,716.000000
17.760150	0.640	34,555.000000
17.770817	0.640	35,506.000000
17.781483	0.640	33,343.000000
17.792150	0.640	30,580.000000
17.802817	0.640	31,885.000000
17.813483	0.640	34,647.000000
17.824150	0.640	33,135.000000
17.834817	0.640	30,264.000000
17.845483	0.640	30,160.000000
17.856150	0.640	29,670.000000
17.866817	0.640	28,712.000000
17.877483	0.640	31,107.000000
17.888150	0.640	33,744.000000
17.898817	0.640	30,741.000000
17.909483	0.640	24,453.000000
17.920150	0.640	21,832.000000
17.930817	0.640	22,608.000000
17.941483	0.640	22,171.000000
17.952150	0.640	22,446.000000
17.962817	0.640	26,472.000000
17.973483	0.640	30,181.000000
17.984150	0.640	29,448.000000
17.994817	0.640	26,089.000000
18.005483	0.640	23,777.000000
18.016150	0.640	25,016.000000
18.026817	0.640	28,812.000000
18.037483	0.640	29,871.000000
18.048150	0.640	26,899.000000
18.058817	0.640	24,813.000000
18.069483	0.640	25,249.000000
18.080150	0.640	25,324.000000
18.090817	0.640	23,021.000000
18.101483	0.640	17,103.000000
18.112150	0.640	10,055.000000
18.122817	0.640	10,531.000000
18.133483	0.640	20,742.000000
18.144150	0.640	29,209.000000
18.154817	0.640	25,630.000000
18.165483	0.640	13,181.000000
18.176150	0.640	2,401.000000
18.186817	0.640	-304.000000
18.197483	0.640	4,229.000000
18.208150	0.640	11,531.000000
18.218817	0.640	17,806.000000
18.229483	0.640	22,743.000000
18.240150	0.640	27,861.000000
18.250817	0.640	35,310.000000
18.261483	0.640	47,941.000000
18.272150	0.640	64,440.000000
18.282817	0.640	82,523.000000
18.293483	0.640	107,962.000000
18.304150	0.640	144,807.000000
18.314817	0.640	186,798.000000
18.325483	0.640	229,215.000000
18.336150	0.640	269,569.000000
18.346817	0.640	299,518.000000
18.357483	0.640	312,694.000000
18.368150	0.640	309,851.000000
18.378817	0.640	293,742.000000
18.389483	0.640	268,658.000000
18.400150	0.640	238,321.000000
18.410817	0.640	201,251.000000
18.421483	0.640	158,715.000000
18.432150	0.640	121,004.000000
18.442817	0.640	94,678.000000
18.453483	0.640	76,689.000000
18.464150	0.640	64,367.000000
18.474817	0.640	55,618.000000
18.485483	0.640	46,238.000000
18.496150	0.640	37,974.000000
18.506817	0.640	35,812.000000
18.517483	0.640	37,240.000000
18.528150	0.640	37,349.000000
18.538817	0.640	36,084.000000
18.549483	0.640	33,260.000000
18.560150	0.640	26,910.000000
18.570817	0.640	20,674.000000
18.581483	0.640	21,123.000000
18.592150	0.640	26,151.000000
18.602817	0.640	28,984.000000
18.613483	0.640	27,197.000000
18.624150	0.640	21,531.000000
18.634817	0.640	17,437.000000
18.645483	0.640	20,124.000000
18.656150	0.640	22,991.000000
18.666817	0.640	20,364.000000
18.677483	0.640	18,769.000000
18.688150	0.640	18,658.000000
18.698817	0.640	14,500.000000
18.709483	0.640	10,160.000000
18.720150	0.640	9,133.000000
18.730817	0.640	7,370.000000
18.741483	0.640	4,451.000000
18.752150	0.640	5,018.000000
18.762817	0.640	8,560.000000
18.773483	0.640	11,054.000000
18.784150	0.640	13,497.000000
18.794817	0.640	18,124.000000
18.805483	0.640	21,909.000000
18.816150	0.640	20,973.000000
18.826817	0.640	16,948.000000
18.837483	0.640	14,543.000000
18.848150	0.640	15,659.000000
18.858817	0.640	17,658.000000
18.869483	0.640	18,163.000000
18.880150	0.640	18,287.000000
18.890817	0.640	17,317.000000
18.901483	0.640	13,995.000000
18.912150	0.640	12,812.000000
18.922817	0.640	16,279.000000
18.933483	0.640	18,761.000000
18.944150	0.640	16,946.000000
18.954817	0.640	13,827.000000
18.965483	0.640	10,191.000000
18.976150	0.640	5,725.000000
18.986817	0.640	4,031.000000
18.997483	0.640	6,893.000000
19.008150	0.640	9,705.000000
19.018817	0.640	8,000.000000
19.029483	0.640	3,728.000000
19.040150	0.640	-444.000000
19.050817	0.640	-4,312.000000
19.061483	0.640	-4,613.000000
19.072150	0.640	498.000000
19.082817	0.640	6,088.000000
19.093483	0.640	8,662.000000
19.104150	0.640	9,592.000000
19.114817	0.640	9,005.000000
19.125483	0.640	6,394.000000
19.136150	0.640	3,702.000000
19.146817	0.640	2,316.000000
19.157483	0.640	1,231.000000
19.168150	0.640	-1,285.000000
19.178817	0.640	-3,535.000000
19.189483	0.640	-1,615.000000
19.200150	0.640	3,168.000000
19.210817	0.640	6,775.000000
19.221483	0.640	7,610.000000
19.232150	0.640	6,279.000000
19.242817	0.640	4,379.000000
19.253483	0.640	1,475.000000
19.264150	0.640	-3,025.000000
19.274817	0.640	-6,279.000000
19.285483	0.640	-5,584.000000
19.296150	0.640	-4,119.000000
19.306817	0.640	-6,322.000000
19.317483	0.640	-7,541.000000
19.328150	0.640	-2,350.000000
19.338817	0.640	3,618.000000
19.349483	0.640	4,545.000000
19.360150	0.640	1,798.000000
19.370817	0.640	-2,914.000000
19.381483	0.640	-7,107.000000
19.392150	0.640	-6,147.000000
19.402817	0.640	-1,126.000000
19.413483	0.640	526.000000
19.424150	0.640	-1,804.000000
19.434817	0.640	-916.000000
19.445483	0.640	3,940.000000
19.456150	0.640	6,115.000000
19.466817	0.640	2,244.000000
19.477483	0.640	-3,455.000000
19.488150	0.640	-4,794.000000
19.498817	0.640	-2,862.000000
19.509483	0.640	-2,678.000000
19.520150	0.640	-2,544.000000
19.530817	0.640	419.000000
19.541483	0.640	1,683.000000
19.552150	0.640	-892.000000
19.562817	0.640	-1,901.000000
19.573483	0.640	-315.000000
19.584150	0.640	-477.000000
19.594817	0.640	-2,526.000000
19.605483	0.640	-3,571.000000
19.616150	0.640	-3,306.000000
19.626817	0.640	-3,972.000000
19.637483	0.640	-6,459.000000
19.648150	0.640	-7,687.000000
19.658817	0.640	-4,881.000000
19.669483	0.640	-2,504.000000
19.680150	0.640	-5,724.000000
19.690817	0.640	-9,323.000000
19.701483	0.640	-7,855.000000
19.712150	0.640	-5,971.000000
19.722817	0.640	-6,563.000000
19.733483	0.640	-6,336.000000
19.744150	0.640	-5,717.000000
19.754817	0.640	-7,091.000000
19.765483	0.640	-8,045.000000
19.776150	0.640	-5,374.000000
19.786817	0.640	-526.000000
19.797483	0.640	2,056.000000
19.808150	0.640	-713.000000
19.818817	0.640	-7,393.000000
19.829483	0.640	-11,870.000000
19.840150	0.640	-9,670.000000
19.850817	0.640	-3,794.000000
19.861483	0.640	225.000000
19.872150	0.640	1,914.000000
19.882817	0.640	2,983.000000
19.893483	0.640	2,465.000000
19.904150	0.640	-276.000000
19.914817	0.640	-4,067.000000
19.925483	0.640	-8,303.000000
19.936150	0.640	-13,516.000000
19.946817	0.640	-18,638.000000
19.957483	0.640	-19,951.000000
19.968150	0.640	-15,741.000000
19.978817	0.640	-7,864.000000
19.989483	0.640	-1,274.000000
20.000150	0.640	-1,304.000000
20.010817	0.640	-5,318.000000
20.021483	0.640	-6,835.000000
20.032150	0.640	-6,375.000000
20.042817	0.640	-7,078.000000
20.053483	0.640	-8,206.000000
20.064150	0.640	-8,434.000000
20.074817	0.640	-8,695.000000
20.085483	0.640	-11,243.000000
20.096150	0.640	-15,294.000000
20.106817	0.640	-14,760.000000
20.117483	0.640	-7,578.000000
20.128150	0.640	-256.000000
20.138817	0.640	2,132.000000
20.149483	0.640	592.000000
20.160150	0.640	-472.000000
20.170817	0.640	-61.000000
20.181483	0.640	-4,768.000000
20.192150	0.640	-13,547.000000
20.202817	0.640	-15,032.000000
20.213483	0.640	-9,994.000000
20.224150	0.640	-8,416.000000
20.234817	0.640	-10,400.000000
20.245483	0.640	-9,864.000000
20.256150	0.640	-4,608.000000
20.266817	0.640	814.000000
20.277483	0.640	-795.000000
20.288150	0.640	-9,570.000000
20.298817	0.640	-18,344.000000
20.309483	0.640	-20,443.000000
20.320150	0.640	-15,833.000000
20.330817	0.640	-10,855.000000
20.341483	0.640	-8,890.000000
20.352150	0.640	-8,096.000000
20.362817	0.640	-8,257.000000
20.373483	0.640	-9,104.000000
20.384150	0.640	-6,067.000000
20.394817	0.640	3,692.000000
20.405483	0.640	14,568.000000
20.416150	0.640	20,794.000000
20.426817	0.640	26,433.000000
20.437483	0.640	35,347.000000
20.448150	0.640	43,876.000000
20.458817	0.640	52,404.000000
20.469483	0.640	67,259.000000
20.480150	0.640	91,179.000000
20.490817	0.640	122,138.000000
20.501483	0.640	156,794.000000
20.512150	0.640	194,743.000000
20.522817	0.640	240,527.000000
20.533483	0.640	298,008.000000
20.544150	0.640	368,294.000000
20.554817	0.640	456,530.000000
20.565483	0.640	569,446.000000
20.576150	0.640	705,722.000000
20.586817	0.640	862,554.000000
20.597483	0.640	1,044,585.000000
20.608150	0.640	1,258,560.000000
20.618817	0.640	1,514,126.000000
20.629483	0.640	1,829,755.000000
20.640150	0.640	2,227,348.000000
20.650817	0.640	2,727,969.000000
20.661483	0.640	3,356,560.000000
20.672150	0.640	4,150,463.000000
20.682817	0.640	5,163,794.000000
20.693483	0.640	6,437,420.000000
20.704150	0.640	7,971,464.000000
20.714817	0.640	9,747,181.000000
20.725483	0.640	11,708,335.000000
20.736150	0.640	13,724,386.000000
20.746817	0.640	15,655,324.000000
20.757483	0.640	17,397,459.000000
20.768150	0.640	18,798,347.000000
20.778817	0.640	19,632,539.000000
20.789483	0.640	19,754,881.000000
20.800150	0.640	19,208,464.000000
20.810817	0.640	18,133,344.000000
20.821483	0.640	16,656,444.000000
20.832150	0.640	14,917,355.000000
20.842817	0.640	13,089,671.000000
20.853483	0.640	11,312,515.000000
20.864150	0.640	9,669,481.000000
20.874817	0.640	8,229,538.000000
20.885483	0.640	7,046,722.000000
20.896150	0.640	6,120,999.000000
20.906817	0.640	5,405,747.000000
20.917483	0.640	4,857,501.000000
20.928150	0.640	4,439,937.000000
20.938817	0.640	4,119,909.000000
20.949483	0.640	3,879,928.000000
20.960150	0.640	3,694,356.000000
20.970817	0.640	3,530,072.000000
20.981483	0.640	3,382,581.000000
20.992150	0.640	3,262,850.000000
21.002817	0.640	3,162,679.000000
21.013483	0.640	3,065,441.000000
21.024150	0.640	2,972,231.000000
21.034817	0.640	2,892,712.000000
21.045483	0.640	2,822,895.000000
21.056150	0.640	2,752,506.000000
21.066817	0.640	2,683,141.000000
21.077483	0.640	2,622,066.000000
21.088150	0.640	2,567,772.000000
21.098817	0.640	2,513,774.000000
21.109483	0.640	2,460,265.000000
21.120150	0.640	2,411,862.000000
21.130817	0.640	2,365,682.000000
21.141483	0.640	2,315,562.000000
21.152150	0.640	2,265,396.000000
21.162817	0.640	2,222,422.000000
21.173483	0.640	2,182,357.000000
21.184150	0.640	2,134,750.000000
21.194817	0.640	2,084,076.000000
21.205483	0.640	2,047,284.000000
21.216217	0.644	2,025,802.000000
21.226817	0.636	2,004,192.000000
21.237483	0.640	1,972,605.000000
21.248150	0.640	1,935,371.000000
21.258817	0.640	1,904,570.000000
21.269483	0.640	1,883,150.000000
21.280150	0.640	1,859,621.000000
21.290817	0.640	1,829,950.000000
21.301483	0.640	1,805,074.000000
21.312150	0.640	1,788,250.000000
21.322817	0.640	1,769,588.000000
21.333483	0.640	1,745,506.000000
21.344150	0.640	1,721,602.000000
21.354817	0.640	1,698,926.000000
21.365483	0.640	1,674,720.000000
21.376150	0.640	1,653,216.000000
21.386817	0.640	1,642,358.000000
21.397483	0.640	1,638,169.000000
21.408150	0.640	1,625,826.000000
21.418817	0.640	1,602,815.000000
21.429483	0.640	1,582,437.000000
21.440150	0.640	1,570,832.000000
21.450817	0.640	1,562,047.000000
21.461483	0.640	1,552,520.000000
21.472150	0.640	1,541,502.000000
21.482817	0.640	1,526,266.000000
21.493483	0.640	1,509,743.000000
21.504150	0.640	1,498,881.000000
21.514817	0.640	1,491,380.000000
21.525483	0.640	1,478,080.000000
21.536150	0.640	1,457,126.000000
21.546817	0.640	1,436,250.000000
21.557483	0.640	1,421,669.000000
21.568150	0.640	1,412,183.000000
21.578817	0.640	1,401,869.000000
21.589483	0.640	1,384,825.000000
21.600150	0.640	1,362,760.000000
21.610817	0.640	1,342,768.000000
21.621483	0.640	1,327,404.000000
21.632150	0.640	1,313,629.000000
21.642817	0.640	1,295,994.000000
21.653483	0.640	1,272,737.000000
21.664150	0.640	1,249,432.000000
21.674817	0.640	1,230,696.000000
21.685483	0.640	1,214,006.000000
21.696150	0.640	1,193,548.000000
21.706817	0.640	1,168,745.000000
21.717483	0.640	1,145,720.000000
21.728150	0.640	1,126,137.000000
21.738817	0.640	1,107,007.000000
21.749483	0.640	1,090,631.000000
21.760150	0.640	1,078,358.000000
21.770817	0.640	1,062,810.000000
21.781483	0.640	1,040,910.000000
21.792150	0.640	1,023,751.000000
21.802817	0.640	1,019,369.000000
21.813483	0.640	1,017,791.000000
21.824150	0.640	1,007,406.000000
21.834817	0.640	992,020.000000
21.845483	0.640	978,721.000000
21.856150	0.640	964,131.000000
21.866817	0.640	946,116.000000
21.877483	0.640	933,282.000000
21.888150	0.640	928,245.000000
21.898817	0.640	920,235.000000
21.909483	0.640	904,083.000000
21.920150	0.640	888,035.000000
21.930817	0.640	879,923.000000
21.941483	0.640	877,692.000000
21.952150	0.640	874,512.000000
21.962817	0.640	867,917.000000
21.973483	0.640	859,522.000000
21.984150	0.640	849,062.000000
21.994817	0.640	838,576.000000
22.005483	0.640	832,793.000000
22.016150	0.640	827,468.000000
22.026817	0.640	817,157.000000
22.037483	0.640	808,507.000000
22.048150	0.640	807,042.000000
22.058817	0.640	807,377.000000
22.069483	0.640	802,418.000000
22.080150	0.640	791,283.000000
22.090817	0.640	780,160.000000
22.101483	0.640	775,313.000000
22.112150	0.640	775,208.000000
22.122817	0.640	772,497.000000
22.133483	0.640	762,520.000000
22.144150	0.640	749,415.000000
22.154817	0.640	742,081.000000
22.165483	0.640	741,699.000000
22.176150	0.640	739,936.000000
22.186817	0.640	733,563.000000
22.197483	0.640	727,865.000000
22.208150	0.640	723,327.000000
22.218817	0.640	716,211.000000
22.229483	0.640	709,830.000000
22.240150	0.640	708,144.000000
22.250817	0.640	706,512.000000
22.261483	0.640	700,387.000000
22.272150	0.640	691,785.000000
22.282817	0.640	685,035.000000
22.293483	0.640	683,018.000000
22.304150	0.640	684,901.000000
22.314817	0.640	686,118.000000
22.325483	0.640	683,306.000000
22.336150	0.640	679,070.000000
22.346817	0.640	675,519.000000
22.357483	0.640	669,495.000000
22.368150	0.640	662,729.000000
22.378817	0.640	660,358.000000
22.389483	0.640	658,541.000000
22.400150	0.640	651,782.000000
22.410817	0.640	643,819.000000
22.421483	0.640	641,281.000000
22.432150	0.640	644,003.000000
22.442817	0.640	644,679.000000
22.453483	0.640	640,210.000000
22.464150	0.640	635,865.000000
22.474817	0.640	632,643.000000
22.485483	0.640	627,387.000000
22.496150	0.640	623,003.000000
22.506817	0.640	622,032.000000
22.517483	0.640	620,197.000000
22.528150	0.640	615,285.000000
22.538817	0.640	611,733.000000
22.549483	0.640	612,006.000000
22.560150	0.640	613,941.000000
22.570817	0.640	617,026.000000
22.581483	0.640	620,644.000000
22.592150	0.640	620,222.000000
22.602817	0.640	614,422.000000
22.613483	0.640	608,937.000000
22.624150	0.640	606,751.000000
22.634817	0.640	605,839.000000
22.645483	0.640	605,275.000000
22.656150	0.640	604,250.000000
22.666817	0.640	602,381.000000
22.677483	0.640	601,462.000000
22.688150	0.640	601,829.000000
22.698817	0.640	601,624.000000
22.709483	0.640	600,172.000000
22.720150	0.640	597,487.000000
22.730817	0.640	594,011.000000
22.741483	0.640	592,480.000000
22.752150	0.640	594,803.000000
22.762817	0.640	597,997.000000
22.773483	0.640	596,406.000000
22.784150	0.640	590,752.000000
22.794817	0.640	590,673.000000
22.805483	0.640	598,795.000000
22.816150	0.640	604,566.000000
22.826817	0.640	603,484.000000
22.837483	0.640	600,857.000000
22.848150	0.640	597,840.000000
22.858817	0.640	595,074.000000
22.869483	0.640	596,988.000000
22.880150	0.640	603,054.000000
22.890817	0.640	609,006.000000
22.901483	0.640	612,923.000000
22.912150	0.640	613,074.000000
22.922817	0.640	609,032.000000
22.933483	0.640	604,257.000000
22.944150	0.640	602,292.000000
22.954817	0.640	603,495.000000
22.965483	0.640	605,154.000000
22.976150	0.640	605,094.000000
22.986817	0.640	605,530.000000
22.997483	0.640	608,457.000000
23.008150	0.640	609,083.000000
23.018817	0.640	604,282.000000
23.029483	0.640	602,894.000000
23.040150	0.640	612,110.000000
23.050817	0.640	622,792.000000
23.061483	0.640	622,885.000000
23.072150	0.640	615,408.000000
23.082817	0.640	613,069.000000
23.093483	0.640	618,790.000000
23.104150	0.640	622,402.000000
23.114817	0.640	620,028.000000
23.125483	0.640	618,866.000000
23.136150	0.640	620,863.000000
23.146817	0.640	623,073.000000
23.157483	0.640	625,871.000000
23.168150	0.640	628,597.000000
23.178817	0.640	629,720.000000
23.189483	0.640	629,990.000000
23.200150	0.640	631,394.000000
23.210817	0.640	635,659.000000
23.221483	0.640	641,345.000000
23.232150	0.640	645,401.000000
23.242817	0.640	647,579.000000
23.253483	0.640	649,608.000000
23.264150	0.640	649,967.000000
23.274817	0.640	644,618.000000
23.285483	0.640	636,687.000000
23.296150	0.640	635,692.000000
23.306817	0.640	643,535.000000
23.317483	0.640	651,043.000000
23.328150	0.640	651,557.000000
23.338817	0.640	650,118.000000
23.349483	0.640	652,833.000000
23.360150	0.640	658,788.000000
23.370817	0.640	665,505.000000
23.381483	0.640	668,050.000000
23.392150	0.640	663,402.000000
23.402817	0.640	662,071.000000
23.413483	0.640	673,515.000000
23.424150	0.640	686,114.000000
23.434817	0.640	684,638.000000
23.445483	0.640	675,701.000000
23.456150	0.640	675,614.000000
23.466817	0.640	683,587.000000
23.477483	0.640	687,389.000000
23.488150	0.640	686,107.000000
23.498817	0.640	688,266.000000
23.509483	0.640	695,797.000000
23.520150	0.640	702,004.000000
23.530817	0.640	703,521.000000
23.541483	0.640	705,437.000000
23.552150	0.640	711,314.000000
23.562817	0.640	717,491.000000
23.573483	0.640	720,258.000000
23.584150	0.640	722,056.000000
23.594817	0.640	726,355.000000
23.605483	0.640	730,824.000000
23.616150	0.640	732,668.000000
23.626817	0.640	735,096.000000
23.637483	0.640	740,308.000000
23.648150	0.640	743,340.000000
23.658817	0.640	741,926.000000
23.669483	0.640	742,557.000000
23.680150	0.640	746,884.000000
23.690817	0.640	747,219.000000
23.701483	0.640	743,283.000000
23.712150	0.640	741,777.000000
23.722817	0.640	741,331.000000
23.733483	0.640	741,098.000000
23.744150	0.640	746,818.000000
23.754817	0.640	756,086.000000
23.765483	0.640	759,963.000000
23.776150	0.640	756,729.000000
23.786817	0.640	751,493.000000
23.797483	0.640	748,338.000000
23.808150	0.640	748,020.000000
23.818817	0.640	749,302.000000
23.829483	0.640	749,908.000000
23.840150	0.640	751,007.000000
23.850817	0.640	756,959.000000
23.861483	0.640	765,429.000000
23.872150	0.640	769,096.000000
23.882817	0.640	768,922.000000
23.893483	0.640	769,372.000000
23.904150	0.640	768,703.000000
23.914817	0.640	768,492.000000
23.925483	0.640	774,627.000000
23.936150	0.640	782,192.000000
23.946817	0.640	780,342.000000
23.957483	0.640	773,725.000000
23.968150	0.640	775,609.000000
23.978817	0.640	782,987.000000
23.989483	0.640	785,570.000000
24.000150	0.640	787,659.000000
24.010817	0.640	796,810.000000
24.021483	0.640	806,491.000000
24.032150	0.640	807,567.000000
24.042817	0.640	803,572.000000
24.053483	0.640	800,990.000000
24.064150	0.640	799,254.000000
24.074817	0.640	798,212.000000
24.085483	0.640	798,844.000000
24.096150	0.640	799,128.000000
24.106817	0.640	799,474.000000
24.117483	0.640	802,627.000000
24.128150	0.640	807,671.000000
24.138817	0.640	811,992.000000
24.149483	0.640	813,969.000000
24.160150	0.640	814,566.000000
24.170817	0.640	816,155.000000
24.181483	0.640	815,127.000000
24.192150	0.640	809,162.000000
24.202817	0.640	805,909.000000
24.213483	0.640	809,171.000000
24.224150	0.640	812,877.000000
24.234817	0.640	813,876.000000
24.245483	0.640	815,520.000000
24.256150	0.640	818,175.000000
24.266817	0.640	820,029.000000
24.277483	0.640	823,726.000000
24.288150	0.640	829,030.000000
24.298817	0.640	831,371.000000
24.309483	0.640	831,861.000000
24.320150	0.640	833,417.000000
24.330817	0.640	833,149.000000
24.341483	0.640	830,372.000000
24.352150	0.640	829,917.000000
24.362817	0.640	829,779.000000
24.373483	0.640	821,922.000000
24.384150	0.640	809,893.000000
24.394817	0.640	806,976.000000
24.405483	0.640	813,084.000000
24.416150	0.640	816,248.000000
24.426817	0.640	814,488.000000
24.437483	0.640	811,254.000000
24.448150	0.640	804,736.000000
24.458817	0.640	796,757.000000
24.469483	0.640	794,928.000000
24.480150	0.640	801,805.000000
24.490817	0.640	809,409.000000
24.501483	0.640	808,220.000000
24.512150	0.640	798,367.000000
24.522817	0.640	788,339.000000
24.533483	0.640	784,288.000000
24.544150	0.640	783,550.000000
24.554817	0.640	782,122.000000
24.565483	0.640	780,209.000000
24.576150	0.640	776,753.000000
24.586817	0.640	770,903.000000
24.597483	0.640	766,886.000000
24.608150	0.640	767,248.000000
24.618817	0.640	768,927.000000
24.629483	0.640	770,664.000000
24.640150	0.640	773,575.000000
24.650817	0.640	776,139.000000
24.661483	0.640	778,222.000000
24.672150	0.640	780,235.000000
24.682817	0.640	776,919.000000
24.693483	0.640	768,637.000000
24.704150	0.640	766,232.000000
24.714817	0.640	771,514.000000
24.725483	0.640	775,249.000000
24.736150	0.640	776,157.000000
24.746817	0.640	779,397.000000
24.757483	0.640	783,590.000000
24.768150	0.640	786,161.000000
24.778817	0.640	788,411.000000
24.789483	0.640	787,797.000000
24.800150	0.640	781,960.000000
24.810817	0.640	777,556.000000
24.821483	0.640	781,474.000000
24.832150	0.640	791,581.000000
24.842817	0.640	800,708.000000
24.853483	0.640	803,559.000000
24.864150	0.640	800,473.000000
24.874817	0.640	796,326.000000
24.885483	0.640	796,322.000000
24.896150	0.640	801,007.000000
24.906817	0.640	805,647.000000
24.917483	0.640	806,080.000000
24.928150	0.640	802,227.000000
24.938817	0.640	798,741.000000
24.949483	0.640	800,514.000000
24.960150	0.640	806,186.000000
24.970817	0.640	812,763.000000
24.981483	0.640	819,873.000000
24.992150	0.640	826,776.000000
25.002817	0.640	831,933.000000
25.013483	0.640	833,938.000000
25.024150	0.640	834,073.000000
25.034817	0.640	836,665.000000
25.045483	0.640	841,636.000000
25.056150	0.640	843,606.000000
25.066817	0.640	842,772.000000
25.077483	0.640	845,609.000000
25.088150	0.640	853,380.000000
25.098817	0.640	862,375.000000
25.109483	0.640	870,851.000000
25.120150	0.640	878,448.000000
25.130817	0.640	885,345.000000
25.141483	0.640	889,584.000000
25.152150	0.640	888,329.000000
25.162817	0.640	886,920.000000
25.173483	0.640	893,560.000000
25.184150	0.640	906,504.000000
25.194817	0.640	916,606.000000
25.205483	0.640	919,103.000000
25.216150	0.640	919,644.000000
25.226817	0.640	925,203.000000
25.237483	0.640	932,858.000000
25.248150	0.640	935,770.000000
25.258817	0.640	935,359.000000
25.269483	0.640	938,235.000000
25.280150	0.640	943,777.000000
25.290817	0.640	944,498.000000
25.301483	0.640	938,320.000000
25.312150	0.640	934,661.000000
25.322817	0.640	941,886.000000
25.333483	0.640	951,222.000000
25.344150	0.640	951,371.000000
25.354817	0.640	948,361.000000
25.365483	0.640	949,930.000000
25.376150	0.640	952,657.000000
25.386817	0.640	953,219.000000
25.397483	0.640	953,155.000000
25.408150	0.640	954,596.000000
25.418817	0.640	957,109.000000
25.429483	0.640	958,463.000000
25.440150	0.640	958,137.000000
25.450817	0.640	955,789.000000
25.461483	0.640	950,434.000000
25.472150	0.640	943,502.000000
25.482817	0.640	937,056.000000
25.493483	0.640	931,185.000000
25.504150	0.640	925,590.000000
25.514817	0.640	922,534.000000
25.525483	0.640	925,284.000000
25.536150	0.640	932,107.000000
25.546817	0.640	937,299.000000
25.557483	0.640	936,258.000000
25.568150	0.640	928,135.000000
25.578817	0.640	918,466.000000
25.589483	0.640	914,971.000000
25.600150	0.640	918,613.000000
25.610817	0.640	922,634.000000
25.621483	0.640	923,413.000000
25.632150	0.640	926,984.000000
25.642817	0.640	936,319.000000
25.653483	0.640	943,559.000000
25.664150	0.640	941,490.000000
25.674817	0.640	933,641.000000
25.685483	0.640	931,606.000000
25.696150	0.640	941,793.000000
25.706817	0.640	955,282.000000
25.717483	0.640	956,293.000000
25.728150	0.640	943,631.000000
25.738817	0.640	935,031.000000
25.749483	0.640	941,913.000000
25.760150	0.640	955,268.000000
25.770817	0.640	964,440.000000
25.781483	0.640	970,342.000000
25.792150	0.640	976,527.000000
25.802817	0.640	983,812.000000
25.813483	0.640	992,300.000000
25.824150	0.640	998,669.000000
25.834817	0.640	999,309.000000
25.845483	0.640	998,627.000000
25.856150	0.640	1,003,128.000000
25.866817	0.640	1,010,103.000000
25.877483	0.640	1,011,171.000000
25.888150	0.640	1,007,860.000000
25.898817	0.640	1,012,079.000000
25.909483	0.640	1,023,337.000000
25.920150	0.640	1,026,997.000000
25.930817	0.640	1,020,006.000000
25.941483	0.640	1,013,604.000000
25.952150	0.640	1,014,104.000000
25.962817	0.640	1,018,002.000000
25.973483	0.640	1,021,888.000000
25.984150	0.640	1,027,573.000000
25.994817	0.640	1,035,910.000000
26.005483	0.640	1,044,475.000000
26.016150	0.640	1,052,458.000000
26.026817	0.640	1,057,033.000000
26.037483	0.640	1,053,680.000000
26.048150	0.640	1,048,936.000000
26.058817	0.640	1,056,126.000000
26.069483	0.640	1,074,254.000000
26.080150	0.640	1,088,092.000000
26.090817	0.640	1,089,600.000000
26.101483	0.640	1,085,857.000000
26.112150	0.640	1,088,506.000000
26.122817	0.640	1,099,624.000000
26.133483	0.640	1,108,381.000000
26.144150	0.640	1,108,869.000000
26.154817	0.640	1,111,412.000000
26.165483	0.640	1,123,825.000000
26.176150	0.640	1,138,903.000000
26.186817	0.640	1,149,250.000000
26.197483	0.640	1,155,189.000000
26.208150	0.640	1,158,580.000000
26.218817	0.640	1,160,556.000000
26.229483	0.640	1,158,668.000000
26.240150	0.640	1,149,180.000000
26.250817	0.640	1,135,929.000000
26.261483	0.640	1,126,493.000000
26.272150	0.640	1,120,234.000000
26.282817	0.640	1,108,694.000000
26.293483	0.640	1,089,363.000000
26.304150	0.640	1,072,050.000000
26.314817	0.640	1,068,259.000000
26.325483	0.640	1,082,183.000000
26.336150	0.640	1,118,821.000000
26.346817	0.640	1,212,012.000000
26.357483	0.640	1,466,122.000000
26.368150	0.640	2,057,041.000000
26.378817	0.640	3,051,992.000000
26.389483	0.640	4,088,073.000000
26.400150	0.640	4,451,609.000000
26.410817	0.640	3,789,417.000000
26.421483	0.640	2,557,549.000000
26.432150	0.640	1,523,584.000000
26.442817	0.640	1,030,703.000000
26.453483	0.640	913,580.000000
26.464150	0.640	904,715.000000
26.474817	0.640	890,665.000000
26.485483	0.640	870,539.000000
26.496150	0.640	858,377.000000
26.506817	0.640	854,301.000000
26.517483	0.640	854,542.000000
26.528150	0.640	857,563.000000
26.538817	0.640	863,081.000000
26.549483	0.640	872,067.000000
26.560150	0.640	885,268.000000
26.570817	0.640	899,766.000000
26.581483	0.640	908,879.000000
26.592150	0.640	911,412.000000
26.602817	0.640	915,077.000000
26.613483	0.640	924,247.000000
26.624150	0.640	935,506.000000
26.634817	0.640	948,416.000000
26.645483	0.640	968,806.000000
26.656150	0.640	996,763.000000
26.666817	0.640	1,024,458.000000
26.677483	0.640	1,053,320.000000
26.688150	0.640	1,097,561.000000
26.698817	0.640	1,167,071.000000
26.709483	0.640	1,270,380.000000
26.720150	0.640	1,445,028.000000
26.730817	0.640	1,734,324.000000
26.741483	0.640	2,069,769.000000
26.752150	0.640	2,240,768.000000
26.762817	0.640	2,108,937.000000
26.773483	0.640	1,798,750.000000
26.784150	0.640	1,553,336.000000
26.794817	0.640	1,477,373.000000
26.805483	0.640	1,513,107.000000
26.816150	0.640	1,582,896.000000
26.826817	0.640	1,670,181.000000
26.837483	0.640	1,790,379.000000
26.848150	0.640	1,968,137.000000
26.858817	0.640	2,345,139.000000
26.869483	0.640	3,495,164.000000
26.880150	0.640	7,458,757.000000
26.890817	0.640	20,535,854.000000
26.901483	0.640	53,365,231.000000
26.912150	0.640	105,637,859.000000
26.922817	0.640	147,136,948.000000
26.933483	0.640	139,812,964.000000
26.944150	0.640	87,804,021.000000
26.954817	0.640	34,821,792.000000
26.965483	0.640	9,898,632.000000
26.976150	0.640	6,116,031.000000
26.986817	0.640	6,846,395.000000
26.997483	0.640	6,151,388.000000
27.008150	0.640	5,515,546.000000
27.018817	0.640	6,311,166.000000
27.029483	0.640	7,969,304.000000
27.040150	0.640	8,954,396.000000
27.050817	0.640	8,410,559.000000
27.061483	0.640	7,009,702.000000
27.072150	0.640	5,874,413.000000
27.082817	0.640	5,408,769.000000
27.093483	0.640	5,416,573.000000
27.104150	0.640	5,651,616.000000
27.114817	0.640	6,237,422.000000
27.125483	0.640	7,631,991.000000
27.136150	0.640	9,538,140.000000
27.146817	0.640	10,381,080.000000
27.157483	0.640	9,304,508.000000
27.168150	0.640	7,619,711.000000
27.178817	0.640	6,941,047.000000
27.189483	0.640	7,476,207.000000
27.200150	0.640	9,015,667.000000
27.210817	0.640	11,710,077.000000
27.221483	0.640	14,709,349.000000
27.232150	0.640	17,467,014.000000
27.242817	0.640	30,564,244.000000
27.253483	0.640	31,441,025.000000
27.253650	0.010	57,161,537.000000
27.253817	0.010	31,441,025.000000
27.253983	0.010	57,161,537.000000
27.254150	0.010	31,441,025.000000
27.254317	0.010	57,161,537.000000
27.254483	0.010	31,441,025.000000
27.264150	0.580	31,441,025.000000
27.274817	0.640	31,441,025.000000
27.285483	0.640	31,441,025.000000
27.296150	0.640	31,441,025.000000
27.306817	0.640	31,441,025.000000
27.317483	0.640	31,441,025.000000
27.317650	0.010	57,161,537.000000
27.317817	0.010	31,441,025.000000
27.317983	0.010	57,161,537.000000
27.318150	0.010	31,441,025.000000
27.318317	0.010	57,161,537.000000
27.318483	0.010	31,441,025.000000
27.328150	0.580	170,147,671.000000
27.338817	0.640	87,481,073.000000
27.349483	0.640	61,647,717.000000
27.360150	0.640	61,356,050.000000
27.370817	0.640	65,133,785.000000
27.381483	0.640	66,010,566.000000
27.381650	0.010	109,015,849.000000
27.381817	0.010	66,010,566.000000
27.381983	0.010	109,015,849.000000
27.382150	0.010	66,010,566.000000
27.382317	0.010	109,015,849.000000
27.382483	0.010	66,010,566.000000
27.392150	0.580	66,010,566.000000
27.402817	0.640	66,010,566.000000
27.413483	0.640	66,010,566.000000
27.424150	0.640	66,010,566.000000
27.434817	0.640	66,010,566.000000
27.445483	0.640	66,010,566.000000
27.456150	0.640	66,010,566.000000
27.466817	0.640	66,010,566.000000
27.477483	0.640	66,010,566.000000
27.488150	0.640	66,010,566.000000
27.488317	0.010	109,015,849.000000
27.488483	0.010	66,010,566.000000
27.488650	0.010	109,015,849.000000
27.488817	0.010	66,010,566.000000
27.488983	0.010	109,015,849.000000
27.489150	0.010	66,010,566.000000
27.498817	0.580	143,163,741.000000
27.509483	0.640	117,816,254.000000
27.520150	0.640	122,673,918.000000
27.530817	0.640	122,016,125.000000
27.541483	0.640	103,809,706.000000
27.552150	0.640	83,288,438.000000
27.562817	0.640	70,140,841.000000
27.573483	0.640	61,334,517.000000
27.584150	0.640	54,281,604.000000
27.594817	0.640	49,714,411.000000
27.605483	0.640	46,485,718.000000
27.616150	0.640	41,876,151.000000
27.626817	0.640	36,303,971.000000
27.637483	0.640	32,424,605.000000
27.648150	0.640	30,831,807.000000
27.658817	0.640	29,981,422.000000
27.669483	0.640	28,621,035.000000
27.680150	0.640	26,742,681.000000
27.690817	0.640	25,016,611.000000
27.701483	0.640	23,857,894.000000
27.712150	0.640	23,123,394.000000
27.722817	0.640	22,471,003.000000
27.733483	0.640	21,754,246.000000
27.744150	0.640	21,261,981.000000
27.754817	0.640	21,611,337.000000
27.765483	0.640	23,091,168.000000
27.776150	0.640	25,049,781.000000
27.786817	0.640	26,223,992.000000
27.797483	0.640	25,814,419.000000
27.808150	0.640	24,129,810.000000
27.818817	0.640	22,189,358.000000
27.829483	0.640	20,831,174.000000
27.840150	0.640	20,242,196.000000
27.850817	0.640	20,184,465.000000
27.861483	0.640	20,676,146.000000
27.872150	0.640	23,328,006.000000
27.882817	0.640	34,005,653.000000
27.893483	0.640	34,882,434.000000
27.893650	0.010	62,323,651.000000
27.893817	0.010	34,882,434.000000
27.893983	0.010	62,323,651.000000
27.894150	0.010	34,882,434.000000
27.894317	0.010	62,323,651.000000
27.894483	0.010	34,882,434.000000
27.904150	0.580	34,882,434.000000
27.914817	0.640	34,882,434.000000
27.925483	0.640	34,882,434.000000
27.936150	0.640	34,882,434.000000
27.946817	0.640	34,882,434.000000
27.957483	0.640	34,882,434.000000
27.968150	0.640	34,882,434.000000
27.978817	0.640	34,882,434.000000
27.989483	0.640	34,882,434.000000
28.000150	0.640	34,882,434.000000
28.010817	0.640	34,882,434.000000
28.021483	0.640	34,882,434.000000
28.032150	0.640	34,882,434.000000
28.042817	0.640	34,882,434.000000
28.053483	0.640	34,882,434.000000
28.064150	0.640	34,882,434.000000
28.074817	0.640	34,882,434.000000
28.085483	0.640	34,882,434.000000
28.096150	0.640	34,882,434.000000
28.096317	0.010	62,323,651.000000
28.096483	0.010	34,882,434.000000
28.096650	0.010	62,323,651.000000
28.096817	0.010	34,882,434.000000
28.096983	0.010	62,323,651.000000
28.097150	0.010	34,882,434.000000
28.106817	0.580	193,698,720.000000
28.117483	0.640	95,848,452.000000
28.128150	0.640	69,029,066.000000
28.138817	0.640	70,615,605.000000
28.149483	0.640	67,762,839.000000
28.160150	0.640	59,070,321.000000
28.170817	0.640	48,543,466.000000
28.181483	0.640	38,719,558.000000
28.192150	0.640	36,542,736.000000
28.202817	0.640	52,657,724.000000
28.213483	0.640	99,272,792.000000
28.224150	0.640	100,149,573.000000
28.224317	0.010	160,224,359.000000
28.224483	0.010	100,149,573.000000
28.224650	0.010	160,224,359.000000
28.224817	0.010	100,149,573.000000
28.224983	0.010	160,224,359.000000
28.225150	0.010	100,149,573.000000
28.234817	0.580	100,149,573.000000
28.245483	0.640	100,149,573.000000
28.256150	0.640	100,149,573.000000
28.266817	0.640	100,149,573.000000
28.277483	0.640	100,149,573.000000
28.288150	0.640	100,149,573.000000
28.298817	0.640	100,149,573.000000
28.309483	0.640	100,149,573.000000
28.320150	0.640	100,149,573.000000
28.320317	0.010	160,224,359.000000
28.320483	0.010	100,149,573.000000
28.320650	0.010	160,224,359.000000
28.320817	0.010	100,149,573.000000
28.320983	0.010	160,224,359.000000
28.321150	0.010	100,149,573.000000
28.330817	0.580	109,510,977.000000
28.341483	0.640	110,799,297.000000
28.352150	0.640	121,241,788.000000
28.362817	0.640	116,365,760.000000
28.373483	0.640	86,863,785.000000
28.384150	0.640	51,698,682.000000
28.394817	0.640	28,958,047.000000
28.405483	0.640	19,651,518.000000
28.416150	0.640	16,763,664.000000
28.426817	0.640	15,965,066.000000
28.437483	0.640	17,145,794.000000
28.448150	0.640	20,012,464.000000
28.458817	0.640	21,832,975.000000
28.469483	0.640	20,164,298.000000
28.480150	0.640	15,854,317.000000
28.490817	0.640	11,758,148.000000
28.501483	0.640	9,478,553.000000
28.512150	0.640	8,617,813.000000
28.522817	0.640	8,285,766.000000
28.533483	0.640	8,091,735.000000
28.544150	0.640	7,967,931.000000
28.554817	0.640	7,830,945.000000
28.565483	0.640	7,604,580.000000
28.576150	0.640	7,344,537.000000
28.586817	0.640	7,195,186.000000
28.597483	0.640	7,263,714.000000
28.608150	0.640	7,548,250.000000
28.618817	0.640	7,888,672.000000
28.629483	0.640	7,931,869.000000
28.640150	0.640	7,283,478.000000
28.650817	0.640	5,876,428.000000
28.661483	0.640	4,133,181.000000
28.672150	0.640	2,622,411.000000
28.682817	0.640	1,617,924.000000
28.693483	0.640	1,051,374.000000
28.704150	0.640	766,962.000000
28.714817	0.640	789,384.000000
28.725483	0.640	1,166,642.000000
28.736150	0.640	1,434,537.000000
28.746817	0.640	1,057,884.000000
28.757483	0.640	384,767.000000
28.768150	0.640	60,726.000000
28.778817	0.640	75,757.000000
28.789483	0.640	115,347.000000
28.800150	0.640	88,158.000000
28.810817	0.640	52,241.000000
28.821483	0.640	39,937.000000
28.832150	0.640	40,041.000000
28.842817	0.640	37,936.000000
28.853483	0.640	30,702.000000
28.864150	0.640	21,940.000000
28.874817	0.640	15,199.000000
28.885483	0.640	11,311.000000
28.896150	0.640	9,803.000000
28.906817	0.640	9,313.000000
28.917483	0.640	6,396.000000
28.928150	0.640	1,601.000000
28.938817	0.640	1,473.000000
28.949483	0.640	5,458.000000
28.960150	0.640	4,735.000000
28.970817	0.640	420.000000
28.981483	0.640	1,651.000000
28.992150	0.640	6,242.000000
29.002817	0.640	6,331.000000
29.013483	0.640	3,342.000000
29.024150	0.640	1,715.000000
29.034817	0.640	1,325.000000
29.045483	0.640	1,601.000000
29.056150	0.640	2,632.000000
29.066817	0.640	3,297.000000
29.077483	0.640	4,770.000000
29.088150	0.640	7,904.000000
29.098817	0.640	7,879.000000
29.109483	0.640	2,058.000000
29.120150	0.640	-4,749.000000
29.130817	0.640	-7,324.000000
29.141483	0.640	-4,957.000000
29.152150	0.640	713.000000
29.162817	0.640	6,215.000000
29.173483	0.640	7,358.000000
29.184150	0.640	5,810.000000
29.194817	0.640	5,534.000000
29.205483	0.640	5,399.000000
29.216150	0.640	5,028.000000
29.226817	0.640	6,988.000000
29.237483	0.640	8,903.000000
29.248150	0.640	6,594.000000
29.258817	0.640	4,587.000000
29.269483	0.640	8,248.000000
29.280150	0.640	12,470.000000
29.290817	0.640	12,492.000000
29.301483	0.640	11,484.000000
29.312150	0.640	11,558.000000
29.322817	0.640	12,481.000000
29.333483	0.640	13,884.000000
29.344150	0.640	12,386.000000
29.354817	0.640	8,302.000000
29.365483	0.640	7,367.000000
29.376150	0.640	8,884.000000
29.386817	0.640	8,451.000000
29.397483	0.640	6,401.000000
29.408150	0.640	4,177.000000
29.418817	0.640	2,647.000000
29.429483	0.640	2,596.000000
29.440150	0.640	4,703.000000
29.450817	0.640	8,673.000000
29.461483	0.640	10,836.000000
29.472150	0.640	9,989.000000
29.482817	0.640	10,539.000000
29.493483	0.640	12,622.000000
29.504150	0.640	11,555.000000
29.514817	0.640	9,259.000000
29.525483	0.640	10,503.000000
29.536150	0.640	11,751.000000
29.546817	0.640	8,364.000000
29.557483	0.640	2,808.000000
29.568150	0.640	-986.000000
29.578817	0.640	-854.000000
29.589483	0.640	3,623.000000
29.600150	0.640	9,157.000000
29.610817	0.640	12,793.000000
29.621483	0.640	15,541.000000
29.632150	0.640	15,495.000000
29.642817	0.640	9,411.000000
29.653483	0.640	3,468.000000
29.664150	0.640	4,678.000000
29.674817	0.640	9,193.000000
29.685483	0.640	11,368.000000
29.696150	0.640	9,995.000000
29.706817	0.640	5,916.000000
29.717483	0.640	3,135.000000
29.728150	0.640	3,107.000000
29.738817	0.640	2,696.000000
29.749483	0.640	4,295.000000
29.760150	0.640	11,201.000000
29.770817	0.640	16,994.000000
29.781483	0.640	15,178.000000
29.792150	0.640	8,486.000000
29.802817	0.640	3,250.000000
29.813483	0.640	3,605.000000
29.824150	0.640	8,330.000000
29.834817	0.640	10,940.000000
29.845483	0.640	9,206.000000
29.856150	0.640	7,943.000000
29.866817	0.640	7,231.000000
29.877483	0.640	4,558.000000
29.888150	0.640	4,650.000000
29.898817	0.640	8,577.000000
29.909483	0.640	8,968.000000
29.920150	0.640	5,431.000000
29.930817	0.640	4,649.000000
29.941483	0.640	6,760.000000
29.952150	0.640	8,144.000000
29.962817	0.640	9,577.000000
29.973483	0.640	11,919.000000
29.984150	0.640	13,434.000000
29.994817	0.640	13,166.000000
30.005483	0.640	9,788.000000
