File Path	chrom://nnfcb-l0495/ChromeleonLocal/20180320_AA_Lars Nielsen samples Vienna_lbpet.seq/555.smp/Emission_1.channel/Emission_1.chm
Channel	Emission_1

Injection Information:
Data Vault	ChromeleonLocal
Injection	20180320_Lars Nielsen samples Vienna_dx20_BA2
Injection Number	15
Position	BA2
Comment	
Processing Method	20171024_Calculated with IS_lbpet
Instrument Method	20161104_AA_GeminiC18_FinalVer7
Type	Unknown
Status	Finished
Injection Date	20-03-2018
Injection Time	18:51:22
Injection Volume (µl)	56.500
Dilution Factor	1.0000
Weight	1.0000

Raw Data Information:
Time Min. (min)	0.003883
Time Max. (min)	30.001600
Data Points	2813
Detector	FLD
Exporting Data System	Chromeleon 7.1.2.1478
Operator	
Signal Quantity	
Signal Unit	counts
Signal Min.	-1,277.000000
Signal Max.	95,476,208.000000
Channel	Emission_1
Driver Name	FLD3000.dll
Channel Type	Evaluation
Min. Step (s)	0.637
Max. Step (s)	0.823
Average Step (s)	0.640

Signal Parameter Information:
Signal Info	340 nm /450 nm

Raw Data:
Time (min)	Step (s)	Value (counts)
0.003883	0.000	0.000000
0.017600	0.823	0.000000
0.028267	0.640	0.000000
0.038933	0.640	1,740.000000
0.049600	0.640	3,806.000000
0.060267	0.640	5,066.000000
0.070933	0.640	5,150.000000
0.081600	0.640	4,323.000000
0.092267	0.640	2,632.000000
0.102933	0.640	103.000000
0.113600	0.640	-1,277.000000
0.124267	0.640	490.000000
0.134933	0.640	3,421.000000
0.145600	0.640	4,226.000000
0.156267	0.640	3,175.000000
0.166933	0.640	2,716.000000
0.177600	0.640	3,681.000000
0.188267	0.640	4,393.000000
0.198933	0.640	3,071.000000
0.209600	0.640	631.000000
0.220267	0.640	-729.000000
0.230933	0.640	-188.000000
0.241600	0.640	1,884.000000
0.252267	0.640	3,673.000000
0.262933	0.640	3,060.000000
0.273600	0.640	1,085.000000
0.284267	0.640	386.000000
0.294933	0.640	1,062.000000
0.305600	0.640	1,637.000000
0.316267	0.640	1,890.000000
0.326933	0.640	2,314.000000
0.337600	0.640	2,563.000000
0.348267	0.640	2,535.000000
0.358933	0.640	3,132.000000
0.369600	0.640	3,927.000000
0.380267	0.640	3,310.000000
0.390933	0.640	1,986.000000
0.401600	0.640	1,811.000000
0.412267	0.640	2,420.000000
0.422933	0.640	2,624.000000
0.433600	0.640	2,439.000000
0.444267	0.640	2,399.000000
0.454933	0.640	2,966.000000
0.465600	0.640	4,150.000000
0.476267	0.640	4,981.000000
0.486933	0.640	4,652.000000
0.497600	0.640	3,682.000000
0.508267	0.640	3,157.000000
0.518933	0.640	3,489.000000
0.529600	0.640	3,529.000000
0.540267	0.640	1,914.000000
0.550933	0.640	-145.000000
0.561600	0.640	-155.000000
0.572267	0.640	1,614.000000
0.582933	0.640	2,761.000000
0.593600	0.640	2,870.000000
0.604267	0.640	2,970.000000
0.614933	0.640	2,588.000000
0.625600	0.640	1,596.000000
0.636267	0.640	1,669.000000
0.646933	0.640	2,889.000000
0.657600	0.640	3,292.000000
0.668267	0.640	2,660.000000
0.678933	0.640	2,369.000000
0.689600	0.640	2,711.000000
0.700267	0.640	3,199.000000
0.710933	0.640	3,520.000000
0.721600	0.640	3,762.000000
0.732267	0.640	4,045.000000
0.742933	0.640	3,458.000000
0.753600	0.640	1,863.000000
0.764267	0.640	1,093.000000
0.774933	0.640	1,529.000000
0.785600	0.640	1,797.000000
0.796267	0.640	1,803.000000
0.806933	0.640	2,199.000000
0.817600	0.640	2,772.000000
0.828267	0.640	3,090.000000
0.838933	0.640	3,215.000000
0.849600	0.640	3,111.000000
0.860267	0.640	2,585.000000
0.870933	0.640	1,616.000000
0.881600	0.640	247.000000
0.892267	0.640	-507.000000
0.902933	0.640	432.000000
0.913600	0.640	2,030.000000
0.924267	0.640	3,054.000000
0.934933	0.640	3,784.000000
0.945600	0.640	4,041.000000
0.956267	0.640	3,313.000000
0.966933	0.640	2,619.000000
0.977600	0.640	3,145.000000
0.988267	0.640	4,318.000000
0.998933	0.640	4,699.000000
1.009600	0.640	3,763.000000
1.020267	0.640	2,168.000000
1.030933	0.640	1,015.000000
1.041600	0.640	1,076.000000
1.052267	0.640	1,867.000000
1.062933	0.640	2,305.000000
1.073600	0.640	2,245.000000
1.084267	0.640	2,069.000000
1.094933	0.640	1,705.000000
1.105600	0.640	967.000000
1.116267	0.640	707.000000
1.126933	0.640	2,024.000000
1.137600	0.640	3,813.000000
1.148267	0.640	3,897.000000
1.158933	0.640	2,548.000000
1.169600	0.640	2,273.000000
1.180267	0.640	3,766.000000
1.190933	0.640	4,881.000000
1.201600	0.640	4,345.000000
1.212267	0.640	2,860.000000
1.222933	0.640	1,394.000000
1.233600	0.640	864.000000
1.244267	0.640	1,439.000000
1.254933	0.640	2,165.000000
1.265600	0.640	2,685.000000
1.276267	0.640	3,136.000000
1.286933	0.640	2,671.000000
1.297600	0.640	1,310.000000
1.308267	0.640	768.000000
1.318933	0.640	1,493.000000
1.329600	0.640	2,231.000000
1.340267	0.640	2,303.000000
1.350933	0.640	2,057.000000
1.361600	0.640	2,072.000000
1.372267	0.640	2,639.000000
1.382933	0.640	3,451.000000
1.393600	0.640	3,556.000000
1.404267	0.640	2,104.000000
1.414933	0.640	148.000000
1.425600	0.640	253.000000
1.436267	0.640	2,612.000000
1.446933	0.640	4,057.000000
1.457600	0.640	2,472.000000
1.468267	0.640	-186.000000
1.478933	0.640	-571.000000
1.489600	0.640	1,721.000000
1.500267	0.640	3,912.000000
1.510933	0.640	3,727.000000
1.521600	0.640	2,074.000000
1.532267	0.640	1,402.000000
1.542933	0.640	2,163.000000
1.553600	0.640	2,989.000000
1.564267	0.640	3,580.000000
1.574933	0.640	4,557.000000
1.585600	0.640	5,603.000000
1.596267	0.640	5,487.000000
1.606933	0.640	3,985.000000
1.617600	0.640	2,759.000000
1.628267	0.640	3,083.000000
1.638933	0.640	4,118.000000
1.649600	0.640	4,378.000000
1.660267	0.640	3,820.000000
1.670933	0.640	3,509.000000
1.681600	0.640	3,605.000000
1.692267	0.640	3,568.000000
1.702933	0.640	3,750.000000
1.713600	0.640	4,576.000000
1.724267	0.640	5,355.000000
1.734933	0.640	5,303.000000
1.745600	0.640	4,367.000000
1.756267	0.640	3,183.000000
1.766933	0.640	2,627.000000
1.777600	0.640	2,701.000000
1.788267	0.640	2,582.000000
1.798933	0.640	2,480.000000
1.809600	0.640	3,677.000000
1.820267	0.640	5,191.000000
1.830933	0.640	4,874.000000
1.841600	0.640	4,118.000000
1.852267	0.640	5,081.000000
1.862933	0.640	6,382.000000
1.873600	0.640	5,956.000000
1.884267	0.640	4,046.000000
1.894933	0.640	2,177.000000
1.905600	0.640	1,506.000000
1.916267	0.640	1,733.000000
1.926933	0.640	1,479.000000
1.937600	0.640	590.000000
1.948267	0.640	323.000000
1.958933	0.640	1,218.000000
1.969600	0.640	2,782.000000
1.980267	0.640	3,973.000000
1.990933	0.640	3,535.000000
2.001600	0.640	1,835.000000
2.012267	0.640	888.000000
2.022933	0.640	1,171.000000
2.033600	0.640	1,330.000000
2.044267	0.640	896.000000
2.054933	0.640	596.000000
2.065600	0.640	1,033.000000
2.076267	0.640	2,104.000000
2.086933	0.640	3,065.000000
2.097600	0.640	3,406.000000
2.108267	0.640	3,505.000000
2.118933	0.640	3,550.000000
2.129600	0.640	3,258.000000
2.140267	0.640	3,240.000000
2.150933	0.640	3,850.000000
2.161600	0.640	4,065.000000
2.172267	0.640	3,830.000000
2.182933	0.640	4,214.000000
2.193600	0.640	4,766.000000
2.204267	0.640	4,454.000000
2.214933	0.640	4,297.000000
2.225600	0.640	5,439.000000
2.236267	0.640	6,450.000000
2.246933	0.640	6,362.000000
2.257600	0.640	6,623.000000
2.268267	0.640	7,089.000000
2.278933	0.640	5,900.000000
2.289600	0.640	3,926.000000
2.300267	0.640	3,375.000000
2.310933	0.640	3,655.000000
2.321600	0.640	3,054.000000
2.332267	0.640	1,917.000000
2.342933	0.640	1,280.000000
2.353600	0.640	1,343.000000
2.364267	0.640	2,173.000000
2.374933	0.640	3,448.000000
2.385600	0.640	4,263.000000
2.396267	0.640	4,041.000000
2.406933	0.640	3,279.000000
2.417600	0.640	3,354.000000
2.428267	0.640	4,501.000000
2.438933	0.640	5,167.000000
2.449600	0.640	4,747.000000
2.460267	0.640	4,251.000000
2.470933	0.640	3,766.000000
2.481600	0.640	2,736.000000
2.492267	0.640	1,671.000000
2.502933	0.640	1,026.000000
2.513600	0.640	878.000000
2.524267	0.640	1,756.000000
2.534933	0.640	3,165.000000
2.545600	0.640	3,461.000000
2.556267	0.640	2,608.000000
2.566933	0.640	1,843.000000
2.577600	0.640	1,230.000000
2.588267	0.640	634.000000
2.598933	0.640	695.000000
2.609600	0.640	1,133.000000
2.620267	0.640	1,006.000000
2.630933	0.640	546.000000
2.641600	0.640	697.000000
2.652267	0.640	1,492.000000
2.662933	0.640	2,368.000000
2.673600	0.640	3,185.000000
2.684267	0.640	3,663.000000
2.694933	0.640	3,542.000000
2.705600	0.640	3,971.000000
2.716267	0.640	7,048.000000
2.726933	0.640	12,760.000000
2.737600	0.640	16,926.000000
2.748267	0.640	15,596.000000
2.758933	0.640	11,111.000000
2.769600	0.640	8,814.000000
2.780267	0.640	9,440.000000
2.790933	0.640	9,634.000000
2.801600	0.640	7,681.000000
2.812267	0.640	4,985.000000
2.822933	0.640	3,045.000000
2.833600	0.640	1,609.000000
2.844267	0.640	566.000000
2.854933	0.640	1,277.000000
2.865600	0.640	3,979.000000
2.876267	0.640	6,234.000000
2.886933	0.640	5,868.000000
2.897600	0.640	3,481.000000
2.908267	0.640	1,439.000000
2.918933	0.640	1,588.000000
2.929600	0.640	3,556.000000
2.940267	0.640	5,035.000000
2.950933	0.640	4,541.000000
2.961600	0.640	3,900.000000
2.972267	0.640	5,256.000000
2.982933	0.640	7,157.000000
2.993600	0.640	9,050.000000
3.004267	0.640	14,162.000000
3.014933	0.640	23,921.000000
3.025600	0.640	38,236.000000
3.036267	0.640	61,774.000000
3.046933	0.640	103,639.000000
3.057600	0.640	176,700.000000
3.068267	0.640	306,062.000000
3.078933	0.640	540,432.000000
3.089600	0.640	959,563.000000
3.100267	0.640	1,660,305.000000
3.110933	0.640	2,689,783.000000
3.121600	0.640	3,956,385.000000
3.132267	0.640	5,215,803.000000
3.142933	0.640	6,160,080.000000
3.153600	0.640	6,554,574.000000
3.164267	0.640	6,366,414.000000
3.174933	0.640	5,785,097.000000
3.185600	0.640	5,085,423.000000
3.196267	0.640	4,470,547.000000
3.206933	0.640	4,017,066.000000
3.217600	0.640	3,708,494.000000
3.228267	0.640	3,501,977.000000
3.238933	0.640	3,353,499.000000
3.249600	0.640	3,216,914.000000
3.260267	0.640	3,065,567.000000
3.270933	0.640	2,885,775.000000
3.281600	0.640	2,656,374.000000
3.292267	0.640	2,366,399.000000
3.302933	0.640	2,026,048.000000
3.313600	0.640	1,658,229.000000
3.324267	0.640	1,296,755.000000
3.334933	0.640	974,423.000000
3.345600	0.640	706,839.000000
3.356267	0.640	494,297.000000
3.366933	0.640	332,361.000000
3.377600	0.640	216,590.000000
3.388267	0.640	138,930.000000
3.398933	0.640	88,091.000000
3.409600	0.640	56,175.000000
3.420267	0.640	37,889.000000
3.430933	0.640	26,739.000000
3.441600	0.640	18,300.000000
3.452267	0.640	12,713.000000
3.462933	0.640	10,262.000000
3.473600	0.640	9,004.000000
3.484267	0.640	7,614.000000
3.494933	0.640	6,252.000000
3.505600	0.640	5,560.000000
3.516267	0.640	5,917.000000
3.526933	0.640	6,750.000000
3.537600	0.640	7,398.000000
3.548267	0.640	7,498.000000
3.558933	0.640	6,655.000000
3.569600	0.640	5,351.000000
3.580267	0.640	4,622.000000
3.590933	0.640	4,606.000000
3.601600	0.640	4,838.000000
3.612267	0.640	5,338.000000
3.622933	0.640	6,188.000000
3.633600	0.640	6,710.000000
3.644267	0.640	6,335.000000
3.654933	0.640	5,288.000000
3.665600	0.640	4,025.000000
3.676267	0.640	3,691.000000
3.686933	0.640	5,053.000000
3.697600	0.640	5,884.000000
3.708267	0.640	4,619.000000
3.718933	0.640	3,365.000000
3.729600	0.640	3,063.000000
3.740267	0.640	3,365.000000
3.750933	0.640	5,227.000000
3.761600	0.640	7,421.000000
3.772267	0.640	7,425.000000
3.782933	0.640	6,234.000000
3.793600	0.640	6,479.000000
3.804267	0.640	9,154.000000
3.814933	0.640	13,437.000000
3.825600	0.640	17,227.000000
3.836267	0.640	19,400.000000
3.846933	0.640	20,805.000000
3.857600	0.640	22,235.000000
3.868267	0.640	23,485.000000
3.878933	0.640	24,283.000000
3.889600	0.640	23,733.000000
3.900267	0.640	20,801.000000
3.910933	0.640	17,416.000000
3.921600	0.640	16,005.000000
3.932267	0.640	15,538.000000
3.942933	0.640	14,548.000000
3.953600	0.640	13,312.000000
3.964267	0.640	11,929.000000
3.974933	0.640	9,873.000000
3.985600	0.640	7,488.000000
3.996267	0.640	6,362.000000
4.006933	0.640	7,106.000000
4.017600	0.640	8,024.000000
4.028267	0.640	7,692.000000
4.038933	0.640	6,637.000000
4.049600	0.640	5,937.000000
4.060267	0.640	6,207.000000
4.070933	0.640	6,879.000000
4.081600	0.640	6,661.000000
4.092267	0.640	6,171.000000
4.102933	0.640	6,876.000000
4.113600	0.640	7,513.000000
4.124267	0.640	6,881.000000
4.134933	0.640	6,885.000000
4.145600	0.640	8,469.000000
4.156267	0.640	9,695.000000
4.166933	0.640	9,123.000000
4.177600	0.640	7,420.000000
4.188267	0.640	5,909.000000
4.198933	0.640	5,241.000000
4.209600	0.640	5,390.000000
4.220267	0.640	5,820.000000
4.230933	0.640	5,985.000000
4.241600	0.640	6,217.000000
4.252267	0.640	7,069.000000
4.262933	0.640	7,806.000000
4.273600	0.640	7,190.000000
4.284267	0.640	5,919.000000
4.294933	0.640	6,558.000000
4.305600	0.640	9,412.000000
4.316267	0.640	10,613.000000
4.326933	0.640	8,392.000000
4.337600	0.640	6,611.000000
4.348267	0.640	7,530.000000
4.358933	0.640	8,623.000000
4.369600	0.640	8,579.000000
4.380267	0.640	8,868.000000
4.390933	0.640	9,539.000000
4.401600	0.640	9,020.000000
4.412267	0.640	7,713.000000
4.422933	0.640	7,579.000000
4.433600	0.640	8,383.000000
4.444267	0.640	8,465.000000
4.454933	0.640	7,980.000000
4.465600	0.640	7,828.000000
4.476267	0.640	7,734.000000
4.486933	0.640	7,316.000000
4.497600	0.640	6,815.000000
4.508267	0.640	6,672.000000
4.518933	0.640	7,499.000000
4.529600	0.640	9,552.000000
4.540267	0.640	12,135.000000
4.550933	0.640	14,014.000000
4.561600	0.640	15,443.000000
4.572267	0.640	19,960.000000
4.582933	0.640	31,408.000000
4.593600	0.640	51,225.000000
4.604267	0.640	82,935.000000
4.614933	0.640	136,719.000000
4.625600	0.640	228,372.000000
4.636267	0.640	379,260.000000
4.646933	0.640	621,699.000000
4.657600	0.640	1,014,289.000000
4.668267	0.640	1,688,984.000000
4.678933	0.640	2,923,851.000000
4.689600	0.640	5,149,399.000000
4.700267	0.640	8,720,295.000000
4.710933	0.640	13,384,899.000000
4.721600	0.640	17,869,497.000000
4.732267	0.640	20,275,547.000000
4.742933	0.640	19,309,823.000000
4.753600	0.640	15,366,203.000000
4.764267	0.640	10,315,965.000000
4.774933	0.640	6,062,018.000000
4.785600	0.640	3,357,038.000000
4.796267	0.640	1,915,588.000000
4.806933	0.640	1,176,707.000000
4.817600	0.640	759,083.000000
4.828267	0.640	490,814.000000
4.838933	0.640	309,992.000000
4.849600	0.640	193,707.000000
4.860267	0.640	124,491.000000
4.870933	0.640	83,608.000000
4.881600	0.640	57,348.000000
4.892267	0.640	39,538.000000
4.902933	0.640	28,376.000000
4.913600	0.640	22,330.000000
4.924267	0.640	18,901.000000
4.934933	0.640	15,987.000000
4.945600	0.640	12,697.000000
4.956267	0.640	9,833.000000
4.966933	0.640	8,922.000000
4.977600	0.640	9,504.000000
4.988267	0.640	9,827.000000
4.998933	0.640	9,693.000000
5.009600	0.640	10,247.000000
5.020267	0.640	11,666.000000
5.030933	0.640	12,108.000000
5.041600	0.640	10,295.000000
5.052267	0.640	7,853.000000
5.062933	0.640	6,952.000000
5.073600	0.640	7,647.000000
5.084267	0.640	8,348.000000
5.094933	0.640	7,677.000000
5.105600	0.640	6,324.000000
5.116267	0.640	6,296.000000
5.126933	0.640	7,283.000000
5.137600	0.640	6,934.000000
5.148267	0.640	5,600.000000
5.158933	0.640	5,780.000000
5.169600	0.640	7,523.000000
5.180267	0.640	8,911.000000
5.190933	0.640	8,875.000000
5.201600	0.640	7,515.000000
5.212267	0.640	5,914.000000
5.222933	0.640	5,202.000000
5.233600	0.640	5,049.000000
5.244267	0.640	4,999.000000
5.254933	0.640	5,835.000000
5.265600	0.640	7,287.000000
5.276267	0.640	7,792.000000
5.286933	0.640	7,547.000000
5.297600	0.640	8,117.000000
5.308267	0.640	9,717.000000
5.318933	0.640	11,049.000000
5.329600	0.640	10,646.000000
5.340267	0.640	8,025.000000
5.350933	0.640	5,059.000000
5.361600	0.640	4,626.000000
5.372267	0.640	6,414.000000
5.382933	0.640	7,211.000000
5.393600	0.640	6,130.000000
5.404267	0.640	5,545.000000
5.414933	0.640	6,483.000000
5.425600	0.640	7,619.000000
5.436267	0.640	8,374.000000
5.446933	0.640	8,828.000000
5.457600	0.640	8,809.000000
5.468267	0.640	8,983.000000
5.478933	0.640	9,882.000000
5.489600	0.640	11,239.000000
5.500267	0.640	13,161.000000
5.510933	0.640	15,931.000000
5.521600	0.640	19,867.000000
5.532267	0.640	25,758.000000
5.542933	0.640	34,747.000000
5.553600	0.640	48,185.000000
5.564267	0.640	66,336.000000
5.574933	0.640	85,136.000000
5.585600	0.640	96,812.000000
5.596267	0.640	97,638.000000
5.606933	0.640	91,336.000000
5.617600	0.640	82,466.000000
5.628267	0.640	72,042.000000
5.638933	0.640	60,672.000000
5.649600	0.640	50,647.000000
5.660267	0.640	42,838.000000
5.670933	0.640	35,333.000000
5.681600	0.640	27,409.000000
5.692267	0.640	20,611.000000
5.702933	0.640	15,646.000000
5.713600	0.640	12,062.000000
5.724267	0.640	9,766.000000
5.734933	0.640	9,332.000000
5.745600	0.640	10,318.000000
5.756267	0.640	10,074.000000
5.766933	0.640	7,548.000000
5.777600	0.640	5,605.000000
5.788267	0.640	5,954.000000
5.798933	0.640	6,569.000000
5.809600	0.640	6,105.000000
5.820267	0.640	6,012.000000
5.830933	0.640	7,082.000000
5.841600	0.640	7,865.000000
5.852267	0.640	7,570.000000
5.862933	0.640	6,859.000000
5.873600	0.640	6,130.000000
5.884267	0.640	5,928.000000
5.894933	0.640	6,770.000000
5.905600	0.640	7,654.000000
5.916267	0.640	7,839.000000
5.926933	0.640	8,438.000000
5.937600	0.640	9,549.000000
5.948267	0.640	9,758.000000
5.958933	0.640	9,476.000000
5.969600	0.640	10,082.000000
5.980267	0.640	10,662.000000
5.990933	0.640	9,539.000000
6.001600	0.640	7,650.000000
6.012267	0.640	6,884.000000
6.022933	0.640	6,980.000000
6.033600	0.640	6,820.000000
6.044267	0.640	6,348.000000
6.054933	0.640	6,024.000000
6.065600	0.640	6,252.000000
6.076267	0.640	7,358.000000
6.086933	0.640	8,868.000000
6.097600	0.640	10,059.000000
6.108267	0.640	11,858.000000
6.118933	0.640	16,206.000000
6.129600	0.640	24,438.000000
6.140267	0.640	36,772.000000
6.150933	0.640	51,909.000000
6.161600	0.640	66,999.000000
6.172267	0.640	78,350.000000
6.182933	0.640	82,794.000000
6.193600	0.640	78,416.000000
6.204267	0.640	65,955.000000
6.214933	0.640	49,679.000000
6.225600	0.640	34,739.000000
6.236267	0.640	24,688.000000
6.246933	0.640	19,614.000000
6.257600	0.640	16,551.000000
6.268267	0.640	14,315.000000
6.278933	0.640	13,812.000000
6.289600	0.640	14,282.000000
6.300267	0.640	15,200.000000
6.310933	0.640	18,480.000000
6.321600	0.640	25,635.000000
6.332267	0.640	36,870.000000
6.342933	0.640	52,653.000000
6.353600	0.640	75,429.000000
6.364267	0.640	112,279.000000
6.374933	0.640	174,111.000000
6.385600	0.640	274,694.000000
6.396267	0.640	432,202.000000
6.406933	0.640	659,883.000000
6.417600	0.640	944,708.000000
6.428267	0.640	1,234,121.000000
6.438933	0.640	1,448,794.000000
6.449600	0.640	1,520,497.000000
6.460267	0.640	1,429,127.000000
6.470933	0.640	1,209,493.000000
6.481600	0.640	928,082.000000
6.492267	0.640	652,209.000000
6.502933	0.640	426,467.000000
6.513600	0.640	264,557.000000
6.524267	0.640	158,764.000000
6.534933	0.640	94,349.000000
6.545600	0.640	57,822.000000
6.556267	0.640	38,937.000000
6.566933	0.640	29,481.000000
6.577600	0.640	23,512.000000
6.588267	0.640	18,486.000000
6.598933	0.640	14,590.000000
6.609600	0.640	13,070.000000
6.620267	0.640	13,750.000000
6.630933	0.640	14,389.000000
6.641600	0.640	13,658.000000
6.652267	0.640	12,807.000000
6.662933	0.640	13,513.000000
6.673600	0.640	15,685.000000
6.684267	0.640	17,829.000000
6.694933	0.640	18,785.000000
6.705600	0.640	19,198.000000
6.716267	0.640	20,029.000000
6.726933	0.640	20,225.000000
6.737600	0.640	18,948.000000
6.748267	0.640	17,125.000000
6.758933	0.640	14,977.000000
6.769600	0.640	12,422.000000
6.780267	0.640	10,828.000000
6.790933	0.640	11,339.000000
6.801600	0.640	13,480.000000
6.812267	0.640	16,061.000000
6.822933	0.640	18,520.000000
6.833600	0.640	20,754.000000
6.844267	0.640	22,599.000000
6.854933	0.640	25,396.000000
6.865600	0.640	30,977.000000
6.876267	0.640	38,759.000000
6.886933	0.640	47,497.000000
6.897600	0.640	57,034.000000
6.908267	0.640	66,223.000000
6.918933	0.640	72,315.000000
6.929600	0.640	73,447.000000
6.940267	0.640	70,495.000000
6.950933	0.640	66,516.000000
6.961600	0.640	65,233.000000
6.972267	0.640	67,550.000000
6.982933	0.640	68,873.000000
6.993600	0.640	64,365.000000
7.004267	0.640	54,085.000000
7.014933	0.640	40,426.000000
7.025600	0.640	27,186.000000
7.036267	0.640	18,697.000000
7.046933	0.640	15,019.000000
7.057600	0.640	13,493.000000
7.068267	0.640	13,046.000000
7.078933	0.640	12,283.000000
7.089600	0.640	9,779.000000
7.100267	0.640	7,469.000000
7.110933	0.640	7,463.000000
7.121600	0.640	7,935.000000
7.132267	0.640	7,029.000000
7.142933	0.640	6,130.000000
7.153600	0.640	6,331.000000
7.164267	0.640	6,957.000000
7.174933	0.640	7,474.000000
7.185600	0.640	7,596.000000
7.196267	0.640	7,465.000000
7.206933	0.640	7,521.000000
7.217600	0.640	7,612.000000
7.228267	0.640	7,673.000000
7.238933	0.640	8,195.000000
7.249600	0.640	9,374.000000
7.260267	0.640	10,136.000000
7.270933	0.640	9,513.000000
7.281600	0.640	8,992.000000
7.292267	0.640	9,804.000000
7.302933	0.640	10,024.000000
7.313600	0.640	8,665.000000
7.324267	0.640	7,866.000000
7.334933	0.640	8,066.000000
7.345600	0.640	7,596.000000
7.356267	0.640	7,163.000000
7.366933	0.640	8,354.000000
7.377600	0.640	10,116.000000
7.388267	0.640	10,595.000000
7.398933	0.640	10,142.000000
7.409600	0.640	10,448.000000
7.420267	0.640	11,674.000000
7.430933	0.640	12,039.000000
7.441600	0.640	10,471.000000
7.452267	0.640	8,565.000000
7.462933	0.640	8,644.000000
7.473600	0.640	10,885.000000
7.484267	0.640	12,953.000000
7.494933	0.640	12,316.000000
7.505600	0.640	10,202.000000
7.516267	0.640	10,092.000000
7.526933	0.640	11,217.000000
7.537600	0.640	10,659.000000
7.548267	0.640	9,626.000000
7.558933	0.640	10,082.000000
7.569600	0.640	10,707.000000
7.580267	0.640	10,129.000000
7.590933	0.640	8,982.000000
7.601600	0.640	8,222.000000
7.612267	0.640	8,217.000000
7.622933	0.640	8,695.000000
7.633600	0.640	8,636.000000
7.644267	0.640	8,037.000000
7.654933	0.640	8,552.000000
7.665600	0.640	10,355.000000
7.676267	0.640	11,591.000000
7.686933	0.640	11,511.000000
7.697600	0.640	11,097.000000
7.708267	0.640	11,885.000000
7.718933	0.640	16,004.000000
7.729600	0.640	25,842.000000
7.740267	0.640	43,413.000000
7.750933	0.640	71,552.000000
7.761600	0.640	116,335.000000
7.772267	0.640	188,476.000000
7.782933	0.640	303,571.000000
7.793600	0.640	483,082.000000
7.804267	0.640	757,556.000000
7.814933	0.640	1,173,975.000000
7.825600	0.640	1,804,699.000000
7.836267	0.640	2,755,426.000000
7.846933	0.640	4,206,315.000000
7.857600	0.640	6,520,968.000000
7.868267	0.640	10,343,513.000000
7.878933	0.640	16,520,184.000000
7.889600	0.640	25,692,028.000000
7.900267	0.640	37,531,149.000000
7.910933	0.640	50,070,695.000000
7.921600	0.640	59,959,938.000000
7.932267	0.640	63,874,082.000000
7.942933	0.640	60,265,178.000000
7.953600	0.640	50,322,946.000000
7.964267	0.640	37,388,241.000000
7.974933	0.640	25,048,293.000000
7.985600	0.640	15,435,184.000000
7.996267	0.640	8,976,312.000000
8.006933	0.640	5,104,128.000000
8.017600	0.640	2,947,687.000000
8.028267	0.640	1,760,152.000000
8.038933	0.640	1,081,633.000000
8.049600	0.640	679,825.000000
8.060267	0.640	437,481.000000
8.070933	0.640	286,701.000000
8.081600	0.640	189,445.000000
8.092267	0.640	128,514.000000
8.102933	0.640	93,452.000000
8.113600	0.640	75,714.000000
8.124267	0.640	68,474.000000
8.134933	0.640	64,149.000000
8.145600	0.640	58,131.000000
8.156267	0.640	51,249.000000
8.166933	0.640	44,647.000000
8.177600	0.640	37,854.000000
8.188267	0.640	31,219.000000
8.198933	0.640	26,615.000000
8.209600	0.640	25,124.000000
8.220267	0.640	25,011.000000
8.230933	0.640	24,242.000000
8.241600	0.640	23,344.000000
8.252267	0.640	22,965.000000
8.262933	0.640	21,456.000000
8.273600	0.640	18,273.000000
8.284267	0.640	16,036.000000
8.294933	0.640	16,419.000000
8.305600	0.640	17,893.000000
8.316267	0.640	18,570.000000
8.326933	0.640	17,747.000000
8.337600	0.640	14,952.000000
8.348267	0.640	11,230.000000
8.358933	0.640	9,377.000000
8.369600	0.640	10,335.000000
8.380267	0.640	12,736.000000
8.390933	0.640	14,931.000000
8.401600	0.640	14,910.000000
8.412267	0.640	12,190.000000
8.422933	0.640	9,868.000000
8.433600	0.640	10,428.000000
8.444267	0.640	11,771.000000
8.454933	0.640	11,093.000000
8.465600	0.640	8,944.000000
8.476267	0.640	7,904.000000
8.486933	0.640	9,718.000000
8.497600	0.640	12,978.000000
8.508267	0.640	15,179.000000
8.518933	0.640	17,025.000000
8.529600	0.640	20,924.000000
8.540267	0.640	28,598.000000
8.550933	0.640	42,527.000000
8.561600	0.640	65,511.000000
8.572267	0.640	100,997.000000
8.582933	0.640	157,013.000000
8.593600	0.640	246,292.000000
8.604267	0.640	383,284.000000
8.614933	0.640	586,855.000000
8.625600	0.640	888,227.000000
8.636267	0.640	1,332,697.000000
8.646933	0.640	1,980,510.000000
8.657600	0.640	2,929,556.000000
8.668267	0.640	4,366,137.000000
8.678933	0.640	6,625,451.000000
8.689600	0.640	10,190,411.000000
8.700267	0.640	15,555,881.000000
8.710933	0.640	22,933,391.000000
8.721600	0.640	31,794,712.000000
8.732267	0.640	40,548,466.000000
8.742933	0.640	46,903,508.000000
8.753600	0.640	48,881,713.000000
8.764267	0.640	45,759,284.000000
8.774933	0.640	38,440,212.000000
8.785600	0.640	29,077,114.000000
8.796267	0.640	20,001,550.000000
8.806933	0.640	12,709,935.000000
8.817600	0.640	7,621,469.000000
8.828267	0.640	4,434,126.000000
8.838933	0.640	2,578,829.000000
8.849600	0.640	1,532,436.000000
8.860267	0.640	938,972.000000
8.870933	0.640	593,260.000000
8.881600	0.640	385,522.000000
8.892267	0.640	257,579.000000
8.902933	0.640	176,778.000000
8.913600	0.640	125,103.000000
8.924267	0.640	92,798.000000
8.934933	0.640	72,853.000000
8.945600	0.640	60,011.000000
8.956267	0.640	50,753.000000
8.966933	0.640	43,323.000000
8.977600	0.640	37,881.000000
8.988267	0.640	34,397.000000
8.998933	0.640	31,279.000000
9.009600	0.640	28,279.000000
9.020267	0.640	27,686.000000
9.030933	0.640	29,024.000000
9.041600	0.640	28,889.000000
9.052267	0.640	27,169.000000
9.062933	0.640	25,292.000000
9.073600	0.640	22,929.000000
9.084267	0.640	21,105.000000
9.094933	0.640	21,427.000000
9.105600	0.640	22,445.000000
9.116267	0.640	22,035.000000
9.126933	0.640	20,686.000000
9.137600	0.640	19,802.000000
9.148267	0.640	19,398.000000
9.158933	0.640	19,099.000000
9.169600	0.640	19,941.000000
9.180267	0.640	22,474.000000
9.190933	0.640	24,777.000000
9.201600	0.640	24,805.000000
9.212267	0.640	22,620.000000
9.222933	0.640	20,323.000000
9.233600	0.640	19,603.000000
9.244267	0.640	19,398.000000
9.254933	0.640	18,859.000000
9.265600	0.640	18,712.000000
9.276267	0.640	18,392.000000
9.286933	0.640	17,323.000000
9.297600	0.640	16,523.000000
9.308267	0.640	16,284.000000
9.318933	0.640	15,562.000000
9.329600	0.640	14,347.000000
9.340267	0.640	14,650.000000
9.350933	0.640	16,928.000000
9.361600	0.640	18,263.000000
9.372267	0.640	17,571.000000
9.382933	0.640	17,400.000000
9.393600	0.640	18,453.000000
9.404317	0.643	18,560.000000
9.414933	0.637	17,236.000000
9.425600	0.640	16,583.000000
9.436267	0.640	18,025.000000
9.446933	0.640	20,728.000000
9.457600	0.640	23,844.000000
9.468267	0.640	28,415.000000
9.478933	0.640	36,145.000000
9.489600	0.640	49,927.000000
9.500267	0.640	76,430.000000
9.510933	0.640	124,258.000000
9.521600	0.640	201,839.000000
9.532267	0.640	321,197.000000
9.542933	0.640	502,116.000000
9.553600	0.640	775,896.000000
9.564267	0.640	1,187,496.000000
9.574933	0.640	1,796,036.000000
9.585600	0.640	2,688,464.000000
9.596267	0.640	3,997,220.000000
9.606933	0.640	5,935,137.000000
9.617600	0.640	8,914,732.000000
9.628267	0.640	13,702,290.000000
9.638933	0.640	21,428,057.000000
9.649600	0.640	33,242,967.000000
9.660267	0.640	49,422,366.000000
9.670933	0.640	68,203,488.000000
9.681600	0.640	85,358,474.000000
9.692267	0.640	95,476,208.000000
9.702933	0.640	94,764,378.000000
9.713600	0.640	83,380,177.000000
9.724267	0.640	65,251,045.000000
9.734933	0.640	45,751,908.000000
9.745600	0.640	29,153,444.000000
9.756267	0.640	17,295,868.000000
9.766933	0.640	9,886,458.000000
9.777650	0.643	5,664,472.000000
9.788267	0.637	3,350,200.000000
9.798933	0.640	2,047,478.000000
9.809600	0.640	1,274,067.000000
9.820267	0.640	804,849.000000
9.830933	0.640	520,293.000000
9.841600	0.640	345,682.000000
9.852267	0.640	235,905.000000
9.862933	0.640	167,063.000000
9.873600	0.640	126,041.000000
9.884267	0.640	102,682.000000
9.894933	0.640	89,515.000000
9.905600	0.640	83,886.000000
9.916267	0.640	86,541.000000
9.926933	0.640	98,021.000000
9.937600	0.640	118,174.000000
9.948267	0.640	149,618.000000
9.958933	0.640	198,604.000000
9.969600	0.640	273,172.000000
9.980267	0.640	387,010.000000
9.990933	0.640	565,777.000000
10.001600	0.640	850,893.000000
10.012267	0.640	1,301,559.000000
10.022933	0.640	1,978,639.000000
10.033600	0.640	2,889,984.000000
10.044267	0.640	3,924,067.000000
10.054933	0.640	4,838,760.000000
10.065600	0.640	5,343,587.000000
10.076267	0.640	5,242,828.000000
10.086933	0.640	4,548,377.000000
10.097600	0.640	3,489,690.000000
10.108267	0.640	2,396,712.000000
10.118933	0.640	1,514,177.000000
10.129600	0.640	911,222.000000
10.140267	0.640	542,497.000000
10.150933	0.640	335,316.000000
10.161600	0.640	224,390.000000
10.172267	0.640	162,761.000000
10.182933	0.640	126,363.000000
10.193600	0.640	105,268.000000
10.204267	0.640	93,649.000000
10.214933	0.640	87,482.000000
10.225600	0.640	84,537.000000
10.236267	0.640	82,716.000000
10.246933	0.640	78,286.000000
10.257600	0.640	69,248.000000
10.268267	0.640	58,581.000000
10.278933	0.640	50,470.000000
10.289600	0.640	45,561.000000
10.300267	0.640	42,050.000000
10.310933	0.640	39,566.000000
10.321600	0.640	38,277.000000
10.332267	0.640	36,326.000000
10.342933	0.640	32,494.000000
10.353600	0.640	28,062.000000
10.364267	0.640	24,674.000000
10.374933	0.640	23,634.000000
10.385600	0.640	25,133.000000
10.396267	0.640	26,963.000000
10.406933	0.640	27,305.000000
10.417600	0.640	26,979.000000
10.428267	0.640	26,654.000000
10.438933	0.640	26,115.000000
10.449600	0.640	26,252.000000
10.460267	0.640	27,245.000000
10.470933	0.640	27,318.000000
10.481600	0.640	25,985.000000
10.492267	0.640	24,801.000000
10.502933	0.640	24,470.000000
10.513600	0.640	24,456.000000
10.524267	0.640	24,521.000000
10.534933	0.640	24,602.000000
10.545600	0.640	24,093.000000
10.556267	0.640	22,765.000000
10.566933	0.640	21,880.000000
10.577600	0.640	22,393.000000
10.588267	0.640	23,305.000000
10.598933	0.640	23,622.000000
10.609600	0.640	23,634.000000
10.620267	0.640	23,647.000000
10.630933	0.640	23,326.000000
10.641600	0.640	23,043.000000
10.652267	0.640	23,925.000000
10.662933	0.640	25,306.000000
10.673600	0.640	26,027.000000
10.684267	0.640	27,122.000000
10.694933	0.640	28,854.000000
10.705600	0.640	29,181.000000
10.716267	0.640	27,384.000000
10.726933	0.640	25,341.000000
10.737600	0.640	24,274.000000
10.748267	0.640	23,631.000000
10.758933	0.640	23,629.000000
10.769600	0.640	24,326.000000
10.780267	0.640	24,603.000000
10.790933	0.640	24,510.000000
10.801600	0.640	23,964.000000
10.812267	0.640	22,353.000000
10.822933	0.640	21,148.000000
10.833600	0.640	21,916.000000
10.844267	0.640	23,793.000000
10.854933	0.640	24,794.000000
10.865600	0.640	24,102.000000
10.876267	0.640	23,286.000000
10.886933	0.640	23,798.000000
10.897600	0.640	24,451.000000
10.908267	0.640	24,720.000000
10.918933	0.640	26,855.000000
10.929600	0.640	31,136.000000
10.940267	0.640	34,374.000000
10.950933	0.640	35,397.000000
10.961600	0.640	36,232.000000
10.972267	0.640	38,989.000000
10.982933	0.640	45,723.000000
10.993600	0.640	57,592.000000
11.004267	0.640	74,241.000000
11.014933	0.640	97,027.000000
11.025600	0.640	131,078.000000
11.036267	0.640	182,797.000000
11.046933	0.640	253,740.000000
11.057600	0.640	337,550.000000
11.068267	0.640	421,030.000000
11.078933	0.640	484,824.000000
11.089600	0.640	511,028.000000
11.100267	0.640	493,435.000000
11.110933	0.640	437,588.000000
11.121600	0.640	359,040.000000
11.132267	0.640	280,973.000000
11.142933	0.640	223,085.000000
11.153600	0.640	194,779.000000
11.164267	0.640	200,201.000000
11.174933	0.640	241,964.000000
11.185600	0.640	320,974.000000
11.196267	0.640	440,096.000000
11.206933	0.640	610,008.000000
11.217600	0.640	849,361.000000
11.228267	0.640	1,184,367.000000
11.238933	0.640	1,661,675.000000
11.249600	0.640	2,364,293.000000
11.260267	0.640	3,433,380.000000
11.270933	0.640	5,094,486.000000
11.281600	0.640	7,626,651.000000
11.292267	0.640	11,243,042.000000
11.302933	0.640	15,867,121.000000
11.313600	0.640	20,892,500.000000
11.324267	0.640	25,197,493.000000
11.334933	0.640	27,520,990.000000
11.345600	0.640	27,048,653.000000
11.356267	0.640	23,885,117.000000
11.366933	0.640	19,010,951.000000
11.377600	0.640	13,726,650.000000
11.388267	0.640	9,070,931.000000
11.398933	0.640	5,571,501.000000
11.409600	0.640	3,272,287.000000
11.420267	0.640	1,905,929.000000
11.430933	0.640	1,130,479.000000
11.441600	0.640	690,490.000000
11.452267	0.640	437,631.000000
11.462933	0.640	287,124.000000
11.473600	0.640	192,255.000000
11.484267	0.640	134,979.000000
11.494933	0.640	105,911.000000
11.505600	0.640	91,245.000000
11.516267	0.640	79,671.000000
11.526933	0.640	69,704.000000
11.537600	0.640	63,903.000000
11.548267	0.640	61,948.000000
11.558933	0.640	62,033.000000
11.569600	0.640	62,579.000000
11.580267	0.640	62,393.000000
11.590933	0.640	60,443.000000
11.601600	0.640	55,516.000000
11.612267	0.640	48,653.000000
11.622933	0.640	43,023.000000
11.633600	0.640	39,927.000000
11.644267	0.640	37,854.000000
11.654933	0.640	36,028.000000
11.665600	0.640	36,253.000000
11.676267	0.640	38,659.000000
11.686933	0.640	40,534.000000
11.697600	0.640	40,935.000000
11.708267	0.640	40,695.000000
11.718933	0.640	40,531.000000
11.729600	0.640	41,685.000000
11.740267	0.640	44,416.000000
11.750933	0.640	46,859.000000
11.761600	0.640	48,237.000000
11.772267	0.640	50,850.000000
11.782933	0.640	56,905.000000
11.793600	0.640	66,845.000000
11.804267	0.640	81,492.000000
11.814933	0.640	102,896.000000
11.825600	0.640	134,985.000000
11.836267	0.640	184,959.000000
11.846933	0.640	263,366.000000
11.857600	0.640	379,472.000000
11.868267	0.640	537,296.000000
11.878933	0.640	746,361.000000
11.889600	0.640	1,031,233.000000
11.900267	0.640	1,433,847.000000
11.910933	0.640	2,035,322.000000
11.921600	0.640	2,985,162.000000
11.932267	0.640	4,512,653.000000
11.942933	0.640	6,882,811.000000
11.953600	0.640	10,250,085.000000
11.964267	0.640	14,436,883.000000
11.974933	0.640	18,752,659.000000
11.985600	0.640	22,063,329.000000
11.996267	0.640	23,240,010.000000
12.006933	0.640	21,781,054.000000
12.017600	0.640	18,147,760.000000
12.028267	0.640	13,504,660.000000
12.038933	0.640	9,069,546.000000
12.049600	0.640	5,598,722.000000
12.060267	0.640	3,277,546.000000
12.070933	0.640	1,899,796.000000
12.081600	0.640	1,132,007.000000
12.092267	0.640	703,855.000000
12.102933	0.640	455,977.000000
12.113600	0.640	306,446.000000
12.124267	0.640	213,416.000000
12.134933	0.640	154,739.000000
12.145600	0.640	118,165.000000
12.156267	0.640	94,973.000000
12.166933	0.640	78,466.000000
12.177600	0.640	66,533.000000
12.188267	0.640	59,752.000000
12.198933	0.640	56,916.000000
12.209600	0.640	55,499.000000
12.220267	0.640	53,444.000000
12.230933	0.640	49,718.000000
12.241600	0.640	45,354.000000
12.252267	0.640	43,221.000000
12.262933	0.640	44,186.000000
12.273600	0.640	44,679.000000
12.284267	0.640	42,531.000000
12.294933	0.640	40,474.000000
12.305600	0.640	40,148.000000
12.316267	0.640	40,035.000000
12.326933	0.640	39,074.000000
12.337600	0.640	37,942.000000
12.348267	0.640	38,113.000000
12.358933	0.640	39,421.000000
12.369600	0.640	40,113.000000
12.380267	0.640	39,799.000000
12.390933	0.640	39,312.000000
12.401600	0.640	39,388.000000
12.412267	0.640	40,666.000000
12.422933	0.640	42,861.000000
12.433600	0.640	44,634.000000
12.444267	0.640	45,246.000000
12.454933	0.640	45,345.000000
12.465600	0.640	45,313.000000
12.476267	0.640	44,451.000000
12.486933	0.640	43,388.000000
12.497600	0.640	44,215.000000
12.508267	0.640	46,630.000000
12.518933	0.640	47,982.000000
12.529600	0.640	47,785.000000
12.540267	0.640	47,970.000000
12.550933	0.640	49,725.000000
12.561600	0.640	52,732.000000
12.572267	0.640	55,384.000000
12.582933	0.640	56,459.000000
12.593600	0.640	56,637.000000
12.604267	0.640	56,073.000000
12.614933	0.640	53,820.000000
12.625600	0.640	50,324.000000
12.636267	0.640	47,298.000000
12.646933	0.640	45,838.000000
12.657600	0.640	45,433.000000
12.668267	0.640	45,416.000000
12.678933	0.640	46,326.000000
12.689600	0.640	47,397.000000
12.700267	0.640	46,342.000000
12.710933	0.640	43,423.000000
12.721600	0.640	41,067.000000
12.732267	0.640	40,397.000000
12.742933	0.640	41,279.000000
12.753600	0.640	42,610.000000
12.764267	0.640	42,747.000000
12.774933	0.640	42,529.000000
12.785600	0.640	43,740.000000
12.796267	0.640	45,310.000000
12.806933	0.640	46,063.000000
12.817600	0.640	46,943.000000
12.828267	0.640	47,668.000000
12.838933	0.640	45,760.000000
12.849600	0.640	40,961.000000
12.860267	0.640	36,278.000000
12.870933	0.640	33,507.000000
12.881600	0.640	32,633.000000
12.892267	0.640	33,446.000000
12.902933	0.640	34,247.000000
12.913600	0.640	33,494.000000
12.924267	0.640	32,825.000000
12.934933	0.640	33,843.000000
12.945600	0.640	34,290.000000
12.956267	0.640	32,390.000000
12.966933	0.640	30,516.000000
12.977600	0.640	30,587.000000
12.988267	0.640	31,746.000000
12.998933	0.640	32,652.000000
13.009600	0.640	32,390.000000
13.020267	0.640	31,058.000000
13.030933	0.640	29,755.000000
13.041600	0.640	29,486.000000
13.052267	0.640	30,060.000000
13.062933	0.640	30,418.000000
13.073600	0.640	30,754.000000
13.084267	0.640	32,170.000000
13.094933	0.640	34,425.000000
13.105600	0.640	36,441.000000
13.116267	0.640	38,066.000000
13.126933	0.640	39,377.000000
13.137600	0.640	39,870.000000
13.148267	0.640	39,691.000000
13.158933	0.640	39,126.000000
13.169600	0.640	38,434.000000
13.180267	0.640	38,996.000000
13.190933	0.640	40,497.000000
13.201600	0.640	40,350.000000
13.212267	0.640	38,685.000000
13.222933	0.640	38,106.000000
13.233600	0.640	38,747.000000
13.244267	0.640	38,673.000000
13.254933	0.640	37,881.000000
13.265600	0.640	37,828.000000
13.276267	0.640	38,347.000000
13.286933	0.640	38,584.000000
13.297600	0.640	38,433.000000
13.308267	0.640	37,191.000000
13.318933	0.640	34,464.000000
13.329600	0.640	31,947.000000
13.340267	0.640	31,192.000000
13.350933	0.640	31,166.000000
13.361600	0.640	30,486.000000
13.372267	0.640	29,760.000000
13.382933	0.640	29,364.000000
13.393600	0.640	29,069.000000
13.404267	0.640	29,677.000000
13.414933	0.640	30,364.000000
13.425600	0.640	29,426.000000
13.436267	0.640	28,482.000000
13.446933	0.640	29,104.000000
13.457600	0.640	29,854.000000
13.468267	0.640	29,753.000000
13.478933	0.640	29,077.000000
13.489600	0.640	28,602.000000
13.500267	0.640	29,401.000000
13.510933	0.640	30,747.000000
13.521600	0.640	31,001.000000
13.532267	0.640	30,340.000000
13.542933	0.640	29,834.000000
13.553600	0.640	29,835.000000
13.564267	0.640	30,086.000000
13.574933	0.640	29,999.000000
13.585600	0.640	28,946.000000
13.596267	0.640	27,371.000000
13.606933	0.640	27,302.000000
13.617600	0.640	29,126.000000
13.628267	0.640	30,154.000000
13.638933	0.640	29,324.000000
13.649600	0.640	28,354.000000
13.660267	0.640	28,204.000000
13.670933	0.640	28,884.000000
13.681600	0.640	30,601.000000
13.692267	0.640	32,683.000000
13.702933	0.640	34,070.000000
13.713600	0.640	35,067.000000
13.724267	0.640	36,143.000000
13.734933	0.640	37,182.000000
13.745600	0.640	38,394.000000
13.756267	0.640	40,021.000000
13.766933	0.640	42,284.000000
13.777600	0.640	44,984.000000
13.788267	0.640	47,018.000000
13.798933	0.640	48,041.000000
13.809600	0.640	49,858.000000
13.820267	0.640	53,638.000000
13.830933	0.640	57,173.000000
13.841600	0.640	58,719.000000
13.852267	0.640	60,901.000000
13.862933	0.640	67,634.000000
13.873600	0.640	79,479.000000
13.884267	0.640	94,192.000000
13.894933	0.640	110,754.000000
13.905600	0.640	130,426.000000
13.916267	0.640	154,369.000000
13.926933	0.640	179,931.000000
13.937600	0.640	199,761.000000
13.948267	0.640	208,278.000000
13.958933	0.640	205,650.000000
13.969600	0.640	193,047.000000
13.980267	0.640	170,799.000000
13.990933	0.640	143,370.000000
14.001600	0.640	120,063.000000
14.012267	0.640	105,819.000000
14.022933	0.640	96,613.000000
14.033600	0.640	89,012.000000
14.044267	0.640	84,920.000000
14.054933	0.640	84,885.000000
14.065600	0.640	86,603.000000
14.076267	0.640	88,947.000000
14.086933	0.640	92,026.000000
14.097600	0.640	94,132.000000
14.108267	0.640	92,162.000000
14.118933	0.640	85,784.000000
14.129600	0.640	77,921.000000
14.140267	0.640	70,626.000000
14.150933	0.640	63,461.000000
14.161600	0.640	56,599.000000
14.172267	0.640	51,226.000000
14.182933	0.640	46,858.000000
14.193600	0.640	43,325.000000
14.204267	0.640	41,845.000000
14.214933	0.640	41,431.000000
14.225600	0.640	39,990.000000
14.236267	0.640	37,703.000000
14.246933	0.640	36,053.000000
14.257600	0.640	36,315.000000
14.268267	0.640	38,486.000000
14.278933	0.640	40,678.000000
14.289600	0.640	41,351.000000
14.300267	0.640	41,345.000000
14.310933	0.640	42,283.000000
14.321600	0.640	44,245.000000
14.332267	0.640	46,227.000000
14.342933	0.640	48,056.000000
14.353600	0.640	50,434.000000
14.364267	0.640	52,674.000000
14.374933	0.640	53,004.000000
14.385600	0.640	51,683.000000
14.396267	0.640	50,253.000000
14.406933	0.640	48,648.000000
14.417600	0.640	46,506.000000
14.428267	0.640	45,020.000000
14.438933	0.640	44,808.000000
14.449600	0.640	44,616.000000
14.460267	0.640	43,535.000000
14.470933	0.640	42,333.000000
14.481600	0.640	42,085.000000
14.492267	0.640	42,871.000000
14.502933	0.640	44,040.000000
14.513600	0.640	44,709.000000
14.524267	0.640	44,630.000000
14.534933	0.640	44,453.000000
14.545600	0.640	43,902.000000
14.556267	0.640	42,204.000000
14.566933	0.640	41,134.000000
14.577600	0.640	42,796.000000
14.588267	0.640	45,454.000000
14.598933	0.640	46,915.000000
14.609600	0.640	48,617.000000
14.620267	0.640	52,902.000000
14.630933	0.640	60,002.000000
14.641600	0.640	68,468.000000
14.652267	0.640	76,132.000000
14.662933	0.640	81,496.000000
14.673600	0.640	84,746.000000
14.684267	0.640	85,023.000000
14.694933	0.640	79,939.000000
14.705600	0.640	70,597.000000
14.716267	0.640	61,059.000000
14.726933	0.640	54,125.000000
14.737600	0.640	51,815.000000
14.748267	0.640	54,883.000000
14.758933	0.640	61,438.000000
14.769600	0.640	68,349.000000
14.780267	0.640	73,032.000000
14.790933	0.640	74,991.000000
14.801600	0.640	75,056.000000
14.812267	0.640	72,677.000000
14.822933	0.640	66,713.000000
14.833600	0.640	59,353.000000
14.844267	0.640	54,784.000000
14.854933	0.640	53,297.000000
14.865600	0.640	52,357.000000
14.876267	0.640	51,365.000000
14.886933	0.640	50,686.000000
14.897600	0.640	50,253.000000
14.908267	0.640	50,128.000000
14.918933	0.640	49,529.000000
14.929600	0.640	48,032.000000
14.940267	0.640	47,433.000000
14.950933	0.640	48,736.000000
14.961600	0.640	50,024.000000
14.972267	0.640	49,953.000000
14.982933	0.640	50,294.000000
14.993600	0.640	52,304.000000
15.004267	0.640	54,000.000000
15.014933	0.640	54,086.000000
15.025600	0.640	53,776.000000
15.036267	0.640	54,341.000000
15.046933	0.640	56,285.000000
15.057600	0.640	58,653.000000
15.068267	0.640	59,540.000000
15.078933	0.640	59,474.000000
15.089600	0.640	61,487.000000
15.100267	0.640	66,594.000000
15.110933	0.640	72,387.000000
15.121600	0.640	76,380.000000
15.132267	0.640	77,820.000000
15.142933	0.640	76,585.000000
15.153600	0.640	73,288.000000
15.164267	0.640	70,063.000000
15.174933	0.640	67,916.000000
15.185600	0.640	64,867.000000
15.196267	0.640	60,692.000000
15.206933	0.640	59,160.000000
15.217600	0.640	61,783.000000
15.228267	0.640	65,055.000000
15.238933	0.640	65,638.000000
15.249600	0.640	64,307.000000
15.260267	0.640	63,667.000000
15.270933	0.640	64,146.000000
15.281600	0.640	64,468.000000
15.292267	0.640	64,187.000000
15.302933	0.640	64,405.000000
15.313600	0.640	66,249.000000
15.324267	0.640	68,256.000000
15.334933	0.640	68,732.000000
15.345600	0.640	69,219.000000
15.356267	0.640	70,255.000000
15.366933	0.640	69,634.000000
15.377600	0.640	67,662.000000
15.388267	0.640	67,213.000000
15.398933	0.640	68,972.000000
15.409600	0.640	70,497.000000
15.420267	0.640	70,357.000000
15.430933	0.640	70,343.000000
15.441600	0.640	70,878.000000
15.452267	0.640	70,041.000000
15.462933	0.640	68,783.000000
15.473600	0.640	69,471.000000
15.484267	0.640	71,196.000000
15.494933	0.640	72,526.000000
15.505600	0.640	74,772.000000
15.516267	0.640	79,334.000000
15.526933	0.640	87,204.000000
15.537600	0.640	101,470.000000
15.548267	0.640	123,775.000000
15.558933	0.640	151,523.000000
15.569600	0.640	179,537.000000
15.580267	0.640	197,080.000000
15.590933	0.640	192,218.000000
15.601600	0.640	166,712.000000
15.612267	0.640	135,781.000000
15.622933	0.640	111,581.000000
15.633600	0.640	95,587.000000
15.644267	0.640	85,471.000000
15.654933	0.640	80,262.000000
15.665600	0.640	78,224.000000
15.676267	0.640	77,033.000000
15.686933	0.640	76,393.000000
15.697600	0.640	76,347.000000
15.708267	0.640	75,731.000000
15.718933	0.640	75,160.000000
15.729600	0.640	77,654.000000
15.740267	0.640	84,109.000000
15.750933	0.640	92,288.000000
15.761600	0.640	103,106.000000
15.772267	0.640	123,319.000000
15.782933	0.640	159,392.000000
15.793600	0.640	218,542.000000
15.804267	0.640	317,872.000000
15.814933	0.640	482,286.000000
15.825600	0.640	753,282.000000
15.836267	0.640	1,232,391.000000
15.846933	0.640	2,117,449.000000
15.857600	0.640	3,683,650.000000
15.868267	0.640	6,124,035.000000
15.878933	0.640	9,185,443.000000
15.889600	0.640	11,912,936.000000
15.900267	0.640	13,041,678.000000
15.910933	0.640	11,935,158.000000
15.921600	0.640	9,136,634.000000
15.932267	0.640	5,919,133.000000
15.942933	0.640	3,357,025.000000
15.953600	0.640	1,802,392.000000
15.964267	0.640	1,025,557.000000
15.974933	0.640	655,703.000000
15.985600	0.640	459,188.000000
15.996267	0.640	342,109.000000
16.006933	0.640	267,221.000000
16.017600	0.640	217,626.000000
16.028267	0.640	186,534.000000
16.038933	0.640	168,048.000000
16.049600	0.640	158,886.000000
16.060267	0.640	159,695.000000
16.070933	0.640	167,671.000000
16.081600	0.640	176,685.000000
16.092267	0.640	183,988.000000
16.102933	0.640	190,170.000000
16.113600	0.640	195,228.000000
16.124267	0.640	199,436.000000
16.134933	0.640	206,681.000000
16.145600	0.640	219,762.000000
16.156267	0.640	232,451.000000
16.166933	0.640	236,558.000000
16.177600	0.640	232,712.000000
16.188267	0.640	224,340.000000
16.198933	0.640	211,402.000000
16.209600	0.640	194,018.000000
16.220267	0.640	175,065.000000
16.230933	0.640	160,084.000000
16.241600	0.640	152,472.000000
16.252267	0.640	150,192.000000
16.262933	0.640	149,228.000000
16.273600	0.640	146,305.000000
16.284267	0.640	142,161.000000
16.294933	0.640	140,908.000000
16.305600	0.640	142,654.000000
16.316267	0.640	143,979.000000
16.326933	0.640	143,893.000000
16.337600	0.640	143,496.000000
16.348267	0.640	144,360.000000
16.358933	0.640	146,651.000000
16.369600	0.640	147,355.000000
16.380267	0.640	145,644.000000
16.390933	0.640	145,221.000000
16.401600	0.640	147,803.000000
16.412267	0.640	150,946.000000
16.422933	0.640	151,919.000000
16.433600	0.640	151,665.000000
16.444267	0.640	155,549.000000
16.454933	0.640	169,278.000000
16.465600	0.640	196,289.000000
16.476267	0.640	242,856.000000
16.486933	0.640	325,622.000000
16.497600	0.640	472,920.000000
16.508267	0.640	725,203.000000
16.518933	0.640	1,146,381.000000
16.529600	0.640	1,852,842.000000
16.540267	0.640	3,076,488.000000
16.550933	0.640	5,256,198.000000
16.561600	0.640	9,009,895.000000
16.572267	0.640	14,727,589.000000
16.582933	0.640	21,771,147.000000
16.593600	0.640	27,996,607.000000
16.604267	0.640	30,648,839.000000
16.614933	0.640	28,315,744.000000
16.625600	0.640	22,072,402.000000
16.636267	0.640	14,659,554.000000
16.646933	0.640	8,542,582.000000
16.657600	0.640	4,646,065.000000
16.668267	0.640	2,577,735.000000
16.678933	0.640	1,553,722.000000
16.689600	0.640	1,007,665.000000
16.700267	0.640	680,406.000000
16.710933	0.640	478,241.000000
16.721600	0.640	355,012.000000
16.732267	0.640	278,950.000000
16.742933	0.640	230,935.000000
16.753600	0.640	199,224.000000
16.764267	0.640	176,548.000000
16.774933	0.640	160,608.000000
16.785600	0.640	152,605.000000
16.796267	0.640	152,100.000000
16.806933	0.640	155,206.000000
16.817600	0.640	160,994.000000
16.828267	0.640	172,108.000000
16.838933	0.640	187,572.000000
16.849600	0.640	202,490.000000
16.860267	0.640	212,510.000000
16.870933	0.640	214,839.000000
16.881600	0.640	209,516.000000
16.892267	0.640	200,490.000000
16.902933	0.640	191,325.000000
16.913600	0.640	181,654.000000
16.924267	0.640	170,247.000000
16.934933	0.640	159,178.000000
16.945600	0.640	152,700.000000
16.956267	0.640	151,559.000000
16.966933	0.640	152,270.000000
16.977600	0.640	152,312.000000
16.988267	0.640	151,340.000000
16.998933	0.640	150,058.000000
17.009600	0.640	149,266.000000
17.020267	0.640	148,673.000000
17.030933	0.640	148,291.000000
17.041600	0.640	149,083.000000
17.052267	0.640	151,839.000000
17.062933	0.640	155,843.000000
17.073600	0.640	159,828.000000
17.084267	0.640	164,692.000000
17.094933	0.640	171,963.000000
17.105600	0.640	182,378.000000
17.116267	0.640	197,792.000000
17.126933	0.640	220,216.000000
17.137600	0.640	248,231.000000
17.148267	0.640	276,055.000000
17.158933	0.640	295,007.000000
17.169600	0.640	297,694.000000
17.180267	0.640	286,152.000000
17.190933	0.640	270,646.000000
17.201600	0.640	256,537.000000
17.212267	0.640	241,047.000000
17.222933	0.640	223,834.000000
17.233600	0.640	209,213.000000
17.244267	0.640	197,297.000000
17.254933	0.640	186,463.000000
17.265600	0.640	178,627.000000
17.276267	0.640	172,428.000000
17.286933	0.640	165,258.000000
17.297600	0.640	160,639.000000
17.308267	0.640	160,853.000000
17.318933	0.640	161,854.000000
17.329600	0.640	162,067.000000
17.340267	0.640	164,667.000000
17.350933	0.640	169,272.000000
17.361600	0.640	171,981.000000
17.372267	0.640	172,204.000000
17.382933	0.640	172,270.000000
17.393600	0.640	173,561.000000
17.404267	0.640	176,416.000000
17.414933	0.640	181,239.000000
17.425600	0.640	188,698.000000
17.436267	0.640	198,618.000000
17.446933	0.640	209,654.000000
17.457600	0.640	220,344.000000
17.468267	0.640	228,891.000000
17.478933	0.640	235,653.000000
17.489600	0.640	245,009.000000
17.500267	0.640	260,149.000000
17.510933	0.640	278,633.000000
17.521600	0.640	294,249.000000
17.532267	0.640	305,778.000000
17.542933	0.640	322,348.000000
17.553600	0.640	353,035.000000
17.564267	0.640	399,218.000000
17.574933	0.640	458,514.000000
17.585600	0.640	521,159.000000
17.596267	0.640	569,456.000000
17.606933	0.640	590,303.000000
17.617600	0.640	578,773.000000
17.628267	0.640	535,637.000000
17.638933	0.640	470,594.000000
17.649600	0.640	401,266.000000
17.660267	0.640	344,069.000000
17.670933	0.640	305,752.000000
17.681600	0.640	284,795.000000
17.692267	0.640	275,432.000000
17.702933	0.640	269,765.000000
17.713600	0.640	263,657.000000
17.724267	0.640	257,626.000000
17.734933	0.640	252,855.000000
17.745600	0.640	250,861.000000
17.756267	0.640	252,019.000000
17.766933	0.640	254,870.000000
17.777600	0.640	258,301.000000
17.788267	0.640	260,370.000000
17.798933	0.640	260,236.000000
17.809600	0.640	261,561.000000
17.820267	0.640	265,223.000000
17.830933	0.640	266,921.000000
17.841600	0.640	266,501.000000
17.852267	0.640	267,693.000000
17.862933	0.640	270,472.000000
17.873600	0.640	271,987.000000
17.884267	0.640	272,315.000000
17.894933	0.640	273,805.000000
17.905600	0.640	276,902.000000
17.916267	0.640	282,099.000000
17.926933	0.640	290,884.000000
17.937600	0.640	300,543.000000
17.948267	0.640	305,717.000000
17.958933	0.640	307,446.000000
17.969600	0.640	311,878.000000
17.980267	0.640	319,176.000000
17.990933	0.640	325,078.000000
18.001600	0.640	331,021.000000
18.012267	0.640	339,772.000000
18.022933	0.640	347,633.000000
18.033600	0.640	350,750.000000
18.044267	0.640	351,183.000000
18.054933	0.640	352,382.000000
18.065600	0.640	356,367.000000
18.076267	0.640	366,377.000000
18.086933	0.640	384,392.000000
18.097600	0.640	408,757.000000
18.108267	0.640	441,241.000000
18.118933	0.640	488,296.000000
18.129600	0.640	554,776.000000
18.140267	0.640	649,091.000000
18.150933	0.640	788,197.000000
18.161600	0.640	989,927.000000
18.172267	0.640	1,273,631.000000
18.182933	0.640	1,670,173.000000
18.193600	0.640	2,219,321.000000
18.204267	0.640	2,964,104.000000
18.214933	0.640	3,971,892.000000
18.225600	0.640	5,370,269.000000
18.236267	0.640	7,355,872.000000
18.246933	0.640	10,197,600.000000
18.257600	0.640	14,261,856.000000
18.268267	0.640	19,987,495.000000
18.278933	0.640	27,730,166.000000
18.289600	0.640	37,466,635.000000
18.300267	0.640	48,479,936.000000
18.310933	0.640	59,272,713.000000
18.321600	0.640	67,829,198.000000
18.332267	0.640	72,184,677.000000
18.342933	0.640	71,184,245.000000
18.353600	0.640	65,002,897.000000
18.364267	0.640	55,020,572.000000
18.374933	0.640	43,245,739.000000
18.385600	0.640	31,674,316.000000
18.396267	0.640	21,764,380.000000
18.406933	0.640	14,182,926.000000
18.417600	0.640	8,899,169.000000
18.428267	0.640	5,482,234.000000
18.438933	0.640	3,390,054.000000
18.449600	0.640	2,145,807.000000
18.460267	0.640	1,419,361.000000
18.470933	0.640	1,023,280.000000
18.481600	0.640	845,661.000000
18.492267	0.640	810,979.000000
18.502933	0.640	880,619.000000
18.513600	0.640	1,043,384.000000
18.524267	0.640	1,302,766.000000
18.534933	0.640	1,675,916.000000
18.545600	0.640	2,204,748.000000
18.556267	0.640	2,968,301.000000
18.566933	0.640	4,083,370.000000
18.577600	0.640	5,718,999.000000
18.588267	0.640	8,101,566.000000
18.598933	0.640	11,422,476.000000
18.609600	0.640	15,678,171.000000
18.620267	0.640	20,548,858.000000
18.630933	0.640	25,362,566.000000
18.641600	0.640	29,202,087.000000
18.652267	0.640	31,180,192.000000
18.662933	0.640	30,774,679.000000
18.673600	0.640	28,050,187.000000
18.684267	0.640	23,634,335.000000
18.694933	0.640	18,458,326.000000
18.705600	0.640	13,423,138.000000
18.716267	0.640	9,159,543.000000
18.726933	0.640	5,936,811.000000
18.737600	0.640	3,708,938.000000
18.748267	0.640	2,267,264.000000
18.758933	0.640	1,384,946.000000
18.769600	0.640	867,685.000000
18.780267	0.640	564,398.000000
18.790933	0.640	380,144.000000
18.801600	0.640	267,785.000000
18.812267	0.640	201,687.000000
18.822933	0.640	162,549.000000
18.833600	0.640	138,607.000000
18.844267	0.640	124,960.000000
18.854933	0.640	117,585.000000
18.865600	0.640	113,915.000000
18.876267	0.640	114,534.000000
18.886933	0.640	119,708.000000
18.897600	0.640	130,170.000000
18.908267	0.640	148,508.000000
18.918933	0.640	174,903.000000
18.929600	0.640	208,649.000000
18.940267	0.640	251,590.000000
18.950933	0.640	305,571.000000
18.961600	0.640	374,776.000000
18.972267	0.640	466,306.000000
18.982933	0.640	587,862.000000
18.993600	0.640	754,944.000000
19.004267	0.640	990,167.000000
19.014933	0.640	1,318,536.000000
19.025600	0.640	1,779,385.000000
19.036267	0.640	2,420,400.000000
19.046933	0.640	3,262,790.000000
19.057600	0.640	4,286,003.000000
19.068267	0.640	5,421,934.000000
19.078933	0.640	6,531,557.000000
19.089600	0.640	7,416,930.000000
19.100267	0.640	7,890,726.000000
19.110933	0.640	7,845,903.000000
19.121600	0.640	7,289,012.000000
19.132267	0.640	6,330,944.000000
19.142933	0.640	5,147,298.000000
19.153600	0.640	3,933,266.000000
19.164267	0.640	2,844,585.000000
19.174933	0.640	1,956,398.000000
19.185600	0.640	1,288,032.000000
19.196267	0.640	831,574.000000
19.206933	0.640	546,356.000000
19.217600	0.640	373,110.000000
19.228267	0.640	266,466.000000
19.238933	0.640	201,547.000000
19.249600	0.640	162,715.000000
19.260267	0.640	139,506.000000
19.270933	0.640	125,932.000000
19.281600	0.640	118,487.000000
19.292267	0.640	114,432.000000
19.302933	0.640	111,052.000000
19.313600	0.640	108,119.000000
19.324267	0.640	107,124.000000
19.334933	0.640	107,004.000000
19.345600	0.640	106,057.000000
19.356267	0.640	105,030.000000
19.366933	0.640	105,113.000000
19.377600	0.640	105,918.000000
19.388267	0.640	106,042.000000
19.398933	0.640	106,727.000000
19.409600	0.640	110,776.000000
19.420267	0.640	116,033.000000
19.430933	0.640	119,480.000000
19.441600	0.640	123,338.000000
19.452267	0.640	128,993.000000
19.462933	0.640	133,832.000000
19.473600	0.640	136,560.000000
19.484267	0.640	139,064.000000
19.494933	0.640	142,874.000000
19.505600	0.640	146,568.000000
19.516267	0.640	147,063.000000
19.526933	0.640	141,817.000000
19.537600	0.640	132,863.000000
19.548267	0.640	127,273.000000
19.558933	0.640	127,403.000000
19.569600	0.640	128,135.000000
19.580267	0.640	126,461.000000
19.590933	0.640	124,091.000000
19.601600	0.640	121,871.000000
19.612267	0.640	119,798.000000
19.622933	0.640	120,660.000000
19.633600	0.640	126,884.000000
19.644267	0.640	136,415.000000
19.654933	0.640	145,583.000000
19.665600	0.640	152,678.000000
19.676267	0.640	158,123.000000
19.686933	0.640	163,788.000000
19.697600	0.640	171,788.000000
19.708267	0.640	183,313.000000
19.718933	0.640	197,664.000000
19.729600	0.640	212,187.000000
19.740267	0.640	226,366.000000
19.750933	0.640	244,735.000000
19.761600	0.640	271,149.000000
19.772267	0.640	304,198.000000
19.782933	0.640	344,204.000000
19.793600	0.640	397,800.000000
19.804267	0.640	469,180.000000
19.814933	0.640	554,430.000000
19.825600	0.640	647,757.000000
19.836267	0.640	746,677.000000
19.846933	0.640	850,607.000000
19.857600	0.640	956,299.000000
19.868267	0.640	1,052,084.000000
19.878933	0.640	1,119,541.000000
19.889600	0.640	1,148,710.000000
19.900267	0.640	1,143,808.000000
19.910933	0.640	1,107,187.000000
19.921600	0.640	1,036,316.000000
19.932267	0.640	936,483.000000
19.942933	0.640	819,116.000000
19.953600	0.640	696,270.000000
19.964267	0.640	579,983.000000
19.974933	0.640	476,319.000000
19.985600	0.640	384,891.000000
19.996267	0.640	306,972.000000
20.006933	0.640	245,264.000000
20.017600	0.640	197,723.000000
20.028267	0.640	159,606.000000
20.038933	0.640	128,775.000000
20.049600	0.640	106,148.000000
20.060267	0.640	92,726.000000
20.070933	0.640	85,912.000000
20.081600	0.640	80,955.000000
20.092267	0.640	76,053.000000
20.102933	0.640	71,743.000000
20.113600	0.640	68,180.000000
20.124267	0.640	66,266.000000
20.134933	0.640	66,985.000000
20.145600	0.640	69,566.000000
20.156267	0.640	72,579.000000
20.166933	0.640	74,757.000000
20.177600	0.640	75,726.000000
20.188267	0.640	75,815.000000
20.198933	0.640	75,041.000000
20.209600	0.640	74,082.000000
20.220267	0.640	72,883.000000
20.230933	0.640	70,505.000000
20.241600	0.640	68,157.000000
20.252267	0.640	66,559.000000
20.262933	0.640	63,822.000000
20.273600	0.640	59,462.000000
20.284267	0.640	55,576.000000
20.294933	0.640	53,339.000000
20.305600	0.640	51,290.000000
20.316267	0.640	48,481.000000
20.326933	0.640	46,032.000000
20.337600	0.640	44,521.000000
20.348267	0.640	44,277.000000
20.358933	0.640	45,577.000000
20.369600	0.640	46,711.000000
20.380267	0.640	46,602.000000
20.390933	0.640	46,705.000000
20.401600	0.640	47,211.000000
20.412267	0.640	46,191.000000
20.422933	0.640	43,798.000000
20.433600	0.640	42,824.000000
20.444267	0.640	44,158.000000
20.454933	0.640	45,450.000000
20.465600	0.640	44,938.000000
20.476317	0.643	43,390.000000
20.486933	0.637	42,309.000000
20.497600	0.640	42,000.000000
20.508267	0.640	41,809.000000
20.518933	0.640	41,709.000000
20.529600	0.640	41,717.000000
20.540267	0.640	41,025.000000
20.550933	0.640	39,864.000000
20.561600	0.640	39,800.000000
20.572267	0.640	41,673.000000
20.582933	0.640	44,096.000000
20.593600	0.640	44,204.000000
20.604267	0.640	42,079.000000
20.614933	0.640	41,344.000000
20.625600	0.640	43,410.000000
20.636267	0.640	45,658.000000
20.646933	0.640	45,901.000000
20.657600	0.640	45,428.000000
20.668267	0.640	46,750.000000
20.678933	0.640	51,086.000000
20.689600	0.640	57,494.000000
20.700267	0.640	63,128.000000
20.710933	0.640	67,214.000000
20.721600	0.640	72,066.000000
20.732267	0.640	79,110.000000
20.742933	0.640	87,905.000000
20.753600	0.640	97,043.000000
20.764267	0.640	105,754.000000
20.774933	0.640	116,851.000000
20.785600	0.640	134,316.000000
20.796267	0.640	158,517.000000
20.806933	0.640	190,002.000000
20.817600	0.640	231,300.000000
20.828267	0.640	280,816.000000
20.838933	0.640	338,104.000000
20.849600	0.640	408,822.000000
20.860267	0.640	493,758.000000
20.870933	0.640	586,331.000000
20.881600	0.640	678,863.000000
20.892267	0.640	763,670.000000
20.902933	0.640	834,578.000000
20.913600	0.640	886,681.000000
20.924267	0.640	917,203.000000
20.934933	0.640	926,547.000000
20.945600	0.640	911,727.000000
20.956267	0.640	870,456.000000
20.966933	0.640	813,313.000000
20.977600	0.640	755,832.000000
20.988267	0.640	708,466.000000
20.998933	0.640	680,555.000000
21.009600	0.640	677,113.000000
21.020267	0.640	696,153.000000
21.030933	0.640	738,331.000000
21.041600	0.640	810,469.000000
21.052267	0.640	917,953.000000
21.062933	0.640	1,060,250.000000
21.073600	0.640	1,235,395.000000
21.084267	0.640	1,445,846.000000
21.094933	0.640	1,704,579.000000
21.105600	0.640	2,033,251.000000
21.116267	0.640	2,446,514.000000
21.126933	0.640	2,944,461.000000
21.137600	0.640	3,513,519.000000
21.148267	0.640	4,130,063.000000
21.158933	0.640	4,761,210.000000
21.169600	0.640	5,352,902.000000
21.180267	0.640	5,839,961.000000
21.190933	0.640	6,174,359.000000
21.201600	0.640	6,330,154.000000
21.212267	0.640	6,284,296.000000
21.222933	0.640	6,008,032.000000
21.233600	0.640	5,509,932.000000
21.244267	0.640	4,863,613.000000
21.254933	0.640	4,153,760.000000
21.265600	0.640	3,432,987.000000
21.276267	0.640	2,739,862.000000
21.286933	0.640	2,115,805.000000
21.297600	0.640	1,591,109.000000
21.308267	0.640	1,168,441.000000
21.318933	0.640	837,593.000000
21.329600	0.640	593,297.000000
21.340267	0.640	423,194.000000
21.350933	0.640	304,457.000000
21.361600	0.640	221,730.000000
21.372267	0.640	168,721.000000
21.382933	0.640	138,115.000000
21.393600	0.640	122,380.000000
21.404267	0.640	114,578.000000
21.414933	0.640	108,106.000000
21.425600	0.640	102,919.000000
21.436267	0.640	102,661.000000
21.446933	0.640	105,979.000000
21.457600	0.640	109,623.000000
21.468267	0.640	112,246.000000
21.478933	0.640	112,695.000000
21.489600	0.640	110,996.000000
21.500267	0.640	108,255.000000
21.510933	0.640	104,957.000000
21.521600	0.640	100,879.000000
21.532267	0.640	94,734.000000
21.542933	0.640	85,916.000000
21.553600	0.640	76,512.000000
21.564267	0.640	69,183.000000
21.574933	0.640	64,424.000000
21.585600	0.640	60,583.000000
21.596267	0.640	56,220.000000
21.606933	0.640	51,379.000000
21.617600	0.640	47,018.000000
21.628267	0.640	44,619.000000
21.638933	0.640	44,056.000000
21.649600	0.640	43,132.000000
21.660267	0.640	41,596.000000
21.670933	0.640	41,490.000000
21.681600	0.640	43,132.000000
21.692267	0.640	44,467.000000
21.702933	0.640	43,884.000000
21.713600	0.640	42,274.000000
21.724267	0.640	41,807.000000
21.734933	0.640	43,103.000000
21.745600	0.640	44,676.000000
21.756267	0.640	45,128.000000
21.766933	0.640	44,962.000000
21.777600	0.640	44,788.000000
21.788267	0.640	44,043.000000
21.798933	0.640	43,271.000000
21.809600	0.640	43,961.000000
21.820267	0.640	45,508.000000
21.830933	0.640	45,691.000000
21.841600	0.640	44,400.000000
21.852267	0.640	43,447.000000
21.862933	0.640	43,091.000000
21.873600	0.640	42,803.000000
21.884267	0.640	43,095.000000
21.894933	0.640	44,146.000000
21.905600	0.640	45,488.000000
21.916267	0.640	46,540.000000
21.926933	0.640	46,567.000000
21.937600	0.640	45,689.000000
21.948267	0.640	45,065.000000
21.958933	0.640	45,045.000000
21.969600	0.640	44,779.000000
21.980267	0.640	44,301.000000
21.990933	0.640	44,549.000000
22.001600	0.640	45,215.000000
22.012267	0.640	45,531.000000
22.022933	0.640	46,023.000000
22.033600	0.640	46,971.000000
22.044267	0.640	47,338.000000
22.054933	0.640	46,712.000000
22.065600	0.640	46,804.000000
22.076267	0.640	49,492.000000
22.086933	0.640	52,872.000000
22.097600	0.640	53,396.000000
22.108267	0.640	52,267.000000
22.118933	0.640	53,203.000000
22.129600	0.640	56,301.000000
22.140267	0.640	59,433.000000
22.150933	0.640	62,142.000000
22.161600	0.640	65,271.000000
22.172267	0.640	69,050.000000
22.182933	0.640	73,859.000000
22.193600	0.640	81,883.000000
22.204267	0.640	94,344.000000
22.214933	0.640	108,301.000000
22.225600	0.640	120,986.000000
22.236267	0.640	134,854.000000
22.246933	0.640	153,925.000000
22.257600	0.640	178,957.000000
22.268267	0.640	209,696.000000
22.278933	0.640	246,488.000000
22.289600	0.640	288,990.000000
22.300267	0.640	338,147.000000
22.310933	0.640	396,535.000000
22.321600	0.640	467,068.000000
22.332267	0.640	553,012.000000
22.342933	0.640	655,504.000000
22.353600	0.640	776,340.000000
22.364267	0.640	923,442.000000
22.374933	0.640	1,105,532.000000
22.385600	0.640	1,331,491.000000
22.396267	0.640	1,616,470.000000
22.406933	0.640	1,973,337.000000
22.417600	0.640	2,408,475.000000
22.428267	0.640	2,928,050.000000
22.438933	0.640	3,531,525.000000
22.449600	0.640	4,207,492.000000
22.460267	0.640	4,933,669.000000
22.470933	0.640	5,673,199.000000
22.481600	0.640	6,384,505.000000
22.492267	0.640	7,019,593.000000
22.502933	0.640	7,510,208.000000
22.513600	0.640	7,800,770.000000
22.524267	0.640	7,882,053.000000
22.534933	0.640	7,752,588.000000
22.545600	0.640	7,395,425.000000
22.556267	0.640	6,823,552.000000
22.566933	0.640	6,096,583.000000
22.577600	0.640	5,284,889.000000
22.588267	0.640	4,446,881.000000
22.598933	0.640	3,632,128.000000
22.609600	0.640	2,884,020.000000
22.620267	0.640	2,232,482.000000
22.630933	0.640	1,686,946.000000
22.641600	0.640	1,242,013.000000
22.652267	0.640	891,545.000000
22.662933	0.640	629,342.000000
22.673600	0.640	441,569.000000
22.684267	0.640	310,271.000000
22.694933	0.640	219,210.000000
22.705600	0.640	156,487.000000
22.716267	0.640	115,373.000000
22.726933	0.640	90,580.000000
22.737600	0.640	75,688.000000
22.748267	0.640	65,074.000000
22.758933	0.640	56,681.000000
22.769600	0.640	51,736.000000
22.780267	0.640	50,906.000000
22.790933	0.640	52,253.000000
22.801600	0.640	53,146.000000
22.812267	0.640	52,599.000000
22.822933	0.640	51,598.000000
22.833600	0.640	50,962.000000
22.844267	0.640	50,337.000000
22.854933	0.640	50,098.000000
22.865600	0.640	51,298.000000
22.876267	0.640	53,867.000000
22.886933	0.640	57,446.000000
22.897600	0.640	62,394.000000
22.908267	0.640	68,843.000000
22.918933	0.640	77,165.000000
22.929600	0.640	87,411.000000
22.940267	0.640	97,694.000000
22.950933	0.640	108,256.000000
22.961600	0.640	124,421.000000
22.972267	0.640	150,937.000000
22.982933	0.640	187,962.000000
22.993600	0.640	233,754.000000
23.004267	0.640	288,371.000000
23.014933	0.640	356,624.000000
23.025600	0.640	444,058.000000
23.036267	0.640	552,168.000000
23.046933	0.640	686,485.000000
23.057600	0.640	855,744.000000
23.068267	0.640	1,062,828.000000
23.078933	0.640	1,315,527.000000
23.089600	0.640	1,635,766.000000
23.100267	0.640	2,050,859.000000
23.110933	0.640	2,592,680.000000
23.121600	0.640	3,311,317.000000
23.132267	0.640	4,271,649.000000
23.142933	0.640	5,531,686.000000
23.153600	0.640	7,142,466.000000
23.164267	0.640	9,148,624.000000
23.174933	0.640	11,534,458.000000
23.185600	0.640	14,169,329.000000
23.196267	0.640	16,841,104.000000
23.206933	0.640	19,303,499.000000
23.217600	0.640	21,255,896.000000
23.228267	0.640	22,380,133.000000
23.238933	0.640	22,474,810.000000
23.249600	0.640	21,505,609.000000
23.260267	0.640	19,572,269.000000
23.270933	0.640	16,919,465.000000
23.281600	0.640	13,901,506.000000
23.292267	0.640	10,869,334.000000
23.302933	0.640	8,102,746.000000
23.313600	0.640	5,782,157.000000
23.324267	0.640	3,969,084.000000
23.334933	0.640	2,631,632.000000
23.345600	0.640	1,697,863.000000
23.356267	0.640	1,083,826.000000
23.366933	0.640	697,471.000000
23.377600	0.640	456,468.000000
23.388267	0.640	306,678.000000
23.398933	0.640	216,293.000000
23.409600	0.640	164,077.000000
23.420267	0.640	135,075.000000
23.430933	0.640	119,175.000000
23.441600	0.640	108,845.000000
23.452267	0.640	99,630.000000
23.462933	0.640	92,395.000000
23.473600	0.640	88,331.000000
23.484267	0.640	84,956.000000
23.494933	0.640	81,783.000000
23.505600	0.640	81,435.000000
23.516267	0.640	82,967.000000
23.526933	0.640	82,949.000000
23.537600	0.640	81,610.000000
23.548267	0.640	81,057.000000
23.558933	0.640	81,653.000000
23.569600	0.640	82,734.000000
23.580267	0.640	82,464.000000
23.590933	0.640	79,299.000000
23.601600	0.640	74,373.000000
23.612267	0.640	69,340.000000
23.622933	0.640	65,599.000000
23.633600	0.640	64,424.000000
23.644267	0.640	64,401.000000
23.654933	0.640	62,741.000000
23.665600	0.640	59,015.000000
23.676267	0.640	55,383.000000
23.686933	0.640	54,605.000000
23.697600	0.640	56,976.000000
23.708267	0.640	58,840.000000
23.718933	0.640	57,675.000000
23.729600	0.640	56,632.000000
23.740267	0.640	58,492.000000
23.750933	0.640	60,880.000000
23.761600	0.640	61,779.000000
23.772267	0.640	62,578.000000
23.782933	0.640	64,363.000000
23.793600	0.640	65,859.000000
23.804267	0.640	65,375.000000
23.814933	0.640	63,144.000000
23.825600	0.640	61,035.000000
23.836267	0.640	60,399.000000
23.846933	0.640	60,930.000000
23.857600	0.640	61,338.000000
23.868267	0.640	60,342.000000
23.878933	0.640	58,475.000000
23.889600	0.640	58,079.000000
23.900267	0.640	59,193.000000
23.910933	0.640	59,310.000000
23.921600	0.640	57,797.000000
23.932267	0.640	56,767.000000
23.942933	0.640	58,009.000000
23.953600	0.640	60,170.000000
23.964267	0.640	61,023.000000
23.974933	0.640	61,730.000000
23.985600	0.640	63,730.000000
23.996267	0.640	65,091.000000
24.006933	0.640	64,814.000000
24.017600	0.640	64,598.000000
24.028267	0.640	64,774.000000
24.038933	0.640	64,388.000000
24.049600	0.640	63,360.000000
24.060267	0.640	61,424.000000
24.070933	0.640	59,029.000000
24.081600	0.640	58,327.000000
24.092267	0.640	59,648.000000
24.102933	0.640	60,931.000000
24.113600	0.640	61,128.000000
24.124267	0.640	60,702.000000
24.134933	0.640	60,278.000000
24.145600	0.640	59,903.000000
24.156267	0.640	59,801.000000
24.166933	0.640	61,245.000000
24.177600	0.640	64,024.000000
24.188267	0.640	65,396.000000
24.198933	0.640	64,269.000000
24.209600	0.640	62,526.000000
24.220267	0.640	61,842.000000
24.230933	0.640	62,699.000000
24.241600	0.640	64,858.000000
24.252267	0.640	67,267.000000
24.262933	0.640	69,356.000000
24.273600	0.640	72,087.000000
24.284267	0.640	76,459.000000
24.294933	0.640	81,371.000000
24.305600	0.640	84,981.000000
24.316267	0.640	87,900.000000
24.326933	0.640	91,397.000000
24.337600	0.640	95,328.000000
24.348267	0.640	100,958.000000
24.358933	0.640	112,294.000000
24.369600	0.640	135,454.000000
24.380267	0.640	177,187.000000
24.390933	0.640	245,387.000000
24.401600	0.640	356,786.000000
24.412267	0.640	541,083.000000
24.422933	0.640	836,881.000000
24.433600	0.640	1,295,372.000000
24.444267	0.640	1,994,335.000000
24.454933	0.640	3,056,580.000000
24.465600	0.640	4,697,309.000000
24.476267	0.640	7,296,782.000000
24.486933	0.640	11,422,160.000000
24.497600	0.640	17,677,706.000000
24.508267	0.640	26,257,612.000000
24.518933	0.640	36,339,125.000000
24.529600	0.640	45,795,767.000000
24.540267	0.640	51,701,374.000000
24.550933	0.640	51,739,766.000000
24.561600	0.640	45,723,901.000000
24.572267	0.640	35,792,700.000000
24.582933	0.640	25,029,589.000000
24.593600	0.640	15,857,999.000000
24.604267	0.640	9,336,424.000000
24.614933	0.640	5,327,583.000000
24.625600	0.640	3,089,311.000000
24.636267	0.640	1,867,882.000000
24.646933	0.640	1,179,744.000000
24.657600	0.640	777,495.000000
24.668267	0.640	531,741.000000
24.678933	0.640	372,673.000000
24.689600	0.640	268,942.000000
24.700267	0.640	205,623.000000
24.710933	0.640	169,350.000000
24.721600	0.640	147,236.000000
24.732267	0.640	132,714.000000
24.742933	0.640	125,912.000000
24.753600	0.640	125,282.000000
24.764267	0.640	126,355.000000
24.774933	0.640	128,859.000000
24.785600	0.640	135,059.000000
24.796267	0.640	143,966.000000
24.806933	0.640	154,356.000000
24.817600	0.640	166,289.000000
24.828267	0.640	177,367.000000
24.838933	0.640	187,419.000000
24.849600	0.640	203,424.000000
24.860267	0.640	229,719.000000
24.870933	0.640	260,679.000000
24.881600	0.640	291,363.000000
24.892267	0.640	328,292.000000
24.902933	0.640	385,121.000000
24.913600	0.640	475,076.000000
24.924267	0.640	614,966.000000
24.934933	0.640	837,958.000000
24.945600	0.640	1,210,211.000000
24.956267	0.640	1,878,939.000000
24.966933	0.640	3,174,684.000000
24.977600	0.640	5,641,898.000000
24.988267	0.640	9,684,721.000000
24.998933	0.640	14,779,199.000000
25.009600	0.640	19,062,271.000000
25.020267	0.640	20,309,916.000000
25.030933	0.640	17,782,691.000000
25.041600	0.640	12,931,606.000000
25.052267	0.640	8,107,459.000000
25.062933	0.640	4,792,672.000000
25.073600	0.640	3,059,225.000000
25.084267	0.640	2,240,682.000000
25.094933	0.640	1,753,771.000000
25.105600	0.640	1,363,437.000000
25.116267	0.640	1,030,301.000000
25.126933	0.640	758,141.000000
25.137600	0.640	551,106.000000
25.148267	0.640	404,406.000000
25.158933	0.640	304,607.000000
25.169600	0.640	237,679.000000
25.180267	0.640	192,025.000000
25.190933	0.640	159,037.000000
25.201600	0.640	135,976.000000
25.212267	0.640	122,607.000000
25.222933	0.640	115,139.000000
25.233600	0.640	108,552.000000
25.244267	0.640	101,883.000000
25.254933	0.640	96,686.000000
25.265600	0.640	92,564.000000
25.276267	0.640	88,164.000000
25.286933	0.640	83,899.000000
25.297600	0.640	81,142.000000
25.308267	0.640	80,077.000000
25.318933	0.640	80,051.000000
25.329600	0.640	81,217.000000
25.340267	0.640	83,088.000000
25.350933	0.640	84,039.000000
25.361600	0.640	82,995.000000
25.372267	0.640	79,945.000000
25.382933	0.640	77,755.000000
25.393600	0.640	79,231.000000
25.404267	0.640	81,187.000000
25.414933	0.640	79,771.000000
25.425600	0.640	77,268.000000
25.436267	0.640	77,341.000000
25.446933	0.640	79,518.000000
25.457600	0.640	81,732.000000
25.468267	0.640	83,655.000000
25.478933	0.640	84,739.000000
25.489600	0.640	83,366.000000
25.500267	0.640	80,212.000000
25.510933	0.640	78,908.000000
25.521600	0.640	81,237.000000
25.532267	0.640	84,632.000000
25.542933	0.640	86,583.000000
25.553600	0.640	87,911.000000
25.564267	0.640	90,035.000000
25.574933	0.640	91,964.000000
25.585600	0.640	92,045.000000
25.596267	0.640	90,369.000000
25.606933	0.640	86,940.000000
25.617600	0.640	81,974.000000
25.628267	0.640	78,086.000000
25.638933	0.640	76,893.000000
25.649600	0.640	77,300.000000
25.660267	0.640	78,152.000000
25.670933	0.640	78,957.000000
25.681600	0.640	80,077.000000
25.692267	0.640	81,716.000000
25.702933	0.640	82,889.000000
25.713600	0.640	83,187.000000
25.724267	0.640	83,069.000000
25.734933	0.640	82,360.000000
25.745600	0.640	81,366.000000
25.756267	0.640	81,539.000000
25.766933	0.640	81,843.000000
25.777600	0.640	80,484.000000
25.788267	0.640	80,186.000000
25.798933	0.640	83,087.000000
25.809600	0.640	86,804.000000
25.820267	0.640	90,326.000000
25.830933	0.640	94,316.000000
25.841600	0.640	97,113.000000
25.852267	0.640	97,472.000000
25.862933	0.640	97,952.000000
25.873600	0.640	102,185.000000
25.884267	0.640	109,883.000000
25.894933	0.640	117,922.000000
25.905600	0.640	126,933.000000
25.916267	0.640	140,037.000000
25.926933	0.640	154,305.000000
25.937600	0.640	163,113.000000
25.948267	0.640	165,280.000000
25.958933	0.640	163,168.000000
25.969600	0.640	159,296.000000
25.980267	0.640	158,175.000000
25.990933	0.640	162,920.000000
26.001600	0.640	176,977.000000
26.012267	0.640	211,178.000000
26.022933	0.640	281,821.000000
26.033600	0.640	418,625.000000
26.044267	0.640	703,154.000000
26.054933	0.640	1,323,948.000000
26.065600	0.640	2,576,149.000000
26.076267	0.640	4,664,508.000000
26.086933	0.640	7,266,650.000000
26.097600	0.640	9,264,836.000000
26.108267	0.640	9,349,652.000000
26.118933	0.640	7,274,476.000000
26.129600	0.640	4,264,168.000000
26.140267	0.640	1,877,717.000000
26.150933	0.640	707,266.000000
26.161600	0.640	356,263.000000
26.172267	0.640	265,744.000000
26.182933	0.640	199,342.000000
26.193600	0.640	145,619.000000
26.204267	0.640	117,104.000000
26.214933	0.640	104,387.000000
26.225600	0.640	99,374.000000
26.236267	0.640	98,654.000000
26.246933	0.640	98,344.000000
26.257600	0.640	97,031.000000
26.268267	0.640	97,131.000000
26.278933	0.640	98,801.000000
26.289600	0.640	98,535.000000
26.300267	0.640	95,558.000000
26.310933	0.640	91,530.000000
26.321600	0.640	87,337.000000
26.332267	0.640	84,841.000000
26.342933	0.640	85,459.000000
26.353600	0.640	88,095.000000
26.364267	0.640	91,306.000000
26.374933	0.640	94,008.000000
26.385600	0.640	95,499.000000
26.396267	0.640	96,600.000000
26.406933	0.640	98,096.000000
26.417600	0.640	99,808.000000
26.428267	0.640	102,713.000000
26.438933	0.640	109,395.000000
26.449600	0.640	122,541.000000
26.460267	0.640	144,261.000000
26.470933	0.640	177,379.000000
26.481600	0.640	225,171.000000
26.492267	0.640	283,478.000000
26.502933	0.640	328,256.000000
26.513600	0.640	323,576.000000
26.524267	0.640	261,433.000000
26.534933	0.640	179,214.000000
26.545600	0.640	120,765.000000
26.556267	0.640	97,534.000000
26.566933	0.640	93,536.000000
26.577600	0.640	91,851.000000
26.588267	0.640	88,866.000000
26.598933	0.640	87,769.000000
26.609600	0.640	88,805.000000
26.620267	0.640	90,551.000000
26.630933	0.640	92,994.000000
26.641600	0.640	94,877.000000
26.652267	0.640	94,420.000000
26.662933	0.640	93,380.000000
26.673600	0.640	94,868.000000
26.684267	0.640	98,760.000000
26.694933	0.640	103,005.000000
26.705600	0.640	107,173.000000
26.716267	0.640	112,237.000000
26.726933	0.640	118,686.000000
26.737600	0.640	125,838.000000
26.748267	0.640	132,020.000000
26.758933	0.640	135,575.000000
26.769600	0.640	137,511.000000
26.780267	0.640	142,651.000000
26.790933	0.640	155,047.000000
26.801600	0.640	173,030.000000
26.812267	0.640	190,907.000000
26.822933	0.640	210,944.000000
26.833600	0.640	254,805.000000
26.844267	0.640	344,437.000000
26.854933	0.640	464,130.000000
26.865600	0.640	559,498.000000
26.876267	0.640	581,564.000000
26.886933	0.640	527,142.000000
26.897600	0.640	440,516.000000
26.908267	0.640	383,736.000000
26.918933	0.640	385,924.000000
26.929600	0.640	405,681.000000
26.940267	0.640	380,210.000000
26.950933	0.640	311,761.000000
26.961600	0.640	254,317.000000
26.972267	0.640	235,897.000000
26.982933	0.640	241,595.000000
26.993600	0.640	251,485.000000
27.004267	0.640	261,213.000000
27.014933	0.640	278,556.000000
27.025600	0.640	327,340.000000
27.036267	0.640	434,504.000000
27.046933	0.640	566,554.000000
27.057600	0.640	617,336.000000
27.068267	0.640	541,108.000000
27.078933	0.640	436,027.000000
27.089600	0.640	405,880.000000
27.100267	0.640	432,155.000000
27.110933	0.640	452,163.000000
27.121600	0.640	461,378.000000
27.132267	0.640	487,548.000000
27.142933	0.640	537,816.000000
27.153600	0.640	602,035.000000
27.164267	0.640	667,201.000000
27.174933	0.640	727,312.000000
27.185600	0.640	792,924.000000
27.196267	0.640	871,333.000000
27.206933	0.640	952,734.000000
27.217600	0.640	1,042,796.000000
27.228267	0.640	1,196,567.000000
27.238933	0.640	1,548,863.000000
27.249600	0.640	2,477,330.000000
27.260267	0.640	4,683,311.000000
27.270933	0.640	8,074,588.000000
27.281600	0.640	10,324,210.000000
27.292267	0.640	8,918,855.000000
27.302933	0.640	4,900,184.000000
27.313600	0.640	1,614,089.000000
27.324267	0.640	455,976.000000
27.334933	0.640	416,562.000000
27.345600	0.640	432,573.000000
27.356267	0.640	327,886.000000
27.366933	0.640	258,320.000000
27.377600	0.640	262,299.000000
27.388267	0.640	277,766.000000
27.398933	0.640	266,907.000000
27.409600	0.640	251,327.000000
27.420267	0.640	264,012.000000
27.430933	0.640	292,050.000000
27.441600	0.640	290,821.000000
27.452267	0.640	251,191.000000
27.462933	0.640	212,526.000000
27.473600	0.640	204,166.000000
27.484267	0.640	214,692.000000
27.494933	0.640	223,993.000000
27.505600	0.640	236,656.000000
27.516267	0.640	277,297.000000
27.526933	0.640	347,816.000000
27.537600	0.640	394,028.000000
27.548267	0.640	364,112.000000
27.558933	0.640	291,953.000000
27.569600	0.640	252,638.000000
27.580267	0.640	265,267.000000
27.590933	0.640	297,838.000000
27.601600	0.640	322,631.000000
27.612267	0.640	333,591.000000
27.622933	0.640	341,717.000000
27.633600	0.640	364,985.000000
27.644267	0.640	414,616.000000
27.654933	0.640	492,983.000000
27.665600	0.640	601,189.000000
27.676267	0.640	724,854.000000
27.686933	0.640	806,273.000000
27.697600	0.640	778,029.000000
27.708267	0.640	634,388.000000
27.718933	0.640	435,011.000000
27.729600	0.640	259,393.000000
27.740267	0.640	167,834.000000
27.750933	0.640	188,861.000000
27.761600	0.640	347,962.000000
27.772267	0.640	622,098.000000
27.782933	0.640	826,024.000000
27.793600	0.640	750,143.000000
27.804267	0.640	456,231.000000
27.814933	0.640	200,935.000000
27.825600	0.640	105,102.000000
27.836267	0.640	100,031.000000
27.846933	0.640	103,823.000000
27.857600	0.640	99,798.000000
27.868267	0.640	96,740.000000
27.878933	0.640	97,226.000000
27.889600	0.640	98,775.000000
27.900267	0.640	99,189.000000
27.910933	0.640	99,260.000000
27.921600	0.640	101,749.000000
27.932267	0.640	106,620.000000
27.942933	0.640	110,931.000000
27.953600	0.640	114,334.000000
27.964267	0.640	120,346.000000
27.974933	0.640	130,633.000000
27.985600	0.640	143,025.000000
27.996267	0.640	155,071.000000
28.006933	0.640	163,706.000000
28.017600	0.640	165,034.000000
28.028267	0.640	161,037.000000
28.038933	0.640	160,833.000000
28.049600	0.640	169,675.000000
28.060267	0.640	184,048.000000
28.070933	0.640	198,087.000000
28.081600	0.640	207,720.000000
28.092267	0.640	209,554.000000
28.102933	0.640	198,872.000000
28.113600	0.640	174,783.000000
28.124267	0.640	146,150.000000
28.134933	0.640	123,867.000000
28.145600	0.640	111,324.000000
28.156267	0.640	105,592.000000
28.166933	0.640	102,751.000000
28.177600	0.640	101,405.000000
28.188267	0.640	102,326.000000
28.198933	0.640	106,769.000000
28.209600	0.640	116,991.000000
28.220267	0.640	134,636.000000
28.230933	0.640	156,282.000000
28.241600	0.640	172,208.000000
28.252267	0.640	172,070.000000
28.262933	0.640	154,486.000000
28.273600	0.640	129,445.000000
28.284267	0.640	109,453.000000
28.294933	0.640	100,328.000000
28.305600	0.640	101,082.000000
28.316267	0.640	106,838.000000
28.326933	0.640	109,773.000000
28.337600	0.640	105,491.000000
28.348267	0.640	98,816.000000
28.358933	0.640	98,293.000000
28.369600	0.640	107,623.000000
28.380267	0.640	122,148.000000
28.390933	0.640	130,393.000000
28.401600	0.640	123,526.000000
28.412267	0.640	106,692.000000
28.422933	0.640	93,213.000000
28.433600	0.640	88,702.000000
28.444267	0.640	90,460.000000
28.454933	0.640	95,394.000000
28.465600	0.640	101,075.000000
28.476267	0.640	106,016.000000
28.486933	0.640	111,016.000000
28.497600	0.640	116,195.000000
28.508267	0.640	119,749.000000
28.518933	0.640	121,482.000000
28.529600	0.640	123,040.000000
28.540267	0.640	126,029.000000
28.550933	0.640	131,056.000000
28.561600	0.640	138,144.000000
28.572267	0.640	151,337.000000
28.582933	0.640	177,068.000000
28.593600	0.640	218,325.000000
28.604267	0.640	272,010.000000
28.614933	0.640	314,236.000000
28.625600	0.640	305,380.000000
28.636267	0.640	240,035.000000
28.646933	0.640	160,924.000000
28.657600	0.640	106,755.000000
28.668267	0.640	79,674.000000
28.678933	0.640	64,324.000000
28.689600	0.640	52,187.000000
28.700267	0.640	44,055.000000
28.710933	0.640	49,261.000000
28.721600	0.640	77,008.000000
28.732267	0.640	102,112.000000
28.742933	0.640	85,845.000000
28.753600	0.640	44,417.000000
28.764267	0.640	21,508.000000
28.774933	0.640	20,979.000000
28.785600	0.640	23,062.000000
28.796267	0.640	21,448.000000
28.806933	0.640	19,909.000000
28.817600	0.640	18,925.000000
28.828267	0.640	16,788.000000
28.838933	0.640	14,688.000000
28.849600	0.640	14,257.000000
28.860267	0.640	14,339.000000
28.870933	0.640	13,368.000000
28.881600	0.640	11,676.000000
28.892267	0.640	9,966.000000
28.902933	0.640	8,746.000000
28.913600	0.640	8,956.000000
28.924267	0.640	10,121.000000
28.934933	0.640	9,898.000000
28.945600	0.640	7,689.000000
28.956267	0.640	5,742.000000
28.966933	0.640	5,539.000000
28.977600	0.640	6,326.000000
28.988267	0.640	7,008.000000
28.998933	0.640	7,180.000000
29.009600	0.640	6,752.000000
29.020267	0.640	5,532.000000
29.030933	0.640	3,871.000000
29.041600	0.640	2,885.000000
29.052267	0.640	3,093.000000
29.062933	0.640	4,178.000000
29.073600	0.640	5,511.000000
29.084267	0.640	6,030.000000
29.094933	0.640	5,252.000000
29.105600	0.640	3,859.000000
29.116267	0.640	2,736.000000
29.126933	0.640	2,341.000000
29.137600	0.640	2,574.000000
29.148267	0.640	3,468.000000
29.158933	0.640	5,391.000000
29.169600	0.640	7,374.000000
29.180267	0.640	7,183.000000
29.190933	0.640	4,795.000000
29.201600	0.640	2,981.000000
29.212267	0.640	2,835.000000
29.222933	0.640	2,728.000000
29.233600	0.640	2,176.000000
29.244267	0.640	2,254.000000
29.254933	0.640	2,989.000000
29.265600	0.640	3,387.000000
29.276267	0.640	3,241.000000
29.286933	0.640	3,442.000000
29.297600	0.640	4,009.000000
29.308267	0.640	3,661.000000
29.318933	0.640	2,336.000000
29.329600	0.640	1,635.000000
29.340267	0.640	2,295.000000
29.350933	0.640	3,257.000000
29.361600	0.640	3,681.000000
29.372267	0.640	3,615.000000
29.382933	0.640	2,684.000000
29.393600	0.640	1,234.000000
29.404267	0.640	899.000000
29.414933	0.640	1,969.000000
29.425600	0.640	3,042.000000
29.436267	0.640	3,187.000000
29.446933	0.640	2,647.000000
29.457600	0.640	2,142.000000
29.468267	0.640	2,300.000000
29.478933	0.640	3,200.000000
29.489600	0.640	3,802.000000
29.500267	0.640	3,127.000000
29.510933	0.640	2,122.000000
29.521600	0.640	2,100.000000
29.532267	0.640	2,356.000000
29.542933	0.640	1,800.000000
29.553600	0.640	872.000000
29.564267	0.640	379.000000
29.574933	0.640	553.000000
29.585600	0.640	1,171.000000
29.596267	0.640	1,402.000000
29.606933	0.640	702.000000
29.617600	0.640	350.000000
29.628267	0.640	1,095.000000
29.638933	0.640	1,128.000000
29.649600	0.640	9.000000
29.660267	0.640	-301.000000
29.670933	0.640	581.000000
29.681600	0.640	932.000000
29.692267	0.640	119.000000
29.702933	0.640	-347.000000
29.713600	0.640	488.000000
29.724267	0.640	1,897.000000
29.734933	0.640	3,298.000000
29.745600	0.640	4,310.000000
29.756267	0.640	4,009.000000
29.766933	0.640	2,617.000000
29.777600	0.640	1,609.000000
29.788267	0.640	1,584.000000
29.798933	0.640	2,244.000000
29.809600	0.640	2,718.000000
29.820267	0.640	1,961.000000
29.830933	0.640	517.000000
29.841600	0.640	28.000000
29.852267	0.640	943.000000
29.862933	0.640	1,953.000000
29.873600	0.640	1,724.000000
29.884267	0.640	964.000000
29.894933	0.640	1,130.000000
29.905600	0.640	1,836.000000
29.916267	0.640	2,024.000000
29.926933	0.640	1,788.000000
29.937600	0.640	1,674.000000
29.948267	0.640	2,168.000000
29.958933	0.640	2,934.000000
29.969600	0.640	2,593.000000
29.980267	0.640	1,442.000000
29.990933	0.640	1,228.000000
30.001600	0.640	1,542.000000
