File Path	chrom://nnfcb-l0495/ChromeleonLocal/20180320_AA_Lars Nielsen samples Vienna_lbpet.seq/489.smp/Emission_1.channel/Emission_1.chm
Channel	Emission_1

Injection Information:
Data Vault	ChromeleonLocal
Injection	20180320_Lars Nielsen samples Vienna_dx20_BB4
Injection Number	29
Position	BB4
Comment	
Processing Method	20171024_Calculated with IS_lbpet
Instrument Method	20161104_AA_GeminiC18_FinalVer7
Type	Unknown
Status	Finished
Injection Date	21-03-2018
Injection Time	03:28:11
Injection Volume (µl)	56.500
Dilution Factor	1.0000
Weight	1.0000

Raw Data Information:
Time Min. (min)	0.003933
Time Max. (min)	30.001600
Data Points	2813
Detector	FLD
Exporting Data System	Chromeleon 7.1.2.1478
Operator	
Signal Quantity	
Signal Unit	counts
Signal Min.	-1,158.000000
Signal Max.	70,923,073.000000
Channel	Emission_1
Driver Name	FLD3000.dll
Channel Type	Evaluation
Min. Step (s)	0.640
Max. Step (s)	0.820
Average Step (s)	0.640

Signal Parameter Information:
Signal Info	340 nm /450 nm

Raw Data:
Time (min)	Step (s)	Value (counts)
0.003933	0.000	0.000000
0.017600	0.820	0.000000
0.028267	0.640	0.000000
0.038933	0.640	1,563.000000
0.049600	0.640	3,899.000000
0.060267	0.640	5,244.000000
0.070933	0.640	4,276.000000
0.081600	0.640	2,597.000000
0.092267	0.640	2,632.000000
0.102933	0.640	3,809.000000
0.113600	0.640	3,858.000000
0.124267	0.640	2,448.000000
0.134933	0.640	1,289.000000
0.145600	0.640	1,235.000000
0.156267	0.640	1,690.000000
0.166933	0.640	2,339.000000
0.177600	0.640	2,947.000000
0.188267	0.640	2,681.000000
0.198933	0.640	1,672.000000
0.209600	0.640	1,118.000000
0.220267	0.640	1,321.000000
0.230933	0.640	1,810.000000
0.241600	0.640	1,923.000000
0.252267	0.640	1,248.000000
0.262933	0.640	1,119.000000
0.273600	0.640	2,559.000000
0.284267	0.640	3,709.000000
0.294933	0.640	3,196.000000
0.305600	0.640	2,741.000000
0.316267	0.640	3,530.000000
0.326933	0.640	3,753.000000
0.337600	0.640	2,136.000000
0.348267	0.640	336.000000
0.358933	0.640	-99.000000
0.369600	0.640	555.000000
0.380267	0.640	1,670.000000
0.390933	0.640	2,513.000000
0.401600	0.640	2,530.000000
0.412267	0.640	2,319.000000
0.422933	0.640	2,726.000000
0.433600	0.640	3,437.000000
0.444267	0.640	3,454.000000
0.454933	0.640	2,582.000000
0.465600	0.640	1,721.000000
0.476267	0.640	1,516.000000
0.486933	0.640	1,920.000000
0.497600	0.640	2,672.000000
0.508267	0.640	2,984.000000
0.518933	0.640	2,193.000000
0.529600	0.640	1,103.000000
0.540267	0.640	1,050.000000
0.550933	0.640	1,848.000000
0.561600	0.640	2,471.000000
0.572267	0.640	2,940.000000
0.582933	0.640	3,513.000000
0.593600	0.640	3,475.000000
0.604267	0.640	2,730.000000
0.614933	0.640	2,545.000000
0.625600	0.640	2,853.000000
0.636267	0.640	1,862.000000
0.646933	0.640	-128.000000
0.657600	0.640	-582.000000
0.668267	0.640	851.000000
0.678933	0.640	2,152.000000
0.689600	0.640	2,457.000000
0.700267	0.640	2,228.000000
0.710933	0.640	1,649.000000
0.721600	0.640	1,133.000000
0.732267	0.640	1,469.000000
0.742933	0.640	2,153.000000
0.753600	0.640	1,701.000000
0.764267	0.640	410.000000
0.774933	0.640	251.000000
0.785600	0.640	1,475.000000
0.796267	0.640	2,393.000000
0.806933	0.640	2,406.000000
0.817600	0.640	2,375.000000
0.828267	0.640	2,701.000000
0.838933	0.640	2,921.000000
0.849600	0.640	2,792.000000
0.860267	0.640	2,756.000000
0.870933	0.640	2,919.000000
0.881600	0.640	2,327.000000
0.892267	0.640	786.000000
0.902933	0.640	40.000000
0.913600	0.640	954.000000
0.924267	0.640	1,964.000000
0.934933	0.640	1,766.000000
0.945600	0.640	763.000000
0.956267	0.640	-335.000000
0.966933	0.640	-1,051.000000
0.977600	0.640	-852.000000
0.988267	0.640	-180.000000
0.998933	0.640	-328.000000
1.009600	0.640	-937.000000
1.020267	0.640	-397.000000
1.030933	0.640	833.000000
1.041600	0.640	1,330.000000
1.052267	0.640	1,558.000000
1.062933	0.640	1,964.000000
1.073600	0.640	1,810.000000
1.084267	0.640	1,424.000000
1.094933	0.640	1,817.000000
1.105600	0.640	2,562.000000
1.116267	0.640	2,610.000000
1.126933	0.640	2,270.000000
1.137600	0.640	2,553.000000
1.148267	0.640	2,970.000000
1.158933	0.640	2,434.000000
1.169600	0.640	1,931.000000
1.180267	0.640	2,969.000000
1.190933	0.640	4,560.000000
1.201600	0.640	4,978.000000
1.212267	0.640	4,453.000000
1.222933	0.640	3,754.000000
1.233600	0.640	2,661.000000
1.244267	0.640	1,253.000000
1.254933	0.640	458.000000
1.265600	0.640	654.000000
1.276267	0.640	1,223.000000
1.286933	0.640	1,771.000000
1.297600	0.640	2,158.000000
1.308267	0.640	1,926.000000
1.318933	0.640	1,685.000000
1.329600	0.640	2,425.000000
1.340267	0.640	3,288.000000
1.350933	0.640	3,310.000000
1.361600	0.640	2,873.000000
1.372267	0.640	2,531.000000
1.382933	0.640	2,569.000000
1.393600	0.640	2,629.000000
1.404267	0.640	2,412.000000
1.414933	0.640	2,853.000000
1.425600	0.640	4,059.000000
1.436267	0.640	4,394.000000
1.446933	0.640	3,662.000000
1.457600	0.640	3,482.000000
1.468267	0.640	3,744.000000
1.478933	0.640	3,038.000000
1.489600	0.640	1,928.000000
1.500267	0.640	1,371.000000
1.510933	0.640	1,001.000000
1.521600	0.640	1,400.000000
1.532267	0.640	2,819.000000
1.542933	0.640	3,286.000000
1.553600	0.640	2,177.000000
1.564267	0.640	1,537.000000
1.574933	0.640	2,316.000000
1.585600	0.640	3,166.000000
1.596267	0.640	3,233.000000
1.606933	0.640	2,885.000000
1.617600	0.640	2,737.000000
1.628267	0.640	3,607.000000
1.638933	0.640	4,680.000000
1.649600	0.640	3,906.000000
1.660267	0.640	2,051.000000
1.670933	0.640	1,431.000000
1.681600	0.640	2,104.000000
1.692267	0.640	3,097.000000
1.702933	0.640	4,218.000000
1.713600	0.640	5,062.000000
1.724267	0.640	5,099.000000
1.734933	0.640	5,449.000000
1.745600	0.640	7,845.000000
1.756267	0.640	11,372.000000
1.766933	0.640	13,519.000000
1.777600	0.640	13,564.000000
1.788267	0.640	12,110.000000
1.798933	0.640	9,975.000000
1.809600	0.640	7,851.000000
1.820267	0.640	5,648.000000
1.830933	0.640	3,912.000000
1.841600	0.640	3,778.000000
1.852267	0.640	4,637.000000
1.862933	0.640	5,188.000000
1.873600	0.640	5,400.000000
1.884267	0.640	5,582.000000
1.894933	0.640	5,446.000000
1.905600	0.640	4,589.000000
1.916267	0.640	3,436.000000
1.926933	0.640	2,777.000000
1.937600	0.640	2,302.000000
1.948267	0.640	1,709.000000
1.958933	0.640	1,836.000000
1.969600	0.640	2,711.000000
1.980267	0.640	3,248.000000
1.990933	0.640	3,419.000000
2.001600	0.640	3,863.000000
2.012267	0.640	3,976.000000
2.022933	0.640	3,256.000000
2.033600	0.640	2,844.000000
2.044267	0.640	3,609.000000
2.054933	0.640	5,324.000000
2.065600	0.640	6,974.000000
2.076267	0.640	6,550.000000
2.086933	0.640	4,398.000000
2.097600	0.640	3,733.000000
2.108267	0.640	4,432.000000
2.118933	0.640	3,285.000000
2.129600	0.640	666.000000
2.140267	0.640	-44.000000
2.150933	0.640	1,621.000000
2.161600	0.640	2,881.000000
2.172267	0.640	2,819.000000
2.182933	0.640	2,804.000000
2.193600	0.640	2,695.000000
2.204267	0.640	2,156.000000
2.214933	0.640	2,667.000000
2.225600	0.640	4,385.000000
2.236267	0.640	5,018.000000
2.246933	0.640	3,794.000000
2.257600	0.640	3,153.000000
2.268267	0.640	5,083.000000
2.278933	0.640	8,122.000000
2.289600	0.640	9,276.000000
2.300267	0.640	7,624.000000
2.310933	0.640	4,680.000000
2.321600	0.640	2,250.000000
2.332267	0.640	1,241.000000
2.342933	0.640	1,687.000000
2.353600	0.640	2,776.000000
2.364267	0.640	3,221.000000
2.374933	0.640	2,832.000000
2.385600	0.640	2,643.000000
2.396267	0.640	3,129.000000
2.406933	0.640	3,905.000000
2.417600	0.640	4,012.000000
2.428267	0.640	2,836.000000
2.438933	0.640	1,742.000000
2.449600	0.640	2,243.000000
2.460267	0.640	3,553.000000
2.470933	0.640	3,941.000000
2.481600	0.640	3,292.000000
2.492267	0.640	3,168.000000
2.502933	0.640	4,101.000000
2.513600	0.640	4,950.000000
2.524267	0.640	4,687.000000
2.534933	0.640	3,227.000000
2.545600	0.640	1,676.000000
2.556267	0.640	1,144.000000
2.566933	0.640	1,443.000000
2.577600	0.640	1,794.000000
2.588267	0.640	1,857.000000
2.598933	0.640	1,842.000000
2.609600	0.640	1,912.000000
2.620267	0.640	2,023.000000
2.630933	0.640	2,042.000000
2.641600	0.640	1,777.000000
2.652267	0.640	1,177.000000
2.662933	0.640	531.000000
2.673600	0.640	825.000000
2.684267	0.640	2,661.000000
2.694933	0.640	4,892.000000
2.705600	0.640	6,819.000000
2.716267	0.640	9,586.000000
2.726933	0.640	13,270.000000
2.737600	0.640	15,859.000000
2.748267	0.640	15,499.000000
2.758933	0.640	12,643.000000
2.769600	0.640	9,611.000000
2.780267	0.640	7,189.000000
2.790933	0.640	4,552.000000
2.801600	0.640	2,442.000000
2.812267	0.640	2,162.000000
2.822933	0.640	2,905.000000
2.833600	0.640	2,995.000000
2.844267	0.640	2,147.000000
2.854933	0.640	1,376.000000
2.865600	0.640	1,330.000000
2.876267	0.640	1,434.000000
2.886933	0.640	1,089.000000
2.897600	0.640	858.000000
2.908267	0.640	1,338.000000
2.918933	0.640	2,043.000000
2.929600	0.640	2,383.000000
2.940267	0.640	2,575.000000
2.950933	0.640	3,138.000000
2.961600	0.640	3,991.000000
2.972267	0.640	4,785.000000
2.982933	0.640	6,038.000000
2.993600	0.640	8,898.000000
3.004267	0.640	14,094.000000
3.014933	0.640	22,891.000000
3.025600	0.640	38,617.000000
3.036267	0.640	65,291.000000
3.046933	0.640	108,673.000000
3.057600	0.640	181,429.000000
3.068267	0.640	307,585.000000
3.078933	0.640	533,071.000000
3.089600	0.640	942,371.000000
3.100267	0.640	1,647,940.000000
3.110933	0.640	2,724,129.000000
3.121600	0.640	4,116,371.000000
3.132267	0.640	5,589,497.000000
3.142933	0.640	6,782,892.000000
3.153600	0.640	7,384,322.000000
3.164267	0.640	7,309,701.000000
3.174933	0.640	6,738,325.000000
3.185600	0.640	5,966,151.000000
3.196267	0.640	5,229,188.000000
3.206933	0.640	4,648,326.000000
3.217600	0.640	4,251,017.000000
3.228267	0.640	3,996,550.000000
3.238933	0.640	3,814,167.000000
3.249600	0.640	3,651,204.000000
3.260267	0.640	3,483,940.000000
3.270933	0.640	3,288,007.000000
3.281600	0.640	3,035,231.000000
3.292267	0.640	2,716,397.000000
3.302933	0.640	2,341,495.000000
3.313600	0.640	1,934,377.000000
3.324267	0.640	1,530,043.000000
3.334933	0.640	1,158,360.000000
3.345600	0.640	837,201.000000
3.356267	0.640	578,953.000000
3.366933	0.640	386,594.000000
3.377600	0.640	251,176.000000
3.388267	0.640	160,906.000000
3.398933	0.640	104,264.000000
3.409600	0.640	68,712.000000
3.420267	0.640	45,027.000000
3.430933	0.640	29,445.000000
3.441600	0.640	20,321.000000
3.452267	0.640	15,578.000000
3.462933	0.640	13,149.000000
3.473600	0.640	11,646.000000
3.484267	0.640	10,100.000000
3.494933	0.640	8,586.000000
3.505600	0.640	7,907.000000
3.516267	0.640	7,837.000000
3.526933	0.640	7,666.000000
3.537600	0.640	7,692.000000
3.548267	0.640	8,659.000000
3.558933	0.640	10,080.000000
3.569600	0.640	10,518.000000
3.580267	0.640	9,147.000000
3.590933	0.640	6,175.000000
3.601600	0.640	3,692.000000
3.612267	0.640	3,963.000000
3.622933	0.640	5,531.000000
3.633600	0.640	5,599.000000
3.644267	0.640	4,388.000000
3.654933	0.640	3,614.000000
3.665600	0.640	3,559.000000
3.676267	0.640	3,328.000000
3.686933	0.640	2,459.000000
3.697600	0.640	1,380.000000
3.708267	0.640	1,398.000000
3.718933	0.640	3,105.000000
3.729600	0.640	4,486.000000
3.740267	0.640	4,221.000000
3.750933	0.640	4,045.000000
3.761600	0.640	4,705.000000
3.772267	0.640	5,049.000000
3.782933	0.640	5,287.000000
3.793600	0.640	6,532.000000
3.804267	0.640	8,735.000000
3.814933	0.640	11,828.000000
3.825600	0.640	17,508.000000
3.836267	0.640	26,506.000000
3.846933	0.640	35,660.000000
3.857600	0.640	41,366.000000
3.868267	0.640	42,801.000000
3.878933	0.640	40,943.000000
3.889600	0.640	37,837.000000
3.900267	0.640	35,054.000000
3.910933	0.640	31,975.000000
3.921600	0.640	27,974.000000
3.932267	0.640	24,219.000000
3.942933	0.640	21,294.000000
3.953600	0.640	18,073.000000
3.964267	0.640	14,008.000000
3.974933	0.640	10,086.000000
3.985600	0.640	7,327.000000
3.996267	0.640	5,745.000000
4.006933	0.640	4,786.000000
4.017600	0.640	4,341.000000
4.028267	0.640	4,807.000000
4.038933	0.640	5,992.000000
4.049600	0.640	7,194.000000
4.060267	0.640	8,050.000000
4.070933	0.640	7,837.000000
4.081600	0.640	6,310.000000
4.092267	0.640	5,508.000000
4.102933	0.640	6,573.000000
4.113600	0.640	7,691.000000
4.124267	0.640	8,097.000000
4.134933	0.640	8,611.000000
4.145600	0.640	8,665.000000
4.156267	0.640	7,852.000000
4.166933	0.640	7,303.000000
4.177600	0.640	7,232.000000
4.188267	0.640	6,672.000000
4.198933	0.640	5,383.000000
4.209600	0.640	4,160.000000
4.220267	0.640	4,148.000000
4.230933	0.640	4,989.000000
4.241600	0.640	4,661.000000
4.252267	0.640	2,621.000000
4.262933	0.640	729.000000
4.273600	0.640	1,047.000000
4.284267	0.640	3,366.000000
4.294933	0.640	4,831.000000
4.305600	0.640	3,776.000000
4.316267	0.640	2,482.000000
4.326933	0.640	3,165.000000
4.337600	0.640	4,156.000000
4.348267	0.640	3,680.000000
4.358933	0.640	3,102.000000
4.369600	0.640	3,640.000000
4.380267	0.640	4,959.000000
4.390933	0.640	7,125.000000
4.401600	0.640	9,907.000000
4.412267	0.640	12,058.000000
4.422933	0.640	12,460.000000
4.433600	0.640	10,862.000000
4.444267	0.640	8,533.000000
4.454933	0.640	7,542.000000
4.465600	0.640	8,404.000000
4.476267	0.640	9,439.000000
4.486933	0.640	9,292.000000
4.497600	0.640	8,637.000000
4.508267	0.640	8,097.000000
4.518933	0.640	7,479.000000
4.529600	0.640	7,496.000000
4.540267	0.640	9,138.000000
4.550933	0.640	12,342.000000
4.561600	0.640	16,809.000000
4.572267	0.640	23,380.000000
4.582933	0.640	34,580.000000
4.593600	0.640	54,501.000000
4.604267	0.640	89,356.000000
4.614933	0.640	149,008.000000
4.625600	0.640	248,017.000000
4.636267	0.640	410,506.000000
4.646933	0.640	676,451.000000
4.657600	0.640	1,098,466.000000
4.668267	0.640	1,753,335.000000
4.678933	0.640	2,809,203.000000
4.689600	0.640	4,612,968.000000
4.700267	0.640	7,608,096.000000
4.710933	0.640	11,864,536.000000
4.721600	0.640	16,463,534.000000
4.732267	0.640	19,557,403.000000
4.742933	0.640	19,509,391.000000
4.753600	0.640	16,231,360.000000
4.764267	0.640	11,329,611.000000
4.774933	0.640	6,827,068.000000
4.785600	0.640	3,795,328.000000
4.796267	0.640	2,146,186.000000
4.806933	0.640	1,312,687.000000
4.817600	0.640	845,593.000000
4.828267	0.640	546,361.000000
4.838933	0.640	350,509.000000
4.849600	0.640	223,839.000000
4.860267	0.640	140,614.000000
4.870933	0.640	88,056.000000
4.881600	0.640	58,499.000000
4.892267	0.640	42,372.000000
4.902933	0.640	31,879.000000
4.913600	0.640	24,504.000000
4.924267	0.640	20,576.000000
4.934933	0.640	18,432.000000
4.945600	0.640	15,361.000000
4.956267	0.640	12,468.000000
4.966933	0.640	12,263.000000
4.977600	0.640	13,679.000000
4.988267	0.640	13,882.000000
4.998933	0.640	12,003.000000
5.009600	0.640	9,435.000000
5.020267	0.640	7,861.000000
5.030933	0.640	7,735.000000
5.041600	0.640	8,503.000000
5.052267	0.640	9,354.000000
5.062933	0.640	9,795.000000
5.073600	0.640	9,341.000000
5.084267	0.640	7,528.000000
5.094933	0.640	5,755.000000
5.105600	0.640	6,107.000000
5.116267	0.640	7,754.000000
5.126933	0.640	8,222.000000
5.137600	0.640	7,059.000000
5.148267	0.640	5,966.000000
5.158933	0.640	5,927.000000
5.169600	0.640	6,417.000000
5.180267	0.640	7,551.000000
5.190933	0.640	9,305.000000
5.201600	0.640	10,367.000000
5.212267	0.640	10,333.000000
5.222933	0.640	9,263.000000
5.233600	0.640	6,632.000000
5.244267	0.640	3,798.000000
5.254933	0.640	3,279.000000
5.265600	0.640	4,831.000000
5.276267	0.640	6,310.000000
5.286933	0.640	7,244.000000
5.297600	0.640	8,415.000000
5.308267	0.640	9,593.000000
5.318933	0.640	9,942.000000
5.329600	0.640	9,204.000000
5.340267	0.640	8,270.000000
5.350933	0.640	8,716.000000
5.361600	0.640	9,965.000000
5.372267	0.640	9,984.000000
5.382933	0.640	9,518.000000
5.393600	0.640	10,110.000000
5.404267	0.640	10,390.000000
5.414933	0.640	9,307.000000
5.425600	0.640	8,391.000000
5.436267	0.640	8,480.000000
5.446933	0.640	9,470.000000
5.457600	0.640	11,474.000000
5.468267	0.640	12,841.000000
5.478933	0.640	12,689.000000
5.489600	0.640	13,544.000000
5.500267	0.640	16,525.000000
5.510933	0.640	20,013.000000
5.521600	0.640	24,167.000000
5.532267	0.640	31,108.000000
5.542933	0.640	41,577.000000
5.553600	0.640	55,036.000000
5.564267	0.640	70,920.000000
5.574933	0.640	85,688.000000
5.585600	0.640	92,983.000000
5.596267	0.640	91,422.000000
5.606933	0.640	86,220.000000
5.617600	0.640	80,146.000000
5.628267	0.640	70,406.000000
5.638933	0.640	56,389.000000
5.649600	0.640	42,532.000000
5.660267	0.640	31,856.000000
5.670933	0.640	23,621.000000
5.681600	0.640	17,333.000000
5.692267	0.640	13,196.000000
5.702933	0.640	10,604.000000
5.713600	0.640	9,577.000000
5.724267	0.640	10,213.000000
5.734933	0.640	11,027.000000
5.745600	0.640	10,908.000000
5.756267	0.640	9,909.000000
5.766933	0.640	8,278.000000
5.777600	0.640	7,010.000000
5.788267	0.640	6,876.000000
5.798933	0.640	7,437.000000
5.809600	0.640	8,134.000000
5.820267	0.640	8,440.000000
5.830933	0.640	8,087.000000
5.841600	0.640	7,602.000000
5.852267	0.640	7,510.000000
5.862933	0.640	7,526.000000
5.873600	0.640	7,041.000000
5.884267	0.640	6,340.000000
5.894933	0.640	6,352.000000
5.905600	0.640	7,567.000000
5.916267	0.640	9,475.000000
5.926933	0.640	10,391.000000
5.937600	0.640	9,656.000000
5.948267	0.640	8,598.000000
5.958933	0.640	7,319.000000
5.969600	0.640	5,732.000000
5.980267	0.640	5,743.000000
5.990933	0.640	7,160.000000
6.001600	0.640	7,887.000000
6.012267	0.640	7,839.000000
6.022933	0.640	7,688.000000
6.033600	0.640	7,773.000000
6.044267	0.640	8,235.000000
6.054933	0.640	8,302.000000
6.065600	0.640	7,410.000000
6.076267	0.640	6,816.000000
6.086933	0.640	8,468.000000
6.097600	0.640	11,974.000000
6.108267	0.640	15,191.000000
6.118933	0.640	18,253.000000
6.129600	0.640	23,601.000000
6.140267	0.640	32,601.000000
6.150933	0.640	44,506.000000
6.161600	0.640	57,026.000000
6.172267	0.640	66,164.000000
6.182933	0.640	67,487.000000
6.193600	0.640	60,475.000000
6.204267	0.640	49,693.000000
6.214933	0.640	39,631.000000
6.225600	0.640	31,516.000000
6.236267	0.640	24,741.000000
6.246933	0.640	18,302.000000
6.257600	0.640	12,351.000000
6.268267	0.640	8,664.000000
6.278933	0.640	8,271.000000
6.289600	0.640	10,676.000000
6.300267	0.640	15,287.000000
6.310933	0.640	20,902.000000
6.321600	0.640	25,808.000000
6.332267	0.640	30,668.000000
6.342933	0.640	39,132.000000
6.353600	0.640	54,488.000000
6.364267	0.640	78,148.000000
6.374933	0.640	113,738.000000
6.385600	0.640	171,347.000000
6.396267	0.640	265,334.000000
6.406933	0.640	406,213.000000
6.417600	0.640	589,940.000000
6.428267	0.640	787,569.000000
6.438933	0.640	949,604.000000
6.449600	0.640	1,031,243.000000
6.460267	0.640	1,009,605.000000
6.470933	0.640	887,886.000000
6.481600	0.640	701,249.000000
6.492267	0.640	502,258.000000
6.502933	0.640	331,684.000000
6.513600	0.640	207,503.000000
6.524267	0.640	127,395.000000
6.534933	0.640	77,768.000000
6.545600	0.640	47,885.000000
6.556267	0.640	32,784.000000
6.566933	0.640	26,515.000000
6.577600	0.640	23,834.000000
6.588267	0.640	24,689.000000
6.598933	0.640	29,408.000000
6.609600	0.640	35,237.000000
6.620267	0.640	40,018.000000
6.630933	0.640	43,884.000000
6.641600	0.640	46,820.000000
6.652267	0.640	46,565.000000
6.662933	0.640	40,988.000000
6.673600	0.640	32,252.000000
6.684267	0.640	25,012.000000
6.694933	0.640	21,638.000000
6.705600	0.640	21,529.000000
6.716267	0.640	22,230.000000
6.726933	0.640	20,715.000000
6.737600	0.640	16,360.000000
6.748267	0.640	12,001.000000
6.758933	0.640	10,504.000000
6.769600	0.640	11,409.000000
6.780267	0.640	12,448.000000
6.790933	0.640	12,640.000000
6.801600	0.640	12,172.000000
6.812267	0.640	11,990.000000
6.822933	0.640	13,357.000000
6.833600	0.640	15,868.000000
6.844267	0.640	17,993.000000
6.854933	0.640	19,499.000000
6.865600	0.640	21,487.000000
6.876267	0.640	24,262.000000
6.886933	0.640	26,145.000000
6.897600	0.640	25,833.000000
6.908267	0.640	24,277.000000
6.918933	0.640	22,610.000000
6.929600	0.640	20,998.000000
6.940267	0.640	20,591.000000
6.950933	0.640	23,972.000000
6.961600	0.640	31,432.000000
6.972267	0.640	39,096.000000
6.982933	0.640	43,333.000000
6.993600	0.640	43,641.000000
7.004267	0.640	40,407.000000
7.014933	0.640	34,255.000000
7.025600	0.640	27,157.000000
7.036267	0.640	21,170.000000
7.046933	0.640	16,776.000000
7.057600	0.640	13,686.000000
7.068267	0.640	11,987.000000
7.078933	0.640	11,276.000000
7.089600	0.640	10,462.000000
7.100267	0.640	9,104.000000
7.110933	0.640	7,842.000000
7.121600	0.640	7,423.000000
7.132267	0.640	7,680.000000
7.142933	0.640	7,990.000000
7.153600	0.640	8,272.000000
7.164267	0.640	8,810.000000
7.174933	0.640	9,313.000000
7.185600	0.640	9,655.000000
7.196267	0.640	10,685.000000
7.206933	0.640	11,801.000000
7.217600	0.640	11,111.000000
7.228267	0.640	9,203.000000
7.238933	0.640	8,357.000000
7.249600	0.640	8,934.000000
7.260267	0.640	9,228.000000
7.270933	0.640	8,741.000000
7.281600	0.640	9,553.000000
7.292267	0.640	11,924.000000
7.302933	0.640	13,266.000000
7.313600	0.640	13,166.000000
7.324267	0.640	12,695.000000
7.334933	0.640	11,716.000000
7.345600	0.640	10,764.000000
7.356267	0.640	10,297.000000
7.366933	0.640	9,622.000000
7.377600	0.640	9,132.000000
7.388267	0.640	9,482.000000
7.398933	0.640	9,837.000000
7.409600	0.640	9,864.000000
7.420267	0.640	10,082.000000
7.430933	0.640	10,129.000000
7.441600	0.640	9,994.000000
7.452267	0.640	10,566.000000
7.462933	0.640	11,445.000000
7.473600	0.640	11,341.000000
7.484267	0.640	10,372.000000
7.494933	0.640	9,967.000000
7.505600	0.640	10,725.000000
7.516267	0.640	11,711.000000
7.526933	0.640	12,179.000000
7.537600	0.640	11,785.000000
7.548267	0.640	10,112.000000
7.558933	0.640	8,384.000000
7.569600	0.640	8,441.000000
7.580267	0.640	9,533.000000
7.590933	0.640	9,902.000000
7.601600	0.640	9,675.000000
7.612267	0.640	9,634.000000
7.622933	0.640	9,638.000000
7.633600	0.640	9,338.000000
7.644267	0.640	8,521.000000
7.654933	0.640	7,398.000000
7.665600	0.640	7,201.000000
7.676267	0.640	8,855.000000
7.686933	0.640	11,950.000000
7.697600	0.640	15,812.000000
7.708267	0.640	20,342.000000
7.718933	0.640	26,262.000000
7.729600	0.640	35,989.000000
7.740267	0.640	54,148.000000
7.750933	0.640	84,723.000000
7.761600	0.640	129,009.000000
7.772267	0.640	189,234.000000
7.782933	0.640	272,398.000000
7.793600	0.640	393,862.000000
7.804267	0.640	581,121.000000
7.814933	0.640	870,893.000000
7.825600	0.640	1,306,555.000000
7.836267	0.640	1,952,377.000000
7.846933	0.640	2,916,097.000000
7.857600	0.640	4,385,384.000000
7.868267	0.640	6,724,412.000000
7.878933	0.640	10,523,456.000000
7.889600	0.640	16,373,046.000000
7.900267	0.640	24,380,291.000000
7.910933	0.640	33,641,492.000000
7.921600	0.640	42,034,773.000000
7.932267	0.640	46,885,008.000000
7.942933	0.640	46,382,470.000000
7.953600	0.640	40,656,641.000000
7.964267	0.640	31,666,571.000000
7.974933	0.640	22,085,331.000000
7.985600	0.640	14,004,294.000000
7.996267	0.640	8,283,239.000000
8.006933	0.640	4,740,976.000000
8.017600	0.640	2,730,119.000000
8.028267	0.640	1,616,488.000000
8.038933	0.640	985,415.000000
8.049600	0.640	616,833.000000
8.060267	0.640	393,919.000000
8.070933	0.640	253,744.000000
8.081600	0.640	165,814.000000
8.092267	0.640	114,227.000000
8.102933	0.640	85,802.000000
8.113600	0.640	69,503.000000
8.124267	0.640	60,156.000000
8.134933	0.640	55,802.000000
8.145600	0.640	53,473.000000
8.156267	0.640	49,975.000000
8.166933	0.640	44,623.000000
8.177600	0.640	38,856.000000
8.188267	0.640	33,130.000000
8.198933	0.640	27,146.000000
8.209600	0.640	22,127.000000
8.220267	0.640	19,730.000000
8.230933	0.640	20,197.000000
8.241600	0.640	22,353.000000
8.252267	0.640	24,201.000000
8.262933	0.640	23,879.000000
8.273600	0.640	21,284.000000
8.284267	0.640	18,374.000000
8.294933	0.640	16,747.000000
8.305600	0.640	16,650.000000
8.316267	0.640	17,789.000000
8.326933	0.640	18,950.000000
8.337600	0.640	18,587.000000
8.348267	0.640	16,535.000000
8.358933	0.640	14,277.000000
8.369600	0.640	13,307.000000
8.380267	0.640	13,753.000000
8.390933	0.640	14,999.000000
8.401600	0.640	16,390.000000
8.412267	0.640	17,133.000000
8.422933	0.640	16,728.000000
8.433600	0.640	15,697.000000
8.444267	0.640	15,115.000000
8.454933	0.640	15,269.000000
8.465600	0.640	15,533.000000
8.476267	0.640	16,216.000000
8.486933	0.640	19,142.000000
8.497600	0.640	25,620.000000
8.508267	0.640	35,614.000000
8.518933	0.640	47,779.000000
8.529600	0.640	59,683.000000
8.540267	0.640	69,813.000000
8.550933	0.640	78,943.000000
8.561600	0.640	90,912.000000
8.572267	0.640	113,415.000000
8.582933	0.640	154,539.000000
8.593600	0.640	220,660.000000
8.604267	0.640	325,815.000000
8.614933	0.640	495,178.000000
8.625600	0.640	751,540.000000
8.636267	0.640	1,116,806.000000
8.646933	0.640	1,633,200.000000
8.657600	0.640	2,374,939.000000
8.668267	0.640	3,468,416.000000
8.678933	0.640	5,140,951.000000
8.689600	0.640	7,760,617.000000
8.700267	0.640	11,811,406.000000
8.710933	0.640	17,718,756.000000
8.721600	0.640	25,470,630.000000
8.732267	0.640	34,191,000.000000
8.742933	0.640	42,034,863.000000
8.753600	0.640	46,734,913.000000
8.764267	0.640	46,677,044.000000
8.774933	0.640	41,807,083.000000
8.785600	0.640	33,668,824.000000
8.796267	0.640	24,535,719.000000
8.806933	0.640	16,338,208.000000
8.817600	0.640	10,102,762.000000
8.828267	0.640	5,961,261.000000
8.838933	0.640	3,471,733.000000
8.849600	0.640	2,043,135.000000
8.860267	0.640	1,226,444.000000
8.870933	0.640	759,242.000000
8.881600	0.640	489,742.000000
8.892267	0.640	325,591.000000
8.902933	0.640	219,029.000000
8.913600	0.640	149,980.000000
8.924267	0.640	107,416.000000
8.934933	0.640	82,180.000000
8.945600	0.640	66,787.000000
8.956267	0.640	55,907.000000
8.966933	0.640	47,615.000000
8.977600	0.640	42,117.000000
8.988267	0.640	38,270.000000
8.998933	0.640	34,299.000000
9.009600	0.640	30,868.000000
9.020267	0.640	29,577.000000
9.030933	0.640	30,031.000000
9.041600	0.640	30,626.000000
9.052267	0.640	29,855.000000
9.062933	0.640	27,280.000000
9.073600	0.640	24,507.000000
9.084267	0.640	23,532.000000
9.094933	0.640	23,993.000000
9.105600	0.640	23,380.000000
9.116267	0.640	21,148.000000
9.126933	0.640	20,232.000000
9.137600	0.640	21,859.000000
9.148267	0.640	23,652.000000
9.158933	0.640	24,531.000000
9.169600	0.640	25,349.000000
9.180267	0.640	25,831.000000
9.190933	0.640	25,769.000000
9.201600	0.640	26,255.000000
9.212267	0.640	27,495.000000
9.222933	0.640	28,038.000000
9.233600	0.640	26,994.000000
9.244267	0.640	25,080.000000
9.254933	0.640	23,258.000000
9.265600	0.640	21,749.000000
9.276267	0.640	19,933.000000
9.286933	0.640	17,860.000000
9.297600	0.640	16,892.000000
9.308267	0.640	17,384.000000
9.318933	0.640	18,667.000000
9.329600	0.640	19,860.000000
9.340267	0.640	19,974.000000
9.350933	0.640	19,496.000000
9.361600	0.640	19,255.000000
9.372267	0.640	18,970.000000
9.382933	0.640	18,434.000000
9.393600	0.640	17,586.000000
9.404267	0.640	16,800.000000
9.414933	0.640	17,038.000000
9.425600	0.640	18,141.000000
9.436267	0.640	18,693.000000
9.446933	0.640	18,258.000000
9.457600	0.640	18,025.000000
9.468267	0.640	18,402.000000
9.478933	0.640	18,874.000000
9.489600	0.640	20,194.000000
9.500267	0.640	22,653.000000
9.510933	0.640	25,204.000000
9.521600	0.640	28,589.000000
9.532267	0.640	34,483.000000
9.542933	0.640	42,126.000000
9.553600	0.640	49,158.000000
9.564267	0.640	54,305.000000
9.574933	0.640	58,319.000000
9.585600	0.640	63,229.000000
9.596267	0.640	71,789.000000
9.606933	0.640	87,471.000000
9.617600	0.640	113,683.000000
9.628267	0.640	154,711.000000
9.638933	0.640	219,026.000000
9.649600	0.640	318,328.000000
9.660267	0.640	461,245.000000
9.670933	0.640	647,076.000000
9.681600	0.640	855,945.000000
9.692267	0.640	1,038,788.000000
9.702933	0.640	1,130,161.000000
9.713600	0.640	1,089,706.000000
9.724267	0.640	933,432.000000
9.734933	0.640	717,254.000000
9.745600	0.640	498,586.000000
9.756267	0.640	317,110.000000
9.766933	0.640	191,418.000000
9.777600	0.640	118,811.000000
9.788267	0.640	80,855.000000
9.798933	0.640	59,232.000000
9.809600	0.640	47,180.000000
9.820267	0.640	41,908.000000
9.830933	0.640	37,558.000000
9.841600	0.640	31,884.000000
9.852267	0.640	28,312.000000
9.862933	0.640	27,849.000000
9.873600	0.640	28,024.000000
9.884267	0.640	29,428.000000
9.894933	0.640	34,915.000000
9.905600	0.640	44,683.000000
9.916267	0.640	57,309.000000
9.926933	0.640	72,947.000000
9.937600	0.640	93,548.000000
9.948267	0.640	123,359.000000
9.958933	0.640	169,053.000000
9.969600	0.640	236,344.000000
9.980267	0.640	333,212.000000
9.990933	0.640	477,914.000000
10.001600	0.640	699,867.000000
10.012267	0.640	1,045,703.000000
10.022933	0.640	1,582,640.000000
10.033600	0.640	2,363,476.000000
10.044267	0.640	3,349,980.000000
10.054933	0.640	4,352,035.000000
10.065600	0.640	5,077,071.000000
10.076267	0.640	5,280,788.000000
10.086933	0.640	4,887,504.000000
10.097600	0.640	4,017,978.000000
10.108267	0.640	2,938,526.000000
10.118933	0.640	1,934,091.000000
10.129600	0.640	1,175,902.000000
10.140267	0.640	689,676.000000
10.150933	0.640	414,187.000000
10.161600	0.640	269,205.000000
10.172267	0.640	193,028.000000
10.182933	0.640	150,073.000000
10.193600	0.640	124,239.000000
10.204267	0.640	109,422.000000
10.214933	0.640	102,160.000000
10.225600	0.640	99,407.000000
10.236267	0.640	97,527.000000
10.246933	0.640	92,990.000000
10.257600	0.640	84,987.000000
10.268267	0.640	74,781.000000
10.278933	0.640	63,879.000000
10.289600	0.640	53,993.000000
10.300267	0.640	46,629.000000
10.310933	0.640	41,295.000000
10.321600	0.640	36,096.000000
10.332267	0.640	31,004.000000
10.342933	0.640	27,573.000000
10.353600	0.640	26,268.000000
10.364267	0.640	26,552.000000
10.374933	0.640	28,095.000000
10.385600	0.640	30,127.000000
10.396267	0.640	31,278.000000
10.406933	0.640	31,653.000000
10.417600	0.640	32,172.000000
10.428267	0.640	32,112.000000
10.438933	0.640	31,430.000000
10.449600	0.640	31,759.000000
10.460267	0.640	31,889.000000
10.470933	0.640	29,351.000000
10.481600	0.640	25,985.000000
10.492267	0.640	24,403.000000
10.502933	0.640	23,539.000000
10.513600	0.640	22,162.000000
10.524267	0.640	21,348.000000
10.534933	0.640	22,058.000000
10.545600	0.640	23,274.000000
10.556267	0.640	23,427.000000
10.566933	0.640	23,087.000000
10.577600	0.640	24,045.000000
10.588267	0.640	25,731.000000
10.598933	0.640	26,357.000000
10.609600	0.640	26,201.000000
10.620267	0.640	25,784.000000
10.630933	0.640	24,150.000000
10.641600	0.640	21,483.000000
10.652267	0.640	19,723.000000
10.662933	0.640	19,896.000000
10.673600	0.640	21,612.000000
10.684267	0.640	24,521.000000
10.694933	0.640	27,830.000000
10.705600	0.640	29,936.000000
10.716267	0.640	30,255.000000
10.726933	0.640	29,464.000000
10.737600	0.640	28,365.000000
10.748267	0.640	27,634.000000
10.758933	0.640	27,054.000000
10.769600	0.640	25,412.000000
10.780267	0.640	22,568.000000
10.790933	0.640	20,307.000000
10.801600	0.640	20,505.000000
10.812267	0.640	23,534.000000
10.822933	0.640	26,876.000000
10.833600	0.640	26,972.000000
10.844267	0.640	24,694.000000
10.854933	0.640	23,614.000000
10.865600	0.640	24,601.000000
10.876267	0.640	26,755.000000
10.886933	0.640	28,319.000000
10.897600	0.640	27,763.000000
10.908267	0.640	27,652.000000
10.918933	0.640	32,533.000000
10.929600	0.640	43,138.000000
10.940267	0.640	56,221.000000
10.950933	0.640	70,477.000000
10.961600	0.640	91,038.000000
10.972267	0.640	124,794.000000
10.982933	0.640	174,264.000000
10.993600	0.640	242,044.000000
11.004267	0.640	338,188.000000
11.014933	0.640	481,166.000000
11.025600	0.640	699,065.000000
11.036267	0.640	1,023,675.000000
11.046933	0.640	1,472,536.000000
11.057600	0.640	2,037,389.000000
11.068267	0.640	2,667,199.000000
11.078933	0.640	3,243,210.000000
11.089600	0.640	3,603,969.000000
11.100267	0.640	3,629,258.000000
11.110933	0.640	3,306,724.000000
11.121600	0.640	2,736,119.000000
11.132267	0.640	2,077,409.000000
11.142933	0.640	1,473,896.000000
11.153600	0.640	1,012,890.000000
11.164267	0.640	728,874.000000
11.174933	0.640	607,700.000000
11.185600	0.640	607,808.000000
11.196267	0.640	697,159.000000
11.206933	0.640	858,844.000000
11.217600	0.640	1,082,848.000000
11.228267	0.640	1,383,205.000000
11.238933	0.640	1,809,045.000000
11.249600	0.640	2,436,894.000000
11.260267	0.640	3,386,714.000000
11.270933	0.640	4,857,102.000000
11.281600	0.640	7,122,436.000000
11.292267	0.640	10,435,343.000000
11.302933	0.640	14,817,306.000000
11.313600	0.640	19,819,709.000000
11.324267	0.640	24,450,620.000000
11.334933	0.640	27,432,833.000000
11.345600	0.640	27,759,875.000000
11.356267	0.640	25,249,288.000000
11.366933	0.640	20,660,422.000000
11.377600	0.640	15,274,283.000000
11.388267	0.640	10,292,780.000000
11.398933	0.640	6,428,640.000000
11.409600	0.640	3,821,286.000000
11.420267	0.640	2,230,940.000000
11.430933	0.640	1,317,577.000000
11.441600	0.640	804,876.000000
11.452267	0.640	511,976.000000
11.462933	0.640	336,713.000000
11.473600	0.640	226,888.000000
11.484267	0.640	157,258.000000
11.494933	0.640	115,774.000000
11.505600	0.640	91,341.000000
11.516267	0.640	74,952.000000
11.526933	0.640	65,252.000000
11.537600	0.640	61,717.000000
11.548267	0.640	61,045.000000
11.558933	0.640	61,463.000000
11.569600	0.640	62,136.000000
11.580267	0.640	61,838.000000
11.590933	0.640	59,906.000000
11.601600	0.640	55,486.000000
11.612267	0.640	49,078.000000
11.622933	0.640	43,845.000000
11.633600	0.640	40,885.000000
11.644267	0.640	38,276.000000
11.654933	0.640	36,179.000000
11.665600	0.640	35,542.000000
11.676267	0.640	35,085.000000
11.686933	0.640	34,670.000000
11.697600	0.640	36,247.000000
11.708267	0.640	39,298.000000
11.718933	0.640	40,975.000000
11.729600	0.640	41,487.000000
11.740267	0.640	42,956.000000
11.750933	0.640	45,070.000000
11.761600	0.640	47,259.000000
11.772267	0.640	50,062.000000
11.782933	0.640	53,729.000000
11.793600	0.640	60,343.000000
11.804267	0.640	73,966.000000
11.814933	0.640	96,953.000000
11.825600	0.640	130,755.000000
11.836267	0.640	179,993.000000
11.846933	0.640	252,817.000000
11.857600	0.640	359,602.000000
11.868267	0.640	512,699.000000
11.878933	0.640	723,501.000000
11.889600	0.640	1,004,062.000000
11.900267	0.640	1,386,557.000000
11.910933	0.640	1,945,864.000000
11.921600	0.640	2,809,466.000000
11.932267	0.640	4,173,578.000000
11.942933	0.640	6,300,920.000000
11.953600	0.640	9,403,380.000000
11.964267	0.640	13,398,943.000000
11.974933	0.640	17,705,501.000000
11.985600	0.640	21,276,478.000000
11.996267	0.640	22,971,659.000000
12.006933	0.640	22,137,824.000000
12.017600	0.640	19,006,927.000000
12.028267	0.640	14,566,841.000000
12.038933	0.640	10,031,990.000000
12.049600	0.640	6,308,296.000000
12.060267	0.640	3,729,750.000000
12.070933	0.640	2,156,487.000000
12.081600	0.640	1,267,621.000000
12.092267	0.640	778,978.000000
12.102933	0.640	505,120.000000
12.113600	0.640	342,098.000000
12.124267	0.640	238,850.000000
12.134933	0.640	172,726.000000
12.145600	0.640	129,633.000000
12.156267	0.640	99,016.000000
12.166933	0.640	78,505.000000
12.177600	0.640	68,438.000000
12.188267	0.640	63,661.000000
12.198933	0.640	58,515.000000
12.209600	0.640	52,630.000000
12.220267	0.640	47,872.000000
12.230933	0.640	45,285.000000
12.241600	0.640	44,450.000000
12.252267	0.640	44,095.000000
12.262933	0.640	43,832.000000
12.273600	0.640	43,295.000000
12.284267	0.640	41,845.000000
12.294933	0.640	40,505.000000
12.305600	0.640	40,421.000000
12.316267	0.640	40,985.000000
12.326933	0.640	41,597.000000
12.337600	0.640	42,212.000000
12.348267	0.640	42,093.000000
12.358933	0.640	40,635.000000
12.369600	0.640	38,793.000000
12.380267	0.640	38,347.000000
12.390933	0.640	39,701.000000
12.401600	0.640	41,400.000000
12.412267	0.640	42,871.000000
12.422933	0.640	44,714.000000
12.433600	0.640	45,872.000000
12.444267	0.640	45,433.000000
12.454933	0.640	45,293.000000
12.465600	0.640	46,569.000000
12.476267	0.640	47,459.000000
12.486933	0.640	46,804.000000
12.497600	0.640	45,777.000000
12.508267	0.640	45,881.000000
12.518933	0.640	47,200.000000
12.529600	0.640	48,366.000000
12.540267	0.640	48,951.000000
12.550933	0.640	50,583.000000
12.561600	0.640	53,392.000000
12.572267	0.640	55,099.000000
12.582933	0.640	55,020.000000
12.593600	0.640	54,558.000000
12.604267	0.640	54,231.000000
12.614933	0.640	53,324.000000
12.625600	0.640	51,393.000000
12.636267	0.640	48,931.000000
12.646933	0.640	46,970.000000
12.657600	0.640	45,795.000000
12.668267	0.640	45,275.000000
12.678933	0.640	45,464.000000
12.689600	0.640	45,495.000000
12.700267	0.640	44,660.000000
12.710933	0.640	43,458.000000
12.721600	0.640	42,520.000000
12.732267	0.640	42,012.000000
12.742933	0.640	42,117.000000
12.753600	0.640	43,387.000000
12.764267	0.640	45,058.000000
12.774933	0.640	46,017.000000
12.785600	0.640	46,900.000000
12.796267	0.640	47,884.000000
12.806933	0.640	49,170.000000
12.817600	0.640	51,740.000000
12.828267	0.640	54,058.000000
12.838933	0.640	53,853.000000
12.849600	0.640	51,702.000000
12.860267	0.640	48,589.000000
12.870933	0.640	44,366.000000
12.881600	0.640	40,113.000000
12.892267	0.640	37,266.000000
12.902933	0.640	34,990.000000
12.913600	0.640	32,666.000000
12.924267	0.640	31,900.000000
12.934933	0.640	32,831.000000
12.945600	0.640	33,150.000000
12.956267	0.640	32,227.000000
12.966933	0.640	31,627.000000
12.977600	0.640	31,832.000000
12.988267	0.640	32,005.000000
12.998933	0.640	31,798.000000
13.009600	0.640	31,493.000000
13.020267	0.640	31,446.000000
13.030933	0.640	31,829.000000
13.041600	0.640	32,732.000000
13.052267	0.640	33,726.000000
13.062933	0.640	33,814.000000
13.073600	0.640	33,190.000000
13.084267	0.640	32,936.000000
13.094933	0.640	33,288.000000
13.105600	0.640	33,913.000000
13.116267	0.640	34,311.000000
13.126933	0.640	33,969.000000
13.137600	0.640	32,327.000000
13.148267	0.640	29,823.000000
13.158933	0.640	28,592.000000
13.169600	0.640	29,702.000000
13.180267	0.640	32,478.000000
13.190933	0.640	35,858.000000
13.201600	0.640	37,919.000000
13.212267	0.640	37,119.000000
13.222933	0.640	34,364.000000
13.233600	0.640	32,078.000000
13.244267	0.640	31,677.000000
13.254933	0.640	32,540.000000
13.265600	0.640	33,112.000000
13.276267	0.640	33,063.000000
13.286933	0.640	33,785.000000
13.297600	0.640	35,993.000000
13.308267	0.640	38,047.000000
13.318933	0.640	37,172.000000
13.329600	0.640	33,385.000000
13.340267	0.640	30,649.000000
13.350933	0.640	30,669.000000
13.361600	0.640	30,722.000000
13.372267	0.640	29,579.000000
13.382933	0.640	28,738.000000
13.393600	0.640	29,169.000000
13.404267	0.640	30,554.000000
13.414933	0.640	31,844.000000
13.425600	0.640	32,029.000000
13.436267	0.640	30,883.000000
13.446933	0.640	29,388.000000
13.457600	0.640	28,694.000000
13.468267	0.640	28,556.000000
13.478933	0.640	28,872.000000
13.489600	0.640	30,315.000000
13.500267	0.640	32,213.000000
13.510933	0.640	32,725.000000
13.521600	0.640	30,850.000000
13.532267	0.640	28,046.000000
13.542933	0.640	26,902.000000
13.553600	0.640	27,645.000000
13.564267	0.640	28,728.000000
13.574933	0.640	29,900.000000
13.585600	0.640	31,666.000000
13.596267	0.640	32,990.000000
13.606933	0.640	32,353.000000
13.617600	0.640	30,167.000000
13.628267	0.640	28,681.000000
13.638933	0.640	29,471.000000
13.649600	0.640	31,015.000000
13.660267	0.640	31,666.000000
13.670933	0.640	32,876.000000
13.681600	0.640	34,802.000000
13.692267	0.640	35,111.000000
13.702933	0.640	34,641.000000
13.713600	0.640	36,256.000000
13.724267	0.640	39,598.000000
13.734933	0.640	43,545.000000
13.745600	0.640	49,390.000000
13.756267	0.640	57,618.000000
13.766933	0.640	66,606.000000
13.777600	0.640	76,124.000000
13.788267	0.640	87,278.000000
13.798933	0.640	100,176.000000
13.809600	0.640	115,971.000000
13.820267	0.640	137,688.000000
13.830933	0.640	167,293.000000
13.841600	0.640	204,549.000000
13.852267	0.640	250,797.000000
13.862933	0.640	314,832.000000
13.873600	0.640	409,374.000000
13.884267	0.640	542,741.000000
13.894933	0.640	721,906.000000
13.905600	0.640	952,294.000000
13.916267	0.640	1,222,383.000000
13.926933	0.640	1,502,905.000000
13.937600	0.640	1,759,091.000000
13.948267	0.640	1,943,761.000000
13.958933	0.640	2,004,898.000000
13.969600	0.640	1,926,449.000000
13.980267	0.640	1,735,066.000000
13.990933	0.640	1,467,639.000000
14.001600	0.640	1,162,910.000000
14.012267	0.640	866,792.000000
14.022933	0.640	616,509.000000
14.033600	0.640	427,262.000000
14.044267	0.640	297,867.000000
14.054933	0.640	217,197.000000
14.065600	0.640	169,810.000000
14.076267	0.640	142,666.000000
14.086933	0.640	126,291.000000
14.097600	0.640	115,622.000000
14.108267	0.640	109,242.000000
14.118933	0.640	104,341.000000
14.129600	0.640	96,716.000000
14.140267	0.640	86,163.000000
14.150933	0.640	76,375.000000
14.161600	0.640	69,368.000000
14.172267	0.640	63,531.000000
14.182933	0.640	56,375.000000
14.193600	0.640	48,672.000000
14.204267	0.640	43,990.000000
14.214933	0.640	42,395.000000
14.225600	0.640	40,436.000000
14.236267	0.640	38,331.000000
14.246933	0.640	38,661.000000
14.257600	0.640	39,789.000000
14.268267	0.640	39,076.000000
14.278933	0.640	37,402.000000
14.289600	0.640	36,377.000000
14.300267	0.640	37,119.000000
14.310933	0.640	40,010.000000
14.321600	0.640	42,774.000000
14.332267	0.640	43,819.000000
14.342933	0.640	45,831.000000
14.353600	0.640	49,820.000000
14.364267	0.640	51,632.000000
14.374933	0.640	49,988.000000
14.385600	0.640	48,855.000000
14.396267	0.640	49,913.000000
14.406933	0.640	50,825.000000
14.417600	0.640	49,689.000000
14.428267	0.640	47,065.000000
14.438933	0.640	44,764.000000
14.449600	0.640	43,968.000000
14.460267	0.640	44,185.000000
14.470933	0.640	44,084.000000
14.481600	0.640	43,956.000000
14.492267	0.640	44,982.000000
14.502933	0.640	46,177.000000
14.513600	0.640	46,897.000000
14.524267	0.640	47,725.000000
14.534933	0.640	46,659.000000
14.545600	0.640	43,235.000000
14.556267	0.640	41,783.000000
14.566933	0.640	44,225.000000
14.577600	0.640	47,313.000000
14.588267	0.640	48,162.000000
14.598933	0.640	47,126.000000
14.609600	0.640	46,757.000000
14.620267	0.640	49,726.000000
14.630933	0.640	55,878.000000
14.641600	0.640	63,505.000000
14.652267	0.640	73,139.000000
14.662933	0.640	84,435.000000
14.673600	0.640	93,499.000000
14.684267	0.640	96,920.000000
14.694933	0.640	93,302.000000
14.705600	0.640	84,351.000000
14.716267	0.640	75,091.000000
14.726933	0.640	68,080.000000
14.737600	0.640	62,643.000000
14.748267	0.640	59,298.000000
14.758933	0.640	59,462.000000
14.769600	0.640	64,269.000000
14.780267	0.640	73,923.000000
14.790933	0.640	84,710.000000
14.801600	0.640	90,523.000000
14.812267	0.640	90,408.000000
14.822933	0.640	89,022.000000
14.833600	0.640	88,635.000000
14.844267	0.640	87,907.000000
14.854933	0.640	86,757.000000
14.865600	0.640	85,497.000000
14.876267	0.640	81,795.000000
14.886933	0.640	73,395.000000
14.897600	0.640	62,855.000000
14.908267	0.640	55,850.000000
14.918933	0.640	54,307.000000
14.929600	0.640	54,865.000000
14.940267	0.640	54,527.000000
14.950933	0.640	53,428.000000
14.961600	0.640	51,998.000000
14.972267	0.640	50,398.000000
14.982933	0.640	50,183.000000
14.993600	0.640	52,847.000000
15.004267	0.640	57,077.000000
15.014933	0.640	59,609.000000
15.025600	0.640	59,810.000000
15.036267	0.640	59,884.000000
15.046933	0.640	59,925.000000
15.057600	0.640	59,009.000000
15.068267	0.640	59,056.000000
15.078933	0.640	60,979.000000
15.089600	0.640	62,588.000000
15.100267	0.640	63,787.000000
15.110933	0.640	66,554.000000
15.121600	0.640	70,998.000000
15.132267	0.640	76,403.000000
15.142933	0.640	81,846.000000
15.153600	0.640	84,703.000000
15.164267	0.640	82,977.000000
15.174933	0.640	77,567.000000
15.185600	0.640	70,674.000000
15.196267	0.640	64,686.000000
15.206933	0.640	61,505.000000
15.217600	0.640	61,532.000000
15.228267	0.640	63,848.000000
15.238933	0.640	66,390.000000
15.249600	0.640	67,129.000000
15.260267	0.640	65,981.000000
15.270933	0.640	64,391.000000
15.281600	0.640	63,931.000000
15.292267	0.640	64,763.000000
15.302933	0.640	64,915.000000
15.313600	0.640	63,416.000000
15.324267	0.640	62,301.000000
15.334933	0.640	63,413.000000
15.345600	0.640	66,076.000000
15.356267	0.640	68,470.000000
15.366933	0.640	69,453.000000
15.377600	0.640	68,934.000000
15.388267	0.640	67,701.000000
15.398933	0.640	66,870.000000
15.409600	0.640	67,165.000000
15.420267	0.640	68,679.000000
15.430933	0.640	69,820.000000
15.441600	0.640	69,049.000000
15.452267	0.640	68,565.000000
15.462933	0.640	70,006.000000
15.473600	0.640	70,865.000000
15.484267	0.640	71,340.000000
15.494933	0.640	74,427.000000
15.505600	0.640	78,367.000000
15.516267	0.640	80,467.000000
15.526933	0.640	83,724.000000
15.537600	0.640	91,806.000000
15.548267	0.640	104,873.000000
15.558933	0.640	122,875.000000
15.569600	0.640	144,051.000000
15.580267	0.640	160,822.000000
15.590933	0.640	164,671.000000
15.601600	0.640	153,898.000000
15.612267	0.640	134,408.000000
15.622933	0.640	114,735.000000
15.633600	0.640	100,198.000000
15.644267	0.640	91,133.000000
15.654933	0.640	85,973.000000
15.665600	0.640	83,338.000000
15.676267	0.640	81,074.000000
15.686933	0.640	77,518.000000
15.697600	0.640	74,294.000000
15.708267	0.640	74,693.000000
15.718933	0.640	78,684.000000
15.729600	0.640	82,637.000000
15.740267	0.640	85,094.000000
15.750933	0.640	88,649.000000
15.761600	0.640	97,102.000000
15.772267	0.640	113,783.000000
15.782933	0.640	142,423.000000
15.793600	0.640	190,616.000000
15.804267	0.640	272,387.000000
15.814933	0.640	410,845.000000
15.825600	0.640	641,094.000000
15.836267	0.640	1,023,994.000000
15.846933	0.640	1,695,141.000000
15.857600	0.640	2,904,742.000000
15.868267	0.640	4,921,541.000000
15.878933	0.640	7,729,354.000000
15.889600	0.640	10,692,157.000000
15.900267	0.640	12,633,214.000000
15.910933	0.640	12,547,664.000000
15.921600	0.640	10,411,376.000000
15.932267	0.640	7,247,922.000000
15.942933	0.640	4,337,585.000000
15.953600	0.640	2,370,539.000000
15.964267	0.640	1,305,262.000000
15.974933	0.640	788,978.000000
15.985600	0.640	529,435.000000
15.996267	0.640	381,353.000000
16.006933	0.640	288,783.000000
16.017600	0.640	229,070.000000
16.028267	0.640	191,186.000000
16.038933	0.640	169,902.000000
16.049600	0.640	160,704.000000
16.060267	0.640	158,439.000000
16.070933	0.640	162,829.000000
16.081600	0.640	175,561.000000
16.092267	0.640	191,089.000000
16.102933	0.640	200,181.000000
16.113600	0.640	199,325.000000
16.124267	0.640	193,118.000000
16.134933	0.640	188,830.000000
16.145600	0.640	188,499.000000
16.156267	0.640	190,120.000000
16.166933	0.640	191,365.000000
16.177600	0.640	188,447.000000
16.188267	0.640	180,499.000000
16.198933	0.640	171,774.000000
16.209600	0.640	165,028.000000
16.220267	0.640	160,344.000000
16.230933	0.640	160,593.000000
16.241600	0.640	170,225.000000
16.252267	0.640	186,447.000000
16.262933	0.640	199,963.000000
16.273600	0.640	204,481.000000
16.284267	0.640	196,787.000000
16.294933	0.640	176,242.000000
16.305600	0.640	150,884.000000
16.316267	0.640	132,517.000000
16.326933	0.640	124,784.000000
16.337600	0.640	123,088.000000
16.348267	0.640	122,306.000000
16.358933	0.640	121,486.000000
16.369600	0.640	122,306.000000
16.380267	0.640	124,627.000000
16.390933	0.640	126,625.000000
16.401600	0.640	126,586.000000
16.412267	0.640	124,010.000000
16.422933	0.640	122,479.000000
16.433600	0.640	126,378.000000
16.444267	0.640	134,574.000000
16.454933	0.640	145,582.000000
16.465600	0.640	166,426.000000
16.476267	0.640	210,467.000000
16.486933	0.640	292,544.000000
16.497600	0.640	433,385.000000
16.508267	0.640	668,301.000000
16.518933	0.640	1,052,922.000000
16.529600	0.640	1,677,511.000000
16.540267	0.640	2,722,597.000000
16.550933	0.640	4,551,553.000000
16.561600	0.640	7,733,879.000000
16.572267	0.640	12,775,056.000000
16.582933	0.640	19,415,528.000000
16.593600	0.640	25,978,539.000000
16.604267	0.640	29,790,196.000000
16.614933	0.640	28,900,451.000000
16.625600	0.640	23,649,096.000000
16.636267	0.640	16,429,115.000000
16.646933	0.640	9,904,343.000000
16.657600	0.640	5,447,566.000000
16.668267	0.640	2,970,761.000000
16.678933	0.640	1,740,649.000000
16.689600	0.640	1,116,253.000000
16.700267	0.640	757,976.000000
16.710933	0.640	532,290.000000
16.721600	0.640	388,953.000000
16.732267	0.640	299,712.000000
16.742933	0.640	243,353.000000
16.753600	0.640	206,366.000000
16.764267	0.640	182,543.000000
16.774933	0.640	168,669.000000
16.785600	0.640	161,680.000000
16.796267	0.640	158,915.000000
16.806933	0.640	159,617.000000
16.817600	0.640	164,538.000000
16.828267	0.640	174,716.000000
16.838933	0.640	190,313.000000
16.849600	0.640	207,896.000000
16.860267	0.640	221,462.000000
16.870933	0.640	226,578.000000
16.881600	0.640	221,704.000000
16.892267	0.640	208,277.000000
16.902933	0.640	191,523.000000
16.913600	0.640	178,198.000000
16.924267	0.640	170,749.000000
16.934933	0.640	166,664.000000
16.945600	0.640	163,476.000000
16.956267	0.640	159,938.000000
16.966933	0.640	155,112.000000
16.977600	0.640	150,400.000000
16.988267	0.640	149,597.000000
16.998933	0.640	153,259.000000
17.009600	0.640	156,718.000000
17.020267	0.640	157,271.000000
17.030933	0.640	157,198.000000
17.041600	0.640	158,682.000000
17.052267	0.640	162,163.000000
17.062933	0.640	168,060.000000
17.073600	0.640	177,395.000000
17.084267	0.640	192,328.000000
17.094933	0.640	214,866.000000
17.105600	0.640	246,876.000000
17.116267	0.640	291,707.000000
17.126933	0.640	352,003.000000
17.137600	0.640	431,196.000000
17.148267	0.640	531,855.000000
17.158933	0.640	642,776.000000
17.169600	0.640	743,638.000000
17.180267	0.640	822,217.000000
17.190933	0.640	870,113.000000
17.201600	0.640	875,942.000000
17.212267	0.640	834,470.000000
17.222933	0.640	752,720.000000
17.233600	0.640	645,351.000000
17.244267	0.640	529,095.000000
17.254933	0.640	421,341.000000
17.265600	0.640	334,746.000000
17.276267	0.640	271,044.000000
17.286933	0.640	227,042.000000
17.297600	0.640	200,629.000000
17.308267	0.640	185,988.000000
17.318933	0.640	175,717.000000
17.329600	0.640	169,182.000000
17.340267	0.640	166,858.000000
17.350933	0.640	164,872.000000
17.361600	0.640	162,661.000000
17.372267	0.640	164,139.000000
17.382933	0.640	169,578.000000
17.393600	0.640	174,397.000000
17.404267	0.640	176,856.000000
17.414933	0.640	180,949.000000
17.425600	0.640	189,538.000000
17.436267	0.640	199,277.000000
17.446933	0.640	205,169.000000
17.457600	0.640	208,427.000000
17.468267	0.640	214,692.000000
17.478933	0.640	226,996.000000
17.489600	0.640	244,837.000000
17.500267	0.640	263,769.000000
17.510933	0.640	277,662.000000
17.521600	0.640	287,706.000000
17.532267	0.640	301,431.000000
17.542933	0.640	321,948.000000
17.553600	0.640	350,034.000000
17.564267	0.640	390,669.000000
17.574933	0.640	445,982.000000
17.585600	0.640	507,820.000000
17.596267	0.640	561,029.000000
17.606933	0.640	591,624.000000
17.617600	0.640	589,806.000000
17.628267	0.640	552,223.000000
17.638933	0.640	490,047.000000
17.649600	0.640	422,386.000000
17.660267	0.640	362,146.000000
17.670933	0.640	316,987.000000
17.681600	0.640	288,751.000000
17.692267	0.640	273,115.000000
17.702933	0.640	266,356.000000
17.713600	0.640	264,247.000000
17.724267	0.640	261,826.000000
17.734933	0.640	258,329.000000
17.745600	0.640	256,320.000000
17.756267	0.640	256,672.000000
17.766933	0.640	256,290.000000
17.777600	0.640	253,839.000000
17.788267	0.640	253,733.000000
17.798933	0.640	257,987.000000
17.809600	0.640	261,759.000000
17.820267	0.640	262,183.000000
17.830933	0.640	262,756.000000
17.841600	0.640	265,790.000000
17.852267	0.640	268,944.000000
17.862933	0.640	271,218.000000
17.873600	0.640	274,460.000000
17.884267	0.640	278,876.000000
17.894933	0.640	283,296.000000
17.905600	0.640	287,077.000000
17.916267	0.640	289,654.000000
17.926933	0.640	292,128.000000
17.937600	0.640	297,068.000000
17.948267	0.640	304,303.000000
17.958933	0.640	311,039.000000
17.969600	0.640	316,812.000000
17.980267	0.640	323,528.000000
17.990933	0.640	330,518.000000
18.001600	0.640	334,923.000000
18.012267	0.640	336,814.000000
18.022933	0.640	339,483.000000
18.033600	0.640	345,282.000000
18.044267	0.640	353,131.000000
18.054933	0.640	361,513.000000
18.065600	0.640	373,900.000000
18.076267	0.640	392,161.000000
18.086933	0.640	409,299.000000
18.097600	0.640	424,291.000000
18.108267	0.640	450,533.000000
18.118933	0.640	499,911.000000
18.129600	0.640	574,395.000000
18.140267	0.640	675,414.000000
18.150933	0.640	812,720.000000
18.161600	0.640	1,005,859.000000
18.172267	0.640	1,281,249.000000
18.182933	0.640	1,665,254.000000
18.193600	0.640	2,186,487.000000
18.204267	0.640	2,890,764.000000
18.214933	0.640	3,844,863.000000
18.225600	0.640	5,138,746.000000
18.236267	0.640	6,920,100.000000
18.246933	0.640	9,428,993.000000
18.257600	0.640	13,002,504.000000
18.268267	0.640	18,058,158.000000
18.278933	0.640	24,975,926.000000
18.289600	0.640	33,853,749.000000
18.300267	0.640	44,234,138.000000
18.310933	0.640	54,933,992.000000
18.321600	0.640	64,173,090.000000
18.332267	0.640	70,001,944.000000
18.342933	0.640	70,923,073.000000
18.353600	0.640	66,568,433.000000
18.364267	0.640	57,913,823.000000
18.374933	0.640	46,797,074.000000
18.385600	0.640	35,217,860.000000
18.396267	0.640	24,803,871.000000
18.406933	0.640	16,502,667.000000
18.417600	0.640	10,519,716.000000
18.428267	0.640	6,527,201.000000
18.438933	0.640	4,012,008.000000
18.449600	0.640	2,506,355.000000
18.460267	0.640	1,648,330.000000
18.470933	0.640	1,181,458.000000
18.481600	0.640	948,642.000000
18.492267	0.640	874,203.000000
18.502933	0.640	924,409.000000
18.513600	0.640	1,075,807.000000
18.524267	0.640	1,317,726.000000
18.534933	0.640	1,667,134.000000
18.545600	0.640	2,159,738.000000
18.556267	0.640	2,841,260.000000
18.566933	0.640	3,804,693.000000
18.577600	0.640	5,224,053.000000
18.588267	0.640	7,313,584.000000
18.598933	0.640	10,255,135.000000
18.609600	0.640	14,128,473.000000
18.620267	0.640	18,778,156.000000
18.630933	0.640	23,666,876.000000
18.641600	0.640	27,914,962.000000
18.652267	0.640	30,577,256.000000
18.662933	0.640	30,997,259.000000
18.673600	0.640	29,055,417.000000
18.684267	0.640	25,201,432.000000
18.694933	0.640	20,265,697.000000
18.705600	0.640	15,158,672.000000
18.716267	0.640	10,604,979.000000
18.726933	0.640	7,003,503.000000
18.737600	0.640	4,427,070.000000
18.748267	0.640	2,726,015.000000
18.758933	0.640	1,667,360.000000
18.769600	0.640	1,033,525.000000
18.780267	0.640	659,645.000000
18.790933	0.640	438,262.000000
18.801600	0.640	306,413.000000
18.812267	0.640	226,791.000000
18.822933	0.640	178,089.000000
18.833600	0.640	149,189.000000
18.844267	0.640	132,774.000000
18.854933	0.640	123,666.000000
18.865600	0.640	120,057.000000
18.876267	0.640	121,197.000000
18.886933	0.640	126,084.000000
18.897600	0.640	136,025.000000
18.908267	0.640	151,823.000000
18.918933	0.640	171,784.000000
18.929600	0.640	197,440.000000
18.940267	0.640	233,232.000000
18.950933	0.640	280,490.000000
18.961600	0.640	338,788.000000
18.972267	0.640	412,765.000000
18.982933	0.640	513,532.000000
18.993600	0.640	650,567.000000
19.004267	0.640	832,091.000000
19.014933	0.640	1,080,933.000000
19.025600	0.640	1,435,756.000000
19.036267	0.640	1,935,543.000000
19.046933	0.640	2,611,773.000000
19.057600	0.640	3,476,212.000000
19.068267	0.640	4,493,682.000000
19.078933	0.640	5,562,373.000000
19.089600	0.640	6,521,464.000000
19.100267	0.640	7,194,628.000000
19.110933	0.640	7,444,003.000000
19.121600	0.640	7,203,265.000000
19.132267	0.640	6,512,753.000000
19.142933	0.640	5,522,090.000000
19.153600	0.640	4,409,681.000000
19.164267	0.640	3,315,788.000000
19.174933	0.640	2,347,548.000000
19.185600	0.640	1,580,289.000000
19.196267	0.640	1,034,720.000000
19.206933	0.640	675,913.000000
19.217600	0.640	448,050.000000
19.228267	0.640	309,302.000000
19.238933	0.640	230,847.000000
19.249600	0.640	185,516.000000
19.260267	0.640	154,977.000000
19.270933	0.640	133,854.000000
19.281600	0.640	121,864.000000
19.292267	0.640	117,671.000000
19.302933	0.640	116,691.000000
19.313600	0.640	114,156.000000
19.324267	0.640	110,694.000000
19.334933	0.640	109,459.000000
19.345600	0.640	109,555.000000
19.356267	0.640	108,036.000000
19.366933	0.640	105,840.000000
19.377600	0.640	106,833.000000
19.388267	0.640	110,833.000000
19.398933	0.640	114,503.000000
19.409600	0.640	118,695.000000
19.420267	0.640	124,856.000000
19.430933	0.640	130,206.000000
19.441600	0.640	132,584.000000
19.452267	0.640	133,151.000000
19.462933	0.640	135,024.000000
19.473600	0.640	140,282.000000
19.484267	0.640	147,746.000000
19.494933	0.640	153,836.000000
19.505600	0.640	154,283.000000
19.516267	0.640	149,310.000000
19.526933	0.640	144,120.000000
19.537600	0.640	140,792.000000
19.548267	0.640	138,094.000000
19.558933	0.640	135,877.000000
19.569600	0.640	133,073.000000
19.580267	0.640	129,165.000000
19.590933	0.640	126,571.000000
19.601600	0.640	126,047.000000
19.612267	0.640	126,157.000000
19.622933	0.640	128,094.000000
19.633600	0.640	134,209.000000
19.644267	0.640	142,327.000000
19.654933	0.640	148,137.000000
19.665600	0.640	152,604.000000
19.676267	0.640	159,326.000000
19.686933	0.640	168,040.000000
19.697600	0.640	177,782.000000
19.708267	0.640	189,590.000000
19.718933	0.640	202,716.000000
19.729600	0.640	215,508.000000
19.740267	0.640	229,579.000000
19.750933	0.640	247,773.000000
19.761600	0.640	270,463.000000
19.772267	0.640	298,298.000000
19.782933	0.640	335,361.000000
19.793600	0.640	385,191.000000
19.804267	0.640	448,317.000000
19.814933	0.640	525,908.000000
19.825600	0.640	617,222.000000
19.836267	0.640	716,506.000000
19.846933	0.640	820,888.000000
19.857600	0.640	928,137.000000
19.868267	0.640	1,027,570.000000
19.878933	0.640	1,108,470.000000
19.889600	0.640	1,165,435.000000
19.900267	0.640	1,191,853.000000
19.910933	0.640	1,180,784.000000
19.921600	0.640	1,130,020.000000
19.932267	0.640	1,044,692.000000
19.942933	0.640	935,660.000000
19.953600	0.640	813,201.000000
19.964267	0.640	685,830.000000
19.974933	0.640	564,020.000000
19.985600	0.640	456,653.000000
19.996267	0.640	365,361.000000
20.006933	0.640	289,191.000000
20.017600	0.640	229,864.000000
20.028267	0.640	186,965.000000
20.038933	0.640	155,038.000000
20.049600	0.640	129,046.000000
20.060267	0.640	108,293.000000
20.070933	0.640	94,535.000000
20.081600	0.640	87,243.000000
20.092267	0.640	82,542.000000
20.102933	0.640	78,196.000000
20.113600	0.640	75,525.000000
20.124267	0.640	74,931.000000
20.134933	0.640	74,665.000000
20.145600	0.640	74,592.000000
20.156267	0.640	76,291.000000
20.166933	0.640	80,036.000000
20.177600	0.640	84,539.000000
20.188267	0.640	88,881.000000
20.198933	0.640	92,529.000000
20.209600	0.640	93,853.000000
20.220267	0.640	91,435.000000
20.230933	0.640	86,924.000000
20.241600	0.640	83,567.000000
20.252267	0.640	81,507.000000
20.262933	0.640	78,236.000000
20.273600	0.640	73,102.000000
20.284267	0.640	67,414.000000
20.294933	0.640	62,248.000000
20.305600	0.640	58,273.000000
20.316267	0.640	55,529.000000
20.326933	0.640	53,138.000000
20.337600	0.640	50,488.000000
20.348267	0.640	48,670.000000
20.358933	0.640	48,956.000000
20.369600	0.640	49,853.000000
20.380267	0.640	48,951.000000
20.390933	0.640	46,929.000000
20.401600	0.640	46,296.000000
20.412267	0.640	47,652.000000
20.422933	0.640	49,634.000000
20.433600	0.640	50,850.000000
20.444267	0.640	50,651.000000
20.454933	0.640	49,121.000000
20.465600	0.640	47,323.000000
20.476267	0.640	46,617.000000
20.486933	0.640	46,568.000000
20.497600	0.640	45,624.000000
20.508267	0.640	43,890.000000
20.518933	0.640	42,526.000000
20.529600	0.640	42,175.000000
20.540267	0.640	42,667.000000
20.550933	0.640	42,881.000000
20.561600	0.640	42,631.000000
20.572267	0.640	42,942.000000
20.582933	0.640	43,915.000000
20.593600	0.640	45,212.000000
20.604267	0.640	46,214.000000
20.614933	0.640	45,853.000000
20.625600	0.640	45,120.000000
20.636267	0.640	46,097.000000
20.646933	0.640	48,381.000000
20.657600	0.640	50,977.000000
20.668267	0.640	54,507.000000
20.678933	0.640	58,362.000000
20.689600	0.640	60,959.000000
20.700267	0.640	63,819.000000
20.710933	0.640	69,973.000000
20.721600	0.640	79,090.000000
20.732267	0.640	88,560.000000
20.742933	0.640	97,233.000000
20.753600	0.640	105,866.000000
20.764267	0.640	116,339.000000
20.774933	0.640	130,780.000000
20.785600	0.640	149,857.000000
20.796267	0.640	172,703.000000
20.806933	0.640	201,383.000000
20.817600	0.640	240,792.000000
20.828267	0.640	291,336.000000
20.838933	0.640	352,831.000000
20.849600	0.640	430,547.000000
20.860267	0.640	525,856.000000
20.870933	0.640	632,580.000000
20.881600	0.640	743,918.000000
20.892267	0.640	852,361.000000
20.902933	0.640	948,895.000000
20.913600	0.640	1,027,094.000000
20.924267	0.640	1,083,828.000000
20.934933	0.640	1,114,618.000000
20.945600	0.640	1,111,227.000000
20.956267	0.640	1,073,625.000000
20.966933	0.640	1,017,334.000000
20.977600	0.640	954,883.000000
20.988267	0.640	890,255.000000
20.998933	0.640	834,577.000000
21.009600	0.640	798,503.000000
21.020267	0.640	781,999.000000
21.030933	0.640	789,497.000000
21.041600	0.640	833,617.000000
21.052267	0.640	919,560.000000
21.062933	0.640	1,037,934.000000
21.073600	0.640	1,176,280.000000
21.084267	0.640	1,340,192.000000
21.094933	0.640	1,551,963.000000
21.105600	0.640	1,824,578.000000
21.116267	0.640	2,155,798.000000
21.126933	0.640	2,548,110.000000
21.137600	0.640	3,013,388.000000
21.148267	0.640	3,552,908.000000
21.158933	0.640	4,142,306.000000
21.169600	0.640	4,739,857.000000
21.180267	0.640	5,307,004.000000
21.190933	0.640	5,807,761.000000
21.201600	0.640	6,184,349.000000
21.212267	0.640	6,366,002.000000
21.222933	0.640	6,317,332.000000
21.233600	0.640	6,049,235.000000
21.244267	0.640	5,585,124.000000
21.254933	0.640	4,960,547.000000
21.265600	0.640	4,247,788.000000
21.276267	0.640	3,525,165.000000
21.286933	0.640	2,834,236.000000
21.297600	0.640	2,202,075.000000
21.308267	0.640	1,661,663.000000
21.318933	0.640	1,227,477.000000
21.329600	0.640	889,465.000000
21.340267	0.640	634,704.000000
21.350933	0.640	453,067.000000
21.361600	0.640	328,909.000000
21.372267	0.640	244,176.000000
21.382933	0.640	186,718.000000
21.393600	0.640	149,647.000000
21.404267	0.640	127,861.000000
21.414933	0.640	117,614.000000
21.425600	0.640	115,596.000000
21.436267	0.640	117,246.000000
21.446933	0.640	118,788.000000
21.457600	0.640	119,435.000000
21.468267	0.640	119,080.000000
21.478933	0.640	118,010.000000
21.489600	0.640	117,928.000000
21.500267	0.640	118,671.000000
21.510933	0.640	117,019.000000
21.521600	0.640	111,322.000000
21.532267	0.640	103,852.000000
21.542933	0.640	96,318.000000
21.553600	0.640	87,586.000000
21.564267	0.640	77,772.000000
21.574933	0.640	69,451.000000
21.585600	0.640	63,957.000000
21.596267	0.640	60,084.000000
21.606933	0.640	56,987.000000
21.617600	0.640	54,467.000000
21.628267	0.640	51,632.000000
21.638933	0.640	49,307.000000
21.649600	0.640	48,536.000000
21.660267	0.640	47,480.000000
21.670933	0.640	45,508.000000
21.681600	0.640	44,540.000000
21.692267	0.640	45,243.000000
21.702933	0.640	46,737.000000
21.713600	0.640	47,582.000000
21.724267	0.640	46,902.000000
21.734933	0.640	46,135.000000
21.745600	0.640	46,787.000000
21.756267	0.640	47,834.000000
21.766933	0.640	47,687.000000
21.777600	0.640	46,506.000000
21.788267	0.640	45,631.000000
21.798933	0.640	45,931.000000
21.809600	0.640	47,254.000000
21.820267	0.640	48,124.000000
21.830933	0.640	46,945.000000
21.841600	0.640	44,887.000000
21.852267	0.640	44,183.000000
21.862933	0.640	44,632.000000
21.873600	0.640	45,652.000000
21.884267	0.640	47,555.000000
21.894933	0.640	49,181.000000
21.905600	0.640	49,380.000000
21.916267	0.640	48,765.000000
21.926933	0.640	48,303.000000
21.937600	0.640	48,676.000000
21.948267	0.640	49,016.000000
21.958933	0.640	48,039.000000
21.969600	0.640	46,972.000000
21.980267	0.640	46,972.000000
21.990933	0.640	47,424.000000
22.001600	0.640	48,873.000000
22.012267	0.640	51,657.000000
22.022933	0.640	53,534.000000
22.033600	0.640	53,078.000000
22.044267	0.640	51,645.000000
22.054933	0.640	51,040.000000
22.065600	0.640	51,600.000000
22.076267	0.640	52,154.000000
22.086933	0.640	52,143.000000
22.097600	0.640	52,958.000000
22.108267	0.640	55,202.000000
22.118933	0.640	57,081.000000
22.129600	0.640	58,230.000000
22.140267	0.640	60,585.000000
22.150933	0.640	64,333.000000
22.161600	0.640	67,870.000000
22.172267	0.640	70,748.000000
22.182933	0.640	74,603.000000
22.193600	0.640	80,744.000000
22.204267	0.640	88,484.000000
22.214933	0.640	97,803.000000
22.225600	0.640	109,352.000000
22.236267	0.640	122,566.000000
22.246933	0.640	138,049.000000
22.257600	0.640	158,352.000000
22.268267	0.640	184,242.000000
22.278933	0.640	214,472.000000
22.289600	0.640	248,793.000000
22.300267	0.640	287,871.000000
22.310933	0.640	333,657.000000
22.321600	0.640	389,467.000000
22.332267	0.640	458,058.000000
22.342933	0.640	540,104.000000
22.353600	0.640	634,556.000000
22.364267	0.640	742,948.000000
22.374933	0.640	871,048.000000
22.385600	0.640	1,029,740.000000
22.396267	0.640	1,232,830.000000
22.406933	0.640	1,489,353.000000
22.417600	0.640	1,807,245.000000
22.428267	0.640	2,194,141.000000
22.438933	0.640	2,652,604.000000
22.449600	0.640	3,190,743.000000
22.460267	0.640	3,817,925.000000
22.470933	0.640	4,519,640.000000
22.481600	0.640	5,257,097.000000
22.492267	0.640	5,988,761.000000
22.502933	0.640	6,670,500.000000
22.513600	0.640	7,241,907.000000
22.524267	0.640	7,646,835.000000
22.534933	0.640	7,860,002.000000
22.545600	0.640	7,862,914.000000
22.556267	0.640	7,628,982.000000
22.566933	0.640	7,168,299.000000
22.577600	0.640	6,536,510.000000
22.588267	0.640	5,784,387.000000
22.598933	0.640	4,958,208.000000
22.609600	0.640	4,123,685.000000
22.620267	0.640	3,334,737.000000
22.630933	0.640	2,616,232.000000
22.641600	0.640	1,987,318.000000
22.652267	0.640	1,467,650.000000
22.662933	0.640	1,064,037.000000
22.673600	0.640	761,488.000000
22.684267	0.640	536,040.000000
22.694933	0.640	373,560.000000
22.705600	0.640	264,931.000000
22.716267	0.640	195,285.000000
22.726933	0.640	147,980.000000
22.737600	0.640	113,637.000000
22.748267	0.640	90,430.000000
22.758933	0.640	76,428.000000
22.769600	0.640	67,157.000000
22.780267	0.640	60,268.000000
22.790933	0.640	56,438.000000
22.801600	0.640	55,205.000000
22.812267	0.640	54,644.000000
22.822933	0.640	54,817.000000
22.833600	0.640	56,030.000000
22.844267	0.640	56,525.000000
22.854933	0.640	55,964.000000
22.865600	0.640	56,098.000000
22.876267	0.640	57,457.000000
22.886933	0.640	59,211.000000
22.897600	0.640	61,438.000000
22.908267	0.640	65,117.000000
22.918933	0.640	70,880.000000
22.929600	0.640	79,466.000000
22.940267	0.640	91,363.000000
22.950933	0.640	105,849.000000
22.961600	0.640	122,643.000000
22.972267	0.640	143,167.000000
22.982933	0.640	168,959.000000
22.993600	0.640	202,514.000000
23.004267	0.640	248,699.000000
23.014933	0.640	308,682.000000
23.025600	0.640	380,673.000000
23.036267	0.640	470,641.000000
23.046933	0.640	586,942.000000
23.057600	0.640	729,653.000000
23.068267	0.640	897,323.000000
23.078933	0.640	1,099,218.000000
23.089600	0.640	1,356,438.000000
23.100267	0.640	1,686,284.000000
23.110933	0.640	2,102,523.000000
23.121600	0.640	2,638,827.000000
23.132267	0.640	3,347,858.000000
23.142933	0.640	4,287,121.000000
23.153600	0.640	5,511,373.000000
23.164267	0.640	7,066,892.000000
23.174933	0.640	8,995,459.000000
23.185600	0.640	11,303,396.000000
23.196267	0.640	13,891,334.000000
23.206933	0.640	16,539,562.000000
23.217600	0.640	18,964,915.000000
23.228267	0.640	20,869,724.000000
23.238933	0.640	21,973,654.000000
23.249600	0.640	22,065,210.000000
23.260267	0.640	21,076,217.000000
23.270933	0.640	19,141,470.000000
23.281600	0.640	16,550,465.000000
23.292267	0.640	13,627,601.000000
23.302933	0.640	10,679,203.000000
23.313600	0.640	7,970,821.000000
23.324267	0.640	5,682,584.000000
23.334933	0.640	3,893,970.000000
23.345600	0.640	2,591,336.000000
23.356267	0.640	1,688,378.000000
23.366933	0.640	1,080,150.000000
23.377600	0.640	687,900.000000
23.388267	0.640	453,959.000000
23.398933	0.640	324,133.000000
23.409600	0.640	252,085.000000
23.420267	0.640	209,860.000000
23.430933	0.640	185,006.000000
23.441600	0.640	170,529.000000
23.452267	0.640	161,504.000000
23.462933	0.640	153,725.000000
23.473600	0.640	142,504.000000
23.484267	0.640	128,108.000000
23.494933	0.640	116,364.000000
23.505600	0.640	108,980.000000
23.516267	0.640	102,048.000000
23.526933	0.640	95,454.000000
23.537600	0.640	92,506.000000
23.548267	0.640	92,247.000000
23.558933	0.640	91,903.000000
23.569600	0.640	91,479.000000
23.580267	0.640	91,229.000000
23.590933	0.640	89,603.000000
23.601600	0.640	84,629.000000
23.612267	0.640	76,630.000000
23.622933	0.640	69,779.000000
23.633600	0.640	67,446.000000
23.644267	0.640	66,880.000000
23.654933	0.640	64,311.000000
23.665600	0.640	61,861.000000
23.676267	0.640	62,432.000000
23.686933	0.640	63,425.000000
23.697600	0.640	61,730.000000
23.708267	0.640	58,820.000000
23.718933	0.640	57,825.000000
23.729600	0.640	59,498.000000
23.740267	0.640	61,929.000000
23.750933	0.640	62,972.000000
23.761600	0.640	62,261.000000
23.772267	0.640	61,834.000000
23.782933	0.640	63,923.000000
23.793600	0.640	66,999.000000
23.804267	0.640	68,352.000000
23.814933	0.640	68,588.000000
23.825600	0.640	68,700.000000
23.836267	0.640	68,541.000000
23.846933	0.640	68,512.000000
23.857600	0.640	67,940.000000
23.868267	0.640	66,140.000000
23.878933	0.640	64,616.000000
23.889600	0.640	63,576.000000
23.900267	0.640	61,789.000000
23.910933	0.640	61,284.000000
23.921600	0.640	63,702.000000
23.932267	0.640	65,478.000000
23.942933	0.640	64,486.000000
23.953600	0.640	64,753.000000
23.964267	0.640	69,419.000000
23.974933	0.640	76,176.000000
23.985600	0.640	83,999.000000
23.996267	0.640	95,828.000000
24.006933	0.640	110,327.000000
24.017600	0.640	120,047.000000
24.028267	0.640	120,236.000000
24.038933	0.640	113,092.000000
24.049600	0.640	102,716.000000
24.060267	0.640	90,682.000000
24.070933	0.640	78,595.000000
24.081600	0.640	69,987.000000
24.092267	0.640	66,240.000000
24.102933	0.640	65,293.000000
24.113600	0.640	65,183.000000
24.124267	0.640	64,500.000000
24.134933	0.640	62,296.000000
24.145600	0.640	60,967.000000
24.156267	0.640	63,798.000000
24.166933	0.640	68,314.000000
24.177600	0.640	69,215.000000
24.188267	0.640	66,657.000000
24.198933	0.640	64,604.000000
24.209600	0.640	64,458.000000
24.220267	0.640	65,312.000000
24.230933	0.640	66,702.000000
24.241600	0.640	68,466.000000
24.252267	0.640	70,076.000000
24.262933	0.640	71,243.000000
24.273600	0.640	72,819.000000
24.284267	0.640	76,578.000000
24.294933	0.640	82,410.000000
24.305600	0.640	87,536.000000
24.316267	0.640	91,130.000000
24.326933	0.640	95,465.000000
24.337600	0.640	101,595.000000
24.348267	0.640	108,729.000000
24.358933	0.640	117,939.000000
24.369600	0.640	133,961.000000
24.380267	0.640	164,210.000000
24.390933	0.640	219,860.000000
24.401600	0.640	315,989.000000
24.412267	0.640	470,256.000000
24.422933	0.640	712,128.000000
24.433600	0.640	1,089,587.000000
24.444267	0.640	1,661,588.000000
24.454933	0.640	2,513,408.000000
24.465600	0.640	3,800,010.000000
24.476267	0.640	5,783,578.000000
24.486933	0.640	8,892,243.000000
24.497600	0.640	13,742,577.000000
24.508267	0.640	20,853,901.000000
24.518933	0.640	30,036,422.000000
24.529600	0.640	39,911,672.000000
24.540267	0.640	47,975,462.000000
24.550933	0.640	51,463,368.000000
24.561600	0.640	48,866,542.000000
24.572267	0.640	40,982,752.000000
24.582933	0.640	30,477,974.000000
24.593600	0.640	20,332,382.000000
24.604267	0.640	12,428,277.000000
24.614933	0.640	7,182,848.000000
24.625600	0.640	4,090,322.000000
24.636267	0.640	2,399,118.000000
24.646933	0.640	1,485,032.000000
24.657600	0.640	960,425.000000
24.668267	0.640	636,183.000000
24.678933	0.640	434,237.000000
24.689600	0.640	314,182.000000
24.700267	0.640	241,249.000000
24.710933	0.640	193,402.000000
24.721600	0.640	163,603.000000
24.732267	0.640	146,863.000000
24.742933	0.640	137,640.000000
24.753600	0.640	133,879.000000
24.764267	0.640	134,465.000000
24.774933	0.640	137,172.000000
24.785600	0.640	142,459.000000
24.796267	0.640	151,978.000000
24.806933	0.640	163,587.000000
24.817600	0.640	175,228.000000
24.828267	0.640	188,249.000000
24.838933	0.640	202,640.000000
24.849600	0.640	217,152.000000
24.860267	0.640	235,638.000000
24.870933	0.640	262,584.000000
24.881600	0.640	296,914.000000
24.892267	0.640	339,824.000000
24.902933	0.640	396,774.000000
24.913600	0.640	476,520.000000
24.924267	0.640	598,288.000000
24.934933	0.640	791,680.000000
24.945600	0.640	1,105,458.000000
24.956267	0.640	1,643,934.000000
24.966933	0.640	2,646,083.000000
24.977600	0.640	4,571,802.000000
24.988267	0.640	7,940,284.000000
24.998933	0.640	12,694,514.000000
25.009600	0.640	17,525,189.000000
25.020267	0.640	20,204,875.000000
25.030933	0.640	19,207,926.000000
25.041600	0.640	15,095,839.000000
25.052267	0.640	10,036,772.000000
25.062933	0.640	6,014,631.000000
25.073600	0.640	3,665,800.000000
25.084267	0.640	2,540,382.000000
25.094933	0.640	1,962,891.000000
25.105600	0.640	1,540,791.000000
25.116267	0.640	1,171,082.000000
25.126933	0.640	865,595.000000
25.137600	0.640	635,905.000000
25.148267	0.640	471,832.000000
25.158933	0.640	357,629.000000
25.169600	0.640	279,232.000000
25.180267	0.640	223,073.000000
25.190933	0.640	180,648.000000
25.201600	0.640	151,207.000000
25.212267	0.640	135,279.000000
25.222933	0.640	128,097.000000
25.233600	0.640	122,491.000000
25.244267	0.640	115,741.000000
25.254933	0.640	109,132.000000
25.265600	0.640	103,103.000000
25.276267	0.640	97,648.000000
25.286933	0.640	93,655.000000
25.297600	0.640	90,398.000000
25.308267	0.640	86,296.000000
25.318933	0.640	82,371.000000
25.329600	0.640	81,264.000000
25.340267	0.640	83,547.000000
25.350933	0.640	86,842.000000
25.361600	0.640	88,532.000000
25.372267	0.640	88,293.000000
25.382933	0.640	87,250.000000
25.393600	0.640	85,989.000000
25.404267	0.640	85,186.000000
25.414933	0.640	86,846.000000
25.425600	0.640	91,708.000000
25.436267	0.640	97,691.000000
25.446933	0.640	102,744.000000
25.457600	0.640	105,446.000000
25.468267	0.640	105,117.000000
25.478933	0.640	103,719.000000
25.489600	0.640	103,705.000000
25.500267	0.640	104,900.000000
25.510933	0.640	105,836.000000
25.521600	0.640	105,847.000000
25.532267	0.640	104,980.000000
25.542933	0.640	104,171.000000
25.553600	0.640	104,581.000000
25.564267	0.640	104,815.000000
25.574933	0.640	102,463.000000
25.585600	0.640	98,299.000000
25.596267	0.640	94,734.000000
25.606933	0.640	92,176.000000
25.617600	0.640	89,441.000000
25.628267	0.640	86,399.000000
25.638933	0.640	84,705.000000
25.649600	0.640	85,271.000000
25.660267	0.640	85,867.000000
25.670933	0.640	84,499.000000
25.681600	0.640	83,386.000000
25.692267	0.640	84,337.000000
25.702933	0.640	85,394.000000
25.713600	0.640	84,897.000000
25.724267	0.640	83,260.000000
25.734933	0.640	81,600.000000
25.745600	0.640	80,712.000000
25.756267	0.640	81,607.000000
25.766933	0.640	85,456.000000
25.777600	0.640	89,348.000000
25.788267	0.640	88,369.000000
25.798933	0.640	85,367.000000
25.809600	0.640	87,639.000000
25.820267	0.640	94,349.000000
25.830933	0.640	99,285.000000
25.841600	0.640	101,817.000000
25.852267	0.640	104,920.000000
25.862933	0.640	108,187.000000
25.873600	0.640	110,806.000000
25.884267	0.640	115,328.000000
25.894933	0.640	123,962.000000
25.905600	0.640	136,419.000000
25.916267	0.640	150,479.000000
25.926933	0.640	162,039.000000
25.937600	0.640	168,443.000000
25.948267	0.640	171,162.000000
25.958933	0.640	172,243.000000
25.969600	0.640	170,828.000000
25.980267	0.640	166,884.000000
25.990933	0.640	166,976.000000
26.001600	0.640	180,974.000000
26.012267	0.640	216,439.000000
26.022933	0.640	286,945.000000
26.033600	0.640	426,890.000000
26.044267	0.640	713,435.000000
26.054933	0.640	1,316,799.000000
26.065600	0.640	2,516,580.000000
26.076267	0.640	4,520,213.000000
26.086933	0.640	7,049,995.000000
26.097600	0.640	9,071,321.000000
26.108267	0.640	9,287,666.000000
26.118933	0.640	7,342,104.000000
26.129600	0.640	4,371,460.000000
26.140267	0.640	1,960,008.000000
26.150933	0.640	755,905.000000
26.161600	0.640	384,583.000000
26.172267	0.640	283,847.000000
26.182933	0.640	210,473.000000
26.193600	0.640	152,611.000000
26.204267	0.640	124,415.000000
26.214933	0.640	113,686.000000
26.225600	0.640	108,119.000000
26.236267	0.640	104,803.000000
26.246933	0.640	103,393.000000
26.257600	0.640	103,323.000000
26.268267	0.640	103,271.000000
26.278933	0.640	101,370.000000
26.289600	0.640	98,526.000000
26.300267	0.640	96,904.000000
26.310933	0.640	96,529.000000
26.321600	0.640	96,892.000000
26.332267	0.640	96,701.000000
26.342933	0.640	94,671.000000
26.353600	0.640	93,202.000000
26.364267	0.640	94,757.000000
26.374933	0.640	97,066.000000
26.385600	0.640	97,936.000000
26.396267	0.640	98,848.000000
26.406933	0.640	100,737.000000
26.417600	0.640	103,026.000000
26.428267	0.640	107,107.000000
26.438933	0.640	116,570.000000
26.449600	0.640	134,058.000000
26.460267	0.640	160,551.000000
26.470933	0.640	197,967.000000
26.481600	0.640	248,271.000000
26.492267	0.640	308,400.000000
26.502933	0.640	362,293.000000
26.513600	0.640	378,045.000000
26.524267	0.640	333,067.000000
26.534933	0.640	246,290.000000
26.545600	0.640	164,616.000000
26.556267	0.640	117,926.000000
26.566933	0.640	101,279.000000
26.577600	0.640	96,316.000000
26.588267	0.640	93,465.000000
26.598933	0.640	92,342.000000
26.609600	0.640	93,777.000000
26.620267	0.640	96,287.000000
26.630933	0.640	98,186.000000
26.641600	0.640	99,727.000000
26.652267	0.640	101,221.000000
26.662933	0.640	101,681.000000
26.673600	0.640	101,380.000000
26.684267	0.640	103,308.000000
26.694933	0.640	108,846.000000
26.705600	0.640	115,368.000000
26.716267	0.640	121,512.000000
26.726933	0.640	128,405.000000
26.737600	0.640	134,722.000000
26.748267	0.640	138,217.000000
26.758933	0.640	139,891.000000
26.769600	0.640	142,778.000000
26.780267	0.640	150,248.000000
26.790933	0.640	163,969.000000
26.801600	0.640	180,530.000000
26.812267	0.640	196,463.000000
26.822933	0.640	221,196.000000
26.833600	0.640	277,834.000000
26.844267	0.640	380,685.000000
26.854933	0.640	506,191.000000
26.865600	0.640	595,504.000000
26.876267	0.640	602,323.000000
26.886933	0.640	533,560.000000
26.897600	0.640	442,056.000000
26.908267	0.640	390,720.000000
26.918933	0.640	399,465.000000
26.929600	0.640	417,738.000000
26.940267	0.640	388,184.000000
26.950933	0.640	323,053.000000
26.961600	0.640	273,618.000000
26.972267	0.640	259,360.000000
26.982933	0.640	265,669.000000
26.993600	0.640	276,321.000000
27.004267	0.640	285,934.000000
27.014933	0.640	304,259.000000
27.025600	0.640	362,256.000000
27.036267	0.640	487,183.000000
27.046933	0.640	631,283.000000
27.057600	0.640	675,553.000000
27.068267	0.640	583,419.000000
27.078933	0.640	468,748.000000
27.089600	0.640	436,159.000000
27.100267	0.640	462,597.000000
27.110933	0.640	484,247.000000
27.121600	0.640	496,472.000000
27.132267	0.640	528,770.000000
27.142933	0.640	587,257.000000
27.153600	0.640	657,799.000000
27.164267	0.640	729,841.000000
27.174933	0.640	798,982.000000
27.185600	0.640	870,557.000000
27.196267	0.640	954,212.000000
27.206933	0.640	1,046,761.000000
27.217600	0.640	1,150,822.000000
27.228267	0.640	1,316,710.000000
27.238933	0.640	1,674,267.000000
27.249600	0.640	2,582,569.000000
27.260267	0.640	4,811,069.000000
27.270933	0.640	8,527,848.000000
27.281600	0.640	11,445,707.000000
27.292267	0.640	10,458,803.000000
27.302933	0.640	6,112,976.000000
27.313600	0.640	2,135,446.000000
27.324267	0.640	553,367.000000
27.334933	0.640	436,683.000000
27.345600	0.640	471,737.000000
27.356267	0.640	359,825.000000
27.366933	0.640	276,831.000000
27.377600	0.640	280,437.000000
27.388267	0.640	298,926.000000
27.398933	0.640	286,161.000000
27.409600	0.640	263,401.000000
27.420267	0.640	269,354.000000
27.430933	0.640	298,911.000000
27.441600	0.640	305,103.000000
27.452267	0.640	269,360.000000
27.462933	0.640	228,382.000000
27.473600	0.640	215,926.000000
27.484267	0.640	225,008.000000
27.494933	0.640	236,280.000000
27.505600	0.640	249,628.000000
27.516267	0.640	284,918.000000
27.526933	0.640	350,561.000000
27.537600	0.640	403,649.000000
27.548267	0.640	385,588.000000
27.558933	0.640	313,050.000000
27.569600	0.640	263,653.000000
27.580267	0.640	271,569.000000
27.590933	0.640	308,692.000000
27.601600	0.640	343,306.000000
27.612267	0.640	363,169.000000
27.622933	0.640	372,905.000000
27.633600	0.640	392,110.000000
27.644267	0.640	437,183.000000
27.654933	0.640	511,659.000000
27.665600	0.640	619,871.000000
27.676267	0.640	753,721.000000
27.686933	0.640	852,448.000000
27.697600	0.640	835,660.000000
27.708267	0.640	692,260.000000
27.718933	0.640	485,220.000000
27.729600	0.640	293,787.000000
27.740267	0.640	179,866.000000
27.750933	0.640	175,120.000000
27.761600	0.640	304,392.000000
27.772267	0.640	566,694.000000
27.782933	0.640	811,169.000000
27.793600	0.640	801,294.000000
27.804267	0.640	529,500.000000
27.814933	0.640	245,288.000000
27.825600	0.640	119,114.000000
27.836267	0.640	105,928.000000
27.846933	0.640	111,971.000000
27.857600	0.640	109,496.000000
27.868267	0.640	106,933.000000
27.878933	0.640	108,168.000000
27.889600	0.640	109,944.000000
27.900267	0.640	110,725.000000
27.910933	0.640	113,428.000000
27.921600	0.640	119,886.000000
27.932267	0.640	126,568.000000
27.942933	0.640	128,853.000000
27.953600	0.640	126,801.000000
27.964267	0.640	125,032.000000
27.974933	0.640	128,209.000000
27.985600	0.640	136,805.000000
27.996267	0.640	146,873.000000
28.006933	0.640	154,099.000000
28.017600	0.640	157,237.000000
28.028267	0.640	158,074.000000
28.038933	0.640	161,148.000000
28.049600	0.640	171,687.000000
28.060267	0.640	189,949.000000
28.070933	0.640	209,481.000000
28.081600	0.640	222,000.000000
28.092267	0.640	221,950.000000
28.102933	0.640	208,133.000000
28.113600	0.640	184,553.000000
28.124267	0.640	158,634.000000
28.134933	0.640	136,989.000000
28.145600	0.640	123,159.000000
28.156267	0.640	116,482.000000
28.166933	0.640	113,315.000000
28.177600	0.640	110,995.000000
28.188267	0.640	109,288.000000
28.198933	0.640	111,385.000000
28.209600	0.640	122,164.000000
28.220267	0.640	142,068.000000
28.230933	0.640	165,619.000000
28.241600	0.640	182,965.000000
28.252267	0.640	183,464.000000
28.262933	0.640	165,155.000000
28.273600	0.640	138,620.000000
28.284267	0.640	117,415.000000
28.294933	0.640	107,529.000000
28.305600	0.640	107,199.000000
28.316267	0.640	111,394.000000
28.326933	0.640	113,671.000000
28.337600	0.640	109,596.000000
28.348267	0.640	102,120.000000
28.358933	0.640	99,912.000000
28.369600	0.640	108,769.000000
28.380267	0.640	125,112.000000
28.390933	0.640	136,279.000000
28.401600	0.640	130,916.000000
28.412267	0.640	112,859.000000
28.422933	0.640	96,940.000000
28.433600	0.640	91,210.000000
28.444267	0.640	93,370.000000
28.454933	0.640	98,416.000000
28.465600	0.640	103,079.000000
28.476267	0.640	107,655.000000
28.486933	0.640	113,324.000000
28.497600	0.640	118,559.000000
28.508267	0.640	121,045.000000
28.518933	0.640	121,538.000000
28.529600	0.640	123,356.000000
28.540267	0.640	127,751.000000
28.550933	0.640	133,333.000000
28.561600	0.640	140,729.000000
28.572267	0.640	152,993.000000
28.582933	0.640	173,223.000000
28.593600	0.640	208,659.000000
28.604267	0.640	264,305.000000
28.614933	0.640	315,883.000000
28.625600	0.640	315,733.000000
28.636267	0.640	252,312.000000
28.646933	0.640	170,383.000000
28.657600	0.640	113,969.000000
28.668267	0.640	86,741.000000
28.678933	0.640	71,594.000000
28.689600	0.640	57,454.000000
28.700267	0.640	45,095.000000
28.710933	0.640	43,363.000000
28.721600	0.640	59,760.000000
28.732267	0.640	80,279.000000
28.742933	0.640	76,804.000000
28.753600	0.640	49,634.000000
28.764267	0.640	26,206.000000
28.774933	0.640	18,825.000000
28.785600	0.640	18,956.000000
28.796267	0.640	19,039.000000
28.806933	0.640	18,186.000000
28.817600	0.640	16,440.000000
28.828267	0.640	13,821.000000
28.838933	0.640	11,354.000000
28.849600	0.640	9,598.000000
28.860267	0.640	8,931.000000
28.870933	0.640	9,912.000000
28.881600	0.640	10,949.000000
28.892267	0.640	9,816.000000
28.902933	0.640	7,900.000000
28.913600	0.640	7,826.000000
28.924267	0.640	8,916.000000
28.934933	0.640	9,801.000000
28.945600	0.640	10,828.000000
28.956267	0.640	11,253.000000
28.966933	0.640	9,788.000000
28.977600	0.640	7,602.000000
28.988267	0.640	6,476.000000
28.998933	0.640	5,804.000000
29.009600	0.640	4,463.000000
29.020267	0.640	3,632.000000
29.030933	0.640	4,702.000000
29.041600	0.640	6,322.000000
29.052267	0.640	6,438.000000
29.062933	0.640	5,545.000000
29.073600	0.640	5,111.000000
29.084267	0.640	5,283.000000
29.094933	0.640	5,866.000000
29.105600	0.640	5,929.000000
29.116267	0.640	4,278.000000
29.126933	0.640	2,300.000000
29.137600	0.640	2,067.000000
29.148267	0.640	3,026.000000
29.158933	0.640	3,695.000000
29.169600	0.640	3,537.000000
29.180267	0.640	2,571.000000
29.190933	0.640	1,428.000000
29.201600	0.640	1,076.000000
29.212267	0.640	1,910.000000
29.222933	0.640	3,233.000000
29.233600	0.640	4,056.000000
29.244267	0.640	4,062.000000
29.254933	0.640	2,970.000000
29.265600	0.640	1,189.000000
29.276267	0.640	651.000000
29.286933	0.640	2,308.000000
29.297600	0.640	4,512.000000
29.308267	0.640	5,324.000000
29.318933	0.640	4,510.000000
29.329600	0.640	2,948.000000
29.340267	0.640	1,607.000000
29.350933	0.640	1,099.000000
29.361600	0.640	1,416.000000
29.372267	0.640	2,093.000000
29.382933	0.640	2,625.000000
29.393600	0.640	2,407.000000
29.404267	0.640	1,421.000000
29.414933	0.640	1,167.000000
29.425600	0.640	2,331.000000
29.436267	0.640	3,215.000000
29.446933	0.640	2,785.000000
29.457600	0.640	2,051.000000
29.468267	0.640	1,906.000000
29.478933	0.640	2,251.000000
29.489600	0.640	2,146.000000
29.500267	0.640	928.000000
29.510933	0.640	-54.000000
29.521600	0.640	260.000000
29.532267	0.640	708.000000
29.542933	0.640	644.000000
29.553600	0.640	621.000000
29.564267	0.640	716.000000
29.574933	0.640	844.000000
29.585600	0.640	1,250.000000
29.596267	0.640	1,986.000000
29.606933	0.640	2,843.000000
29.617600	0.640	3,458.000000
29.628267	0.640	3,353.000000
29.638933	0.640	2,679.000000
29.649600	0.640	2,318.000000
29.660267	0.640	2,722.000000
29.670933	0.640	3,673.000000
29.681600	0.640	4,524.000000
29.692267	0.640	4,199.000000
29.702933	0.640	2,872.000000
29.713600	0.640	2,365.000000
29.724267	0.640	2,822.000000
29.734933	0.640	2,013.000000
29.745600	0.640	-251.000000
29.756267	0.640	-1,158.000000
29.766933	0.640	413.000000
29.777600	0.640	2,255.000000
29.788267	0.640	2,530.000000
29.798933	0.640	2,029.000000
29.809600	0.640	1,985.000000
29.820267	0.640	2,206.000000
29.830933	0.640	1,757.000000
29.841600	0.640	637.000000
29.852267	0.640	508.000000
29.862933	0.640	2,096.000000
29.873600	0.640	3,791.000000
29.884267	0.640	4,167.000000
29.894933	0.640	3,273.000000
29.905600	0.640	2,033.000000
29.916267	0.640	1,217.000000
29.926933	0.640	655.000000
29.937600	0.640	323.000000
29.948267	0.640	884.000000
29.958933	0.640	2,071.000000
29.969600	0.640	2,551.000000
29.980267	0.640	1,631.000000
29.990933	0.640	98.000000
30.001600	0.640	-315.000000
