File Path	chrom://nnfcb-l0495/ChromeleonLocal/20180320_AA_Lars Nielsen samples Vienna_lbpet.seq/209.smp/Emission_1.channel/Emission_1.chm
Channel	Emission_1

Injection Information:
Data Vault	ChromeleonLocal
Injection	20180320_Lars Nielsen samples Vienna_dx20_BB7
Injection Number	32
Position	BB7
Comment	
Processing Method	20171024_Calculated with IS_lbpet
Instrument Method	20161104_AA_GeminiC18_FinalVer7
Type	Unknown
Status	Finished
Injection Date	21-03-2018
Injection Time	05:18:59
Injection Volume (µl)	56.500
Dilution Factor	1.0000
Weight	1.0000

Raw Data Information:
Time Min. (min)	0.003933
Time Max. (min)	30.001600
Data Points	2813
Detector	FLD
Exporting Data System	Chromeleon 7.1.2.1478
Operator	
Signal Quantity	
Signal Unit	counts
Signal Min.	-4,559.000000
Signal Max.	70,700,994.000000
Channel	Emission_1
Driver Name	FLD3000.dll
Channel Type	Evaluation
Min. Step (s)	0.640
Max. Step (s)	0.820
Average Step (s)	0.640

Signal Parameter Information:
Signal Info	340 nm /450 nm

Raw Data:
Time (min)	Step (s)	Value (counts)
0.003933	0.000	0.000000
0.017600	0.820	0.000000
0.028267	0.640	0.000000
0.038933	0.640	-45.000000
0.049600	0.640	-186.000000
0.060267	0.640	-328.000000
0.070933	0.640	-130.000000
0.081600	0.640	629.000000
0.092267	0.640	1,372.000000
0.102933	0.640	1,017.000000
0.113600	0.640	-577.000000
0.124267	0.640	-2,105.000000
0.134933	0.640	-2,473.000000
0.145600	0.640	-1,867.000000
0.156267	0.640	-778.000000
0.166933	0.640	56.000000
0.177600	0.640	52.000000
0.188267	0.640	130.000000
0.198933	0.640	1,085.000000
0.209600	0.640	1,868.000000
0.220267	0.640	1,563.000000
0.230933	0.640	878.000000
0.241600	0.640	731.000000
0.252267	0.640	951.000000
0.262933	0.640	984.000000
0.273600	0.640	1,092.000000
0.284267	0.640	1,652.000000
0.294933	0.640	1,889.000000
0.305600	0.640	1,243.000000
0.316267	0.640	730.000000
0.326933	0.640	903.000000
0.337600	0.640	826.000000
0.348267	0.640	217.000000
0.358933	0.640	-265.000000
0.369600	0.640	-198.000000
0.380267	0.640	406.000000
0.390933	0.640	708.000000
0.401600	0.640	116.000000
0.412267	0.640	-407.000000
0.422933	0.640	-306.000000
0.433600	0.640	-46.000000
0.444267	0.640	842.000000
0.454933	0.640	2,385.000000
0.465600	0.640	2,912.000000
0.476267	0.640	1,761.000000
0.486933	0.640	484.000000
0.497600	0.640	674.000000
0.508267	0.640	2,133.000000
0.518933	0.640	3,018.000000
0.529600	0.640	1,838.000000
0.540267	0.640	79.000000
0.550933	0.640	235.000000
0.561600	0.640	1,446.000000
0.572267	0.640	1,628.000000
0.582933	0.640	1,243.000000
0.593600	0.640	1,038.000000
0.604267	0.640	128.000000
0.614933	0.640	-1,660.000000
0.625600	0.640	-2,772.000000
0.636267	0.640	-1,918.000000
0.646933	0.640	101.000000
0.657600	0.640	1,319.000000
0.668267	0.640	1,067.000000
0.678933	0.640	311.000000
0.689600	0.640	-95.000000
0.700267	0.640	-285.000000
0.710933	0.640	-292.000000
0.721600	0.640	194.000000
0.732267	0.640	694.000000
0.742933	0.640	660.000000
0.753600	0.640	255.000000
0.764267	0.640	-466.000000
0.774933	0.640	-1,170.000000
0.785600	0.640	-1,297.000000
0.796267	0.640	-1,148.000000
0.806933	0.640	-604.000000
0.817600	0.640	585.000000
0.828267	0.640	1,116.000000
0.838933	0.640	692.000000
0.849600	0.640	565.000000
0.860267	0.640	572.000000
0.870933	0.640	99.000000
0.881600	0.640	-335.000000
0.892267	0.640	-478.000000
0.902933	0.640	-398.000000
0.913600	0.640	98.000000
0.924267	0.640	701.000000
0.934933	0.640	1,141.000000
0.945600	0.640	1,693.000000
0.956267	0.640	1,818.000000
0.966933	0.640	440.000000
0.977600	0.640	-1,615.000000
0.988267	0.640	-2,329.000000
0.998933	0.640	-1,687.000000
1.009600	0.640	-813.000000
1.020267	0.640	134.000000
1.030933	0.640	653.000000
1.041600	0.640	278.000000
1.052267	0.640	174.000000
1.062933	0.640	965.000000
1.073600	0.640	1,551.000000
1.084267	0.640	1,736.000000
1.094933	0.640	2,313.000000
1.105600	0.640	2,486.000000
1.116267	0.640	1,439.000000
1.126933	0.640	656.000000
1.137600	0.640	963.000000
1.148267	0.640	865.000000
1.158933	0.640	-556.000000
1.169600	0.640	-2,156.000000
1.180267	0.640	-2,580.000000
1.190933	0.640	-1,746.000000
1.201600	0.640	-78.000000
1.212267	0.640	1,591.000000
1.222933	0.640	1,866.000000
1.233600	0.640	417.000000
1.244267	0.640	-1,400.000000
1.254933	0.640	-1,832.000000
1.265600	0.640	-74.000000
1.276267	0.640	2,774.000000
1.286933	0.640	4,339.000000
1.297600	0.640	3,770.000000
1.308267	0.640	2,018.000000
1.318933	0.640	-247.000000
1.329600	0.640	-1,655.000000
1.340267	0.640	-692.000000
1.350933	0.640	1,219.000000
1.361600	0.640	1,897.000000
1.372267	0.640	1,298.000000
1.382933	0.640	366.000000
1.393600	0.640	400.000000
1.404267	0.640	1,748.000000
1.414933	0.640	2,731.000000
1.425600	0.640	2,273.000000
1.436267	0.640	1,243.000000
1.446933	0.640	666.000000
1.457600	0.640	658.000000
1.468267	0.640	612.000000
1.478933	0.640	238.000000
1.489600	0.640	244.000000
1.500267	0.640	552.000000
1.510933	0.640	163.000000
1.521600	0.640	-218.000000
1.532267	0.640	613.000000
1.542933	0.640	1,909.000000
1.553600	0.640	2,349.000000
1.564267	0.640	1,835.000000
1.574933	0.640	1,225.000000
1.585600	0.640	1,738.000000
1.596267	0.640	3,719.000000
1.606933	0.640	5,005.000000
1.617600	0.640	3,712.000000
1.628267	0.640	1,595.000000
1.638933	0.640	942.000000
1.649600	0.640	1,409.000000
1.660267	0.640	1,804.000000
1.670933	0.640	1,868.000000
1.681600	0.640	1,766.000000
1.692267	0.640	1,303.000000
1.702933	0.640	490.000000
1.713600	0.640	555.000000
1.724267	0.640	2,933.000000
1.734933	0.640	7,705.000000
1.745600	0.640	13,296.000000
1.756267	0.640	17,276.000000
1.766933	0.640	18,425.000000
1.777600	0.640	17,006.000000
1.788267	0.640	13,657.000000
1.798933	0.640	10,031.000000
1.809600	0.640	7,912.000000
1.820267	0.640	7,111.000000
1.830933	0.640	6,111.000000
1.841600	0.640	4,460.000000
1.852267	0.640	3,373.000000
1.862933	0.640	3,298.000000
1.873600	0.640	3,092.000000
1.884267	0.640	2,312.000000
1.894933	0.640	1,332.000000
1.905600	0.640	72.000000
1.916267	0.640	-891.000000
1.926933	0.640	-75.000000
1.937600	0.640	2,052.000000
1.948267	0.640	2,941.000000
1.958933	0.640	2,104.000000
1.969600	0.640	1,438.000000
1.980267	0.640	1,819.000000
1.990933	0.640	3,010.000000
2.001600	0.640	4,132.000000
2.012267	0.640	3,745.000000
2.022933	0.640	2,444.000000
2.033600	0.640	1,659.000000
2.044267	0.640	631.000000
2.054933	0.640	-702.000000
2.065600	0.640	-565.000000
2.076267	0.640	1,124.000000
2.086933	0.640	2,654.000000
2.097600	0.640	2,674.000000
2.108267	0.640	1,261.000000
2.118933	0.640	246.000000
2.129600	0.640	718.000000
2.140267	0.640	1,334.000000
2.150933	0.640	1,262.000000
2.161600	0.640	899.000000
2.172267	0.640	137.000000
2.182933	0.640	-532.000000
2.193600	0.640	-123.000000
2.204267	0.640	1,442.000000
2.214933	0.640	3,475.000000
2.225600	0.640	4,596.000000
2.236267	0.640	4,301.000000
2.246933	0.640	3,980.000000
2.257600	0.640	4,694.000000
2.268267	0.640	6,155.000000
2.278933	0.640	7,326.000000
2.289600	0.640	6,913.000000
2.300267	0.640	4,926.000000
2.310933	0.640	3,297.000000
2.321600	0.640	3,309.000000
2.332267	0.640	3,569.000000
2.342933	0.640	2,449.000000
2.353600	0.640	639.000000
2.364267	0.640	-215.000000
2.374933	0.640	325.000000
2.385600	0.640	1,180.000000
2.396267	0.640	1,419.000000
2.406933	0.640	1,490.000000
2.417600	0.640	1,962.000000
2.428267	0.640	2,052.000000
2.438933	0.640	771.000000
2.449600	0.640	-814.000000
2.460267	0.640	-986.000000
2.470933	0.640	-292.000000
2.481600	0.640	156.000000
2.492267	0.640	599.000000
2.502933	0.640	990.000000
2.513600	0.640	1,171.000000
2.524267	0.640	1,615.000000
2.534933	0.640	2,014.000000
2.545600	0.640	1,808.000000
2.556267	0.640	1,350.000000
2.566933	0.640	1,002.000000
2.577600	0.640	596.000000
2.588267	0.640	-25.000000
2.598933	0.640	-372.000000
2.609600	0.640	55.000000
2.620267	0.640	1,028.000000
2.630933	0.640	2,433.000000
2.641600	0.640	3,849.000000
2.652267	0.640	4,281.000000
2.662933	0.640	4,165.000000
2.673600	0.640	4,137.000000
2.684267	0.640	3,427.000000
2.694933	0.640	2,652.000000
2.705600	0.640	3,693.000000
2.716267	0.640	6,984.000000
2.726933	0.640	11,171.000000
2.737600	0.640	13,311.000000
2.748267	0.640	11,628.000000
2.758933	0.640	8,373.000000
2.769600	0.640	6,512.000000
2.780267	0.640	5,943.000000
2.790933	0.640	4,847.000000
2.801600	0.640	2,641.000000
2.812267	0.640	940.000000
2.822933	0.640	1,278.000000
2.833600	0.640	2,563.000000
2.844267	0.640	2,999.000000
2.854933	0.640	2,686.000000
2.865600	0.640	2,335.000000
2.876267	0.640	2,015.000000
2.886933	0.640	1,686.000000
2.897600	0.640	1,480.000000
2.908267	0.640	1,768.000000
2.918933	0.640	2,531.000000
2.929600	0.640	2,983.000000
2.940267	0.640	3,056.000000
2.950933	0.640	3,335.000000
2.961600	0.640	3,309.000000
2.972267	0.640	2,723.000000
2.982933	0.640	3,023.000000
2.993600	0.640	5,112.000000
3.004267	0.640	8,543.000000
3.014933	0.640	14,596.000000
3.025600	0.640	26,708.000000
3.036267	0.640	46,839.000000
3.046933	0.640	77,089.000000
3.057600	0.640	127,686.000000
3.068267	0.640	220,532.000000
3.078933	0.640	390,925.000000
3.089600	0.640	704,510.000000
3.100267	0.640	1,267,154.000000
3.110933	0.640	2,179,862.000000
3.121600	0.640	3,455,833.000000
3.132267	0.640	4,944,405.000000
3.142933	0.640	6,313,606.000000
3.153600	0.640	7,187,065.000000
3.164267	0.640	7,371,821.000000
3.174933	0.640	6,955,754.000000
3.185600	0.640	6,221,232.000000
3.196267	0.640	5,463,942.000000
3.206933	0.640	4,845,686.000000
3.217600	0.640	4,399,214.000000
3.228267	0.640	4,099,685.000000
3.238933	0.640	3,892,196.000000
3.249600	0.640	3,718,955.000000
3.260267	0.640	3,544,501.000000
3.270933	0.640	3,344,542.000000
3.281600	0.640	3,095,648.000000
3.292267	0.640	2,785,400.000000
3.302933	0.640	2,419,166.000000
3.313600	0.640	2,014,310.000000
3.324267	0.640	1,596,085.000000
3.334933	0.640	1,199,865.000000
3.345600	0.640	861,181.000000
3.356267	0.640	594,971.000000
3.366933	0.640	396,046.000000
3.377600	0.640	256,477.000000
3.388267	0.640	166,820.000000
3.398933	0.640	110,450.000000
3.409600	0.640	72,155.000000
3.420267	0.640	45,743.000000
3.430933	0.640	29,269.000000
3.441600	0.640	20,092.000000
3.452267	0.640	15,433.000000
3.462933	0.640	13,193.000000
3.473600	0.640	11,646.000000
3.484267	0.640	10,124.000000
3.494933	0.640	8,977.000000
3.505600	0.640	7,839.000000
3.516267	0.640	6,034.000000
3.526933	0.640	4,435.000000
3.537600	0.640	4,429.000000
3.548267	0.640	5,384.000000
3.558933	0.640	5,353.000000
3.569600	0.640	4,190.000000
3.580267	0.640	3,323.000000
3.590933	0.640	3,041.000000
3.601600	0.640	2,771.000000
3.612267	0.640	2,745.000000
3.622933	0.640	3,192.000000
3.633600	0.640	3,387.000000
3.644267	0.640	3,032.000000
3.654933	0.640	2,663.000000
3.665600	0.640	2,521.000000
3.676267	0.640	2,462.000000
3.686933	0.640	2,399.000000
3.697600	0.640	2,682.000000
3.708267	0.640	3,823.000000
3.718933	0.640	5,215.000000
3.729600	0.640	5,486.000000
3.740267	0.640	5,046.000000
3.750933	0.640	5,122.000000
3.761600	0.640	4,925.000000
3.772267	0.640	4,077.000000
3.782933	0.640	4,104.000000
3.793600	0.640	5,530.000000
3.804267	0.640	7,983.000000
3.814933	0.640	11,998.000000
3.825600	0.640	18,002.000000
3.836267	0.640	24,418.000000
3.846933	0.640	28,848.000000
3.857600	0.640	30,901.000000
3.868267	0.640	31,313.000000
3.878933	0.640	30,620.000000
3.889600	0.640	29,451.000000
3.900267	0.640	27,367.000000
3.910933	0.640	24,266.000000
3.921600	0.640	21,928.000000
3.932267	0.640	20,587.000000
3.942933	0.640	18,252.000000
3.953600	0.640	14,491.000000
3.964267	0.640	11,296.000000
3.974933	0.640	10,033.000000
3.985600	0.640	9,153.000000
3.996267	0.640	7,109.000000
4.006933	0.640	5,425.000000
4.017600	0.640	5,110.000000
4.028267	0.640	4,536.000000
4.038933	0.640	3,639.000000
4.049600	0.640	4,505.000000
4.060267	0.640	7,113.000000
4.070933	0.640	9,206.000000
4.081600	0.640	9,701.000000
4.092267	0.640	9,313.000000
4.102933	0.640	8,658.000000
4.113600	0.640	7,633.000000
4.124267	0.640	6,892.000000
4.134933	0.640	7,643.000000
4.145600	0.640	8,879.000000
4.156267	0.640	8,247.000000
4.166933	0.640	6,133.000000
4.177600	0.640	5,062.000000
4.188267	0.640	5,416.000000
4.198933	0.640	5,309.000000
4.209600	0.640	4,301.000000
4.220267	0.640	3,737.000000
4.230933	0.640	3,911.000000
4.241600	0.640	4,085.000000
4.252267	0.640	3,896.000000
4.262933	0.640	3,209.000000
4.273600	0.640	2,372.000000
4.284267	0.640	2,213.000000
4.294933	0.640	3,184.000000
4.305600	0.640	4,552.000000
4.316267	0.640	4,932.000000
4.326933	0.640	4,367.000000
4.337600	0.640	3,783.000000
4.348267	0.640	3,469.000000
4.358933	0.640	3,661.000000
4.369600	0.640	3,995.000000
4.380267	0.640	4,160.000000
4.390933	0.640	5,113.000000
4.401600	0.640	6,643.000000
4.412267	0.640	7,251.000000
4.422933	0.640	7,045.000000
4.433600	0.640	6,917.000000
4.444267	0.640	7,085.000000
4.454933	0.640	7,366.000000
4.465600	0.640	7,030.000000
4.476267	0.640	6,354.000000
4.486933	0.640	6,310.000000
4.497600	0.640	5,650.000000
4.508267	0.640	3,730.000000
4.518933	0.640	3,309.000000
4.529600	0.640	5,766.000000
4.540267	0.640	9,116.000000
4.550933	0.640	12,312.000000
4.561600	0.640	16,904.000000
4.572267	0.640	24,737.000000
4.582933	0.640	37,562.000000
4.593600	0.640	59,736.000000
4.604267	0.640	98,181.000000
4.614933	0.640	162,461.000000
4.625600	0.640	272,350.000000
4.636267	0.640	462,889.000000
4.646933	0.640	777,636.000000
4.657600	0.640	1,254,464.000000
4.668267	0.640	1,944,458.000000
4.678933	0.640	3,015,744.000000
4.689600	0.640	4,838,944.000000
4.700267	0.640	7,808,641.000000
4.710933	0.640	11,825,957.000000
4.721600	0.640	15,823,580.000000
4.732267	0.640	18,047,324.000000
4.742933	0.640	17,256,038.000000
4.753600	0.640	13,782,420.000000
4.764267	0.640	9,282,557.000000
4.774933	0.640	5,449,588.000000
4.785600	0.640	3,009,280.000000
4.796267	0.640	1,737,830.000000
4.806933	0.640	1,095,904.000000
4.817600	0.640	714,941.000000
4.828267	0.640	458,028.000000
4.838933	0.640	285,586.000000
4.849600	0.640	174,911.000000
4.860267	0.640	109,020.000000
4.870933	0.640	72,273.000000
4.881600	0.640	50,477.000000
4.892267	0.640	36,545.000000
4.902933	0.640	27,777.000000
4.913600	0.640	21,909.000000
4.924267	0.640	17,473.000000
4.934933	0.640	13,859.000000
4.945600	0.640	11,424.000000
4.956267	0.640	11,024.000000
4.966933	0.640	11,799.000000
4.977600	0.640	12,126.000000
4.988267	0.640	12,470.000000
4.998933	0.640	12,737.000000
5.009600	0.640	11,356.000000
5.020267	0.640	9,077.000000
5.030933	0.640	7,377.000000
5.041600	0.640	6,330.000000
5.052267	0.640	6,173.000000
5.062933	0.640	6,370.000000
5.073600	0.640	6,100.000000
5.084267	0.640	5,946.000000
5.094933	0.640	5,717.000000
5.105600	0.640	4,738.000000
5.116267	0.640	4,443.000000
5.126933	0.640	5,443.000000
5.137600	0.640	5,864.000000
5.148267	0.640	5,622.000000
5.158933	0.640	5,887.000000
5.169600	0.640	5,878.000000
5.180267	0.640	5,555.000000
5.190933	0.640	6,391.000000
5.201600	0.640	7,790.000000
5.212267	0.640	7,859.000000
5.222933	0.640	6,674.000000
5.233600	0.640	5,779.000000
5.244267	0.640	5,769.000000
5.254933	0.640	6,137.000000
5.265600	0.640	6,780.000000
5.276267	0.640	7,654.000000
5.286933	0.640	8,193.000000
5.297600	0.640	8,142.000000
5.308267	0.640	7,806.000000
5.318933	0.640	8,024.000000
5.329600	0.640	9,253.000000
5.340267	0.640	10,351.000000
5.350933	0.640	9,934.000000
5.361600	0.640	8,450.000000
5.372267	0.640	7,872.000000
5.382933	0.640	9,084.000000
5.393600	0.640	10,794.000000
5.404267	0.640	11,566.000000
5.414933	0.640	11,214.000000
5.425600	0.640	11,065.000000
5.436267	0.640	12,714.000000
5.446933	0.640	15,348.000000
5.457600	0.640	17,036.000000
5.468267	0.640	17,807.000000
5.478933	0.640	18,734.000000
5.489600	0.640	20,233.000000
5.500267	0.640	22,313.000000
5.510933	0.640	24,971.000000
5.521600	0.640	28,959.000000
5.532267	0.640	36,117.000000
5.542933	0.640	47,433.000000
5.553600	0.640	61,571.000000
5.564267	0.640	75,984.000000
5.574933	0.640	88,061.000000
5.585600	0.640	94,921.000000
5.596267	0.640	93,757.000000
5.606933	0.640	84,530.000000
5.617600	0.640	71,526.000000
5.628267	0.640	59,242.000000
5.638933	0.640	48,394.000000
5.649600	0.640	38,214.000000
5.660267	0.640	29,013.000000
5.670933	0.640	21,274.000000
5.681600	0.640	15,259.000000
5.692267	0.640	11,114.000000
5.702933	0.640	8,553.000000
5.713600	0.640	7,120.000000
5.724267	0.640	6,292.000000
5.734933	0.640	5,799.000000
5.745600	0.640	5,732.000000
5.756267	0.640	5,837.000000
5.766933	0.640	5,995.000000
5.777600	0.640	6,447.000000
5.788267	0.640	6,810.000000
5.798933	0.640	6,895.000000
5.809600	0.640	6,796.000000
5.820267	0.640	5,928.000000
5.830933	0.640	4,791.000000
5.841600	0.640	4,822.000000
5.852267	0.640	5,548.000000
5.862933	0.640	5,698.000000
5.873600	0.640	5,713.000000
5.884267	0.640	6,075.000000
5.894933	0.640	5,693.000000
5.905600	0.640	4,398.000000
5.916267	0.640	3,964.000000
5.926933	0.640	5,061.000000
5.937600	0.640	6,490.000000
5.948267	0.640	7,460.000000
5.958933	0.640	7,531.000000
5.969600	0.640	6,831.000000
5.980267	0.640	6,636.000000
5.990933	0.640	7,062.000000
6.001600	0.640	7,279.000000
6.012267	0.640	7,117.000000
6.022933	0.640	6,552.000000
6.033600	0.640	6,574.000000
6.044267	0.640	7,943.000000
6.054933	0.640	9,010.000000
6.065600	0.640	8,933.000000
6.076267	0.640	8,918.000000
6.086933	0.640	9,475.000000
6.097600	0.640	10,412.000000
6.108267	0.640	12,069.000000
6.118933	0.640	16,048.000000
6.129600	0.640	23,816.000000
6.140267	0.640	33,966.000000
6.150933	0.640	43,819.000000
6.161600	0.640	52,108.000000
6.172267	0.640	57,334.000000
6.182933	0.640	56,900.000000
6.193600	0.640	50,180.000000
6.204267	0.640	39,929.000000
6.214933	0.640	30,060.000000
6.225600	0.640	22,410.000000
6.236267	0.640	16,363.000000
6.246933	0.640	12,058.000000
6.257600	0.640	10,095.000000
6.268267	0.640	9,429.000000
6.278933	0.640	9,639.000000
6.289600	0.640	11,478.000000
6.300267	0.640	14,258.000000
6.310933	0.640	16,554.000000
6.321600	0.640	18,826.000000
6.332267	0.640	22,357.000000
6.342933	0.640	27,439.000000
6.353600	0.640	36,040.000000
6.364267	0.640	52,587.000000
6.374933	0.640	81,220.000000
6.385600	0.640	128,101.000000
6.396267	0.640	202,393.000000
6.406933	0.640	307,535.000000
6.417600	0.640	433,085.000000
6.428267	0.640	554,994.000000
6.438933	0.640	642,649.000000
6.449600	0.640	670,476.000000
6.460267	0.640	629,126.000000
6.470933	0.640	531,035.000000
6.481600	0.640	405,777.000000
6.492267	0.640	284,896.000000
6.502933	0.640	187,139.000000
6.513600	0.640	116,802.000000
6.524267	0.640	71,649.000000
6.534933	0.640	46,392.000000
6.545600	0.640	33,160.000000
6.556267	0.640	26,775.000000
6.566933	0.640	26,352.000000
6.577600	0.640	30,206.000000
6.588267	0.640	35,686.000000
6.598933	0.640	42,488.000000
6.609600	0.640	51,338.000000
6.620267	0.640	61,307.000000
6.630933	0.640	69,151.000000
6.641600	0.640	70,890.000000
6.652267	0.640	65,684.000000
6.662933	0.640	56,711.000000
6.673600	0.640	46,940.000000
6.684267	0.640	37,582.000000
6.694933	0.640	29,705.000000
6.705600	0.640	23,741.000000
6.716267	0.640	19,682.000000
6.726933	0.640	17,551.000000
6.737600	0.640	16,186.000000
6.748267	0.640	14,657.000000
6.758933	0.640	14,007.000000
6.769600	0.640	14,301.000000
6.780267	0.640	13,514.000000
6.790933	0.640	11,845.000000
6.801600	0.640	11,466.000000
6.812267	0.640	11,496.000000
6.822933	0.640	10,337.000000
6.833600	0.640	10,444.000000
6.844267	0.640	14,032.000000
6.854933	0.640	19,054.000000
6.865600	0.640	22,676.000000
6.876267	0.640	24,007.000000
6.886933	0.640	23,708.000000
6.897600	0.640	22,517.000000
6.908267	0.640	20,087.000000
6.918933	0.640	16,746.000000
6.929600	0.640	14,721.000000
6.940267	0.640	15,422.000000
6.950933	0.640	18,001.000000
6.961600	0.640	21,918.000000
6.972267	0.640	27,048.000000
6.982933	0.640	31,313.000000
6.993600	0.640	32,136.000000
7.004267	0.640	28,860.000000
7.014933	0.640	23,170.000000
7.025600	0.640	18,194.000000
7.036267	0.640	15,315.000000
7.046933	0.640	13,637.000000
7.057600	0.640	12,586.000000
7.068267	0.640	11,923.000000
7.078933	0.640	11,161.000000
7.089600	0.640	9,808.000000
7.100267	0.640	7,899.000000
7.110933	0.640	6,645.000000
7.121600	0.640	6,623.000000
7.132267	0.640	7,075.000000
7.142933	0.640	7,736.000000
7.153600	0.640	8,360.000000
7.164267	0.640	8,141.000000
7.174933	0.640	7,232.000000
7.185600	0.640	6,627.000000
7.196267	0.640	6,887.000000
7.206933	0.640	7,768.000000
7.217600	0.640	8,209.000000
7.228267	0.640	7,203.000000
7.238933	0.640	5,491.000000
7.249600	0.640	5,101.000000
7.260267	0.640	6,351.000000
7.270933	0.640	7,659.000000
7.281600	0.640	8,246.000000
7.292267	0.640	8,331.000000
7.302933	0.640	7,934.000000
7.313600	0.640	7,223.000000
7.324267	0.640	6,887.000000
7.334933	0.640	7,238.000000
7.345600	0.640	7,971.000000
7.356267	0.640	8,668.000000
7.366933	0.640	8,632.000000
7.377600	0.640	7,596.000000
7.388267	0.640	6,571.000000
7.398933	0.640	6,639.000000
7.409600	0.640	7,659.000000
7.420267	0.640	8,418.000000
7.430933	0.640	7,900.000000
7.441600	0.640	6,898.000000
7.452267	0.640	7,186.000000
7.462933	0.640	8,614.000000
7.473600	0.640	9,452.000000
7.484267	0.640	9,093.000000
7.494933	0.640	7,820.000000
7.505600	0.640	6,295.000000
7.516267	0.640	5,956.000000
7.526933	0.640	6,876.000000
7.537600	0.640	7,506.000000
7.548267	0.640	7,779.000000
7.558933	0.640	8,566.000000
7.569600	0.640	9,037.000000
7.580267	0.640	7,731.000000
7.590933	0.640	5,339.000000
7.601600	0.640	4,679.000000
7.612267	0.640	6,769.000000
7.622933	0.640	9,096.000000
7.633600	0.640	9,756.000000
7.644267	0.640	9,473.000000
7.654933	0.640	9,085.000000
7.665600	0.640	9,395.000000
7.676267	0.640	11,434.000000
7.686933	0.640	14,234.000000
7.697600	0.640	16,528.000000
7.708267	0.640	19,785.000000
7.718933	0.640	26,939.000000
7.729600	0.640	41,561.000000
7.740267	0.640	66,650.000000
7.750933	0.640	101,123.000000
7.761600	0.640	142,020.000000
7.772267	0.640	191,009.000000
7.782933	0.640	254,485.000000
7.793600	0.640	342,539.000000
7.804267	0.640	474,525.000000
7.814933	0.640	684,736.000000
7.825600	0.640	1,020,216.000000
7.836267	0.640	1,531,586.000000
7.846933	0.640	2,298,337.000000
7.857600	0.640	3,501,950.000000
7.868267	0.640	5,462,811.000000
7.878933	0.640	8,594,916.000000
7.889600	0.640	13,225,479.000000
7.900267	0.640	19,201,154.000000
7.910933	0.640	25,530,042.000000
7.921600	0.640	30,513,797.000000
7.932267	0.640	32,450,523.000000
7.942933	0.640	30,539,540.000000
7.953600	0.640	25,415,413.000000
7.964267	0.640	18,809,903.000000
7.974933	0.640	12,538,738.000000
7.985600	0.640	7,688,323.000000
7.996267	0.640	4,473,826.000000
8.006933	0.640	2,559,444.000000
8.017600	0.640	1,480,642.000000
8.028267	0.640	882,369.000000
8.038933	0.640	544,081.000000
8.049600	0.640	343,136.000000
8.060267	0.640	219,385.000000
8.070933	0.640	143,616.000000
8.081600	0.640	98,394.000000
8.092267	0.640	71,678.000000
8.102933	0.640	56,353.000000
8.113600	0.640	48,182.000000
8.124267	0.640	44,366.000000
8.134933	0.640	43,455.000000
8.145600	0.640	43,767.000000
8.156267	0.640	42,166.000000
8.166933	0.640	36,821.000000
8.177600	0.640	29,739.000000
8.188267	0.640	23,913.000000
8.198933	0.640	20,751.000000
8.209600	0.640	20,404.000000
8.220267	0.640	21,926.000000
8.230933	0.640	23,436.000000
8.241600	0.640	23,164.000000
8.252267	0.640	21,058.000000
8.262933	0.640	17,952.000000
8.273600	0.640	14,248.000000
8.284267	0.640	11,463.000000
8.294933	0.640	10,872.000000
8.305600	0.640	11,647.000000
8.316267	0.640	13,137.000000
8.326933	0.640	14,433.000000
8.337600	0.640	13,871.000000
8.348267	0.640	12,309.000000
8.358933	0.640	11,808.000000
8.369600	0.640	12,103.000000
8.380267	0.640	12,219.000000
8.390933	0.640	12,314.000000
8.401600	0.640	12,774.000000
8.412267	0.640	13,262.000000
8.422933	0.640	13,234.000000
8.433600	0.640	12,977.000000
8.444267	0.640	13,397.000000
8.454933	0.640	16,167.000000
8.465600	0.640	22,193.000000
8.476267	0.640	29,566.000000
8.486933	0.640	37,464.000000
8.497600	0.640	48,805.000000
8.508267	0.640	66,675.000000
8.518933	0.640	90,360.000000
8.529600	0.640	112,254.000000
8.540267	0.640	123,134.000000
8.550933	0.640	124,300.000000
8.561600	0.640	126,403.000000
8.572267	0.640	138,221.000000
8.582933	0.640	166,856.000000
8.593600	0.640	225,281.000000
8.604267	0.640	331,169.000000
8.614933	0.640	499,599.000000
8.625600	0.640	747,677.000000
8.636267	0.640	1,111,074.000000
8.646933	0.640	1,644,966.000000
8.657600	0.640	2,427,445.000000
8.668267	0.640	3,605,686.000000
8.678933	0.640	5,449,079.000000
8.689600	0.640	8,359,856.000000
8.700267	0.640	12,804,479.000000
8.710933	0.640	19,060,118.000000
8.721600	0.640	26,783,375.000000
8.732267	0.640	34,721,030.000000
8.742933	0.640	40,908,994.000000
8.753600	0.640	43,437,732.000000
8.764267	0.640	41,424,511.000000
8.774933	0.640	35,487,357.000000
8.785600	0.640	27,390,824.000000
8.796267	0.640	19,175,966.000000
8.806933	0.640	12,337,373.000000
8.817600	0.640	7,463,368.000000
8.828267	0.640	4,376,072.000000
8.838933	0.640	2,554,522.000000
8.849600	0.640	1,512,219.000000
8.860267	0.640	921,628.000000
8.870933	0.640	582,730.000000
8.881600	0.640	378,799.000000
8.892267	0.640	248,981.000000
8.902933	0.640	166,953.000000
8.913600	0.640	118,115.000000
8.924267	0.640	87,983.000000
8.934933	0.640	67,077.000000
8.945600	0.640	53,530.000000
8.956267	0.640	46,470.000000
8.966933	0.640	42,357.000000
8.977600	0.640	38,061.000000
8.988267	0.640	33,638.000000
8.998933	0.640	30,291.000000
9.009600	0.640	27,860.000000
9.020267	0.640	25,978.000000
9.030933	0.640	24,999.000000
9.041600	0.640	24,992.000000
9.052267	0.640	24,582.000000
9.062933	0.640	22,312.000000
9.073600	0.640	19,803.000000
9.084267	0.640	19,635.000000
9.094933	0.640	21,027.000000
9.105600	0.640	21,912.000000
9.116267	0.640	22,268.000000
9.126933	0.640	22,560.000000
9.137600	0.640	22,424.000000
9.148267	0.640	22,161.000000
9.158933	0.640	22,217.000000
9.169600	0.640	22,336.000000
9.180267	0.640	23,026.000000
9.190933	0.640	24,868.000000
9.201600	0.640	26,441.000000
9.212267	0.640	25,572.000000
9.222933	0.640	22,628.000000
9.233600	0.640	20,385.000000
9.244267	0.640	20,059.000000
9.254933	0.640	20,421.000000
9.265600	0.640	20,645.000000
9.276267	0.640	20,800.000000
9.286933	0.640	20,202.000000
9.297600	0.640	18,272.000000
9.308267	0.640	16,225.000000
9.318933	0.640	15,513.000000
9.329600	0.640	16,158.000000
9.340267	0.640	17,437.000000
9.350933	0.640	18,668.000000
9.361600	0.640	19,544.000000
9.372267	0.640	19,736.000000
9.382933	0.640	18,638.000000
9.393600	0.640	16,617.000000
9.404267	0.640	14,974.000000
9.414933	0.640	14,428.000000
9.425600	0.640	15,312.000000
9.436267	0.640	17,476.000000
9.446933	0.640	19,268.000000
9.457600	0.640	19,311.000000
9.468267	0.640	18,752.000000
9.478933	0.640	19,370.000000
9.489600	0.640	20,804.000000
9.500267	0.640	21,862.000000
9.510933	0.640	23,605.000000
9.521600	0.640	28,198.000000
9.532267	0.640	35,634.000000
9.542933	0.640	44,895.000000
9.553600	0.640	55,232.000000
9.564267	0.640	65,241.000000
9.574933	0.640	74,880.000000
9.585600	0.640	87,160.000000
9.596267	0.640	107,015.000000
9.606933	0.640	140,624.000000
9.617600	0.640	196,297.000000
9.628267	0.640	287,621.000000
9.638933	0.640	434,445.000000
9.649600	0.640	657,758.000000
9.660267	0.640	965,830.000000
9.670933	0.640	1,332,741.000000
9.681600	0.640	1,689,724.000000
9.692267	0.640	1,937,924.000000
9.702933	0.640	1,983,563.000000
9.713600	0.640	1,798,048.000000
9.724267	0.640	1,447,559.000000
9.734933	0.640	1,046,263.000000
9.745600	0.640	689,180.000000
9.756267	0.640	423,867.000000
9.766933	0.640	253,488.000000
9.777600	0.640	154,979.000000
9.788267	0.640	100,525.000000
9.798933	0.640	70,090.000000
9.809600	0.640	53,460.000000
9.820267	0.640	44,716.000000
9.830933	0.640	39,177.000000
9.841600	0.640	35,022.000000
9.852267	0.640	32,016.000000
9.862933	0.640	30,282.000000
9.873600	0.640	30,884.000000
9.884267	0.640	34,457.000000
9.894933	0.640	39,890.000000
9.905600	0.640	46,091.000000
9.916267	0.640	55,219.000000
9.926933	0.640	71,982.000000
9.937600	0.640	98,606.000000
9.948267	0.640	133,934.000000
9.958933	0.640	180,904.000000
9.969600	0.640	251,091.000000
9.980267	0.640	358,421.000000
9.990933	0.640	521,018.000000
10.001600	0.640	778,318.000000
10.012267	0.640	1,191,546.000000
10.022933	0.640	1,816,500.000000
10.033600	0.640	2,662,862.000000
10.044267	0.640	3,634,527.000000
10.054933	0.640	4,503,943.000000
10.065600	0.640	4,996,356.000000
10.076267	0.640	4,929,897.000000
10.086933	0.640	4,316,786.000000
10.097600	0.640	3,363,296.000000
10.108267	0.640	2,349,697.000000
10.118933	0.640	1,493,612.000000
10.129600	0.640	891,658.000000
10.140267	0.640	529,083.000000
10.150933	0.640	332,324.000000
10.161600	0.640	229,199.000000
10.172267	0.640	174,289.000000
10.182933	0.640	142,964.000000
10.193600	0.640	123,627.000000
10.204267	0.640	113,192.000000
10.214933	0.640	108,118.000000
10.225600	0.640	102,836.000000
10.236267	0.640	96,732.000000
10.246933	0.640	91,069.000000
10.257600	0.640	83,312.000000
10.268267	0.640	72,565.000000
10.278933	0.640	61,709.000000
10.289600	0.640	51,889.000000
10.300267	0.640	42,801.000000
10.310933	0.640	35,608.000000
10.321600	0.640	31,295.000000
10.332267	0.640	29,145.000000
10.342933	0.640	28,000.000000
10.353600	0.640	27,482.000000
10.364267	0.640	27,633.000000
10.374933	0.640	28,644.000000
10.385600	0.640	30,556.000000
10.396267	0.640	32,529.000000
10.406933	0.640	33,408.000000
10.417600	0.640	32,666.000000
10.428267	0.640	30,795.000000
10.438933	0.640	29,364.000000
10.449600	0.640	29,361.000000
10.460267	0.640	29,306.000000
10.470933	0.640	27,599.000000
10.481600	0.640	25,566.000000
10.492267	0.640	24,748.000000
10.502933	0.640	24,047.000000
10.513600	0.640	22,165.000000
10.524267	0.640	20,002.000000
10.534933	0.640	19,199.000000
10.545600	0.640	20,012.000000
10.556267	0.640	21,901.000000
10.566933	0.640	24,227.000000
10.577600	0.640	25,284.000000
10.588267	0.640	24,322.000000
10.598933	0.640	23,585.000000
10.609600	0.640	23,871.000000
10.620267	0.640	23,263.000000
10.630933	0.640	22,216.000000
10.641600	0.640	22,659.000000
10.652267	0.640	24,599.000000
10.662933	0.640	27,246.000000
10.673600	0.640	29,179.000000
10.684267	0.640	28,680.000000
10.694933	0.640	26,808.000000
10.705600	0.640	26,805.000000
10.716267	0.640	29,626.000000
10.726933	0.640	32,945.000000
10.737600	0.640	33,546.000000
10.748267	0.640	30,538.000000
10.758933	0.640	26,941.000000
10.769600	0.640	25,461.000000
10.780267	0.640	24,821.000000
10.790933	0.640	22,944.000000
10.801600	0.640	20,630.000000
10.812267	0.640	20,165.000000
10.822933	0.640	21,420.000000
10.833600	0.640	21,987.000000
10.844267	0.640	21,106.000000
10.854933	0.640	20,856.000000
10.865600	0.640	23,070.000000
10.876267	0.640	26,609.000000
10.886933	0.640	29,613.000000
10.897600	0.640	32,440.000000
10.908267	0.640	36,417.000000
10.918933	0.640	42,885.000000
10.929600	0.640	54,029.000000
10.940267	0.640	72,144.000000
10.950933	0.640	98,743.000000
10.961600	0.640	136,118.000000
10.972267	0.640	189,789.000000
10.982933	0.640	268,395.000000
10.993600	0.640	384,150.000000
11.004267	0.640	555,757.000000
11.014933	0.640	811,492.000000
11.025600	0.640	1,197,303.000000
11.036267	0.640	1,769,333.000000
11.046933	0.640	2,554,150.000000
11.057600	0.640	3,507,079.000000
11.068267	0.640	4,491,198.000000
11.078933	0.640	5,295,196.000000
11.089600	0.640	5,694,817.000000
11.100267	0.640	5,544,086.000000
11.110933	0.640	4,868,872.000000
11.121600	0.640	3,872,927.000000
11.132267	0.640	2,826,029.000000
11.142933	0.640	1,936,869.000000
11.153600	0.640	1,299,966.000000
11.164267	0.640	914,094.000000
11.174933	0.640	730,508.000000
11.185600	0.640	695,776.000000
11.196267	0.640	768,847.000000
11.206933	0.640	924,580.000000
11.217600	0.640	1,154,944.000000
11.228267	0.640	1,469,133.000000
11.238933	0.640	1,907,578.000000
11.249600	0.640	2,559,580.000000
11.260267	0.640	3,576,917.000000
11.270933	0.640	5,191,790.000000
11.281600	0.640	7,689,654.000000
11.292267	0.640	11,270,085.000000
11.302933	0.640	15,807,664.000000
11.313600	0.640	20,654,279.000000
11.324267	0.640	24,706,201.000000
11.334933	0.640	26,795,866.000000
11.345600	0.640	26,213,840.000000
11.356267	0.640	23,070,644.000000
11.366933	0.640	18,268,668.000000
11.377600	0.640	13,084,442.000000
11.388267	0.640	8,589,416.000000
11.398933	0.640	5,275,629.000000
11.409600	0.640	3,116,242.000000
11.420267	0.640	1,836,010.000000
11.430933	0.640	1,111,887.000000
11.441600	0.640	693,367.000000
11.452267	0.640	442,733.000000
11.462933	0.640	293,802.000000
11.473600	0.640	204,772.000000
11.484267	0.640	147,398.000000
11.494933	0.640	109,321.000000
11.505600	0.640	86,328.000000
11.516267	0.640	73,258.000000
11.526933	0.640	64,657.000000
11.537600	0.640	59,266.000000
11.548267	0.640	58,271.000000
11.558933	0.640	59,843.000000
11.569600	0.640	60,953.000000
11.580267	0.640	61,517.000000
11.590933	0.640	60,778.000000
11.601600	0.640	56,033.000000
11.612267	0.640	48,586.000000
11.622933	0.640	42,913.000000
11.633600	0.640	40,086.000000
11.644267	0.640	38,311.000000
11.654933	0.640	36,385.000000
11.665600	0.640	34,246.000000
11.676267	0.640	33,001.000000
11.686933	0.640	33,560.000000
11.697600	0.640	35,517.000000
11.708267	0.640	37,681.000000
11.718933	0.640	39,004.000000
11.729600	0.640	39,819.000000
11.740267	0.640	41,106.000000
11.750933	0.640	43,832.000000
11.761600	0.640	48,416.000000
11.772267	0.640	52,702.000000
11.782933	0.640	55,082.000000
11.793600	0.640	59,155.000000
11.804267	0.640	70,301.000000
11.814933	0.640	90,483.000000
11.825600	0.640	120,651.000000
11.836267	0.640	166,458.000000
11.846933	0.640	236,975.000000
11.857600	0.640	339,857.000000
11.868267	0.640	484,091.000000
11.878933	0.640	685,979.000000
11.889600	0.640	969,524.000000
11.900267	0.640	1,371,368.000000
11.910933	0.640	1,965,765.000000
11.921600	0.640	2,899,810.000000
11.932267	0.640	4,400,386.000000
11.942933	0.640	6,717,773.000000
11.953600	0.640	9,986,095.000000
11.964267	0.640	13,990,275.000000
11.974933	0.640	17,991,266.000000
11.985600	0.640	20,893,522.000000
11.996267	0.640	21,724,137.000000
12.006933	0.640	20,116,864.000000
12.017600	0.640	16,558,990.000000
12.028267	0.640	12,170,094.000000
12.038933	0.640	8,085,363.000000
12.049600	0.640	4,962,187.000000
12.060267	0.640	2,908,430.000000
12.070933	0.640	1,692,839.000000
12.081600	0.640	1,010,614.000000
12.092267	0.640	632,641.000000
12.102933	0.640	417,023.000000
12.113600	0.640	283,771.000000
12.124267	0.640	195,901.000000
12.134933	0.640	139,337.000000
12.145600	0.640	105,836.000000
12.156267	0.640	85,794.000000
12.166933	0.640	71,903.000000
12.177600	0.640	62,241.000000
12.188267	0.640	56,544.000000
12.198933	0.640	53,183.000000
12.209600	0.640	50,377.000000
12.220267	0.640	47,719.000000
12.230933	0.640	45,385.000000
12.241600	0.640	43,328.000000
12.252267	0.640	41,740.000000
12.262933	0.640	40,671.000000
12.273600	0.640	39,599.000000
12.284267	0.640	38,813.000000
12.294933	0.640	39,047.000000
12.305600	0.640	39,357.000000
12.316267	0.640	38,907.000000
12.326933	0.640	38,877.000000
12.337600	0.640	39,973.000000
12.348267	0.640	40,830.000000
12.358933	0.640	40,186.000000
12.369600	0.640	39,086.000000
12.380267	0.640	38,940.000000
12.390933	0.640	38,949.000000
12.401600	0.640	38,426.000000
12.412267	0.640	38,839.000000
12.422933	0.640	40,752.000000
12.433600	0.640	42,520.000000
12.444267	0.640	43,343.000000
12.454933	0.640	43,679.000000
12.465600	0.640	43,782.000000
12.476267	0.640	43,750.000000
12.486933	0.640	43,706.000000
12.497600	0.640	44,398.000000
12.508267	0.640	45,721.000000
12.518933	0.640	45,491.000000
12.529600	0.640	43,673.000000
12.540267	0.640	43,756.000000
12.550933	0.640	47,180.000000
12.561600	0.640	50,601.000000
12.572267	0.640	50,806.000000
12.582933	0.640	50,026.000000
12.593600	0.640	51,626.000000
12.604267	0.640	53,339.000000
12.614933	0.640	51,784.000000
12.625600	0.640	49,027.000000
12.636267	0.640	48,310.000000
12.646933	0.640	48,390.000000
12.657600	0.640	46,955.000000
12.668267	0.640	44,590.000000
12.678933	0.640	42,708.000000
12.689600	0.640	41,510.000000
12.700267	0.640	40,534.000000
12.710933	0.640	39,877.000000
12.721600	0.640	39,766.000000
12.732267	0.640	39,200.000000
12.742933	0.640	37,534.000000
12.753600	0.640	36,406.000000
12.764267	0.640	38,049.000000
12.774933	0.640	42,352.000000
12.785600	0.640	47,245.000000
12.796267	0.640	51,555.000000
12.806933	0.640	55,320.000000
12.817600	0.640	57,667.000000
12.828267	0.640	56,868.000000
12.838933	0.640	53,233.000000
12.849600	0.640	49,300.000000
12.860267	0.640	46,780.000000
12.870933	0.640	44,974.000000
12.881600	0.640	41,802.000000
12.892267	0.640	37,281.000000
12.902933	0.640	34,245.000000
12.913600	0.640	33,877.000000
12.924267	0.640	34,518.000000
12.934933	0.640	34,600.000000
12.945600	0.640	33,968.000000
12.956267	0.640	33,004.000000
12.966933	0.640	31,604.000000
12.977600	0.640	30,140.000000
12.988267	0.640	29,149.000000
12.998933	0.640	28,246.000000
13.009600	0.640	28,107.000000
13.020267	0.640	29,405.000000
13.030933	0.640	30,243.000000
13.041600	0.640	29,484.000000
13.052267	0.640	28,911.000000
13.062933	0.640	29,549.000000
13.073600	0.640	30,021.000000
13.084267	0.640	29,464.000000
13.094933	0.640	28,847.000000
13.105600	0.640	29,362.000000
13.116267	0.640	30,952.000000
13.126933	0.640	32,725.000000
13.137600	0.640	34,345.000000
13.148267	0.640	35,086.000000
13.158933	0.640	33,954.000000
13.169600	0.640	32,283.000000
13.180267	0.640	31,944.000000
13.190933	0.640	32,448.000000
13.201600	0.640	32,593.000000
13.212267	0.640	32,443.000000
13.222933	0.640	32,663.000000
13.233600	0.640	33,038.000000
13.244267	0.640	32,940.000000
13.254933	0.640	33,518.000000
13.265600	0.640	36,967.000000
13.276267	0.640	40,983.000000
13.286933	0.640	40,187.000000
13.297600	0.640	35,075.000000
13.308267	0.640	30,355.000000
13.318933	0.640	28,081.000000
13.329600	0.640	27,810.000000
13.340267	0.640	27,923.000000
13.350933	0.640	26,966.000000
13.361600	0.640	25,177.000000
13.372267	0.640	23,977.000000
13.382933	0.640	24,644.000000
13.393600	0.640	26,303.000000
13.404267	0.640	26,909.000000
13.414933	0.640	26,839.000000
13.425600	0.640	27,204.000000
13.436267	0.640	27,079.000000
13.446933	0.640	26,323.000000
13.457600	0.640	26,602.000000
13.468267	0.640	28,102.000000
13.478933	0.640	29,214.000000
13.489600	0.640	29,316.000000
13.500267	0.640	29,431.000000
13.510933	0.640	30,136.000000
13.521600	0.640	30,631.000000
13.532267	0.640	30,274.000000
13.542933	0.640	29,341.000000
13.553600	0.640	28,499.000000
13.564267	0.640	28,046.000000
13.574933	0.640	27,364.000000
13.585600	0.640	26,160.000000
13.596267	0.640	25,471.000000
13.606933	0.640	26,059.000000
13.617600	0.640	26,944.000000
13.628267	0.640	27,221.000000
13.638933	0.640	27,759.000000
13.649600	0.640	28,813.000000
13.660267	0.640	29,549.000000
13.670933	0.640	30,850.000000
13.681600	0.640	33,568.000000
13.692267	0.640	36,191.000000
13.702933	0.640	38,143.000000
13.713600	0.640	40,607.000000
13.724267	0.640	44,076.000000
13.734933	0.640	49,368.000000
13.745600	0.640	57,050.000000
13.756267	0.640	67,308.000000
13.766933	0.640	82,757.000000
13.777600	0.640	103,865.000000
13.788267	0.640	127,204.000000
13.798933	0.640	154,742.000000
13.809600	0.640	193,379.000000
13.820267	0.640	244,761.000000
13.830933	0.640	307,051.000000
13.841600	0.640	386,211.000000
13.852267	0.640	497,492.000000
13.862933	0.640	657,797.000000
13.873600	0.640	886,095.000000
13.884267	0.640	1,204,536.000000
13.894933	0.640	1,627,554.000000
13.905600	0.640	2,151,783.000000
13.916267	0.640	2,745,181.000000
13.926933	0.640	3,333,957.000000
13.937600	0.640	3,818,961.000000
13.948267	0.640	4,114,549.000000
13.958933	0.640	4,161,893.000000
13.969600	0.640	3,932,787.000000
13.980267	0.640	3,455,265.000000
13.990933	0.640	2,821,975.000000
14.001600	0.640	2,155,186.000000
14.012267	0.640	1,555,708.000000
14.022933	0.640	1,073,941.000000
14.033600	0.640	717,564.000000
14.044267	0.640	472,323.000000
14.054933	0.640	315,995.000000
14.065600	0.640	225,155.000000
14.076267	0.640	177,863.000000
14.086933	0.640	154,937.000000
14.097600	0.640	140,979.000000
14.108267	0.640	127,746.000000
14.118933	0.640	115,159.000000
14.129600	0.640	104,704.000000
14.140267	0.640	95,130.000000
14.150933	0.640	84,976.000000
14.161600	0.640	73,816.000000
14.172267	0.640	62,260.000000
14.182933	0.640	52,648.000000
14.193600	0.640	47,241.000000
14.204267	0.640	45,842.000000
14.214933	0.640	45,628.000000
14.225600	0.640	43,407.000000
14.236267	0.640	39,543.000000
14.246933	0.640	37,137.000000
14.257600	0.640	36,878.000000
14.268267	0.640	37,457.000000
14.278933	0.640	38,447.000000
14.289600	0.640	39,794.000000
14.300267	0.640	41,154.000000
14.310933	0.640	41,372.000000
14.321600	0.640	40,259.000000
14.332267	0.640	40,727.000000
14.342933	0.640	44,476.000000
14.353600	0.640	48,654.000000
14.364267	0.640	50,714.000000
14.374933	0.640	51,860.000000
14.385600	0.640	53,421.000000
14.396267	0.640	54,427.000000
14.406933	0.640	53,234.000000
14.417600	0.640	49,465.000000
14.428267	0.640	45,157.000000
14.438933	0.640	43,047.000000
14.449600	0.640	43,374.000000
14.460267	0.640	44,040.000000
14.470933	0.640	43,997.000000
14.481600	0.640	44,414.000000
14.492267	0.640	45,811.000000
14.502933	0.640	46,525.000000
14.513600	0.640	45,273.000000
14.524267	0.640	43,339.000000
14.534933	0.640	42,231.000000
14.545600	0.640	41,345.000000
14.556267	0.640	40,635.000000
14.566933	0.640	41,004.000000
14.577600	0.640	41,357.000000
14.588267	0.640	41,458.000000
14.598933	0.640	42,981.000000
14.609600	0.640	45,360.000000
14.620267	0.640	48,114.000000
14.630933	0.640	53,218.000000
14.641600	0.640	61,358.000000
14.652267	0.640	71,565.000000
14.662933	0.640	82,691.000000
14.673600	0.640	91,777.000000
14.684267	0.640	94,923.000000
14.694933	0.640	90,875.000000
14.705600	0.640	81,960.000000
14.716267	0.640	72,263.000000
14.726933	0.640	64,686.000000
14.737600	0.640	59,910.000000
14.748267	0.640	58,534.000000
14.758933	0.640	61,095.000000
14.769600	0.640	66,799.000000
14.780267	0.640	75,475.000000
14.790933	0.640	86,644.000000
14.801600	0.640	96,650.000000
14.812267	0.640	102,455.000000
14.822933	0.640	106,197.000000
14.833600	0.640	112,025.000000
14.844267	0.640	119,033.000000
14.854933	0.640	121,218.000000
14.865600	0.640	114,959.000000
14.876267	0.640	102,071.000000
14.886933	0.640	87,347.000000
14.897600	0.640	75,112.000000
14.908267	0.640	65,732.000000
14.918933	0.640	57,586.000000
14.929600	0.640	51,545.000000
14.940267	0.640	49,266.000000
14.950933	0.640	49,799.000000
14.961600	0.640	51,362.000000
14.972267	0.640	53,524.000000
14.982933	0.640	55,281.000000
14.993600	0.640	55,367.000000
15.004267	0.640	55,459.000000
15.014933	0.640	57,645.000000
15.025600	0.640	60,209.000000
15.036267	0.640	60,428.000000
15.046933	0.640	58,675.000000
15.057600	0.640	57,110.000000
15.068267	0.640	57,082.000000
15.078933	0.640	58,433.000000
15.089600	0.640	60,239.000000
15.100267	0.640	63,031.000000
15.110933	0.640	67,923.000000
15.121600	0.640	74,010.000000
15.132267	0.640	79,635.000000
15.142933	0.640	83,365.000000
15.153600	0.640	83,349.000000
15.164267	0.640	78,948.000000
15.174933	0.640	73,015.000000
15.185600	0.640	69,327.000000
15.196267	0.640	67,752.000000
15.206933	0.640	66,014.000000
15.217600	0.640	64,010.000000
15.228267	0.640	62,501.000000
15.238933	0.640	61,628.000000
15.249600	0.640	61,779.000000
15.260267	0.640	61,536.000000
15.270933	0.640	59,720.000000
15.281600	0.640	58,938.000000
15.292267	0.640	60,323.000000
15.302933	0.640	62,193.000000
15.313600	0.640	64,079.000000
15.324267	0.640	65,217.000000
15.334933	0.640	64,177.000000
15.345600	0.640	62,047.000000
15.356267	0.640	62,093.000000
15.366933	0.640	65,481.000000
15.377600	0.640	68,851.000000
15.388267	0.640	68,917.000000
15.398933	0.640	67,579.000000
15.409600	0.640	67,355.000000
15.420267	0.640	66,769.000000
15.430933	0.640	65,018.000000
15.441600	0.640	64,336.000000
15.452267	0.640	65,905.000000
15.462933	0.640	68,112.000000
15.473600	0.640	69,629.000000
15.484267	0.640	71,540.000000
15.494933	0.640	74,759.000000
15.505600	0.640	78,348.000000
15.516267	0.640	81,866.000000
15.526933	0.640	86,535.000000
15.537600	0.640	93,119.000000
15.548267	0.640	101,782.000000
15.558933	0.640	114,564.000000
15.569600	0.640	132,038.000000
15.580267	0.640	147,928.000000
15.590933	0.640	154,002.000000
15.601600	0.640	148,038.000000
15.612267	0.640	132,538.000000
15.622933	0.640	111,851.000000
15.633600	0.640	93,910.000000
15.644267	0.640	85,779.000000
15.654933	0.640	85,860.000000
15.665600	0.640	87,543.000000
15.676267	0.640	86,642.000000
15.686933	0.640	83,323.000000
15.697600	0.640	81,175.000000
15.708267	0.640	81,122.000000
15.718933	0.640	79,366.000000
15.729600	0.640	75,567.000000
15.740267	0.640	74,851.000000
15.750933	0.640	80,267.000000
15.761600	0.640	89,826.000000
15.772267	0.640	102,973.000000
15.782933	0.640	126,967.000000
15.793600	0.640	172,798.000000
15.804267	0.640	250,226.000000
15.814933	0.640	375,000.000000
15.825600	0.640	581,314.000000
15.836267	0.640	936,235.000000
15.846933	0.640	1,570,606.000000
15.857600	0.640	2,714,230.000000
15.868267	0.640	4,624,056.000000
15.878933	0.640	7,291,530.000000
15.889600	0.640	10,104,653.000000
15.900267	0.640	11,925,967.000000
15.910933	0.640	11,799,791.000000
15.921600	0.640	9,743,734.000000
15.932267	0.640	6,761,269.000000
15.942933	0.640	4,039,724.000000
15.953600	0.640	2,198,541.000000
15.964267	0.640	1,202,011.000000
15.974933	0.640	727,571.000000
15.985600	0.640	494,198.000000
15.996267	0.640	359,012.000000
16.006933	0.640	272,151.000000
16.017600	0.640	215,966.000000
16.028267	0.640	179,969.000000
16.038933	0.640	157,453.000000
16.049600	0.640	146,557.000000
16.060267	0.640	147,247.000000
16.070933	0.640	155,694.000000
16.081600	0.640	166,391.000000
16.092267	0.640	177,162.000000
16.102933	0.640	186,482.000000
16.113600	0.640	190,418.000000
16.124267	0.640	188,070.000000
16.134933	0.640	183,103.000000
16.145600	0.640	178,114.000000
16.156267	0.640	173,864.000000
16.166933	0.640	170,267.000000
16.177600	0.640	166,887.000000
16.188267	0.640	164,805.000000
16.198933	0.640	164,262.000000
16.209600	0.640	164,071.000000
16.220267	0.640	167,307.000000
16.230933	0.640	180,266.000000
16.241600	0.640	204,035.000000
16.252267	0.640	233,948.000000
16.262933	0.640	261,728.000000
16.273600	0.640	272,766.000000
16.284267	0.640	256,062.000000
16.294933	0.640	218,390.000000
16.305600	0.640	177,694.000000
16.316267	0.640	147,989.000000
16.326933	0.640	132,261.000000
16.337600	0.640	124,444.000000
16.348267	0.640	118,373.000000
16.358933	0.640	114,459.000000
16.369600	0.640	115,704.000000
16.380267	0.640	119,959.000000
16.390933	0.640	123,018.000000
16.401600	0.640	125,208.000000
16.412267	0.640	127,295.000000
16.422933	0.640	127,128.000000
16.433600	0.640	125,748.000000
16.444267	0.640	129,367.000000
16.454933	0.640	142,912.000000
16.465600	0.640	167,516.000000
16.476267	0.640	207,842.000000
16.486933	0.640	281,091.000000
16.497600	0.640	414,529.000000
16.508267	0.640	642,780.000000
16.518933	0.640	1,022,908.000000
16.529600	0.640	1,656,868.000000
16.540267	0.640	2,746,633.000000
16.550933	0.640	4,690,602.000000
16.561600	0.640	8,078,489.000000
16.572267	0.640	13,358,629.000000
16.582933	0.640	20,113,120.000000
16.593600	0.640	26,502,323.000000
16.604267	0.640	29,863,673.000000
16.614933	0.640	28,463,290.000000
16.625600	0.640	22,887,684.000000
16.636267	0.640	15,635,942.000000
16.646933	0.640	9,297,128.000000
16.657600	0.640	5,084,681.000000
16.668267	0.640	2,794,784.000000
16.678933	0.640	1,663,474.000000
16.689600	0.640	1,075,041.000000
16.700267	0.640	727,690.000000
16.710933	0.640	510,248.000000
16.721600	0.640	375,832.000000
16.732267	0.640	292,493.000000
16.742933	0.640	238,551.000000
16.753600	0.640	203,079.000000
16.764267	0.640	181,724.000000
16.774933	0.640	169,665.000000
16.785600	0.640	161,974.000000
16.796267	0.640	158,634.000000
16.806933	0.640	160,529.000000
16.817600	0.640	166,068.000000
16.828267	0.640	175,496.000000
16.838933	0.640	189,787.000000
16.849600	0.640	205,515.000000
16.860267	0.640	216,253.000000
16.870933	0.640	217,408.000000
16.881600	0.640	209,673.000000
16.892267	0.640	197,926.000000
16.902933	0.640	185,981.000000
16.913600	0.640	175,508.000000
16.924267	0.640	168,090.000000
16.934933	0.640	163,707.000000
16.945600	0.640	159,970.000000
16.956267	0.640	155,472.000000
16.966933	0.640	151,410.000000
16.977600	0.640	149,788.000000
16.988267	0.640	150,915.000000
16.998933	0.640	151,789.000000
17.009600	0.640	150,325.000000
17.020267	0.640	149,619.000000
17.030933	0.640	152,177.000000
17.041600	0.640	156,878.000000
17.052267	0.640	164,089.000000
17.062933	0.640	174,446.000000
17.073600	0.640	187,093.000000
17.084267	0.640	204,754.000000
17.094933	0.640	232,147.000000
17.105600	0.640	272,483.000000
17.116267	0.640	332,066.000000
17.126933	0.640	420,457.000000
17.137600	0.640	543,188.000000
17.148267	0.640	694,896.000000
17.158933	0.640	859,791.000000
17.169600	0.640	1,020,921.000000
17.180267	0.640	1,159,334.000000
17.190933	0.640	1,248,500.000000
17.201600	0.640	1,268,322.000000
17.212267	0.640	1,214,263.000000
17.222933	0.640	1,091,404.000000
17.233600	0.640	921,482.000000
17.244267	0.640	740,548.000000
17.254933	0.640	574,062.000000
17.265600	0.640	432,205.000000
17.276267	0.640	324,284.000000
17.286933	0.640	255,512.000000
17.297600	0.640	216,120.000000
17.308267	0.640	191,355.000000
17.318933	0.640	175,867.000000
17.329600	0.640	168,544.000000
17.340267	0.640	165,731.000000
17.350933	0.640	164,993.000000
17.361600	0.640	166,016.000000
17.372267	0.640	167,625.000000
17.382933	0.640	168,858.000000
17.393600	0.640	170,696.000000
17.404267	0.640	172,968.000000
17.414933	0.640	173,989.000000
17.425600	0.640	175,880.000000
17.436267	0.640	182,414.000000
17.446933	0.640	191,780.000000
17.457600	0.640	200,456.000000
17.468267	0.640	209,258.000000
17.478933	0.640	219,590.000000
17.489600	0.640	232,657.000000
17.500267	0.640	251,138.000000
17.510933	0.640	272,512.000000
17.521600	0.640	289,907.000000
17.532267	0.640	303,064.000000
17.542933	0.640	318,098.000000
17.553600	0.640	343,473.000000
17.564267	0.640	386,398.000000
17.574933	0.640	442,936.000000
17.585600	0.640	501,596.000000
17.596267	0.640	553,095.000000
17.606933	0.640	585,333.000000
17.617600	0.640	584,628.000000
17.628267	0.640	548,909.000000
17.638933	0.640	488,914.000000
17.649600	0.640	419,060.000000
17.660267	0.640	354,236.000000
17.670933	0.640	308,091.000000
17.681600	0.640	283,600.000000
17.692267	0.640	270,430.000000
17.702933	0.640	260,489.000000
17.713600	0.640	255,652.000000
17.724267	0.640	255,027.000000
17.734933	0.640	252,825.000000
17.745600	0.640	248,968.000000
17.756267	0.640	246,491.000000
17.766933	0.640	245,090.000000
17.777600	0.640	244,256.000000
17.788267	0.640	245,522.000000
17.798933	0.640	249,132.000000
17.809600	0.640	252,649.000000
17.820267	0.640	254,793.000000
17.830933	0.640	256,989.000000
17.841600	0.640	258,925.000000
17.852267	0.640	259,515.000000
17.862933	0.640	262,408.000000
17.873600	0.640	269,436.000000
17.884267	0.640	274,597.000000
17.894933	0.640	274,225.000000
17.905600	0.640	272,350.000000
17.916267	0.640	273,714.000000
17.926933	0.640	279,064.000000
17.937600	0.640	285,213.000000
17.948267	0.640	289,648.000000
17.958933	0.640	294,832.000000
17.969600	0.640	302,900.000000
17.980267	0.640	310,523.000000
17.990933	0.640	315,133.000000
18.001600	0.640	318,859.000000
18.012267	0.640	322,941.000000
18.022933	0.640	326,748.000000
18.033600	0.640	332,066.000000
18.044267	0.640	340,610.000000
18.054933	0.640	349,347.000000
18.065600	0.640	355,692.000000
18.076267	0.640	363,717.000000
18.086933	0.640	378,876.000000
18.097600	0.640	400,929.000000
18.108267	0.640	428,415.000000
18.118933	0.640	467,827.000000
18.129600	0.640	529,285.000000
18.140267	0.640	618,585.000000
18.150933	0.640	744,385.000000
18.161600	0.640	923,415.000000
18.172267	0.640	1,175,757.000000
18.182933	0.640	1,523,378.000000
18.193600	0.640	1,994,356.000000
18.204267	0.640	2,636,611.000000
18.214933	0.640	3,518,538.000000
18.225600	0.640	4,723,097.000000
18.236267	0.640	6,392,314.000000
18.246933	0.640	8,770,362.000000
18.257600	0.640	12,194,410.000000
18.268267	0.640	17,069,983.000000
18.278933	0.640	23,789,622.000000
18.289600	0.640	32,525,438.000000
18.300267	0.640	42,905,058.000000
18.310933	0.640	53,766,264.000000
18.321600	0.640	63,269,092.000000
18.332267	0.640	69,407,118.000000
18.342933	0.640	70,700,994.000000
18.353600	0.640	66,747,733.000000
18.364267	0.640	58,377,662.000000
18.374933	0.640	47,367,846.000000
18.385600	0.640	35,798,355.000000
18.396267	0.640	25,338,237.000000
18.406933	0.640	16,904,153.000000
18.417600	0.640	10,749,407.000000
18.428267	0.640	6,647,859.000000
18.438933	0.640	4,091,906.000000
18.449600	0.640	2,554,928.000000
18.460267	0.640	1,657,193.000000
18.470933	0.640	1,157,013.000000
18.481600	0.640	901,121.000000
18.492267	0.640	806,586.000000
18.502933	0.640	830,823.000000
18.513600	0.640	946,409.000000
18.524267	0.640	1,148,678.000000
18.534933	0.640	1,453,369.000000
18.545600	0.640	1,887,364.000000
18.556267	0.640	2,499,327.000000
18.566933	0.640	3,373,152.000000
18.577600	0.640	4,648,027.000000
18.588267	0.640	6,526,234.000000
18.598933	0.640	9,225,258.000000
18.609600	0.640	12,866,531.000000
18.620267	0.640	17,306,107.000000
18.630933	0.640	22,024,015.000000
18.641600	0.640	26,216,854.000000
18.652267	0.640	29,018,645.000000
18.662933	0.640	29,747,066.000000
18.673600	0.640	28,171,054.000000
18.684267	0.640	24,655,913.000000
18.694933	0.640	20,000,549.000000
18.705600	0.640	15,088,180.000000
18.716267	0.640	10,637,659.000000
18.726933	0.640	7,078,359.000000
18.737600	0.640	4,502,015.000000
18.748267	0.640	2,774,047.000000
18.758933	0.640	1,692,438.000000
18.769600	0.640	1,051,977.000000
18.780267	0.640	677,048.000000
18.790933	0.640	451,907.000000
18.801600	0.640	315,038.000000
18.812267	0.640	231,963.000000
18.822933	0.640	180,052.000000
18.833600	0.640	148,014.000000
18.844267	0.640	129,936.000000
18.854933	0.640	119,875.000000
18.865600	0.640	115,332.000000
18.876267	0.640	116,625.000000
18.886933	0.640	122,456.000000
18.897600	0.640	130,199.000000
18.908267	0.640	139,052.000000
18.918933	0.640	151,338.000000
18.929600	0.640	171,213.000000
18.940267	0.640	201,943.000000
18.950933	0.640	243,152.000000
18.961600	0.640	293,358.000000
18.972267	0.640	355,459.000000
18.982933	0.640	436,173.000000
18.993600	0.640	545,578.000000
19.004267	0.640	698,967.000000
19.014933	0.640	914,632.000000
19.025600	0.640	1,218,224.000000
19.036267	0.640	1,648,185.000000
19.046933	0.640	2,238,437.000000
19.057600	0.640	2,995,058.000000
19.068267	0.640	3,889,130.000000
19.078933	0.640	4,847,236.000000
19.089600	0.640	5,737,284.000000
19.100267	0.640	6,390,194.000000
19.110933	0.640	6,672,206.000000
19.121600	0.640	6,535,712.000000
19.132267	0.640	6,005,474.000000
19.142933	0.640	5,165,827.000000
19.153600	0.640	4,159,983.000000
19.164267	0.640	3,149,399.000000
19.174933	0.640	2,255,595.000000
19.185600	0.640	1,540,475.000000
19.196267	0.640	1,019,534.000000
19.206933	0.640	670,286.000000
19.217600	0.640	446,661.000000
19.228267	0.640	307,197.000000
19.238933	0.640	225,199.000000
19.249600	0.640	179,800.000000
19.260267	0.640	152,270.000000
19.270933	0.640	132,912.000000
19.281600	0.640	122,200.000000
19.292267	0.640	119,617.000000
19.302933	0.640	119,476.000000
19.313600	0.640	117,970.000000
19.324267	0.640	115,576.000000
19.334933	0.640	114,207.000000
19.345600	0.640	114,502.000000
19.356267	0.640	114,706.000000
19.366933	0.640	114,049.000000
19.377600	0.640	114,591.000000
19.388267	0.640	117,129.000000
19.398933	0.640	119,396.000000
19.409600	0.640	120,763.000000
19.420267	0.640	123,681.000000
19.430933	0.640	127,666.000000
19.441600	0.640	130,155.000000
19.452267	0.640	133,000.000000
19.462933	0.640	138,183.000000
19.473600	0.640	143,212.000000
19.484267	0.640	147,171.000000
19.494933	0.640	152,236.000000
19.505600	0.640	156,894.000000
19.516267	0.640	156,477.000000
19.526933	0.640	151,633.000000
19.537600	0.640	147,137.000000
19.548267	0.640	143,086.000000
19.558933	0.640	137,146.000000
19.569600	0.640	131,110.000000
19.580267	0.640	128,303.000000
19.590933	0.640	129,528.000000
19.601600	0.640	132,492.000000
19.612267	0.640	134,011.000000
19.622933	0.640	134,677.000000
19.633600	0.640	138,051.000000
19.644267	0.640	144,301.000000
19.654933	0.640	149,127.000000
19.665600	0.640	150,847.000000
19.676267	0.640	154,445.000000
19.686933	0.640	164,205.000000
19.697600	0.640	177,796.000000
19.708267	0.640	192,132.000000
19.718933	0.640	207,189.000000
19.729600	0.640	221,829.000000
19.740267	0.640	234,667.000000
19.750933	0.640	248,534.000000
19.761600	0.640	268,415.000000
19.772267	0.640	297,385.000000
19.782933	0.640	335,869.000000
19.793600	0.640	384,087.000000
19.804267	0.640	445,648.000000
19.814933	0.640	524,005.000000
19.825600	0.640	615,528.000000
19.836267	0.640	715,401.000000
19.846933	0.640	825,068.000000
19.857600	0.640	942,289.000000
19.868267	0.640	1,053,544.000000
19.878933	0.640	1,145,150.000000
19.889600	0.640	1,208,602.000000
19.900267	0.640	1,232,819.000000
19.910933	0.640	1,210,839.000000
19.921600	0.640	1,150,986.000000
19.932267	0.640	1,065,071.000000
19.942933	0.640	956,180.000000
19.953600	0.640	828,676.000000
19.964267	0.640	697,113.000000
19.974933	0.640	575,077.000000
19.985600	0.640	466,238.000000
19.996267	0.640	371,990.000000
20.006933	0.640	295,246.000000
20.017600	0.640	235,649.000000
20.028267	0.640	189,535.000000
20.038933	0.640	154,069.000000
20.049600	0.640	128,275.000000
20.060267	0.640	110,650.000000
20.070933	0.640	98,477.000000
20.081600	0.640	88,926.000000
20.092267	0.640	80,994.000000
20.102933	0.640	75,834.000000
20.113600	0.640	72,980.000000
20.124267	0.640	70,791.000000
20.134933	0.640	70,231.000000
20.145600	0.640	72,439.000000
20.156267	0.640	76,276.000000
20.166933	0.640	80,572.000000
20.177600	0.640	84,365.000000
20.188267	0.640	86,678.000000
20.198933	0.640	88,072.000000
20.209600	0.640	89,170.000000
20.220267	0.640	89,344.000000
20.230933	0.640	88,285.000000
20.241600	0.640	86,045.000000
20.252267	0.640	82,231.000000
20.262933	0.640	76,235.000000
20.273600	0.640	68,524.000000
20.284267	0.640	61,353.000000
20.294933	0.640	56,946.000000
20.305600	0.640	55,860.000000
20.316267	0.640	56,782.000000
20.326933	0.640	56,718.000000
20.337600	0.640	53,865.000000
20.348267	0.640	50,497.000000
20.358933	0.640	49,134.000000
20.369600	0.640	48,885.000000
20.380267	0.640	48,168.000000
20.390933	0.640	47,297.000000
20.401600	0.640	47,698.000000
20.412267	0.640	48,751.000000
20.422933	0.640	48,407.000000
20.433600	0.640	47,310.000000
20.444267	0.640	46,923.000000
20.454933	0.640	46,685.000000
20.465600	0.640	45,383.000000
20.476267	0.640	43,311.000000
20.486933	0.640	43,210.000000
20.497600	0.640	45,550.000000
20.508267	0.640	46,357.000000
20.518933	0.640	44,982.000000
20.529600	0.640	45,074.000000
20.540267	0.640	46,273.000000
20.550933	0.640	45,380.000000
20.561600	0.640	43,028.000000
20.572267	0.640	41,879.000000
20.582933	0.640	42,013.000000
20.593600	0.640	41,908.000000
20.604267	0.640	42,093.000000
20.614933	0.640	43,786.000000
20.625600	0.640	45,760.000000
20.636267	0.640	47,289.000000
20.646933	0.640	49,498.000000
20.657600	0.640	52,153.000000
20.668267	0.640	54,580.000000
20.678933	0.640	57,836.000000
20.689600	0.640	62,311.000000
20.700267	0.640	66,383.000000
20.710933	0.640	70,247.000000
20.721600	0.640	76,849.000000
20.732267	0.640	86,422.000000
20.742933	0.640	95,547.000000
20.753600	0.640	104,041.000000
20.764267	0.640	116,261.000000
20.774933	0.640	133,837.000000
20.785600	0.640	153,919.000000
20.796267	0.640	176,291.000000
20.806933	0.640	206,822.000000
20.817600	0.640	250,858.000000
20.828267	0.640	308,482.000000
20.838933	0.640	378,027.000000
20.849600	0.640	459,566.000000
20.860267	0.640	556,041.000000
20.870933	0.640	668,730.000000
20.881600	0.640	791,906.000000
20.892267	0.640	914,698.000000
20.902933	0.640	1,023,446.000000
20.913600	0.640	1,109,242.000000
20.924267	0.640	1,171,329.000000
20.934933	0.640	1,204,254.000000
20.945600	0.640	1,197,828.000000
20.956267	0.640	1,154,159.000000
20.966933	0.640	1,088,400.000000
20.977600	0.640	1,012,971.000000
20.988267	0.640	935,329.000000
20.998933	0.640	865,501.000000
21.009600	0.640	814,144.000000
21.020267	0.640	790,343.000000
21.030933	0.640	800,492.000000
21.041600	0.640	844,991.000000
21.052267	0.640	917,895.000000
21.062933	0.640	1,014,527.000000
21.073600	0.640	1,142,002.000000
21.084267	0.640	1,310,316.000000
21.094933	0.640	1,521,182.000000
21.105600	0.640	1,780,161.000000
21.116267	0.640	2,100,735.000000
21.126933	0.640	2,489,949.000000
21.137600	0.640	2,947,934.000000
21.148267	0.640	3,473,504.000000
21.158933	0.640	4,048,056.000000
21.169600	0.640	4,633,802.000000
21.180267	0.640	5,201,805.000000
21.190933	0.640	5,712,348.000000
21.201600	0.640	6,080,965.000000
21.212267	0.640	6,239,398.000000
21.222933	0.640	6,188,272.000000
21.233600	0.640	5,941,826.000000
21.244267	0.640	5,496,483.000000
21.254933	0.640	4,882,791.000000
21.265600	0.640	4,182,343.000000
21.276267	0.640	3,472,847.000000
21.286933	0.640	2,795,366.000000
21.297600	0.640	2,175,163.000000
21.308267	0.640	1,639,247.000000
21.318933	0.640	1,207,337.000000
21.329600	0.640	877,757.000000
21.340267	0.640	631,699.000000
21.350933	0.640	450,427.000000
21.361600	0.640	321,200.000000
21.372267	0.640	234,240.000000
21.382933	0.640	181,058.000000
21.393600	0.640	151,175.000000
21.404267	0.640	133,833.000000
21.414933	0.640	123,421.000000
21.425600	0.640	117,241.000000
21.436267	0.640	113,636.000000
21.446933	0.640	113,163.000000
21.457600	0.640	115,614.000000
21.468267	0.640	118,690.000000
21.478933	0.640	120,274.000000
21.489600	0.640	119,462.000000
21.500267	0.640	116,466.000000
21.510933	0.640	112,841.000000
21.521600	0.640	109,743.000000
21.532267	0.640	105,028.000000
21.542933	0.640	95,521.000000
21.553600	0.640	82,512.000000
21.564267	0.640	71,564.000000
21.574933	0.640	65,745.000000
21.585600	0.640	62,678.000000
21.596267	0.640	59,277.000000
21.606933	0.640	55,203.000000
21.617600	0.640	51,968.000000
21.628267	0.640	50,618.000000
21.638933	0.640	49,759.000000
21.649600	0.640	47,831.000000
21.660267	0.640	46,405.000000
21.670933	0.640	46,704.000000
21.681600	0.640	46,534.000000
21.692267	0.640	44,816.000000
21.702933	0.640	44,021.000000
21.713600	0.640	45,929.000000
21.724267	0.640	48,357.000000
21.734933	0.640	48,111.000000
21.745600	0.640	46,168.000000
21.756267	0.640	45,725.000000
21.766933	0.640	46,707.000000
21.777600	0.640	47,658.000000
21.788267	0.640	48,876.000000
21.798933	0.640	49,190.000000
21.809600	0.640	46,829.000000
21.820267	0.640	44,882.000000
21.830933	0.640	46,452.000000
21.841600	0.640	48,648.000000
21.852267	0.640	48,795.000000
21.862933	0.640	48,421.000000
21.873600	0.640	49,158.000000
21.884267	0.640	51,048.000000
21.894933	0.640	52,824.000000
21.905600	0.640	52,420.000000
21.916267	0.640	49,797.000000
21.926933	0.640	47,350.000000
21.937600	0.640	47,091.000000
21.948267	0.640	49,111.000000
21.958933	0.640	51,245.000000
21.969600	0.640	51,130.000000
21.980267	0.640	49,409.000000
21.990933	0.640	48,344.000000
22.001600	0.640	48,568.000000
22.012267	0.640	49,450.000000
22.022933	0.640	50,609.000000
22.033600	0.640	51,843.000000
22.044267	0.640	52,715.000000
22.054933	0.640	53,052.000000
22.065600	0.640	53,053.000000
22.076267	0.640	52,659.000000
22.086933	0.640	52,637.000000
22.097600	0.640	54,311.000000
22.108267	0.640	57,173.000000
22.118933	0.640	59,357.000000
22.129600	0.640	60,362.000000
22.140267	0.640	61,680.000000
22.150933	0.640	63,760.000000
22.161600	0.640	65,782.000000
22.172267	0.640	68,522.000000
22.182933	0.640	72,774.000000
22.193600	0.640	78,113.000000
22.204267	0.640	84,955.000000
22.214933	0.640	94,341.000000
22.225600	0.640	106,292.000000
22.236267	0.640	119,996.000000
22.246933	0.640	135,274.000000
22.257600	0.640	152,733.000000
22.268267	0.640	172,938.000000
22.278933	0.640	197,178.000000
22.289600	0.640	227,555.000000
22.300267	0.640	265,394.000000
22.310933	0.640	311,784.000000
22.321600	0.640	367,506.000000
22.332267	0.640	430,602.000000
22.342933	0.640	500,523.000000
22.353600	0.640	584,950.000000
22.364267	0.640	693,780.000000
22.374933	0.640	829,952.000000
22.385600	0.640	995,494.000000
22.396267	0.640	1,199,145.000000
22.406933	0.640	1,452,312.000000
22.417600	0.640	1,767,758.000000
22.428267	0.640	2,155,282.000000
22.438933	0.640	2,613,213.000000
22.449600	0.640	3,142,014.000000
22.460267	0.640	3,750,319.000000
22.470933	0.640	4,425,302.000000
22.481600	0.640	5,123,369.000000
22.492267	0.640	5,799,305.000000
22.502933	0.640	6,416,192.000000
22.513600	0.640	6,927,843.000000
22.524267	0.640	7,279,433.000000
22.534933	0.640	7,433,619.000000
22.545600	0.640	7,382,908.000000
22.556267	0.640	7,127,395.000000
22.566933	0.640	6,666,066.000000
22.577600	0.640	6,028,418.000000
22.588267	0.640	5,279,423.000000
22.598933	0.640	4,487,013.000000
22.609600	0.640	3,708,091.000000
22.620267	0.640	2,984,565.000000
22.630933	0.640	2,337,957.000000
22.641600	0.640	1,779,220.000000
22.652267	0.640	1,317,425.000000
22.662933	0.640	953,950.000000
22.673600	0.640	678,819.000000
22.684267	0.640	476,761.000000
22.694933	0.640	333,576.000000
22.705600	0.640	236,034.000000
22.716267	0.640	170,674.000000
22.726933	0.640	127,146.000000
22.737600	0.640	99,371.000000
22.748267	0.640	82,457.000000
22.758933	0.640	71,634.000000
22.769600	0.640	64,379.000000
22.780267	0.640	60,299.000000
22.790933	0.640	58,267.000000
22.801600	0.640	57,158.000000
22.812267	0.640	57,359.000000
22.822933	0.640	58,748.000000
22.833600	0.640	59,427.000000
22.844267	0.640	58,006.000000
22.854933	0.640	55,568.000000
22.865600	0.640	53,699.000000
22.876267	0.640	53,163.000000
22.886933	0.640	54,651.000000
22.897600	0.640	58,355.000000
22.908267	0.640	63,653.000000
22.918933	0.640	69,420.000000
22.929600	0.640	75,392.000000
22.940267	0.640	83,568.000000
22.950933	0.640	95,931.000000
22.961600	0.640	111,895.000000
22.972267	0.640	130,418.000000
22.982933	0.640	153,017.000000
22.993600	0.640	183,327.000000
23.004267	0.640	223,790.000000
23.014933	0.640	274,217.000000
23.025600	0.640	336,414.000000
23.036267	0.640	417,386.000000
23.046933	0.640	523,330.000000
23.057600	0.640	654,482.000000
23.068267	0.640	808,769.000000
23.078933	0.640	991,150.000000
23.089600	0.640	1,221,710.000000
23.100267	0.640	1,526,655.000000
23.110933	0.640	1,926,121.000000
23.121600	0.640	2,444,038.000000
23.132267	0.640	3,119,982.000000
23.142933	0.640	4,007,868.000000
23.153600	0.640	5,165,979.000000
23.164267	0.640	6,646,885.000000
23.174933	0.640	8,492,017.000000
23.185600	0.640	10,698,110.000000
23.196267	0.640	13,166,136.000000
23.206933	0.640	15,696,084.000000
23.217600	0.640	18,017,905.000000
23.228267	0.640	19,840,218.000000
23.238933	0.640	20,913,530.000000
23.249600	0.640	21,046,158.000000
23.260267	0.640	20,137,417.000000
23.270933	0.640	18,288,484.000000
23.281600	0.640	15,796,067.000000
23.292267	0.640	13,001,015.000000
23.302933	0.640	10,198,630.000000
23.313600	0.640	7,629,955.000000
23.324267	0.640	5,462,688.000000
23.334933	0.640	3,763,044.000000
23.345600	0.640	2,508,265.000000
23.356267	0.640	1,631,703.000000
23.366933	0.640	1,052,251.000000
23.377600	0.640	687,475.000000
23.388267	0.640	466,367.000000
23.398933	0.640	337,031.000000
23.409600	0.640	265,123.000000
23.420267	0.640	227,340.000000
23.430933	0.640	207,511.000000
23.441600	0.640	195,228.000000
23.452267	0.640	183,181.000000
23.462933	0.640	168,455.000000
23.473600	0.640	153,725.000000
23.484267	0.640	141,093.000000
23.494933	0.640	129,989.000000
23.505600	0.640	120,565.000000
23.516267	0.640	112,948.000000
23.526933	0.640	105,990.000000
23.537600	0.640	99,600.000000
23.548267	0.640	94,995.000000
23.558933	0.640	91,952.000000
23.569600	0.640	89,522.000000
23.580267	0.640	88,011.000000
23.590933	0.640	87,426.000000
23.601600	0.640	85,457.000000
23.612267	0.640	80,207.000000
23.622933	0.640	74,392.000000
23.633600	0.640	70,788.000000
23.644267	0.640	67,021.000000
23.654933	0.640	61,663.000000
23.665600	0.640	57,903.000000
23.676267	0.640	57,185.000000
23.686933	0.640	57,005.000000
23.697600	0.640	56,556.000000
23.708267	0.640	57,842.000000
23.718933	0.640	60,542.000000
23.729600	0.640	62,070.000000
23.740267	0.640	62,280.000000
23.750933	0.640	62,792.000000
23.761600	0.640	63,169.000000
23.772267	0.640	62,455.000000
23.782933	0.640	62,198.000000
23.793600	0.640	63,953.000000
23.804267	0.640	67,115.000000
23.814933	0.640	69,976.000000
23.825600	0.640	70,804.000000
23.836267	0.640	69,724.000000
23.846933	0.640	68,224.000000
23.857600	0.640	66,474.000000
23.868267	0.640	64,087.000000
23.878933	0.640	61,909.000000
23.889600	0.640	61,303.000000
23.900267	0.640	62,437.000000
23.910933	0.640	63,627.000000
23.921600	0.640	64,159.000000
23.932267	0.640	66,348.000000
23.942933	0.640	70,786.000000
23.953600	0.640	75,037.000000
23.964267	0.640	79,943.000000
23.974933	0.640	89,691.000000
23.985600	0.640	106,476.000000
23.996267	0.640	128,666.000000
24.006933	0.640	151,142.000000
24.017600	0.640	167,016.000000
24.028267	0.640	170,469.000000
24.038933	0.640	160,874.000000
24.049600	0.640	143,221.000000
24.060267	0.640	121,977.000000
24.070933	0.640	99,891.000000
24.081600	0.640	81,889.000000
24.092267	0.640	72,201.000000
24.102933	0.640	68,938.000000
24.113600	0.640	67,319.000000
24.124267	0.640	65,990.000000
24.134933	0.640	65,852.000000
24.145600	0.640	66,315.000000
24.156267	0.640	66,243.000000
24.166933	0.640	66,270.000000
24.177600	0.640	66,906.000000
24.188267	0.640	66,690.000000
24.198933	0.640	65,436.000000
24.209600	0.640	64,773.000000
24.220267	0.640	65,664.000000
24.230933	0.640	68,187.000000
24.241600	0.640	70,095.000000
24.252267	0.640	69,260.000000
24.262933	0.640	68,758.000000
24.273600	0.640	71,999.000000
24.284267	0.640	77,066.000000
24.294933	0.640	81,496.000000
24.305600	0.640	85,835.000000
24.316267	0.640	90,973.000000
24.326933	0.640	96,822.000000
24.337600	0.640	102,644.000000
24.348267	0.640	107,931.000000
24.358933	0.640	113,901.000000
24.369600	0.640	124,534.000000
24.380267	0.640	147,225.000000
24.390933	0.640	190,780.000000
24.401600	0.640	264,782.000000
24.412267	0.640	385,991.000000
24.422933	0.640	582,725.000000
24.433600	0.640	893,457.000000
24.444267	0.640	1,368,947.000000
24.454933	0.640	2,087,081.000000
24.465600	0.640	3,186,425.000000
24.476267	0.640	4,909,883.000000
24.486933	0.640	7,652,822.000000
24.497600	0.640	11,973,778.000000
24.508267	0.640	18,408,547.000000
24.518933	0.640	26,968,421.000000
24.529600	0.640	36,522,829.000000
24.540267	0.640	44,680,910.000000
24.550933	0.640	48,708,906.000000
24.561600	0.640	47,026,893.000000
24.572267	0.640	40,133,644.000000
24.582933	0.640	30,333,171.000000
24.593600	0.640	20,477,518.000000
24.604267	0.640	12,585,735.000000
24.614933	0.640	7,274,809.000000
24.625600	0.640	4,134,218.000000
24.636267	0.640	2,419,040.000000
24.646933	0.640	1,495,975.000000
24.657600	0.640	970,619.000000
24.668267	0.640	650,376.000000
24.678933	0.640	450,610.000000
24.689600	0.640	324,354.000000
24.700267	0.640	242,249.000000
24.710933	0.640	190,109.000000
24.721600	0.640	160,651.000000
24.732267	0.640	145,101.000000
24.742933	0.640	135,859.000000
24.753600	0.640	131,528.000000
24.764267	0.640	132,670.000000
24.774933	0.640	137,299.000000
24.785600	0.640	143,291.000000
24.796267	0.640	150,918.000000
24.806933	0.640	161,494.000000
24.817600	0.640	174,297.000000
24.828267	0.640	186,968.000000
24.838933	0.640	198,943.000000
24.849600	0.640	212,635.000000
24.860267	0.640	232,692.000000
24.870933	0.640	261,502.000000
24.881600	0.640	294,843.000000
24.892267	0.640	330,461.000000
24.902933	0.640	377,698.000000
24.913600	0.640	449,483.000000
24.924267	0.640	557,351.000000
24.934933	0.640	723,776.000000
24.945600	0.640	993,034.000000
24.956267	0.640	1,453,916.000000
24.966933	0.640	2,311,246.000000
24.977600	0.640	3,972,621.000000
24.988267	0.640	6,950,503.000000
24.998933	0.640	11,327,455.000000
25.009600	0.640	16,040,735.000000
25.020267	0.640	18,992,549.000000
25.030933	0.640	18,508,688.000000
25.041600	0.640	14,856,850.000000
25.052267	0.640	10,039,398.000000
25.062933	0.640	6,075,084.000000
25.073600	0.640	3,700,594.000000
25.084267	0.640	2,539,403.000000
25.094933	0.640	1,953,301.000000
25.105600	0.640	1,545,738.000000
25.116267	0.640	1,189,154.000000
25.126933	0.640	882,922.000000
25.137600	0.640	643,547.000000
25.148267	0.640	472,985.000000
25.158933	0.640	359,727.000000
25.169600	0.640	282,744.000000
25.180267	0.640	225,096.000000
25.190933	0.640	181,954.000000
25.201600	0.640	153,223.000000
25.212267	0.640	137,137.000000
25.222933	0.640	128,658.000000
25.233600	0.640	121,525.000000
25.244267	0.640	113,851.000000
25.254933	0.640	107,300.000000
25.265600	0.640	102,140.000000
25.276267	0.640	98,017.000000
25.286933	0.640	95,099.000000
25.297600	0.640	93,009.000000
25.308267	0.640	90,984.000000
25.318933	0.640	88,274.000000
25.329600	0.640	85,785.000000
25.340267	0.640	85,191.000000
25.350933	0.640	85,350.000000
25.361600	0.640	85,171.000000
25.372267	0.640	86,758.000000
25.382933	0.640	90,016.000000
25.393600	0.640	91,696.000000
25.404267	0.640	92,274.000000
25.414933	0.640	94,799.000000
25.425600	0.640	99,446.000000
25.436267	0.640	105,807.000000
25.446933	0.640	113,649.000000
25.457600	0.640	119,831.000000
25.468267	0.640	122,212.000000
25.478933	0.640	123,243.000000
25.489600	0.640	124,657.000000
25.500267	0.640	124,552.000000
25.510933	0.640	121,907.000000
25.521600	0.640	119,394.000000
25.532267	0.640	119,344.000000
25.542933	0.640	119,467.000000
25.553600	0.640	116,939.000000
25.564267	0.640	113,098.000000
25.574933	0.640	109,330.000000
25.585600	0.640	104,111.000000
25.596267	0.640	96,816.000000
25.606933	0.640	89,789.000000
25.617600	0.640	86,017.000000
25.628267	0.640	85,885.000000
25.638933	0.640	86,791.000000
25.649600	0.640	86,315.000000
25.660267	0.640	84,416.000000
25.670933	0.640	82,688.000000
25.681600	0.640	82,830.000000
25.692267	0.640	85,114.000000
25.702933	0.640	87,613.000000
25.713600	0.640	87,955.000000
25.724267	0.640	86,419.000000
25.734933	0.640	85,295.000000
25.745600	0.640	85,102.000000
25.756267	0.640	85,381.000000
25.766933	0.640	86,443.000000
25.777600	0.640	87,406.000000
25.788267	0.640	88,066.000000
25.798933	0.640	89,778.000000
25.809600	0.640	92,542.000000
25.820267	0.640	96,211.000000
25.830933	0.640	99,962.000000
25.841600	0.640	101,809.000000
25.852267	0.640	102,000.000000
25.862933	0.640	102,422.000000
25.873600	0.640	105,804.000000
25.884267	0.640	114,437.000000
25.894933	0.640	125,977.000000
25.905600	0.640	136,463.000000
25.916267	0.640	146,446.000000
25.926933	0.640	158,553.000000
25.937600	0.640	171,188.000000
25.948267	0.640	178,183.000000
25.958933	0.640	175,992.000000
25.969600	0.640	169,002.000000
25.980267	0.640	164,225.000000
25.990933	0.640	165,320.000000
26.001600	0.640	175,926.000000
26.012267	0.640	203,436.000000
26.022933	0.640	260,938.000000
26.033600	0.640	376,440.000000
26.044267	0.640	619,192.000000
26.054933	0.640	1,146,385.000000
26.065600	0.640	2,219,745.000000
26.076267	0.640	4,060,169.000000
26.086933	0.640	6,463,997.000000
26.097600	0.640	8,493,376.000000
26.108267	0.640	8,891,536.000000
26.118933	0.640	7,215,275.000000
26.129600	0.640	4,432,048.000000
26.140267	0.640	2,048,562.000000
26.150933	0.640	790,853.000000
26.161600	0.640	381,483.000000
26.172267	0.640	277,701.000000
26.182933	0.640	212,334.000000
26.193600	0.640	157,309.000000
26.204267	0.640	127,659.000000
26.214933	0.640	115,473.000000
26.225600	0.640	108,752.000000
26.236267	0.640	104,553.000000
26.246933	0.640	103,675.000000
26.257600	0.640	105,335.000000
26.268267	0.640	106,774.000000
26.278933	0.640	106,290.000000
26.289600	0.640	105,271.000000
26.300267	0.640	104,089.000000
26.310933	0.640	100,948.000000
26.321600	0.640	96,391.000000
26.332267	0.640	93,746.000000
26.342933	0.640	94,332.000000
26.353600	0.640	95,768.000000
26.364267	0.640	96,780.000000
26.374933	0.640	98,695.000000
26.385600	0.640	102,078.000000
26.396267	0.640	105,953.000000
26.406933	0.640	108,611.000000
26.417600	0.640	109,748.000000
26.428267	0.640	112,792.000000
26.438933	0.640	121,958.000000
26.449600	0.640	139,033.000000
26.460267	0.640	167,078.000000
26.470933	0.640	210,440.000000
26.481600	0.640	269,367.000000
26.492267	0.640	337,667.000000
26.502933	0.640	393,573.000000
26.513600	0.640	399,279.000000
26.524267	0.640	336,521.000000
26.534933	0.640	236,075.000000
26.545600	0.640	151,372.000000
26.556267	0.640	109,892.000000
26.566933	0.640	100,596.000000
26.577600	0.640	100,101.000000
26.588267	0.640	97,308.000000
26.598933	0.640	92,929.000000
26.609600	0.640	90,146.000000
26.620267	0.640	91,462.000000
26.630933	0.640	96,269.000000
26.641600	0.640	100,798.000000
26.652267	0.640	102,894.000000
26.662933	0.640	103,809.000000
26.673600	0.640	105,449.000000
26.684267	0.640	107,763.000000
26.694933	0.640	110,188.000000
26.705600	0.640	113,932.000000
26.716267	0.640	120,386.000000
26.726933	0.640	128,754.000000
26.737600	0.640	136,777.000000
26.748267	0.640	143,476.000000
26.758933	0.640	148,229.000000
26.769600	0.640	149,666.000000
26.780267	0.640	152,679.000000
26.790933	0.640	167,182.000000
26.801600	0.640	190,567.000000
26.812267	0.640	210,095.000000
26.822933	0.640	233,162.000000
26.833600	0.640	292,137.000000
26.844267	0.640	403,202.000000
26.854933	0.640	532,739.000000
26.865600	0.640	616,804.000000
26.876267	0.640	611,838.000000
26.886933	0.640	530,250.000000
26.897600	0.640	436,702.000000
26.908267	0.640	398,378.000000
26.918933	0.640	416,841.000000
26.929600	0.640	426,223.000000
26.940267	0.640	382,314.000000
26.950933	0.640	315,455.000000
26.961600	0.640	274,435.000000
26.972267	0.640	267,042.000000
26.982933	0.640	273,859.000000
26.993600	0.640	282,312.000000
27.004267	0.640	292,675.000000
27.014933	0.640	320,281.000000
27.025600	0.640	403,314.000000
27.036267	0.640	557,181.000000
27.046933	0.640	694,728.000000
27.057600	0.640	690,497.000000
27.068267	0.640	565,135.000000
27.078933	0.640	467,559.000000
27.089600	0.640	463,498.000000
27.100267	0.640	491,056.000000
27.110933	0.640	502,177.000000
27.121600	0.640	519,686.000000
27.132267	0.640	567,861.000000
27.142933	0.640	636,491.000000
27.153600	0.640	711,784.000000
27.164267	0.640	787,689.000000
27.174933	0.640	863,472.000000
27.185600	0.640	949,476.000000
27.196267	0.640	1,047,698.000000
27.206933	0.640	1,151,179.000000
27.217600	0.640	1,293,176.000000
27.228267	0.640	1,578,547.000000
27.238933	0.640	2,253,405.000000
27.249600	0.640	3,978,269.000000
27.260267	0.640	7,448,598.000000
27.270933	0.640	11,374,612.000000
27.281600	0.640	12,211,695.000000
27.292267	0.640	8,579,009.000000
27.302933	0.640	3,677,566.000000
27.313600	0.640	946,947.000000
27.324267	0.640	415,808.000000
27.334933	0.640	494,636.000000
27.345600	0.640	429,068.000000
27.356267	0.640	309,310.000000
27.366933	0.640	276,458.000000
27.377600	0.640	295,575.000000
27.388267	0.640	297,686.000000
27.398933	0.640	276,950.000000
27.409600	0.640	269,607.000000
27.420267	0.640	290,737.000000
27.430933	0.640	307,491.000000
27.441600	0.640	286,385.000000
27.452267	0.640	245,468.000000
27.462933	0.640	223,274.000000
27.473600	0.640	225,616.000000
27.484267	0.640	236,549.000000
27.494933	0.640	249,641.000000
27.505600	0.640	275,194.000000
27.516267	0.640	329,102.000000
27.526933	0.640	394,036.000000
27.537600	0.640	411,523.000000
27.548267	0.640	359,134.000000
27.558933	0.640	291,913.000000
27.569600	0.640	269,661.000000
27.580267	0.640	295,091.000000
27.590933	0.640	335,436.000000
27.601600	0.640	363,861.000000
27.612267	0.640	378,609.000000
27.622933	0.640	397,479.000000
27.633600	0.640	436,493.000000
27.644267	0.640	502,468.000000
27.654933	0.640	604,926.000000
27.665600	0.640	742,974.000000
27.676267	0.640	865,526.000000
27.686933	0.640	891,104.000000
27.697600	0.640	786,739.000000
27.708267	0.640	589,390.000000
27.718933	0.640	372,284.000000
27.729600	0.640	215,157.000000
27.740267	0.640	164,970.000000
27.750933	0.640	239,510.000000
27.761600	0.640	457,115.000000
27.772267	0.640	738,561.000000
27.782933	0.640	848,062.000000
27.793600	0.640	654,470.000000
27.804267	0.640	338,072.000000
27.814933	0.640	141,944.000000
27.825600	0.640	97,159.000000
27.836267	0.640	106,015.000000
27.846933	0.640	110,150.000000
27.857600	0.640	107,331.000000
27.868267	0.640	105,814.000000
27.878933	0.640	106,538.000000
27.889600	0.640	106,645.000000
27.900267	0.640	106,291.000000
27.910933	0.640	109,064.000000
27.921600	0.640	115,695.000000
27.932267	0.640	122,876.000000
27.942933	0.640	127,765.000000
27.953600	0.640	129,714.000000
27.964267	0.640	129,557.000000
27.974933	0.640	130,367.000000
27.985600	0.640	137,318.000000
27.996267	0.640	150,055.000000
28.006933	0.640	159,483.000000
28.017600	0.640	161,039.000000
28.028267	0.640	161,266.000000
28.038933	0.640	167,623.000000
28.049600	0.640	181,490.000000
28.060267	0.640	198,521.000000
28.070933	0.640	212,328.000000
28.081600	0.640	218,111.000000
28.092267	0.640	211,615.000000
28.102933	0.640	191,069.000000
28.113600	0.640	162,918.000000
28.124267	0.640	138,490.000000
28.134933	0.640	123,595.000000
28.145600	0.640	115,951.000000
28.156267	0.640	111,509.000000
28.166933	0.640	109,092.000000
28.177600	0.640	108,614.000000
28.188267	0.640	109,547.000000
28.198933	0.640	114,857.000000
28.209600	0.640	130,437.000000
28.220267	0.640	155,941.000000
28.230933	0.640	179,367.000000
28.241600	0.640	185,065.000000
28.252267	0.640	169,185.000000
28.262933	0.640	142,980.000000
28.273600	0.640	120,420.000000
28.284267	0.640	107,874.000000
28.294933	0.640	104,230.000000
28.305600	0.640	105,776.000000
28.316267	0.640	108,680.000000
28.326933	0.640	109,207.000000
28.337600	0.640	106,167.000000
28.348267	0.640	103,028.000000
28.358933	0.640	106,269.000000
28.369600	0.640	118,741.000000
28.380267	0.640	131,909.000000
28.390933	0.640	131,511.000000
28.401600	0.640	115,660.000000
28.412267	0.640	99,228.000000
28.422933	0.640	93,856.000000
28.433600	0.640	94,839.000000
28.444267	0.640	95,007.000000
28.454933	0.640	95,735.000000
28.465600	0.640	99,698.000000
28.476267	0.640	105,768.000000
28.486933	0.640	112,011.000000
28.497600	0.640	117,369.000000
28.508267	0.640	121,159.000000
28.518933	0.640	123,477.000000
28.529600	0.640	124,729.000000
28.540267	0.640	125,675.000000
28.550933	0.640	129,242.000000
28.561600	0.640	137,836.000000
28.572267	0.640	151,496.000000
28.582933	0.640	174,346.000000
28.593600	0.640	215,095.000000
28.604267	0.640	272,683.000000
28.614933	0.640	320,307.000000
28.625600	0.640	317,259.000000
28.636267	0.640	254,957.000000
28.646933	0.640	173,741.000000
28.657600	0.640	115,917.000000
28.668267	0.640	86,533.000000
28.678933	0.640	69,409.000000
28.689600	0.640	55,024.000000
28.700267	0.640	43,964.000000
28.710933	0.640	42,711.000000
28.721600	0.640	58,397.000000
28.732267	0.640	78,146.000000
28.742933	0.640	73,862.000000
28.753600	0.640	45,884.000000
28.764267	0.640	22,670.000000
28.774933	0.640	16,667.000000
28.785600	0.640	17,927.000000
28.796267	0.640	18,084.000000
28.806933	0.640	16,862.000000
28.817600	0.640	14,837.000000
28.828267	0.640	12,164.000000
28.838933	0.640	10,678.000000
28.849600	0.640	11,224.000000
28.860267	0.640	11,881.000000
28.870933	0.640	11,101.000000
28.881600	0.640	9,660.000000
28.892267	0.640	9,142.000000
28.902933	0.640	9,546.000000
28.913600	0.640	9,574.000000
28.924267	0.640	8,827.000000
28.934933	0.640	7,788.000000
28.945600	0.640	7,019.000000
28.956267	0.640	6,696.000000
28.966933	0.640	6,306.000000
28.977600	0.640	5,938.000000
28.988267	0.640	6,371.000000
28.998933	0.640	7,037.000000
29.009600	0.640	6,659.000000
29.020267	0.640	5,430.000000
29.030933	0.640	4,116.000000
29.041600	0.640	3,073.000000
29.052267	0.640	2,839.000000
29.062933	0.640	3,306.000000
29.073600	0.640	3,498.000000
29.084267	0.640	2,780.000000
29.094933	0.640	1,263.000000
29.105600	0.640	329.000000
29.116267	0.640	1,306.000000
29.126933	0.640	2,564.000000
29.137600	0.640	1,676.000000
29.148267	0.640	-137.000000
29.158933	0.640	-45.000000
29.169600	0.640	1,403.000000
29.180267	0.640	1,647.000000
29.190933	0.640	700.000000
29.201600	0.640	502.000000
29.212267	0.640	1,339.000000
29.222933	0.640	2,253.000000
29.233600	0.640	3,372.000000
29.244267	0.640	4,311.000000
29.254933	0.640	3,050.000000
29.265600	0.640	-82.000000
29.276267	0.640	-1,537.000000
29.286933	0.640	62.000000
29.297600	0.640	2,430.000000
29.308267	0.640	3,605.000000
29.318933	0.640	3,193.000000
29.329600	0.640	1,786.000000
29.340267	0.640	661.000000
29.350933	0.640	-313.000000
29.361600	0.640	-1,906.000000
29.372267	0.640	-2,875.000000
29.382933	0.640	-1,922.000000
29.393600	0.640	-136.000000
29.404267	0.640	119.000000
29.414933	0.640	-1,934.000000
29.425600	0.640	-4,178.000000
29.436267	0.640	-4,473.000000
29.446933	0.640	-2,833.000000
29.457600	0.640	-319.000000
29.468267	0.640	1,453.000000
29.478933	0.640	1,442.000000
29.489600	0.640	562.000000
29.500267	0.640	219.000000
29.510933	0.640	716.000000
29.521600	0.640	1,348.000000
29.532267	0.640	1,314.000000
29.542933	0.640	308.000000
29.553600	0.640	-1,206.000000
29.564267	0.640	-1,787.000000
29.574933	0.640	-846.000000
29.585600	0.640	459.000000
29.596267	0.640	1,096.000000
29.606933	0.640	832.000000
29.617600	0.640	67.000000
29.628267	0.640	1.000000
29.638933	0.640	586.000000
29.649600	0.640	-71.000000
29.660267	0.640	-1,506.000000
29.670933	0.640	-1,563.000000
29.681600	0.640	-850.000000
29.692267	0.640	-93.000000
29.702933	0.640	1,329.000000
29.713600	0.640	2,253.000000
29.724267	0.640	1,762.000000
29.734933	0.640	1,029.000000
29.745600	0.640	167.000000
29.756267	0.640	-1,444.000000
29.766933	0.640	-2,334.000000
29.777600	0.640	-1,142.000000
29.788267	0.640	810.000000
29.798933	0.640	1,512.000000
29.809600	0.640	427.000000
29.820267	0.640	-1,151.000000
29.830933	0.640	-1,657.000000
29.841600	0.640	-1,056.000000
29.852267	0.640	59.000000
29.862933	0.640	1,143.000000
29.873600	0.640	1,318.000000
29.884267	0.640	468.000000
29.894933	0.640	-301.000000
29.905600	0.640	-56.000000
29.916267	0.640	805.000000
29.926933	0.640	825.000000
29.937600	0.640	-285.000000
29.948267	0.640	-473.000000
29.958933	0.640	1,234.000000
29.969600	0.640	2,232.000000
29.980267	0.640	305.000000
29.990933	0.640	-2,978.000000
30.001600	0.640	-4,559.000000
