File Path	chrom://nnfcb-l0495/ChromeleonLocal/20180320_AA_Lars Nielsen samples Vienna_lbpet.seq/804.smp/Emission_1.channel/Emission_1.chm
Channel	Emission_1

Injection Information:
Data Vault	ChromeleonLocal
Injection	20180320_Lars Nielsen samples Vienna_dx20_BA5
Injection Number	18
Position	BA5
Comment	
Processing Method	20171024_Calculated with IS_lbpet
Instrument Method	20161104_AA_GeminiC18_FinalVer7
Type	Unknown
Status	Finished
Injection Date	20-03-2018
Injection Time	20:42:07
Injection Volume (µl)	56.500
Dilution Factor	1.0000
Weight	1.0000

Raw Data Information:
Time Min. (min)	0.003883
Time Max. (min)	30.001550
Data Points	2813
Detector	FLD
Exporting Data System	Chromeleon 7.1.2.1478
Operator	
Signal Quantity	
Signal Unit	counts
Signal Min.	-2,885.000000
Signal Max.	77,235,562.000000
Channel	Emission_1
Driver Name	FLD3000.dll
Channel Type	Evaluation
Min. Step (s)	0.637
Max. Step (s)	0.820
Average Step (s)	0.640

Signal Parameter Information:
Signal Info	340 nm /450 nm

Raw Data:
Time (min)	Step (s)	Value (counts)
0.003883	0.000	0.000000
0.017550	0.820	0.000000
0.028217	0.640	0.000000
0.038883	0.640	1,840.000000
0.049550	0.640	3,892.000000
0.060217	0.640	3,893.000000
0.070883	0.640	2,663.000000
0.081550	0.640	2,640.000000
0.092217	0.640	2,995.000000
0.102883	0.640	1,898.000000
0.113550	0.640	156.000000
0.124217	0.640	-1,153.000000
0.134883	0.640	-1,822.000000
0.145550	0.640	-1,143.000000
0.156217	0.640	611.000000
0.166883	0.640	1,558.000000
0.177550	0.640	1,107.000000
0.188217	0.640	496.000000
0.198883	0.640	244.000000
0.209550	0.640	400.000000
0.220217	0.640	1,566.000000
0.230883	0.640	2,719.000000
0.241550	0.640	1,688.000000
0.252217	0.640	-595.000000
0.262883	0.640	-758.000000
0.273550	0.640	1,448.000000
0.284217	0.640	2,806.000000
0.294883	0.640	2,020.000000
0.305550	0.640	812.000000
0.316217	0.640	253.000000
0.326883	0.640	241.000000
0.337550	0.640	814.000000
0.348217	0.640	1,275.000000
0.358883	0.640	519.000000
0.369550	0.640	-821.000000
0.380217	0.640	-928.000000
0.390883	0.640	181.000000
0.401550	0.640	704.000000
0.412217	0.640	242.000000
0.422883	0.640	-298.000000
0.433550	0.640	-735.000000
0.444217	0.640	-823.000000
0.454883	0.640	142.000000
0.465550	0.640	1,832.000000
0.476217	0.640	2,820.000000
0.486883	0.640	2,184.000000
0.497600	0.643	771.000000
0.508217	0.637	-96.000000
0.518883	0.640	-310.000000
0.529550	0.640	75.000000
0.540217	0.640	1,218.000000
0.550883	0.640	2,329.000000
0.561550	0.640	2,712.000000
0.572217	0.640	2,908.000000
0.582883	0.640	3,058.000000
0.593550	0.640	2,647.000000
0.604217	0.640	2,048.000000
0.614883	0.640	1,662.000000
0.625550	0.640	1,611.000000
0.636217	0.640	2,139.000000
0.646883	0.640	2,373.000000
0.657550	0.640	1,930.000000
0.668217	0.640	2,037.000000
0.678883	0.640	2,566.000000
0.689550	0.640	2,388.000000
0.700217	0.640	1,675.000000
0.710883	0.640	619.000000
0.721550	0.640	-1,237.000000
0.732217	0.640	-2,885.000000
0.742883	0.640	-2,039.000000
0.753550	0.640	1,148.000000
0.764217	0.640	3,560.000000
0.774883	0.640	3,144.000000
0.785550	0.640	1,588.000000
0.796217	0.640	1,879.000000
0.806883	0.640	3,627.000000
0.817550	0.640	4,225.000000
0.828217	0.640	3,662.000000
0.838883	0.640	3,361.000000
0.849550	0.640	2,783.000000
0.860217	0.640	1,528.000000
0.870883	0.640	1,004.000000
0.881550	0.640	1,431.000000
0.892217	0.640	1,749.000000
0.902883	0.640	2,123.000000
0.913550	0.640	2,698.000000
0.924217	0.640	2,472.000000
0.934883	0.640	1,353.000000
0.945550	0.640	866.000000
0.956217	0.640	1,601.000000
0.966883	0.640	1,699.000000
0.977550	0.640	286.000000
0.988217	0.640	-428.000000
0.998883	0.640	985.000000
1.009550	0.640	2,947.000000
1.020217	0.640	3,230.000000
1.030883	0.640	1,583.000000
1.041550	0.640	-181.000000
1.052217	0.640	-581.000000
1.062883	0.640	-13.000000
1.073550	0.640	429.000000
1.084217	0.640	545.000000
1.094883	0.640	406.000000
1.105550	0.640	185.000000
1.116217	0.640	928.000000
1.126883	0.640	2,414.000000
1.137550	0.640	2,716.000000
1.148217	0.640	1,692.000000
1.158883	0.640	997.000000
1.169550	0.640	1,535.000000
1.180217	0.640	3,102.000000
1.190883	0.640	4,482.000000
1.201550	0.640	4,292.000000
1.212217	0.640	2,789.000000
1.222883	0.640	1,224.000000
1.233550	0.640	315.000000
1.244217	0.640	281.000000
1.254883	0.640	1,008.000000
1.265550	0.640	1,900.000000
1.276217	0.640	1,963.000000
1.286883	0.640	1,216.000000
1.297550	0.640	838.000000
1.308217	0.640	1,260.000000
1.318883	0.640	2,417.000000
1.329550	0.640	3,494.000000
1.340217	0.640	2,711.000000
1.350883	0.640	704.000000
1.361550	0.640	72.000000
1.372217	0.640	738.000000
1.382883	0.640	961.000000
1.393550	0.640	804.000000
1.404217	0.640	493.000000
1.414883	0.640	-713.000000
1.425550	0.640	-1,854.000000
1.436217	0.640	-588.000000
1.446883	0.640	2,607.000000
1.457550	0.640	4,344.000000
1.468217	0.640	3,486.000000
1.478883	0.640	2,402.000000
1.489550	0.640	2,716.000000
1.500217	0.640	3,485.000000
1.510883	0.640	3,400.000000
1.521550	0.640	2,364.000000
1.532217	0.640	1,543.000000
1.542883	0.640	2,565.000000
1.553550	0.640	4,989.000000
1.564217	0.640	6,005.000000
1.574883	0.640	4,464.000000
1.585550	0.640	2,233.000000
1.596217	0.640	1,189.000000
1.606883	0.640	1,620.000000
1.617550	0.640	2,795.000000
1.628217	0.640	3,640.000000
1.638883	0.640	3,297.000000
1.649550	0.640	1,787.000000
1.660217	0.640	109.000000
1.670883	0.640	-1,012.000000
1.681550	0.640	-1,383.000000
1.692217	0.640	-514.000000
1.702883	0.640	1,202.000000
1.713550	0.640	2,051.000000
1.724217	0.640	1,792.000000
1.734883	0.640	1,981.000000
1.745550	0.640	3,305.000000
1.756217	0.640	5,195.000000
1.766883	0.640	6,579.000000
1.777550	0.640	6,809.000000
1.788217	0.640	6,311.000000
1.798883	0.640	5,490.000000
1.809550	0.640	4,202.000000
1.820217	0.640	2,859.000000
1.830883	0.640	2,344.000000
1.841550	0.640	2,303.000000
1.852217	0.640	1,870.000000
1.862883	0.640	1,071.000000
1.873550	0.640	434.000000
1.884217	0.640	846.000000
1.894883	0.640	2,133.000000
1.905550	0.640	2,617.000000
1.916217	0.640	1,608.000000
1.926883	0.640	296.000000
1.937550	0.640	64.000000
1.948217	0.640	984.000000
1.958883	0.640	2,261.000000
1.969550	0.640	3,016.000000
1.980217	0.640	2,539.000000
1.990883	0.640	1,443.000000
2.001550	0.640	1,142.000000
2.012217	0.640	1,364.000000
2.022883	0.640	1,092.000000
2.033550	0.640	1,106.000000
2.044217	0.640	2,127.000000
2.054883	0.640	2,316.000000
2.065550	0.640	568.000000
2.076217	0.640	-648.000000
2.086883	0.640	425.000000
2.097550	0.640	1,754.000000
2.108217	0.640	1,267.000000
2.118883	0.640	103.000000
2.129550	0.640	95.000000
2.140217	0.640	813.000000
2.150883	0.640	1,129.000000
2.161550	0.640	945.000000
2.172217	0.640	763.000000
2.182883	0.640	1,109.000000
2.193550	0.640	2,029.000000
2.204217	0.640	3,311.000000
2.214883	0.640	4,803.000000
2.225550	0.640	6,091.000000
2.236217	0.640	6,364.000000
2.246883	0.640	5,202.000000
2.257550	0.640	3,809.000000
2.268217	0.640	3,951.000000
2.278883	0.640	5,436.000000
2.289550	0.640	6,877.000000
2.300217	0.640	7,479.000000
2.310883	0.640	6,757.000000
2.321550	0.640	4,766.000000
2.332217	0.640	2,474.000000
2.342883	0.640	1,250.000000
2.353550	0.640	1,654.000000
2.364217	0.640	2,439.000000
2.374883	0.640	2,067.000000
2.385550	0.640	681.000000
2.396217	0.640	-474.000000
2.406883	0.640	-609.000000
2.417550	0.640	446.000000
2.428217	0.640	2,365.000000
2.438883	0.640	3,846.000000
2.449550	0.640	3,916.000000
2.460217	0.640	3,240.000000
2.470883	0.640	2,276.000000
2.481550	0.640	1,204.000000
2.492217	0.640	1,454.000000
2.502883	0.640	2,949.000000
2.513550	0.640	3,307.000000
2.524217	0.640	2,169.000000
2.534883	0.640	1,492.000000
2.545550	0.640	2,039.000000
2.556217	0.640	3,219.000000
2.566883	0.640	4,311.000000
2.577550	0.640	4,105.000000
2.588217	0.640	2,095.000000
2.598883	0.640	128.000000
2.609550	0.640	-26.000000
2.620217	0.640	1,241.000000
2.630883	0.640	2,944.000000
2.641550	0.640	3,944.000000
2.652217	0.640	3,202.000000
2.662883	0.640	1,539.000000
2.673550	0.640	1,071.000000
2.684217	0.640	2,443.000000
2.694883	0.640	4,307.000000
2.705550	0.640	5,816.000000
2.716217	0.640	7,866.000000
2.726883	0.640	12,432.000000
2.737550	0.640	20,200.000000
2.748217	0.640	26,893.000000
2.758883	0.640	26,654.000000
2.769550	0.640	20,405.000000
2.780217	0.640	14,089.000000
2.790883	0.640	10,428.000000
2.801550	0.640	8,309.000000
2.812217	0.640	6,719.000000
2.822883	0.640	5,626.000000
2.833550	0.640	5,080.000000
2.844217	0.640	4,743.000000
2.854883	0.640	4,165.000000
2.865550	0.640	3,531.000000
2.876217	0.640	3,093.000000
2.886883	0.640	2,675.000000
2.897550	0.640	2,883.000000
2.908217	0.640	4,453.000000
2.918883	0.640	6,564.000000
2.929550	0.640	8,008.000000
2.940217	0.640	8,774.000000
2.950883	0.640	10,078.000000
2.961550	0.640	13,954.000000
2.972217	0.640	22,382.000000
2.982883	0.640	36,281.000000
2.993550	0.640	56,211.000000
3.004217	0.640	84,786.000000
3.014883	0.640	128,479.000000
3.025550	0.640	199,473.000000
3.036217	0.640	323,001.000000
3.046883	0.640	552,708.000000
3.057550	0.640	987,089.000000
3.068217	0.640	1,770,476.000000
3.078883	0.640	3,042,836.000000
3.089550	0.640	4,814,591.000000
3.100217	0.640	6,841,039.000000
3.110883	0.640	8,648,734.000000
3.121550	0.640	9,756,819.000000
3.132217	0.640	9,928,998.000000
3.142883	0.640	9,283,183.000000
3.153550	0.640	8,217,515.000000
3.164217	0.640	7,174,037.000000
3.174883	0.640	6,401,728.000000
3.185550	0.640	5,929,006.000000
3.196217	0.640	5,691,860.000000
3.206883	0.640	5,623,931.000000
3.217550	0.640	5,667,677.000000
3.228217	0.640	5,766,174.000000
3.238883	0.640	5,863,463.000000
3.249550	0.640	5,911,914.000000
3.260217	0.640	5,864,168.000000
3.270883	0.640	5,661,126.000000
3.281550	0.640	5,265,554.000000
3.292217	0.640	4,695,036.000000
3.302883	0.640	4,000,546.000000
3.313550	0.640	3,245,075.000000
3.324217	0.640	2,498,327.000000
3.334883	0.640	1,823,807.000000
3.345550	0.640	1,270,191.000000
3.356217	0.640	858,986.000000
3.366883	0.640	574,084.000000
3.377550	0.640	379,255.000000
3.388217	0.640	244,287.000000
3.398883	0.640	152,709.000000
3.409550	0.640	95,140.000000
3.420217	0.640	62,263.000000
3.430883	0.640	44,031.000000
3.441550	0.640	32,499.000000
3.452217	0.640	23,730.000000
3.462883	0.640	17,074.000000
3.473550	0.640	12,991.000000
3.484217	0.640	11,341.000000
3.494883	0.640	10,978.000000
3.505550	0.640	10,330.000000
3.516217	0.640	8,888.000000
3.526883	0.640	7,675.000000
3.537550	0.640	7,201.000000
3.548217	0.640	6,612.000000
3.558883	0.640	5,544.000000
3.569550	0.640	5,030.000000
3.580217	0.640	5,839.000000
3.590883	0.640	6,754.000000
3.601550	0.640	6,129.000000
3.612217	0.640	4,243.000000
3.622883	0.640	2,611.000000
3.633550	0.640	2,408.000000
3.644217	0.640	3,505.000000
3.654883	0.640	4,607.000000
3.665550	0.640	4,684.000000
3.676217	0.640	3,873.000000
3.686883	0.640	3,002.000000
3.697550	0.640	2,628.000000
3.708217	0.640	2,969.000000
3.718883	0.640	3,742.000000
3.729550	0.640	3,970.000000
3.740217	0.640	3,472.000000
3.750883	0.640	3,351.000000
3.761550	0.640	4,196.000000
3.772217	0.640	5,493.000000
3.782883	0.640	7,078.000000
3.793550	0.640	8,840.000000
3.804217	0.640	10,079.000000
3.814883	0.640	11,677.000000
3.825550	0.640	15,033.000000
3.836217	0.640	18,897.000000
3.846883	0.640	21,807.000000
3.857550	0.640	24,469.000000
3.868217	0.640	27,371.000000
3.878883	0.640	29,369.000000
3.889550	0.640	29,339.000000
3.900217	0.640	28,317.000000
3.910883	0.640	28,069.000000
3.921550	0.640	27,019.000000
3.932217	0.640	23,307.000000
3.942883	0.640	20,104.000000
3.953550	0.640	20,312.000000
3.964217	0.640	20,756.000000
3.974883	0.640	17,702.000000
3.985550	0.640	13,416.000000
3.996217	0.640	11,920.000000
4.006883	0.640	12,151.000000
4.017550	0.640	10,829.000000
4.028217	0.640	8,264.000000
4.038883	0.640	7,060.000000
4.049550	0.640	7,777.000000
4.060217	0.640	8,949.000000
4.070883	0.640	9,685.000000
4.081550	0.640	10,047.000000
4.092217	0.640	10,476.000000
4.102883	0.640	11,205.000000
4.113550	0.640	11,299.000000
4.124217	0.640	9,934.000000
4.134883	0.640	8,054.000000
4.145550	0.640	6,878.000000
4.156217	0.640	6,739.000000
4.166883	0.640	7,614.000000
4.177550	0.640	8,469.000000
4.188217	0.640	7,856.000000
4.198883	0.640	6,142.000000
4.209550	0.640	4,689.000000
4.220217	0.640	3,914.000000
4.230883	0.640	3,667.000000
4.241550	0.640	3,513.000000
4.252217	0.640	3,111.000000
4.262883	0.640	3,226.000000
4.273550	0.640	4,306.000000
4.284217	0.640	5,026.000000
4.294883	0.640	4,593.000000
4.305550	0.640	4,206.000000
4.316217	0.640	4,499.000000
4.326883	0.640	4,546.000000
4.337550	0.640	4,355.000000
4.348217	0.640	4,657.000000
4.358883	0.640	4,844.000000
4.369550	0.640	4,371.000000
4.380217	0.640	4,108.000000
4.390883	0.640	4,347.000000
4.401550	0.640	4,038.000000
4.412217	0.640	3,304.000000
4.422883	0.640	3,922.000000
4.433550	0.640	5,790.000000
4.444217	0.640	6,359.000000
4.454883	0.640	5,166.000000
4.465550	0.640	4,824.000000
4.476217	0.640	6,431.000000
4.486883	0.640	7,804.000000
4.497550	0.640	7,034.000000
4.508217	0.640	5,624.000000
4.518883	0.640	6,023.000000
4.529550	0.640	7,551.000000
4.540217	0.640	9,314.000000
4.550883	0.640	13,653.000000
4.561550	0.640	22,090.000000
4.572217	0.640	34,596.000000
4.582883	0.640	54,570.000000
4.593550	0.640	89,056.000000
4.604217	0.640	148,894.000000
4.614883	0.640	253,887.000000
4.625550	0.640	439,600.000000
4.636217	0.640	763,552.000000
4.646883	0.640	1,301,216.000000
4.657550	0.640	2,146,670.000000
4.668217	0.640	3,466,957.000000
4.678883	0.640	5,632,532.000000
4.689550	0.640	9,311,058.000000
4.700217	0.640	15,200,782.000000
4.710883	0.640	23,182,479.000000
4.721550	0.640	31,402,628.000000
4.732217	0.640	36,543,354.000000
4.742883	0.640	35,868,192.000000
4.753550	0.640	29,485,913.000000
4.764217	0.640	20,407,906.000000
4.774883	0.640	12,219,131.000000
4.785550	0.640	6,766,913.000000
4.796217	0.640	3,836,616.000000
4.806883	0.640	2,360,733.000000
4.817550	0.640	1,519,154.000000
4.828217	0.640	967,982.000000
4.838883	0.640	602,913.000000
4.849550	0.640	374,043.000000
4.860217	0.640	236,716.000000
4.870883	0.640	152,976.000000
4.881550	0.640	100,049.000000
4.892217	0.640	68,234.000000
4.902883	0.640	51,006.000000
4.913550	0.640	41,561.000000
4.924217	0.640	34,921.000000
4.934883	0.640	28,839.000000
4.945550	0.640	23,368.000000
4.956217	0.640	19,856.000000
4.966883	0.640	18,960.000000
4.977550	0.640	18,927.000000
4.988217	0.640	17,352.000000
4.998883	0.640	14,390.000000
5.009550	0.640	12,066.000000
5.020217	0.640	11,455.000000
5.030883	0.640	11,430.000000
5.041550	0.640	10,704.000000
5.052217	0.640	10,193.000000
5.062883	0.640	10,020.000000
5.073550	0.640	8,566.000000
5.084217	0.640	7,139.000000
5.094883	0.640	8,624.000000
5.105550	0.640	12,866.000000
5.116217	0.640	18,134.000000
5.126883	0.640	23,397.000000
5.137550	0.640	28,016.000000
5.148217	0.640	31,810.000000
5.158883	0.640	34,497.000000
5.169550	0.640	34,919.000000
5.180217	0.640	33,248.000000
5.190883	0.640	31,520.000000
5.201550	0.640	29,681.000000
5.212217	0.640	26,161.000000
5.222883	0.640	21,846.000000
5.233550	0.640	18,682.000000
5.244217	0.640	17,072.000000
5.254883	0.640	15,918.000000
5.265550	0.640	13,925.000000
5.276217	0.640	11,329.000000
5.286883	0.640	9,338.000000
5.297550	0.640	8,486.000000
5.308217	0.640	8,598.000000
5.318883	0.640	9,263.000000
5.329550	0.640	10,341.000000
5.340217	0.640	11,379.000000
5.350883	0.640	11,212.000000
5.361550	0.640	10,288.000000
5.372217	0.640	10,875.000000
5.382883	0.640	14,340.000000
5.393550	0.640	21,141.000000
5.404217	0.640	31,021.000000
5.414883	0.640	42,102.000000
5.425550	0.640	53,011.000000
5.436217	0.640	63,158.000000
5.446883	0.640	70,485.000000
5.457550	0.640	74,582.000000
5.468217	0.640	77,365.000000
5.478883	0.640	77,584.000000
5.489550	0.640	73,317.000000
5.500217	0.640	66,860.000000
5.510883	0.640	61,146.000000
5.521550	0.640	57,714.000000
5.532217	0.640	57,884.000000
5.542883	0.640	62,481.000000
5.553550	0.640	71,865.000000
5.564217	0.640	83,314.000000
5.574883	0.640	91,728.000000
5.585550	0.640	96,658.000000
5.596217	0.640	100,680.000000
5.606883	0.640	103,625.000000
5.617550	0.640	105,397.000000
5.628217	0.640	106,201.000000
5.638883	0.640	103,253.000000
5.649550	0.640	94,858.000000
5.660217	0.640	83,074.000000
5.670883	0.640	69,788.000000
5.681550	0.640	55,514.000000
5.692217	0.640	41,239.000000
5.702883	0.640	29,038.000000
5.713550	0.640	20,691.000000
5.724217	0.640	15,662.000000
5.734883	0.640	12,057.000000
5.745550	0.640	9,198.000000
5.756217	0.640	7,603.000000
5.766883	0.640	7,510.000000
5.777550	0.640	8,164.000000
5.788217	0.640	8,122.000000
5.798883	0.640	6,873.000000
5.809550	0.640	5,208.000000
5.820217	0.640	3,858.000000
5.830883	0.640	3,536.000000
5.841550	0.640	4,369.000000
5.852217	0.640	4,904.000000
5.862883	0.640	4,673.000000
5.873550	0.640	4,723.000000
5.884217	0.640	4,825.000000
5.894883	0.640	4,730.000000
5.905550	0.640	5,338.000000
5.916217	0.640	6,529.000000
5.926883	0.640	7,184.000000
5.937550	0.640	6,971.000000
5.948217	0.640	6,888.000000
5.958883	0.640	8,042.000000
5.969550	0.640	9,782.000000
5.980217	0.640	10,391.000000
5.990883	0.640	9,486.000000
6.001550	0.640	8,063.000000
6.012217	0.640	7,261.000000
6.022883	0.640	7,791.000000
6.033550	0.640	9,097.000000
6.044217	0.640	9,477.000000
6.054883	0.640	8,584.000000
6.065550	0.640	7,869.000000
6.076217	0.640	7,888.000000
6.086883	0.640	8,530.000000
6.097550	0.640	10,019.000000
6.108217	0.640	11,964.000000
6.118883	0.640	14,895.000000
6.129550	0.640	20,735.000000
6.140217	0.640	29,238.000000
6.150883	0.640	37,577.000000
6.161550	0.640	43,380.000000
6.172217	0.640	45,506.000000
6.182883	0.640	43,723.000000
6.193550	0.640	38,941.000000
6.204217	0.640	32,285.000000
6.214883	0.640	24,791.000000
6.225550	0.640	18,529.000000
6.236217	0.640	14,898.000000
6.246883	0.640	12,761.000000
6.257550	0.640	11,235.000000
6.268217	0.640	11,376.000000
6.278883	0.640	13,618.000000
6.289550	0.640	17,055.000000
6.300217	0.640	21,227.000000
6.310883	0.640	25,243.000000
6.321550	0.640	27,029.000000
6.332217	0.640	25,817.000000
6.342883	0.640	23,119.000000
6.353550	0.640	21,674.000000
6.364217	0.640	23,859.000000
6.374883	0.640	30,391.000000
6.385550	0.640	41,373.000000
6.396217	0.640	57,690.000000
6.406883	0.640	81,010.000000
6.417550	0.640	110,722.000000
6.428217	0.640	140,233.000000
6.438883	0.640	159,973.000000
6.449550	0.640	163,878.000000
6.460217	0.640	152,138.000000
6.470883	0.640	129,680.000000
6.481550	0.640	102,678.000000
6.492217	0.640	76,671.000000
6.502883	0.640	55,146.000000
6.513550	0.640	38,392.000000
6.524217	0.640	26,210.000000
6.534883	0.640	19,136.000000
6.545550	0.640	16,176.000000
6.556217	0.640	16,165.000000
6.566883	0.640	20,197.000000
6.577550	0.640	28,784.000000
6.588217	0.640	39,008.000000
6.598883	0.640	48,618.000000
6.609550	0.640	58,829.000000
6.620217	0.640	69,593.000000
6.630883	0.640	78,357.000000
6.641550	0.640	82,431.000000
6.652217	0.640	79,139.000000
6.662883	0.640	68,914.000000
6.673550	0.640	56,550.000000
6.684217	0.640	45,766.000000
6.694883	0.640	36,787.000000
6.705550	0.640	29,517.000000
6.716217	0.640	24,367.000000
6.726883	0.640	21,387.000000
6.737550	0.640	20,661.000000
6.748217	0.640	21,365.000000
6.758883	0.640	22,030.000000
6.769550	0.640	22,535.000000
6.780217	0.640	23,298.000000
6.790883	0.640	23,967.000000
6.801550	0.640	23,903.000000
6.812217	0.640	22,502.000000
6.822883	0.640	20,293.000000
6.833550	0.640	19,804.000000
6.844217	0.640	22,447.000000
6.854883	0.640	26,710.000000
6.865550	0.640	31,581.000000
6.876217	0.640	36,657.000000
6.886883	0.640	39,354.000000
6.897550	0.640	37,523.000000
6.908217	0.640	32,340.000000
6.918883	0.640	26,621.000000
6.929550	0.640	23,089.000000
6.940217	0.640	22,745.000000
6.950883	0.640	24,206.000000
6.961550	0.640	26,924.000000
6.972217	0.640	32,057.000000
6.982883	0.640	38,818.000000
6.993550	0.640	44,425.000000
7.004217	0.640	48,222.000000
7.014883	0.640	51,483.000000
7.025550	0.640	52,714.000000
7.036217	0.640	49,007.000000
7.046883	0.640	41,895.000000
7.057550	0.640	35,080.000000
7.068217	0.640	28,714.000000
7.078883	0.640	22,030.000000
7.089550	0.640	17,330.000000
7.100217	0.640	16,382.000000
7.110883	0.640	17,868.000000
7.121550	0.640	21,108.000000
7.132217	0.640	26,705.000000
7.142883	0.640	33,739.000000
7.153550	0.640	40,869.000000
7.164217	0.640	47,864.000000
7.174883	0.640	53,393.000000
7.185550	0.640	53,919.000000
7.196217	0.640	47,393.000000
7.206883	0.640	36,194.000000
7.217550	0.640	24,846.000000
7.228217	0.640	16,632.000000
7.238883	0.640	12,113.000000
7.249550	0.640	9,895.000000
7.260217	0.640	8,892.000000
7.270883	0.640	8,802.000000
7.281550	0.640	9,146.000000
7.292217	0.640	9,450.000000
7.302883	0.640	9,663.000000
7.313550	0.640	9,579.000000
7.324217	0.640	8,837.000000
7.334883	0.640	7,808.000000
7.345550	0.640	7,332.000000
7.356217	0.640	7,953.000000
7.366883	0.640	9,189.000000
7.377550	0.640	9,352.000000
7.388217	0.640	8,048.000000
7.398883	0.640	7,457.000000
7.409550	0.640	8,899.000000
7.420217	0.640	10,715.000000
7.430883	0.640	11,241.000000
7.441550	0.640	11,165.000000
7.452217	0.640	11,213.000000
7.462883	0.640	10,619.000000
7.473550	0.640	9,299.000000
7.484217	0.640	8,033.000000
7.494883	0.640	7,218.000000
7.505550	0.640	7,409.000000
7.516217	0.640	8,339.000000
7.526883	0.640	8,594.000000
7.537550	0.640	8,052.000000
7.548217	0.640	7,867.000000
7.558883	0.640	8,587.000000
7.569550	0.640	9,584.000000
7.580217	0.640	9,908.000000
7.590883	0.640	10,197.000000
7.601550	0.640	11,494.000000
7.612217	0.640	12,613.000000
7.622883	0.640	12,172.000000
7.633550	0.640	10,979.000000
7.644217	0.640	10,411.000000
7.654883	0.640	10,585.000000
7.665550	0.640	10,707.000000
7.676217	0.640	10,579.000000
7.686883	0.640	11,152.000000
7.697550	0.640	13,592.000000
7.708217	0.640	18,241.000000
7.718883	0.640	25,079.000000
7.729550	0.640	36,474.000000
7.740217	0.640	56,407.000000
7.750883	0.640	84,775.000000
7.761550	0.640	117,143.000000
7.772217	0.640	150,809.000000
7.782883	0.640	189,722.000000
7.793550	0.640	245,990.000000
7.804217	0.640	335,371.000000
7.814883	0.640	473,458.000000
7.825550	0.640	682,702.000000
7.836217	0.640	995,032.000000
7.846883	0.640	1,451,830.000000
7.857550	0.640	2,124,725.000000
7.868217	0.640	3,145,150.000000
7.878883	0.640	4,714,631.000000
7.889550	0.640	7,031,886.000000
7.900217	0.640	10,091,774.000000
7.910883	0.640	13,470,176.000000
7.921550	0.640	16,313,459.000000
7.932217	0.640	17,667,588.000000
7.942883	0.640	16,995,556.000000
7.953550	0.640	14,503,651.000000
7.964217	0.640	11,019,667.000000
7.974883	0.640	7,520,724.000000
7.985550	0.640	4,684,341.000000
7.996217	0.640	2,735,392.000000
8.006883	0.640	1,555,229.000000
8.017550	0.640	894,306.000000
8.028217	0.640	534,943.000000
8.038883	0.640	335,364.000000
8.049550	0.640	215,062.000000
8.060217	0.640	137,370.000000
8.070883	0.640	88,373.000000
8.081550	0.640	59,809.000000
8.092217	0.640	45,157.000000
8.102883	0.640	40,042.000000
8.113550	0.640	40,531.000000
8.124217	0.640	42,761.000000
8.134883	0.640	44,632.000000
8.145550	0.640	44,846.000000
8.156217	0.640	41,449.000000
8.166883	0.640	33,995.000000
8.177550	0.640	25,468.000000
8.188217	0.640	19,731.000000
8.198883	0.640	17,843.000000
8.209550	0.640	18,303.000000
8.220217	0.640	18,852.000000
8.230883	0.640	18,527.000000
8.241550	0.640	19,170.000000
8.252217	0.640	21,360.000000
8.262883	0.640	21,931.000000
8.273550	0.640	19,277.000000
8.284217	0.640	16,234.000000
8.294883	0.640	15,606.000000
8.305550	0.640	15,911.000000
8.316217	0.640	14,806.000000
8.326883	0.640	13,368.000000
8.337550	0.640	12,951.000000
8.348217	0.640	12,879.000000
8.358883	0.640	12,454.000000
8.369550	0.640	11,689.000000
8.380217	0.640	11,231.000000
8.390883	0.640	11,963.000000
8.401550	0.640	13,267.000000
8.412217	0.640	13,408.000000
8.422883	0.640	12,521.000000
8.433550	0.640	12,448.000000
8.444217	0.640	13,932.000000
8.454883	0.640	16,398.000000
8.465550	0.640	19,049.000000
8.476217	0.640	21,797.000000
8.486883	0.640	27,053.000000
8.497550	0.640	37,836.000000
8.508217	0.640	52,933.000000
8.518883	0.640	68,518.000000
8.529550	0.640	81,660.000000
8.540217	0.640	89,016.000000
8.550883	0.640	89,265.000000
8.561550	0.640	86,945.000000
8.572217	0.640	89,050.000000
8.582883	0.640	103,575.000000
8.593550	0.640	140,238.000000
8.604217	0.640	205,181.000000
8.614883	0.640	304,573.000000
8.625550	0.640	455,267.000000
8.636217	0.640	679,902.000000
8.646883	0.640	1,005,572.000000
8.657550	0.640	1,481,314.000000
8.668217	0.640	2,192,588.000000
8.678883	0.640	3,286,479.000000
8.689550	0.640	4,999,045.000000
8.700217	0.640	7,607,605.000000
8.710883	0.640	11,281,462.000000
8.721550	0.640	15,848,946.000000
8.732217	0.640	20,598,293.000000
8.742883	0.640	24,374,192.000000
8.753550	0.640	26,023,788.000000
8.764217	0.640	24,951,810.000000
8.774883	0.640	21,468,900.000000
8.785550	0.640	16,640,914.000000
8.796217	0.640	11,713,676.000000
8.806883	0.640	7,580,957.000000
8.817550	0.640	4,597,632.000000
8.828217	0.640	2,685,663.000000
8.838883	0.640	1,560,746.000000
8.849550	0.640	927,885.000000
8.860217	0.640	570,162.000000
8.870883	0.640	358,516.000000
8.881550	0.640	230,399.000000
8.892217	0.640	154,912.000000
8.902883	0.640	110,280.000000
8.913550	0.640	81,629.000000
8.924217	0.640	61,602.000000
8.934883	0.640	48,261.000000
8.945550	0.640	40,483.000000
8.956217	0.640	35,411.000000
8.966883	0.640	30,875.000000
8.977550	0.640	26,670.000000
8.988217	0.640	23,806.000000
8.998883	0.640	22,639.000000
9.009550	0.640	21,491.000000
9.020217	0.640	19,769.000000
9.030883	0.640	19,298.000000
9.041550	0.640	19,863.000000
9.052217	0.640	19,315.000000
9.062883	0.640	18,280.000000
9.073550	0.640	18,766.000000
9.084217	0.640	20,082.000000
9.094883	0.640	20,372.000000
9.105550	0.640	19,375.000000
9.116217	0.640	17,755.000000
9.126883	0.640	16,662.000000
9.137550	0.640	17,335.000000
9.148217	0.640	19,307.000000
9.158883	0.640	20,743.000000
9.169550	0.640	20,782.000000
9.180217	0.640	20,041.000000
9.190883	0.640	19,110.000000
9.201550	0.640	18,423.000000
9.212217	0.640	18,583.000000
9.222883	0.640	19,085.000000
9.233550	0.640	18,977.000000
9.244217	0.640	18,363.000000
9.254883	0.640	17,742.000000
9.265550	0.640	17,337.000000
9.276217	0.640	16,791.000000
9.286883	0.640	15,558.000000
9.297550	0.640	14,350.000000
9.308217	0.640	14,576.000000
9.318883	0.640	15,884.000000
9.329550	0.640	16,449.000000
9.340217	0.640	15,801.000000
9.350883	0.640	15,385.000000
9.361550	0.640	16,137.000000
9.372217	0.640	17,168.000000
9.382883	0.640	18,012.000000
9.393550	0.640	19,585.000000
9.404217	0.640	21,242.000000
9.414883	0.640	20,867.000000
9.425550	0.640	18,727.000000
9.436217	0.640	17,458.000000
9.446883	0.640	18,064.000000
9.457550	0.640	18,972.000000
9.468217	0.640	19,322.000000
9.478883	0.640	19,578.000000
9.489550	0.640	19,878.000000
9.500217	0.640	20,821.000000
9.510883	0.640	23,451.000000
9.521550	0.640	28,346.000000
9.532217	0.640	35,727.000000
9.542883	0.640	44,568.000000
9.553550	0.640	52,337.000000
9.564217	0.640	58,235.000000
9.574883	0.640	65,490.000000
9.585550	0.640	77,005.000000
9.596217	0.640	93,218.000000
9.606883	0.640	117,969.000000
9.617550	0.640	160,057.000000
9.628217	0.640	230,561.000000
9.638883	0.640	345,228.000000
9.649550	0.640	521,224.000000
9.660217	0.640	759,454.000000
9.670883	0.640	1,032,845.000000
9.681550	0.640	1,290,137.000000
9.692217	0.640	1,461,896.000000
9.702883	0.640	1,483,321.000000
9.713550	0.640	1,336,489.000000
9.724217	0.640	1,068,595.000000
9.734883	0.640	765,084.000000
9.745550	0.640	501,548.000000
9.756217	0.640	312,036.000000
9.766883	0.640	191,787.000000
9.777550	0.640	120,468.000000
9.788217	0.640	80,717.000000
9.798883	0.640	60,089.000000
9.809550	0.640	48,787.000000
9.820217	0.640	41,898.000000
9.830883	0.640	37,985.000000
9.841550	0.640	35,498.000000
9.852217	0.640	33,940.000000
9.862883	0.640	34,478.000000
9.873550	0.640	36,104.000000
9.884217	0.640	36,411.000000
9.894883	0.640	37,705.000000
9.905550	0.640	44,730.000000
9.916217	0.640	57,242.000000
9.926883	0.640	73,140.000000
9.937550	0.640	95,710.000000
9.948217	0.640	131,049.000000
9.958883	0.640	182,467.000000
9.969550	0.640	254,160.000000
9.980217	0.640	360,337.000000
9.990883	0.640	530,120.000000
10.001550	0.640	805,559.000000
10.012217	0.640	1,236,022.000000
10.022883	0.640	1,865,287.000000
10.033550	0.640	2,691,618.000000
10.044217	0.640	3,610,877.000000
10.054883	0.640	4,400,680.000000
10.065550	0.640	4,796,770.000000
10.076217	0.640	4,638,246.000000
10.086883	0.640	3,973,015.000000
10.097550	0.640	3,031,534.000000
10.108217	0.640	2,085,950.000000
10.118883	0.640	1,317,595.000000
10.129550	0.640	786,591.000000
10.140217	0.640	467,556.000000
10.150883	0.640	296,408.000000
10.161550	0.640	210,417.000000
10.172217	0.640	165,915.000000
10.182883	0.640	139,664.000000
10.193550	0.640	123,463.000000
10.204217	0.640	114,042.000000
10.214883	0.640	109,010.000000
10.225550	0.640	107,165.000000
10.236217	0.640	105,256.000000
10.246883	0.640	98,271.000000
10.257550	0.640	86,159.000000
10.268217	0.640	74,036.000000
10.278883	0.640	64,231.000000
10.289550	0.640	55,327.000000
10.300217	0.640	47,028.000000
10.310883	0.640	40,178.000000
10.321550	0.640	34,823.000000
10.332217	0.640	31,064.000000
10.342883	0.640	29,900.000000
10.353550	0.640	31,958.000000
10.364217	0.640	36,546.000000
10.374883	0.640	42,222.000000
10.385550	0.640	48,505.000000
10.396217	0.640	55,238.000000
10.406883	0.640	60,197.000000
10.417550	0.640	61,482.000000
10.428217	0.640	59,064.000000
10.438883	0.640	53,104.000000
10.449550	0.640	45,777.000000
10.460217	0.640	39,828.000000
10.470883	0.640	34,415.000000
10.481550	0.640	28,748.000000
10.492217	0.640	24,984.000000
10.502883	0.640	23,427.000000
10.513550	0.640	22,049.000000
10.524217	0.640	21,199.000000
10.534883	0.640	22,177.000000
10.545550	0.640	23,797.000000
10.556217	0.640	24,242.000000
10.566883	0.640	24,093.000000
10.577550	0.640	25,377.000000
10.588217	0.640	27,859.000000
10.598883	0.640	29,390.000000
10.609550	0.640	29,408.000000
10.620217	0.640	28,498.000000
10.630883	0.640	26,824.000000
10.641550	0.640	24,859.000000
10.652217	0.640	23,508.000000
10.662883	0.640	24,389.000000
10.673550	0.640	28,722.000000
10.684217	0.640	34,045.000000
10.694883	0.640	36,686.000000
10.705550	0.640	37,089.000000
10.716217	0.640	37,724.000000
10.726883	0.640	37,801.000000
10.737550	0.640	35,023.000000
10.748217	0.640	30,667.000000
10.758883	0.640	27,686.000000
10.769550	0.640	26,586.000000
10.780217	0.640	25,951.000000
10.790883	0.640	24,669.000000
10.801550	0.640	23,311.000000
10.812217	0.640	22,859.000000
10.822883	0.640	22,918.000000
10.833550	0.640	23,178.000000
10.844217	0.640	24,153.000000
10.854883	0.640	25,397.000000
10.865550	0.640	26,330.000000
10.876217	0.640	28,134.000000
10.886883	0.640	31,919.000000
10.897550	0.640	37,425.000000
10.908217	0.640	45,633.000000
10.918883	0.640	59,578.000000
10.929550	0.640	82,587.000000
10.940217	0.640	117,356.000000
10.950883	0.640	167,636.000000
10.961550	0.640	242,341.000000
10.972217	0.640	353,518.000000
10.982883	0.640	513,246.000000
10.993550	0.640	739,698.000000
11.004217	0.640	1,068,286.000000
11.014883	0.640	1,571,068.000000
11.025550	0.640	2,356,047.000000
11.036217	0.640	3,516,086.000000
11.046883	0.640	5,090,691.000000
11.057550	0.640	7,036,849.000000
11.068217	0.640	9,123,060.000000
11.078883	0.640	10,877,771.000000
11.089550	0.640	11,759,482.000000
11.100217	0.640	11,443,750.000000
11.110883	0.640	10,017,670.000000
11.121550	0.640	7,931,341.000000
11.132217	0.640	5,733,817.000000
11.142883	0.640	3,833,039.000000
11.153550	0.640	2,425,862.000000
11.164217	0.640	1,526,250.000000
11.174883	0.640	1,030,902.000000
11.185550	0.640	806,337.000000
11.196217	0.640	750,193.000000
11.206883	0.640	806,945.000000
11.217550	0.640	955,071.000000
11.228217	0.640	1,193,498.000000
11.238883	0.640	1,549,178.000000
11.249550	0.640	2,092,759.000000
11.260217	0.640	2,948,616.000000
11.270883	0.640	4,303,000.000000
11.281550	0.640	6,384,583.000000
11.292217	0.640	9,376,571.000000
11.302883	0.640	13,254,749.000000
11.313550	0.640	17,583,929.000000
11.324217	0.640	21,420,052.000000
11.334883	0.640	23,605,370.000000
11.345550	0.640	23,401,316.000000
11.356217	0.640	20,881,607.000000
11.366883	0.640	16,808,938.000000
11.377550	0.640	12,259,314.000000
11.388217	0.640	8,200,120.000000
11.398883	0.640	5,156,756.000000
11.409550	0.640	3,162,997.000000
11.420217	0.640	1,970,019.000000
11.430883	0.640	1,280,967.000000
11.441550	0.640	870,879.000000
11.452217	0.640	605,126.000000
11.462883	0.640	417,406.000000
11.473550	0.640	283,533.000000
11.484217	0.640	194,724.000000
11.494883	0.640	140,097.000000
11.505550	0.640	106,686.000000
11.516217	0.640	85,638.000000
11.526883	0.640	73,389.000000
11.537550	0.640	67,020.000000
11.548217	0.640	62,185.000000
11.558883	0.640	57,335.000000
11.569550	0.640	54,062.000000
11.580217	0.640	51,969.000000
11.590883	0.640	48,913.000000
11.601550	0.640	45,033.000000
11.612217	0.640	41,924.000000
11.622883	0.640	40,030.000000
11.633550	0.640	38,679.000000
11.644217	0.640	37,405.000000
11.654883	0.640	37,307.000000
11.665550	0.640	39,187.000000
11.676217	0.640	41,489.000000
11.686883	0.640	43,690.000000
11.697550	0.640	47,125.000000
11.708217	0.640	51,560.000000
11.718883	0.640	56,233.000000
11.729550	0.640	61,216.000000
11.740217	0.640	65,223.000000
11.750883	0.640	66,707.000000
11.761550	0.640	67,094.000000
11.772217	0.640	68,705.000000
11.782883	0.640	71,298.000000
11.793550	0.640	75,191.000000
11.804217	0.640	84,068.000000
11.814883	0.640	99,894.000000
11.825550	0.640	122,134.000000
11.836217	0.640	154,944.000000
11.846883	0.640	205,349.000000
11.857550	0.640	278,648.000000
11.868217	0.640	385,131.000000
11.878883	0.640	540,644.000000
11.889550	0.640	761,543.000000
11.900217	0.640	1,079,362.000000
11.910883	0.640	1,565,549.000000
11.921550	0.640	2,340,493.000000
11.932217	0.640	3,568,695.000000
11.942883	0.640	5,438,830.000000
11.953550	0.640	8,076,530.000000
11.964217	0.640	11,351,602.000000
11.974883	0.640	14,705,598.000000
11.985550	0.640	17,231,088.000000
11.996217	0.640	18,061,515.000000
12.006883	0.640	16,847,766.000000
12.017550	0.640	13,978,544.000000
12.028217	0.640	10,363,446.000000
12.038883	0.640	6,940,443.000000
12.049550	0.640	4,278,528.000000
12.060217	0.640	2,502,327.000000
12.070883	0.640	1,450,980.000000
12.081550	0.640	871,020.000000
12.092217	0.640	548,565.000000
12.102883	0.640	360,663.000000
12.113550	0.640	249,472.000000
12.124217	0.640	179,981.000000
12.134883	0.640	131,872.000000
12.145550	0.640	98,905.000000
12.156217	0.640	78,166.000000
12.166883	0.640	66,224.000000
12.177550	0.640	59,637.000000
12.188217	0.640	54,926.000000
12.198883	0.640	50,592.000000
12.209550	0.640	47,119.000000
12.220217	0.640	44,878.000000
12.230883	0.640	43,915.000000
12.241550	0.640	43,825.000000
12.252217	0.640	43,625.000000
12.262883	0.640	43,632.000000
12.273550	0.640	43,891.000000
12.284217	0.640	42,519.000000
12.294883	0.640	39,722.000000
12.305550	0.640	38,036.000000
12.316217	0.640	38,454.000000
12.326883	0.640	39,881.000000
12.337550	0.640	40,877.000000
12.348217	0.640	41,428.000000
12.358883	0.640	42,175.000000
12.369550	0.640	42,843.000000
12.380217	0.640	43,477.000000
12.390883	0.640	44,955.000000
12.401550	0.640	46,837.000000
12.412217	0.640	47,354.000000
12.422883	0.640	46,897.000000
12.433550	0.640	47,657.000000
12.444217	0.640	49,214.000000
12.454883	0.640	50,410.000000
12.465550	0.640	52,523.000000
12.476217	0.640	55,506.000000
12.486883	0.640	57,488.000000
12.497550	0.640	58,285.000000
12.508217	0.640	58,564.000000
12.518883	0.640	58,516.000000
12.529550	0.640	58,638.000000
12.540217	0.640	59,704.000000
12.550883	0.640	61,716.000000
12.561550	0.640	63,914.000000
12.572217	0.640	65,453.000000
12.582883	0.640	65,691.000000
12.593550	0.640	65,775.000000
12.604217	0.640	67,450.000000
12.614883	0.640	68,729.000000
12.625550	0.640	66,465.000000
12.636217	0.640	62,667.000000
12.646883	0.640	61,509.000000
12.657550	0.640	62,588.000000
12.668217	0.640	62,221.000000
12.678883	0.640	58,419.000000
12.689550	0.640	52,777.000000
12.700217	0.640	48,360.000000
12.710883	0.640	45,968.000000
12.721550	0.640	44,105.000000
12.732217	0.640	42,420.000000
12.742883	0.640	41,922.000000
12.753550	0.640	42,949.000000
12.764217	0.640	45,908.000000
12.774883	0.640	50,088.000000
12.785550	0.640	53,035.000000
12.796217	0.640	55,407.000000
12.806883	0.640	59,638.000000
12.817550	0.640	63,813.000000
12.828217	0.640	64,398.000000
12.838883	0.640	61,573.000000
12.849550	0.640	57,308.000000
12.860217	0.640	52,443.000000
12.870883	0.640	47,791.000000
12.881550	0.640	43,739.000000
12.892217	0.640	39,203.000000
12.902883	0.640	34,527.000000
12.913550	0.640	31,996.000000
12.924217	0.640	32,259.000000
12.934883	0.640	33,685.000000
12.945550	0.640	34,304.000000
12.956217	0.640	33,747.000000
12.966883	0.640	33,175.000000
12.977550	0.640	32,881.000000
12.988217	0.640	32,284.000000
12.998883	0.640	31,440.000000
13.009550	0.640	30,918.000000
13.020217	0.640	31,033.000000
13.030883	0.640	31,370.000000
13.041550	0.640	31,364.000000
13.052217	0.640	31,293.000000
13.062883	0.640	31,890.000000
13.073550	0.640	32,779.000000
13.084217	0.640	33,229.000000
13.094883	0.640	33,922.000000
13.105550	0.640	35,124.000000
13.116217	0.640	36,150.000000
13.126883	0.640	37,301.000000
13.137550	0.640	38,704.000000
13.148217	0.640	39,895.000000
13.158883	0.640	41,285.000000
13.169550	0.640	42,536.000000
13.180217	0.640	41,902.000000
13.190883	0.640	39,599.000000
13.201550	0.640	38,118.000000
13.212217	0.640	38,498.000000
13.222883	0.640	40,029.000000
13.233550	0.640	41,729.000000
13.244217	0.640	42,586.000000
13.254883	0.640	42,857.000000
13.265550	0.640	43,602.000000
13.276217	0.640	44,906.000000
13.286883	0.640	46,376.000000
13.297550	0.640	47,787.000000
13.308217	0.640	48,310.000000
13.318883	0.640	47,031.000000
13.329550	0.640	44,847.000000
13.340217	0.640	43,647.000000
13.350883	0.640	43,566.000000
13.361550	0.640	43,161.000000
13.372217	0.640	41,507.000000
13.382883	0.640	38,909.000000
13.393550	0.640	36,779.000000
13.404217	0.640	36,178.000000
13.414883	0.640	36,158.000000
13.425550	0.640	35,099.000000
13.436217	0.640	32,839.000000
13.446883	0.640	30,971.000000
13.457550	0.640	30,770.000000
13.468217	0.640	31,220.000000
13.478883	0.640	30,766.000000
13.489550	0.640	29,528.000000
13.500217	0.640	29,028.000000
13.510883	0.640	30,010.000000
13.521550	0.640	31,209.000000
13.532217	0.640	31,405.000000
13.542883	0.640	30,560.000000
13.553550	0.640	29,296.000000
13.564217	0.640	28,795.000000
13.574883	0.640	29,119.000000
13.585550	0.640	29,026.000000
13.596217	0.640	28,452.000000
13.606883	0.640	28,315.000000
13.617550	0.640	29,025.000000
13.628217	0.640	30,568.000000
13.638883	0.640	32,496.000000
13.649550	0.640	34,020.000000
13.660217	0.640	34,620.000000
13.670883	0.640	35,910.000000
13.681550	0.640	41,060.000000
13.692217	0.640	49,609.000000
13.702883	0.640	58,614.000000
13.713550	0.640	70,218.000000
13.724217	0.640	90,684.000000
13.734883	0.640	122,591.000000
13.745550	0.640	164,613.000000
13.756217	0.640	218,479.000000
13.766883	0.640	290,481.000000
13.777550	0.640	387,358.000000
13.788217	0.640	515,157.000000
13.798883	0.640	681,755.000000
13.809550	0.640	900,655.000000
13.820217	0.640	1,191,930.000000
13.830883	0.640	1,582,233.000000
13.841550	0.640	2,113,802.000000
13.852217	0.640	2,855,811.000000
13.862883	0.640	3,907,614.000000
13.873550	0.640	5,392,601.000000
13.884217	0.640	7,424,628.000000
13.894883	0.640	10,058,623.000000
13.905550	0.640	13,235,424.000000
13.916217	0.640	16,695,966.000000
13.926883	0.640	19,952,509.000000
13.937550	0.640	22,404,299.000000
13.948217	0.640	23,524,997.000000
13.958883	0.640	23,036,034.000000
13.969550	0.640	21,012,671.000000
13.980217	0.640	17,860,057.000000
13.990883	0.640	14,163,710.000000
14.001550	0.640	10,509,107.000000
14.012217	0.640	7,336,471.000000
14.022883	0.640	4,861,276.000000
14.033550	0.640	3,092,812.000000
14.044217	0.640	1,917,915.000000
14.054883	0.640	1,186,073.000000
14.065550	0.640	757,366.000000
14.076217	0.640	513,991.000000
14.086883	0.640	370,571.000000
14.097550	0.640	281,524.000000
14.108217	0.640	225,232.000000
14.118883	0.640	186,686.000000
14.129550	0.640	157,100.000000
14.140217	0.640	134,421.000000
14.150883	0.640	116,181.000000
14.161550	0.640	98,819.000000
14.172217	0.640	82,716.000000
14.182883	0.640	69,853.000000
14.193550	0.640	60,150.000000
14.204217	0.640	53,006.000000
14.214883	0.640	47,549.000000
14.225550	0.640	42,753.000000
14.236217	0.640	39,976.000000
14.246883	0.640	40,882.000000
14.257550	0.640	42,880.000000
14.268217	0.640	42,387.000000
14.278883	0.640	40,600.000000
14.289550	0.640	40,451.000000
14.300217	0.640	41,191.000000
14.310883	0.640	41,002.000000
14.321550	0.640	40,533.000000
14.332217	0.640	40,940.000000
14.342883	0.640	42,787.000000
14.353550	0.640	45,962.000000
14.364217	0.640	48,999.000000
14.374883	0.640	51,043.000000
14.385550	0.640	52,300.000000
14.396217	0.640	52,093.000000
14.406883	0.640	50,409.000000
14.417550	0.640	49,487.000000
14.428217	0.640	50,198.000000
14.438883	0.640	50,437.000000
14.449550	0.640	49,894.000000
14.460217	0.640	50,798.000000
14.470883	0.640	53,497.000000
14.481550	0.640	56,991.000000
14.492217	0.640	61,239.000000
14.502883	0.640	65,739.000000
14.513550	0.640	69,340.000000
14.524217	0.640	72,734.000000
14.534883	0.640	77,723.000000
14.545550	0.640	84,259.000000
14.556217	0.640	93,338.000000
14.566883	0.640	109,689.000000
14.577550	0.640	135,101.000000
14.588217	0.640	164,531.000000
14.598883	0.640	190,694.000000
14.609550	0.640	205,922.000000
14.620217	0.640	204,774.000000
14.630883	0.640	189,465.000000
14.641550	0.640	167,080.000000
14.652217	0.640	144,355.000000
14.662883	0.640	126,493.000000
14.673550	0.640	114,169.000000
14.684217	0.640	103,370.000000
14.694883	0.640	90,822.000000
14.705550	0.640	76,780.000000
14.716217	0.640	64,268.000000
14.726883	0.640	56,851.000000
14.737550	0.640	55,240.000000
14.748217	0.640	57,903.000000
14.758883	0.640	63,880.000000
14.769550	0.640	71,861.000000
14.780217	0.640	79,663.000000
14.790883	0.640	86,071.000000
14.801550	0.640	91,106.000000
14.812217	0.640	95,118.000000
14.822883	0.640	99,318.000000
14.833550	0.640	105,456.000000
14.844217	0.640	111,621.000000
14.854883	0.640	113,120.000000
14.865550	0.640	110,413.000000
14.876217	0.640	107,653.000000
14.886883	0.640	104,033.000000
14.897550	0.640	96,539.000000
14.908217	0.640	87,405.000000
14.918883	0.640	79,529.000000
14.929550	0.640	71,392.000000
14.940217	0.640	62,994.000000
14.950883	0.640	57,658.000000
14.961550	0.640	56,313.000000
14.972217	0.640	57,505.000000
14.982883	0.640	59,920.000000
14.993550	0.640	62,168.000000
15.004217	0.640	64,376.000000
15.014883	0.640	67,640.000000
15.025550	0.640	70,453.000000
15.036217	0.640	70,458.000000
15.046883	0.640	67,950.000000
15.057550	0.640	64,908.000000
15.068217	0.640	62,963.000000
15.078883	0.640	62,590.000000
15.089550	0.640	63,353.000000
15.100217	0.640	65,128.000000
15.110883	0.640	69,156.000000
15.121550	0.640	75,577.000000
15.132217	0.640	80,915.000000
15.142883	0.640	82,305.000000
15.153550	0.640	80,660.000000
15.164217	0.640	77,525.000000
15.174883	0.640	73,609.000000
15.185550	0.640	70,107.000000
15.196217	0.640	68,257.000000
15.206883	0.640	67,709.000000
15.217550	0.640	67,181.000000
15.228217	0.640	66,725.000000
15.238883	0.640	66,509.000000
15.249550	0.640	65,087.000000
15.260217	0.640	62,586.000000
15.270883	0.640	61,790.000000
15.281550	0.640	63,397.000000
15.292217	0.640	65,170.000000
15.302883	0.640	65,840.000000
15.313550	0.640	65,166.000000
15.324217	0.640	63,459.000000
15.334883	0.640	62,847.000000
15.345550	0.640	64,705.000000
15.356217	0.640	67,175.000000
15.366883	0.640	67,313.000000
15.377550	0.640	65,099.000000
15.388217	0.640	64,368.000000
15.398883	0.640	67,855.000000
15.409550	0.640	73,057.000000
15.420217	0.640	75,567.000000
15.430883	0.640	75,113.000000
15.441550	0.640	75,377.000000
15.452217	0.640	77,202.000000
15.462883	0.640	77,358.000000
15.473550	0.640	75,398.000000
15.484217	0.640	74,949.000000
15.494883	0.640	78,196.000000
15.505550	0.640	83,527.000000
15.516217	0.640	88,527.000000
15.526883	0.640	93,175.000000
15.537550	0.640	100,788.000000
15.548217	0.640	117,252.000000
15.558883	0.640	143,825.000000
15.569550	0.640	171,075.000000
15.580217	0.640	186,756.000000
15.590883	0.640	187,345.000000
15.601550	0.640	179,190.000000
15.612217	0.640	169,562.000000
15.622883	0.640	161,374.000000
15.633550	0.640	156,773.000000
15.644217	0.640	154,154.000000
15.654883	0.640	145,847.000000
15.665550	0.640	130,572.000000
15.676217	0.640	117,371.000000
15.686883	0.640	111,988.000000
15.697550	0.640	110,667.000000
15.708217	0.640	107,036.000000
15.718883	0.640	98,893.000000
15.729550	0.640	89,923.000000
15.740217	0.640	85,370.000000
15.750883	0.640	86,528.000000
15.761550	0.640	92,563.000000
15.772217	0.640	104,524.000000
15.782883	0.640	126,201.000000
15.793550	0.640	166,278.000000
15.804217	0.640	236,607.000000
15.814883	0.640	348,586.000000
15.825550	0.640	527,633.000000
15.836217	0.640	843,973.000000
15.846883	0.640	1,433,015.000000
15.857550	0.640	2,484,117.000000
15.868217	0.640	4,160,956.000000
15.878883	0.640	6,381,421.000000
15.889550	0.640	8,557,223.000000
15.900217	0.640	9,732,266.000000
15.910883	0.640	9,264,715.000000
15.921550	0.640	7,378,105.000000
15.932217	0.640	4,966,599.000000
15.942883	0.640	2,911,912.000000
15.953550	0.640	1,586,515.000000
15.964217	0.640	885,404.000000
15.974883	0.640	548,839.000000
15.985550	0.640	381,422.000000
15.996217	0.640	285,019.000000
16.006883	0.640	222,139.000000
16.017550	0.640	181,103.000000
16.028217	0.640	156,312.000000
16.038883	0.640	143,258.000000
16.049550	0.640	139,422.000000
16.060217	0.640	142,739.000000
16.070883	0.640	151,052.000000
16.081550	0.640	162,668.000000
16.092217	0.640	173,857.000000
16.102883	0.640	180,235.000000
16.113550	0.640	182,144.000000
16.124217	0.640	182,682.000000
16.134883	0.640	183,912.000000
16.145550	0.640	188,292.000000
16.156217	0.640	196,440.000000
16.166883	0.640	203,210.000000
16.177550	0.640	203,309.000000
16.188217	0.640	199,377.000000
16.198883	0.640	199,209.000000
16.209550	0.640	210,272.000000
16.220217	0.640	243,990.000000
16.230883	0.640	317,697.000000
16.241550	0.640	438,333.000000
16.252217	0.640	581,830.000000
16.262883	0.640	694,516.000000
16.273550	0.640	722,604.000000
16.284217	0.640	649,890.000000
16.294883	0.640	509,729.000000
16.305550	0.640	359,946.000000
16.316217	0.640	245,465.000000
16.326883	0.640	178,841.000000
16.337550	0.640	148,250.000000
16.348217	0.640	136,461.000000
16.358883	0.640	130,836.000000
16.369550	0.640	126,040.000000
16.380217	0.640	123,607.000000
16.390883	0.640	124,487.000000
16.401550	0.640	126,439.000000
16.412217	0.640	130,672.000000
16.422883	0.640	141,207.000000
16.433550	0.640	158,737.000000
16.444217	0.640	182,333.000000
16.454883	0.640	213,548.000000
16.465550	0.640	252,306.000000
16.476217	0.640	296,692.000000
16.486883	0.640	357,472.000000
16.497550	0.640	468,019.000000
16.508217	0.640	678,091.000000
16.518883	0.640	1,047,539.000000
16.529550	0.640	1,668,340.000000
16.540217	0.640	2,733,493.000000
16.550883	0.640	4,630,349.000000
16.561550	0.640	7,937,840.000000
16.572217	0.640	13,099,520.000000
16.582883	0.640	19,721,168.000000
16.593550	0.640	26,028,104.000000
16.604217	0.640	29,407,412.000000
16.614883	0.640	28,112,383.000000
16.625550	0.640	22,671,862.000000
16.636217	0.640	15,533,484.000000
16.646883	0.640	9,268,105.000000
16.657550	0.640	5,087,624.000000
16.668217	0.640	2,801,574.000000
16.678883	0.640	1,667,527.000000
16.689550	0.640	1,081,430.000000
16.700217	0.640	747,273.000000
16.710883	0.640	552,239.000000
16.721550	0.640	444,354.000000
16.732217	0.640	397,790.000000
16.742883	0.640	406,765.000000
16.753550	0.640	487,403.000000
16.764217	0.640	686,523.000000
16.774883	0.640	1,069,497.000000
16.785550	0.640	1,668,254.000000
16.796217	0.640	2,402,386.000000
16.806883	0.640	3,043,542.000000
16.817550	0.640	3,308,341.000000
16.828217	0.640	3,056,899.000000
16.838883	0.640	2,416,702.000000
16.849550	0.640	1,679,786.000000
16.860217	0.640	1,083,079.000000
16.870883	0.640	702,287.000000
16.881550	0.640	497,674.000000
16.892217	0.640	395,368.000000
16.902883	0.640	338,236.000000
16.913550	0.640	298,712.000000
16.924217	0.640	267,156.000000
16.934883	0.640	240,464.000000
16.945550	0.640	217,097.000000
16.956217	0.640	197,443.000000
16.966883	0.640	183,585.000000
16.977550	0.640	176,449.000000
16.988217	0.640	175,655.000000
16.998883	0.640	178,137.000000
17.009550	0.640	179,862.000000
17.020217	0.640	181,745.000000
17.030883	0.640	186,452.000000
17.041550	0.640	192,545.000000
17.052217	0.640	199,859.000000
17.062883	0.640	212,412.000000
17.073550	0.640	231,171.000000
17.084217	0.640	256,609.000000
17.094883	0.640	297,339.000000
17.105550	0.640	364,777.000000
17.116217	0.640	465,640.000000
17.126883	0.640	604,400.000000
17.137550	0.640	788,636.000000
17.148217	0.640	1,024,099.000000
17.158883	0.640	1,293,912.000000
17.169550	0.640	1,555,560.000000
17.180217	0.640	1,769,647.000000
17.190883	0.640	1,912,378.000000
17.201550	0.640	1,958,731.000000
17.212217	0.640	1,880,307.000000
17.222883	0.640	1,675,029.000000
17.233550	0.640	1,389,704.000000
17.244217	0.640	1,092,046.000000
17.254883	0.640	824,737.000000
17.265550	0.640	603,576.000000
17.276217	0.640	438,030.000000
17.286883	0.640	328,563.000000
17.297550	0.640	259,890.000000
17.308217	0.640	215,649.000000
17.318883	0.640	190,470.000000
17.329550	0.640	180,394.000000
17.340217	0.640	176,441.000000
17.350883	0.640	172,474.000000
17.361550	0.640	168,671.000000
17.372217	0.640	167,385.000000
17.382883	0.640	169,395.000000
17.393550	0.640	172,574.000000
17.404217	0.640	174,642.000000
17.414883	0.640	175,800.000000
17.425550	0.640	177,184.000000
17.436217	0.640	180,238.000000
17.446883	0.640	186,781.000000
17.457550	0.640	197,020.000000
17.468217	0.640	209,863.000000
17.478883	0.640	224,197.000000
17.489550	0.640	239,047.000000
17.500217	0.640	254,668.000000
17.510883	0.640	271,441.000000
17.521550	0.640	288,427.000000
17.532217	0.640	303,852.000000
17.542883	0.640	317,913.000000
17.553550	0.640	339,544.000000
17.564217	0.640	380,089.000000
17.574883	0.640	436,685.000000
17.585550	0.640	497,132.000000
17.596217	0.640	549,853.000000
17.606883	0.640	578,883.000000
17.617550	0.640	571,822.000000
17.628217	0.640	533,677.000000
17.638883	0.640	479,010.000000
17.649550	0.640	419,100.000000
17.660217	0.640	362,312.000000
17.670883	0.640	317,956.000000
17.681550	0.640	291,420.000000
17.692217	0.640	277,823.000000
17.702883	0.640	268,648.000000
17.713550	0.640	262,368.000000
17.724217	0.640	261,097.000000
17.734883	0.640	262,539.000000
17.745550	0.640	263,375.000000
17.756217	0.640	264,013.000000
17.766883	0.640	264,961.000000
17.777550	0.640	264,484.000000
17.788217	0.640	262,115.000000
17.798883	0.640	260,964.000000
17.809550	0.640	263,407.000000
17.820217	0.640	267,095.000000
17.830883	0.640	270,555.000000
17.841550	0.640	277,176.000000
17.852217	0.640	286,710.000000
17.862883	0.640	293,119.000000
17.873550	0.640	294,319.000000
17.884217	0.640	292,689.000000
17.894883	0.640	290,997.000000
17.905550	0.640	291,623.000000
17.916217	0.640	293,476.000000
17.926883	0.640	294,808.000000
17.937550	0.640	297,198.000000
17.948217	0.640	301,353.000000
17.958883	0.640	305,153.000000
17.969550	0.640	307,999.000000
17.980217	0.640	312,012.000000
17.990883	0.640	317,731.000000
18.001550	0.640	323,843.000000
18.012217	0.640	329,919.000000
18.022883	0.640	336,289.000000
18.033550	0.640	343,706.000000
18.044217	0.640	350,714.000000
18.054883	0.640	354,120.000000
18.065550	0.640	357,305.000000
18.076217	0.640	369,410.000000
18.086883	0.640	391,905.000000
18.097550	0.640	416,936.000000
18.108217	0.640	443,860.000000
18.118883	0.640	485,058.000000
18.129550	0.640	551,095.000000
18.140217	0.640	645,769.000000
18.150883	0.640	779,796.000000
18.161550	0.640	976,138.000000
18.172217	0.640	1,258,203.000000
18.182883	0.640	1,647,593.000000
18.193550	0.640	2,179,519.000000
18.204217	0.640	2,908,319.000000
18.214883	0.640	3,910,717.000000
18.225550	0.640	5,304,926.000000
18.236217	0.640	7,268,490.000000
18.246883	0.640	10,062,240.000000
18.257550	0.640	14,059,939.000000
18.268217	0.640	19,730,641.000000
18.278883	0.640	27,505,070.000000
18.289550	0.640	37,482,142.000000
18.300217	0.640	49,082,147.000000
18.310883	0.640	60,882,529.000000
18.321550	0.640	70,811,458.000000
18.332217	0.640	76,741,584.000000
18.342883	0.640	77,235,562.000000
18.353550	0.640	72,048,860.000000
18.364217	0.640	62,261,076.000000
18.374883	0.640	49,946,732.000000
18.385550	0.640	37,372,326.000000
18.396217	0.640	26,232,660.000000
18.406883	0.640	17,395,570.000000
18.417550	0.640	11,021,044.000000
18.428217	0.640	6,787,961.000000
18.438883	0.640	4,150,707.000000
18.449550	0.640	2,575,225.000000
18.460217	0.640	1,662,982.000000
18.470883	0.640	1,153,105.000000
18.481550	0.640	886,276.000000
18.492217	0.640	773,481.000000
18.502883	0.640	767,269.000000
18.513550	0.640	844,284.000000
18.524217	0.640	1,002,294.000000
18.534883	0.640	1,254,540.000000
18.545550	0.640	1,619,452.000000
18.556217	0.640	2,132,557.000000
18.566883	0.640	2,877,054.000000
18.577550	0.640	3,983,452.000000
18.588217	0.640	5,603,461.000000
18.598883	0.640	7,892,891.000000
18.609550	0.640	10,942,920.000000
18.620217	0.640	14,636,123.000000
18.630883	0.640	18,558,355.000000
18.641550	0.640	22,057,929.000000
18.652217	0.640	24,412,398.000000
18.662883	0.640	25,050,346.000000
18.673550	0.640	23,762,670.000000
18.684217	0.640	20,816,169.000000
18.694883	0.640	16,882,375.000000
18.705550	0.640	12,746,563.000000
18.716217	0.640	9,009,069.000000
18.726883	0.640	6,000,557.000000
18.737550	0.640	3,815,187.000000
18.748217	0.640	2,362,420.000000
18.758883	0.640	1,458,259.000000
18.769550	0.640	916,388.000000
18.780217	0.640	594,669.000000
18.790883	0.640	401,183.000000
18.801550	0.640	283,977.000000
18.812217	0.640	215,644.000000
18.822883	0.640	176,984.000000
18.833550	0.640	153,331.000000
18.844217	0.640	137,508.000000
18.854883	0.640	126,935.000000
18.865550	0.640	121,036.000000
18.876217	0.640	120,740.000000
18.886883	0.640	125,767.000000
18.897550	0.640	134,425.000000
18.908217	0.640	145,940.000000
18.918883	0.640	160,248.000000
18.929550	0.640	177,511.000000
18.940217	0.640	199,416.000000
18.950883	0.640	230,177.000000
18.961550	0.640	273,141.000000
18.972217	0.640	327,514.000000
18.982883	0.640	396,441.000000
18.993550	0.640	492,263.000000
19.004217	0.640	628,355.000000
19.014883	0.640	816,963.000000
19.025550	0.640	1,076,213.000000
19.036217	0.640	1,437,932.000000
19.046883	0.640	1,940,689.000000
19.057550	0.640	2,594,161.000000
19.068217	0.640	3,358,162.000000
19.078883	0.640	4,159,920.000000
19.089550	0.640	4,896,278.000000
19.100217	0.640	5,426,918.000000
19.110883	0.640	5,628,864.000000
19.121550	0.640	5,465,833.000000
19.132217	0.640	4,979,689.000000
19.142883	0.640	4,253,630.000000
19.153550	0.640	3,402,005.000000
19.164217	0.640	2,551,972.000000
19.174883	0.640	1,811,219.000000
19.185550	0.640	1,238,376.000000
19.196217	0.640	831,959.000000
19.206883	0.640	557,128.000000
19.217550	0.640	381,041.000000
19.228217	0.640	275,606.000000
19.238883	0.640	212,174.000000
19.249550	0.640	172,415.000000
19.260217	0.640	149,337.000000
19.270883	0.640	137,947.000000
19.281550	0.640	133,173.000000
19.292217	0.640	130,059.000000
19.302883	0.640	125,433.000000
19.313550	0.640	120,289.000000
19.324217	0.640	116,812.000000
19.334883	0.640	115,781.000000
19.345550	0.640	117,731.000000
19.356217	0.640	122,108.000000
19.366883	0.640	126,327.000000
19.377550	0.640	127,658.000000
19.388217	0.640	125,338.000000
19.398883	0.640	122,108.000000
19.409550	0.640	122,571.000000
19.420217	0.640	127,355.000000
19.430883	0.640	132,323.000000
19.441550	0.640	135,481.000000
19.452217	0.640	138,514.000000
19.462883	0.640	142,321.000000
19.473550	0.640	147,274.000000
19.484217	0.640	154,060.000000
19.494883	0.640	161,281.000000
19.505550	0.640	166,146.000000
19.516217	0.640	166,754.000000
19.526883	0.640	163,389.000000
19.537550	0.640	158,817.000000
19.548217	0.640	154,912.000000
19.558883	0.640	150,552.000000
19.569550	0.640	144,600.000000
19.580217	0.640	139,450.000000
19.590883	0.640	139,613.000000
19.601550	0.640	144,292.000000
19.612217	0.640	147,533.000000
19.622883	0.640	148,608.000000
19.633550	0.640	152,095.000000
19.644217	0.640	158,456.000000
19.654883	0.640	164,528.000000
19.665550	0.640	170,481.000000
19.676217	0.640	179,759.000000
19.686883	0.640	193,849.000000
19.697550	0.640	210,323.000000
19.708217	0.640	226,072.000000
19.718883	0.640	241,148.000000
19.729550	0.640	259,471.000000
19.740217	0.640	285,236.000000
19.750883	0.640	319,101.000000
19.761550	0.640	360,954.000000
19.772217	0.640	414,221.000000
19.782883	0.640	483,654.000000
19.793550	0.640	572,924.000000
19.804217	0.640	684,886.000000
19.814883	0.640	819,821.000000
19.825550	0.640	976,566.000000
19.836217	0.640	1,154,931.000000
19.846883	0.640	1,351,024.000000
19.857550	0.640	1,551,678.000000
19.868217	0.640	1,736,788.000000
19.878883	0.640	1,885,491.000000
19.889550	0.640	1,979,793.000000
19.900217	0.640	2,006,300.000000
19.910883	0.640	1,958,153.000000
19.921550	0.640	1,840,259.000000
19.932217	0.640	1,669,477.000000
19.942883	0.640	1,464,879.000000
19.953550	0.640	1,245,745.000000
19.964217	0.640	1,031,931.000000
19.974883	0.640	836,360.000000
19.985550	0.640	663,999.000000
19.996217	0.640	517,162.000000
20.006883	0.640	398,233.000000
20.017550	0.640	308,764.000000
20.028217	0.640	245,877.000000
20.038883	0.640	200,780.000000
20.049550	0.640	165,786.000000
20.060217	0.640	140,147.000000
20.070883	0.640	123,243.000000
20.081550	0.640	110,920.000000
20.092217	0.640	101,443.000000
20.102883	0.640	95,113.000000
20.113550	0.640	90,585.000000
20.124217	0.640	87,644.000000
20.134883	0.640	87,521.000000
20.145550	0.640	88,800.000000
20.156217	0.640	89,116.000000
20.166883	0.640	89,134.000000
20.177550	0.640	90,022.000000
20.188217	0.640	90,442.000000
20.198883	0.640	89,776.000000
20.209550	0.640	89,714.000000
20.220217	0.640	90,123.000000
20.230883	0.640	88,520.000000
20.241550	0.640	84,361.000000
20.252217	0.640	79,579.000000
20.262883	0.640	76,065.000000
20.273550	0.640	74,562.000000
20.284217	0.640	73,982.000000
20.294883	0.640	72,448.000000
20.305550	0.640	69,620.000000
20.316217	0.640	66,291.000000
20.326883	0.640	63,071.000000
20.337550	0.640	59,947.000000
20.348217	0.640	57,771.000000
20.358883	0.640	58,878.000000
20.369550	0.640	61,627.000000
20.380217	0.640	60,983.000000
20.390883	0.640	58,033.000000
20.401550	0.640	58,045.000000
20.412217	0.640	61,241.000000
20.422883	0.640	64,133.000000
20.433550	0.640	64,562.000000
20.444217	0.640	62,831.000000
20.454883	0.640	60,532.000000
20.465550	0.640	58,104.000000
20.476217	0.640	56,243.000000
20.486883	0.640	56,339.000000
20.497550	0.640	56,570.000000
20.508217	0.640	54,871.000000
20.518883	0.640	53,419.000000
20.529550	0.640	53,846.000000
20.540217	0.640	54,168.000000
20.550883	0.640	52,950.000000
20.561550	0.640	51,512.000000
20.572217	0.640	51,757.000000
20.582883	0.640	53,519.000000
20.593550	0.640	54,829.000000
20.604217	0.640	54,272.000000
20.614883	0.640	52,120.000000
20.625550	0.640	50,401.000000
20.636217	0.640	51,035.000000
20.646883	0.640	53,186.000000
20.657550	0.640	55,038.000000
20.668217	0.640	57,349.000000
20.678883	0.640	60,999.000000
20.689550	0.640	63,917.000000
20.700217	0.640	65,799.000000
20.710883	0.640	69,592.000000
20.721550	0.640	75,022.000000
20.732217	0.640	78,375.000000
20.742883	0.640	79,689.000000
20.753550	0.640	83,694.000000
20.764217	0.640	92,203.000000
20.774883	0.640	102,220.000000
20.785550	0.640	112,484.000000
20.796217	0.640	125,377.000000
20.806883	0.640	143,441.000000
20.817550	0.640	166,932.000000
20.828217	0.640	194,254.000000
20.838883	0.640	226,494.000000
20.849550	0.640	268,861.000000
20.860217	0.640	322,905.000000
20.870883	0.640	384,937.000000
20.881550	0.640	453,522.000000
20.892217	0.640	525,701.000000
20.902883	0.640	594,069.000000
20.913550	0.640	655,031.000000
20.924217	0.640	706,924.000000
20.934883	0.640	747,618.000000
20.945550	0.640	777,418.000000
20.956217	0.640	796,022.000000
20.966883	0.640	806,828.000000
20.977550	0.640	819,244.000000
20.988217	0.640	839,715.000000
20.998883	0.640	871,278.000000
21.009550	0.640	919,342.000000
21.020217	0.640	992,357.000000
21.030883	0.640	1,098,468.000000
21.041550	0.640	1,239,421.000000
21.052217	0.640	1,409,268.000000
21.062883	0.640	1,606,662.000000
21.073550	0.640	1,838,739.000000
21.084217	0.640	2,101,564.000000
21.094883	0.640	2,383,885.000000
21.105550	0.640	2,694,715.000000
21.116217	0.640	3,053,721.000000
21.126883	0.640	3,466,433.000000
21.137550	0.640	3,925,524.000000
21.148217	0.640	4,420,684.000000
21.158883	0.640	4,944,143.000000
21.169550	0.640	5,475,643.000000
21.180217	0.640	5,966,676.000000
21.190883	0.640	6,368,297.000000
21.201550	0.640	6,641,212.000000
21.212217	0.640	6,723,166.000000
21.222883	0.640	6,564,780.000000
21.233550	0.640	6,192,850.000000
21.244217	0.640	5,670,523.000000
21.254883	0.640	5,040,487.000000
21.265550	0.640	4,339,129.000000
21.276217	0.640	3,616,946.000000
21.286883	0.640	2,930,160.000000
21.297550	0.640	2,314,405.000000
21.308217	0.640	1,775,312.000000
21.318883	0.640	1,317,406.000000
21.329550	0.640	955,242.000000
21.340217	0.640	689,664.000000
21.350883	0.640	501,707.000000
21.361550	0.640	368,260.000000
21.372217	0.640	272,607.000000
21.382883	0.640	206,218.000000
21.393550	0.640	163,611.000000
21.404217	0.640	137,661.000000
21.414883	0.640	122,371.000000
21.425550	0.640	115,056.000000
21.436217	0.640	113,893.000000
21.446883	0.640	116,466.000000
21.457550	0.640	119,828.000000
21.468217	0.640	121,627.000000
21.478883	0.640	121,772.000000
21.489550	0.640	121,140.000000
21.500217	0.640	119,226.000000
21.510883	0.640	114,473.000000
21.521550	0.640	107,058.000000
21.532217	0.640	99,564.000000
21.542883	0.640	92,553.000000
21.553550	0.640	84,283.000000
21.564217	0.640	75,548.000000
21.574883	0.640	68,049.000000
21.585550	0.640	61,566.000000
21.596217	0.640	56,286.000000
21.606883	0.640	52,778.000000
21.617550	0.640	50,566.000000
21.628217	0.640	48,554.000000
21.638883	0.640	45,561.000000
21.649550	0.640	42,144.000000
21.660217	0.640	40,954.000000
21.670883	0.640	42,933.000000
21.681550	0.640	45,051.000000
21.692217	0.640	44,338.000000
21.702883	0.640	42,317.000000
21.713550	0.640	41,473.000000
21.724217	0.640	40,884.000000
21.734883	0.640	40,070.000000
21.745550	0.640	40,893.000000
21.756217	0.640	43,346.000000
21.766883	0.640	45,686.000000
21.777550	0.640	46,963.000000
21.788217	0.640	46,870.000000
21.798883	0.640	46,126.000000
21.809550	0.640	45,593.000000
21.820217	0.640	44,775.000000
21.830883	0.640	43,661.000000
21.841550	0.640	43,541.000000
21.852217	0.640	45,074.000000
21.862883	0.640	47,015.000000
21.873550	0.640	46,707.000000
21.884217	0.640	43,622.000000
21.894883	0.640	41,385.000000
21.905550	0.640	42,779.000000
21.916217	0.640	45,332.000000
21.926883	0.640	45,871.000000
21.937550	0.640	45,558.000000
21.948217	0.640	45,998.000000
21.958883	0.640	46,077.000000
21.969550	0.640	45,541.000000
21.980217	0.640	45,782.000000
21.990883	0.640	46,981.000000
22.001550	0.640	47,932.000000
22.012217	0.640	47,801.000000
22.022883	0.640	47,063.000000
22.033550	0.640	46,789.000000
22.044217	0.640	46,782.000000
22.054883	0.640	45,890.000000
22.065550	0.640	44,839.000000
22.076217	0.640	46,174.000000
22.086883	0.640	49,978.000000
22.097550	0.640	52,394.000000
22.108217	0.640	51,435.000000
22.118883	0.640	50,319.000000
22.129550	0.640	51,634.000000
22.140217	0.640	53,583.000000
22.150883	0.640	54,111.000000
22.161550	0.640	54,532.000000
22.172217	0.640	57,048.000000
22.182883	0.640	61,553.000000
22.193550	0.640	67,395.000000
22.204217	0.640	74,312.000000
22.214883	0.640	81,517.000000
22.225550	0.640	89,363.000000
22.236217	0.640	98,713.000000
22.246883	0.640	109,584.000000
22.257550	0.640	122,437.000000
22.268217	0.640	138,316.000000
22.278883	0.640	159,050.000000
22.289550	0.640	185,984.000000
22.300217	0.640	217,732.000000
22.310883	0.640	252,734.000000
22.321550	0.640	293,673.000000
22.332217	0.640	345,360.000000
22.342883	0.640	408,091.000000
22.353550	0.640	480,345.000000
22.364217	0.640	565,724.000000
22.374883	0.640	671,789.000000
22.385550	0.640	806,871.000000
22.396217	0.640	976,297.000000
22.406883	0.640	1,182,510.000000
22.417550	0.640	1,433,596.000000
22.428217	0.640	1,744,408.000000
22.438883	0.640	2,122,332.000000
22.449550	0.640	2,559,172.000000
22.460217	0.640	3,048,610.000000
22.470883	0.640	3,594,181.000000
22.481550	0.640	4,177,123.000000
22.492217	0.640	4,745,045.000000
22.502883	0.640	5,252,022.000000
22.513550	0.640	5,668,800.000000
22.524217	0.640	5,954,545.000000
22.534883	0.640	6,070,469.000000
22.545550	0.640	6,008,999.000000
22.556217	0.640	5,777,544.000000
22.566883	0.640	5,384,589.000000
22.577550	0.640	4,860,276.000000
22.588217	0.640	4,255,970.000000
22.598883	0.640	3,619,756.000000
22.609550	0.640	2,988,174.000000
22.620217	0.640	2,389,201.000000
22.630883	0.640	1,849,544.000000
22.641550	0.640	1,393,531.000000
22.652217	0.640	1,029,058.000000
22.662883	0.640	747,067.000000
22.673550	0.640	535,149.000000
22.684217	0.640	381,827.000000
22.694883	0.640	272,675.000000
22.705550	0.640	194,825.000000
22.716217	0.640	142,039.000000
22.726883	0.640	109,411.000000
22.737550	0.640	89,140.000000
22.748217	0.640	74,261.000000
22.758883	0.640	62,857.000000
22.769550	0.640	56,602.000000
22.780217	0.640	55,065.000000
22.790883	0.640	53,946.000000
22.801550	0.640	51,021.000000
22.812217	0.640	49,068.000000
22.822883	0.640	49,898.000000
22.833550	0.640	51,618.000000
22.844217	0.640	53,096.000000
22.854883	0.640	54,256.000000
22.865550	0.640	54,321.000000
22.876217	0.640	54,470.000000
22.886883	0.640	56,701.000000
22.897550	0.640	60,496.000000
22.908217	0.640	65,145.000000
22.918883	0.640	70,893.000000
22.929550	0.640	77,216.000000
22.940217	0.640	83,838.000000
22.950883	0.640	92,314.000000
22.961550	0.640	105,153.000000
22.972217	0.640	123,230.000000
22.982883	0.640	145,067.000000
22.993550	0.640	169,226.000000
23.004217	0.640	197,854.000000
23.014883	0.640	237,759.000000
23.025550	0.640	293,051.000000
23.036217	0.640	361,352.000000
23.046883	0.640	444,747.000000
23.057550	0.640	553,085.000000
23.068217	0.640	691,239.000000
23.078883	0.640	857,970.000000
23.089550	0.640	1,060,658.000000
23.100217	0.640	1,318,642.000000
23.110883	0.640	1,656,307.000000
23.121550	0.640	2,102,223.000000
23.132217	0.640	2,687,031.000000
23.142883	0.640	3,450,352.000000
23.153550	0.640	4,449,387.000000
23.164217	0.640	5,737,123.000000
23.174883	0.640	7,339,027.000000
23.185550	0.640	9,236,470.000000
23.196217	0.640	11,342,497.000000
23.206883	0.640	13,500,994.000000
23.217550	0.640	15,488,184.000000
23.228217	0.640	17,034,017.000000
23.238883	0.640	17,911,128.000000
23.249550	0.640	17,981,623.000000
23.260217	0.640	17,189,903.000000
23.270883	0.640	15,610,920.000000
23.281550	0.640	13,468,110.000000
23.292217	0.640	11,055,085.000000
23.302883	0.640	8,646,033.000000
23.313550	0.640	6,444,994.000000
23.324217	0.640	4,581,903.000000
23.334883	0.640	3,123,826.000000
23.345550	0.640	2,070,295.000000
23.356217	0.640	1,356,876.000000
23.366883	0.640	889,193.000000
23.377550	0.640	585,810.000000
23.388217	0.640	394,130.000000
23.398883	0.640	281,650.000000
23.409550	0.640	223,054.000000
23.420217	0.640	192,780.000000
23.430883	0.640	173,570.000000
23.441550	0.640	162,246.000000
23.452217	0.640	156,159.000000
23.462883	0.640	149,162.000000
23.473550	0.640	139,688.000000
23.484217	0.640	129,299.000000
23.494883	0.640	119,195.000000
23.505550	0.640	110,419.000000
23.516217	0.640	103,481.000000
23.526883	0.640	98,966.000000
23.537550	0.640	97,999.000000
23.548217	0.640	99,511.000000
23.558883	0.640	100,357.000000
23.569550	0.640	100,140.000000
23.580217	0.640	99,815.000000
23.590883	0.640	97,929.000000
23.601550	0.640	94,251.000000
23.612217	0.640	91,517.000000
23.622883	0.640	89,834.000000
23.633550	0.640	86,015.000000
23.644217	0.640	79,896.000000
23.654883	0.640	74,515.000000
23.665550	0.640	71,338.000000
23.676217	0.640	69,877.000000
23.686883	0.640	68,969.000000
23.697550	0.640	66,819.000000
23.708217	0.640	63,301.000000
23.718883	0.640	61,212.000000
23.729550	0.640	61,685.000000
23.740217	0.640	62,114.000000
23.750883	0.640	61,767.000000
23.761550	0.640	63,447.000000
23.772217	0.640	67,215.000000
23.782883	0.640	68,954.000000
23.793550	0.640	66,903.000000
23.804217	0.640	64,386.000000
23.814883	0.640	64,538.000000
23.825550	0.640	66,011.000000
23.836217	0.640	66,161.000000
23.846883	0.640	65,374.000000
23.857550	0.640	65,583.000000
23.868217	0.640	66,550.000000
23.878883	0.640	65,806.000000
23.889550	0.640	63,168.000000
23.900217	0.640	62,215.000000
23.910883	0.640	64,115.000000
23.921550	0.640	65,840.000000
23.932217	0.640	67,076.000000
23.942883	0.640	70,431.000000
23.953550	0.640	74,447.000000
23.964217	0.640	75,585.000000
23.974883	0.640	75,579.000000
23.985550	0.640	78,881.000000
23.996217	0.640	85,254.000000
24.006883	0.640	91,168.000000
24.017550	0.640	95,639.000000
24.028217	0.640	99,075.000000
24.038883	0.640	99,656.000000
24.049550	0.640	96,368.000000
24.060217	0.640	92,600.000000
24.070883	0.640	92,232.000000
24.081550	0.640	94,903.000000
24.092217	0.640	97,414.000000
24.102883	0.640	96,886.000000
24.113550	0.640	92,491.000000
24.124217	0.640	86,357.000000
24.134883	0.640	81,874.000000
24.145550	0.640	79,683.000000
24.156217	0.640	77,323.000000
24.166883	0.640	74,251.000000
24.177550	0.640	73,017.000000
24.188217	0.640	73,986.000000
24.198883	0.640	74,203.000000
24.209550	0.640	72,548.000000
24.220217	0.640	71,723.000000
24.230883	0.640	73,966.000000
24.241550	0.640	77,749.000000
24.252217	0.640	80,846.000000
24.262883	0.640	83,636.000000
24.273550	0.640	86,970.000000
24.284217	0.640	91,358.000000
24.294883	0.640	99,149.000000
24.305550	0.640	111,120.000000
24.316217	0.640	122,526.000000
24.326883	0.640	128,781.000000
24.337550	0.640	131,664.000000
24.348217	0.640	134,487.000000
24.358883	0.640	136,931.000000
24.369550	0.640	141,025.000000
24.380217	0.640	154,168.000000
24.390883	0.640	184,386.000000
24.401550	0.640	241,313.000000
24.412217	0.640	340,108.000000
24.422883	0.640	503,239.000000
24.433550	0.640	761,953.000000
24.444217	0.640	1,162,051.000000
24.454883	0.640	1,774,182.000000
24.465550	0.640	2,712,098.000000
24.476217	0.640	4,178,947.000000
24.486883	0.640	6,513,869.000000
24.497550	0.640	10,171,924.000000
24.508217	0.640	15,557,080.000000
24.518883	0.640	22,641,441.000000
24.529550	0.640	30,506,437.000000
24.540217	0.640	37,225,292.000000
24.550883	0.640	40,526,737.000000
24.561550	0.640	39,054,012.000000
24.572217	0.640	33,246,316.000000
24.582883	0.640	25,082,954.000000
24.593550	0.640	16,935,128.000000
24.604217	0.640	10,428,205.000000
24.614883	0.640	6,043,956.000000
24.625550	0.640	3,449,093.000000
24.636217	0.640	2,029,232.000000
24.646883	0.640	1,256,425.000000
24.657550	0.640	813,317.000000
24.668217	0.640	544,842.000000
24.678883	0.640	378,312.000000
24.689550	0.640	276,817.000000
24.700217	0.640	215,374.000000
24.710883	0.640	177,024.000000
24.721550	0.640	154,751.000000
24.732217	0.640	144,954.000000
24.742883	0.640	142,881.000000
24.753550	0.640	145,931.000000
24.764217	0.640	153,473.000000
24.774883	0.640	162,166.000000
24.785550	0.640	166,490.000000
24.796217	0.640	163,874.000000
24.806883	0.640	156,413.000000
24.817550	0.640	148,466.000000
24.828217	0.640	144,269.000000
24.838883	0.640	146,182.000000
24.849550	0.640	153,247.000000
24.860217	0.640	162,031.000000
24.870883	0.640	172,091.000000
24.881550	0.640	188,656.000000
24.892217	0.640	215,111.000000
24.902883	0.640	250,990.000000
24.913550	0.640	304,082.000000
24.924217	0.640	391,909.000000
24.934883	0.640	533,963.000000
24.945550	0.640	769,745.000000
24.956217	0.640	1,198,270.000000
24.966883	0.640	2,027,646.000000
24.977550	0.640	3,637,548.000000
24.988217	0.640	6,488,067.000000
24.998883	0.640	10,585,300.000000
25.009550	0.640	14,813,463.000000
25.020217	0.640	17,202,901.000000
25.030883	0.640	16,391,401.000000
25.041550	0.640	12,838,595.000000
25.052217	0.640	8,423,369.000000
25.062883	0.640	4,899,688.000000
25.073550	0.640	2,844,185.000000
25.084217	0.640	1,872,786.000000
25.094883	0.640	1,408,701.000000
25.105550	0.640	1,113,711.000000
25.116217	0.640	885,791.000000
25.126883	0.640	724,114.000000
25.137550	0.640	643,269.000000
25.148217	0.640	644,194.000000
25.158883	0.640	708,560.000000
25.169550	0.640	799,363.000000
25.180217	0.640	862,437.000000
25.190883	0.640	845,300.000000
25.201550	0.640	733,293.000000
25.212217	0.640	563,816.000000
25.222883	0.640	397,697.000000
25.233550	0.640	276,730.000000
25.244217	0.640	206,151.000000
25.254883	0.640	168,859.000000
25.265550	0.640	147,346.000000
25.276217	0.640	132,789.000000
25.286883	0.640	122,573.000000
25.297550	0.640	115,436.000000
25.308217	0.640	109,416.000000
25.318883	0.640	103,858.000000
25.329550	0.640	101,014.000000
25.340217	0.640	101,631.000000
25.350883	0.640	102,221.000000
25.361550	0.640	100,789.000000
25.372217	0.640	100,316.000000
25.382883	0.640	105,015.000000
25.393550	0.640	116,575.000000
25.404217	0.640	135,922.000000
25.414883	0.640	170,752.000000
25.425550	0.640	236,195.000000
25.436217	0.640	338,271.000000
25.446883	0.640	456,550.000000
25.457550	0.640	552,912.000000
25.468217	0.640	596,860.000000
25.478883	0.640	576,681.000000
25.489550	0.640	501,712.000000
25.500217	0.640	402,228.000000
25.510883	0.640	315,804.000000
25.521550	0.640	270,363.000000
25.532217	0.640	278,005.000000
25.542883	0.640	339,617.000000
25.553550	0.640	444,418.000000
25.564217	0.640	557,804.000000
25.574883	0.640	626,686.000000
25.585550	0.640	612,186.000000
25.596217	0.640	519,239.000000
25.606883	0.640	393,418.000000
25.617550	0.640	285,434.000000
25.628217	0.640	218,996.000000
25.638883	0.640	187,752.000000
25.649550	0.640	172,828.000000
25.660217	0.640	160,126.000000
25.670883	0.640	144,797.000000
25.681550	0.640	128,210.000000
25.692217	0.640	114,321.000000
25.702883	0.640	105,573.000000
25.713550	0.640	100,973.000000
25.724217	0.640	97,841.000000
25.734883	0.640	95,199.000000
25.745550	0.640	94,374.000000
25.756217	0.640	94,976.000000
25.766883	0.640	94,920.000000
25.777550	0.640	95,374.000000
25.788217	0.640	98,107.000000
25.798883	0.640	101,017.000000
25.809550	0.640	103,349.000000
25.820217	0.640	107,524.000000
25.830883	0.640	113,725.000000
25.841550	0.640	121,120.000000
25.852217	0.640	132,112.000000
25.862883	0.640	151,011.000000
25.873550	0.640	182,489.000000
25.884217	0.640	235,813.000000
25.894883	0.640	328,509.000000
25.905550	0.640	490,220.000000
25.916217	0.640	788,969.000000
25.926883	0.640	1,386,544.000000
25.937550	0.640	2,557,474.000000
25.948217	0.640	4,542,807.000000
25.958883	0.640	7,206,667.000000
25.969550	0.640	9,768,613.000000
25.980217	0.640	11,075,525.000000
25.990883	0.640	10,422,683.000000
26.001550	0.640	8,162,942.000000
26.012217	0.640	5,416,623.000000
26.022883	0.640	3,204,497.000000
26.033550	0.640	1,902,592.000000
26.044217	0.640	1,369,117.000000
26.054883	0.640	1,376,638.000000
26.065550	0.640	1,881,717.000000
26.076217	0.640	2,932,298.000000
26.086883	0.640	4,318,394.000000
26.097550	0.640	5,377,236.000000
26.108217	0.640	5,371,516.000000
26.118883	0.640	4,184,031.000000
26.129550	0.640	2,496,313.000000
26.140217	0.640	1,162,499.000000
26.150883	0.640	509,052.000000
26.161550	0.640	317,076.000000
26.172217	0.640	272,978.000000
26.182883	0.640	236,022.000000
26.193550	0.640	192,928.000000
26.204217	0.640	156,783.000000
26.214883	0.640	134,643.000000
26.225550	0.640	126,995.000000
26.236217	0.640	129,576.000000
26.246883	0.640	139,188.000000
26.257550	0.640	157,195.000000
26.268217	0.640	180,908.000000
26.278883	0.640	195,255.000000
26.289550	0.640	186,658.000000
26.300217	0.640	161,783.000000
26.310883	0.640	140,186.000000
26.321550	0.640	132,743.000000
26.332217	0.640	134,616.000000
26.342883	0.640	136,155.000000
26.353550	0.640	134,012.000000
26.364217	0.640	131,083.000000
26.374883	0.640	130,248.000000
26.385550	0.640	131,055.000000
26.396217	0.640	131,870.000000
26.406883	0.640	132,593.000000
26.417550	0.640	133,700.000000
26.428217	0.640	135,719.000000
26.438883	0.640	141,529.000000
26.449550	0.640	155,330.000000
26.460217	0.640	180,687.000000
26.470883	0.640	222,171.000000
26.481550	0.640	284,019.000000
26.492217	0.640	361,512.000000
26.502883	0.640	427,224.000000
26.513550	0.640	436,644.000000
26.524217	0.640	372,483.000000
26.534883	0.640	273,729.000000
26.545550	0.640	199,036.000000
26.556217	0.640	171,224.000000
26.566883	0.640	168,699.000000
26.577550	0.640	163,842.000000
26.588217	0.640	154,519.000000
26.598883	0.640	152,455.000000
26.609550	0.640	158,377.000000
26.620217	0.640	161,983.000000
26.630883	0.640	156,042.000000
26.641550	0.640	142,247.000000
26.652217	0.640	127,760.000000
26.662883	0.640	118,111.000000
26.673550	0.640	113,599.000000
26.684217	0.640	113,820.000000
26.694883	0.640	123,284.000000
26.705550	0.640	148,145.000000
26.716217	0.640	182,141.000000
26.726883	0.640	205,516.000000
26.737550	0.640	208,950.000000
26.748217	0.640	200,467.000000
26.758883	0.640	187,489.000000
26.769550	0.640	174,537.000000
26.780217	0.640	169,718.000000
26.790883	0.640	177,830.000000
26.801550	0.640	193,729.000000
26.812217	0.640	210,493.000000
26.822883	0.640	235,082.000000
26.833550	0.640	291,268.000000
26.844217	0.640	395,405.000000
26.854883	0.640	522,512.000000
26.865550	0.640	610,627.000000
26.876217	0.640	612,792.000000
26.886883	0.640	540,530.000000
26.897550	0.640	459,278.000000
26.908217	0.640	440,320.000000
26.918883	0.640	487,767.000000
26.929550	0.640	523,446.000000
26.940217	0.640	485,034.000000
26.950883	0.640	400,271.000000
26.961550	0.640	331,231.000000
26.972217	0.640	300,333.000000
26.982883	0.640	291,725.000000
26.993550	0.640	290,729.000000
27.004217	0.640	300,478.000000
27.014883	0.640	328,670.000000
27.025550	0.640	389,782.000000
27.036217	0.640	497,262.000000
27.046883	0.640	607,990.000000
27.057550	0.640	649,078.000000
27.068217	0.640	639,458.000000
27.078883	0.640	653,145.000000
27.089550	0.640	669,999.000000
27.100217	0.640	628,310.000000
27.110883	0.640	566,514.000000
27.121550	0.640	572,103.000000
27.132217	0.640	693,890.000000
27.142883	0.640	1,024,229.000000
27.153550	0.640	1,633,845.000000
27.164217	0.640	2,214,497.000000
27.174883	0.640	2,233,496.000000
27.185550	0.640	1,700,033.000000
27.196217	0.640	1,191,411.000000
27.206883	0.640	1,051,354.000000
27.217550	0.640	1,152,715.000000
27.228217	0.640	1,349,451.000000
27.238883	0.640	1,755,445.000000
27.249550	0.640	2,841,201.000000
27.260217	0.640	5,304,093.000000
27.270883	0.640	8,679,558.000000
27.281550	0.640	10,290,334.000000
27.292217	0.640	8,109,657.000000
27.302883	0.640	3,993,627.000000
27.313550	0.640	1,226,598.000000
27.324217	0.640	545,869.000000
27.334883	0.640	662,892.000000
27.345550	0.640	655,131.000000
27.356217	0.640	498,500.000000
27.366883	0.640	410,162.000000
27.377550	0.640	459,792.000000
27.388217	0.640	566,503.000000
27.398883	0.640	601,489.000000
27.409550	0.640	524,653.000000
27.420217	0.640	421,677.000000
27.430883	0.640	366,181.000000
27.441550	0.640	336,406.000000
27.452217	0.640	297,794.000000
27.462883	0.640	262,710.000000
27.473550	0.640	253,737.000000
27.484217	0.640	269,529.000000
27.494883	0.640	294,589.000000
27.505550	0.640	326,928.000000
27.516217	0.640	377,956.000000
27.526883	0.640	430,553.000000
27.537550	0.640	432,962.000000
27.548217	0.640	372,070.000000
27.558883	0.640	305,696.000000
27.569550	0.640	285,122.000000
27.580217	0.640	301,970.000000
27.590883	0.640	325,899.000000
27.601550	0.640	341,318.000000
27.612217	0.640	348,649.000000
27.622883	0.640	359,049.000000
27.633550	0.640	384,299.000000
27.644217	0.640	428,920.000000
27.654883	0.640	497,273.000000
27.665550	0.640	594,766.000000
27.676217	0.640	702,955.000000
27.686883	0.640	769,333.000000
27.697550	0.640	744,501.000000
27.708217	0.640	619,182.000000
27.718883	0.640	435,518.000000
27.729550	0.640	273,614.000000
27.740217	0.640	199,070.000000
27.750883	0.640	239,893.000000
27.761550	0.640	419,601.000000
27.772217	0.640	697,529.000000
27.782883	0.640	871,300.000000
27.793550	0.640	754,963.000000
27.804217	0.640	448,401.000000
27.814883	0.640	206,006.000000
27.825550	0.640	123,254.000000
27.836217	0.640	123,566.000000
27.846883	0.640	129,411.000000
27.857550	0.640	127,325.000000
27.868217	0.640	127,822.000000
27.878883	0.640	130,818.000000
27.889550	0.640	131,210.000000
27.900217	0.640	131,336.000000
27.910883	0.640	135,774.000000
27.921550	0.640	143,359.000000
27.932217	0.640	150,701.000000
27.942883	0.640	157,418.000000
27.953550	0.640	164,450.000000
27.964217	0.640	172,132.000000
27.974883	0.640	181,804.000000
27.985550	0.640	193,784.000000
27.996217	0.640	204,660.000000
28.006883	0.640	210,451.000000
28.017550	0.640	209,039.000000
28.028217	0.640	202,520.000000
28.038883	0.640	198,087.000000
28.049550	0.640	201,253.000000
28.060217	0.640	211,997.000000
28.070883	0.640	226,064.000000
28.081550	0.640	234,841.000000
28.092217	0.640	229,486.000000
28.102883	0.640	208,754.000000
28.113550	0.640	181,141.000000
28.124217	0.640	157,918.000000
28.134883	0.640	143,845.000000
28.145550	0.640	135,771.000000
28.156217	0.640	128,986.000000
28.166883	0.640	122,903.000000
28.177550	0.640	119,842.000000
28.188217	0.640	120,555.000000
28.198883	0.640	125,350.000000
28.209550	0.640	137,155.000000
28.220217	0.640	157,645.000000
28.230883	0.640	180,643.000000
28.241550	0.640	193,321.000000
28.252217	0.640	186,506.000000
28.262883	0.640	163,609.000000
28.273550	0.640	137,864.000000
28.284217	0.640	121,016.000000
28.294883	0.640	115,936.000000
28.305550	0.640	118,142.000000
28.316217	0.640	120,625.000000
28.326883	0.640	118,811.000000
28.337550	0.640	114,543.000000
28.348217	0.640	112,873.000000
28.358883	0.640	117,094.000000
28.369550	0.640	128,986.000000
28.380217	0.640	144,843.000000
28.390883	0.640	152,240.000000
28.401550	0.640	142,409.000000
28.412217	0.640	122,598.000000
28.422883	0.640	107,046.000000
28.433550	0.640	101,437.000000
28.444217	0.640	102,335.000000
28.454883	0.640	105,070.000000
28.465550	0.640	107,955.000000
28.476217	0.640	111,888.000000
28.486883	0.640	116,879.000000
28.497550	0.640	120,753.000000
28.508217	0.640	123,317.000000
28.518883	0.640	126,797.000000
28.529550	0.640	130,689.000000
28.540217	0.640	133,607.000000
28.550883	0.640	138,711.000000
28.561550	0.640	149,473.000000
28.572217	0.640	164,473.000000
28.582883	0.640	185,074.000000
28.593550	0.640	221,581.000000
28.604217	0.640	275,928.000000
28.614883	0.640	321,479.000000
28.625550	0.640	319,276.000000
28.636217	0.640	260,570.000000
28.646883	0.640	180,430.000000
28.657550	0.640	119,346.000000
28.668217	0.640	86,413.000000
28.678883	0.640	68,695.000000
28.689550	0.640	55,528.000000
28.700217	0.640	45,158.000000
28.710883	0.640	44,245.000000
28.721550	0.640	61,326.000000
28.732217	0.640	82,910.000000
28.742883	0.640	78,387.000000
28.753550	0.640	47,613.000000
28.764217	0.640	21,861.000000
28.774883	0.640	15,821.000000
28.785550	0.640	18,561.000000
28.796217	0.640	19,572.000000
28.806883	0.640	18,191.000000
28.817550	0.640	16,556.000000
28.828217	0.640	15,562.000000
28.838883	0.640	14,485.000000
28.849550	0.640	12,773.000000
28.860217	0.640	12,068.000000
28.870883	0.640	12,920.000000
28.881550	0.640	12,818.000000
28.892217	0.640	10,487.000000
28.902883	0.640	7,931.000000
28.913550	0.640	7,122.000000
28.924217	0.640	7,514.000000
28.934883	0.640	7,663.000000
28.945550	0.640	7,597.000000
28.956217	0.640	8,004.000000
28.966883	0.640	8,059.000000
28.977550	0.640	6,551.000000
28.988217	0.640	4,754.000000
28.998883	0.640	4,743.000000
29.009550	0.640	5,910.000000
29.020217	0.640	6,194.000000
29.030883	0.640	5,081.000000
29.041550	0.640	3,958.000000
29.052217	0.640	3,902.000000
29.062883	0.640	4,066.000000
29.073550	0.640	3,425.000000
29.084217	0.640	2,284.000000
29.094883	0.640	1,149.000000
29.105550	0.640	626.000000
29.116217	0.640	1,424.000000
29.126883	0.640	2,601.000000
29.137550	0.640	2,698.000000
29.148217	0.640	2,379.000000
29.158883	0.640	2,609.000000
29.169550	0.640	2,677.000000
29.180217	0.640	1,809.000000
29.190883	0.640	672.000000
29.201550	0.640	494.000000
29.212217	0.640	1,180.000000
29.222883	0.640	1,948.000000
29.233550	0.640	2,310.000000
29.244217	0.640	1,890.000000
29.254883	0.640	1,578.000000
29.265550	0.640	2,201.000000
29.276217	0.640	2,591.000000
29.286883	0.640	2,151.000000
29.297550	0.640	1,965.000000
29.308217	0.640	2,201.000000
29.318883	0.640	1,603.000000
29.329550	0.640	114.000000
29.340217	0.640	-386.000000
29.350883	0.640	652.000000
29.361550	0.640	1,442.000000
29.372217	0.640	1,214.000000
29.382883	0.640	522.000000
29.393550	0.640	-697.000000
29.404217	0.640	-1,492.000000
29.414883	0.640	-211.000000
29.425550	0.640	2,093.000000
29.436217	0.640	2,922.000000
29.446883	0.640	1,886.000000
29.457550	0.640	375.000000
29.468217	0.640	-680.000000
29.478883	0.640	-1,272.000000
29.489550	0.640	-1,167.000000
29.500217	0.640	-89.000000
29.510883	0.640	820.000000
29.521550	0.640	434.000000
29.532217	0.640	-287.000000
29.542883	0.640	-116.000000
29.553550	0.640	395.000000
29.564217	0.640	484.000000
29.574883	0.640	635.000000
29.585550	0.640	694.000000
29.596217	0.640	-85.000000
29.606883	0.640	-657.000000
29.617550	0.640	289.000000
29.628217	0.640	1,948.000000
29.638883	0.640	2,639.000000
29.649550	0.640	2,119.000000
29.660217	0.640	1,655.000000
29.670883	0.640	1,883.000000
29.681550	0.640	2,210.000000
29.692217	0.640	2,031.000000
29.702883	0.640	1,264.000000
29.713550	0.640	420.000000
29.724217	0.640	-101.000000
29.734883	0.640	-575.000000
29.745550	0.640	-1,173.000000
29.756217	0.640	-1,414.000000
29.766883	0.640	-1,038.000000
29.777550	0.640	-378.000000
29.788217	0.640	422.000000
29.798883	0.640	791.000000
29.809550	0.640	152.000000
29.820217	0.640	-531.000000
29.830883	0.640	-450.000000
29.841550	0.640	81.000000
29.852217	0.640	519.000000
29.862883	0.640	590.000000
29.873550	0.640	1,015.000000
29.884217	0.640	1,770.000000
29.894883	0.640	1,285.000000
29.905550	0.640	-3.000000
29.916217	0.640	244.000000
29.926883	0.640	1,837.000000
29.937550	0.640	2,492.000000
29.948217	0.640	1,887.000000
29.958883	0.640	1,161.000000
29.969550	0.640	351.000000
29.980217	0.640	-575.000000
29.990883	0.640	-1,131.000000
30.001550	0.640	-1,499.000000
