File Path	chrom://nnfcb-l0495/ChromeleonLocal/20180320_AA_Lars Nielsen samples Vienna_lbpet.seq/195.smp/Emission_2.channel/Emission_2.chm
Channel	Emission_2

Injection Information:
Data Vault	ChromeleonLocal
Injection	20180320_Lars Nielsen samples Vienna_dx20_BA10
Injection Number	23
Position	BA10
Comment	
Processing Method	20171024_Calculated with IS_lbpet
Instrument Method	20161104_AA_GeminiC18_FinalVer7
Type	Unknown
Status	Finished
Injection Date	20-03-2018
Injection Time	23:46:39
Injection Volume (µl)	56.500
Dilution Factor	1.0000
Weight	1.0000

Raw Data Information:
Time Min. (min)	0.007783
Time Max. (min)	30.005450
Data Points	2861
Detector	FLD
Exporting Data System	Chromeleon 7.1.2.1478
Operator	
Signal Quantity	
Signal Unit	counts
Signal Min.	-20,481.000000
Signal Max.	231,068,103.000000
Channel	Emission_2
Driver Name	FLD3000.dll
Channel Type	Evaluation
Min. Step (s)	0.010
Max. Step (s)	0.820
Average Step (s)	0.629

Signal Parameter Information:
Signal Info	266 nm /305 nm

Raw Data:
Time (min)	Step (s)	Value (counts)
0.007783	0.000	0.000000
0.021450	0.820	0.000000
0.032117	0.640	0.000000
0.042783	0.640	382.000000
0.053450	0.640	3,957.000000
0.064117	0.640	6,685.000000
0.074783	0.640	5,493.000000
0.085450	0.640	3,901.000000
0.096117	0.640	3,089.000000
0.106783	0.640	2,802.000000
0.117450	0.640	5,273.000000
0.128117	0.640	8,864.000000
0.138783	0.640	8,565.000000
0.149450	0.640	5,176.000000
0.160117	0.640	4,289.000000
0.170783	0.640	6,546.000000
0.181450	0.640	7,339.000000
0.192117	0.640	3,925.000000
0.202783	0.640	-2,519.000000
0.213450	0.640	-7,706.000000
0.224117	0.640	-8,256.000000
0.234783	0.640	-7,036.000000
0.245450	0.640	-7,713.000000
0.256117	0.640	-9,045.000000
0.266783	0.640	-9,806.000000
0.277450	0.640	-9,359.000000
0.288117	0.640	-5,872.000000
0.298783	0.640	-637.000000
0.309450	0.640	1,663.000000
0.320117	0.640	-771.000000
0.330783	0.640	-2,845.000000
0.341450	0.640	-941.000000
0.352117	0.640	802.000000
0.362783	0.640	1,801.000000
0.373450	0.640	5,182.000000
0.384117	0.640	6,918.000000
0.394783	0.640	3,395.000000
0.405450	0.640	-1,314.000000
0.416117	0.640	-2,926.000000
0.426783	0.640	-1,830.000000
0.437450	0.640	-1,007.000000
0.448117	0.640	-2,055.000000
0.458783	0.640	-4,154.000000
0.469450	0.640	-7,274.000000
0.480117	0.640	-10,475.000000
0.490783	0.640	-8,495.000000
0.501450	0.640	612.000000
0.512117	0.640	8,942.000000
0.522783	0.640	7,639.000000
0.533450	0.640	-800.000000
0.544117	0.640	-5,894.000000
0.554783	0.640	-4,203.000000
0.565450	0.640	-1,945.000000
0.576117	0.640	-3,859.000000
0.586783	0.640	-7,129.000000
0.597450	0.640	-5,927.000000
0.608117	0.640	-842.000000
0.618783	0.640	676.000000
0.629450	0.640	-2,915.000000
0.640117	0.640	-5,058.000000
0.650783	0.640	-3,073.000000
0.661450	0.640	370.000000
0.672117	0.640	1,332.000000
0.682783	0.640	-1,827.000000
0.693450	0.640	-3,414.000000
0.704117	0.640	598.000000
0.714783	0.640	5,261.000000
0.725450	0.640	5,582.000000
0.736117	0.640	2,069.000000
0.746783	0.640	-1,176.000000
0.757450	0.640	-1,521.000000
0.768117	0.640	-1,366.000000
0.778783	0.640	-3,357.000000
0.789450	0.640	-5,970.000000
0.800117	0.640	-4,972.000000
0.810783	0.640	2,471.000000
0.821450	0.640	10,823.000000
0.832117	0.640	10,999.000000
0.842783	0.640	5,032.000000
0.853450	0.640	908.000000
0.864117	0.640	-28.000000
0.874783	0.640	-589.000000
0.885450	0.640	-2,458.000000
0.896117	0.640	-4,067.000000
0.906783	0.640	-3,486.000000
0.917450	0.640	-2,605.000000
0.928117	0.640	-2,287.000000
0.938783	0.640	-1,160.000000
0.949450	0.640	-771.000000
0.960117	0.640	-1,209.000000
0.970783	0.640	991.000000
0.981450	0.640	4,468.000000
0.992117	0.640	3,371.000000
1.002783	0.640	-2,347.000000
1.013450	0.640	-5,595.000000
1.024117	0.640	-1,621.000000
1.034783	0.640	4,756.000000
1.045450	0.640	3,034.000000
1.056117	0.640	-6,872.000000
1.066783	0.640	-11,482.000000
1.077450	0.640	-5,280.000000
1.088117	0.640	1,662.000000
1.098783	0.640	1,529.000000
1.109450	0.640	-2,732.000000
1.120117	0.640	-6,168.000000
1.130783	0.640	-7,330.000000
1.141450	0.640	-5,865.000000
1.152117	0.640	-1,849.000000
1.162783	0.640	847.000000
1.173450	0.640	-1,841.000000
1.184117	0.640	-7,659.000000
1.194783	0.640	-11,953.000000
1.205450	0.640	-12,309.000000
1.216117	0.640	-8,672.000000
1.226783	0.640	-4,224.000000
1.237450	0.640	-3,137.000000
1.248117	0.640	-4,735.000000
1.258783	0.640	-4,929.000000
1.269450	0.640	-4,042.000000
1.280117	0.640	-4,141.000000
1.290783	0.640	-3,491.000000
1.301450	0.640	-1,936.000000
1.312117	0.640	-1,719.000000
1.322783	0.640	-3,323.000000
1.333450	0.640	-6,917.000000
1.344117	0.640	-9,562.000000
1.354783	0.640	-7,316.000000
1.365450	0.640	-4,574.000000
1.376117	0.640	-6,377.000000
1.386783	0.640	-8,486.000000
1.397450	0.640	-6,001.000000
1.408117	0.640	-2,537.000000
1.418783	0.640	-3,344.000000
1.429450	0.640	-4,636.000000
1.440117	0.640	-1,921.000000
1.450783	0.640	295.000000
1.461450	0.640	-1,125.000000
1.472117	0.640	-2,769.000000
1.482783	0.640	-3,690.000000
1.493450	0.640	-5,349.000000
1.504117	0.640	-4,546.000000
1.514783	0.640	725.000000
1.525450	0.640	5,702.000000
1.536117	0.640	7,300.000000
1.546783	0.640	5,317.000000
1.557450	0.640	-163.000000
1.568117	0.640	-3,650.000000
1.578783	0.640	-1,183.000000
1.589450	0.640	2,715.000000
1.600117	0.640	5,284.000000
1.610783	0.640	6,469.000000
1.621450	0.640	4,042.000000
1.632117	0.640	145.000000
1.642783	0.640	-1,524.000000
1.653450	0.640	-2,879.000000
1.664117	0.640	-4,161.000000
1.674783	0.640	-1,813.000000
1.685450	0.640	2,479.000000
1.696117	0.640	3,786.000000
1.706783	0.640	2,768.000000
1.717450	0.640	3,174.000000
1.728117	0.640	5,578.000000
1.738783	0.640	7,978.000000
1.749450	0.640	7,607.000000
1.760117	0.640	2,853.000000
1.770783	0.640	-2,792.000000
1.781450	0.640	-4,172.000000
1.792117	0.640	-2,534.000000
1.802783	0.640	-2,929.000000
1.813450	0.640	-5,407.000000
1.824117	0.640	-5,242.000000
1.834783	0.640	-2,148.000000
1.845450	0.640	-1,272.000000
1.856117	0.640	-3,641.000000
1.866783	0.640	-5,657.000000
1.877450	0.640	-5,938.000000
1.888117	0.640	-5,090.000000
1.898783	0.640	-4,933.000000
1.909450	0.640	-8,390.000000
1.920117	0.640	-12,663.000000
1.930783	0.640	-12,185.000000
1.941450	0.640	-8,043.000000
1.952117	0.640	-2,175.000000
1.962783	0.640	4,945.000000
1.973450	0.640	10,017.000000
1.984117	0.640	12,019.000000
1.994783	0.640	13,621.000000
2.005450	0.640	15,960.000000
2.016117	0.640	16,371.000000
2.026783	0.640	11,607.000000
2.037450	0.640	4,464.000000
2.048117	0.640	2,108.000000
2.058783	0.640	3,781.000000
2.069450	0.640	2,040.000000
2.080117	0.640	-2,978.000000
2.090783	0.640	-6,395.000000
2.101450	0.640	-7,586.000000
2.112117	0.640	-7,700.000000
2.122783	0.640	-6,214.000000
2.133450	0.640	-2,163.000000
2.144117	0.640	2,021.000000
2.154783	0.640	4,252.000000
2.165450	0.640	7,440.000000
2.176117	0.640	12,361.000000
2.186783	0.640	14,107.000000
2.197450	0.640	9,153.000000
2.208117	0.640	2,153.000000
2.218783	0.640	759.000000
2.229450	0.640	3,109.000000
2.240117	0.640	2,921.000000
2.250783	0.640	1,745.000000
2.261450	0.640	3,845.000000
2.272117	0.640	9,092.000000
2.282783	0.640	13,903.000000
2.293450	0.640	13,632.000000
2.304117	0.640	6,801.000000
2.314783	0.640	-1,285.000000
2.325450	0.640	-2,112.000000
2.336117	0.640	4,961.000000
2.346783	0.640	11,306.000000
2.357450	0.640	11,834.000000
2.368117	0.640	10,056.000000
2.378783	0.640	9,913.000000
2.389450	0.640	9,690.000000
2.400117	0.640	5,725.000000
2.410783	0.640	-974.000000
2.421450	0.640	-4,121.000000
2.432167	0.643	-20.000000
2.442783	0.637	6,380.000000
2.453450	0.640	8,156.000000
2.464117	0.640	4,525.000000
2.474783	0.640	1,080.000000
2.485450	0.640	2,853.000000
2.496117	0.640	6,287.000000
2.506783	0.640	6,375.000000
2.517450	0.640	4,603.000000
2.528117	0.640	2,748.000000
2.538783	0.640	671.000000
2.549450	0.640	-1,205.000000
2.560117	0.640	-243.000000
2.570783	0.640	5,179.000000
2.581450	0.640	8,981.000000
2.592117	0.640	5,517.000000
2.602783	0.640	-384.000000
2.613450	0.640	-1,441.000000
2.624117	0.640	1,499.000000
2.634783	0.640	3,187.000000
2.645450	0.640	2,531.000000
2.656117	0.640	478.000000
2.666783	0.640	-2,619.000000
2.677450	0.640	-4,215.000000
2.688117	0.640	-2,967.000000
2.698783	0.640	-81.000000
2.709450	0.640	3,315.000000
2.720117	0.640	3,838.000000
2.730783	0.640	391.000000
2.741450	0.640	-1,777.000000
2.752117	0.640	-364.000000
2.762783	0.640	608.000000
2.773450	0.640	-1,645.000000
2.784117	0.640	-4,450.000000
2.794783	0.640	-3,980.000000
2.805450	0.640	-938.000000
2.816117	0.640	1,392.000000
2.826783	0.640	1,529.000000
2.837450	0.640	1,546.000000
2.848117	0.640	3,395.000000
2.858783	0.640	3,172.000000
2.869450	0.640	-463.000000
2.880117	0.640	289.000000
2.890783	0.640	7,075.000000
2.901450	0.640	10,438.000000
2.912117	0.640	6,702.000000
2.922783	0.640	2,494.000000
2.933450	0.640	3,013.000000
2.944117	0.640	5,578.000000
2.954783	0.640	5,146.000000
2.965450	0.640	2,863.000000
2.976117	0.640	3,831.000000
2.986783	0.640	8,212.000000
2.997450	0.640	10,389.000000
3.008117	0.640	6,021.000000
3.018783	0.640	-1,090.000000
3.029450	0.640	-3,388.000000
3.040117	0.640	-1,532.000000
3.050783	0.640	-316.000000
3.061450	0.640	927.000000
3.072117	0.640	1,768.000000
3.082783	0.640	259.000000
3.093450	0.640	511.000000
3.104117	0.640	4,796.000000
3.114783	0.640	9,031.000000
3.125450	0.640	10,398.000000
3.136117	0.640	9,010.000000
3.146783	0.640	7,511.000000
3.157450	0.640	7,288.000000
3.168117	0.640	4,863.000000
3.178783	0.640	-168.000000
3.189450	0.640	-3,027.000000
3.200117	0.640	-1,602.000000
3.210783	0.640	1,244.000000
3.221450	0.640	1,101.000000
3.232117	0.640	-1,858.000000
3.242783	0.640	-3,545.000000
3.253450	0.640	-3,799.000000
3.264117	0.640	-3,340.000000
3.274783	0.640	80.000000
3.285450	0.640	4,730.000000
3.296117	0.640	6,867.000000
3.306783	0.640	6,711.000000
3.317450	0.640	5,051.000000
3.328117	0.640	2,620.000000
3.338783	0.640	1,381.000000
3.349450	0.640	1,706.000000
3.360117	0.640	2,138.000000
3.370783	0.640	1,658.000000
3.381450	0.640	-327.000000
3.392117	0.640	-2,678.000000
3.402783	0.640	-1,860.000000
3.413450	0.640	904.000000
3.424117	0.640	65.000000
3.434783	0.640	-3,168.000000
3.445450	0.640	-3,562.000000
3.456117	0.640	-1,738.000000
3.466783	0.640	-1,584.000000
3.477450	0.640	-3,290.000000
3.488117	0.640	-3,750.000000
3.498783	0.640	-2,109.000000
3.509450	0.640	-1,037.000000
3.520117	0.640	-2,565.000000
3.530783	0.640	-6,193.000000
3.541450	0.640	-9,553.000000
3.552117	0.640	-10,021.000000
3.562783	0.640	-7,695.000000
3.573450	0.640	-4,459.000000
3.584117	0.640	-793.000000
3.594783	0.640	2,781.000000
3.605450	0.640	3,085.000000
3.616117	0.640	-1,600.000000
3.626783	0.640	-6,456.000000
3.637450	0.640	-7,086.000000
3.648117	0.640	-5,141.000000
3.658783	0.640	-1,774.000000
3.669450	0.640	2,004.000000
3.680117	0.640	2,667.000000
3.690783	0.640	-850.000000
3.701450	0.640	-6,753.000000
3.712117	0.640	-10,282.000000
3.722783	0.640	-5,713.000000
3.733450	0.640	4,013.000000
3.744117	0.640	9,840.000000
3.754783	0.640	9,201.000000
3.765450	0.640	5,795.000000
3.776117	0.640	2,256.000000
3.786783	0.640	-1,480.000000
3.797450	0.640	-5,013.000000
3.808117	0.640	-5,828.000000
3.818783	0.640	-4,364.000000
3.829450	0.640	-4,232.000000
3.840117	0.640	-4,868.000000
3.850783	0.640	-3,131.000000
3.861450	0.640	33.000000
3.872117	0.640	865.000000
3.882783	0.640	-1,625.000000
3.893450	0.640	-4,036.000000
3.904117	0.640	-4,001.000000
3.914783	0.640	-2,767.000000
3.925450	0.640	334.000000
3.936117	0.640	5,012.000000
3.946783	0.640	4,919.000000
3.957450	0.640	-773.000000
3.968117	0.640	-3,341.000000
3.978783	0.640	23.000000
3.989450	0.640	2,549.000000
4.000117	0.640	853.000000
4.010783	0.640	-925.000000
4.021450	0.640	-326.000000
4.032117	0.640	184.000000
4.042783	0.640	242.000000
4.053450	0.640	1,752.000000
4.064117	0.640	2,499.000000
4.074783	0.640	-959.000000
4.085450	0.640	-7,573.000000
4.096117	0.640	-13,460.000000
4.106783	0.640	-15,234.000000
4.117450	0.640	-12,780.000000
4.128117	0.640	-9,619.000000
4.138783	0.640	-8,415.000000
4.149450	0.640	-7,235.000000
4.160117	0.640	-4,287.000000
4.170783	0.640	-3,368.000000
4.181450	0.640	-6,389.000000
4.192117	0.640	-7,719.000000
4.202783	0.640	-4,896.000000
4.213450	0.640	-3,553.000000
4.224117	0.640	-5,173.000000
4.234783	0.640	-4,006.000000
4.245450	0.640	1,373.000000
4.256117	0.640	5,826.000000
4.266783	0.640	6,088.000000
4.277450	0.640	3,740.000000
4.288117	0.640	1,061.000000
4.298783	0.640	-689.000000
4.309450	0.640	-777.000000
4.320117	0.640	-1,132.000000
4.330783	0.640	-4,207.000000
4.341450	0.640	-6,741.000000
4.352117	0.640	-5,225.000000
4.362783	0.640	-4,338.000000
4.373450	0.640	-7,127.000000
4.384117	0.640	-7,697.000000
4.394783	0.640	-2,906.000000
4.405450	0.640	1,615.000000
4.416117	0.640	434.000000
4.426783	0.640	-3,066.000000
4.437450	0.640	-2,331.000000
4.448117	0.640	145.000000
4.458783	0.640	-1,577.000000
4.469450	0.640	-4,454.000000
4.480117	0.640	-4,094.000000
4.490783	0.640	-4,234.000000
4.501450	0.640	-7,165.000000
4.512117	0.640	-7,086.000000
4.522783	0.640	-2,202.000000
4.533450	0.640	-600.000000
4.544117	0.640	-4,989.000000
4.554783	0.640	-6,897.000000
4.565450	0.640	-3,406.000000
4.576117	0.640	-3,004.000000
4.586783	0.640	-9,197.000000
4.597450	0.640	-12,895.000000
4.608117	0.640	-6,807.000000
4.618783	0.640	2,990.000000
4.629450	0.640	5,037.000000
4.640117	0.640	-1,311.000000
4.650783	0.640	-5,532.000000
4.661450	0.640	-4,525.000000
4.672117	0.640	-5,474.000000
4.682783	0.640	-8,842.000000
4.693450	0.640	-8,230.000000
4.704117	0.640	-3,093.000000
4.714783	0.640	769.000000
4.725450	0.640	-241.000000
4.736117	0.640	-3,010.000000
4.746783	0.640	-3,706.000000
4.757450	0.640	-3,800.000000
4.768117	0.640	-6,306.000000
4.778783	0.640	-9,438.000000
4.789450	0.640	-8,720.000000
4.800117	0.640	-6,233.000000
4.810783	0.640	-7,475.000000
4.821450	0.640	-10,766.000000
4.832117	0.640	-11,661.000000
4.842783	0.640	-9,548.000000
4.853450	0.640	-5,828.000000
4.864117	0.640	-3,661.000000
4.874783	0.640	-6,399.000000
4.885450	0.640	-11,718.000000
4.896117	0.640	-12,393.000000
4.906783	0.640	-7,412.000000
4.917450	0.640	-4,706.000000
4.928117	0.640	-7,537.000000
4.938783	0.640	-10,208.000000
4.949450	0.640	-10,282.000000
4.960117	0.640	-6,587.000000
4.970783	0.640	10,944.000000
4.981450	0.640	50,832.000000
4.992117	0.640	107,674.000000
5.002783	0.640	161,801.000000
5.013450	0.640	190,384.000000
5.024117	0.640	189,147.000000
5.034783	0.640	171,059.000000
5.045450	0.640	146,378.000000
5.056117	0.640	122,329.000000
5.066783	0.640	105,639.000000
5.077450	0.640	93,078.000000
5.088117	0.640	77,525.000000
5.098783	0.640	60,742.000000
5.109450	0.640	46,970.000000
5.120117	0.640	35,376.000000
5.130783	0.640	22,795.000000
5.141450	0.640	9,205.000000
5.152117	0.640	1,877.000000
5.162783	0.640	5,446.000000
5.173450	0.640	10,841.000000
5.184117	0.640	8,887.000000
5.194783	0.640	3,810.000000
5.205450	0.640	2,678.000000
5.216117	0.640	5,084.000000
5.226783	0.640	6,717.000000
5.237450	0.640	5,441.000000
5.248117	0.640	2,748.000000
5.258783	0.640	-865.000000
5.269450	0.640	-6,718.000000
5.280117	0.640	-10,984.000000
5.290783	0.640	-9,719.000000
5.301450	0.640	-8,539.000000
5.312117	0.640	-10,290.000000
5.322783	0.640	-7,838.000000
5.333450	0.640	-1,276.000000
5.344117	0.640	581.000000
5.354783	0.640	-3,457.000000
5.365450	0.640	-8,338.000000
5.376117	0.640	-12,133.000000
5.386783	0.640	-13,229.000000
5.397450	0.640	-9,092.000000
5.408117	0.640	-2,195.000000
5.418783	0.640	1,557.000000
5.429450	0.640	1,048.000000
5.440117	0.640	46.000000
5.450783	0.640	-1,267.000000
5.461450	0.640	-5,534.000000
5.472117	0.640	-9,778.000000
5.482783	0.640	-10,636.000000
5.493450	0.640	-11,103.000000
5.504117	0.640	-13,103.000000
5.514783	0.640	-14,496.000000
5.525450	0.640	-13,499.000000
5.536117	0.640	-10,387.000000
5.546783	0.640	-7,808.000000
5.557450	0.640	-7,514.000000
5.568117	0.640	-8,405.000000
5.578783	0.640	-9,622.000000
5.589450	0.640	-10,938.000000
5.600117	0.640	-10,986.000000
5.610783	0.640	-8,724.000000
5.621450	0.640	-5,667.000000
5.632117	0.640	-3,983.000000
5.642783	0.640	-3,650.000000
5.653450	0.640	-3,429.000000
5.664117	0.640	-3,006.000000
5.674783	0.640	-4,643.000000
5.685450	0.640	-10,557.000000
5.696117	0.640	-15,557.000000
5.706783	0.640	-12,683.000000
5.717450	0.640	-6,024.000000
5.728117	0.640	-3,737.000000
5.738783	0.640	-6,805.000000
5.749450	0.640	-11,346.000000
5.760117	0.640	-12,227.000000
5.770783	0.640	-8,130.000000
5.781450	0.640	-5,102.000000
5.792117	0.640	-7,040.000000
5.802783	0.640	-8,650.000000
5.813450	0.640	-5,262.000000
5.824117	0.640	-389.000000
5.834783	0.640	68.000000
5.845450	0.640	-4,142.000000
5.856117	0.640	-8,183.000000
5.866783	0.640	-10,399.000000
5.877450	0.640	-12,589.000000
5.888117	0.640	-14,736.000000
5.898783	0.640	-16,549.000000
5.909450	0.640	-17,870.000000
5.920117	0.640	-17,567.000000
5.930783	0.640	-15,506.000000
5.941450	0.640	-12,714.000000
5.952117	0.640	-10,150.000000
5.962783	0.640	-8,155.000000
5.973450	0.640	-6,706.000000
5.984117	0.640	-4,774.000000
5.994783	0.640	-1,314.000000
6.005450	0.640	-269.000000
6.016117	0.640	-6,830.000000
6.026783	0.640	-16,292.000000
6.037450	0.640	-18,423.000000
6.048117	0.640	-11,488.000000
6.058783	0.640	-3,704.000000
6.069450	0.640	-3,243.000000
6.080117	0.640	-8,947.000000
6.090783	0.640	-13,237.000000
6.101450	0.640	-12,096.000000
6.112117	0.640	-7,499.000000
6.122783	0.640	-3,610.000000
6.133450	0.640	-2,429.000000
6.144117	0.640	-3,523.000000
6.154783	0.640	-7,384.000000
6.165450	0.640	-13,932.000000
6.176117	0.640	-18,785.000000
6.186783	0.640	-17,540.000000
6.197450	0.640	-12,964.000000
6.208117	0.640	-10,406.000000
6.218783	0.640	-9,720.000000
6.229450	0.640	-8,742.000000
6.240117	0.640	-7,981.000000
6.250783	0.640	-8,381.000000
6.261450	0.640	-8,098.000000
6.272117	0.640	-6,200.000000
6.282783	0.640	-6,992.000000
6.293450	0.640	-11,189.000000
6.304117	0.640	-12,671.000000
6.314783	0.640	-10,938.000000
6.325450	0.640	-11,081.000000
6.336117	0.640	-12,357.000000
6.346783	0.640	-10,095.000000
6.357450	0.640	-5,545.000000
6.368117	0.640	-4,964.000000
6.378783	0.640	-9,815.000000
6.389450	0.640	-14,269.000000
6.400117	0.640	-12,794.000000
6.410783	0.640	-7,446.000000
6.421450	0.640	-4,826.000000
6.432117	0.640	-6,949.000000
6.442783	0.640	-10,403.000000
6.453450	0.640	-11,886.000000
6.464117	0.640	-11,463.000000
6.474783	0.640	-10,565.000000
6.485450	0.640	-9,194.000000
6.496117	0.640	-7,417.000000
6.506783	0.640	-4,803.000000
6.517450	0.640	-1,035.000000
6.528117	0.640	-81.000000
6.538783	0.640	-3,585.000000
6.549450	0.640	-5,035.000000
6.560117	0.640	-3,673.000000
6.570783	0.640	-7,947.000000
6.581450	0.640	-15,162.000000
6.592117	0.640	-13,443.000000
6.602783	0.640	-5,696.000000
6.613450	0.640	-4,968.000000
6.624117	0.640	-11,458.000000
6.634783	0.640	-15,195.000000
6.645450	0.640	-12,629.000000
6.656117	0.640	-5,935.000000
6.666783	0.640	1,794.000000
6.677450	0.640	4,110.000000
6.688117	0.640	-1,798.000000
6.698783	0.640	-8,324.000000
6.709450	0.640	-8,696.000000
6.720117	0.640	-7,398.000000
6.730783	0.640	-11,313.000000
6.741450	0.640	-16,808.000000
6.752117	0.640	-16,166.000000
6.762783	0.640	-10,644.000000
6.773450	0.640	-6,481.000000
6.784117	0.640	-6,191.000000
6.794783	0.640	-6,960.000000
6.805450	0.640	-5,452.000000
6.816117	0.640	-4,820.000000
6.826783	0.640	-7,818.000000
6.837450	0.640	-9,002.000000
6.848117	0.640	-5,928.000000
6.858783	0.640	-4,067.000000
6.869450	0.640	-5,337.000000
6.880117	0.640	-7,122.000000
6.890783	0.640	-10,244.000000
6.901450	0.640	-16,091.000000
6.912117	0.640	-20,481.000000
6.922783	0.640	-19,012.000000
6.933450	0.640	-14,627.000000
6.944117	0.640	-12,241.000000
6.954783	0.640	-11,079.000000
6.965450	0.640	-9,685.000000
6.976117	0.640	-9,548.000000
6.986783	0.640	-10,695.000000
6.997450	0.640	-12,940.000000
7.008117	0.640	-16,720.000000
7.018783	0.640	-19,881.000000
7.029450	0.640	-19,166.000000
7.040117	0.640	-13,195.000000
7.050783	0.640	-6,412.000000
7.061450	0.640	-5,566.000000
7.072117	0.640	-8,130.000000
7.082783	0.640	-8,295.000000
7.093450	0.640	-8,356.000000
7.104117	0.640	-10,018.000000
7.114783	0.640	-8,811.000000
7.125450	0.640	-4,948.000000
7.136117	0.640	-5,320.000000
7.146783	0.640	-10,253.000000
7.157450	0.640	-12,557.000000
7.168117	0.640	-11,187.000000
7.178783	0.640	-10,041.000000
7.189450	0.640	-8,360.000000
7.200117	0.640	-6,397.000000
7.210783	0.640	-8,157.000000
7.221450	0.640	-11,360.000000
7.232117	0.640	-10,645.000000
7.242783	0.640	-7,621.000000
7.253450	0.640	-5,882.000000
7.264117	0.640	-5,402.000000
7.274783	0.640	-4,765.000000
7.285450	0.640	-2,950.000000
7.296117	0.640	-2,122.000000
7.306783	0.640	-5,253.000000
7.317450	0.640	-8,415.000000
7.328117	0.640	-7,466.000000
7.338783	0.640	-7,498.000000
7.349450	0.640	-10,635.000000
7.360117	0.640	-9,296.000000
7.370783	0.640	-2,497.000000
7.381450	0.640	1,111.000000
7.392117	0.640	-1,686.000000
7.402783	0.640	-8,134.000000
7.413450	0.640	-15,259.000000
7.424117	0.640	-18,413.000000
7.434783	0.640	-16,694.000000
7.445450	0.640	-14,276.000000
7.456117	0.640	-11,989.000000
7.466783	0.640	-9,906.000000
7.477450	0.640	-11,511.000000
7.488117	0.640	-15,171.000000
7.498783	0.640	-13,936.000000
7.509450	0.640	-6,966.000000
7.520117	0.640	64.000000
7.530783	0.640	1,759.000000
7.541450	0.640	-4,005.000000
7.552117	0.640	-13,037.000000
7.562783	0.640	-17,642.000000
7.573450	0.640	-15,361.000000
7.584117	0.640	-10,556.000000
7.594783	0.640	-9,341.000000
7.605450	0.640	-13,053.000000
7.616117	0.640	-16,009.000000
7.626783	0.640	-13,685.000000
7.637450	0.640	-9,170.000000
7.648117	0.640	-6,958.000000
7.658783	0.640	-6,205.000000
7.669450	0.640	-4,973.000000
7.680117	0.640	-4,151.000000
7.690783	0.640	-4,476.000000
7.701450	0.640	-4,985.000000
7.712117	0.640	-4,122.000000
7.722783	0.640	-4,181.000000
7.733450	0.640	-9,397.000000
7.744117	0.640	-15,502.000000
7.754783	0.640	-15,062.000000
7.765450	0.640	-10,718.000000
7.776117	0.640	-9,016.000000
7.786783	0.640	-9,029.000000
7.797450	0.640	-7,286.000000
7.808117	0.640	-6,234.000000
7.818783	0.640	-9,485.000000
7.829450	0.640	-13,594.000000
7.840117	0.640	-12,333.000000
7.850783	0.640	-7,218.000000
7.861450	0.640	-5,662.000000
7.872117	0.640	-8,596.000000
7.882783	0.640	-8,583.000000
7.893450	0.640	-2,775.000000
7.904117	0.640	1,569.000000
7.914783	0.640	-1,495.000000
7.925450	0.640	-7,948.000000
7.936117	0.640	-9,636.000000
7.946783	0.640	-5,626.000000
7.957450	0.640	-3,865.000000
7.968117	0.640	-8,959.000000
7.978783	0.640	-15,483.000000
7.989450	0.640	-17,404.000000
8.000117	0.640	-15,815.000000
8.010783	0.640	-13,042.000000
8.021450	0.640	-9,846.000000
8.032117	0.640	-9,504.000000
8.042783	0.640	-11,648.000000
8.053450	0.640	-11,672.000000
8.064117	0.640	-10,066.000000
8.074783	0.640	-9,004.000000
8.085450	0.640	-7,594.000000
8.096117	0.640	-5,127.000000
8.106783	0.640	-3,118.000000
8.117450	0.640	-4,171.000000
8.128117	0.640	-7,777.000000
8.138783	0.640	-9,468.000000
8.149450	0.640	-6,090.000000
8.160117	0.640	-902.000000
8.170783	0.640	-808.000000
8.181450	0.640	-6,343.000000
8.192117	0.640	-10,254.000000
8.202783	0.640	-7,866.000000
8.213450	0.640	-2,877.000000
8.224117	0.640	-759.000000
8.234783	0.640	-2,562.000000
8.245450	0.640	-7,904.000000
8.256117	0.640	-14,244.000000
8.266783	0.640	-15,063.000000
8.277450	0.640	-9,032.000000
8.288117	0.640	-3,630.000000
8.298783	0.640	-3,901.000000
8.309450	0.640	-7,266.000000
8.320117	0.640	-10,706.000000
8.330783	0.640	-12,742.000000
8.341450	0.640	-11,690.000000
8.352117	0.640	-8,480.000000
8.362783	0.640	-5,871.000000
8.373450	0.640	-5,663.000000
8.384117	0.640	-7,492.000000
8.394783	0.640	-8,153.000000
8.405450	0.640	-6,127.000000
8.416117	0.640	-4,760.000000
8.426783	0.640	-6,188.000000
8.437450	0.640	-6,248.000000
8.448117	0.640	-2,395.000000
8.458783	0.640	-1,093.000000
8.469450	0.640	-6,747.000000
8.480117	0.640	-13,759.000000
8.490783	0.640	-16,529.000000
8.501450	0.640	-14,050.000000
8.512117	0.640	-7,690.000000
8.522783	0.640	-3,180.000000
8.533450	0.640	-4,902.000000
8.544117	0.640	-8,258.000000
8.554783	0.640	-7,761.000000
8.565450	0.640	-6,270.000000
8.576117	0.640	-7,983.000000
8.586783	0.640	-10,803.000000
8.597450	0.640	-12,149.000000
8.608117	0.640	-14,052.000000
8.618783	0.640	-17,869.000000
8.629450	0.640	-19,508.000000
8.640117	0.640	-14,783.000000
8.650783	0.640	-7,038.000000
8.661450	0.640	-2,686.000000
8.672117	0.640	-3,295.000000
8.682783	0.640	-7,494.000000
8.693450	0.640	-12,382.000000
8.704117	0.640	-13,216.000000
8.714783	0.640	-9,021.000000
8.725450	0.640	-4,565.000000
8.736117	0.640	-3,394.000000
8.746783	0.640	-2,751.000000
8.757450	0.640	-357.000000
8.768117	0.640	163.000000
8.778783	0.640	-3,675.000000
8.789450	0.640	-9,754.000000
8.800117	0.640	-13,934.000000
8.810783	0.640	-12,466.000000
8.821450	0.640	-7,563.000000
8.832117	0.640	-6,245.000000
8.842783	0.640	-9,217.000000
8.853450	0.640	-11,177.000000
8.864117	0.640	-12,168.000000
8.874783	0.640	-12,860.000000
8.885450	0.640	-9,895.000000
8.896117	0.640	-8,036.000000
8.906783	0.640	-13,255.000000
8.917450	0.640	-18,537.000000
8.928117	0.640	-16,871.000000
8.938783	0.640	-12,093.000000
8.949450	0.640	-10,044.000000
8.960117	0.640	-11,359.000000
8.970783	0.640	-14,028.000000
8.981450	0.640	-16,408.000000
8.992117	0.640	-17,705.000000
9.002783	0.640	-18,133.000000
9.013450	0.640	-16,025.000000
9.024117	0.640	-9,926.000000
9.034783	0.640	-3,742.000000
9.045450	0.640	-1,397.000000
9.056117	0.640	-2,834.000000
9.066783	0.640	-5,849.000000
9.077450	0.640	-5,829.000000
9.088117	0.640	-2,111.000000
9.098783	0.640	-668.000000
9.109450	0.640	-3,321.000000
9.120117	0.640	-6,548.000000
9.130783	0.640	-9,591.000000
9.141450	0.640	-12,541.000000
9.152117	0.640	-12,591.000000
9.162783	0.640	-10,033.000000
9.173450	0.640	-10,867.000000
9.184117	0.640	-14,370.000000
9.194783	0.640	-10,476.000000
9.205450	0.640	1,758.000000
9.216117	0.640	10,504.000000
9.226783	0.640	8,770.000000
9.237450	0.640	2,698.000000
9.248117	0.640	747.000000
9.258783	0.640	752.000000
9.269450	0.640	-3,221.000000
9.280117	0.640	-7,927.000000
9.290783	0.640	-7,223.000000
9.301450	0.640	-2,061.000000
9.312117	0.640	2,069.000000
9.322783	0.640	1,593.000000
9.333450	0.640	-1,733.000000
9.344117	0.640	-3,200.000000
9.354783	0.640	-675.000000
9.365450	0.640	3,672.000000
9.376117	0.640	5,853.000000
9.386783	0.640	4,138.000000
9.397450	0.640	1,152.000000
9.408117	0.640	491.000000
9.418783	0.640	2,437.000000
9.429450	0.640	4,092.000000
9.440117	0.640	2,507.000000
9.450783	0.640	-1,205.000000
9.461450	0.640	-2,176.000000
9.472117	0.640	599.000000
9.482783	0.640	3,369.000000
9.493450	0.640	5,768.000000
9.504117	0.640	9,720.000000
9.514783	0.640	13,887.000000
9.525450	0.640	15,092.000000
9.536117	0.640	12,041.000000
9.546783	0.640	7,805.000000
9.557450	0.640	5,988.000000
9.568117	0.640	5,424.000000
9.578783	0.640	3,446.000000
9.589450	0.640	1,399.000000
9.600117	0.640	2,228.000000
9.610783	0.640	5,599.000000
9.621450	0.640	8,944.000000
9.632117	0.640	8,840.000000
9.642783	0.640	4,830.000000
9.653450	0.640	2,715.000000
9.664117	0.640	5,887.000000
9.674783	0.640	11,046.000000
9.685450	0.640	15,175.000000
9.696117	0.640	17,024.000000
9.706783	0.640	15,630.000000
9.717450	0.640	13,493.000000
9.728117	0.640	14,715.000000
9.738783	0.640	17,956.000000
9.749450	0.640	19,706.000000
9.760117	0.640	20,230.000000
9.770783	0.640	19,339.000000
9.781450	0.640	16,425.000000
9.792117	0.640	15,815.000000
9.802783	0.640	20,847.000000
9.813450	0.640	26,636.000000
9.824117	0.640	27,577.000000
9.834783	0.640	24,229.000000
9.845450	0.640	19,902.000000
9.856117	0.640	19,424.000000
9.866783	0.640	25,660.000000
9.877450	0.640	32,520.000000
9.888117	0.640	31,780.000000
9.898783	0.640	25,634.000000
9.909450	0.640	22,201.000000
9.920117	0.640	22,501.000000
9.930783	0.640	20,690.000000
9.941450	0.640	15,832.000000
9.952117	0.640	15,937.000000
9.962783	0.640	24,068.000000
9.973450	0.640	30,753.000000
9.984117	0.640	30,936.000000
9.994783	0.640	31,408.000000
10.005450	0.640	35,706.000000
10.016117	0.640	39,673.000000
10.026783	0.640	40,364.000000
10.037450	0.640	39,158.000000
10.048117	0.640	38,340.000000
10.058783	0.640	37,600.000000
10.069450	0.640	35,925.000000
10.080117	0.640	35,375.000000
10.090783	0.640	38,404.000000
10.101450	0.640	43,024.000000
10.112117	0.640	43,558.000000
10.122783	0.640	38,860.000000
10.133450	0.640	36,497.000000
10.144117	0.640	41,605.000000
10.154783	0.640	49,111.000000
10.165450	0.640	52,038.000000
10.176117	0.640	49,995.000000
10.186783	0.640	47,924.000000
10.197450	0.640	49,534.000000
10.208117	0.640	53,524.000000
10.218783	0.640	55,589.000000
10.229450	0.640	53,746.000000
10.240117	0.640	50,591.000000
10.250783	0.640	48,907.000000
10.261450	0.640	49,262.000000
10.272117	0.640	50,828.000000
10.282783	0.640	50,888.000000
10.293450	0.640	49,860.000000
10.304117	0.640	53,046.000000
10.314783	0.640	60,187.000000
10.325450	0.640	64,974.000000
10.336117	0.640	66,200.000000
10.346783	0.640	67,022.000000
10.357450	0.640	68,884.000000
10.368117	0.640	72,689.000000
10.378783	0.640	77,057.000000
10.389450	0.640	78,311.000000
10.400117	0.640	77,843.000000
10.410783	0.640	78,235.000000
10.421450	0.640	76,868.000000
10.432117	0.640	74,261.000000
10.442783	0.640	75,647.000000
10.453450	0.640	80,839.000000
10.464117	0.640	84,870.000000
10.474783	0.640	86,175.000000
10.485450	0.640	86,045.000000
10.496117	0.640	84,544.000000
10.506783	0.640	81,964.000000
10.517450	0.640	79,712.000000
10.528117	0.640	78,636.000000
10.538783	0.640	79,805.000000
10.549450	0.640	83,980.000000
10.560117	0.640	90,253.000000
10.570783	0.640	96,742.000000
10.581450	0.640	100,343.000000
10.592117	0.640	98,036.000000
10.602783	0.640	90,953.000000
10.613450	0.640	84,911.000000
10.624117	0.640	85,008.000000
10.634783	0.640	91,580.000000
10.645450	0.640	100,343.000000
10.656117	0.640	105,263.000000
10.666783	0.640	105,363.000000
10.677450	0.640	105,158.000000
10.688117	0.640	106,493.000000
10.698783	0.640	107,903.000000
10.709450	0.640	109,452.000000
10.720117	0.640	111,667.000000
10.730783	0.640	113,116.000000
10.741450	0.640	112,739.000000
10.752117	0.640	112,525.000000
10.762783	0.640	114,310.000000
10.773450	0.640	116,232.000000
10.784117	0.640	117,281.000000
10.794783	0.640	120,546.000000
10.805450	0.640	126,639.000000
10.816117	0.640	130,420.000000
10.826783	0.640	126,521.000000
10.837450	0.640	117,961.000000
10.848117	0.640	116,501.000000
10.858783	0.640	126,221.000000
10.869450	0.640	136,872.000000
10.880117	0.640	139,750.000000
10.890783	0.640	137,799.000000
10.901450	0.640	138,722.000000
10.912117	0.640	144,079.000000
10.922783	0.640	147,784.000000
10.933450	0.640	145,792.000000
10.944117	0.640	142,663.000000
10.954783	0.640	144,246.000000
10.965450	0.640	148,467.000000
10.976117	0.640	149,732.000000
10.986783	0.640	146,738.000000
10.997450	0.640	143,621.000000
11.008117	0.640	146,499.000000
11.018783	0.640	153,655.000000
11.029450	0.640	156,947.000000
11.040117	0.640	157,979.000000
11.050783	0.640	164,318.000000
11.061450	0.640	173,022.000000
11.072117	0.640	176,744.000000
11.082783	0.640	175,699.000000
11.093450	0.640	173,720.000000
11.104117	0.640	173,158.000000
11.114783	0.640	174,508.000000
11.125450	0.640	176,923.000000
11.136117	0.640	180,036.000000
11.146783	0.640	184,021.000000
11.157450	0.640	188,335.000000
11.168117	0.640	190,208.000000
11.178783	0.640	187,103.000000
11.189450	0.640	183,332.000000
11.200117	0.640	186,741.000000
11.210783	0.640	196,806.000000
11.221450	0.640	204,671.000000
11.232117	0.640	206,516.000000
11.242783	0.640	205,886.000000
11.253450	0.640	204,629.000000
11.264117	0.640	205,073.000000
11.274783	0.640	211,326.000000
11.285450	0.640	218,283.000000
11.296117	0.640	216,209.000000
11.306783	0.640	209,958.000000
11.317450	0.640	211,693.000000
11.328117	0.640	218,726.000000
11.338783	0.640	221,579.000000
11.349450	0.640	220,133.000000
11.360117	0.640	218,850.000000
11.370783	0.640	221,496.000000
11.381450	0.640	227,863.000000
11.392117	0.640	231,986.000000
11.402783	0.640	231,322.000000
11.413450	0.640	228,949.000000
11.424117	0.640	226,874.000000
11.434783	0.640	227,126.000000
11.445450	0.640	231,577.000000
11.456117	0.640	238,573.000000
11.466783	0.640	244,548.000000
11.477450	0.640	245,694.000000
11.488117	0.640	242,960.000000
11.498783	0.640	242,609.000000
11.509450	0.640	245,730.000000
11.520117	0.640	248,748.000000
11.530783	0.640	251,181.000000
11.541450	0.640	252,908.000000
11.552117	0.640	253,161.000000
11.562783	0.640	255,751.000000
11.573450	0.640	265,412.000000
11.584117	0.640	277,221.000000
11.594783	0.640	280,913.000000
11.605450	0.640	277,566.000000
11.616117	0.640	276,711.000000
11.626783	0.640	279,754.000000
11.637450	0.640	283,965.000000
11.648117	0.640	291,340.000000
11.658783	0.640	299,438.000000
11.669450	0.640	300,176.000000
11.680117	0.640	294,423.000000
11.690783	0.640	292,007.000000
11.701450	0.640	295,983.000000
11.712117	0.640	300,271.000000
11.722783	0.640	301,388.000000
11.733450	0.640	301,610.000000
11.744117	0.640	302,964.000000
11.754783	0.640	305,338.000000
11.765450	0.640	308,740.000000
11.776117	0.640	313,274.000000
11.786783	0.640	318,210.000000
11.797450	0.640	321,953.000000
11.808117	0.640	322,212.000000
11.818783	0.640	320,464.000000
11.829450	0.640	321,956.000000
11.840117	0.640	326,629.000000
11.850783	0.640	330,333.000000
11.861450	0.640	331,900.000000
11.872117	0.640	333,337.000000
11.882783	0.640	337,887.000000
11.893450	0.640	343,546.000000
11.904117	0.640	345,098.000000
11.914783	0.640	344,540.000000
11.925450	0.640	345,455.000000
11.936117	0.640	346,306.000000
11.946783	0.640	346,312.000000
11.957450	0.640	347,596.000000
11.968117	0.640	353,065.000000
11.978783	0.640	363,284.000000
11.989450	0.640	372,525.000000
12.000117	0.640	373,661.000000
12.010783	0.640	369,777.000000
12.021450	0.640	370,582.000000
12.032117	0.640	375,351.000000
12.042783	0.640	375,977.000000
12.053450	0.640	372,893.000000
12.064117	0.640	372,290.000000
12.074783	0.640	377,374.000000
12.085450	0.640	387,403.000000
12.096117	0.640	395,722.000000
12.106783	0.640	394,368.000000
12.117450	0.640	387,004.000000
12.128117	0.640	385,592.000000
12.138783	0.640	392,529.000000
12.149450	0.640	398,910.000000
12.160117	0.640	399,524.000000
12.170783	0.640	399,888.000000
12.181450	0.640	404,452.000000
12.192117	0.640	407,275.000000
12.202783	0.640	404,950.000000
12.213450	0.640	405,037.000000
12.224117	0.640	411,969.000000
12.234783	0.640	419,174.000000
12.245450	0.640	421,985.000000
12.256117	0.640	425,006.000000
12.266783	0.640	428,779.000000
12.277450	0.640	427,069.000000
12.288117	0.640	422,941.000000
12.298783	0.640	425,323.000000
12.309450	0.640	432,682.000000
12.320117	0.640	437,351.000000
12.330783	0.640	437,292.000000
12.341450	0.640	435,121.000000
12.352117	0.640	433,113.000000
12.362783	0.640	432,912.000000
12.373450	0.640	436,872.000000
12.384117	0.640	445,523.000000
12.394783	0.640	452,869.000000
12.405450	0.640	452,943.000000
12.416117	0.640	449,777.000000
12.426783	0.640	449,387.000000
12.437450	0.640	450,754.000000
12.448117	0.640	451,587.000000
12.458783	0.640	452,418.000000
12.469450	0.640	453,919.000000
12.480117	0.640	455,690.000000
12.490783	0.640	458,907.000000
12.501450	0.640	465,095.000000
12.512117	0.640	470,641.000000
12.522783	0.640	471,371.000000
12.533450	0.640	469,440.000000
12.544117	0.640	468,756.000000
12.554783	0.640	469,096.000000
12.565450	0.640	468,062.000000
12.576117	0.640	465,785.000000
12.586783	0.640	464,114.000000
12.597450	0.640	464,111.000000
12.608117	0.640	466,554.000000
12.618783	0.640	470,511.000000
12.629450	0.640	472,505.000000
12.640117	0.640	472,009.000000
12.650783	0.640	472,144.000000
12.661450	0.640	473,731.000000
12.672117	0.640	478,418.000000
12.682783	0.640	486,847.000000
12.693450	0.640	491,625.000000
12.704117	0.640	489,763.000000
12.714783	0.640	487,337.000000
12.725450	0.640	485,899.000000
12.736117	0.640	485,132.000000
12.746783	0.640	487,162.000000
12.757450	0.640	489,151.000000
12.768117	0.640	487,591.000000
12.778783	0.640	483,882.000000
12.789450	0.640	480,690.000000
12.800117	0.640	481,111.000000
12.810783	0.640	484,676.000000
12.821450	0.640	486,175.000000
12.832117	0.640	486,474.000000
12.842783	0.640	490,720.000000
12.853450	0.640	496,126.000000
12.864117	0.640	498,313.000000
12.874783	0.640	497,797.000000
12.885450	0.640	494,822.000000
12.896117	0.640	492,382.000000
12.906783	0.640	493,876.000000
12.917450	0.640	496,119.000000
12.928117	0.640	496,437.000000
12.938783	0.640	495,219.000000
12.949450	0.640	492,000.000000
12.960117	0.640	489,196.000000
12.970783	0.640	489,470.000000
12.981450	0.640	490,594.000000
12.992117	0.640	491,923.000000
13.002783	0.640	495,379.000000
13.013450	0.640	499,371.000000
13.024117	0.640	501,626.000000
13.034783	0.640	502,431.000000
13.045450	0.640	501,001.000000
13.056117	0.640	495,320.000000
13.066783	0.640	488,372.000000
13.077450	0.640	486,287.000000
13.088117	0.640	488,949.000000
13.098783	0.640	491,226.000000
13.109450	0.640	490,173.000000
13.120117	0.640	487,888.000000
13.130783	0.640	488,179.000000
13.141450	0.640	489,309.000000
13.152117	0.640	488,564.000000
13.162783	0.640	490,159.000000
13.173450	0.640	495,225.000000
13.184117	0.640	495,373.000000
13.194783	0.640	486,591.000000
13.205450	0.640	478,290.000000
13.216117	0.640	481,801.000000
13.226783	0.640	493,271.000000
13.237450	0.640	497,404.000000
13.248117	0.640	490,438.000000
13.258783	0.640	483,272.000000
13.269450	0.640	481,251.000000
13.280117	0.640	479,957.000000
13.290783	0.640	477,726.000000
13.301450	0.640	477,189.000000
13.312117	0.640	478,361.000000
13.322783	0.640	477,903.000000
13.333450	0.640	474,376.000000
13.344117	0.640	470,909.000000
13.354783	0.640	469,263.000000
13.365450	0.640	467,518.000000
13.376117	0.640	466,114.000000
13.386783	0.640	466,815.000000
13.397450	0.640	468,389.000000
13.408117	0.640	469,137.000000
13.418783	0.640	468,945.000000
13.429450	0.640	466,866.000000
13.440117	0.640	462,040.000000
13.450783	0.640	458,002.000000
13.461450	0.640	458,681.000000
13.472117	0.640	461,366.000000
13.482783	0.640	460,904.000000
13.493450	0.640	456,503.000000
13.504117	0.640	451,863.000000
13.514783	0.640	451,592.000000
13.525450	0.640	453,569.000000
13.536117	0.640	452,268.000000
13.546783	0.640	451,375.000000
13.557450	0.640	455,802.000000
13.568117	0.640	462,248.000000
13.578783	0.640	469,625.000000
13.589450	0.640	479,975.000000
13.600117	0.640	490,594.000000
13.610783	0.640	500,933.000000
13.621450	0.640	516,409.000000
13.632117	0.640	536,132.000000
13.642783	0.640	557,244.000000
13.653450	0.640	589,657.000000
13.664117	0.640	640,656.000000
13.674783	0.640	702,275.000000
13.685450	0.640	767,712.000000
13.696117	0.640	838,420.000000
13.706783	0.640	916,944.000000
13.717450	0.640	1,001,377.000000
13.728117	0.640	1,085,451.000000
13.738783	0.640	1,163,333.000000
13.749450	0.640	1,226,950.000000
13.760117	0.640	1,263,412.000000
13.770783	0.640	1,263,004.000000
13.781450	0.640	1,227,448.000000
13.792117	0.640	1,166,173.000000
13.802783	0.640	1,085,070.000000
13.813450	0.640	988,396.000000
13.824117	0.640	886,208.000000
13.834783	0.640	788,789.000000
13.845450	0.640	700,918.000000
13.856117	0.640	624,568.000000
13.866783	0.640	560,919.000000
13.877450	0.640	510,926.000000
13.888117	0.640	475,927.000000
13.898783	0.640	453,208.000000
13.909450	0.640	436,304.000000
13.920117	0.640	422,911.000000
13.930783	0.640	414,997.000000
13.941450	0.640	414,020.000000
13.952117	0.640	416,588.000000
13.962783	0.640	414,523.000000
13.973450	0.640	405,980.000000
13.984117	0.640	399,070.000000
13.994783	0.640	397,837.000000
14.005450	0.640	396,771.000000
14.016117	0.640	393,026.000000
14.026783	0.640	389,458.000000
14.037450	0.640	386,554.000000
14.048117	0.640	383,929.000000
14.058783	0.640	381,607.000000
14.069450	0.640	378,877.000000
14.080117	0.640	379,126.000000
14.090783	0.640	383,211.000000
14.101450	0.640	383,583.000000
14.112117	0.640	377,884.000000
14.122783	0.640	372,126.000000
14.133450	0.640	369,963.000000
14.144117	0.640	371,076.000000
14.154783	0.640	372,606.000000
14.165450	0.640	372,114.000000
14.176117	0.640	370,295.000000
14.186783	0.640	366,796.000000
14.197450	0.640	361,036.000000
14.208117	0.640	355,986.000000
14.218783	0.640	354,047.000000
14.229450	0.640	353,905.000000
14.240117	0.640	352,735.000000
14.250783	0.640	347,797.000000
14.261450	0.640	340,555.000000
14.272117	0.640	338,559.000000
14.282783	0.640	344,612.000000
14.293450	0.640	351,094.000000
14.304117	0.640	351,163.000000
14.314783	0.640	345,380.000000
14.325450	0.640	338,776.000000
14.336117	0.640	337,087.000000
14.346783	0.640	339,396.000000
14.357450	0.640	338,251.000000
14.368117	0.640	332,396.000000
14.378783	0.640	327,615.000000
14.389450	0.640	324,616.000000
14.400117	0.640	320,400.000000
14.410783	0.640	315,975.000000
14.421450	0.640	313,586.000000
14.432117	0.640	313,280.000000
14.442783	0.640	312,981.000000
14.453450	0.640	312,477.000000
14.464117	0.640	314,076.000000
14.474783	0.640	314,435.000000
14.485450	0.640	309,764.000000
14.496117	0.640	304,420.000000
14.506783	0.640	301,408.000000
14.517450	0.640	297,466.000000
14.528117	0.640	291,240.000000
14.538783	0.640	287,296.000000
14.549450	0.640	287,729.000000
14.560117	0.640	286,395.000000
14.570783	0.640	280,575.000000
14.581450	0.640	276,878.000000
14.592117	0.640	278,822.000000
14.602783	0.640	280,455.000000
14.613450	0.640	276,486.000000
14.624117	0.640	271,502.000000
14.634783	0.640	272,006.000000
14.645450	0.640	274,157.000000
14.656117	0.640	269,081.000000
14.666783	0.640	257,864.000000
14.677450	0.640	251,506.000000
14.688117	0.640	253,798.000000
14.698783	0.640	254,912.000000
14.709450	0.640	247,656.000000
14.720117	0.640	237,624.000000
14.730783	0.640	233,435.000000
14.741450	0.640	237,261.000000
14.752117	0.640	241,980.000000
14.762783	0.640	238,132.000000
14.773450	0.640	230,089.000000
14.784117	0.640	229,951.000000
14.794783	0.640	235,476.000000
14.805450	0.640	234,739.000000
14.816117	0.640	224,354.000000
14.826783	0.640	212,099.000000
14.837450	0.640	206,388.000000
14.848117	0.640	206,016.000000
14.858783	0.640	205,182.000000
14.869450	0.640	202,786.000000
14.880117	0.640	200,559.000000
14.890783	0.640	198,093.000000
14.901450	0.640	192,074.000000
14.912117	0.640	181,582.000000
14.922783	0.640	173,980.000000
14.933450	0.640	176,430.000000
14.944117	0.640	182,179.000000
14.954783	0.640	181,992.000000
14.965450	0.640	179,945.000000
14.976117	0.640	181,092.000000
14.986783	0.640	181,734.000000
14.997450	0.640	178,009.000000
15.008117	0.640	170,741.000000
15.018783	0.640	164,463.000000
15.029450	0.640	162,838.000000
15.040117	0.640	162,701.000000
15.050783	0.640	158,862.000000
15.061450	0.640	152,398.000000
15.072117	0.640	147,426.000000
15.082783	0.640	144,335.000000
15.093450	0.640	141,001.000000
15.104117	0.640	137,857.000000
15.114783	0.640	136,623.000000
15.125450	0.640	135,427.000000
15.136117	0.640	131,845.000000
15.146783	0.640	128,009.000000
15.157450	0.640	125,286.000000
15.168117	0.640	120,516.000000
15.178783	0.640	113,846.000000
15.189450	0.640	109,578.000000
15.200117	0.640	108,620.000000
15.210783	0.640	108,985.000000
15.221450	0.640	109,051.000000
15.232117	0.640	105,643.000000
15.242783	0.640	97,394.000000
15.253450	0.640	91,575.000000
15.264117	0.640	93,388.000000
15.274783	0.640	95,224.000000
15.285450	0.640	92,587.000000
15.296117	0.640	92,803.000000
15.306783	0.640	97,603.000000
15.317450	0.640	98,435.000000
15.328117	0.640	92,343.000000
15.338783	0.640	88,202.000000
15.349450	0.640	93,502.000000
15.360117	0.640	101,628.000000
15.370783	0.640	101,916.000000
15.381450	0.640	96,380.000000
15.392117	0.640	95,294.000000
15.402783	0.640	100,650.000000
15.413450	0.640	103,440.000000
15.424117	0.640	99,180.000000
15.434783	0.640	94,138.000000
15.445450	0.640	92,479.000000
15.456117	0.640	90,911.000000
15.466783	0.640	86,691.000000
15.477450	0.640	81,570.000000
15.488117	0.640	77,987.000000
15.498783	0.640	75,513.000000
15.509450	0.640	70,732.000000
15.520117	0.640	62,137.000000
15.530783	0.640	54,617.000000
15.541450	0.640	51,104.000000
15.552117	0.640	46,939.000000
15.562783	0.640	42,275.000000
15.573450	0.640	43,172.000000
15.584117	0.640	46,623.000000
15.594783	0.640	46,136.000000
15.605450	0.640	46,194.000000
15.616117	0.640	53,585.000000
15.626783	0.640	65,376.000000
15.637450	0.640	77,326.000000
15.648117	0.640	93,884.000000
15.658783	0.640	118,360.000000
15.669450	0.640	144,184.000000
15.680117	0.640	165,483.000000
15.690783	0.640	185,430.000000
15.701450	0.640	208,438.000000
15.712117	0.640	229,162.000000
15.722783	0.640	235,999.000000
15.733450	0.640	226,667.000000
15.744117	0.640	209,611.000000
15.754783	0.640	189,686.000000
15.765450	0.640	165,009.000000
15.776117	0.640	135,081.000000
15.786783	0.640	104,898.000000
15.797450	0.640	80,019.000000
15.808117	0.640	59,608.000000
15.818783	0.640	41,439.000000
15.829450	0.640	28,179.000000
15.840117	0.640	23,065.000000
15.850783	0.640	23,950.000000
15.861450	0.640	24,443.000000
15.872117	0.640	21,910.000000
15.882783	0.640	18,454.000000
15.893450	0.640	15,408.000000
15.904117	0.640	13,328.000000
15.914783	0.640	12,523.000000
15.925450	0.640	13,152.000000
15.936117	0.640	15,779.000000
15.946783	0.640	18,383.000000
15.957450	0.640	17,495.000000
15.968117	0.640	14,599.000000
15.978783	0.640	13,475.000000
15.989450	0.640	12,475.000000
16.000117	0.640	10,255.000000
16.010783	0.640	11,754.000000
16.021450	0.640	17,666.000000
16.032117	0.640	21,138.000000
16.042783	0.640	19,642.000000
16.053450	0.640	17,271.000000
16.064117	0.640	17,665.000000
16.074783	0.640	20,944.000000
16.085450	0.640	22,473.000000
16.096117	0.640	18,476.000000
16.106783	0.640	14,203.000000
16.117450	0.640	14,129.000000
16.128117	0.640	12,495.000000
16.138783	0.640	6,256.000000
16.149450	0.640	2,792.000000
16.160117	0.640	6,404.000000
16.170783	0.640	10,997.000000
16.181450	0.640	11,366.000000
16.192117	0.640	9,120.000000
16.202783	0.640	7,667.000000
16.213450	0.640	9,301.000000
16.224117	0.640	13,127.000000
16.234783	0.640	15,494.000000
16.245450	0.640	14,078.000000
16.256117	0.640	11,119.000000
16.266783	0.640	10,319.000000
16.277450	0.640	10,406.000000
16.288167	0.643	10,868.000000
16.298783	0.637	14,839.000000
16.309450	0.640	18,315.000000
16.320117	0.640	15,052.000000
16.330783	0.640	8,530.000000
16.341450	0.640	6,022.000000
16.352117	0.640	9,896.000000
16.362783	0.640	15,597.000000
16.373450	0.640	15,565.000000
16.384167	0.643	9,443.000000
16.394783	0.637	5,383.000000
16.405450	0.640	7,769.000000
16.416117	0.640	11,688.000000
16.426783	0.640	12,309.000000
16.437450	0.640	11,043.000000
16.448117	0.640	9,237.000000
16.458783	0.640	7,309.000000
16.469450	0.640	10,033.000000
16.480117	0.640	17,198.000000
16.490783	0.640	19,323.000000
16.501450	0.640	14,423.000000
16.512117	0.640	10,600.000000
16.522783	0.640	11,739.000000
16.533450	0.640	14,547.000000
16.544117	0.640	15,131.000000
16.554783	0.640	15,157.000000
16.565450	0.640	18,524.000000
16.576117	0.640	22,847.000000
16.586783	0.640	23,449.000000
16.597450	0.640	20,266.000000
16.608117	0.640	16,458.000000
16.618783	0.640	14,252.000000
16.629450	0.640	12,594.000000
16.640117	0.640	11,132.000000
16.650783	0.640	11,651.000000
16.661450	0.640	12,503.000000
16.672117	0.640	10,438.000000
16.682783	0.640	8,889.000000
16.693450	0.640	12,627.000000
16.704117	0.640	16,877.000000
16.714783	0.640	16,167.000000
16.725450	0.640	13,280.000000
16.736117	0.640	11,971.000000
16.746783	0.640	13,172.000000
16.757450	0.640	15,246.000000
16.768117	0.640	15,571.000000
16.778783	0.640	14,214.000000
16.789450	0.640	12,028.000000
16.800117	0.640	9,421.000000
16.810783	0.640	7,979.000000
16.821450	0.640	9,144.000000
16.832117	0.640	12,471.000000
16.842783	0.640	16,412.000000
16.853450	0.640	19,455.000000
16.864117	0.640	20,296.000000
16.874783	0.640	18,667.000000
16.885450	0.640	16,343.000000
16.896117	0.640	16,118.000000
16.906783	0.640	17,770.000000
16.917450	0.640	17,968.000000
16.928117	0.640	16,162.000000
16.938783	0.640	14,012.000000
16.949450	0.640	10,746.000000
16.960117	0.640	7,236.000000
16.970783	0.640	6,966.000000
16.981450	0.640	7,884.000000
16.992117	0.640	6,785.000000
17.002783	0.640	7,828.000000
17.013450	0.640	12,956.000000
17.024117	0.640	15,855.000000
17.034783	0.640	13,643.000000
17.045450	0.640	10,896.000000
17.056117	0.640	10,261.000000
17.066783	0.640	11,159.000000
17.077450	0.640	13,461.000000
17.088117	0.640	14,668.000000
17.098783	0.640	11,704.000000
17.109450	0.640	7,341.000000
17.120117	0.640	6,962.000000
17.130783	0.640	10,676.000000
17.141450	0.640	15,351.000000
17.152117	0.640	20,428.000000
17.162783	0.640	24,790.000000
17.173450	0.640	26,155.000000
17.184117	0.640	27,049.000000
17.194783	0.640	29,444.000000
17.205450	0.640	29,580.000000
17.216117	0.640	27,482.000000
17.226783	0.640	27,876.000000
17.237450	0.640	30,809.000000
17.248117	0.640	33,327.000000
17.258783	0.640	34,343.000000
17.269450	0.640	33,849.000000
17.280117	0.640	33,470.000000
17.290783	0.640	36,158.000000
17.301450	0.640	41,431.000000
17.312117	0.640	42,771.000000
17.322783	0.640	36,646.000000
17.333450	0.640	31,431.000000
17.344117	0.640	35,887.000000
17.354783	0.640	45,454.000000
17.365450	0.640	50,031.000000
17.376117	0.640	48,435.000000
17.386783	0.640	47,862.000000
17.397450	0.640	52,815.000000
17.408117	0.640	58,904.000000
17.418783	0.640	56,912.000000
17.429450	0.640	48,674.000000
17.440117	0.640	48,251.000000
17.450783	0.640	55,668.000000
17.461450	0.640	56,625.000000
17.472117	0.640	50,098.000000
17.482783	0.640	47,165.000000
17.493450	0.640	49,839.000000
17.504117	0.640	50,887.000000
17.514783	0.640	48,992.000000
17.525450	0.640	49,026.000000
17.536117	0.640	51,509.000000
17.546783	0.640	52,925.000000
17.557450	0.640	51,775.000000
17.568117	0.640	49,033.000000
17.578783	0.640	44,814.000000
17.589450	0.640	39,254.000000
17.600117	0.640	36,924.000000
17.610783	0.640	41,443.000000
17.621450	0.640	47,444.000000
17.632117	0.640	47,956.000000
17.642783	0.640	43,555.000000
17.653450	0.640	39,489.000000
17.664117	0.640	39,587.000000
17.674783	0.640	44,323.000000
17.685450	0.640	51,109.000000
17.696117	0.640	52,894.000000
17.706783	0.640	45,337.000000
17.717450	0.640	36,337.000000
17.728117	0.640	34,487.000000
17.738783	0.640	37,925.000000
17.749450	0.640	42,060.000000
17.760117	0.640	44,040.000000
17.770783	0.640	43,520.000000
17.781450	0.640	44,413.000000
17.792117	0.640	49,240.000000
17.802783	0.640	55,499.000000
17.813450	0.640	59,555.000000
17.824117	0.640	58,992.000000
17.834783	0.640	53,822.000000
17.845450	0.640	48,988.000000
17.856117	0.640	48,712.000000
17.866783	0.640	48,877.000000
17.877450	0.640	47,037.000000
17.888117	0.640	48,205.000000
17.898783	0.640	49,899.000000
17.909450	0.640	45,299.000000
17.920117	0.640	38,738.000000
17.930783	0.640	37,109.000000
17.941450	0.640	38,995.000000
17.952117	0.640	39,547.000000
17.962783	0.640	37,921.000000
17.973450	0.640	38,232.000000
17.984117	0.640	42,976.000000
17.994783	0.640	48,315.000000
18.005450	0.640	49,698.000000
18.016117	0.640	49,130.000000
18.026783	0.640	49,640.000000
18.037450	0.640	50,323.000000
18.048117	0.640	50,451.000000
18.058783	0.640	47,004.000000
18.069450	0.640	38,483.000000
18.080117	0.640	32,434.000000
18.090783	0.640	33,013.000000
18.101450	0.640	34,188.000000
18.112117	0.640	32,136.000000
18.122783	0.640	28,338.000000
18.133450	0.640	23,491.000000
18.144117	0.640	19,531.000000
18.154783	0.640	20,089.000000
18.165450	0.640	23,269.000000
18.176117	0.640	24,676.000000
18.186783	0.640	26,690.000000
18.197450	0.640	32,866.000000
18.208117	0.640	40,106.000000
18.218783	0.640	43,858.000000
18.229450	0.640	44,764.000000
18.240117	0.640	49,113.000000
18.250783	0.640	61,293.000000
18.261450	0.640	78,061.000000
18.272117	0.640	95,912.000000
18.282783	0.640	119,184.000000
18.293450	0.640	154,789.000000
18.304117	0.640	200,192.000000
18.314783	0.640	246,892.000000
18.325450	0.640	293,817.000000
18.336117	0.640	341,581.000000
18.346783	0.640	382,510.000000
18.357450	0.640	410,223.000000
18.368117	0.640	423,249.000000
18.378783	0.640	414,690.000000
18.389450	0.640	378,107.000000
18.400117	0.640	321,912.000000
18.410783	0.640	263,168.000000
18.421450	0.640	211,552.000000
18.432117	0.640	167,317.000000
18.442783	0.640	129,643.000000
18.453450	0.640	100,229.000000
18.464117	0.640	80,153.000000
18.474783	0.640	68,414.000000
18.485450	0.640	62,668.000000
18.496117	0.640	58,915.000000
18.506783	0.640	54,523.000000
18.517450	0.640	50,575.000000
18.528117	0.640	47,104.000000
18.538783	0.640	42,354.000000
18.549450	0.640	38,876.000000
18.560117	0.640	39,955.000000
18.570783	0.640	42,005.000000
18.581450	0.640	39,966.000000
18.592117	0.640	34,487.000000
18.602783	0.640	31,180.000000
18.613450	0.640	33,699.000000
18.624117	0.640	37,248.000000
18.634783	0.640	37,524.000000
18.645450	0.640	37,519.000000
18.656117	0.640	38,769.000000
18.666783	0.640	40,674.000000
18.677450	0.640	41,314.000000
18.688117	0.640	35,820.000000
18.698783	0.640	28,775.000000
18.709450	0.640	31,351.000000
18.720117	0.640	39,438.000000
18.730783	0.640	40,690.000000
18.741450	0.640	36,152.000000
18.752117	0.640	34,166.000000
18.762783	0.640	34,972.000000
18.773450	0.640	35,089.000000
18.784117	0.640	34,924.000000
18.794783	0.640	33,646.000000
18.805450	0.640	30,505.000000
18.816117	0.640	28,271.000000
18.826783	0.640	26,806.000000
18.837450	0.640	24,990.000000
18.848117	0.640	25,111.000000
18.858783	0.640	27,865.000000
18.869450	0.640	30,801.000000
18.880117	0.640	32,147.000000
18.890783	0.640	32,278.000000
18.901450	0.640	29,973.000000
18.912117	0.640	23,360.000000
18.922783	0.640	17,816.000000
18.933450	0.640	20,980.000000
18.944117	0.640	29,829.000000
18.954783	0.640	33,579.000000
18.965450	0.640	29,016.000000
18.976117	0.640	23,256.000000
18.986783	0.640	20,798.000000
18.997450	0.640	21,110.000000
19.008117	0.640	24,217.000000
19.018783	0.640	28,145.000000
19.029450	0.640	29,102.000000
19.040117	0.640	26,594.000000
19.050783	0.640	25,094.000000
19.061450	0.640	28,412.000000
19.072117	0.640	31,653.000000
19.082783	0.640	27,592.000000
19.093450	0.640	19,335.000000
19.104117	0.640	15,713.000000
19.114783	0.640	18,764.000000
19.125450	0.640	23,591.000000
19.136117	0.640	25,401.000000
19.146783	0.640	23,275.000000
19.157450	0.640	20,845.000000
19.168117	0.640	21,126.000000
19.178783	0.640	21,303.000000
19.189450	0.640	18,295.000000
19.200117	0.640	15,713.000000
19.210783	0.640	18,355.000000
19.221450	0.640	24,293.000000
19.232117	0.640	27,844.000000
19.242783	0.640	25,270.000000
19.253450	0.640	18,089.000000
19.264117	0.640	11,073.000000
19.274783	0.640	6,489.000000
19.285450	0.640	5,219.000000
19.296117	0.640	7,767.000000
19.306783	0.640	12,430.000000
19.317450	0.640	17,000.000000
19.328117	0.640	19,915.000000
19.338783	0.640	20,435.000000
19.349450	0.640	19,055.000000
19.360117	0.640	18,013.000000
19.370783	0.640	18,617.000000
19.381450	0.640	18,147.000000
19.392117	0.640	16,502.000000
19.402783	0.640	16,858.000000
19.413450	0.640	17,142.000000
19.424117	0.640	16,300.000000
19.434783	0.640	19,000.000000
19.445450	0.640	24,476.000000
19.456117	0.640	26,541.000000
19.466783	0.640	23,159.000000
19.477450	0.640	16,087.000000
19.488117	0.640	9,463.000000
19.498783	0.640	9,163.000000
19.509450	0.640	15,742.000000
19.520117	0.640	22,055.000000
19.530783	0.640	22,206.000000
19.541450	0.640	18,133.000000
19.552117	0.640	15,644.000000
19.562783	0.640	16,927.000000
19.573450	0.640	18,904.000000
19.584117	0.640	19,394.000000
19.594783	0.640	18,648.000000
19.605450	0.640	15,410.000000
19.616117	0.640	9,806.000000
19.626783	0.640	6,960.000000
19.637450	0.640	10,064.000000
19.648117	0.640	14,830.000000
19.658783	0.640	17,553.000000
19.669450	0.640	19,038.000000
19.680117	0.640	19,760.000000
19.690783	0.640	20,431.000000
19.701450	0.640	22,354.000000
19.712117	0.640	23,996.000000
19.722783	0.640	22,900.000000
19.733450	0.640	20,854.000000
19.744117	0.640	20,398.000000
19.754783	0.640	19,660.000000
19.765450	0.640	16,478.000000
19.776117	0.640	13,137.000000
19.786783	0.640	14,049.000000
19.797450	0.640	17,559.000000
19.808117	0.640	16,004.000000
19.818783	0.640	10,923.000000
19.829450	0.640	11,937.000000
19.840117	0.640	15,896.000000
19.850783	0.640	13,711.000000
19.861450	0.640	10,463.000000
19.872117	0.640	13,307.000000
19.882783	0.640	17,711.000000
19.893450	0.640	17,673.000000
19.904117	0.640	13,181.000000
19.914783	0.640	8,491.000000
19.925450	0.640	8,594.000000
19.936117	0.640	11,926.000000
19.946783	0.640	12,557.000000
19.957450	0.640	11,936.000000
19.968117	0.640	14,806.000000
19.978783	0.640	18,116.000000
19.989450	0.640	17,844.000000
20.000117	0.640	16,680.000000
20.010783	0.640	15,304.000000
20.021450	0.640	9,641.000000
20.032117	0.640	1,640.000000
20.042783	0.640	-2,543.000000
20.053450	0.640	-2,739.000000
20.064117	0.640	-2,021.000000
20.074783	0.640	-900.000000
20.085450	0.640	536.000000
20.096117	0.640	-159.000000
20.106783	0.640	-3,210.000000
20.117450	0.640	-3,423.000000
20.128117	0.640	1,446.000000
20.138783	0.640	6,696.000000
20.149450	0.640	9,923.000000
20.160117	0.640	14,450.000000
20.170783	0.640	19,808.000000
20.181450	0.640	19,362.000000
20.192117	0.640	12,684.000000
20.202783	0.640	7,461.000000
20.213450	0.640	6,340.000000
20.224117	0.640	5,097.000000
20.234783	0.640	472.000000
20.245450	0.640	-5,618.000000
20.256117	0.640	-6,074.000000
20.266783	0.640	1,201.000000
20.277450	0.640	8,037.000000
20.288117	0.640	9,572.000000
20.298783	0.640	9,646.000000
20.309450	0.640	10,701.000000
20.320117	0.640	12,110.000000
20.330783	0.640	12,390.000000
20.341450	0.640	9,248.000000
20.352117	0.640	6,654.000000
20.362783	0.640	10,722.000000
20.373450	0.640	16,804.000000
20.384117	0.640	18,422.000000
20.394783	0.640	18,084.000000
20.405450	0.640	19,410.000000
20.416117	0.640	23,627.000000
20.426783	0.640	32,469.000000
20.437450	0.640	44,028.000000
20.448117	0.640	54,605.000000
20.458783	0.640	68,018.000000
20.469450	0.640	88,180.000000
20.480117	0.640	110,520.000000
20.490783	0.640	135,896.000000
20.501450	0.640	173,748.000000
20.512117	0.640	224,128.000000
20.522783	0.640	280,289.000000
20.533450	0.640	346,859.000000
20.544117	0.640	434,421.000000
20.554783	0.640	544,956.000000
20.565450	0.640	677,394.000000
20.576117	0.640	837,958.000000
20.586783	0.640	1,035,305.000000
20.597450	0.640	1,272,653.000000
20.608117	0.640	1,552,646.000000
20.618783	0.640	1,888,155.000000
20.629450	0.640	2,303,652.000000
20.640117	0.640	2,826,375.000000
20.650783	0.640	3,487,551.000000
20.661450	0.640	4,331,336.000000
20.672117	0.640	5,412,484.000000
20.682783	0.640	6,788,833.000000
20.693450	0.640	8,499,157.000000
20.704117	0.640	10,542,871.000000
20.714783	0.640	12,886,789.000000
20.725450	0.640	15,457,120.000000
20.736117	0.640	18,116,236.000000
20.746783	0.640	20,660,396.000000
20.757450	0.640	22,850,495.000000
20.768117	0.640	24,451,051.000000
20.778783	0.640	25,250,744.000000
20.789450	0.640	25,123,556.000000
20.800117	0.640	24,105,922.000000
20.810783	0.640	22,369,938.000000
20.821450	0.640	20,134,727.000000
20.832117	0.640	17,624,774.000000
20.842783	0.640	15,062,323.000000
20.853450	0.640	12,639,255.000000
20.864117	0.640	10,475,162.000000
20.874783	0.640	8,627,766.000000
20.885450	0.640	7,130,185.000000
20.896117	0.640	5,973,871.000000
20.906783	0.640	5,104,210.000000
20.917450	0.640	4,462,300.000000
20.928117	0.640	3,997,673.000000
20.938783	0.640	3,660,864.000000
20.949450	0.640	3,407,474.000000
20.960117	0.640	3,206,161.000000
20.970783	0.640	3,043,298.000000
20.981450	0.640	2,912,319.000000
20.992117	0.640	2,801,168.000000
21.002783	0.640	2,700,047.000000
21.013450	0.640	2,609,189.000000
21.024117	0.640	2,529,930.000000
21.034783	0.640	2,459,956.000000
21.045450	0.640	2,396,969.000000
21.056117	0.640	2,338,672.000000
21.066783	0.640	2,283,887.000000
21.077450	0.640	2,233,809.000000
21.088117	0.640	2,186,973.000000
21.098783	0.640	2,136,738.000000
21.109450	0.640	2,079,243.000000
21.120117	0.640	2,023,060.000000
21.130783	0.640	1,981,471.000000
21.141450	0.640	1,950,166.000000
21.152117	0.640	1,913,190.000000
21.162783	0.640	1,870,456.000000
21.173450	0.640	1,831,366.000000
21.184117	0.640	1,797,308.000000
21.194783	0.640	1,766,075.000000
21.205450	0.640	1,737,404.000000
21.216117	0.640	1,711,864.000000
21.226783	0.640	1,686,271.000000
21.237450	0.640	1,657,433.000000
21.248117	0.640	1,628,946.000000
21.258783	0.640	1,601,393.000000
21.269450	0.640	1,569,390.000000
21.280117	0.640	1,534,919.000000
21.290783	0.640	1,504,151.000000
21.301450	0.640	1,477,696.000000
21.312117	0.640	1,457,313.000000
21.322783	0.640	1,442,499.000000
21.333450	0.640	1,426,358.000000
21.344117	0.640	1,410,661.000000
21.354783	0.640	1,399,987.000000
21.365450	0.640	1,387,727.000000
21.376117	0.640	1,369,471.000000
21.386783	0.640	1,349,079.000000
21.397450	0.640	1,330,340.000000
21.408117	0.640	1,318,052.000000
21.418783	0.640	1,313,661.000000
21.429450	0.640	1,310,109.000000
21.440117	0.640	1,302,585.000000
21.450783	0.640	1,292,069.000000
21.461450	0.640	1,280,435.000000
21.472117	0.640	1,270,514.000000
21.482783	0.640	1,261,899.000000
21.493450	0.640	1,250,487.000000
21.504117	0.640	1,235,673.000000
21.514783	0.640	1,222,916.000000
21.525450	0.640	1,217,036.000000
21.536117	0.640	1,212,444.000000
21.546783	0.640	1,199,936.000000
21.557450	0.640	1,182,553.000000
21.568117	0.640	1,169,736.000000
21.578783	0.640	1,159,321.000000
21.589450	0.640	1,143,508.000000
21.600117	0.640	1,127,201.000000
21.610783	0.640	1,117,592.000000
21.621450	0.640	1,108,414.000000
21.632117	0.640	1,093,884.000000
21.642783	0.640	1,078,105.000000
21.653450	0.640	1,064,263.000000
21.664117	0.640	1,050,926.000000
21.674783	0.640	1,034,840.000000
21.685450	0.640	1,013,010.000000
21.696117	0.640	988,569.000000
21.706783	0.640	970,157.000000
21.717450	0.640	960,512.000000
21.728117	0.640	952,021.000000
21.738783	0.640	937,464.000000
21.749450	0.640	919,737.000000
21.760117	0.640	905,303.000000
21.770783	0.640	892,959.000000
21.781450	0.640	879,810.000000
21.792117	0.640	869,703.000000
21.802783	0.640	862,928.000000
21.813450	0.640	852,408.000000
21.824117	0.640	837,909.000000
21.834783	0.640	827,740.000000
21.845450	0.640	824,040.000000
21.856117	0.640	820,077.000000
21.866783	0.640	811,297.000000
21.877450	0.640	798,846.000000
21.888117	0.640	785,682.000000
21.898783	0.640	776,626.000000
21.909450	0.640	775,309.000000
21.920117	0.640	774,374.000000
21.930783	0.640	763,648.000000
21.941450	0.640	749,037.000000
21.952117	0.640	741,445.000000
21.962783	0.640	737,339.000000
21.973450	0.640	729,037.000000
21.984117	0.640	718,805.000000
21.994783	0.640	711,333.000000
22.005450	0.640	705,908.000000
22.016117	0.640	701,088.000000
22.026783	0.640	697,166.000000
22.037450	0.640	692,902.000000
22.048117	0.640	684,641.000000
22.058783	0.640	672,962.000000
22.069450	0.640	665,226.000000
22.080117	0.640	663,965.000000
22.090783	0.640	662,858.000000
22.101450	0.640	657,948.000000
22.112117	0.640	652,965.000000
22.122783	0.640	652,159.000000
22.133450	0.640	652,089.000000
22.144117	0.640	646,845.000000
22.154783	0.640	638,723.000000
22.165450	0.640	629,868.000000
22.176117	0.640	616,887.000000
22.186783	0.640	606,365.000000
22.197450	0.640	608,121.000000
22.208117	0.640	614,266.000000
22.218783	0.640	612,183.000000
22.229450	0.640	606,041.000000
22.240117	0.640	605,770.000000
22.250783	0.640	607,248.000000
22.261450	0.640	601,558.000000
22.272117	0.640	591,923.000000
22.282783	0.640	585,010.000000
22.293450	0.640	579,939.000000
22.304117	0.640	576,271.000000
22.314783	0.640	576,441.000000
22.325450	0.640	577,496.000000
22.336117	0.640	575,185.000000
22.346783	0.640	570,676.000000
22.357450	0.640	565,191.000000
22.368117	0.640	557,837.000000
22.378783	0.640	550,050.000000
22.389450	0.640	545,476.000000
22.400117	0.640	545,152.000000
22.410783	0.640	546,321.000000
22.421450	0.640	547,051.000000
22.432117	0.640	548,069.000000
22.442783	0.640	551,081.000000
22.453450	0.640	556,023.000000
22.464117	0.640	557,973.000000
22.474783	0.640	553,426.000000
22.485450	0.640	547,374.000000
22.496117	0.640	545,863.000000
22.506783	0.640	547,521.000000
22.517450	0.640	547,858.000000
22.528117	0.640	547,112.000000
22.538783	0.640	549,035.000000
22.549450	0.640	553,792.000000
22.560117	0.640	554,943.000000
22.570783	0.640	546,967.000000
22.581450	0.640	536,886.000000
22.592117	0.640	537,079.000000
22.602783	0.640	545,440.000000
22.613450	0.640	549,514.000000
22.624117	0.640	547,112.000000
22.634783	0.640	544,385.000000
22.645450	0.640	542,200.000000
22.656117	0.640	538,573.000000
22.666783	0.640	534,012.000000
22.677450	0.640	528,807.000000
22.688117	0.640	522,570.000000
22.698783	0.640	517,296.000000
22.709450	0.640	514,278.000000
22.720117	0.640	510,168.000000
22.730783	0.640	504,375.000000
22.741450	0.640	502,807.000000
22.752117	0.640	507,165.000000
22.762783	0.640	510,294.000000
22.773450	0.640	506,410.000000
22.784117	0.640	499,379.000000
22.794783	0.640	497,350.000000
22.805450	0.640	500,122.000000
22.816117	0.640	500,154.000000
22.826783	0.640	496,247.000000
22.837450	0.640	493,528.000000
22.848117	0.640	494,676.000000
22.858783	0.640	498,252.000000
22.869450	0.640	499,548.000000
22.880117	0.640	496,042.000000
22.890783	0.640	492,299.000000
22.901450	0.640	492,908.000000
22.912117	0.640	496,014.000000
22.922783	0.640	497,288.000000
22.933450	0.640	495,241.000000
22.944117	0.640	492,322.000000
22.954783	0.640	491,975.000000
22.965450	0.640	495,417.000000
22.976117	0.640	501,121.000000
22.986783	0.640	504,865.000000
22.997450	0.640	503,641.000000
23.008117	0.640	499,561.000000
23.018783	0.640	496,355.000000
23.029450	0.640	496,898.000000
23.040117	0.640	502,041.000000
23.050783	0.640	507,953.000000
23.061450	0.640	509,077.000000
23.072117	0.640	504,445.000000
23.082783	0.640	497,974.000000
23.093450	0.640	492,976.000000
23.104117	0.640	492,130.000000
23.114783	0.640	497,788.000000
23.125450	0.640	504,893.000000
23.136117	0.640	506,275.000000
23.146783	0.640	504,779.000000
23.157450	0.640	505,580.000000
23.168117	0.640	507,946.000000
23.178783	0.640	509,678.000000
23.189450	0.640	508,593.000000
23.200117	0.640	505,781.000000
23.210783	0.640	505,140.000000
23.221500	0.643	506,674.000000
23.232117	0.637	509,831.000000
23.242783	0.640	514,515.000000
23.253450	0.640	515,959.000000
23.264117	0.640	512,348.000000
23.274783	0.640	511,063.000000
23.285450	0.640	515,817.000000
23.296117	0.640	519,694.000000
23.306783	0.640	518,877.000000
23.317450	0.640	517,707.000000
23.328117	0.640	516,525.000000
23.338783	0.640	512,774.000000
23.349450	0.640	511,967.000000
23.360117	0.640	518,187.000000
23.370783	0.640	522,729.000000
23.381450	0.640	519,111.000000
23.392117	0.640	515,814.000000
23.402783	0.640	521,358.000000
23.413450	0.640	530,959.000000
23.424117	0.640	535,509.000000
23.434783	0.640	533,511.000000
23.445450	0.640	531,022.000000
23.456117	0.640	532,834.000000
23.466783	0.640	536,562.000000
23.477450	0.640	537,461.000000
23.488117	0.640	536,992.000000
23.498783	0.640	539,901.000000
23.509450	0.640	543,689.000000
23.520117	0.640	543,890.000000
23.530783	0.640	544,518.000000
23.541450	0.640	549,538.000000
23.552117	0.640	553,973.000000
23.562783	0.640	552,739.000000
23.573450	0.640	549,356.000000
23.584117	0.640	549,153.000000
23.594783	0.640	550,739.000000
23.605450	0.640	550,757.000000
23.616117	0.640	550,050.000000
23.626783	0.640	549,355.000000
23.637450	0.640	546,352.000000
23.648117	0.640	541,315.000000
23.658783	0.640	539,158.000000
23.669450	0.640	541,837.000000
23.680117	0.640	545,010.000000
23.690783	0.640	545,793.000000
23.701450	0.640	546,796.000000
23.712117	0.640	548,651.000000
23.722783	0.640	547,928.000000
23.733450	0.640	547,371.000000
23.744117	0.640	551,388.000000
23.754783	0.640	554,351.000000
23.765450	0.640	552,991.000000
23.776117	0.640	553,422.000000
23.786783	0.640	557,208.000000
23.797450	0.640	561,123.000000
23.808117	0.640	566,220.000000
23.818783	0.640	573,043.000000
23.829450	0.640	576,335.000000
23.840117	0.640	572,739.000000
23.850783	0.640	568,287.000000
23.861450	0.640	570,543.000000
23.872117	0.640	576,814.000000
23.882783	0.640	582,345.000000
23.893450	0.640	588,997.000000
23.904117	0.640	594,468.000000
23.914783	0.640	594,584.000000
23.925450	0.640	593,668.000000
23.936117	0.640	596,888.000000
23.946783	0.640	604,533.000000
23.957450	0.640	612,984.000000
23.968117	0.640	619,582.000000
23.978783	0.640	626,799.000000
23.989450	0.640	634,862.000000
24.000117	0.640	640,547.000000
24.010783	0.640	640,659.000000
24.021450	0.640	635,797.000000
24.032117	0.640	634,700.000000
24.042783	0.640	642,207.000000
24.053450	0.640	651,829.000000
24.064117	0.640	656,630.000000
24.074783	0.640	656,574.000000
24.085450	0.640	654,186.000000
24.096117	0.640	648,705.000000
24.106783	0.640	642,410.000000
24.117450	0.640	642,442.000000
24.128117	0.640	648,534.000000
24.138783	0.640	653,426.000000
24.149450	0.640	654,492.000000
24.160117	0.640	655,145.000000
24.170783	0.640	658,696.000000
24.181450	0.640	665,570.000000
24.192117	0.640	672,995.000000
24.202783	0.640	676,949.000000
24.213450	0.640	678,223.000000
24.224117	0.640	681,275.000000
24.234783	0.640	685,972.000000
24.245450	0.640	687,011.000000
24.256117	0.640	685,181.000000
24.266783	0.640	689,820.000000
24.277450	0.640	700,920.000000
24.288117	0.640	707,768.000000
24.298783	0.640	706,990.000000
24.309450	0.640	704,401.000000
24.320117	0.640	705,234.000000
24.330783	0.640	707,609.000000
24.341450	0.640	707,578.000000
24.352117	0.640	707,763.000000
24.362783	0.640	711,164.000000
24.373450	0.640	714,774.000000
24.384117	0.640	716,222.000000
24.394783	0.640	717,914.000000
24.405450	0.640	720,664.000000
24.416117	0.640	720,908.000000
24.426783	0.640	718,371.000000
24.437450	0.640	718,706.000000
24.448117	0.640	725,602.000000
24.458783	0.640	734,291.000000
24.469450	0.640	737,056.000000
24.480117	0.640	735,962.000000
24.490783	0.640	737,474.000000
24.501450	0.640	739,215.000000
24.512117	0.640	739,618.000000
24.522783	0.640	744,521.000000
24.533450	0.640	754,388.000000
24.544117	0.640	763,262.000000
24.554783	0.640	768,996.000000
24.565450	0.640	773,784.000000
24.576117	0.640	779,010.000000
24.586783	0.640	782,442.000000
24.597450	0.640	781,784.000000
24.608117	0.640	781,157.000000
24.618783	0.640	784,744.000000
24.629450	0.640	787,947.000000
24.640117	0.640	787,369.000000
24.650783	0.640	787,181.000000
24.661450	0.640	789,734.000000
24.672117	0.640	793,402.000000
24.682783	0.640	795,758.000000
24.693450	0.640	797,295.000000
24.704117	0.640	802,703.000000
24.714783	0.640	810,887.000000
24.725450	0.640	815,965.000000
24.736117	0.640	817,610.000000
24.746783	0.640	818,768.000000
24.757450	0.640	823,644.000000
24.768117	0.640	833,573.000000
24.778783	0.640	842,386.000000
24.789450	0.640	847,247.000000
24.800117	0.640	852,313.000000
24.810783	0.640	858,517.000000
24.821450	0.640	864,106.000000
24.832117	0.640	870,376.000000
24.842783	0.640	878,273.000000
24.853450	0.640	885,390.000000
24.864117	0.640	889,170.000000
24.874783	0.640	890,443.000000
24.885450	0.640	893,709.000000
24.896117	0.640	901,179.000000
24.906783	0.640	906,458.000000
24.917450	0.640	902,995.000000
24.928117	0.640	897,683.000000
24.938783	0.640	900,829.000000
24.949450	0.640	909,238.000000
24.960117	0.640	914,718.000000
24.970783	0.640	917,558.000000
24.981450	0.640	922,746.000000
24.992117	0.640	930,593.000000
25.002783	0.640	937,901.000000
25.013450	0.640	943,775.000000
25.024117	0.640	946,723.000000
25.034783	0.640	947,340.000000
25.045450	0.640	951,942.000000
25.056117	0.640	961,958.000000
25.066783	0.640	971,758.000000
25.077450	0.640	977,095.000000
25.088117	0.640	977,294.000000
25.098783	0.640	976,593.000000
25.109450	0.640	980,084.000000
25.120117	0.640	984,202.000000
25.130783	0.640	984,425.000000
25.141450	0.640	985,524.000000
25.152117	0.640	990,920.000000
25.162783	0.640	998,116.000000
25.173450	0.640	1,005,682.000000
25.184117	0.640	1,014,741.000000
25.194783	0.640	1,031,520.000000
25.205450	0.640	1,061,463.000000
25.216117	0.640	1,102,661.000000
25.226783	0.640	1,157,732.000000
25.237450	0.640	1,238,761.000000
25.248117	0.640	1,359,710.000000
25.258783	0.640	1,539,667.000000
25.269450	0.640	1,808,960.000000
25.280117	0.640	2,201,426.000000
25.290783	0.640	2,748,588.000000
25.301450	0.640	3,487,960.000000
25.312117	0.640	4,455,840.000000
25.322783	0.640	5,657,599.000000
25.333450	0.640	7,064,318.000000
25.344117	0.640	8,632,756.000000
25.354783	0.640	10,277,785.000000
25.365450	0.640	11,843,273.000000
25.376117	0.640	13,157,171.000000
25.386783	0.640	14,076,835.000000
25.397450	0.640	14,485,494.000000
25.408117	0.640	14,323,928.000000
25.418783	0.640	13,611,707.000000
25.429450	0.640	12,426,624.000000
25.440117	0.640	10,903,245.000000
25.450783	0.640	9,218,564.000000
25.461450	0.640	7,537,425.000000
25.472117	0.640	5,988,353.000000
25.482783	0.640	4,663,003.000000
25.493450	0.640	3,594,834.000000
25.504117	0.640	2,771,725.000000
25.514783	0.640	2,173,172.000000
25.525450	0.640	1,767,028.000000
25.536117	0.640	1,501,939.000000
25.546783	0.640	1,326,728.000000
25.557450	0.640	1,208,688.000000
25.568117	0.640	1,133,145.000000
25.578783	0.640	1,089,080.000000
25.589450	0.640	1,064,757.000000
25.600117	0.640	1,053,922.000000
25.610783	0.640	1,050,190.000000
25.621450	0.640	1,044,937.000000
25.632117	0.640	1,038,404.000000
25.642783	0.640	1,036,913.000000
25.653450	0.640	1,039,629.000000
25.664117	0.640	1,041,445.000000
25.674783	0.640	1,041,929.000000
25.685450	0.640	1,041,001.000000
25.696117	0.640	1,036,898.000000
25.706783	0.640	1,031,766.000000
25.717450	0.640	1,027,617.000000
25.728117	0.640	1,023,091.000000
25.738783	0.640	1,019,307.000000
25.749450	0.640	1,018,684.000000
25.760117	0.640	1,019,544.000000
25.770783	0.640	1,019,944.000000
25.781450	0.640	1,020,818.000000
25.792117	0.640	1,021,251.000000
25.802783	0.640	1,020,469.000000
25.813450	0.640	1,021,620.000000
25.824117	0.640	1,025,030.000000
25.834783	0.640	1,026,026.000000
25.845450	0.640	1,022,732.000000
25.856117	0.640	1,019,210.000000
25.866783	0.640	1,020,528.000000
25.877450	0.640	1,027,112.000000
25.888117	0.640	1,033,877.000000
25.898783	0.640	1,034,223.000000
25.909450	0.640	1,026,057.000000
25.920117	0.640	1,013,741.000000
25.930783	0.640	1,002,614.000000
25.941450	0.640	994,901.000000
25.952117	0.640	989,400.000000
25.962783	0.640	984,046.000000
25.973450	0.640	980,362.000000
25.984117	0.640	979,426.000000
25.994783	0.640	978,023.000000
26.005450	0.640	974,302.000000
26.016117	0.640	970,971.000000
26.026783	0.640	971,946.000000
26.037450	0.640	977,023.000000
26.048117	0.640	981,638.000000
26.058783	0.640	983,763.000000
26.069450	0.640	985,269.000000
26.080117	0.640	985,891.000000
26.090783	0.640	986,062.000000
26.101450	0.640	991,138.000000
26.112117	0.640	1,002,223.000000
26.122783	0.640	1,013,640.000000
26.133450	0.640	1,020,254.000000
26.144117	0.640	1,019,092.000000
26.154783	0.640	1,011,539.000000
26.165450	0.640	1,001,929.000000
26.176117	0.640	990,784.000000
26.186783	0.640	976,937.000000
26.197450	0.640	964,506.000000
26.208117	0.640	958,972.000000
26.218783	0.640	959,111.000000
26.229450	0.640	963,119.000000
26.240117	0.640	973,335.000000
26.250783	0.640	987,697.000000
26.261450	0.640	997,409.000000
26.272117	0.640	994,059.000000
26.282783	0.640	975,706.000000
26.293450	0.640	949,070.000000
26.304117	0.640	928,162.000000
26.314783	0.640	924,088.000000
26.325450	0.640	936,927.000000
26.336117	0.640	967,969.000000
26.346783	0.640	1,036,750.000000
26.357450	0.640	1,199,157.000000
26.368117	0.640	1,589,707.000000
26.378783	0.640	2,399,664.000000
26.389450	0.640	3,592,822.000000
26.400117	0.640	4,581,136.000000
26.410783	0.640	4,581,515.000000
26.421450	0.640	3,522,001.000000
26.432117	0.640	2,197,667.000000
26.442783	0.640	1,367,256.000000
26.453450	0.640	1,103,031.000000
26.464117	0.640	1,081,503.000000
26.474783	0.640	1,081,987.000000
26.485450	0.640	1,074,153.000000
26.496117	0.640	1,077,355.000000
26.506783	0.640	1,092,218.000000
26.517450	0.640	1,111,518.000000
26.528117	0.640	1,129,454.000000
26.538783	0.640	1,140,762.000000
26.549450	0.640	1,146,719.000000
26.560117	0.640	1,155,887.000000
26.570783	0.640	1,168,570.000000
26.581450	0.640	1,176,216.000000
26.592117	0.640	1,178,489.000000
26.602783	0.640	1,182,087.000000
26.613450	0.640	1,187,115.000000
26.624117	0.640	1,188,284.000000
26.634833	0.643	1,187,134.000000
26.645450	0.637	1,190,046.000000
26.656117	0.640	1,197,945.000000
26.666783	0.640	1,211,342.000000
26.677450	0.640	1,233,346.000000
26.688117	0.640	1,265,067.000000
26.698783	0.640	1,311,887.000000
26.709450	0.640	1,385,214.000000
26.720117	0.640	1,504,815.000000
26.730783	0.640	1,718,266.000000
26.741450	0.640	2,058,680.000000
26.752117	0.640	2,411,119.000000
26.762783	0.640	2,529,840.000000
26.773450	0.640	2,326,116.000000
26.784117	0.640	2,015,528.000000
26.794783	0.640	1,863,046.000000
26.805450	0.640	1,913,951.000000
26.816117	0.640	2,035,820.000000
26.826783	0.640	2,111,388.000000
26.837450	0.640	2,143,646.000000
26.848117	0.640	2,221,587.000000
26.858783	0.640	2,425,943.000000
26.869450	0.640	2,837,980.000000
26.880117	0.640	3,871,614.000000
26.890783	0.640	7,434,253.000000
26.901450	0.640	19,851,600.000000
26.912167	0.643	52,119,502.000000
26.922783	0.637	104,542,812.000000
26.933450	0.640	147,025,892.000000
26.944117	0.640	140,649,520.000000
26.954783	0.640	88,716,744.000000
26.965450	0.640	35,256,964.000000
26.976117	0.640	10,081,424.000000
26.986783	0.640	6,439,491.000000
26.997450	0.640	7,543,377.000000
27.008117	0.640	7,978,037.000000
27.018783	0.640	12,073,039.000000
27.029450	0.640	30,108,955.000000
27.040117	0.640	78,846,979.000000
27.050783	0.640	79,718,616.000000
27.050950	0.010	129,577,924.000000
27.051117	0.010	79,718,616.000000
27.051283	0.010	129,577,924.000000
27.051450	0.010	79,718,616.000000
27.051617	0.010	129,577,924.000000
27.051783	0.010	79,718,616.000000
27.061450	0.580	79,718,616.000000
27.072117	0.640	79,718,616.000000
27.072283	0.010	129,577,924.000000
27.072450	0.010	79,718,616.000000
27.072617	0.010	129,577,924.000000
27.072783	0.010	79,718,616.000000
27.072950	0.010	129,577,924.000000
27.073117	0.010	79,718,616.000000
27.082783	0.580	185,509,561.000000
27.093450	0.640	81,285,062.000000
27.104117	0.640	33,741,803.000000
27.114783	0.640	25,453,337.000000
27.125450	0.640	21,078,228.000000
27.136117	0.640	16,468,833.000000
27.146783	0.640	15,830,162.000000
27.157450	0.640	16,010,594.000000
27.168117	0.640	13,552,175.000000
27.178783	0.640	9,923,636.000000
27.189450	0.640	7,886,855.000000
27.200117	0.640	7,815,741.000000
27.210783	0.640	8,805,890.000000
27.221450	0.640	10,492,638.000000
27.232117	0.640	12,437,918.000000
27.242783	0.640	13,708,604.000000
27.253450	0.640	17,107,998.000000
27.264117	0.640	17,979,635.000000
27.264283	0.010	36,969,452.000000
27.264450	0.010	17,979,635.000000
27.264617	0.010	36,969,452.000000
27.264783	0.010	17,979,635.000000
27.264950	0.010	36,969,452.000000
27.265117	0.010	17,979,635.000000
27.274783	0.580	17,979,635.000000
27.285450	0.640	17,979,635.000000
27.296117	0.640	17,979,635.000000
27.306783	0.640	17,979,635.000000
27.317450	0.640	17,979,635.000000
27.328117	0.640	17,979,635.000000
27.328283	0.010	36,969,452.000000
27.328450	0.010	17,979,635.000000
27.328617	0.010	36,969,452.000000
27.328783	0.010	17,979,635.000000
27.328950	0.010	36,969,452.000000
27.329117	0.010	17,979,635.000000
27.338783	0.580	187,935,548.000000
27.349450	0.640	92,556,796.000000
27.360117	0.640	59,807,506.000000
27.370783	0.640	59,057,305.000000
27.381450	0.640	62,516,369.000000
27.392117	0.640	63,388,006.000000
27.392283	0.010	105,082,009.000000
27.392450	0.010	63,388,006.000000
27.392617	0.010	105,082,009.000000
27.392783	0.010	63,388,006.000000
27.392950	0.010	105,082,009.000000
27.393117	0.010	63,388,006.000000
27.402783	0.580	63,388,006.000000
27.413450	0.640	63,388,006.000000
27.424117	0.640	63,388,006.000000
27.434783	0.640	63,388,006.000000
27.445450	0.640	63,388,006.000000
27.456117	0.640	63,388,006.000000
27.466783	0.640	63,388,006.000000
27.477450	0.640	63,388,006.000000
27.488117	0.640	63,388,006.000000
27.498783	0.640	63,388,006.000000
27.498950	0.010	105,082,009.000000
27.499117	0.010	63,388,006.000000
27.499283	0.010	105,082,009.000000
27.499450	0.010	63,388,006.000000
27.499617	0.010	105,082,009.000000
27.499783	0.010	63,388,006.000000
27.509450	0.580	100,445,271.000000
27.520117	0.640	80,233,698.000000
27.530783	0.640	81,390,888.000000
27.541450	0.640	77,851,252.000000
27.552117	0.640	63,581,103.000000
27.562783	0.640	49,674,848.000000
27.573450	0.640	41,982,980.000000
27.584117	0.640	37,491,967.000000
27.594783	0.640	33,674,145.000000
27.605450	0.640	30,792,924.000000
27.616117	0.640	29,275,884.000000
27.626783	0.640	28,539,974.000000
27.637450	0.640	27,475,440.000000
27.648117	0.640	25,647,061.000000
27.658783	0.640	23,832,055.000000
27.669450	0.640	22,689,304.000000
27.680117	0.640	21,775,759.000000
27.690783	0.640	20,584,643.000000
27.701450	0.640	19,446,927.000000
27.712117	0.640	18,862,027.000000
27.722783	0.640	18,760,740.000000
27.733450	0.640	18,734,241.000000
27.744117	0.640	18,526,782.000000
27.754783	0.640	18,288,174.000000
27.765450	0.640	18,531,998.000000
27.776117	0.640	19,570,487.000000
27.786783	0.640	20,957,790.000000
27.797450	0.640	21,847,763.000000
27.808117	0.640	21,753,681.000000
27.818783	0.640	20,765,011.000000
27.829450	0.640	19,401,748.000000
27.840117	0.640	18,322,981.000000
27.850783	0.640	17,881,774.000000
27.861450	0.640	17,979,545.000000
27.872117	0.640	18,414,851.000000
27.882783	0.640	19,739,132.000000
27.893450	0.640	25,163,246.000000
27.904117	0.640	45,209,921.000000
27.914783	0.640	46,081,558.000000
27.914950	0.010	79,122,337.000000
27.915117	0.010	46,081,558.000000
27.915283	0.010	79,122,337.000000
27.915450	0.010	46,081,558.000000
27.915617	0.010	79,122,337.000000
27.915783	0.010	46,081,558.000000
27.925450	0.580	46,081,558.000000
27.936117	0.640	46,081,558.000000
27.946783	0.640	46,081,558.000000
27.957450	0.640	46,081,558.000000
27.968117	0.640	46,081,558.000000
27.978783	0.640	46,081,558.000000
27.989450	0.640	46,081,558.000000
28.000117	0.640	46,081,558.000000
28.010783	0.640	46,081,558.000000
28.021450	0.640	46,081,558.000000
28.032117	0.640	46,081,558.000000
28.042783	0.640	46,081,558.000000
28.053450	0.640	46,081,558.000000
28.064117	0.640	46,081,558.000000
28.074783	0.640	46,081,558.000000
28.085450	0.640	46,081,558.000000
28.096117	0.640	46,081,558.000000
28.106783	0.640	46,081,558.000000
28.106950	0.010	79,122,337.000000
28.107117	0.010	46,081,558.000000
28.107283	0.010	79,122,337.000000
28.107450	0.010	46,081,558.000000
28.107617	0.010	79,122,337.000000
28.107783	0.010	46,081,558.000000
28.117450	0.580	222,184,701.000000
28.128117	0.640	106,007,380.000000
28.138783	0.640	70,493,555.000000
28.149450	0.640	68,144,160.000000
28.160117	0.640	63,367,108.000000
28.170783	0.640	55,423,989.000000
28.181450	0.640	46,682,063.000000
28.192117	0.640	35,748,367.000000
28.202783	0.640	27,221,069.000000
28.213450	0.640	28,765,898.000000
28.224117	0.640	47,449,848.000000
28.234783	0.640	88,335,766.000000
28.245450	0.640	143,856,608.000000
28.256117	0.640	190,748,719.000000
28.266783	0.640	213,222,092.000000
28.277450	0.640	219,984,045.000000
28.288117	0.640	225,908,550.000000
28.298783	0.640	231,068,103.000000
28.309450	0.640	227,910,536.000000
28.320117	0.640	216,138,558.000000
28.330783	0.640	201,994,013.000000
28.341450	0.640	189,054,373.000000
28.352117	0.640	175,003,954.000000
28.362783	0.640	155,729,561.000000
28.373450	0.640	129,363,217.000000
28.384117	0.640	97,192,313.000000
28.394783	0.640	64,305,889.000000
28.405450	0.640	38,337,902.000000
28.416117	0.640	23,612,216.000000
28.426783	0.640	17,678,080.000000
28.437450	0.640	15,743,911.000000
28.448117	0.640	15,935,692.000000
28.458783	0.640	18,317,053.000000
28.469450	0.640	21,238,363.000000
28.480117	0.640	21,581,903.000000
28.490783	0.640	18,365,577.000000
28.501450	0.640	13,841,790.000000
28.512117	0.640	10,586,424.000000
28.522783	0.640	9,127,283.000000
28.533450	0.640	8,631,111.000000
28.544117	0.640	8,409,256.000000
28.554783	0.640	8,262,622.000000
28.565450	0.640	8,141,455.000000
28.576117	0.640	7,960,792.000000
28.586783	0.640	7,650,570.000000
28.597450	0.640	7,229,118.000000
28.608117	0.640	6,764,977.000000
28.618783	0.640	6,268,045.000000
28.629450	0.640	5,651,978.000000
28.640117	0.640	4,829,722.000000
28.650783	0.640	3,848,729.000000
28.661450	0.640	2,881,159.000000
28.672117	0.640	2,066,752.000000
28.682783	0.640	1,434,767.000000
28.693450	0.640	972,535.000000
28.704117	0.640	689,907.000000
28.714783	0.640	653,961.000000
28.725450	0.640	867,990.000000
28.736117	0.640	1,008,015.000000
28.746783	0.640	745,012.000000
28.757450	0.640	308,745.000000
28.768117	0.640	93,879.000000
28.778783	0.640	88,983.000000
28.789450	0.640	105,859.000000
28.800117	0.640	86,883.000000
28.810783	0.640	60,408.000000
28.821450	0.640	47,259.000000
28.832117	0.640	41,869.000000
28.842783	0.640	34,367.000000
28.853450	0.640	27,660.000000
28.864117	0.640	24,827.000000
28.874783	0.640	21,759.000000
28.885450	0.640	18,350.000000
28.896117	0.640	17,309.000000
28.906783	0.640	17,249.000000
28.917450	0.640	15,804.000000
28.928117	0.640	11,755.000000
28.938783	0.640	6,121.000000
28.949450	0.640	2,351.000000
28.960117	0.640	1,870.000000
28.970783	0.640	2,868.000000
28.981450	0.640	4,150.000000
28.992117	0.640	6,559.000000
29.002783	0.640	9,302.000000
29.013450	0.640	9,270.000000
29.024117	0.640	6,255.000000
29.034783	0.640	3,888.000000
29.045450	0.640	3,904.000000
29.056117	0.640	3,581.000000
29.066783	0.640	528.000000
29.077450	0.640	-2,991.000000
29.088117	0.640	-2,997.000000
29.098783	0.640	-45.000000
29.109450	0.640	802.000000
29.120117	0.640	-2,214.000000
29.130783	0.640	-3,724.000000
29.141450	0.640	75.000000
29.152117	0.640	3,724.000000
29.162783	0.640	2,007.000000
29.173450	0.640	-1,506.000000
29.184117	0.640	-3,084.000000
29.194783	0.640	-3,195.000000
29.205450	0.640	-1,586.000000
29.216117	0.640	1,506.000000
29.226783	0.640	4,511.000000
29.237450	0.640	7,002.000000
29.248117	0.640	8,151.000000
29.258783	0.640	7,617.000000
29.269450	0.640	6,838.000000
29.280117	0.640	5,214.000000
29.290783	0.640	1,648.000000
29.301450	0.640	-1,143.000000
29.312117	0.640	-893.000000
29.322783	0.640	-311.000000
29.333450	0.640	-915.000000
29.344117	0.640	537.000000
29.354783	0.640	4,010.000000
29.365450	0.640	6,771.000000
29.376117	0.640	9,729.000000
29.386783	0.640	11,644.000000
29.397450	0.640	8,765.000000
29.408117	0.640	3,395.000000
29.418783	0.640	566.000000
29.429450	0.640	-288.000000
29.440117	0.640	-1,779.000000
29.450783	0.640	-1,361.000000
29.461450	0.640	2,054.000000
29.472117	0.640	2,649.000000
29.482783	0.640	-1,780.000000
29.493450	0.640	-6,312.000000
29.504117	0.640	-6,121.000000
29.514783	0.640	-439.000000
29.525450	0.640	5,973.000000
29.536117	0.640	8,101.000000
29.546783	0.640	7,526.000000
29.557450	0.640	6,234.000000
29.568117	0.640	2,140.000000
29.578783	0.640	-1,590.000000
29.589450	0.640	373.000000
29.600117	0.640	3,916.000000
29.610783	0.640	3,811.000000
29.621450	0.640	2,547.000000
29.632117	0.640	3,344.000000
29.642783	0.640	5,347.000000
29.653450	0.640	7,620.000000
29.664117	0.640	10,657.000000
29.674783	0.640	11,647.000000
29.685450	0.640	9,114.000000
29.696117	0.640	8,057.000000
29.706783	0.640	8,573.000000
29.717450	0.640	5,921.000000
29.728117	0.640	1,794.000000
29.738783	0.640	-773.000000
29.749450	0.640	-1,820.000000
29.760117	0.640	-1,907.000000
29.770783	0.640	-1,499.000000
29.781450	0.640	1,484.000000
29.792117	0.640	7,884.000000
29.802783	0.640	13,657.000000
29.813450	0.640	15,332.000000
29.824117	0.640	13,825.000000
29.834783	0.640	11,770.000000
29.845450	0.640	9,051.000000
29.856117	0.640	4,299.000000
29.866783	0.640	-666.000000
29.877450	0.640	-1,844.000000
29.888117	0.640	1,416.000000
29.898783	0.640	4,938.000000
29.909450	0.640	5,690.000000
29.920117	0.640	3,826.000000
29.930783	0.640	586.000000
29.941450	0.640	-2,095.000000
29.952117	0.640	-2,595.000000
29.962783	0.640	1,576.000000
29.973450	0.640	9,991.000000
29.984117	0.640	14,349.000000
29.994783	0.640	10,386.000000
30.005450	0.640	4,837.000000
