File Path	chrom://nnfcb-l0495/ChromeleonLocal/20180320_AA_Lars Nielsen samples Vienna_lbpet.seq/868.smp/Emission_1.channel/Emission_1.chm
Channel	Emission_1

Injection Information:
Data Vault	ChromeleonLocal
Injection	AAmix_25ug_mL_1
Injection Number	10
Position	RC1
Comment	
Processing Method	20171024_Calculated with IS_lbpet
Instrument Method	20161104_AA_GeminiC18_FinalVer7
Type	Calibration Standard
Status	Finished
Injection Date	20-03-2018
Injection Time	15:46:48
Injection Volume (µl)	56.500
Dilution Factor	1.0000
Weight	1.0000

Raw Data Information:
Time Min. (min)	0.003883
Time Max. (min)	30.001550
Data Points	2813
Detector	FLD
Exporting Data System	Chromeleon 7.1.2.1478
Operator	
Signal Quantity	
Signal Unit	counts
Signal Min.	-6,585.000000
Signal Max.	73,405,350.000000
Channel	Emission_1
Driver Name	FLD3000.dll
Channel Type	Evaluation
Min. Step (s)	0.637
Max. Step (s)	0.820
Average Step (s)	0.640

Signal Parameter Information:
Signal Info	340 nm /450 nm

Raw Data:
Time (min)	Step (s)	Value (counts)
0.003883	0.000	0.000000
0.017550	0.820	0.000000
0.028217	0.640	0.000000
0.038883	0.640	-273.000000
0.049550	0.640	-901.000000
0.060217	0.640	-2,069.000000
0.070883	0.640	-3,331.000000
0.081550	0.640	-3,415.000000
0.092217	0.640	-2,445.000000
0.102883	0.640	-2,178.000000
0.113550	0.640	-2,896.000000
0.124217	0.640	-3,581.000000
0.134883	0.640	-3,880.000000
0.145550	0.640	-3,131.000000
0.156217	0.640	-902.000000
0.166883	0.640	865.000000
0.177550	0.640	484.000000
0.188217	0.640	-897.000000
0.198883	0.640	-2,302.000000
0.209550	0.640	-3,796.000000
0.220217	0.640	-4,416.000000
0.230883	0.640	-3,824.000000
0.241550	0.640	-3,964.000000
0.252217	0.640	-5,702.000000
0.262883	0.640	-6,585.000000
0.273550	0.640	-5,276.000000
0.284217	0.640	-4,007.000000
0.294883	0.640	-3,939.000000
0.305550	0.640	-3,559.000000
0.316217	0.640	-2,572.000000
0.326883	0.640	-2,310.000000
0.337550	0.640	-2,757.000000
0.348217	0.640	-3,038.000000
0.358883	0.640	-3,283.000000
0.369550	0.640	-3,605.000000
0.380217	0.640	-3,552.000000
0.390883	0.640	-3,391.000000
0.401550	0.640	-3,657.000000
0.412217	0.640	-4,051.000000
0.422883	0.640	-3,937.000000
0.433550	0.640	-3,122.000000
0.444217	0.640	-2,481.000000
0.454883	0.640	-2,872.000000
0.465550	0.640	-3,473.000000
0.476217	0.640	-3,455.000000
0.486883	0.640	-3,364.000000
0.497550	0.640	-3,539.000000
0.508217	0.640	-3,830.000000
0.518883	0.640	-4,503.000000
0.529550	0.640	-5,328.000000
0.540217	0.640	-4,975.000000
0.550883	0.640	-3,366.000000
0.561550	0.640	-3,011.000000
0.572217	0.640	-5,004.000000
0.582883	0.640	-6,374.000000
0.593550	0.640	-4,879.000000
0.604217	0.640	-2,613.000000
0.614883	0.640	-2,002.000000
0.625550	0.640	-2,343.000000
0.636217	0.640	-2,260.000000
0.646883	0.640	-1,953.000000
0.657550	0.640	-1,932.000000
0.668217	0.640	-2,346.000000
0.678883	0.640	-3,351.000000
0.689550	0.640	-4,560.000000
0.700217	0.640	-5,070.000000
0.710883	0.640	-4,455.000000
0.721550	0.640	-3,415.000000
0.732217	0.640	-3,049.000000
0.742883	0.640	-3,056.000000
0.753550	0.640	-2,388.000000
0.764217	0.640	-1,782.000000
0.774883	0.640	-2,603.000000
0.785550	0.640	-4,153.000000
0.796217	0.640	-5,021.000000
0.806883	0.640	-5,144.000000
0.817550	0.640	-4,704.000000
0.828217	0.640	-3,552.000000
0.838883	0.640	-2,708.000000
0.849550	0.640	-3,607.000000
0.860217	0.640	-5,567.000000
0.870883	0.640	-6,435.000000
0.881550	0.640	-5,533.000000
0.892217	0.640	-4,409.000000
0.902883	0.640	-4,570.000000
0.913550	0.640	-5,637.000000
0.924217	0.640	-5,990.000000
0.934883	0.640	-4,863.000000
0.945550	0.640	-3,547.000000
0.956217	0.640	-3,411.000000
0.966883	0.640	-3,528.000000
0.977550	0.640	-2,504.000000
0.988217	0.640	-1,099.000000
0.998883	0.640	-634.000000
1.009550	0.640	-888.000000
1.020217	0.640	-931.000000
1.030883	0.640	-623.000000
1.041550	0.640	-896.000000
1.052217	0.640	-2,195.000000
1.062883	0.640	-3,436.000000
1.073550	0.640	-3,760.000000
1.084217	0.640	-3,683.000000
1.094883	0.640	-3,524.000000
1.105550	0.640	-3,009.000000
1.116217	0.640	-2,628.000000
1.126883	0.640	-2,839.000000
1.137550	0.640	-2,904.000000
1.148217	0.640	-2,520.000000
1.158883	0.640	-2,733.000000
1.169550	0.640	-3,683.000000
1.180217	0.640	-3,840.000000
1.190883	0.640	-2,959.000000
1.201550	0.640	-2,765.000000
1.212217	0.640	-3,543.000000
1.222883	0.640	-3,596.000000
1.233550	0.640	-2,763.000000
1.244217	0.640	-2,743.000000
1.254883	0.640	-3,584.000000
1.265550	0.640	-3,557.000000
1.276217	0.640	-2,260.000000
1.286883	0.640	-986.000000
1.297550	0.640	-800.000000
1.308217	0.640	-1,410.000000
1.318883	0.640	-2,060.000000
1.329550	0.640	-3,082.000000
1.340217	0.640	-4,476.000000
1.350883	0.640	-4,757.000000
1.361550	0.640	-3,152.000000
1.372217	0.640	-853.000000
1.382883	0.640	-58.000000
1.393550	0.640	-1,459.000000
1.404217	0.640	-3,346.000000
1.414883	0.640	-4,470.000000
1.425550	0.640	-4,806.000000
1.436217	0.640	-4,123.000000
1.446883	0.640	-2,710.000000
1.457550	0.640	-1,607.000000
1.468217	0.640	-1,452.000000
1.478883	0.640	-2,411.000000
1.489550	0.640	-3,973.000000
1.500217	0.640	-4,868.000000
1.510883	0.640	-4,739.000000
1.521550	0.640	-4,423.000000
1.532217	0.640	-3,649.000000
1.542883	0.640	-1,740.000000
1.553550	0.640	-605.000000
1.564217	0.640	-1,974.000000
1.574883	0.640	-3,766.000000
1.585550	0.640	-3,475.000000
1.596217	0.640	-1,817.000000
1.606883	0.640	-1,017.000000
1.617550	0.640	-1,473.000000
1.628217	0.640	-1,713.000000
1.638883	0.640	-1,385.000000
1.649550	0.640	-1,825.000000
1.660217	0.640	-3,095.000000
1.670883	0.640	-3,362.000000
1.681550	0.640	-2,211.000000
1.692217	0.640	-1,367.000000
1.702883	0.640	-1,461.000000
1.713550	0.640	-1,637.000000
1.724217	0.640	-1,618.000000
1.734883	0.640	-1,442.000000
1.745550	0.640	-1,226.000000
1.756217	0.640	-1,509.000000
1.766883	0.640	-2,317.000000
1.777550	0.640	-2,959.000000
1.788217	0.640	-3,156.000000
1.798883	0.640	-3,691.000000
1.809550	0.640	-4,548.000000
1.820217	0.640	-4,087.000000
1.830883	0.640	-2,328.000000
1.841550	0.640	-1,157.000000
1.852217	0.640	-933.000000
1.862883	0.640	-958.000000
1.873550	0.640	-1,371.000000
1.884217	0.640	-2,288.000000
1.894883	0.640	-3,139.000000
1.905550	0.640	-3,447.000000
1.916217	0.640	-3,164.000000
1.926883	0.640	-2,096.000000
1.937550	0.640	-676.000000
1.948217	0.640	-580.000000
1.958883	0.640	-2,111.000000
1.969550	0.640	-3,762.000000
1.980217	0.640	-4,418.000000
1.990883	0.640	-3,905.000000
2.001550	0.640	-3,632.000000
2.012217	0.640	-4,551.000000
2.022883	0.640	-4,495.000000
2.033550	0.640	-2,245.000000
2.044217	0.640	-329.000000
2.054883	0.640	-661.000000
2.065550	0.640	-1,940.000000
2.076217	0.640	-2,296.000000
2.086883	0.640	-2,051.000000
2.097550	0.640	-2,273.000000
2.108217	0.640	-2,496.000000
2.118883	0.640	-2,168.000000
2.129550	0.640	-1,628.000000
2.140217	0.640	-1,428.000000
2.150883	0.640	-2,144.000000
2.161550	0.640	-3,325.000000
2.172217	0.640	-3,718.000000
2.182883	0.640	-3,435.000000
2.193550	0.640	-3,714.000000
2.204217	0.640	-3,899.000000
2.214883	0.640	-1,532.000000
2.225550	0.640	2,789.000000
2.236217	0.640	5,164.000000
2.246883	0.640	4,430.000000
2.257550	0.640	3,155.000000
2.268217	0.640	3,128.000000
2.278883	0.640	3,024.000000
2.289550	0.640	828.000000
2.300217	0.640	-2,183.000000
2.310883	0.640	-3,028.000000
2.321550	0.640	-1,712.000000
2.332217	0.640	-936.000000
2.342883	0.640	-2,003.000000
2.353550	0.640	-3,465.000000
2.364217	0.640	-3,865.000000
2.374883	0.640	-3,441.000000
2.385550	0.640	-2,989.000000
2.396217	0.640	-2,657.000000
2.406883	0.640	-2,290.000000
2.417550	0.640	-2,186.000000
2.428217	0.640	-2,512.000000
2.438883	0.640	-2,775.000000
2.449550	0.640	-2,503.000000
2.460217	0.640	-2,122.000000
2.470883	0.640	-2,106.000000
2.481550	0.640	-1,363.000000
2.492217	0.640	157.000000
2.502883	0.640	-134.000000
2.513550	0.640	-2,542.000000
2.524217	0.640	-3,917.000000
2.534883	0.640	-2,910.000000
2.545550	0.640	-1,412.000000
2.556217	0.640	-857.000000
2.566883	0.640	-782.000000
2.577550	0.640	-1,018.000000
2.588217	0.640	-1,736.000000
2.598883	0.640	-2,029.000000
2.609550	0.640	-1,881.000000
2.620217	0.640	-2,688.000000
2.630883	0.640	-3,790.000000
2.641550	0.640	-3,210.000000
2.652217	0.640	-1,618.000000
2.662883	0.640	-1,118.000000
2.673550	0.640	-1,648.000000
2.684217	0.640	-1,804.000000
2.694883	0.640	-1,146.000000
2.705550	0.640	1,170.000000
2.716217	0.640	7,230.000000
2.726883	0.640	15,422.000000
2.737550	0.640	19,480.000000
2.748217	0.640	17,369.000000
2.758883	0.640	13,514.000000
2.769550	0.640	10,464.000000
2.780217	0.640	6,896.000000
2.790883	0.640	3,179.000000
2.801550	0.640	1,600.000000
2.812217	0.640	1,315.000000
2.822883	0.640	-497.000000
2.833550	0.640	-2,775.000000
2.844217	0.640	-2,476.000000
2.854883	0.640	-692.000000
2.865550	0.640	-633.000000
2.876217	0.640	-2,598.000000
2.886883	0.640	-4,848.000000
2.897550	0.640	-5,821.000000
2.908217	0.640	-4,857.000000
2.918883	0.640	-2,888.000000
2.929550	0.640	-1,384.000000
2.940217	0.640	-479.000000
2.950883	0.640	288.000000
2.961550	0.640	905.000000
2.972217	0.640	2,734.000000
2.982883	0.640	8,291.000000
2.993550	0.640	18,882.000000
3.004217	0.640	37,380.000000
3.014883	0.640	70,259.000000
3.025550	0.640	123,883.000000
3.036217	0.640	206,212.000000
3.046883	0.640	336,640.000000
3.057550	0.640	559,103.000000
3.068217	0.640	963,022.000000
3.078883	0.640	1,711,450.000000
3.089550	0.640	3,055,210.000000
3.100217	0.640	5,285,949.000000
3.110883	0.640	8,567,983.000000
3.121550	0.640	12,667,101.000000
3.132217	0.640	16,804,967.000000
3.142883	0.640	19,908,489.000000
3.153550	0.640	21,177,178.000000
3.164217	0.640	20,545,208.000000
3.174883	0.640	18,643,291.000000
3.185550	0.640	16,330,979.000000
3.196217	0.640	14,258,781.000000
3.206883	0.640	12,707,154.000000
3.217550	0.640	11,660,580.000000
3.228217	0.640	10,989,881.000000
3.238883	0.640	10,548,965.000000
3.249550	0.640	10,170,403.000000
3.260217	0.640	9,723,259.000000
3.270883	0.640	9,169,702.000000
3.281550	0.640	8,481,126.000000
3.292217	0.640	7,596,289.000000
3.302883	0.640	6,520,687.000000
3.313550	0.640	5,352,016.000000
3.324217	0.640	4,203,343.000000
3.334883	0.640	3,163,172.000000
3.345550	0.640	2,285,124.000000
3.356217	0.640	1,584,735.000000
3.366883	0.640	1,057,410.000000
3.377550	0.640	686,932.000000
3.388217	0.640	441,167.000000
3.398883	0.640	282,996.000000
3.409550	0.640	183,818.000000
3.420217	0.640	122,223.000000
3.430883	0.640	82,278.000000
3.441550	0.640	55,138.000000
3.452217	0.640	37,215.000000
3.462883	0.640	26,614.000000
3.473550	0.640	20,229.000000
3.484217	0.640	14,834.000000
3.494883	0.640	10,094.000000
3.505550	0.640	7,502.000000
3.516217	0.640	6,433.000000
3.526883	0.640	4,624.000000
3.537550	0.640	2,603.000000
3.548217	0.640	2,483.000000
3.558883	0.640	3,551.000000
3.569550	0.640	3,530.000000
3.580217	0.640	2,166.000000
3.590883	0.640	898.000000
3.601550	0.640	454.000000
3.612217	0.640	757.000000
3.622883	0.640	1,459.000000
3.633550	0.640	1,732.000000
3.644217	0.640	1,336.000000
3.654883	0.640	795.000000
3.665550	0.640	233.000000
3.676217	0.640	-647.000000
3.686883	0.640	-1,957.000000
3.697550	0.640	-2,869.000000
3.708217	0.640	-2,276.000000
3.718883	0.640	-770.000000
3.729550	0.640	81.000000
3.740217	0.640	-157.000000
3.750883	0.640	-1,224.000000
3.761550	0.640	-2,400.000000
3.772217	0.640	-2,306.000000
3.782883	0.640	-1,086.000000
3.793550	0.640	1.000000
3.804217	0.640	1,277.000000
3.814883	0.640	3,192.000000
3.825550	0.640	4,650.000000
3.836217	0.640	5,348.000000
3.846883	0.640	6,994.000000
3.857550	0.640	9,636.000000
3.868217	0.640	10,473.000000
3.878883	0.640	9,357.000000
3.889550	0.640	8,900.000000
3.900217	0.640	9,037.000000
3.910883	0.640	8,757.000000
3.921550	0.640	8,486.000000
3.932217	0.640	7,473.000000
3.942883	0.640	4,802.000000
3.953550	0.640	1,938.000000
3.964217	0.640	854.000000
3.974883	0.640	1,202.000000
3.985550	0.640	1,139.000000
3.996217	0.640	154.000000
4.006883	0.640	-776.000000
4.017550	0.640	-816.000000
4.028217	0.640	-183.000000
4.038883	0.640	181.000000
4.049550	0.640	-219.000000
4.060217	0.640	-1,030.000000
4.070883	0.640	-1,369.000000
4.081550	0.640	-1,018.000000
4.092217	0.640	-792.000000
4.102883	0.640	-645.000000
4.113550	0.640	311.000000
4.124217	0.640	1,790.000000
4.134883	0.640	2,843.000000
4.145550	0.640	3,242.000000
4.156217	0.640	2,918.000000
4.166883	0.640	1,913.000000
4.177550	0.640	963.000000
4.188217	0.640	735.000000
4.198883	0.640	1,075.000000
4.209550	0.640	969.000000
4.220217	0.640	-164.000000
4.230883	0.640	-1,434.000000
4.241550	0.640	-1,838.000000
4.252217	0.640	-1,090.000000
4.262883	0.640	181.000000
4.273550	0.640	726.000000
4.284217	0.640	640.000000
4.294883	0.640	1,211.000000
4.305550	0.640	2,740.000000
4.316217	0.640	4,457.000000
4.326883	0.640	6,197.000000
4.337550	0.640	8,269.000000
4.348217	0.640	9,568.000000
4.358883	0.640	8,788.000000
4.369550	0.640	7,026.000000
4.380217	0.640	6,253.000000
4.390883	0.640	6,578.000000
4.401550	0.640	6,632.000000
4.412217	0.640	5,629.000000
4.422883	0.640	3,980.000000
4.433550	0.640	2,329.000000
4.444217	0.640	1,400.000000
4.454883	0.640	1,384.000000
4.465550	0.640	1,040.000000
4.476217	0.640	37.000000
4.486883	0.640	105.000000
4.497550	0.640	1,343.000000
4.508217	0.640	1,656.000000
4.518883	0.640	1,061.000000
4.529550	0.640	2,450.000000
4.540217	0.640	7,802.000000
4.550883	0.640	15,578.000000
4.561550	0.640	24,296.000000
4.572217	0.640	38,495.000000
4.582883	0.640	66,074.000000
4.593550	0.640	115,828.000000
4.604217	0.640	203,693.000000
4.614883	0.640	352,771.000000
4.625550	0.640	589,342.000000
4.636217	0.640	955,171.000000
4.646883	0.640	1,531,632.000000
4.657550	0.640	2,471,269.000000
4.668217	0.640	4,095,151.000000
4.678883	0.640	7,051,502.000000
4.689550	0.640	12,265,976.000000
4.700217	0.640	20,295,999.000000
4.710883	0.640	30,159,280.000000
4.721550	0.640	38,751,933.000000
4.732217	0.640	42,195,578.000000
4.742883	0.640	38,572,517.000000
4.753550	0.640	29,564,121.000000
4.764217	0.640	19,236,116.000000
4.774883	0.640	11,064,656.000000
4.785550	0.640	6,097,389.000000
4.796217	0.640	3,527,827.000000
4.806883	0.640	2,204,295.000000
4.817550	0.640	1,422,577.000000
4.828217	0.640	907,403.000000
4.838883	0.640	568,795.000000
4.849550	0.640	356,232.000000
4.860217	0.640	226,193.000000
4.870883	0.640	146,332.000000
4.881550	0.640	96,227.000000
4.892217	0.640	63,585.000000
4.902883	0.640	42,014.000000
4.913550	0.640	29,213.000000
4.924217	0.640	23,231.000000
4.934883	0.640	20,806.000000
4.945550	0.640	18,529.000000
4.956217	0.640	14,832.000000
4.966883	0.640	11,010.000000
4.977550	0.640	9,019.000000
4.988217	0.640	8,633.000000
4.998883	0.640	8,225.000000
5.009550	0.640	7,813.000000
5.020217	0.640	8,342.000000
5.030883	0.640	8,577.000000
5.041550	0.640	7,068.000000
5.052217	0.640	5,321.000000
5.062883	0.640	5,046.000000
5.073550	0.640	5,327.000000
5.084217	0.640	4,649.000000
5.094883	0.640	3,355.000000
5.105550	0.640	3,062.000000
5.116217	0.640	4,055.000000
5.126883	0.640	5,022.000000
5.137550	0.640	4,955.000000
5.148217	0.640	3,648.000000
5.158883	0.640	2,288.000000
5.169550	0.640	2,234.000000
5.180217	0.640	2,861.000000
5.190883	0.640	3,493.000000
5.201550	0.640	4,007.000000
5.212217	0.640	3,767.000000
5.222883	0.640	3,216.000000
5.233550	0.640	2,790.000000
5.244217	0.640	1,849.000000
5.254883	0.640	958.000000
5.265550	0.640	916.000000
5.276217	0.640	1,544.000000
5.286883	0.640	2,526.000000
5.297550	0.640	2,710.000000
5.308217	0.640	1,484.000000
5.318883	0.640	162.000000
5.329550	0.640	-126.000000
5.340217	0.640	806.000000
5.350883	0.640	2,388.000000
5.361550	0.640	3,146.000000
5.372217	0.640	2,369.000000
5.382883	0.640	1,105.000000
5.393550	0.640	1,020.000000
5.404217	0.640	2,534.000000
5.414883	0.640	3,752.000000
5.425550	0.640	3,160.000000
5.436217	0.640	2,638.000000
5.446883	0.640	3,734.000000
5.457550	0.640	4,314.000000
5.468217	0.640	3,020.000000
5.478883	0.640	2,080.000000
5.489550	0.640	3,558.000000
5.500217	0.640	6,427.000000
5.510883	0.640	9,446.000000
5.521550	0.640	14,152.000000
5.532217	0.640	22,200.000000
5.542883	0.640	33,808.000000
5.553550	0.640	49,410.000000
5.564217	0.640	67,536.000000
5.574883	0.640	82,899.000000
5.585550	0.640	90,500.000000
5.596217	0.640	89,106.000000
5.606883	0.640	81,378.000000
5.617550	0.640	71,915.000000
5.628217	0.640	62,638.000000
5.638883	0.640	52,538.000000
5.649550	0.640	41,215.000000
5.660217	0.640	29,672.000000
5.670883	0.640	20,012.000000
5.681550	0.640	13,493.000000
5.692217	0.640	9,045.000000
5.702883	0.640	5,945.000000
5.713550	0.640	4,907.000000
5.724217	0.640	5,694.000000
5.734883	0.640	6,803.000000
5.745550	0.640	6,861.000000
5.756217	0.640	5,359.000000
5.766883	0.640	3,554.000000
5.777550	0.640	3,161.000000
5.788217	0.640	3,573.000000
5.798883	0.640	3,358.000000
5.809550	0.640	2,614.000000
5.820217	0.640	1,674.000000
5.830883	0.640	746.000000
5.841550	0.640	391.000000
5.852217	0.640	513.000000
5.862883	0.640	798.000000
5.873550	0.640	1,229.000000
5.884217	0.640	1,439.000000
5.894883	0.640	1,670.000000
5.905550	0.640	2,379.000000
5.916217	0.640	2,700.000000
5.926883	0.640	2,433.000000
5.937550	0.640	2,588.000000
5.948217	0.640	2,881.000000
5.958883	0.640	2,609.000000
5.969550	0.640	2,402.000000
5.980217	0.640	2,613.000000
5.990883	0.640	2,853.000000
6.001550	0.640	3,125.000000
6.012217	0.640	3,190.000000
6.022883	0.640	2,954.000000
6.033550	0.640	3,180.000000
6.044217	0.640	4,031.000000
6.054883	0.640	4,426.000000
6.065550	0.640	3,442.000000
6.076217	0.640	2,590.000000
6.086883	0.640	4,290.000000
6.097550	0.640	7,367.000000
6.108217	0.640	9,824.000000
6.118883	0.640	14,039.000000
6.129550	0.640	23,112.000000
6.140217	0.640	36,062.000000
6.150883	0.640	49,190.000000
6.161550	0.640	58,742.000000
6.172217	0.640	62,388.000000
6.182883	0.640	59,591.000000
6.193550	0.640	51,387.000000
6.204217	0.640	40,130.000000
6.214883	0.640	28,796.000000
6.225550	0.640	20,514.000000
6.236217	0.640	16,608.000000
6.246883	0.640	16,478.000000
6.257550	0.640	21,859.000000
6.268217	0.640	35,507.000000
6.278883	0.640	57,452.000000
6.289550	0.640	90,862.000000
6.300217	0.640	145,752.000000
6.310883	0.640	232,909.000000
6.321550	0.640	364,716.000000
6.332217	0.640	560,964.000000
6.342883	0.640	854,038.000000
6.353550	0.640	1,307,943.000000
6.364217	0.640	2,042,019.000000
6.374883	0.640	3,247,485.000000
6.385550	0.640	5,184,891.000000
6.396217	0.640	8,082,166.000000
6.406883	0.640	11,887,019.000000
6.417550	0.640	16,021,073.000000
6.428217	0.640	19,419,639.000000
6.438883	0.640	21,005,069.000000
6.449550	0.640	20,291,360.000000
6.460217	0.640	17,607,687.000000
6.470883	0.640	13,824,818.000000
6.481550	0.640	9,895,597.000000
6.492217	0.640	6,525,248.000000
6.502883	0.640	4,037,500.000000
6.513550	0.640	2,402,946.000000
6.524217	0.640	1,406,862.000000
6.534883	0.640	825,372.000000
6.545550	0.640	494,202.000000
6.556217	0.640	304,264.000000
6.566883	0.640	190,280.000000
6.577550	0.640	120,427.000000
6.588217	0.640	78,197.000000
6.598883	0.640	51,983.000000
6.609550	0.640	35,672.000000
6.620217	0.640	26,335.000000
6.630883	0.640	20,893.000000
6.641550	0.640	16,868.000000
6.652217	0.640	13,831.000000
6.662883	0.640	12,781.000000
6.673550	0.640	13,885.000000
6.684217	0.640	15,590.000000
6.694883	0.640	16,298.000000
6.705550	0.640	16,298.000000
6.716217	0.640	16,315.000000
6.726883	0.640	15,379.000000
6.737550	0.640	13,224.000000
6.748217	0.640	11,212.000000
6.758883	0.640	9,779.000000
6.769550	0.640	8,821.000000
6.780217	0.640	8,898.000000
6.790883	0.640	10,181.000000
6.801550	0.640	12,538.000000
6.812217	0.640	16,646.000000
6.822883	0.640	22,732.000000
6.833550	0.640	29,566.000000
6.844217	0.640	36,666.000000
6.854883	0.640	44,663.000000
6.865550	0.640	52,844.000000
6.876217	0.640	58,605.000000
6.886883	0.640	59,797.000000
6.897550	0.640	57,098.000000
6.908217	0.640	52,615.000000
6.918883	0.640	47,046.000000
6.929550	0.640	40,402.000000
6.940217	0.640	34,767.000000
6.950883	0.640	33,212.000000
6.961550	0.640	35,294.000000
6.972217	0.640	37,043.000000
6.982883	0.640	35,563.000000
6.993550	0.640	31,311.000000
7.004217	0.640	25,936.000000
7.014883	0.640	19,839.000000
7.025550	0.640	13,619.000000
7.036217	0.640	9,133.000000
7.046883	0.640	6,990.000000
7.057550	0.640	6,004.000000
7.068217	0.640	5,068.000000
7.078883	0.640	3,671.000000
7.089550	0.640	2,309.000000
7.100217	0.640	2,345.000000
7.110883	0.640	3,799.000000
7.121550	0.640	4,402.000000
7.132217	0.640	3,103.000000
7.142883	0.640	2,356.000000
7.153550	0.640	3,625.000000
7.164217	0.640	4,980.000000
7.174883	0.640	4,960.000000
7.185550	0.640	4,344.000000
7.196217	0.640	4,454.000000
7.206883	0.640	5,324.000000
7.217550	0.640	5,861.000000
7.228217	0.640	5,580.000000
7.238883	0.640	4,647.000000
7.249550	0.640	3,593.000000
7.260217	0.640	3,210.000000
7.270883	0.640	3,181.000000
7.281550	0.640	2,839.000000
7.292217	0.640	3,061.000000
7.302883	0.640	4,429.000000
7.313550	0.640	5,428.000000
7.324217	0.640	5,029.000000
7.334883	0.640	4,345.000000
7.345550	0.640	4,687.000000
7.356217	0.640	5,855.000000
7.366883	0.640	6,416.000000
7.377550	0.640	5,556.000000
7.388217	0.640	4,013.000000
7.398883	0.640	3,192.000000
7.409550	0.640	4,104.000000
7.420217	0.640	5,817.000000
7.430883	0.640	6,011.000000
7.441550	0.640	4,712.000000
7.452217	0.640	4,009.000000
7.462883	0.640	4,258.000000
7.473550	0.640	4,662.000000
7.484217	0.640	4,791.000000
7.494883	0.640	4,250.000000
7.505550	0.640	3,692.000000
7.516217	0.640	3,894.000000
7.526883	0.640	3,829.000000
7.537550	0.640	2,999.000000
7.548217	0.640	2,974.000000
7.558883	0.640	3,881.000000
7.569550	0.640	3,689.000000
7.580217	0.640	2,725.000000
7.590883	0.640	3,165.000000
7.601550	0.640	4,101.000000
7.612217	0.640	4,019.000000
7.622883	0.640	4,375.000000
7.633550	0.640	5,166.000000
7.644217	0.640	4,259.000000
7.654883	0.640	1,872.000000
7.665550	0.640	341.000000
7.676217	0.640	1,470.000000
7.686883	0.640	4,798.000000
7.697550	0.640	8,151.000000
7.708217	0.640	10,603.000000
7.718883	0.640	14,268.000000
7.729550	0.640	22,709.000000
7.740217	0.640	38,388.000000
7.750883	0.640	64,618.000000
7.761550	0.640	108,469.000000
7.772217	0.640	179,855.000000
7.782883	0.640	289,807.000000
7.793550	0.640	453,281.000000
7.804217	0.640	697,857.000000
7.814883	0.640	1,064,314.000000
7.825550	0.640	1,605,271.000000
7.836217	0.640	2,407,810.000000
7.846883	0.640	3,631,696.000000
7.857550	0.640	5,566,460.000000
7.868217	0.640	8,697,249.000000
7.878883	0.640	13,600,942.000000
7.889550	0.640	20,531,851.000000
7.900217	0.640	28,911,789.000000
7.910883	0.640	37,087,548.000000
7.921550	0.640	42,676,614.000000
7.932217	0.640	43,629,117.000000
7.942883	0.640	39,467,544.000000
7.953550	0.640	31,655,273.000000
7.964217	0.640	22,680,820.000000
7.974883	0.640	14,708,544.000000
7.985550	0.640	8,830,178.000000
7.996217	0.640	5,080,516.000000
8.006883	0.640	2,904,470.000000
8.017550	0.640	1,687,893.000000
8.028217	0.640	1,009,859.000000
8.038883	0.640	626,587.000000
8.049550	0.640	399,563.000000
8.060217	0.640	255,886.000000
8.070883	0.640	164,545.000000
8.081550	0.640	111,259.000000
8.092217	0.640	82,287.000000
8.102883	0.640	65,936.000000
8.113550	0.640	56,196.000000
8.124217	0.640	50,027.000000
8.134883	0.640	44,992.000000
8.145550	0.640	39,299.000000
8.156217	0.640	33,181.000000
8.166883	0.640	28,327.000000
8.177550	0.640	24,910.000000
8.188217	0.640	21,975.000000
8.198883	0.640	19,736.000000
8.209550	0.640	19,007.000000
8.220217	0.640	19,076.000000
8.230883	0.640	18,076.000000
8.241550	0.640	16,059.000000
8.252217	0.640	14,692.000000
8.262883	0.640	13,832.000000
8.273550	0.640	12,089.000000
8.284217	0.640	9,659.000000
8.294883	0.640	8,226.000000
8.305550	0.640	8,504.000000
8.316217	0.640	8,877.000000
8.326883	0.640	7,926.000000
8.337550	0.640	6,644.000000
8.348217	0.640	6,327.000000
8.358883	0.640	6,573.000000
8.369550	0.640	6,420.000000
8.380217	0.640	6,144.000000
8.390883	0.640	6,520.000000
8.401550	0.640	7,014.000000
8.412217	0.640	6,693.000000
8.422883	0.640	5,859.000000
8.433550	0.640	5,555.000000
8.444217	0.640	6,178.000000
8.454883	0.640	7,145.000000
8.465550	0.640	7,801.000000
8.476217	0.640	8,321.000000
8.486883	0.640	9,343.000000
8.497550	0.640	10,877.000000
8.508217	0.640	13,074.000000
8.518883	0.640	16,779.000000
8.529550	0.640	22,689.000000
8.540217	0.640	33,301.000000
8.550883	0.640	53,159.000000
8.561550	0.640	85,827.000000
8.572217	0.640	136,417.000000
8.582883	0.640	215,548.000000
8.593550	0.640	336,194.000000
8.604217	0.640	512,546.000000
8.614883	0.640	771,054.000000
8.625550	0.640	1,154,812.000000
8.636217	0.640	1,711,331.000000
8.646883	0.640	2,505,897.000000
8.657550	0.640	3,661,234.000000
8.668217	0.640	5,379,628.000000
8.678883	0.640	7,973,626.000000
8.689550	0.640	11,896,876.000000
8.700217	0.640	17,629,775.000000
8.710883	0.640	25,305,545.000000
8.721550	0.640	34,210,879.000000
8.732217	0.640	42,591,064.000000
8.742883	0.640	48,139,044.000000
8.753550	0.640	49,023,152.000000
8.764217	0.640	44,856,408.000000
8.774883	0.640	36,929,251.000000
8.785550	0.640	27,481,485.000000
8.796217	0.640	18,634,629.000000
8.806883	0.640	11,694,744.000000
8.817550	0.640	6,973,917.000000
8.828217	0.640	4,069,888.000000
8.838883	0.640	2,373,789.000000
8.849550	0.640	1,406,027.000000
8.860217	0.640	860,105.000000
8.870883	0.640	545,347.000000
8.881550	0.640	354,371.000000
8.892217	0.640	235,067.000000
8.902883	0.640	160,214.000000
8.913550	0.640	113,356.000000
8.924217	0.640	83,653.000000
8.934883	0.640	63,549.000000
8.945550	0.640	50,150.000000
8.956217	0.640	42,813.000000
8.966883	0.640	38,491.000000
8.977550	0.640	34,220.000000
8.988217	0.640	30,805.000000
8.998883	0.640	29,371.000000
9.009550	0.640	28,369.000000
9.020217	0.640	26,239.000000
9.030883	0.640	23,858.000000
9.041550	0.640	22,239.000000
9.052217	0.640	20,125.000000
9.062883	0.640	16,950.000000
9.073550	0.640	14,904.000000
9.084217	0.640	15,570.000000
9.094883	0.640	17,191.000000
9.105550	0.640	17,037.000000
9.116217	0.640	15,359.000000
9.126883	0.640	14,193.000000
9.137550	0.640	14,024.000000
9.148217	0.640	14,290.000000
9.158883	0.640	14,424.000000
9.169550	0.640	13,862.000000
9.180217	0.640	13,408.000000
9.190883	0.640	15,084.000000
9.201550	0.640	17,936.000000
9.212217	0.640	18,126.000000
9.222883	0.640	15,466.000000
9.233550	0.640	13,676.000000
9.244217	0.640	13,981.000000
9.254883	0.640	13,906.000000
9.265550	0.640	12,174.000000
9.276217	0.640	10,427.000000
9.286883	0.640	9,894.000000
9.297550	0.640	10,344.000000
9.308217	0.640	11,267.000000
9.318883	0.640	11,953.000000
9.329550	0.640	11,862.000000
9.340217	0.640	11,122.000000
9.350883	0.640	10,244.000000
9.361550	0.640	9,615.000000
9.372217	0.640	9,416.000000
9.382883	0.640	9,838.000000
9.393550	0.640	10,464.000000
9.404217	0.640	10,316.000000
9.414883	0.640	9,952.000000
9.425550	0.640	10,863.000000
9.436217	0.640	12,212.000000
9.446883	0.640	12,388.000000
9.457550	0.640	12,370.000000
9.468217	0.640	14,547.000000
9.478883	0.640	20,650.000000
9.489550	0.640	31,637.000000
9.500217	0.640	48,272.000000
9.510883	0.640	72,640.000000
9.521550	0.640	110,482.000000
9.532217	0.640	171,291.000000
9.542883	0.640	266,235.000000
9.553550	0.640	406,073.000000
9.564217	0.640	603,066.000000
9.574883	0.640	880,088.000000
9.585550	0.640	1,274,990.000000
9.596217	0.640	1,842,125.000000
9.606883	0.640	2,674,111.000000
9.617550	0.640	3,941,207.000000
9.628217	0.640	5,937,945.000000
9.638883	0.640	9,101,643.000000
9.649550	0.640	13,887,213.000000
9.660217	0.640	20,404,417.000000
9.670883	0.640	27,946,471.000000
9.681550	0.640	34,839,368.000000
9.692217	0.640	38,967,964.000000
9.702883	0.640	38,785,648.000000
9.713550	0.640	34,207,576.000000
9.724217	0.640	26,758,454.000000
9.734883	0.640	18,726,415.000000
9.745550	0.640	11,928,854.000000
9.756217	0.640	7,087,012.000000
9.766883	0.640	4,052,352.000000
9.777550	0.640	2,321,043.000000
9.788217	0.640	1,381,954.000000
9.798883	0.640	862,926.000000
9.809550	0.640	553,492.000000
9.820217	0.640	359,060.000000
9.830883	0.640	237,128.000000
9.841550	0.640	160,340.000000
9.852217	0.640	111,701.000000
9.862883	0.640	83,906.000000
9.873550	0.640	73,360.000000
9.884217	0.640	75,422.000000
9.894883	0.640	86,008.000000
9.905550	0.640	106,696.000000
9.916217	0.640	143,691.000000
9.926883	0.640	204,523.000000
9.937550	0.640	297,522.000000
9.948217	0.640	432,098.000000
9.958883	0.640	623,604.000000
9.969550	0.640	898,956.000000
9.980217	0.640	1,303,997.000000
9.990883	0.640	1,920,126.000000
10.001550	0.640	2,884,462.000000
10.012217	0.640	4,396,528.000000
10.022883	0.640	6,643,405.000000
10.033550	0.640	9,610,396.000000
10.044217	0.640	12,904,031.000000
10.054883	0.640	15,733,609.000000
10.065550	0.640	17,164,261.000000
10.076217	0.640	16,620,855.000000
10.086883	0.640	14,256,364.000000
10.097550	0.640	10,857,874.000000
10.108217	0.640	7,409,648.000000
10.118883	0.640	4,620,499.000000
10.129550	0.640	2,716,427.000000
10.140217	0.640	1,568,849.000000
10.150883	0.640	930,310.000000
10.161550	0.640	583,719.000000
10.172217	0.640	387,845.000000
10.182883	0.640	269,339.000000
10.193550	0.640	196,840.000000
10.204217	0.640	154,613.000000
10.214883	0.640	130,775.000000
10.225550	0.640	115,955.000000
10.236217	0.640	103,431.000000
10.246883	0.640	91,754.000000
10.257550	0.640	82,329.000000
10.268217	0.640	73,761.000000
10.278883	0.640	64,532.000000
10.289550	0.640	56,581.000000
10.300217	0.640	52,156.000000
10.310883	0.640	50,219.000000
10.321550	0.640	48,540.000000
10.332217	0.640	48,111.000000
10.342883	0.640	50,889.000000
10.353550	0.640	55,926.000000
10.364217	0.640	62,653.000000
10.374883	0.640	72,907.000000
10.385550	0.640	86,502.000000
10.396217	0.640	99,310.000000
10.406883	0.640	105,984.000000
10.417550	0.640	102,911.000000
10.428217	0.640	91,534.000000
10.438883	0.640	77,705.000000
10.449550	0.640	65,047.000000
10.460217	0.640	53,468.000000
10.470883	0.640	44,184.000000
10.481550	0.640	39,022.000000
10.492217	0.640	36,721.000000
10.502883	0.640	35,310.000000
10.513550	0.640	35,053.000000
10.524217	0.640	36,674.000000
10.534883	0.640	38,574.000000
10.545550	0.640	38,264.000000
10.556217	0.640	36,434.000000
10.566883	0.640	35,597.000000
10.577550	0.640	35,733.000000
10.588217	0.640	35,611.000000
10.598883	0.640	35,196.000000
10.609550	0.640	34,503.000000
10.620217	0.640	33,907.000000
10.630883	0.640	34,290.000000
10.641550	0.640	34,868.000000
10.652217	0.640	34,740.000000
10.662883	0.640	35,288.000000
10.673550	0.640	37,103.000000
10.684217	0.640	38,554.000000
10.694883	0.640	38,865.000000
10.705550	0.640	38,565.000000
10.716217	0.640	38,071.000000
10.726883	0.640	38,044.000000
10.737550	0.640	38,694.000000
10.748217	0.640	38,420.000000
10.758883	0.640	36,490.000000
10.769550	0.640	34,893.000000
10.780217	0.640	34,441.000000
10.790883	0.640	33,943.000000
10.801550	0.640	33,430.000000
10.812217	0.640	33,501.000000
10.822883	0.640	34,867.000000
10.833550	0.640	38,590.000000
10.844217	0.640	43,965.000000
10.854883	0.640	50,759.000000
10.865550	0.640	61,607.000000
10.876217	0.640	79,256.000000
10.886883	0.640	107,398.000000
10.897550	0.640	152,482.000000
10.908217	0.640	222,478.000000
10.918883	0.640	331,408.000000
10.929550	0.640	502,005.000000
10.940217	0.640	756,977.000000
10.950883	0.640	1,122,079.000000
10.961550	0.640	1,644,695.000000
10.972217	0.640	2,393,310.000000
10.982883	0.640	3,455,090.000000
10.993550	0.640	4,973,116.000000
11.004217	0.640	7,208,159.000000
11.014883	0.640	10,601,973.000000
11.025550	0.640	15,788,650.000000
11.036217	0.640	23,426,256.000000
11.046883	0.640	33,765,402.000000
11.057550	0.640	46,062,557.000000
11.068217	0.640	58,221,393.000000
11.078883	0.640	67,186,488.000000
11.089550	0.640	70,197,593.000000
11.100217	0.640	66,183,657.000000
11.110883	0.640	56,307,285.000000
11.121550	0.640	43,344,151.000000
11.132217	0.640	30,384,799.000000
11.142883	0.640	19,648,251.000000
11.153550	0.640	11,993,852.000000
11.164217	0.640	7,166,650.000000
11.174883	0.640	4,387,777.000000
11.185550	0.640	2,884,935.000000
11.196217	0.640	2,141,855.000000
11.206883	0.640	1,881,247.000000
11.217550	0.640	1,957,650.000000
11.228217	0.640	2,303,266.000000
11.238883	0.640	2,926,160.000000
11.249550	0.640	3,908,701.000000
11.260217	0.640	5,435,435.000000
11.270883	0.640	7,835,053.000000
11.281550	0.640	11,522,474.000000
11.292217	0.640	16,817,796.000000
11.302883	0.640	23,656,926.000000
11.313550	0.640	31,238,552.000000
11.324217	0.640	37,937,800.000000
11.334883	0.640	41,842,693.000000
11.345550	0.640	41,651,497.000000
11.356217	0.640	37,323,668.000000
11.366883	0.640	30,134,539.000000
11.377550	0.640	22,040,959.000000
11.388217	0.640	14,746,980.000000
11.398883	0.640	9,159,384.000000
11.409550	0.640	5,409,899.000000
11.420217	0.640	3,148,176.000000
11.430883	0.640	1,868,517.000000
11.441550	0.640	1,148,254.000000
11.452217	0.640	728,616.000000
11.462883	0.640	477,863.000000
11.473550	0.640	327,371.000000
11.484217	0.640	235,308.000000
11.494883	0.640	178,074.000000
11.505550	0.640	142,709.000000
11.516217	0.640	120,276.000000
11.526883	0.640	106,537.000000
11.537550	0.640	99,600.000000
11.548217	0.640	96,267.000000
11.558883	0.640	93,632.000000
11.569550	0.640	91,420.000000
11.580217	0.640	89,336.000000
11.590883	0.640	85,362.000000
11.601550	0.640	79,828.000000
11.612217	0.640	75,240.000000
11.622883	0.640	72,139.000000
11.633550	0.640	69,583.000000
11.644217	0.640	67,061.000000
11.654883	0.640	65,185.000000
11.665550	0.640	65,571.000000
11.676217	0.640	67,898.000000
11.686883	0.640	69,117.000000
11.697550	0.640	68,623.000000
11.708217	0.640	69,292.000000
11.718883	0.640	72,307.000000
11.729550	0.640	76,756.000000
11.740217	0.640	82,568.000000
11.750883	0.640	89,395.000000
11.761550	0.640	96,386.000000
11.772217	0.640	105,446.000000
11.782883	0.640	119,513.000000
11.793550	0.640	139,917.000000
11.804217	0.640	171,075.000000
11.814883	0.640	221,882.000000
11.825550	0.640	300,888.000000
11.836217	0.640	418,068.000000
11.846883	0.640	588,217.000000
11.857550	0.640	824,147.000000
11.868217	0.640	1,127,402.000000
11.878883	0.640	1,489,366.000000
11.889550	0.640	1,908,826.000000
11.900217	0.640	2,422,735.000000
11.910883	0.640	3,135,196.000000
11.921550	0.640	4,237,313.000000
11.932217	0.640	6,033,682.000000
11.942883	0.640	8,933,172.000000
11.953550	0.640	13,295,650.000000
11.964217	0.640	19,125,302.000000
11.974883	0.640	25,734,331.000000
11.985550	0.640	31,644,975.000000
11.996217	0.640	35,032,785.000000
12.006883	0.640	34,617,510.000000
12.017550	0.640	30,428,963.000000
12.028217	0.640	23,835,902.000000
12.038883	0.640	16,757,460.000000
12.049550	0.640	10,714,718.000000
12.060217	0.640	6,389,453.000000
12.070883	0.640	3,707,720.000000
12.081550	0.640	2,190,809.000000
12.092217	0.640	1,346,245.000000
12.102883	0.640	860,773.000000
12.113550	0.640	573,093.000000
12.124217	0.640	397,590.000000
12.134883	0.640	285,821.000000
12.145550	0.640	213,254.000000
12.156217	0.640	167,218.000000
12.166883	0.640	137,184.000000
12.177550	0.640	116,088.000000
12.188217	0.640	101,202.000000
12.198883	0.640	91,363.000000
12.209550	0.640	85,451.000000
12.220217	0.640	81,618.000000
12.230883	0.640	79,056.000000
12.241550	0.640	77,861.000000
12.252217	0.640	76,989.000000
12.262883	0.640	75,539.000000
12.273550	0.640	73,527.000000
12.284217	0.640	70,781.000000
12.294883	0.640	67,368.000000
12.305550	0.640	64,834.000000
12.316217	0.640	64,801.000000
12.326883	0.640	67,223.000000
12.337550	0.640	70,858.000000
12.348217	0.640	73,032.000000
12.358883	0.640	71,746.000000
12.369550	0.640	69,717.000000
12.380217	0.640	71,017.000000
12.390883	0.640	74,603.000000
12.401550	0.640	76,871.000000
12.412217	0.640	77,685.000000
12.422883	0.640	78,414.000000
12.433550	0.640	79,289.000000
12.444217	0.640	81,485.000000
12.454883	0.640	84,779.000000
12.465550	0.640	86,701.000000
12.476217	0.640	87,891.000000
12.486883	0.640	91,044.000000
12.497550	0.640	95,616.000000
12.508217	0.640	98,436.000000
12.518883	0.640	98,532.000000
12.529550	0.640	98,988.000000
12.540217	0.640	101,328.000000
12.550883	0.640	103,154.000000
12.561550	0.640	104,816.000000
12.572217	0.640	108,710.000000
12.582883	0.640	113,008.000000
12.593550	0.640	114,555.000000
12.604217	0.640	112,611.000000
12.614883	0.640	107,545.000000
12.625550	0.640	101,500.000000
12.636217	0.640	97,634.000000
12.646883	0.640	95,789.000000
12.657550	0.640	93,326.000000
12.668217	0.640	89,757.000000
12.678883	0.640	86,735.000000
12.689550	0.640	85,106.000000
12.700217	0.640	83,733.000000
12.710883	0.640	80,743.000000
12.721550	0.640	76,261.000000
12.732217	0.640	72,890.000000
12.742883	0.640	72,180.000000
12.753550	0.640	72,805.000000
12.764217	0.640	72,781.000000
12.774883	0.640	71,815.000000
12.785550	0.640	71,306.000000
12.796217	0.640	71,253.000000
12.806883	0.640	69,992.000000
12.817550	0.640	68,446.000000
12.828217	0.640	68,697.000000
12.838883	0.640	69,612.000000
12.849550	0.640	69,059.000000
12.860217	0.640	66,228.000000
12.870883	0.640	61,669.000000
12.881550	0.640	58,334.000000
12.892217	0.640	58,113.000000
12.902883	0.640	58,962.000000
12.913550	0.640	58,844.000000
12.924217	0.640	57,539.000000
12.934883	0.640	55,517.000000
12.945550	0.640	54,542.000000
12.956217	0.640	55,724.000000
12.966883	0.640	56,589.000000
12.977550	0.640	54,435.000000
12.988217	0.640	50,945.000000
12.998883	0.640	50,250.000000
13.009550	0.640	53,453.000000
13.020217	0.640	56,900.000000
13.030883	0.640	57,376.000000
13.041550	0.640	55,862.000000
13.052217	0.640	53,767.000000
13.062883	0.640	51,619.000000
13.073550	0.640	51,156.000000
13.084217	0.640	52,292.000000
13.094883	0.640	52,264.000000
13.105550	0.640	50,579.000000
13.116217	0.640	50,282.000000
13.126883	0.640	53,174.000000
13.137550	0.640	56,521.000000
13.148217	0.640	57,870.000000
13.158883	0.640	58,554.000000
13.169550	0.640	59,593.000000
13.180217	0.640	60,583.000000
13.190883	0.640	61,540.000000
13.201550	0.640	62,341.000000
13.212217	0.640	62,708.000000
13.222883	0.640	62,981.000000
13.233550	0.640	63,698.000000
13.244217	0.640	64,029.000000
13.254883	0.640	62,548.000000
13.265550	0.640	60,272.000000
13.276217	0.640	59,733.000000
13.286883	0.640	61,067.000000
13.297550	0.640	62,072.000000
13.308217	0.640	61,296.000000
13.318883	0.640	58,707.000000
13.329550	0.640	55,800.000000
13.340217	0.640	55,000.000000
13.350883	0.640	55,860.000000
13.361550	0.640	55,388.000000
13.372217	0.640	53,731.000000
13.382883	0.640	53,968.000000
13.393550	0.640	55,692.000000
13.404217	0.640	55,353.000000
13.414883	0.640	52,549.000000
13.425550	0.640	50,047.000000
13.436217	0.640	49,630.000000
13.446883	0.640	51,110.000000
13.457550	0.640	53,183.000000
13.468217	0.640	54,765.000000
13.478883	0.640	55,583.000000
13.489550	0.640	55,252.000000
13.500217	0.640	54,369.000000
13.510883	0.640	54,890.000000
13.521550	0.640	56,884.000000
13.532217	0.640	58,541.000000
13.542883	0.640	58,740.000000
13.553550	0.640	57,041.000000
13.564217	0.640	54,491.000000
13.574883	0.640	53,393.000000
13.585550	0.640	54,447.000000
13.596217	0.640	56,625.000000
13.606883	0.640	58,215.000000
13.617550	0.640	57,983.000000
13.628217	0.640	57,228.000000
13.638883	0.640	58,317.000000
13.649550	0.640	61,925.000000
13.660217	0.640	67,801.000000
13.670883	0.640	75,129.000000
13.681550	0.640	83,514.000000
13.692217	0.640	96,296.000000
13.702883	0.640	118,198.000000
13.713550	0.640	151,086.000000
13.724217	0.640	195,436.000000
13.734883	0.640	253,224.000000
13.745550	0.640	330,582.000000
13.756217	0.640	437,462.000000
13.766883	0.640	583,686.000000
13.777550	0.640	780,663.000000
13.788217	0.640	1,044,932.000000
13.798883	0.640	1,393,358.000000
13.809550	0.640	1,842,790.000000
13.820217	0.640	2,421,922.000000
13.830883	0.640	3,182,995.000000
13.841550	0.640	4,208,757.000000
13.852217	0.640	5,612,253.000000
13.862883	0.640	7,553,272.000000
13.873550	0.640	10,272,635.000000
13.884217	0.640	14,057,714.000000
13.894883	0.640	19,117,054.000000
13.905550	0.640	25,420,745.000000
13.916217	0.640	32,542,394.000000
13.926883	0.640	39,603,793.000000
13.937550	0.640	45,415,447.000000
13.948217	0.640	48,772,502.000000
13.958883	0.640	48,855,511.000000
13.969550	0.640	45,584,199.000000
13.980217	0.640	39,642,770.000000
13.990883	0.640	32,183,639.000000
14.001550	0.640	24,440,693.000000
14.012217	0.640	17,419,185.000000
14.022883	0.640	11,732,879.000000
14.033550	0.640	7,553,874.000000
14.044217	0.640	4,708,150.000000
14.054883	0.640	2,881,378.000000
14.065550	0.640	1,764,394.000000
14.076217	0.640	1,106,674.000000
14.086883	0.640	726,052.000000
14.097550	0.640	501,584.000000
14.108217	0.640	364,608.000000
14.118883	0.640	279,159.000000
14.129550	0.640	222,986.000000
14.140217	0.640	183,646.000000
14.150883	0.640	155,220.000000
14.161550	0.640	133,728.000000
14.172217	0.640	117,969.000000
14.182883	0.640	107,641.000000
14.193550	0.640	100,049.000000
14.204217	0.640	92,205.000000
14.214883	0.640	84,472.000000
14.225550	0.640	79,792.000000
14.236217	0.640	79,505.000000
14.246883	0.640	82,044.000000
14.257550	0.640	84,138.000000
14.268217	0.640	83,213.000000
14.278883	0.640	80,548.000000
14.289550	0.640	79,163.000000
14.300217	0.640	79,740.000000
14.310883	0.640	81,007.000000
14.321550	0.640	81,966.000000
14.332217	0.640	82,732.000000
14.342883	0.640	84,083.000000
14.353550	0.640	86,882.000000
14.364217	0.640	90,922.000000
14.374883	0.640	94,380.000000
14.385550	0.640	95,996.000000
14.396217	0.640	95,908.000000
14.406883	0.640	93,447.000000
14.417550	0.640	88,381.000000
14.428217	0.640	83,397.000000
14.438883	0.640	80,897.000000
14.449550	0.640	80,447.000000
14.460217	0.640	80,563.000000
14.470883	0.640	80,186.000000
14.481550	0.640	80,064.000000
14.492217	0.640	81,363.000000
14.502883	0.640	82,481.000000
14.513550	0.640	81,998.000000
14.524217	0.640	81,964.000000
14.534883	0.640	83,582.000000
14.545550	0.640	84,495.000000
14.556217	0.640	83,800.000000
14.566883	0.640	83,830.000000
14.577550	0.640	85,362.000000
14.588217	0.640	87,303.000000
14.598883	0.640	90,049.000000
14.609550	0.640	94,191.000000
14.620217	0.640	98,651.000000
14.630883	0.640	103,324.000000
14.641550	0.640	110,541.000000
14.652217	0.640	121,019.000000
14.662883	0.640	131,952.000000
14.673550	0.640	140,152.000000
14.684217	0.640	142,141.000000
14.694883	0.640	135,519.000000
14.705550	0.640	124,300.000000
14.716217	0.640	115,274.000000
14.726883	0.640	109,364.000000
14.737550	0.640	103,816.000000
14.748217	0.640	100,516.000000
14.758883	0.640	104,157.000000
14.769550	0.640	113,176.000000
14.780217	0.640	121,176.000000
14.790883	0.640	125,009.000000
14.801550	0.640	124,564.000000
14.812217	0.640	120,554.000000
14.822883	0.640	115,908.000000
14.833550	0.640	112,943.000000
14.844217	0.640	110,695.000000
14.854883	0.640	108,546.000000
14.865550	0.640	107,830.000000
14.876217	0.640	109,005.000000
14.886883	0.640	110,816.000000
14.897550	0.640	111,788.000000
14.908217	0.640	111,381.000000
14.918883	0.640	110,023.000000
14.929550	0.640	108,214.000000
14.940217	0.640	107,050.000000
14.950883	0.640	108,597.000000
14.961550	0.640	112,185.000000
14.972217	0.640	114,029.000000
14.982883	0.640	113,614.000000
14.993550	0.640	113,198.000000
15.004217	0.640	112,742.000000
15.014883	0.640	112,613.000000
15.025550	0.640	113,503.000000
15.036217	0.640	113,168.000000
15.046883	0.640	111,911.000000
15.057550	0.640	113,515.000000
15.068217	0.640	117,044.000000
15.078883	0.640	118,436.000000
15.089550	0.640	118,386.000000
15.100217	0.640	120,627.000000
15.110883	0.640	126,731.000000
15.121550	0.640	134,574.000000
15.132217	0.640	139,939.000000
15.142883	0.640	140,906.000000
15.153550	0.640	138,450.000000
15.164217	0.640	135,787.000000
15.174883	0.640	136,709.000000
15.185550	0.640	138,600.000000
15.196217	0.640	135,862.000000
15.206883	0.640	130,482.000000
15.217550	0.640	128,586.000000
15.228217	0.640	131,614.000000
15.238883	0.640	136,186.000000
15.249550	0.640	139,022.000000
15.260217	0.640	138,976.000000
15.270883	0.640	136,984.000000
15.281550	0.640	136,728.000000
15.292217	0.640	138,942.000000
15.302883	0.640	138,752.000000
15.313550	0.640	136,153.000000
15.324217	0.640	137,505.000000
15.334883	0.640	143,367.000000
15.345550	0.640	147,320.000000
15.356217	0.640	147,118.000000
15.366883	0.640	146,613.000000
15.377550	0.640	146,978.000000
15.388217	0.640	145,923.000000
15.398883	0.640	144,583.000000
15.409550	0.640	147,356.000000
15.420217	0.640	154,563.000000
15.430883	0.640	160,141.000000
15.441550	0.640	159,561.000000
15.452217	0.640	155,346.000000
15.462883	0.640	152,503.000000
15.473550	0.640	153,985.000000
15.484217	0.640	159,499.000000
15.494883	0.640	165,522.000000
15.505550	0.640	169,278.000000
15.516217	0.640	171,285.000000
15.526883	0.640	173,196.000000
15.537550	0.640	178,106.000000
15.548217	0.640	190,932.000000
15.558883	0.640	212,854.000000
15.569550	0.640	238,104.000000
15.580217	0.640	256,590.000000
15.590883	0.640	258,756.000000
15.601550	0.640	244,254.000000
15.612217	0.640	222,558.000000
15.622883	0.640	202,184.000000
15.633550	0.640	188,339.000000
15.644217	0.640	183,602.000000
15.654883	0.640	182,597.000000
15.665550	0.640	178,351.000000
15.676217	0.640	171,943.000000
15.686883	0.640	167,702.000000
15.697550	0.640	167,766.000000
15.708217	0.640	171,457.000000
15.718883	0.640	175,918.000000
15.729550	0.640	180,917.000000
15.740217	0.640	190,366.000000
15.750883	0.640	208,724.000000
15.761550	0.640	240,304.000000
15.772217	0.640	293,734.000000
15.782883	0.640	387,300.000000
15.793550	0.640	549,672.000000
15.804217	0.640	823,811.000000
15.814883	0.640	1,279,000.000000
15.825550	0.640	2,033,012.000000
15.836217	0.640	3,315,240.000000
15.846883	0.640	5,586,284.000000
15.857550	0.640	9,615,337.000000
15.868217	0.640	16,158,053.000000
15.878883	0.640	24,934,301.000000
15.889550	0.640	33,638,526.000000
15.900217	0.640	38,560,532.000000
15.910883	0.640	37,070,267.000000
15.921550	0.640	29,789,982.000000
15.932217	0.640	20,153,156.000000
15.942883	0.640	11,786,150.000000
15.953550	0.640	6,344,354.000000
15.964217	0.640	3,477,893.000000
15.974883	0.640	2,108,252.000000
15.985550	0.640	1,408,440.000000
15.996217	0.640	992,088.000000
16.006883	0.640	727,977.000000
16.017550	0.640	564,000.000000
16.028217	0.640	458,519.000000
16.038883	0.640	384,897.000000
16.049550	0.640	339,015.000000
16.060217	0.640	319,505.000000
16.070883	0.640	315,368.000000
16.081550	0.640	317,203.000000
16.092217	0.640	322,680.000000
16.102883	0.640	330,320.000000
16.113550	0.640	340,864.000000
16.124217	0.640	358,697.000000
16.134883	0.640	383,366.000000
16.145550	0.640	408,185.000000
16.156217	0.640	429,353.000000
16.166883	0.640	445,831.000000
16.177550	0.640	452,460.000000
16.188217	0.640	442,960.000000
16.198883	0.640	417,295.000000
16.209550	0.640	383,337.000000
16.220217	0.640	352,273.000000
16.230883	0.640	329,870.000000
16.241550	0.640	313,960.000000
16.252217	0.640	302,261.000000
16.262883	0.640	295,249.000000
16.273550	0.640	290,901.000000
16.284217	0.640	287,981.000000
16.294883	0.640	289,010.000000
16.305550	0.640	291,517.000000
16.316217	0.640	290,887.000000
16.326883	0.640	290,443.000000
16.337550	0.640	294,086.000000
16.348217	0.640	299,659.000000
16.358883	0.640	304,580.000000
16.369550	0.640	307,025.000000
16.380217	0.640	306,147.000000
16.390883	0.640	304,697.000000
16.401550	0.640	305,228.000000
16.412217	0.640	307,442.000000
16.422883	0.640	310,861.000000
16.433550	0.640	315,415.000000
16.444217	0.640	321,880.000000
16.454883	0.640	335,771.000000
16.465550	0.640	365,757.000000
16.476217	0.640	418,826.000000
16.486883	0.640	507,029.000000
16.497550	0.640	655,024.000000
16.508217	0.640	899,158.000000
16.518883	0.640	1,293,918.000000
16.529550	0.640	1,936,663.000000
16.540217	0.640	3,020,534.000000
16.550883	0.640	4,918,652.000000
16.561550	0.640	8,205,171.000000
16.572217	0.640	13,374,488.000000
16.582883	0.640	20,157,685.000000
16.593550	0.640	26,915,567.000000
16.604217	0.640	30,985,527.000000
16.614883	0.640	30,272,783.000000
16.625550	0.640	24,958,168.000000
16.636217	0.640	17,491,846.000000
16.646883	0.640	10,693,470.000000
16.657550	0.640	6,006,921.000000
16.668217	0.640	3,371,709.000000
16.678883	0.640	2,064,014.000000
16.689550	0.640	1,409,751.000000
16.700217	0.640	1,033,263.000000
16.710883	0.640	791,322.000000
16.721550	0.640	635,784.000000
16.732217	0.640	539,765.000000
16.742883	0.640	481,798.000000
16.753550	0.640	446,373.000000
16.764217	0.640	424,900.000000
16.774883	0.640	414,443.000000
16.785550	0.640	412,964.000000
16.796217	0.640	417,177.000000
16.806883	0.640	424,034.000000
16.817550	0.640	432,553.000000
16.828217	0.640	445,047.000000
16.838883	0.640	463,523.000000
16.849550	0.640	485,616.000000
16.860217	0.640	505,566.000000
16.870883	0.640	516,546.000000
16.881550	0.640	515,319.000000
16.892217	0.640	507,303.000000
16.902883	0.640	499,907.000000
16.913550	0.640	493,976.000000
16.924217	0.640	488,558.000000
16.934883	0.640	483,431.000000
16.945550	0.640	478,163.000000
16.956217	0.640	475,702.000000
16.966883	0.640	480,132.000000
16.977550	0.640	490,831.000000
16.988217	0.640	501,747.000000
16.998883	0.640	508,502.000000
17.009550	0.640	515,558.000000
17.020217	0.640	532,151.000000
17.030883	0.640	563,100.000000
17.041550	0.640	606,144.000000
17.052217	0.640	660,252.000000
17.062883	0.640	734,181.000000
17.073550	0.640	845,171.000000
17.084217	0.640	1,013,949.000000
17.094883	0.640	1,265,109.000000
17.105550	0.640	1,638,005.000000
17.116217	0.640	2,195,529.000000
17.126883	0.640	3,021,528.000000
17.137550	0.640	4,200,102.000000
17.148217	0.640	5,763,476.000000
17.158883	0.640	7,653,598.000000
17.169550	0.640	9,712,320.000000
17.180217	0.640	11,653,628.000000
17.190883	0.640	13,088,691.000000
17.201550	0.640	13,673,202.000000
17.212217	0.640	13,260,478.000000
17.222883	0.640	11,940,037.000000
17.233550	0.640	9,989,447.000000
17.244217	0.640	7,788,606.000000
17.254883	0.640	5,702,854.000000
17.265550	0.640	3,974,869.000000
17.276217	0.640	2,688,112.000000
17.286883	0.640	1,812,947.000000
17.297550	0.640	1,265,695.000000
17.308217	0.640	941,367.000000
17.318883	0.640	749,632.000000
17.329550	0.640	637,169.000000
17.340217	0.640	575,186.000000
17.350883	0.640	542,563.000000
17.361550	0.640	523,222.000000
17.372217	0.640	509,516.000000
17.382883	0.640	500,736.000000
17.393550	0.640	498,239.000000
17.404217	0.640	502,037.000000
17.414883	0.640	508,228.000000
17.425550	0.640	512,883.000000
17.436217	0.640	517,917.000000
17.446883	0.640	527,094.000000
17.457550	0.640	540,348.000000
17.468217	0.640	554,222.000000
17.478883	0.640	565,817.000000
17.489550	0.640	578,023.000000
17.500217	0.640	596,674.000000
17.510883	0.640	619,187.000000
17.521550	0.640	635,726.000000
17.532217	0.640	646,382.000000
17.542883	0.640	663,754.000000
17.553550	0.640	696,031.000000
17.564217	0.640	743,131.000000
17.574883	0.640	802,726.000000
17.585550	0.640	867,839.000000
17.596217	0.640	928,154.000000
17.606883	0.640	971,114.000000
17.617550	0.640	982,974.000000
17.628217	0.640	959,613.000000
17.638883	0.640	908,174.000000
17.649550	0.640	842,838.000000
17.660217	0.640	782,016.000000
17.670883	0.640	737,521.000000
17.681550	0.640	712,147.000000
17.692217	0.640	702,951.000000
17.702883	0.640	699,820.000000
17.713550	0.640	693,813.000000
17.724217	0.640	686,693.000000
17.734883	0.640	685,713.000000
17.745550	0.640	692,059.000000
17.756217	0.640	699,361.000000
17.766883	0.640	703,530.000000
17.777550	0.640	707,956.000000
17.788217	0.640	716,966.000000
17.798883	0.640	728,033.000000
17.809550	0.640	735,815.000000
17.820217	0.640	740,730.000000
17.830883	0.640	746,765.000000
17.841550	0.640	755,464.000000
17.852217	0.640	765,755.000000
17.862883	0.640	776,982.000000
17.873550	0.640	789,288.000000
17.884217	0.640	800,229.000000
17.894883	0.640	808,195.000000
17.905550	0.640	817,671.000000
17.916217	0.640	831,616.000000
17.926883	0.640	847,026.000000
17.937550	0.640	860,933.000000
17.948217	0.640	872,392.000000
17.958883	0.640	883,956.000000
17.969550	0.640	899,619.000000
17.980217	0.640	917,696.000000
17.990883	0.640	933,982.000000
18.001550	0.640	947,236.000000
18.012217	0.640	959,467.000000
18.022883	0.640	976,248.000000
18.033550	0.640	998,166.000000
18.044217	0.640	1,017,849.000000
18.054883	0.640	1,034,291.000000
18.065550	0.640	1,053,286.000000
18.076217	0.640	1,076,853.000000
18.086883	0.640	1,106,776.000000
18.097550	0.640	1,147,165.000000
18.108217	0.640	1,198,775.000000
18.118883	0.640	1,260,491.000000
18.129550	0.640	1,337,874.000000
18.140217	0.640	1,443,736.000000
18.150883	0.640	1,592,822.000000
18.161550	0.640	1,803,507.000000
18.172217	0.640	2,100,234.000000
18.182883	0.640	2,507,620.000000
18.193550	0.640	3,047,578.000000
18.204217	0.640	3,754,462.000000
18.214883	0.640	4,694,376.000000
18.225550	0.640	5,973,319.000000
18.236217	0.640	7,742,377.000000
18.246883	0.640	10,213,290.000000
18.257550	0.640	13,691,051.000000
18.268217	0.640	18,584,821.000000
18.278883	0.640	25,326,561.000000
18.289550	0.640	34,125,292.000000
18.300217	0.640	44,603,640.000000
18.310883	0.640	55,598,658.000000
18.321550	0.640	65,319,448.000000
18.332217	0.640	71,782,010.000000
18.342883	0.640	73,405,350.000000
18.353550	0.640	69,630,993.000000
18.364217	0.640	61,224,671.000000
18.374883	0.640	49,966,523.000000
18.385550	0.640	37,963,643.000000
18.396217	0.640	26,994,401.000000
18.406883	0.640	18,106,287.000000
18.417550	0.640	11,590,145.000000
18.428217	0.640	7,205,740.000000
18.438883	0.640	4,454,748.000000
18.449550	0.640	2,812,267.000000
18.460217	0.640	1,865,766.000000
18.470883	0.640	1,352,656.000000
18.481550	0.640	1,125,867.000000
18.492217	0.640	1,100,864.000000
18.502883	0.640	1,221,736.000000
18.513550	0.640	1,458,887.000000
18.524217	0.640	1,821,086.000000
18.534883	0.640	2,345,007.000000
18.545550	0.640	3,071,687.000000
18.556217	0.640	4,063,195.000000
18.566883	0.640	5,459,074.000000
18.577550	0.640	7,499,543.000000
18.588217	0.640	10,491,387.000000
18.598883	0.640	14,736,564.000000
18.609550	0.640	20,400,621.000000
18.620217	0.640	27,308,050.000000
18.630883	0.640	34,737,234.000000
18.641550	0.640	41,414,060.000000
18.652217	0.640	45,867,958.000000
18.662883	0.640	47,006,715.000000
18.673550	0.640	44,565,121.000000
18.684217	0.640	39,141,833.000000
18.694883	0.640	31,881,607.000000
18.705550	0.640	24,119,610.000000
18.716217	0.640	17,033,522.000000
18.726883	0.640	11,326,517.000000
18.737550	0.640	7,174,591.000000
18.748217	0.640	4,404,683.000000
18.758883	0.640	2,685,195.000000
18.769550	0.640	1,662,400.000000
18.780217	0.640	1,055,057.000000
18.790883	0.640	686,754.000000
18.801550	0.640	460,639.000000
18.812217	0.640	324,935.000000
18.822883	0.640	247,983.000000
18.833550	0.640	206,568.000000
18.844217	0.640	186,417.000000
18.854883	0.640	180,836.000000
18.865550	0.640	187,565.000000
18.876217	0.640	207,506.000000
18.886883	0.640	242,530.000000
18.897550	0.640	294,502.000000
18.908217	0.640	366,850.000000
18.918883	0.640	466,586.000000
18.929550	0.640	603,009.000000
18.940217	0.640	781,097.000000
18.950883	0.640	1,003,942.000000
18.961550	0.640	1,287,578.000000
18.972217	0.640	1,658,910.000000
18.982883	0.640	2,141,140.000000
18.993550	0.640	2,768,168.000000
19.004217	0.640	3,612,589.000000
19.014883	0.640	4,791,855.000000
19.025550	0.640	6,467,672.000000
19.036217	0.640	8,834,220.000000
19.046883	0.640	12,051,888.000000
19.057550	0.640	16,144,548.000000
19.068217	0.640	20,914,980.000000
19.078883	0.640	25,886,930.000000
19.089550	0.640	30,320,303.000000
19.100217	0.640	33,371,304.000000
19.110883	0.640	34,375,702.000000
19.121550	0.640	33,104,338.000000
19.132217	0.640	29,817,511.000000
19.142883	0.640	25,130,237.000000
19.153550	0.640	19,829,587.000000
19.164217	0.640	14,696,274.000000
19.174883	0.640	10,306,202.000000
19.185550	0.640	6,902,507.000000
19.196217	0.640	4,450,875.000000
19.206883	0.640	2,788,840.000000
19.217550	0.640	1,728,901.000000
19.228217	0.640	1,089,499.000000
19.238883	0.640	709,267.000000
19.249550	0.640	477,704.000000
19.260217	0.640	337,636.000000
19.270883	0.640	254,364.000000
19.281550	0.640	201,563.000000
19.292217	0.640	166,614.000000
19.302883	0.640	146,974.000000
19.313550	0.640	137,615.000000
19.324217	0.640	129,872.000000
19.334883	0.640	121,702.000000
19.345550	0.640	117,676.000000
19.356217	0.640	117,363.000000
19.366883	0.640	115,773.000000
19.377550	0.640	113,547.000000
19.388217	0.640	113,803.000000
19.398883	0.640	114,729.000000
19.409550	0.640	113,850.000000
19.420217	0.640	112,820.000000
19.430883	0.640	114,803.000000
19.441550	0.640	120,388.000000
19.452217	0.640	126,879.000000
19.462883	0.640	131,114.000000
19.473550	0.640	133,301.000000
19.484217	0.640	137,052.000000
19.494883	0.640	142,885.000000
19.505550	0.640	146,172.000000
19.516217	0.640	144,981.000000
19.526883	0.640	141,934.000000
19.537550	0.640	138,252.000000
19.548217	0.640	133,604.000000
19.558883	0.640	129,364.000000
19.569550	0.640	127,802.000000
19.580217	0.640	128,221.000000
19.590883	0.640	126,547.000000
19.601550	0.640	122,393.000000
19.612217	0.640	121,840.000000
19.622883	0.640	127,590.000000
19.633550	0.640	133,986.000000
19.644217	0.640	137,595.000000
19.654883	0.640	142,195.000000
19.665550	0.640	148,546.000000
19.676217	0.640	153,140.000000
19.686883	0.640	157,903.000000
19.697550	0.640	167,099.000000
19.708217	0.640	179,662.000000
19.718883	0.640	192,183.000000
19.729550	0.640	203,657.000000
19.740217	0.640	217,361.000000
19.750883	0.640	237,377.000000
19.761550	0.640	262,260.000000
19.772217	0.640	289,811.000000
19.782883	0.640	324,566.000000
19.793550	0.640	372,518.000000
19.804217	0.640	434,054.000000
19.814883	0.640	506,220.000000
19.825550	0.640	590,180.000000
19.836217	0.640	689,544.000000
19.846883	0.640	798,562.000000
19.857550	0.640	906,008.000000
19.868217	0.640	1,005,236.000000
19.878883	0.640	1,085,683.000000
19.889550	0.640	1,133,858.000000
19.900217	0.640	1,146,941.000000
19.910883	0.640	1,126,080.000000
19.921550	0.640	1,069,124.000000
19.932217	0.640	982,449.000000
19.942883	0.640	880,115.000000
19.953550	0.640	769,319.000000
19.964217	0.640	653,531.000000
19.974883	0.640	541,264.000000
19.985550	0.640	440,946.000000
19.996217	0.640	356,277.000000
20.006883	0.640	287,052.000000
20.017550	0.640	230,078.000000
20.028217	0.640	183,622.000000
20.038883	0.640	148,223.000000
20.049550	0.640	121,974.000000
20.060217	0.640	102,157.000000
20.070883	0.640	88,806.000000
20.081550	0.640	81,794.000000
20.092217	0.640	77,835.000000
20.102883	0.640	73,699.000000
20.113550	0.640	69,647.000000
20.124217	0.640	66,673.000000
20.134883	0.640	64,936.000000
20.145550	0.640	65,541.000000
20.156217	0.640	68,434.000000
20.166883	0.640	71,038.000000
20.177550	0.640	72,359.000000
20.188217	0.640	74,030.000000
20.198883	0.640	76,705.000000
20.209550	0.640	79,192.000000
20.220217	0.640	79,534.000000
20.230883	0.640	76,565.000000
20.241550	0.640	72,013.000000
20.252217	0.640	68,173.000000
20.262883	0.640	64,619.000000
20.273550	0.640	60,783.000000
20.284217	0.640	57,797.000000
20.294883	0.640	55,721.000000
20.305550	0.640	52,894.000000
20.316217	0.640	49,006.000000
20.326883	0.640	46,123.000000
20.337550	0.640	45,240.000000
20.348217	0.640	44,355.000000
20.358883	0.640	41,593.000000
20.369550	0.640	38,294.000000
20.380217	0.640	37,892.000000
20.390883	0.640	41,120.000000
20.401550	0.640	44,469.000000
20.412217	0.640	45,612.000000
20.422883	0.640	45,412.000000
20.433550	0.640	43,989.000000
20.444217	0.640	41,034.000000
20.454883	0.640	38,867.000000
20.465550	0.640	39,745.000000
20.476217	0.640	42,395.000000
20.486883	0.640	44,023.000000
20.497550	0.640	42,779.000000
20.508217	0.640	39,845.000000
20.518883	0.640	39,010.000000
20.529550	0.640	40,664.000000
20.540217	0.640	42,081.000000
20.550883	0.640	42,691.000000
20.561550	0.640	42,365.000000
20.572217	0.640	41,133.000000
20.582883	0.640	40,868.000000
20.593550	0.640	41,223.000000
20.604217	0.640	40,337.000000
20.614883	0.640	40,028.000000
20.625550	0.640	42,366.000000
20.636217	0.640	44,953.000000
20.646883	0.640	44,792.000000
20.657550	0.640	42,692.000000
20.668217	0.640	41,934.000000
20.678883	0.640	44,182.000000
20.689550	0.640	48,848.000000
20.700217	0.640	55,395.000000
20.710883	0.640	61,996.000000
20.721550	0.640	66,377.000000
20.732217	0.640	70,788.000000
20.742883	0.640	78,783.000000
20.753550	0.640	88,190.000000
20.764217	0.640	95,479.000000
20.774883	0.640	103,888.000000
20.785550	0.640	118,730.000000
20.796217	0.640	139,182.000000
20.806883	0.640	162,908.000000
20.817550	0.640	193,162.000000
20.828217	0.640	235,147.000000
20.838883	0.640	289,819.000000
20.849550	0.640	354,710.000000
20.860217	0.640	429,749.000000
20.870883	0.640	515,382.000000
20.881550	0.640	605,338.000000
20.892217	0.640	694,585.000000
20.902883	0.640	785,113.000000
20.913550	0.640	870,613.000000
20.924217	0.640	935,321.000000
20.934883	0.640	974,043.000000
20.945550	0.640	993,284.000000
20.956217	0.640	995,996.000000
20.966883	0.640	983,926.000000
20.977550	0.640	969,978.000000
20.988217	0.640	970,406.000000
20.998883	0.640	990,547.000000
21.009550	0.640	1,032,131.000000
21.020217	0.640	1,103,313.000000
21.030883	0.640	1,214,014.000000
21.041550	0.640	1,374,309.000000
21.052217	0.640	1,595,998.000000
21.062883	0.640	1,887,438.000000
21.073550	0.640	2,257,040.000000
21.084217	0.640	2,725,206.000000
21.094883	0.640	3,321,283.000000
21.105550	0.640	4,079,495.000000
21.116217	0.640	5,038,882.000000
21.126883	0.640	6,219,449.000000
21.137550	0.640	7,610,734.000000
21.148217	0.640	9,192,071.000000
21.158883	0.640	10,914,561.000000
21.169550	0.640	12,654,327.000000
21.180217	0.640	14,233,744.000000
21.190883	0.640	15,490,662.000000
21.201550	0.640	16,284,998.000000
21.212217	0.640	16,490,179.000000
21.222883	0.640	16,068,509.000000
21.233550	0.640	15,091,578.000000
21.244217	0.640	13,653,752.000000
21.254883	0.640	11,869,335.000000
21.265550	0.640	9,922,373.000000
21.276217	0.640	8,013,974.000000
21.286883	0.640	6,271,809.000000
21.297550	0.640	4,747,921.000000
21.308217	0.640	3,474,024.000000
21.318883	0.640	2,468,331.000000
21.329550	0.640	1,714,836.000000
21.340217	0.640	1,173,597.000000
21.350883	0.640	797,751.000000
21.361550	0.640	542,598.000000
21.372217	0.640	373,525.000000
21.382883	0.640	265,570.000000
21.393550	0.640	197,586.000000
21.404217	0.640	154,318.000000
21.414883	0.640	128,382.000000
21.425550	0.640	114,271.000000
21.436217	0.640	107,928.000000
21.446883	0.640	108,263.000000
21.457550	0.640	112,068.000000
21.468217	0.640	114,528.000000
21.478883	0.640	115,005.000000
21.489550	0.640	115,405.000000
21.500217	0.640	116,071.000000
21.510883	0.640	116,043.000000
21.521550	0.640	113,437.000000
21.532217	0.640	106,213.000000
21.542883	0.640	95,243.000000
21.553550	0.640	84,494.000000
21.564217	0.640	75,851.000000
21.574883	0.640	68,040.000000
21.585550	0.640	61,618.000000
21.596217	0.640	58,337.000000
21.606883	0.640	56,677.000000
21.617550	0.640	53,475.000000
21.628217	0.640	48,539.000000
21.638883	0.640	44,402.000000
21.649550	0.640	42,569.000000
21.660217	0.640	42,437.000000
21.670883	0.640	43,057.000000
21.681550	0.640	43,399.000000
21.692217	0.640	41,833.000000
21.702883	0.640	38,661.000000
21.713550	0.640	36,905.000000
21.724217	0.640	37,794.000000
21.734883	0.640	39,523.000000
21.745550	0.640	40,357.000000
21.756217	0.640	39,936.000000
21.766883	0.640	39,559.000000
21.777550	0.640	40,454.000000
21.788217	0.640	41,473.000000
21.798883	0.640	41,376.000000
21.809550	0.640	41,270.000000
21.820217	0.640	42,549.000000
21.830883	0.640	44,579.000000
21.841550	0.640	45,540.000000
21.852217	0.640	45,086.000000
21.862883	0.640	44,640.000000
21.873550	0.640	44,393.000000
21.884217	0.640	43,664.000000
21.894883	0.640	43,390.000000
21.905550	0.640	43,890.000000
21.916217	0.640	44,339.000000
21.926883	0.640	45,147.000000
21.937550	0.640	45,866.000000
21.948217	0.640	44,932.000000
21.958883	0.640	43,441.000000
21.969550	0.640	43,874.000000
21.980217	0.640	45,715.000000
21.990883	0.640	46,102.000000
22.001550	0.640	44,628.000000
22.012217	0.640	43,798.000000
22.022883	0.640	44,362.000000
22.033550	0.640	44,761.000000
22.044217	0.640	44,543.000000
22.054883	0.640	45,258.000000
22.065550	0.640	47,636.000000
22.076217	0.640	50,248.000000
22.086883	0.640	52,773.000000
22.097550	0.640	55,284.000000
22.108217	0.640	56,389.000000
22.118883	0.640	57,358.000000
22.129550	0.640	61,120.000000
22.140217	0.640	67,575.000000
22.150883	0.640	75,458.000000
22.161550	0.640	84,393.000000
22.172217	0.640	95,131.000000
22.182883	0.640	110,189.000000
22.193550	0.640	130,635.000000
22.204217	0.640	153,641.000000
22.214883	0.640	177,122.000000
22.225550	0.640	204,855.000000
22.236217	0.640	242,430.000000
22.246883	0.640	291,090.000000
22.257550	0.640	349,794.000000
22.268217	0.640	417,383.000000
22.278883	0.640	493,780.000000
22.289550	0.640	583,043.000000
22.300217	0.640	690,720.000000
22.310883	0.640	821,018.000000
22.321550	0.640	978,579.000000
22.332217	0.640	1,166,897.000000
22.342883	0.640	1,385,405.000000
22.353550	0.640	1,636,614.000000
22.364217	0.640	1,936,641.000000
22.374883	0.640	2,311,057.000000
22.385550	0.640	2,782,597.000000
22.396217	0.640	3,366,881.000000
22.406883	0.640	4,081,174.000000
22.417550	0.640	4,957,802.000000
22.428217	0.640	6,039,106.000000
22.438883	0.640	7,346,851.000000
22.449550	0.640	8,868,725.000000
22.460217	0.640	10,575,007.000000
22.470883	0.640	12,405,212.000000
22.481550	0.640	14,268,281.000000
22.492217	0.640	16,071,496.000000
22.502883	0.640	17,680,072.000000
22.513550	0.640	18,923,769.000000
22.524217	0.640	19,687,654.000000
22.534883	0.640	19,909,967.000000
22.545550	0.640	19,551,507.000000
22.556217	0.640	18,628,683.000000
22.566883	0.640	17,217,924.000000
22.577550	0.640	15,425,947.000000
22.588217	0.640	13,394,162.000000
22.598883	0.640	11,288,493.000000
22.609550	0.640	9,238,775.000000
22.620217	0.640	7,331,694.000000
22.630883	0.640	5,645,037.000000
22.641550	0.640	4,228,257.000000
22.652217	0.640	3,086,049.000000
22.662883	0.640	2,201,357.000000
22.673550	0.640	1,544,932.000000
22.684217	0.640	1,071,429.000000
22.694883	0.640	732,249.000000
22.705550	0.640	494,112.000000
22.716217	0.640	336,267.000000
22.726883	0.640	236,526.000000
22.737550	0.640	170,626.000000
22.748217	0.640	124,126.000000
22.758883	0.640	95,012.000000
22.769550	0.640	80,264.000000
22.780217	0.640	71,414.000000
22.790883	0.640	63,973.000000
22.801550	0.640	59,178.000000
22.812217	0.640	58,039.000000
22.822883	0.640	58,801.000000
22.833550	0.640	58,519.000000
22.844217	0.640	56,119.000000
22.854883	0.640	53,615.000000
22.865550	0.640	54,932.000000
22.876217	0.640	60,969.000000
22.886883	0.640	66,391.000000
22.897550	0.640	68,632.000000
22.908217	0.640	72,908.000000
22.918883	0.640	82,828.000000
22.929550	0.640	96,744.000000
22.940217	0.640	112,361.000000
22.950883	0.640	130,067.000000
22.961550	0.640	153,863.000000
22.972217	0.640	187,901.000000
22.982883	0.640	233,459.000000
22.993550	0.640	291,358.000000
23.004217	0.640	365,248.000000
23.014883	0.640	459,490.000000
23.025550	0.640	576,719.000000
23.036217	0.640	720,349.000000
23.046883	0.640	896,861.000000
23.057550	0.640	1,114,689.000000
23.068217	0.640	1,382,274.000000
23.078883	0.640	1,712,369.000000
23.089550	0.640	2,125,236.000000
23.100217	0.640	2,644,541.000000
23.110883	0.640	3,302,411.000000
23.121550	0.640	4,152,438.000000
23.132217	0.640	5,268,526.000000
23.142883	0.640	6,735,246.000000
23.153550	0.640	8,648,913.000000
23.164217	0.640	11,102,436.000000
23.174883	0.640	14,141,625.000000
23.185550	0.640	17,726,289.000000
23.196217	0.640	21,687,680.000000
23.206883	0.640	25,699,836.000000
23.217550	0.640	29,325,899.000000
23.228217	0.640	32,105,233.000000
23.238883	0.640	33,619,190.000000
23.249550	0.640	33,578,445.000000
23.260217	0.640	31,940,562.000000
23.270883	0.640	28,925,539.000000
23.281550	0.640	24,925,263.000000
23.292217	0.640	20,435,547.000000
23.302883	0.640	15,964,101.000000
23.313550	0.640	11,898,060.000000
23.324217	0.640	8,470,039.000000
23.334883	0.640	5,788,108.000000
23.345550	0.640	3,829,026.000000
23.356217	0.640	2,468,722.000000
23.366883	0.640	1,565,263.000000
23.377550	0.640	994,164.000000
23.388217	0.640	645,083.000000
23.398883	0.640	433,709.000000
23.409550	0.640	309,357.000000
23.420217	0.640	240,752.000000
23.430883	0.640	202,469.000000
23.441550	0.640	176,984.000000
23.452217	0.640	157,919.000000
23.462883	0.640	143,831.000000
23.473550	0.640	132,378.000000
23.484217	0.640	122,628.000000
23.494883	0.640	115,067.000000
23.505550	0.640	107,469.000000
23.516217	0.640	99,763.000000
23.526883	0.640	96,173.000000
23.537550	0.640	95,936.000000
23.548217	0.640	94,485.000000
23.558883	0.640	91,500.000000
23.569550	0.640	88,857.000000
23.580217	0.640	87,483.000000
23.590883	0.640	86,302.000000
23.601550	0.640	82,646.000000
23.612217	0.640	76,865.000000
23.622883	0.640	72,219.000000
23.633550	0.640	69,306.000000
23.644217	0.640	66,540.000000
23.654883	0.640	64,226.000000
23.665550	0.640	62,727.000000
23.676217	0.640	61,125.000000
23.686883	0.640	59,805.000000
23.697550	0.640	59,851.000000
23.708217	0.640	60,859.000000
23.718883	0.640	61,350.000000
23.729550	0.640	61,158.000000
23.740217	0.640	61,385.000000
23.750883	0.640	61,903.000000
23.761550	0.640	62,683.000000
23.772217	0.640	64,912.000000
23.782883	0.640	67,722.000000
23.793550	0.640	68,440.000000
23.804217	0.640	67,353.000000
23.814883	0.640	67,389.000000
23.825550	0.640	68,647.000000
23.836217	0.640	68,393.000000
23.846883	0.640	66,800.000000
23.857550	0.640	66,757.000000
23.868217	0.640	67,765.000000
23.878883	0.640	66,563.000000
23.889550	0.640	63,042.000000
23.900217	0.640	60,046.000000
23.910883	0.640	59,252.000000
23.921550	0.640	60,063.000000
23.932217	0.640	61,351.000000
23.942883	0.640	62,748.000000
23.953550	0.640	64,487.000000
23.964217	0.640	66,945.000000
23.974883	0.640	69,819.000000
23.985550	0.640	72,048.000000
23.996217	0.640	72,888.000000
24.006883	0.640	72,745.000000
24.017550	0.640	72,986.000000
24.028217	0.640	73,968.000000
24.038883	0.640	73,555.000000
24.049550	0.640	70,143.000000
24.060217	0.640	66,237.000000
24.070933	0.643	64,723.000000
24.081550	0.637	64,487.000000
24.092217	0.640	64,029.000000
24.102883	0.640	64,066.000000
24.113550	0.640	64,913.000000
24.124217	0.640	66,292.000000
24.134883	0.640	67,934.000000
24.145550	0.640	68,718.000000
24.156217	0.640	68,048.000000
24.166883	0.640	66,878.000000
24.177550	0.640	66,506.000000
24.188217	0.640	67,608.000000
24.198883	0.640	70,061.000000
24.209550	0.640	72,875.000000
24.220217	0.640	73,958.000000
24.230883	0.640	71,989.000000
24.241550	0.640	69,326.000000
24.252217	0.640	69,637.000000
24.262883	0.640	72,597.000000
24.273550	0.640	75,292.000000
24.284217	0.640	77,115.000000
24.294883	0.640	78,919.000000
24.305550	0.640	81,349.000000
24.316217	0.640	86,604.000000
24.326883	0.640	96,062.000000
24.337550	0.640	107,328.000000
24.348217	0.640	118,427.000000
24.358883	0.640	130,816.000000
24.369550	0.640	148,942.000000
24.380217	0.640	180,798.000000
24.390883	0.640	236,777.000000
24.401550	0.640	330,847.000000
24.412217	0.640	485,104.000000
24.422883	0.640	731,187.000000
24.433550	0.640	1,112,920.000000
24.444217	0.640	1,694,931.000000
24.454883	0.640	2,572,973.000000
24.465550	0.640	3,893,298.000000
24.476217	0.640	5,905,420.000000
24.486883	0.640	9,032,639.000000
24.497550	0.640	13,871,080.000000
24.508217	0.640	20,981,158.000000
24.518883	0.640	30,359,846.000000
24.529550	0.640	40,769,646.000000
24.540217	0.640	49,610,366.000000
24.550883	0.640	53,927,648.000000
24.561550	0.640	52,014,451.000000
24.572217	0.640	44,383,354.000000
24.582883	0.640	33,526,897.000000
24.593550	0.640	22,612,270.000000
24.604217	0.640	13,904,371.000000
24.614883	0.640	8,072,110.000000
24.625550	0.640	4,627,608.000000
24.636217	0.640	2,730,379.000000
24.646883	0.640	1,693,303.000000
24.657550	0.640	1,098,114.000000
24.668217	0.640	732,588.000000
24.678883	0.640	503,939.000000
24.689550	0.640	366,074.000000
24.700217	0.640	284,884.000000
24.710883	0.640	236,310.000000
24.721550	0.640	207,086.000000
24.732217	0.640	190,493.000000
24.742883	0.640	183,757.000000
24.753550	0.640	185,890.000000
24.764217	0.640	194,227.000000
24.774883	0.640	205,367.000000
24.785550	0.640	220,425.000000
24.796217	0.640	242,846.000000
24.806883	0.640	270,787.000000
24.817550	0.640	299,787.000000
24.828217	0.640	330,378.000000
24.838883	0.640	367,157.000000
24.849550	0.640	412,548.000000
24.860217	0.640	464,663.000000
24.870883	0.640	523,843.000000
24.881550	0.640	596,602.000000
24.892217	0.640	686,367.000000
24.902883	0.640	792,512.000000
24.913550	0.640	927,513.000000
24.924217	0.640	1,119,728.000000
24.934883	0.640	1,400,694.000000
24.945550	0.640	1,815,105.000000
24.956217	0.640	2,476,251.000000
24.966883	0.640	3,671,652.000000
24.977550	0.640	5,956,920.000000
24.988217	0.640	9,992,662.000000
24.998883	0.640	15,828,997.000000
25.009550	0.640	22,003,142.000000
25.020217	0.640	25,752,191.000000
25.030883	0.640	24,943,373.000000
25.041550	0.640	19,990,954.000000
25.052217	0.640	13,519,745.000000
25.062883	0.640	8,166,038.000000
25.073550	0.640	4,932,362.000000
25.084217	0.640	3,351,024.000000
25.094883	0.640	2,567,768.000000
25.105550	0.640	2,041,580.000000
25.116217	0.640	1,589,643.000000
25.126883	0.640	1,198,494.000000
25.137550	0.640	887,295.000000
25.148217	0.640	657,423.000000
25.158883	0.640	492,840.000000
25.169550	0.640	374,185.000000
25.180217	0.640	287,211.000000
25.190883	0.640	223,346.000000
25.201550	0.640	179,146.000000
25.212217	0.640	153,537.000000
25.222883	0.640	140,652.000000
25.233550	0.640	132,134.000000
25.244217	0.640	124,358.000000
25.254883	0.640	115,265.000000
25.265550	0.640	103,748.000000
25.276217	0.640	94,077.000000
25.286883	0.640	90,493.000000
25.297550	0.640	90,751.000000
25.308217	0.640	90,078.000000
25.318883	0.640	87,279.000000
25.329550	0.640	84,631.000000
25.340217	0.640	84,215.000000
25.350883	0.640	85,865.000000
25.361550	0.640	87,907.000000
25.372217	0.640	88,856.000000
25.382883	0.640	87,888.000000
25.393550	0.640	84,728.000000
25.404217	0.640	80,760.000000
25.414883	0.640	78,447.000000
25.425550	0.640	77,972.000000
25.436217	0.640	78,299.000000
25.446883	0.640	79,987.000000
25.457550	0.640	82,459.000000
25.468217	0.640	83,655.000000
25.478883	0.640	83,736.000000
25.489550	0.640	84,471.000000
25.500217	0.640	86,410.000000
25.510883	0.640	88,591.000000
25.521550	0.640	89,753.000000
25.532217	0.640	89,779.000000
25.542883	0.640	90,009.000000
25.553550	0.640	91,867.000000
25.564217	0.640	95,523.000000
25.574883	0.640	99,683.000000
25.585550	0.640	102,876.000000
25.596217	0.640	103,774.000000
25.606883	0.640	101,199.000000
25.617550	0.640	96,218.000000
25.628217	0.640	90,922.000000
25.638883	0.640	86,413.000000
25.649550	0.640	83,705.000000
25.660217	0.640	82,100.000000
25.670883	0.640	79,504.000000
25.681550	0.640	76,446.000000
25.692217	0.640	75,689.000000
25.702883	0.640	78,034.000000
25.713550	0.640	80,704.000000
25.724217	0.640	80,851.000000
25.734883	0.640	79,057.000000
25.745550	0.640	77,671.000000
25.756217	0.640	78,094.000000
25.766883	0.640	79,726.000000
25.777550	0.640	79,897.000000
25.788217	0.640	78,280.000000
25.798883	0.640	79,052.000000
25.809550	0.640	84,057.000000
25.820217	0.640	90,401.000000
25.830883	0.640	95,432.000000
25.841550	0.640	98,654.000000
25.852217	0.640	101,877.000000
25.862883	0.640	106,257.000000
25.873550	0.640	109,479.000000
25.884217	0.640	111,546.000000
25.894883	0.640	117,265.000000
25.905550	0.640	129,049.000000
25.916217	0.640	143,722.000000
25.926883	0.640	156,931.000000
25.937550	0.640	165,632.000000
25.948217	0.640	168,636.000000
25.958883	0.640	168,101.000000
25.969550	0.640	167,230.000000
25.980217	0.640	168,749.000000
25.990883	0.640	178,092.000000
26.001550	0.640	204,713.000000
26.012217	0.640	262,135.000000
26.022883	0.640	371,764.000000
26.033550	0.640	580,314.000000
26.044217	0.640	1,003,916.000000
26.054883	0.640	1,890,172.000000
26.065550	0.640	3,606,995.000000
26.076217	0.640	6,355,653.000000
26.086883	0.640	9,600,959.000000
26.097550	0.640	11,850,291.000000
26.108217	0.640	11,570,853.000000
26.118883	0.640	8,711,016.000000
26.129550	0.640	4,952,529.000000
26.140217	0.640	2,140,562.000000
26.150883	0.640	819,808.000000
26.161550	0.640	425,360.000000
26.172217	0.640	307,520.000000
26.182883	0.640	218,195.000000
26.193550	0.640	151,096.000000
26.204217	0.640	119,112.000000
26.214883	0.640	109,396.000000
26.225550	0.640	107,024.000000
26.236217	0.640	104,570.000000
26.246883	0.640	101,991.000000
26.257550	0.640	102,370.000000
26.268217	0.640	104,378.000000
26.278883	0.640	102,778.000000
26.289550	0.640	97,312.000000
26.300217	0.640	93,242.000000
26.310883	0.640	92,638.000000
26.321550	0.640	92,472.000000
26.332217	0.640	91,397.000000
26.342883	0.640	91,629.000000
26.353550	0.640	93,604.000000
26.364217	0.640	94,963.000000
26.374883	0.640	94,383.000000
26.385550	0.640	92,860.000000
26.396217	0.640	92,137.000000
26.406883	0.640	94,022.000000
26.417550	0.640	99,414.000000
26.428217	0.640	106,536.000000
26.438883	0.640	114,627.000000
26.449550	0.640	127,659.000000
26.460217	0.640	150,541.000000
26.470883	0.640	185,130.000000
26.481550	0.640	231,033.000000
26.492217	0.640	283,850.000000
26.502883	0.640	324,589.000000
26.513550	0.640	322,173.000000
26.524217	0.640	266,666.000000
26.534883	0.640	189,080.000000
26.545550	0.640	130,394.000000
26.556217	0.640	103,642.000000
26.566883	0.640	96,407.000000
26.577550	0.640	94,183.000000
26.588217	0.640	91,125.000000
26.598883	0.640	88,363.000000
26.609550	0.640	88,126.000000
26.620217	0.640	89,373.000000
26.630883	0.640	90,929.000000
26.641550	0.640	93,025.000000
26.652217	0.640	94,264.000000
26.662883	0.640	94,270.000000
26.673550	0.640	95,694.000000
26.684217	0.640	99,844.000000
26.694883	0.640	105,853.000000
26.705550	0.640	113,065.000000
26.716217	0.640	120,585.000000
26.726883	0.640	126,810.000000
26.737550	0.640	130,147.000000
26.748217	0.640	131,472.000000
26.758883	0.640	134,630.000000
26.769550	0.640	140,623.000000
26.780217	0.640	148,117.000000
26.790883	0.640	159,522.000000
26.801550	0.640	174,862.000000
26.812217	0.640	188,533.000000
26.822883	0.640	204,512.000000
26.833550	0.640	245,764.000000
26.844217	0.640	337,689.000000
26.854883	0.640	469,999.000000
26.865550	0.640	578,184.000000
26.876217	0.640	593,132.000000
26.886883	0.640	515,390.000000
26.897550	0.640	420,770.000000
26.908217	0.640	384,785.000000
26.918883	0.640	404,499.000000
26.929550	0.640	410,446.000000
26.940217	0.640	360,995.000000
26.950883	0.640	288,258.000000
26.961550	0.640	239,975.000000
26.972217	0.640	225,991.000000
26.982883	0.640	231,821.000000
26.993550	0.640	244,380.000000
27.004217	0.640	260,022.000000
27.014883	0.640	292,049.000000
27.025550	0.640	372,112.000000
27.036217	0.640	503,820.000000
27.046883	0.640	604,747.000000
27.057550	0.640	581,398.000000
27.068217	0.640	474,450.000000
27.078883	0.640	411,236.000000
27.089550	0.640	428,755.000000
27.100217	0.640	460,990.000000
27.110883	0.640	465,312.000000
27.121550	0.640	467,184.000000
27.132217	0.640	499,954.000000
27.142883	0.640	558,280.000000
27.153550	0.640	617,646.000000
27.164217	0.640	676,180.000000
27.174883	0.640	758,717.000000
27.185550	0.640	883,906.000000
27.196217	0.640	1,028,602.000000
27.206883	0.640	1,135,072.000000
27.217550	0.640	1,205,260.000000
27.228217	0.640	1,377,302.000000
27.238883	0.640	1,932,677.000000
27.249550	0.640	3,445,667.000000
27.260217	0.640	6,423,300.000000
27.270883	0.640	9,656,798.000000
27.281550	0.640	10,185,741.000000
27.292217	0.640	7,039,053.000000
27.302883	0.640	3,011,089.000000
27.313550	0.640	902,871.000000
27.324217	0.640	585,430.000000
27.334883	0.640	637,073.000000
27.345550	0.640	475,406.000000
27.356217	0.640	294,342.000000
27.366883	0.640	250,706.000000
27.377550	0.640	272,093.000000
27.388217	0.640	271,250.000000
27.398883	0.640	251,485.000000
27.409550	0.640	252,412.000000
27.420217	0.640	279,036.000000
27.430883	0.640	291,838.000000
27.441550	0.640	263,564.000000
27.452217	0.640	221,289.000000
27.462883	0.640	202,948.000000
27.473550	0.640	207,229.000000
27.484217	0.640	215,238.000000
27.494883	0.640	225,500.000000
27.505550	0.640	254,462.000000
27.516217	0.640	315,280.000000
27.526883	0.640	379,888.000000
27.537550	0.640	387,111.000000
27.548217	0.640	328,961.000000
27.558883	0.640	272,074.000000
27.569550	0.640	262,903.000000
27.580217	0.640	284,830.000000
27.590883	0.640	310,222.000000
27.601550	0.640	329,332.000000
27.612217	0.640	342,414.000000
27.622883	0.640	361,508.000000
27.633550	0.640	404,960.000000
27.644217	0.640	479,843.000000
27.654883	0.640	584,162.000000
27.665550	0.640	707,685.000000
27.676217	0.640	807,327.000000
27.686883	0.640	815,621.000000
27.697550	0.640	697,110.000000
27.708217	0.640	487,696.000000
27.718883	0.640	282,170.000000
27.729550	0.640	167,474.000000
27.740217	0.640	171,089.000000
27.750883	0.640	302,502.000000
27.761550	0.640	557,819.000000
27.772217	0.640	797,931.000000
27.782883	0.640	795,331.000000
27.793550	0.640	531,723.000000
27.804217	0.640	244,685.000000
27.814883	0.640	111,412.000000
27.825550	0.640	95,728.000000
27.836217	0.640	101,429.000000
27.846883	0.640	97,225.000000
27.857550	0.640	93,201.000000
27.868217	0.640	96,026.000000
27.878883	0.640	102,215.000000
27.889550	0.640	106,643.000000
27.900217	0.640	109,738.000000
27.910883	0.640	113,336.000000
27.921550	0.640	115,482.000000
27.932217	0.640	115,561.000000
27.942883	0.640	114,577.000000
27.953550	0.640	112,079.000000
27.964217	0.640	110,916.000000
27.974883	0.640	116,677.000000
27.985550	0.640	129,255.000000
27.996217	0.640	142,308.000000
28.006883	0.640	149,838.000000
28.017550	0.640	151,277.000000
28.028217	0.640	153,062.000000
28.038883	0.640	163,038.000000
28.049550	0.640	181,686.000000
28.060217	0.640	201,104.000000
28.070883	0.640	212,669.000000
28.081550	0.640	212,144.000000
28.092217	0.640	197,768.000000
28.102883	0.640	172,253.000000
28.113550	0.640	145,576.000000
28.124217	0.640	127,553.000000
28.134883	0.640	119,467.000000
28.145550	0.640	115,083.000000
28.156217	0.640	109,022.000000
28.166883	0.640	102,484.000000
28.177550	0.640	99,443.000000
28.188217	0.640	102,314.000000
28.198883	0.640	113,617.000000
28.209550	0.640	134,971.000000
28.220217	0.640	159,417.000000
28.230883	0.640	172,281.000000
28.241550	0.640	165,687.000000
28.252217	0.640	144,965.000000
28.262883	0.640	121,098.000000
28.273550	0.640	103,843.000000
28.284217	0.640	98,005.000000
28.294883	0.640	101,463.000000
28.305550	0.640	107,065.000000
28.316217	0.640	107,718.000000
28.326883	0.640	101,927.000000
28.337550	0.640	94,795.000000
28.348217	0.640	93,326.000000
28.358883	0.640	100,690.000000
28.369550	0.640	113,003.000000
28.380217	0.640	120,302.000000
28.390883	0.640	115,005.000000
28.401550	0.640	101,591.000000
28.412217	0.640	91,414.000000
28.422883	0.640	89,366.000000
28.433550	0.640	91,721.000000
28.444217	0.640	93,767.000000
28.454883	0.640	95,408.000000
28.465550	0.640	98,263.000000
28.476217	0.640	101,778.000000
28.486883	0.640	105,766.000000
28.497550	0.640	110,337.000000
28.508217	0.640	113,913.000000
28.518883	0.640	116,299.000000
28.529550	0.640	119,040.000000
28.540217	0.640	121,892.000000
28.550883	0.640	125,107.000000
28.561550	0.640	133,483.000000
28.572217	0.640	150,059.000000
28.582883	0.640	174,104.000000
28.593550	0.640	212,784.000000
28.604217	0.640	270,627.000000
28.614883	0.640	319,929.000000
28.625550	0.640	315,246.000000
28.636217	0.640	249,551.000000
28.646883	0.640	166,714.000000
28.657550	0.640	108,554.000000
28.668217	0.640	78,355.000000
28.678883	0.640	60,772.000000
28.689550	0.640	48,709.000000
28.700217	0.640	42,976.000000
28.710883	0.640	51,362.000000
28.721550	0.640	82,822.000000
28.732217	0.640	109,594.000000
28.742883	0.640	88,969.000000
28.753550	0.640	40,470.000000
28.764217	0.640	13,757.000000
28.774883	0.640	12,781.000000
28.785550	0.640	15,532.000000
28.796217	0.640	14,227.000000
28.806883	0.640	11,852.000000
28.817550	0.640	9,930.000000
28.828217	0.640	7,952.000000
28.838883	0.640	6,917.000000
28.849550	0.640	8,397.000000
28.860217	0.640	10,783.000000
28.870883	0.640	10,668.000000
28.881550	0.640	8,101.000000
28.892217	0.640	5,968.000000
28.902883	0.640	5,461.000000
28.913550	0.640	5,411.000000
28.924217	0.640	4,533.000000
28.934883	0.640	3,103.000000
28.945550	0.640	2,278.000000
28.956217	0.640	2,035.000000
28.966883	0.640	1,390.000000
28.977550	0.640	539.000000
28.988217	0.640	444.000000
28.998883	0.640	962.000000
29.009550	0.640	1,757.000000
29.020217	0.640	2,768.000000
29.030883	0.640	2,866.000000
29.041550	0.640	1,440.000000
29.052217	0.640	-105.000000
29.062883	0.640	-571.000000
29.073550	0.640	209.000000
29.084217	0.640	1,906.000000
29.094883	0.640	2,764.000000
29.105550	0.640	1,257.000000
29.116217	0.640	-1,216.000000
29.126883	0.640	-2,403.000000
29.137550	0.640	-2,041.000000
29.148217	0.640	-859.000000
29.158883	0.640	410.000000
29.169550	0.640	683.000000
29.180217	0.640	-361.000000
29.190883	0.640	-1,877.000000
29.201550	0.640	-2,931.000000
29.212217	0.640	-2,981.000000
29.222883	0.640	-2,500.000000
29.233550	0.640	-2,295.000000
29.244217	0.640	-1,824.000000
29.254883	0.640	-777.000000
29.265550	0.640	-375.000000
29.276217	0.640	-1,258.000000
29.286883	0.640	-2,644.000000
29.297550	0.640	-3,386.000000
29.308217	0.640	-3,439.000000
29.318883	0.640	-3,520.000000
29.329550	0.640	-3,147.000000
29.340217	0.640	-2,201.000000
29.350883	0.640	-2,025.000000
29.361550	0.640	-2,837.000000
29.372217	0.640	-3,641.000000
29.382883	0.640	-4,027.000000
29.393550	0.640	-4,360.000000
29.404217	0.640	-4,552.000000
29.414883	0.640	-3,681.000000
29.425550	0.640	-2,297.000000
29.436217	0.640	-2,096.000000
29.446883	0.640	-2,973.000000
29.457550	0.640	-3,607.000000
29.468217	0.640	-3,656.000000
29.478883	0.640	-3,707.000000
29.489550	0.640	-3,614.000000
29.500217	0.640	-2,865.000000
29.510883	0.640	-2,541.000000
29.521550	0.640	-3,454.000000
29.532217	0.640	-4,217.000000
29.542883	0.640	-4,222.000000
29.553550	0.640	-4,425.000000
29.564217	0.640	-4,561.000000
29.574883	0.640	-3,943.000000
29.585550	0.640	-3,566.000000
29.596217	0.640	-4,012.000000
29.606883	0.640	-3,948.000000
29.617550	0.640	-3,179.000000
29.628217	0.640	-3,320.000000
29.638883	0.640	-4,568.000000
29.649550	0.640	-5,509.000000
29.660217	0.640	-5,220.000000
29.670883	0.640	-4,095.000000
29.681550	0.640	-3,161.000000
29.692217	0.640	-2,669.000000
29.702883	0.640	-2,649.000000
29.713550	0.640	-3,556.000000
29.724217	0.640	-4,944.000000
29.734883	0.640	-5,699.000000
29.745550	0.640	-5,477.000000
29.756217	0.640	-5,022.000000
29.766883	0.640	-5,002.000000
29.777550	0.640	-4,862.000000
29.788217	0.640	-3,990.000000
29.798883	0.640	-3,049.000000
29.809550	0.640	-3,018.000000
29.820217	0.640	-3,491.000000
29.830883	0.640	-3,393.000000
29.841550	0.640	-3,236.000000
29.852217	0.640	-3,630.000000
29.862883	0.640	-3,675.000000
29.873550	0.640	-3,486.000000
29.884217	0.640	-3,925.000000
29.894883	0.640	-4,307.000000
29.905550	0.640	-4,106.000000
29.916217	0.640	-4,206.000000
29.926883	0.640	-5,092.000000
29.937550	0.640	-5,836.000000
29.948217	0.640	-5,288.000000
29.958883	0.640	-4,088.000000
29.969550	0.640	-3,571.000000
29.980217	0.640	-3,278.000000
29.990883	0.640	-2,790.000000
30.001550	0.640	-2,871.000000
