File Path	chrom://nnfcb-l0495/ChromeleonLocal/20180320_AA_Lars Nielsen samples Vienna_lbpet.seq/729.smp/Emission_1.channel/Emission_1.chm
Channel	Emission_1

Injection Information:
Data Vault	ChromeleonLocal
Injection	AAmix_25ug_mL_2
Injection Number	52
Position	RC1
Comment	
Processing Method	20171024_Calculated with IS_lbpet
Instrument Method	20161104_AA_GeminiC18_FinalVer7
Type	Calibration Standard
Status	Finished
Injection Date	21-03-2018
Injection Time	17:38:08
Injection Volume (µl)	56.500
Dilution Factor	1.0000
Weight	1.0000

Raw Data Information:
Time Min. (min)	0.003883
Time Max. (min)	30.001550
Data Points	2813
Detector	FLD
Exporting Data System	Chromeleon 7.1.2.1478
Operator	
Signal Quantity	
Signal Unit	counts
Signal Min.	-2,560.000000
Signal Max.	71,531,702.000000
Channel	Emission_1
Driver Name	FLD3000.dll
Channel Type	Evaluation
Min. Step (s)	0.640
Max. Step (s)	0.820
Average Step (s)	0.640

Signal Parameter Information:
Signal Info	340 nm /450 nm

Raw Data:
Time (min)	Step (s)	Value (counts)
0.003883	0.000	0.000000
0.017550	0.820	0.000000
0.028217	0.640	0.000000
0.038883	0.640	-434.000000
0.049550	0.640	-1,364.000000
0.060217	0.640	-2,092.000000
0.070883	0.640	-2,078.000000
0.081550	0.640	-1,198.000000
0.092217	0.640	-306.000000
0.102883	0.640	-889.000000
0.113550	0.640	-2,270.000000
0.124217	0.640	-2,318.000000
0.134883	0.640	-1,152.000000
0.145550	0.640	-379.000000
0.156217	0.640	-203.000000
0.166883	0.640	-495.000000
0.177550	0.640	-1,562.000000
0.188217	0.640	-2,439.000000
0.198883	0.640	-2,131.000000
0.209550	0.640	-1,417.000000
0.220217	0.640	-1,311.000000
0.230883	0.640	-1,397.000000
0.241550	0.640	-463.000000
0.252217	0.640	1,232.000000
0.262883	0.640	1,923.000000
0.273550	0.640	1,161.000000
0.284217	0.640	527.000000
0.294883	0.640	1,174.000000
0.305550	0.640	2,438.000000
0.316217	0.640	3,342.000000
0.326883	0.640	3,193.000000
0.337550	0.640	1,380.000000
0.348217	0.640	-683.000000
0.358883	0.640	-609.000000
0.369550	0.640	1,155.000000
0.380217	0.640	2,641.000000
0.390883	0.640	2,952.000000
0.401550	0.640	2,171.000000
0.412217	0.640	1,633.000000
0.422883	0.640	1,963.000000
0.433550	0.640	1,347.000000
0.444217	0.640	-854.000000
0.454883	0.640	-2,390.000000
0.465550	0.640	-2,108.000000
0.476217	0.640	-1,404.000000
0.486883	0.640	-994.000000
0.497550	0.640	-370.000000
0.508217	0.640	-222.000000
0.518883	0.640	-1,136.000000
0.529550	0.640	-1,612.000000
0.540217	0.640	-1,144.000000
0.550883	0.640	-1,349.000000
0.561550	0.640	-2,069.000000
0.572217	0.640	-1,589.000000
0.582883	0.640	-328.000000
0.593550	0.640	367.000000
0.604217	0.640	528.000000
0.614883	0.640	561.000000
0.625550	0.640	747.000000
0.636217	0.640	984.000000
0.646883	0.640	266.000000
0.657550	0.640	-1,379.000000
0.668217	0.640	-2,193.000000
0.678883	0.640	-1,460.000000
0.689550	0.640	-87.000000
0.700217	0.640	794.000000
0.710883	0.640	425.000000
0.721550	0.640	-499.000000
0.732217	0.640	-704.000000
0.742883	0.640	-579.000000
0.753550	0.640	-432.000000
0.764217	0.640	733.000000
0.774883	0.640	2,339.000000
0.785550	0.640	2,539.000000
0.796217	0.640	1,144.000000
0.806883	0.640	-291.000000
0.817550	0.640	-179.000000
0.828217	0.640	1,042.000000
0.838883	0.640	1,500.000000
0.849550	0.640	972.000000
0.860217	0.640	467.000000
0.870883	0.640	392.000000
0.881550	0.640	862.000000
0.892217	0.640	1,247.000000
0.902883	0.640	790.000000
0.913550	0.640	337.000000
0.924217	0.640	773.000000
0.934883	0.640	984.000000
0.945550	0.640	-245.000000
0.956217	0.640	-1,876.000000
0.966883	0.640	-2,314.000000
0.977550	0.640	-1,922.000000
0.988217	0.640	-1,719.000000
0.998883	0.640	-1,368.000000
1.009550	0.640	-258.000000
1.020217	0.640	1,502.000000
1.030883	0.640	2,979.000000
1.041550	0.640	2,501.000000
1.052217	0.640	502.000000
1.062883	0.640	-456.000000
1.073550	0.640	-246.000000
1.084217	0.640	-120.000000
1.094883	0.640	230.000000
1.105550	0.640	397.000000
1.116217	0.640	-440.000000
1.126883	0.640	-1,175.000000
1.137550	0.640	-985.000000
1.148217	0.640	-709.000000
1.158883	0.640	-422.000000
1.169550	0.640	496.000000
1.180217	0.640	1,038.000000
1.190883	0.640	125.000000
1.201550	0.640	-936.000000
1.212217	0.640	-904.000000
1.222883	0.640	-766.000000
1.233550	0.640	-1,268.000000
1.244217	0.640	-1,828.000000
1.254883	0.640	-2,041.000000
1.265550	0.640	-1,327.000000
1.276217	0.640	844.000000
1.286883	0.640	2,998.000000
1.297550	0.640	3,228.000000
1.308217	0.640	1,934.000000
1.318883	0.640	325.000000
1.329550	0.640	-973.000000
1.340217	0.640	-1,730.000000
1.350883	0.640	-2,247.000000
1.361550	0.640	-2,342.000000
1.372217	0.640	-1,390.000000
1.382883	0.640	323.000000
1.393550	0.640	1,584.000000
1.404217	0.640	1,509.000000
1.414883	0.640	852.000000
1.425550	0.640	939.000000
1.436217	0.640	1,759.000000
1.446883	0.640	2,232.000000
1.457550	0.640	1,530.000000
1.468217	0.640	199.000000
1.478883	0.640	-378.000000
1.489550	0.640	199.000000
1.500217	0.640	1,132.000000
1.510883	0.640	1,704.000000
1.521550	0.640	1,818.000000
1.532217	0.640	1,512.000000
1.542883	0.640	1,159.000000
1.553550	0.640	1,183.000000
1.564217	0.640	1,365.000000
1.574883	0.640	1,749.000000
1.585550	0.640	2,509.000000
1.596217	0.640	3,222.000000
1.606883	0.640	3,441.000000
1.617550	0.640	2,861.000000
1.628217	0.640	1,724.000000
1.638883	0.640	796.000000
1.649550	0.640	358.000000
1.660217	0.640	399.000000
1.670883	0.640	878.000000
1.681550	0.640	1,422.000000
1.692217	0.640	1,747.000000
1.702883	0.640	1,710.000000
1.713550	0.640	1,238.000000
1.724217	0.640	908.000000
1.734883	0.640	1,306.000000
1.745550	0.640	2,230.000000
1.756217	0.640	2,914.000000
1.766883	0.640	2,506.000000
1.777550	0.640	1,528.000000
1.788217	0.640	1,454.000000
1.798883	0.640	1,871.000000
1.809550	0.640	1,319.000000
1.820217	0.640	651.000000
1.830883	0.640	1,324.000000
1.841550	0.640	1,780.000000
1.852217	0.640	698.000000
1.862883	0.640	155.000000
1.873550	0.640	1,324.000000
1.884217	0.640	2,426.000000
1.894883	0.640	2,254.000000
1.905550	0.640	1,590.000000
1.916217	0.640	978.000000
1.926883	0.640	-333.000000
1.937550	0.640	-1,585.000000
1.948217	0.640	-682.000000
1.958883	0.640	1,415.000000
1.969550	0.640	2,268.000000
1.980217	0.640	1,503.000000
1.990883	0.640	-584.000000
2.001550	0.640	-2,560.000000
2.012217	0.640	-1,935.000000
2.022883	0.640	616.000000
2.033550	0.640	2,062.000000
2.044217	0.640	1,532.000000
2.054883	0.640	269.000000
2.065550	0.640	-108.000000
2.076217	0.640	754.000000
2.086883	0.640	1,007.000000
2.097550	0.640	-52.000000
2.108217	0.640	-493.000000
2.118883	0.640	143.000000
2.129550	0.640	291.000000
2.140217	0.640	54.000000
2.150883	0.640	730.000000
2.161550	0.640	1,975.000000
2.172217	0.640	2,609.000000
2.182883	0.640	2,707.000000
2.193550	0.640	3,123.000000
2.204217	0.640	4,110.000000
2.214883	0.640	5,620.000000
2.225550	0.640	7,344.000000
2.236217	0.640	8,120.000000
2.246883	0.640	7,635.000000
2.257550	0.640	7,124.000000
2.268217	0.640	7,070.000000
2.278883	0.640	6,821.000000
2.289550	0.640	6,157.000000
2.300217	0.640	5,476.000000
2.310883	0.640	4,861.000000
2.321550	0.640	3,773.000000
2.332217	0.640	2,492.000000
2.342883	0.640	2,393.000000
2.353550	0.640	3,120.000000
2.364217	0.640	3,220.000000
2.374883	0.640	3,452.000000
2.385550	0.640	4,548.000000
2.396217	0.640	4,891.000000
2.406883	0.640	3,728.000000
2.417550	0.640	2,723.000000
2.428217	0.640	3,172.000000
2.438883	0.640	4,424.000000
2.449550	0.640	5,249.000000
2.460217	0.640	5,115.000000
2.470883	0.640	4,140.000000
2.481550	0.640	2,992.000000
2.492217	0.640	2,490.000000
2.502883	0.640	2,317.000000
2.513550	0.640	1,275.000000
2.524217	0.640	-678.000000
2.534883	0.640	-1,842.000000
2.545550	0.640	-1,041.000000
2.556217	0.640	491.000000
2.566883	0.640	1,240.000000
2.577550	0.640	1,474.000000
2.588217	0.640	1,805.000000
2.598883	0.640	2,261.000000
2.609550	0.640	2,230.000000
2.620217	0.640	854.000000
2.630883	0.640	-870.000000
2.641550	0.640	-740.000000
2.652217	0.640	829.000000
2.662883	0.640	1,151.000000
2.673550	0.640	-459.000000
2.684217	0.640	-2,021.000000
2.694883	0.640	-1,985.000000
2.705550	0.640	424.000000
2.716217	0.640	6,045.000000
2.726883	0.640	13,294.000000
2.737550	0.640	18,187.000000
2.748217	0.640	18,724.000000
2.758883	0.640	16,340.000000
2.769550	0.640	13,238.000000
2.780217	0.640	10,440.000000
2.790883	0.640	8,482.000000
2.801550	0.640	7,588.000000
2.812217	0.640	6,943.000000
2.822883	0.640	5,681.000000
2.833550	0.640	4,078.000000
2.844217	0.640	2,965.000000
2.854883	0.640	2,627.000000
2.865550	0.640	2,895.000000
2.876217	0.640	3,297.000000
2.886883	0.640	2,605.000000
2.897550	0.640	672.000000
2.908217	0.640	-191.000000
2.918883	0.640	1,390.000000
2.929550	0.640	3,786.000000
2.940217	0.640	4,768.000000
2.950883	0.640	3,951.000000
2.961550	0.640	3,541.000000
2.972217	0.640	6,011.000000
2.982883	0.640	11,241.000000
2.993550	0.640	18,329.000000
3.004217	0.640	29,514.000000
3.014883	0.640	50,526.000000
3.025550	0.640	87,900.000000
3.036217	0.640	150,162.000000
3.046883	0.640	254,762.000000
3.057550	0.640	440,275.000000
3.068217	0.640	789,990.000000
3.078883	0.640	1,461,615.000000
3.089550	0.640	2,702,765.000000
3.100217	0.640	4,812,942.000000
3.110883	0.640	7,980,542.000000
3.121550	0.640	12,002,480.000000
3.132217	0.640	16,127,289.000000
3.142883	0.640	19,292,537.000000
3.153550	0.640	20,666,507.000000
3.164217	0.640	20,112,859.000000
3.174883	0.640	18,237,459.000000
3.185550	0.640	15,951,989.000000
3.196217	0.640	13,930,384.000000
3.206883	0.640	12,427,017.000000
3.217550	0.640	11,431,340.000000
3.228217	0.640	10,825,918.000000
3.238883	0.640	10,454,062.000000
3.249550	0.640	10,173,149.000000
3.260217	0.640	9,867,926.000000
3.270883	0.640	9,435,924.000000
3.281550	0.640	8,811,530.000000
3.292217	0.640	7,975,740.000000
3.302883	0.640	6,943,238.000000
3.313550	0.640	5,779,429.000000
3.324217	0.640	4,589,569.000000
3.334883	0.640	3,474,635.000000
3.345550	0.640	2,513,358.000000
3.356217	0.640	1,749,062.000000
3.366883	0.640	1,181,099.000000
3.377550	0.640	782,077.000000
3.388217	0.640	514,019.000000
3.398883	0.640	337,010.000000
3.409550	0.640	220,322.000000
3.420217	0.640	144,905.000000
3.430883	0.640	97,128.000000
3.441550	0.640	66,421.000000
3.452217	0.640	46,437.000000
3.462883	0.640	33,670.000000
3.473550	0.640	25,118.000000
3.484217	0.640	18,722.000000
3.494883	0.640	14,189.000000
3.505550	0.640	11,232.000000
3.516217	0.640	8,654.000000
3.526883	0.640	6,147.000000
3.537550	0.640	4,896.000000
3.548217	0.640	5,332.000000
3.558883	0.640	6,354.000000
3.569550	0.640	7,075.000000
3.580217	0.640	7,165.000000
3.590883	0.640	6,514.000000
3.601550	0.640	5,729.000000
3.612217	0.640	5,594.000000
3.622883	0.640	5,876.000000
3.633550	0.640	5,211.000000
3.644217	0.640	3,197.000000
3.654883	0.640	2,153.000000
3.665550	0.640	3,746.000000
3.676217	0.640	5,540.000000
3.686883	0.640	4,996.000000
3.697550	0.640	3,506.000000
3.708217	0.640	3,079.000000
3.718883	0.640	3,060.000000
3.729550	0.640	2,620.000000
3.740217	0.640	3,150.000000
3.750883	0.640	5,317.000000
3.761550	0.640	6,825.000000
3.772217	0.640	6,283.000000
3.782883	0.640	5,219.000000
3.793550	0.640	5,126.000000
3.804217	0.640	6,609.000000
3.814883	0.640	9,726.000000
3.825550	0.640	13,330.000000
3.836217	0.640	15,953.000000
3.846883	0.640	17,310.000000
3.857550	0.640	18,033.000000
3.868217	0.640	17,932.000000
3.878883	0.640	16,514.000000
3.889550	0.640	15,247.000000
3.900217	0.640	15,739.000000
3.910883	0.640	16,663.000000
3.921550	0.640	16,224.000000
3.932217	0.640	14,962.000000
3.942883	0.640	13,810.000000
3.953550	0.640	12,630.000000
3.964217	0.640	10,747.000000
3.974883	0.640	7,632.000000
3.985550	0.640	4,296.000000
3.996217	0.640	2,632.000000
4.006883	0.640	2,687.000000
4.017550	0.640	2,956.000000
4.028217	0.640	3,020.000000
4.038883	0.640	3,510.000000
4.049550	0.640	3,840.000000
4.060217	0.640	3,298.000000
4.070883	0.640	3,102.000000
4.081550	0.640	3,934.000000
4.092217	0.640	4,715.000000
4.102883	0.640	5,336.000000
4.113550	0.640	6,485.000000
4.124217	0.640	7,426.000000
4.134883	0.640	7,397.000000
4.145550	0.640	6,975.000000
4.156217	0.640	6,027.000000
4.166883	0.640	4,084.000000
4.177550	0.640	2,880.000000
4.188217	0.640	3,893.000000
4.198883	0.640	5,658.000000
4.209550	0.640	6,821.000000
4.220217	0.640	7,571.000000
4.230883	0.640	7,719.000000
4.241550	0.640	6,758.000000
4.252217	0.640	4,954.000000
4.262883	0.640	3,602.000000
4.273550	0.640	3,557.000000
4.284217	0.640	3,934.000000
4.294883	0.640	3,896.000000
4.305550	0.640	4,002.000000
4.316217	0.640	5,094.000000
4.326883	0.640	7,183.000000
4.337550	0.640	9,077.000000
4.348217	0.640	9,561.000000
4.358883	0.640	9,459.000000
4.369550	0.640	10,140.000000
4.380217	0.640	10,437.000000
4.390883	0.640	8,811.000000
4.401550	0.640	6,989.000000
4.412217	0.640	7,240.000000
4.422883	0.640	8,212.000000
4.433550	0.640	7,705.000000
4.444217	0.640	6,613.000000
4.454883	0.640	6,295.000000
4.465550	0.640	6,093.000000
4.476217	0.640	5,689.000000
4.486883	0.640	5,718.000000
4.497550	0.640	5,441.000000
4.508217	0.640	3,809.000000
4.518883	0.640	2,562.000000
4.529550	0.640	3,961.000000
4.540217	0.640	6,993.000000
4.550883	0.640	9,779.000000
4.561550	0.640	12,862.000000
4.572217	0.640	18,048.000000
4.582883	0.640	27,980.000000
4.593550	0.640	47,955.000000
4.604217	0.640	85,069.000000
4.614883	0.640	149,026.000000
4.625550	0.640	257,688.000000
4.636217	0.640	439,064.000000
4.646883	0.640	737,758.000000
4.657550	0.640	1,234,892.000000
4.668217	0.640	2,080,438.000000
4.678883	0.640	3,587,387.000000
4.689550	0.640	6,398,743.000000
4.700217	0.640	11,474,893.000000
4.710883	0.640	19,470,485.000000
4.721550	0.640	29,517,986.000000
4.732217	0.640	38,518,451.000000
4.742883	0.640	42,402,748.000000
4.753550	0.640	39,029,047.000000
4.764217	0.640	30,036,265.000000
4.774883	0.640	19,584,590.000000
4.785550	0.640	11,266,983.000000
4.796217	0.640	6,223,502.000000
4.806883	0.640	3,644,924.000000
4.817550	0.640	2,311,542.000000
4.828217	0.640	1,499,740.000000
4.838883	0.640	959,043.000000
4.849550	0.640	606,698.000000
4.860217	0.640	382,943.000000
4.870883	0.640	240,316.000000
4.881550	0.640	150,655.000000
4.892217	0.640	97,449.000000
4.902883	0.640	67,190.000000
4.913550	0.640	49,520.000000
4.924217	0.640	38,028.000000
4.934883	0.640	29,838.000000
4.945550	0.640	24,399.000000
4.956217	0.640	21,140.000000
4.966883	0.640	19,155.000000
4.977550	0.640	17,527.000000
4.988217	0.640	15,240.000000
4.998883	0.640	12,633.000000
5.009550	0.640	11,489.000000
5.020217	0.640	11,754.000000
5.030883	0.640	11,694.000000
5.041550	0.640	11,604.000000
5.052217	0.640	12,286.000000
5.062883	0.640	11,765.000000
5.073550	0.640	8,870.000000
5.084217	0.640	6,596.000000
5.094883	0.640	7,290.000000
5.105550	0.640	8,861.000000
5.116217	0.640	8,687.000000
5.126883	0.640	7,114.000000
5.137550	0.640	6,002.000000
5.148217	0.640	6,409.000000
5.158883	0.640	7,445.000000
5.169550	0.640	7,482.000000
5.180217	0.640	6,356.000000
5.190883	0.640	5,141.000000
5.201550	0.640	4,664.000000
5.212217	0.640	4,780.000000
5.222883	0.640	5,202.000000
5.233550	0.640	6,140.000000
5.244217	0.640	6,968.000000
5.254883	0.640	6,872.000000
5.265550	0.640	6,757.000000
5.276217	0.640	7,468.000000
5.286883	0.640	8,007.000000
5.297550	0.640	7,232.000000
5.308217	0.640	5,527.000000
5.318883	0.640	4,288.000000
5.329550	0.640	4,044.000000
5.340217	0.640	3,993.000000
5.350883	0.640	3,972.000000
5.361550	0.640	4,637.000000
5.372217	0.640	5,209.000000
5.382883	0.640	4,752.000000
5.393550	0.640	4,621.000000
5.404217	0.640	5,577.000000
5.414883	0.640	6,104.000000
5.425550	0.640	5,760.000000
5.436217	0.640	6,096.000000
5.446883	0.640	7,949.000000
5.457550	0.640	10,005.000000
5.468217	0.640	10,486.000000
5.478883	0.640	9,229.000000
5.489550	0.640	7,725.000000
5.500217	0.640	7,779.000000
5.510883	0.640	10,060.000000
5.521550	0.640	14,290.000000
5.532217	0.640	20,589.000000
5.542883	0.640	30,054.000000
5.553550	0.640	43,505.000000
5.564217	0.640	59,335.000000
5.574883	0.640	74,806.000000
5.585550	0.640	87,870.000000
5.596217	0.640	95,542.000000
5.606883	0.640	94,833.000000
5.617550	0.640	86,430.000000
5.628217	0.640	73,918.000000
5.638883	0.640	60,300.000000
5.649550	0.640	48,050.000000
5.660217	0.640	38,898.000000
5.670883	0.640	31,571.000000
5.681550	0.640	24,294.000000
5.692217	0.640	17,872.000000
5.702883	0.640	13,456.000000
5.713550	0.640	10,600.000000
5.724217	0.640	8,486.000000
5.734883	0.640	7,420.000000
5.745550	0.640	7,817.000000
5.756217	0.640	8,931.000000
5.766883	0.640	9,356.000000
5.777550	0.640	8,137.000000
5.788217	0.640	6,369.000000
5.798883	0.640	5,721.000000
5.809550	0.640	5,653.000000
5.820217	0.640	5,217.000000
5.830883	0.640	4,826.000000
5.841550	0.640	4,999.000000
5.852217	0.640	6,058.000000
5.862883	0.640	7,551.000000
5.873550	0.640	7,684.000000
5.884217	0.640	6,219.000000
5.894883	0.640	5,434.000000
5.905550	0.640	6,334.000000
5.916217	0.640	7,237.000000
5.926883	0.640	6,777.000000
5.937550	0.640	6,534.000000
5.948217	0.640	8,165.000000
5.958883	0.640	9,479.000000
5.969550	0.640	8,589.000000
5.980217	0.640	7,455.000000
5.990883	0.640	7,687.000000
6.001550	0.640	8,501.000000
6.012217	0.640	8,773.000000
6.022883	0.640	8,213.000000
6.033550	0.640	7,488.000000
6.044217	0.640	7,216.000000
6.054883	0.640	6,899.000000
6.065550	0.640	6,023.000000
6.076217	0.640	5,514.000000
6.086883	0.640	6,215.000000
6.097550	0.640	7,719.000000
6.108217	0.640	10,331.000000
6.118883	0.640	14,716.000000
6.129550	0.640	20,640.000000
6.140217	0.640	28,570.000000
6.150883	0.640	39,013.000000
6.161550	0.640	49,777.000000
6.172217	0.640	57,594.000000
6.182883	0.640	61,131.000000
6.193550	0.640	59,451.000000
6.204217	0.640	51,850.000000
6.214883	0.640	40,818.000000
6.225550	0.640	30,054.000000
6.236217	0.640	21,331.000000
6.246883	0.640	16,234.000000
6.257550	0.640	16,449.000000
6.268217	0.640	20,679.000000
6.278883	0.640	26,100.000000
6.289550	0.640	34,409.000000
6.300217	0.640	51,950.000000
6.310883	0.640	85,718.000000
6.321550	0.640	144,180.000000
6.332217	0.640	237,513.000000
6.342883	0.640	377,791.000000
6.353550	0.640	589,450.000000
6.364217	0.640	925,202.000000
6.374883	0.640	1,484,132.000000
6.385550	0.640	2,435,771.000000
6.396217	0.640	4,013,629.000000
6.406883	0.640	6,423,635.000000
6.417550	0.640	9,659,583.000000
6.428217	0.640	13,289,104.000000
6.438883	0.640	16,432,565.000000
6.449550	0.640	18,128,987.000000
6.460217	0.640	17,849,847.000000
6.470883	0.640	15,749,495.000000
6.481550	0.640	12,535,614.000000
6.492217	0.640	9,085,573.000000
6.502883	0.640	6,068,132.000000
6.513550	0.640	3,790,144.000000
6.524217	0.640	2,255,507.000000
6.534883	0.640	1,309,318.000000
6.545550	0.640	764,614.000000
6.556217	0.640	462,604.000000
6.566883	0.640	290,127.000000
6.577550	0.640	184,557.000000
6.588217	0.640	119,097.000000
6.598883	0.640	79,258.000000
6.609550	0.640	54,196.000000
6.620217	0.640	38,386.000000
6.630883	0.640	29,769.000000
6.641550	0.640	25,428.000000
6.652217	0.640	21,700.000000
6.662883	0.640	17,291.000000
6.673550	0.640	13,794.000000
6.684217	0.640	13,049.000000
6.694883	0.640	15,071.000000
6.705550	0.640	18,137.000000
6.716217	0.640	19,655.000000
6.726883	0.640	18,722.000000
6.737550	0.640	17,354.000000
6.748217	0.640	16,790.000000
6.758883	0.640	15,788.000000
6.769550	0.640	14,069.000000
6.780217	0.640	13,105.000000
6.790883	0.640	13,144.000000
6.801550	0.640	13,404.000000
6.812217	0.640	14,768.000000
6.822883	0.640	18,791.000000
6.833550	0.640	24,753.000000
6.844217	0.640	31,690.000000
6.854883	0.640	41,216.000000
6.865550	0.640	53,214.000000
6.876217	0.640	63,170.000000
6.886883	0.640	67,543.000000
6.897550	0.640	66,724.000000
6.908217	0.640	62,356.000000
6.918883	0.640	55,806.000000
6.929550	0.640	48,381.000000
6.940217	0.640	41,129.000000
6.950883	0.640	35,792.000000
6.961550	0.640	34,683.000000
6.972217	0.640	36,965.000000
6.982883	0.640	38,309.000000
6.993550	0.640	36,057.000000
7.004217	0.640	31,750.000000
7.014883	0.640	27,798.000000
7.025550	0.640	23,753.000000
7.036217	0.640	18,519.000000
7.046883	0.640	13,729.000000
7.057550	0.640	11,295.000000
7.068217	0.640	10,258.000000
7.078883	0.640	8,108.000000
7.089550	0.640	5,042.000000
7.100217	0.640	4,724.000000
7.110883	0.640	7,961.000000
7.121550	0.640	10,705.000000
7.132217	0.640	10,729.000000
7.142883	0.640	9,705.000000
7.153550	0.640	9,348.000000
7.164217	0.640	9,792.000000
7.174883	0.640	9,941.000000
7.185550	0.640	9,098.000000
7.196217	0.640	8,088.000000
7.206883	0.640	7,658.000000
7.217550	0.640	7,952.000000
7.228217	0.640	8,794.000000
7.238883	0.640	9,664.000000
7.249550	0.640	10,278.000000
7.260217	0.640	9,816.000000
7.270883	0.640	7,880.000000
7.281550	0.640	6,290.000000
7.292217	0.640	6,838.000000
7.302883	0.640	8,817.000000
7.313550	0.640	9,881.000000
7.324217	0.640	8,928.000000
7.334883	0.640	7,073.000000
7.345550	0.640	5,550.000000
7.356217	0.640	4,797.000000
7.366883	0.640	4,946.000000
7.377550	0.640	6,058.000000
7.388217	0.640	8,345.000000
7.398883	0.640	10,776.000000
7.409550	0.640	10,928.000000
7.420217	0.640	8,738.000000
7.430883	0.640	7,197.000000
7.441550	0.640	8,051.000000
7.452217	0.640	9,811.000000
7.462883	0.640	10,425.000000
7.473550	0.640	9,802.000000
7.484217	0.640	8,963.000000
7.494883	0.640	8,748.000000
7.505550	0.640	9,002.000000
7.516217	0.640	8,303.000000
7.526883	0.640	6,469.000000
7.537550	0.640	5,451.000000
7.548217	0.640	6,404.000000
7.558883	0.640	8,468.000000
7.569550	0.640	10,147.000000
7.580217	0.640	10,493.000000
7.590883	0.640	9,854.000000
7.601550	0.640	9,094.000000
7.612217	0.640	8,582.000000
7.622883	0.640	9,131.000000
7.633550	0.640	10,756.000000
7.644217	0.640	11,199.000000
7.654883	0.640	9,523.000000
7.665550	0.640	7,975.000000
7.676217	0.640	7,968.000000
7.686883	0.640	8,316.000000
7.697550	0.640	8,285.000000
7.708217	0.640	9,096.000000
7.718883	0.640	11,930.000000
7.729550	0.640	16,283.000000
7.740217	0.640	22,166.000000
7.750883	0.640	32,753.000000
7.761550	0.640	52,283.000000
7.772217	0.640	85,512.000000
7.782883	0.640	141,132.000000
7.793550	0.640	230,986.000000
7.804217	0.640	370,845.000000
7.814883	0.640	586,407.000000
7.825550	0.640	917,123.000000
7.836217	0.640	1,421,759.000000
7.846883	0.640	2,197,966.000000
7.857550	0.640	3,427,421.000000
7.868217	0.640	5,441,186.000000
7.878883	0.640	8,764,439.000000
7.889550	0.640	13,987,988.000000
7.900217	0.640	21,311,107.000000
7.910883	0.640	29,954,090.000000
7.921550	0.640	37,994,986.000000
7.932217	0.640	43,006,225.000000
7.942883	0.640	43,209,495.000000
7.953550	0.640	38,453,030.000000
7.964217	0.640	30,356,125.000000
7.974883	0.640	21,405,851.000000
7.985550	0.640	13,672,945.000000
7.996217	0.640	8,102,994.000000
8.006883	0.640	4,620,082.000000
8.017550	0.640	2,640,297.000000
8.028217	0.640	1,552,853.000000
8.038883	0.640	944,007.000000
8.049550	0.640	588,169.000000
8.060217	0.640	372,132.000000
8.070883	0.640	240,585.000000
8.081550	0.640	161,601.000000
8.092217	0.640	111,849.000000
8.102883	0.640	78,096.000000
8.113550	0.640	58,081.000000
8.124217	0.640	50,345.000000
8.134883	0.640	48,213.000000
8.145550	0.640	45,622.000000
8.156217	0.640	41,094.000000
8.166883	0.640	36,162.000000
8.177550	0.640	32,264.000000
8.188217	0.640	28,794.000000
8.198883	0.640	24,940.000000
8.209550	0.640	21,866.000000
8.220217	0.640	21,013.000000
8.230883	0.640	21,372.000000
8.241550	0.640	21,107.000000
8.252217	0.640	20,492.000000
8.262883	0.640	20,215.000000
8.273550	0.640	19,728.000000
8.284217	0.640	18,658.000000
8.294883	0.640	17,266.000000
8.305550	0.640	16,031.000000
8.316217	0.640	14,883.000000
8.326883	0.640	13,425.000000
8.337550	0.640	12,170.000000
8.348217	0.640	11,717.000000
8.358883	0.640	11,836.000000
8.369550	0.640	11,800.000000
8.380217	0.640	10,796.000000
8.390883	0.640	8,990.000000
8.401550	0.640	8,237.000000
8.412217	0.640	9,718.000000
8.422883	0.640	11,358.000000
8.433550	0.640	11,015.000000
8.444217	0.640	10,049.000000
8.454883	0.640	10,689.000000
8.465550	0.640	12,417.000000
8.476217	0.640	12,845.000000
8.486883	0.640	11,759.000000
8.497550	0.640	11,577.000000
8.508217	0.640	13,262.000000
8.518883	0.640	15,220.000000
8.529550	0.640	16,492.000000
8.540217	0.640	19,368.000000
8.550883	0.640	28,122.000000
8.561550	0.640	45,119.000000
8.572217	0.640	70,605.000000
8.582883	0.640	108,085.000000
8.593550	0.640	168,944.000000
8.604217	0.640	269,948.000000
8.614883	0.640	426,857.000000
8.625550	0.640	659,124.000000
8.636217	0.640	1,005,402.000000
8.646883	0.640	1,527,758.000000
8.657550	0.640	2,309,361.000000
8.668217	0.640	3,477,430.000000
8.678883	0.640	5,260,646.000000
8.689550	0.640	8,048,883.000000
8.700217	0.640	12,365,143.000000
8.710883	0.640	18,657,789.000000
8.721550	0.640	26,888,722.000000
8.732217	0.640	36,078,407.000000
8.742883	0.640	44,255,177.000000
8.753550	0.640	49,092,490.000000
8.764217	0.640	48,967,800.000000
8.774883	0.640	43,843,510.000000
8.785550	0.640	35,332,452.000000
8.796217	0.640	25,796,440.000000
8.806883	0.640	17,216,017.000000
8.817550	0.640	10,651,436.000000
8.828217	0.640	6,270,133.000000
8.838883	0.640	3,638,437.000000
8.849550	0.640	2,143,887.000000
8.860217	0.640	1,297,080.000000
8.870883	0.640	800,751.000000
8.881550	0.640	503,765.000000
8.892217	0.640	328,659.000000
8.902883	0.640	224,321.000000
8.913550	0.640	157,675.000000
8.924217	0.640	113,475.000000
8.934883	0.640	85,192.000000
8.945550	0.640	67,292.000000
8.956217	0.640	55,233.000000
8.966883	0.640	46,344.000000
8.977550	0.640	39,685.000000
8.988217	0.640	34,950.000000
8.998883	0.640	31,095.000000
9.009550	0.640	28,308.000000
9.020217	0.640	27,821.000000
9.030883	0.640	28,385.000000
9.041550	0.640	27,362.000000
9.052217	0.640	24,510.000000
9.062883	0.640	22,300.000000
9.073550	0.640	22,593.000000
9.084217	0.640	23,701.000000
9.094883	0.640	22,877.000000
9.105550	0.640	20,941.000000
9.116217	0.640	20,456.000000
9.126883	0.640	21,275.000000
9.137550	0.640	21,959.000000
9.148217	0.640	22,217.000000
9.158883	0.640	22,056.000000
9.169550	0.640	21,694.000000
9.180217	0.640	21,534.000000
9.190883	0.640	21,269.000000
9.201550	0.640	20,835.000000
9.212217	0.640	20,905.000000
9.222883	0.640	21,299.000000
9.233550	0.640	21,096.000000
9.244217	0.640	20,049.000000
9.254883	0.640	18,441.000000
9.265550	0.640	16,645.000000
9.276217	0.640	15,640.000000
9.286883	0.640	16,351.000000
9.297550	0.640	17,700.000000
9.308217	0.640	17,847.000000
9.318883	0.640	17,219.000000
9.329550	0.640	17,051.000000
9.340217	0.640	16,978.000000
9.350883	0.640	16,618.000000
9.361550	0.640	17,207.000000
9.372217	0.640	19,216.000000
9.382883	0.640	20,094.000000
9.393550	0.640	17,925.000000
9.404217	0.640	14,927.000000
9.414883	0.640	13,863.000000
9.425550	0.640	14,553.000000
9.436217	0.640	16,123.000000
9.446883	0.640	18,733.000000
9.457550	0.640	21,671.000000
9.468217	0.640	23,751.000000
9.478883	0.640	25,705.000000
9.489550	0.640	28,773.000000
9.500217	0.640	34,055.000000
9.510883	0.640	44,452.000000
9.521550	0.640	63,675.000000
9.532217	0.640	95,941.000000
9.542883	0.640	146,288.000000
9.553550	0.640	220,933.000000
9.564217	0.640	331,764.000000
9.574883	0.640	498,547.000000
9.585550	0.640	745,428.000000
9.596217	0.640	1,106,941.000000
9.606883	0.640	1,648,000.000000
9.617550	0.640	2,475,315.000000
9.628217	0.640	3,770,129.000000
9.638883	0.640	5,862,348.000000
9.649550	0.640	9,229,800.000000
9.660217	0.640	14,308,433.000000
9.670883	0.640	21,102,465.000000
9.681550	0.640	28,759,680.000000
9.692217	0.640	35,488,007.000000
9.702883	0.640	39,129,950.000000
9.713550	0.640	38,278,183.000000
9.724217	0.640	33,153,032.000000
9.734883	0.640	25,483,290.000000
9.745550	0.640	17,535,178.000000
9.756217	0.640	11,006,313.000000
9.766883	0.640	6,489,437.000000
9.777550	0.640	3,724,898.000000
9.788217	0.640	2,157,722.000000
9.798883	0.640	1,295,929.000000
9.809550	0.640	812,230.000000
9.820217	0.640	523,264.000000
9.830883	0.640	341,232.000000
9.841550	0.640	227,589.000000
9.852217	0.640	159,810.000000
9.862883	0.640	119,310.000000
9.873550	0.640	94,545.000000
9.884217	0.640	82,332.000000
9.894883	0.640	80,164.000000
9.905550	0.640	83,979.000000
9.916217	0.640	95,726.000000
9.926883	0.640	123,314.000000
9.937550	0.640	172,596.000000
9.948217	0.640	247,620.000000
9.958883	0.640	355,483.000000
9.969550	0.640	510,574.000000
9.980217	0.640	744,524.000000
9.990883	0.640	1,110,384.000000
10.001550	0.640	1,690,595.000000
10.012217	0.640	2,627,973.000000
10.022883	0.640	4,120,165.000000
10.033550	0.640	6,319,430.000000
10.044217	0.640	9,171,750.000000
10.054883	0.640	12,267,671.000000
10.065550	0.640	14,823,383.000000
10.076217	0.640	15,958,140.000000
10.086883	0.640	15,204,738.000000
10.097550	0.640	12,820,833.000000
10.108217	0.640	9,613,104.000000
10.118883	0.640	6,475,979.000000
10.129550	0.640	3,998,039.000000
10.140217	0.640	2,339,046.000000
10.150883	0.640	1,360,162.000000
10.161550	0.640	827,454.000000
10.172217	0.640	543,157.000000
10.182883	0.640	384,362.000000
10.193550	0.640	290,537.000000
10.204217	0.640	234,584.000000
10.214883	0.640	200,529.000000
10.225550	0.640	178,197.000000
10.236217	0.640	161,661.000000
10.246883	0.640	146,418.000000
10.257550	0.640	130,273.000000
10.268217	0.640	113,913.000000
10.278883	0.640	99,021.000000
10.289550	0.640	85,479.000000
10.300217	0.640	71,999.000000
10.310883	0.640	60,039.000000
10.321550	0.640	52,904.000000
10.332217	0.640	50,656.000000
10.342883	0.640	50,221.000000
10.353550	0.640	50,379.000000
10.364217	0.640	52,983.000000
10.374883	0.640	59,798.000000
10.385550	0.640	69,658.000000
10.396217	0.640	79,314.000000
10.406883	0.640	87,203.000000
10.417550	0.640	92,209.000000
10.428217	0.640	90,450.000000
10.438883	0.640	80,284.000000
10.449550	0.640	66,376.000000
10.460217	0.640	54,173.000000
10.470883	0.640	45,191.000000
10.481550	0.640	39,246.000000
10.492217	0.640	36,739.000000
10.502883	0.640	36,670.000000
10.513550	0.640	36,270.000000
10.524217	0.640	34,809.000000
10.534883	0.640	34,312.000000
10.545550	0.640	35,995.000000
10.556217	0.640	38,257.000000
10.566883	0.640	38,351.000000
10.577550	0.640	35,944.000000
10.588217	0.640	33,789.000000
10.598883	0.640	33,762.000000
10.609550	0.640	34,889.000000
10.620217	0.640	36,416.000000
10.630883	0.640	38,624.000000
10.641550	0.640	40,272.000000
10.652217	0.640	39,740.000000
10.662883	0.640	37,940.000000
10.673550	0.640	37,263.000000
10.684217	0.640	38,657.000000
10.694883	0.640	40,581.000000
10.705550	0.640	41,238.000000
10.716217	0.640	41,058.000000
10.726883	0.640	40,926.000000
10.737550	0.640	40,344.000000
10.748217	0.640	39,326.000000
10.758883	0.640	38,441.000000
10.769550	0.640	37,560.000000
10.780217	0.640	36,870.000000
10.790883	0.640	36,407.000000
10.801550	0.640	35,997.000000
10.812217	0.640	36,232.000000
10.822883	0.640	36,888.000000
10.833550	0.640	37,420.000000
10.844217	0.640	38,807.000000
10.854883	0.640	42,169.000000
10.865550	0.640	48,399.000000
10.876217	0.640	58,761.000000
10.886883	0.640	74,380.000000
10.897550	0.640	98,513.000000
10.908217	0.640	138,053.000000
10.918883	0.640	201,071.000000
10.929550	0.640	300,182.000000
10.940217	0.640	458,643.000000
10.950883	0.640	703,987.000000
10.961550	0.640	1,065,565.000000
10.972217	0.640	1,593,513.000000
10.982883	0.640	2,367,635.000000
10.993550	0.640	3,497,937.000000
11.004217	0.640	5,176,691.000000
11.014883	0.640	7,759,904.000000
11.025550	0.640	11,802,928.000000
11.036217	0.640	18,015,012.000000
11.046883	0.640	27,005,349.000000
11.057550	0.640	38,695,151.000000
11.068217	0.640	51,696,899.000000
11.078883	0.640	63,305,716.000000
11.089550	0.640	70,362,784.000000
11.100217	0.640	70,600,350.000000
11.110883	0.640	63,789,714.000000
11.121550	0.640	51,949,257.000000
11.132217	0.640	38,327,805.000000
11.142883	0.640	25,878,491.000000
11.153550	0.640	16,264,184.000000
11.164217	0.640	9,775,496.000000
11.174883	0.640	5,841,188.000000
11.185550	0.640	3,632,692.000000
11.196217	0.640	2,466,914.000000
11.206883	0.640	1,922,085.000000
11.217550	0.640	1,768,756.000000
11.228217	0.640	1,900,418.000000
11.238883	0.640	2,300,228.000000
11.249550	0.640	3,024,970.000000
11.260217	0.640	4,219,919.000000
11.270883	0.640	6,145,570.000000
11.281550	0.640	9,188,285.000000
11.292217	0.640	13,741,002.000000
11.302883	0.640	19,898,841.000000
11.313550	0.640	27,141,598.000000
11.324217	0.640	34,165,249.000000
11.334883	0.640	39,089,598.000000
11.345550	0.640	40,272,926.000000
11.356217	0.640	37,269,031.000000
11.366883	0.640	31,050,548.000000
11.377550	0.640	23,397,788.000000
11.388217	0.640	16,068,014.000000
11.398883	0.640	10,194,519.000000
11.409550	0.640	6,106,263.000000
11.420217	0.640	3,560,123.000000
11.430883	0.640	2,095,815.000000
11.441550	0.640	1,278,839.000000
11.452217	0.640	808,308.000000
11.462883	0.640	523,580.000000
11.473550	0.640	352,492.000000
11.484217	0.640	252,019.000000
11.494883	0.640	188,826.000000
11.505550	0.640	146,744.000000
11.516217	0.640	120,589.000000
11.526883	0.640	105,807.000000
11.537550	0.640	97,399.000000
11.548217	0.640	92,008.000000
11.558883	0.640	88,938.000000
11.569550	0.640	88,017.000000
11.580217	0.640	87,774.000000
11.590883	0.640	86,421.000000
11.601550	0.640	83,391.000000
11.612217	0.640	79,300.000000
11.622883	0.640	74,323.000000
11.633550	0.640	68,490.000000
11.644217	0.640	64,043.000000
11.654883	0.640	62,945.000000
11.665550	0.640	63,244.000000
11.676217	0.640	63,238.000000
11.686883	0.640	64,339.000000
11.697550	0.640	67,329.000000
11.708217	0.640	70,604.000000
11.718883	0.640	72,325.000000
11.729550	0.640	73,480.000000
11.740217	0.640	76,977.000000
11.750883	0.640	83,475.000000
11.761550	0.640	91,625.000000
11.772217	0.640	101,118.000000
11.782883	0.640	112,698.000000
11.793550	0.640	127,947.000000
11.804217	0.640	151,251.000000
11.814883	0.640	189,019.000000
11.825550	0.640	249,035.000000
11.836217	0.640	345,327.000000
11.846883	0.640	497,080.000000
11.857550	0.640	718,256.000000
11.868217	0.640	1,010,131.000000
11.878883	0.640	1,360,124.000000
11.889550	0.640	1,755,619.000000
11.900217	0.640	2,214,077.000000
11.910883	0.640	2,815,877.000000
11.921550	0.640	3,736,484.000000
11.932217	0.640	5,271,266.000000
11.942883	0.640	7,829,989.000000
11.953550	0.640	11,824,689.000000
11.964217	0.640	17,370,894.000000
11.974883	0.640	23,924,605.000000
11.985550	0.640	30,162,425.000000
11.996217	0.640	34,308,199.000000
12.006883	0.640	34,884,356.000000
12.017550	0.640	31,546,666.000000
12.028217	0.640	25,373,485.000000
12.038883	0.640	18,272,561.000000
12.049550	0.640	11,948,011.000000
12.060217	0.640	7,252,533.000000
12.070883	0.640	4,223,599.000000
12.081550	0.640	2,461,463.000000
12.092217	0.640	1,488,037.000000
12.102883	0.640	944,044.000000
12.113550	0.640	624,771.000000
12.124217	0.640	428,582.000000
12.134883	0.640	303,133.000000
12.145550	0.640	223,595.000000
12.156217	0.640	175,944.000000
12.166883	0.640	145,156.000000
12.177550	0.640	122,568.000000
12.188217	0.640	108,242.000000
12.198883	0.640	101,100.000000
12.209550	0.640	95,876.000000
12.220217	0.640	88,895.000000
12.230883	0.640	82,088.000000
12.241550	0.640	78,513.000000
12.252217	0.640	76,512.000000
12.262883	0.640	73,397.000000
12.273550	0.640	70,254.000000
12.284217	0.640	68,729.000000
12.294883	0.640	68,220.000000
12.305550	0.640	68,195.000000
12.316217	0.640	69,299.000000
12.326883	0.640	71,235.000000
12.337550	0.640	72,140.000000
12.348217	0.640	71,250.000000
12.358883	0.640	70,827.000000
12.369550	0.640	72,940.000000
12.380217	0.640	76,019.000000
12.390883	0.640	77,587.000000
12.401550	0.640	77,957.000000
12.412217	0.640	79,368.000000
12.422883	0.640	82,126.000000
12.433550	0.640	83,714.000000
12.444217	0.640	83,459.000000
12.454883	0.640	83,935.000000
12.465550	0.640	86,390.000000
12.476217	0.640	88,975.000000
12.486883	0.640	89,867.000000
12.497550	0.640	90,171.000000
12.508217	0.640	92,183.000000
12.518883	0.640	95,576.000000
12.529550	0.640	98,665.000000
12.540217	0.640	101,228.000000
12.550883	0.640	102,813.000000
12.561550	0.640	102,315.000000
12.572217	0.640	100,942.000000
12.582883	0.640	101,322.000000
12.593550	0.640	103,702.000000
12.604217	0.640	105,759.000000
12.614883	0.640	104,780.000000
12.625550	0.640	100,004.000000
12.636217	0.640	94,328.000000
12.646883	0.640	91,506.000000
12.657550	0.640	90,966.000000
12.668217	0.640	89,162.000000
12.678883	0.640	85,848.000000
12.689550	0.640	83,574.000000
12.700217	0.640	82,163.000000
12.710883	0.640	79,999.000000
12.721550	0.640	77,810.000000
12.732217	0.640	76,448.000000
12.742883	0.640	75,307.000000
12.753550	0.640	74,185.000000
12.764217	0.640	73,628.000000
12.774883	0.640	74,021.000000
12.785550	0.640	74,243.000000
12.796217	0.640	72,803.000000
12.806883	0.640	71,550.000000
12.817550	0.640	72,998.000000
12.828217	0.640	74,145.000000
12.838883	0.640	71,004.000000
12.849550	0.640	66,640.000000
12.860217	0.640	65,387.000000
12.870883	0.640	64,846.000000
12.881550	0.640	61,797.000000
12.892217	0.640	57,926.000000
12.902883	0.640	55,398.000000
12.913550	0.640	54,382.000000
12.924217	0.640	54,469.000000
12.934883	0.640	54,514.000000
12.945550	0.640	53,927.000000
12.956217	0.640	53,095.000000
12.966883	0.640	51,810.000000
12.977550	0.640	50,936.000000
12.988217	0.640	52,054.000000
12.998883	0.640	53,875.000000
13.009550	0.640	54,157.000000
13.020217	0.640	52,857.000000
13.030883	0.640	50,675.000000
13.041550	0.640	48,880.000000
13.052217	0.640	49,203.000000
13.062883	0.640	50,691.000000
13.073550	0.640	51,251.000000
13.084217	0.640	51,471.000000
13.094883	0.640	52,560.000000
13.105550	0.640	53,960.000000
13.116217	0.640	53,932.000000
13.126883	0.640	52,521.000000
13.137550	0.640	53,089.000000
13.148217	0.640	56,229.000000
13.158883	0.640	57,943.000000
13.169550	0.640	57,325.000000
13.180217	0.640	57,638.000000
13.190883	0.640	59,831.000000
13.201550	0.640	61,027.000000
13.212217	0.640	59,503.000000
13.222883	0.640	57,556.000000
13.233550	0.640	57,821.000000
13.244217	0.640	59,820.000000
13.254883	0.640	61,571.000000
13.265550	0.640	62,057.000000
13.276217	0.640	61,790.000000
13.286883	0.640	61,636.000000
13.297550	0.640	61,134.000000
13.308217	0.640	60,086.000000
13.318883	0.640	59,922.000000
13.329550	0.640	59,877.000000
13.340217	0.640	57,605.000000
13.350883	0.640	54,731.000000
13.361550	0.640	53,799.000000
13.372217	0.640	53,761.000000
13.382883	0.640	53,589.000000
13.393550	0.640	53,775.000000
13.404217	0.640	54,170.000000
13.414883	0.640	54,115.000000
13.425550	0.640	52,970.000000
13.436217	0.640	51,537.000000
13.446883	0.640	52,109.000000
13.457550	0.640	54,486.000000
13.468217	0.640	55,689.000000
13.478883	0.640	54,814.000000
13.489550	0.640	53,926.000000
13.500217	0.640	53,858.000000
13.510883	0.640	53,681.000000
13.521550	0.640	53,845.000000
13.532217	0.640	55,310.000000
13.542883	0.640	56,926.000000
13.553550	0.640	56,511.000000
13.564217	0.640	54,178.000000
13.574883	0.640	52,203.000000
13.585550	0.640	51,360.000000
13.596217	0.640	51,021.000000
13.606883	0.640	51,362.000000
13.617550	0.640	52,557.000000
13.628217	0.640	54,127.000000
13.638883	0.640	55,794.000000
13.649550	0.640	57,455.000000
13.660217	0.640	59,422.000000
13.670883	0.640	63,349.000000
13.681550	0.640	70,848.000000
13.692217	0.640	81,860.000000
13.702883	0.640	95,896.000000
13.713550	0.640	114,485.000000
13.724217	0.640	141,414.000000
13.734883	0.640	179,624.000000
13.745550	0.640	232,449.000000
13.756217	0.640	307,259.000000
13.766883	0.640	414,147.000000
13.777550	0.640	564,735.000000
13.788217	0.640	768,448.000000
13.798883	0.640	1,033,929.000000
13.809550	0.640	1,383,356.000000
13.820217	0.640	1,853,581.000000
13.830883	0.640	2,487,634.000000
13.841550	0.640	3,346,905.000000
13.852217	0.640	4,529,987.000000
13.862883	0.640	6,193,070.000000
13.873550	0.640	8,570,508.000000
13.884217	0.640	11,944,278.000000
13.894883	0.640	16,551,762.000000
13.905550	0.640	22,465,567.000000
13.916217	0.640	29,451,248.000000
13.926883	0.640	36,807,513.000000
13.937550	0.640	43,373,856.000000
13.948217	0.640	47,885,505.000000
13.958883	0.640	49,395,655.000000
13.969550	0.640	47,535,616.000000
13.980217	0.640	42,644,103.000000
13.990883	0.640	35,661,282.000000
14.001550	0.640	27,841,020.000000
14.012217	0.640	20,376,069.000000
14.022883	0.640	14,055,034.000000
14.033550	0.640	9,200,958.000000
14.044217	0.640	5,790,277.000000
14.054883	0.640	3,569,988.000000
14.065550	0.640	2,200,513.000000
14.076217	0.640	1,380,660.000000
14.086883	0.640	895,190.000000
14.097550	0.640	606,623.000000
14.108217	0.640	430,578.000000
14.118883	0.640	317,986.000000
14.129550	0.640	244,183.000000
14.140217	0.640	197,795.000000
14.150883	0.640	168,951.000000
14.161550	0.640	146,847.000000
14.172217	0.640	126,669.000000
14.182883	0.640	110,573.000000
14.193550	0.640	100,043.000000
14.204217	0.640	92,668.000000
14.214883	0.640	86,561.000000
14.225550	0.640	81,870.000000
14.236217	0.640	79,238.000000
14.246883	0.640	79,194.000000
14.257550	0.640	80,437.000000
14.268217	0.640	81,076.000000
14.278883	0.640	81,170.000000
14.289550	0.640	81,190.000000
14.300217	0.640	80,862.000000
14.310883	0.640	80,873.000000
14.321550	0.640	83,193.000000
14.332217	0.640	87,615.000000
14.342883	0.640	90,977.000000
14.353550	0.640	92,039.000000
14.364217	0.640	92,676.000000
14.374883	0.640	94,094.000000
14.385550	0.640	95,416.000000
14.396217	0.640	95,358.000000
14.406883	0.640	93,300.000000
14.417550	0.640	89,110.000000
14.428217	0.640	84,060.000000
14.438883	0.640	80,158.000000
14.449550	0.640	77,908.000000
14.460217	0.640	77,217.000000
14.470883	0.640	78,042.000000
14.481550	0.640	79,515.000000
14.492217	0.640	80,739.000000
14.502883	0.640	81,228.000000
14.513550	0.640	81,041.000000
14.524217	0.640	80,808.000000
14.534883	0.640	80,218.000000
14.545550	0.640	78,862.000000
14.556217	0.640	78,571.000000
14.566883	0.640	81,137.000000
14.577550	0.640	84,709.000000
14.588217	0.640	86,142.000000
14.598883	0.640	86,460.000000
14.609550	0.640	89,520.000000
14.620217	0.640	95,328.000000
14.630883	0.640	100,436.000000
14.641550	0.640	105,413.000000
14.652217	0.640	114,902.000000
14.662883	0.640	127,940.000000
14.673550	0.640	136,927.000000
14.684217	0.640	139,326.000000
14.694883	0.640	139,015.000000
14.705550	0.640	135,607.000000
14.716217	0.640	125,898.000000
14.726883	0.640	112,680.000000
14.737550	0.640	103,039.000000
14.748217	0.640	101,439.000000
14.758883	0.640	106,651.000000
14.769550	0.640	114,834.000000
14.780217	0.640	123,529.000000
14.790883	0.640	131,201.000000
14.801550	0.640	135,399.000000
14.812217	0.640	133,366.000000
14.822883	0.640	125,092.000000
14.833550	0.640	113,968.000000
14.844217	0.640	104,928.000000
14.854883	0.640	101,612.000000
14.865550	0.640	103,114.000000
14.876217	0.640	105,819.000000
14.886883	0.640	107,455.000000
14.897550	0.640	107,959.000000
14.908217	0.640	108,333.000000
14.918883	0.640	108,580.000000
14.929550	0.640	107,953.000000
14.940217	0.640	106,238.000000
14.950883	0.640	103,548.000000
14.961550	0.640	101,796.000000
14.972217	0.640	103,418.000000
14.982883	0.640	106,575.000000
14.993550	0.640	107,582.000000
15.004217	0.640	106,270.000000
15.014883	0.640	104,783.000000
15.025550	0.640	105,210.000000
15.036217	0.640	107,421.000000
15.046883	0.640	108,720.000000
15.057550	0.640	108,927.000000
15.068217	0.640	110,009.000000
15.078883	0.640	111,532.000000
15.089550	0.640	113,744.000000
15.100217	0.640	118,591.000000
15.110883	0.640	124,590.000000
15.121550	0.640	129,041.000000
15.132217	0.640	132,717.000000
15.142883	0.640	136,440.000000
15.153550	0.640	138,653.000000
15.164217	0.640	137,905.000000
15.174883	0.640	134,245.000000
15.185550	0.640	128,881.000000
15.196217	0.640	123,386.000000
15.206883	0.640	120,491.000000
15.217550	0.640	122,131.000000
15.228217	0.640	124,869.000000
15.238883	0.640	124,568.000000
15.249550	0.640	123,498.000000
15.260217	0.640	125,769.000000
15.270883	0.640	130,080.000000
15.281550	0.640	131,711.000000
15.292217	0.640	129,772.000000
15.302883	0.640	128,299.000000
15.313550	0.640	129,565.000000
15.324217	0.640	131,916.000000
15.334883	0.640	134,087.000000
15.345550	0.640	135,899.000000
15.356217	0.640	137,027.000000
15.366883	0.640	137,849.000000
15.377550	0.640	138,738.000000
15.388217	0.640	139,062.000000
15.398883	0.640	138,586.000000
15.409550	0.640	138,969.000000
15.420217	0.640	141,790.000000
15.430883	0.640	145,558.000000
15.441550	0.640	148,086.000000
15.452217	0.640	149,722.000000
15.462883	0.640	150,974.000000
15.473550	0.640	151,447.000000
15.484217	0.640	152,457.000000
15.494883	0.640	154,776.000000
15.505550	0.640	155,805.000000
15.516217	0.640	154,370.000000
15.526883	0.640	153,756.000000
15.537550	0.640	158,486.000000
15.548217	0.640	170,779.000000
15.558883	0.640	189,454.000000
15.569550	0.640	211,141.000000
15.580217	0.640	228,546.000000
15.590883	0.640	232,243.000000
15.601550	0.640	221,661.000000
15.612217	0.640	205,590.000000
15.622883	0.640	189,813.000000
15.633550	0.640	176,525.000000
15.644217	0.640	169,644.000000
15.654883	0.640	168,470.000000
15.665550	0.640	167,240.000000
15.676217	0.640	165,045.000000
15.686883	0.640	164,801.000000
15.697550	0.640	165,801.000000
15.708217	0.640	166,103.000000
15.718883	0.640	166,706.000000
15.729550	0.640	168,886.000000
15.740217	0.640	173,950.000000
15.750883	0.640	184,620.000000
15.761550	0.640	204,967.000000
15.772217	0.640	242,868.000000
15.782883	0.640	309,645.000000
15.793550	0.640	425,935.000000
15.804217	0.640	633,539.000000
15.814883	0.640	993,062.000000
15.825550	0.640	1,600,823.000000
15.836217	0.640	2,669,936.000000
15.846883	0.640	4,651,441.000000
15.857550	0.640	8,303,419.000000
15.868217	0.640	14,431,694.000000
15.878883	0.640	22,992,860.000000
15.889550	0.640	32,039,855.000000
15.900217	0.640	37,948,052.000000
15.910883	0.640	37,638,482.000000
15.921550	0.640	31,109,669.000000
15.932217	0.640	21,556,406.000000
15.942883	0.640	12,832,662.000000
15.953550	0.640	6,956,902.000000
15.964217	0.640	3,783,457.000000
15.974883	0.640	2,249,602.000000
15.985550	0.640	1,476,390.000000
15.996217	0.640	1,029,529.000000
16.006883	0.640	745,692.000000
16.017550	0.640	562,116.000000
16.028217	0.640	446,276.000000
16.038883	0.640	376,302.000000
16.049550	0.640	332,109.000000
16.060217	0.640	301,111.000000
16.070883	0.640	283,421.000000
16.081550	0.640	279,046.000000
16.092217	0.640	281,111.000000
16.102883	0.640	284,207.000000
16.113550	0.640	287,637.000000
16.124217	0.640	291,690.000000
16.134883	0.640	296,989.000000
16.145550	0.640	304,217.000000
16.156217	0.640	311,710.000000
16.166883	0.640	317,279.000000
16.177550	0.640	322,007.000000
16.188217	0.640	326,832.000000
16.198883	0.640	328,354.000000
16.209550	0.640	323,468.000000
16.220217	0.640	313,615.000000
16.230883	0.640	301,629.000000
16.241550	0.640	289,353.000000
16.252217	0.640	279,600.000000
16.262883	0.640	275,002.000000
16.273550	0.640	274,037.000000
16.284217	0.640	273,498.000000
16.294883	0.640	272,972.000000
16.305550	0.640	273,554.000000
16.316217	0.640	275,590.000000
16.326883	0.640	277,950.000000
16.337550	0.640	279,079.000000
16.348217	0.640	279,651.000000
16.358883	0.640	281,571.000000
16.369550	0.640	285,127.000000
16.380217	0.640	288,547.000000
16.390883	0.640	288,896.000000
16.401550	0.640	286,254.000000
16.412217	0.640	285,701.000000
16.422883	0.640	290,633.000000
16.433550	0.640	299,040.000000
16.444217	0.640	308,479.000000
16.454883	0.640	320,027.000000
16.465550	0.640	339,340.000000
16.476217	0.640	376,934.000000
16.486883	0.640	447,879.000000
16.497550	0.640	574,560.000000
16.508217	0.640	794,475.000000
16.518883	0.640	1,171,401.000000
16.529550	0.640	1,813,026.000000
16.540217	0.640	2,933,006.000000
16.550883	0.640	4,957,593.000000
16.561550	0.640	8,525,014.000000
16.572217	0.640	14,117,079.000000
16.582883	0.640	21,258,188.000000
16.593550	0.640	27,960,139.000000
16.604217	0.640	31,425,161.000000
16.614883	0.640	29,888,601.000000
16.625550	0.640	24,024,690.000000
16.636217	0.640	16,456,272.000000
16.646883	0.640	9,847,062.000000
16.657550	0.640	5,448,967.000000
16.668217	0.640	3,070,019.000000
16.678883	0.640	1,912,503.000000
16.689550	0.640	1,316,334.000000
16.700217	0.640	961,784.000000
16.710883	0.640	737,547.000000
16.721550	0.640	598,901.000000
16.732217	0.640	512,754.000000
16.742883	0.640	456,749.000000
16.753550	0.640	421,942.000000
16.764217	0.640	401,650.000000
16.774883	0.640	388,927.000000
16.785550	0.640	383,441.000000
16.796217	0.640	386,699.000000
16.806883	0.640	395,262.000000
16.817550	0.640	406,028.000000
16.828217	0.640	420,150.000000
16.838883	0.640	438,295.000000
16.849550	0.640	457,413.000000
16.860217	0.640	472,643.000000
16.870883	0.640	479,858.000000
16.881550	0.640	477,791.000000
16.892217	0.640	470,522.000000
16.902883	0.640	464,256.000000
16.913550	0.640	459,830.000000
16.924217	0.640	454,546.000000
16.934883	0.640	450,640.000000
16.945550	0.640	453,275.000000
16.956217	0.640	459,883.000000
16.966883	0.640	462,691.000000
16.977550	0.640	461,562.000000
16.988217	0.640	462,539.000000
16.998883	0.640	467,920.000000
17.009550	0.640	478,306.000000
17.020217	0.640	497,026.000000
17.030883	0.640	524,348.000000
17.041550	0.640	559,435.000000
17.052217	0.640	608,557.000000
17.062883	0.640	681,054.000000
17.073550	0.640	788,827.000000
17.084217	0.640	953,234.000000
17.094883	0.640	1,207,409.000000
17.105550	0.640	1,601,516.000000
17.116217	0.640	2,201,857.000000
17.126883	0.640	3,081,615.000000
17.137550	0.640	4,312,806.000000
17.148217	0.640	5,919,980.000000
17.158883	0.640	7,819,440.000000
17.169550	0.640	9,813,784.000000
17.180217	0.640	11,598,114.000000
17.190883	0.640	12,802,187.000000
17.201550	0.640	13,137,824.000000
17.212217	0.640	12,521,804.000000
17.222883	0.640	11,076,169.000000
17.233550	0.640	9,089,866.000000
17.244217	0.640	6,953,467.000000
17.254883	0.640	5,014,842.000000
17.265550	0.640	3,459,749.000000
17.276217	0.640	2,325,921.000000
17.286883	0.640	1,570,254.000000
17.297550	0.640	1,105,230.000000
17.308217	0.640	830,390.000000
17.318883	0.640	668,680.000000
17.329550	0.640	575,259.000000
17.340217	0.640	522,455.000000
17.350883	0.640	490,615.000000
17.361550	0.640	469,449.000000
17.372217	0.640	458,126.000000
17.382883	0.640	457,533.000000
17.393550	0.640	464,254.000000
17.404217	0.640	475,691.000000
17.414883	0.640	491,426.000000
17.425550	0.640	507,552.000000
17.436217	0.640	518,132.000000
17.446883	0.640	520,132.000000
17.457550	0.640	517,040.000000
17.468217	0.640	517,065.000000
17.478883	0.640	523,773.000000
17.489550	0.640	535,276.000000
17.500217	0.640	550,223.000000
17.510883	0.640	567,315.000000
17.521550	0.640	585,572.000000
17.532217	0.640	604,996.000000
17.542883	0.640	626,480.000000
17.553550	0.640	656,238.000000
17.564217	0.640	701,527.000000
17.574883	0.640	761,850.000000
17.585550	0.640	830,555.000000
17.596217	0.640	893,568.000000
17.606883	0.640	930,334.000000
17.617550	0.640	928,862.000000
17.628217	0.640	892,973.000000
17.638883	0.640	836,363.000000
17.649550	0.640	777,016.000000
17.660217	0.640	727,649.000000
17.670883	0.640	689,246.000000
17.681550	0.640	661,356.000000
17.692217	0.640	647,169.000000
17.702883	0.640	643,314.000000
17.713550	0.640	640,296.000000
17.724217	0.640	635,126.000000
17.734883	0.640	633,841.000000
17.745550	0.640	639,248.000000
17.756217	0.640	644,811.000000
17.766883	0.640	645,852.000000
17.777550	0.640	647,196.000000
17.788217	0.640	653,805.000000
17.798883	0.640	662,229.000000
17.809550	0.640	667,444.000000
17.820217	0.640	672,116.000000
17.830883	0.640	682,208.000000
17.841550	0.640	695,876.000000
17.852217	0.640	708,352.000000
17.862883	0.640	721,318.000000
17.873550	0.640	733,707.000000
17.884217	0.640	740,803.000000
17.894883	0.640	745,509.000000
17.905550	0.640	752,992.000000
17.916217	0.640	762,522.000000
17.926883	0.640	773,837.000000
17.937550	0.640	790,400.000000
17.948217	0.640	810,252.000000
17.958883	0.640	826,556.000000
17.969550	0.640	839,773.000000
17.980217	0.640	855,475.000000
17.990883	0.640	874,048.000000
18.001550	0.640	892,239.000000
18.012217	0.640	909,968.000000
18.022883	0.640	929,057.000000
18.033550	0.640	947,157.000000
18.044217	0.640	961,688.000000
18.054883	0.640	976,855.000000
18.065550	0.640	999,938.000000
18.076217	0.640	1,034,527.000000
18.086883	0.640	1,074,282.000000
18.097550	0.640	1,109,851.000000
18.108217	0.640	1,149,132.000000
18.118883	0.640	1,209,309.000000
18.129550	0.640	1,294,811.000000
18.140217	0.640	1,407,689.000000
18.150883	0.640	1,558,675.000000
18.161550	0.640	1,758,023.000000
18.172217	0.640	2,021,019.000000
18.182883	0.640	2,380,775.000000
18.193550	0.640	2,882,575.000000
18.204217	0.640	3,577,024.000000
18.214883	0.640	4,529,992.000000
18.225550	0.640	5,843,737.000000
18.236217	0.640	7,684,320.000000
18.246883	0.640	10,314,447.000000
18.257550	0.640	14,114,100.000000
18.268217	0.640	19,539,213.000000
18.278883	0.640	26,961,243.000000
18.289550	0.640	36,388,461.000000
18.300217	0.640	47,184,918.000000
18.310883	0.640	57,950,480.000000
18.321550	0.640	66,716,798.000000
18.332217	0.640	71,531,702.000000
18.342883	0.640	71,183,198.000000
18.353550	0.640	65,655,399.000000
18.364217	0.640	56,124,929.000000
18.374883	0.640	44,530,395.000000
18.385550	0.640	32,919,228.000000
18.396217	0.640	22,836,505.000000
18.406883	0.640	15,013,268.000000
18.417550	0.640	9,476,668.000000
18.428217	0.640	5,853,436.000000
18.438883	0.640	3,623,663.000000
18.449550	0.640	2,305,976.000000
18.460217	0.640	1,556,879.000000
18.470883	0.640	1,167,336.000000
18.481550	0.640	1,014,157.000000
18.492217	0.640	1,025,940.000000
18.502883	0.640	1,168,372.000000
18.513550	0.640	1,434,958.000000
18.524217	0.640	1,838,817.000000
18.534883	0.640	2,413,767.000000
18.545550	0.640	3,232,693.000000
18.556217	0.640	4,421,700.000000
18.566883	0.640	6,171,849.000000
18.577550	0.640	8,766,354.000000
18.588217	0.640	12,558,981.000000
18.598883	0.640	17,814,389.000000
18.609550	0.640	24,463,128.000000
18.620217	0.640	31,933,560.000000
18.630883	0.640	39,145,313.000000
18.641550	0.640	44,675,513.000000
18.652217	0.640	47,184,777.000000
18.662883	0.640	46,016,637.000000
18.673550	0.640	41,484,939.000000
18.684217	0.640	34,635,942.000000
18.694883	0.640	26,836,687.000000
18.705550	0.640	19,382,050.000000
18.716217	0.640	13,142,047.000000
18.726883	0.640	8,449,752.000000
18.737550	0.640	5,233,242.000000
18.748217	0.640	3,190,404.000000
18.758883	0.640	1,952,138.000000
18.769550	0.640	1,214,611.000000
18.780217	0.640	777,853.000000
18.790883	0.640	517,642.000000
18.801550	0.640	360,778.000000
18.812217	0.640	267,189.000000
18.822883	0.640	211,625.000000
18.833550	0.640	179,345.000000
18.844217	0.640	164,374.000000
18.854883	0.640	162,635.000000
18.865550	0.640	171,277.000000
18.876217	0.640	191,133.000000
18.886883	0.640	225,310.000000
18.897550	0.640	275,573.000000
18.908217	0.640	343,686.000000
18.918883	0.640	436,963.000000
18.929550	0.640	566,301.000000
18.940217	0.640	741,651.000000
18.950883	0.640	971,660.000000
18.961550	0.640	1,268,870.000000
18.972217	0.640	1,660,157.000000
18.982883	0.640	2,188,668.000000
18.993550	0.640	2,914,644.000000
19.004217	0.640	3,931,571.000000
19.014883	0.640	5,382,325.000000
19.025550	0.640	7,447,428.000000
19.036217	0.640	10,310,669.000000
19.046883	0.640	14,102,052.000000
19.057550	0.640	18,760,701.000000
19.068217	0.640	23,883,093.000000
19.078883	0.640	28,748,963.000000
19.089550	0.640	32,521,937.000000
19.100217	0.640	34,457,515.000000
19.110883	0.640	34,103,733.000000
19.121550	0.640	31,516,552.000000
19.132217	0.640	27,256,562.000000
19.142883	0.640	22,101,764.000000
19.153550	0.640	16,814,239.000000
19.164217	0.640	12,044,988.000000
19.174883	0.640	8,202,475.000000
19.185550	0.640	5,370,219.000000
19.196217	0.640	3,408,487.000000
19.206883	0.640	2,118,084.000000
19.217550	0.640	1,313,504.000000
19.228217	0.640	833,660.000000
19.238883	0.640	552,410.000000
19.249550	0.640	384,213.000000
19.260217	0.640	279,571.000000
19.270883	0.640	213,544.000000
19.281550	0.640	173,202.000000
19.292217	0.640	149,876.000000
19.302883	0.640	135,583.000000
19.313550	0.640	124,290.000000
19.324217	0.640	115,605.000000
19.334883	0.640	112,077.000000
19.345550	0.640	111,705.000000
19.356217	0.640	110,157.000000
19.366883	0.640	107,539.000000
19.377550	0.640	105,801.000000
19.388217	0.640	105,779.000000
19.398883	0.640	108,158.000000
19.409550	0.640	111,421.000000
19.420217	0.640	113,218.000000
19.430883	0.640	114,074.000000
19.441550	0.640	115,019.000000
19.452217	0.640	117,091.000000
19.462883	0.640	122,581.000000
19.473550	0.640	130,611.000000
19.484217	0.640	136,759.000000
19.494883	0.640	138,964.000000
19.505550	0.640	138,757.000000
19.516217	0.640	137,557.000000
19.526883	0.640	134,527.000000
19.537550	0.640	129,470.000000
19.548217	0.640	125,235.000000
19.558883	0.640	123,171.000000
19.569550	0.640	120,871.000000
19.580217	0.640	117,532.000000
19.590883	0.640	115,807.000000
19.601550	0.640	116,722.000000
19.612217	0.640	117,768.000000
19.622883	0.640	118,159.000000
19.633550	0.640	120,408.000000
19.644217	0.640	125,295.000000
19.654883	0.640	131,291.000000
19.665550	0.640	137,577.000000
19.676217	0.640	144,048.000000
19.686883	0.640	151,070.000000
19.697550	0.640	160,166.000000
19.708217	0.640	171,818.000000
19.718883	0.640	183,667.000000
19.729550	0.640	194,267.000000
19.740217	0.640	205,645.000000
19.750883	0.640	221,300.000000
19.761550	0.640	244,945.000000
19.772217	0.640	279,206.000000
19.782883	0.640	324,071.000000
19.793550	0.640	378,799.000000
19.804217	0.640	444,352.000000
19.814883	0.640	523,172.000000
19.825550	0.640	617,865.000000
19.836217	0.640	726,953.000000
19.846883	0.640	842,448.000000
19.857550	0.640	953,170.000000
19.868217	0.640	1,047,209.000000
19.878883	0.640	1,115,941.000000
19.889550	0.640	1,155,100.000000
19.900217	0.640	1,158,101.000000
19.910883	0.640	1,119,892.000000
19.921550	0.640	1,046,598.000000
19.932217	0.640	949,825.000000
19.942883	0.640	838,975.000000
19.953550	0.640	723,278.000000
19.964217	0.640	609,496.000000
19.974883	0.640	500,111.000000
19.985550	0.640	401,333.000000
19.996217	0.640	321,105.000000
20.006883	0.640	258,488.000000
20.017550	0.640	207,923.000000
20.028217	0.640	168,364.000000
20.038883	0.640	140,067.000000
20.049550	0.640	119,092.000000
20.060217	0.640	101,576.000000
20.070883	0.640	88,765.000000
20.081550	0.640	82,597.000000
20.092217	0.640	81,112.000000
20.102883	0.640	81,011.000000
20.113550	0.640	81,665.000000
20.124217	0.640	84,811.000000
20.134883	0.640	90,350.000000
20.145550	0.640	96,317.000000
20.156217	0.640	102,318.000000
20.166883	0.640	108,862.000000
20.177550	0.640	116,485.000000
20.188217	0.640	124,930.000000
20.198883	0.640	130,981.000000
20.209550	0.640	131,053.000000
20.220217	0.640	125,252.000000
20.230883	0.640	117,130.000000
20.241550	0.640	109,633.000000
20.252217	0.640	101,683.000000
20.262883	0.640	91,809.000000
20.273550	0.640	81,895.000000
20.284217	0.640	73,589.000000
20.294883	0.640	66,235.000000
20.305550	0.640	59,559.000000
20.316217	0.640	54,315.000000
20.326883	0.640	51,063.000000
20.337550	0.640	49,970.000000
20.348217	0.640	49,521.000000
20.358883	0.640	47,683.000000
20.369550	0.640	45,545.000000
20.380217	0.640	44,984.000000
20.390883	0.640	45,928.000000
20.401550	0.640	47,904.000000
20.412217	0.640	50,045.000000
20.422883	0.640	50,910.000000
20.433550	0.640	49,568.000000
20.444217	0.640	46,963.000000
20.454883	0.640	45,584.000000
20.465550	0.640	46,289.000000
20.476217	0.640	47,174.000000
20.486883	0.640	46,107.000000
20.497550	0.640	43,705.000000
20.508217	0.640	41,892.000000
20.518883	0.640	40,649.000000
20.529550	0.640	39,868.000000
20.540217	0.640	40,018.000000
20.550883	0.640	40,404.000000
20.561550	0.640	41,017.000000
20.572217	0.640	42,478.000000
20.582883	0.640	43,958.000000
20.593550	0.640	44,529.000000
20.604217	0.640	44,358.000000
20.614883	0.640	44,465.000000
20.625550	0.640	46,510.000000
20.636217	0.640	49,906.000000
20.646883	0.640	51,491.000000
20.657550	0.640	50,968.000000
20.668217	0.640	51,583.000000
20.678883	0.640	55,470.000000
20.689550	0.640	62,409.000000
20.700217	0.640	70,730.000000
20.710883	0.640	77,102.000000
20.721550	0.640	79,720.000000
20.732217	0.640	82,218.000000
20.742883	0.640	88,350.000000
20.753550	0.640	96,239.000000
20.764217	0.640	103,864.000000
20.774883	0.640	113,184.000000
20.785550	0.640	125,954.000000
20.796217	0.640	142,460.000000
20.806883	0.640	164,055.000000
20.817550	0.640	193,845.000000
20.828217	0.640	235,343.000000
20.838883	0.640	288,280.000000
20.849550	0.640	347,846.000000
20.860217	0.640	412,734.000000
20.870883	0.640	487,764.000000
20.881550	0.640	571,628.000000
20.892217	0.640	651,706.000000
20.902883	0.640	718,820.000000
20.913550	0.640	772,531.000000
20.924217	0.640	809,941.000000
20.934883	0.640	828,027.000000
20.945550	0.640	833,441.000000
20.956217	0.640	835,306.000000
20.966883	0.640	833,861.000000
20.977550	0.640	829,560.000000
20.988217	0.640	835,645.000000
20.998883	0.640	868,892.000000
21.009550	0.640	937,829.000000
21.020217	0.640	1,044,633.000000
21.030883	0.640	1,192,666.000000
21.041550	0.640	1,391,895.000000
21.052217	0.640	1,656,539.000000
21.062883	0.640	1,998,857.000000
21.073550	0.640	2,427,854.000000
21.084217	0.640	2,964,208.000000
21.094883	0.640	3,656,070.000000
21.105550	0.640	4,553,782.000000
21.116217	0.640	5,673,817.000000
21.126883	0.640	7,013,536.000000
21.137550	0.640	8,560,107.000000
21.148217	0.640	10,254,890.000000
21.158883	0.640	11,992,547.000000
21.169550	0.640	13,637,783.000000
21.180217	0.640	15,025,701.000000
21.190883	0.640	15,997,863.000000
21.201550	0.640	16,431,306.000000
21.212217	0.640	16,242,863.000000
21.222883	0.640	15,425,640.000000
21.233550	0.640	14,077,801.000000
21.244217	0.640	12,369,813.000000
21.254883	0.640	10,479,338.000000
21.265550	0.640	8,560,889.000000
21.276217	0.640	6,751,954.000000
21.286883	0.640	5,155,612.000000
21.297550	0.640	3,817,357.000000
21.308217	0.640	2,741,703.000000
21.318883	0.640	1,916,519.000000
21.329550	0.640	1,315,467.000000
21.340217	0.640	894,992.000000
21.350883	0.640	604,852.000000
21.361550	0.640	407,702.000000
21.372217	0.640	282,092.000000
21.382883	0.640	208,418.000000
21.393550	0.640	164,392.000000
21.404217	0.640	134,541.000000
21.414883	0.640	115,658.000000
21.425550	0.640	108,531.000000
21.436217	0.640	109,166.000000
21.446883	0.640	111,418.000000
21.457550	0.640	112,333.000000
21.468217	0.640	113,255.000000
21.478883	0.640	115,693.000000
21.489550	0.640	116,624.000000
21.500217	0.640	113,287.000000
21.510883	0.640	107,992.000000
21.521550	0.640	102,579.000000
21.532217	0.640	95,444.000000
21.542883	0.640	86,785.000000
21.553550	0.640	79,056.000000
21.564217	0.640	72,050.000000
21.574883	0.640	64,153.000000
21.585550	0.640	56,722.000000
21.596217	0.640	52,515.000000
21.606883	0.640	51,425.000000
21.617550	0.640	50,572.000000
21.628217	0.640	47,856.000000
21.638883	0.640	43,878.000000
21.649550	0.640	40,911.000000
21.660217	0.640	40,789.000000
21.670883	0.640	42,519.000000
21.681550	0.640	43,081.000000
21.692217	0.640	42,246.000000
21.702883	0.640	42,483.000000
21.713550	0.640	43,682.000000
21.724217	0.640	43,654.000000
21.734883	0.640	42,334.000000
21.745550	0.640	41,172.000000
21.756217	0.640	41,071.000000
21.766883	0.640	42,119.000000
21.777550	0.640	42,891.000000
21.788217	0.640	42,127.000000
21.798883	0.640	41,302.000000
21.809550	0.640	41,655.000000
21.820217	0.640	42,197.000000
21.830883	0.640	42,460.000000
21.841550	0.640	42,512.000000
21.852217	0.640	41,710.000000
21.862883	0.640	40,302.000000
21.873550	0.640	39,882.000000
21.884217	0.640	41,022.000000
21.894883	0.640	42,347.000000
21.905550	0.640	42,358.000000
21.916217	0.640	41,465.000000
21.926883	0.640	41,672.000000
21.937550	0.640	43,248.000000
21.948217	0.640	43,822.000000
21.958883	0.640	42,293.000000
21.969550	0.640	40,686.000000
21.980217	0.640	41,087.000000
21.990883	0.640	43,023.000000
22.001550	0.640	44,741.000000
22.012217	0.640	45,511.000000
22.022883	0.640	46,087.000000
22.033550	0.640	47,377.000000
22.044217	0.640	48,672.000000
22.054883	0.640	48,270.000000
22.065550	0.640	46,577.000000
22.076217	0.640	46,271.000000
22.086883	0.640	48,517.000000
22.097550	0.640	52,021.000000
22.108217	0.640	55,794.000000
22.118883	0.640	59,798.000000
22.129550	0.640	63,505.000000
22.140217	0.640	67,019.000000
22.150883	0.640	72,476.000000
22.161550	0.640	81,078.000000
22.172217	0.640	92,138.000000
22.182883	0.640	105,709.000000
22.193550	0.640	121,751.000000
22.204217	0.640	140,752.000000
22.214883	0.640	165,936.000000
22.225550	0.640	200,338.000000
22.236217	0.640	244,396.000000
22.246883	0.640	295,439.000000
22.257550	0.640	350,465.000000
22.268217	0.640	413,888.000000
22.278883	0.640	494,419.000000
22.289550	0.640	594,820.000000
22.300217	0.640	714,789.000000
22.310883	0.640	857,312.000000
22.321550	0.640	1,027,045.000000
22.332217	0.640	1,228,476.000000
22.342883	0.640	1,470,340.000000
22.353550	0.640	1,772,454.000000
22.364217	0.640	2,157,922.000000
22.374883	0.640	2,638,771.000000
22.385550	0.640	3,230,791.000000
22.396217	0.640	3,971,210.000000
22.406883	0.640	4,892,694.000000
22.417550	0.640	6,009,266.000000
22.428217	0.640	7,346,304.000000
22.438883	0.640	8,918,849.000000
22.449550	0.640	10,678,355.000000
22.460217	0.640	12,548,581.000000
22.470883	0.640	14,454,565.000000
22.481550	0.640	16,275,834.000000
22.492217	0.640	17,857,551.000000
22.502883	0.640	19,064,087.000000
22.513550	0.640	19,785,003.000000
22.524217	0.640	19,940,252.000000
22.534883	0.640	19,508,952.000000
22.545550	0.640	18,528,104.000000
22.556217	0.640	17,070,617.000000
22.566883	0.640	15,248,113.000000
22.577550	0.640	13,206,923.000000
22.588217	0.640	11,099,319.000000
22.598883	0.640	9,055,460.000000
22.609550	0.640	7,172,157.000000
22.620217	0.640	5,517,916.000000
22.630883	0.640	4,128,308.000000
22.641550	0.640	3,006,313.000000
22.652217	0.640	2,136,939.000000
22.662883	0.640	1,488,704.000000
22.673550	0.640	1,020,108.000000
22.684217	0.640	692,702.000000
22.694883	0.640	470,378.000000
22.705550	0.640	321,054.000000
22.716217	0.640	222,432.000000
22.726883	0.640	159,147.000000
22.737550	0.640	119,320.000000
22.748217	0.640	94,795.000000
22.758883	0.640	79,646.000000
22.769550	0.640	69,704.000000
22.780217	0.640	62,391.000000
22.790883	0.640	56,222.000000
22.801550	0.640	52,215.000000
22.812217	0.640	51,215.000000
22.822883	0.640	51,183.000000
22.833550	0.640	50,638.000000
22.844217	0.640	50,859.000000
22.854883	0.640	53,374.000000
22.865550	0.640	56,809.000000
22.876217	0.640	59,231.000000
22.886883	0.640	61,609.000000
22.897550	0.640	65,017.000000
22.908217	0.640	69,980.000000
22.918883	0.640	78,080.000000
22.929550	0.640	90,631.000000
22.940217	0.640	108,377.000000
22.950883	0.640	130,822.000000
22.961550	0.640	158,122.000000
22.972217	0.640	194,277.000000
22.982883	0.640	242,988.000000
22.993550	0.640	304,064.000000
23.004217	0.640	377,261.000000
23.014883	0.640	467,725.000000
23.025550	0.640	586,513.000000
23.036217	0.640	743,888.000000
23.046883	0.640	943,560.000000
23.057550	0.640	1,188,384.000000
23.068217	0.640	1,489,217.000000
23.078883	0.640	1,866,642.000000
23.089550	0.640	2,354,669.000000
23.100217	0.640	2,997,313.000000
23.110883	0.640	3,840,526.000000
23.121550	0.640	4,949,755.000000
23.132217	0.640	6,422,898.000000
23.142883	0.640	8,362,265.000000
23.153550	0.640	10,841,900.000000
23.164217	0.640	13,897,751.000000
23.174883	0.640	17,493,910.000000
23.185550	0.640	21,455,493.000000
23.196217	0.640	25,455,784.000000
23.206883	0.640	29,076,515.000000
23.217550	0.640	31,877,525.000000
23.228217	0.640	33,443,463.000000
23.238883	0.640	33,455,958.000000
23.249550	0.640	31,843,977.000000
23.260217	0.640	28,856,989.000000
23.270883	0.640	24,923,161.000000
23.281550	0.640	20,494,554.000000
23.292217	0.640	16,031,371.000000
23.302883	0.640	11,961,510.000000
23.313550	0.640	8,554,749.000000
23.324217	0.640	5,884,760.000000
23.334883	0.640	3,909,893.000000
23.345550	0.640	2,531,030.000000
23.356217	0.640	1,612,466.000000
23.366883	0.640	1,025,028.000000
23.377550	0.640	667,108.000000
23.388217	0.640	453,932.000000
23.398883	0.640	324,495.000000
23.409550	0.640	246,888.000000
23.420217	0.640	202,374.000000
23.430883	0.640	175,100.000000
23.441550	0.640	155,802.000000
23.452217	0.640	142,006.000000
23.462883	0.640	132,130.000000
23.473550	0.640	124,269.000000
23.484217	0.640	117,092.000000
23.494883	0.640	109,834.000000
23.505550	0.640	103,181.000000
23.516217	0.640	98,400.000000
23.526883	0.640	95,579.000000
23.537550	0.640	93,637.000000
23.548217	0.640	91,394.000000
23.558883	0.640	88,903.000000
23.569550	0.640	87,175.000000
23.580217	0.640	86,152.000000
23.590883	0.640	84,781.000000
23.601550	0.640	82,604.000000
23.612217	0.640	79,652.000000
23.622883	0.640	76,043.000000
23.633550	0.640	71,955.000000
23.644217	0.640	67,386.000000
23.654883	0.640	62,850.000000
23.665550	0.640	60,019.000000
23.676217	0.640	59,819.000000
23.686883	0.640	60,591.000000
23.697550	0.640	61,124.000000
23.708217	0.640	62,352.000000
23.718883	0.640	63,451.000000
23.729550	0.640	62,826.000000
23.740217	0.640	62,030.000000
23.750883	0.640	62,505.000000
23.761550	0.640	63,161.000000
23.772217	0.640	63,297.000000
23.782883	0.640	64,140.000000
23.793550	0.640	66,513.000000
23.804217	0.640	68,305.000000
23.814883	0.640	67,714.000000
23.825550	0.640	66,092.000000
23.836217	0.640	64,748.000000
23.846883	0.640	63,991.000000
23.857550	0.640	63,740.000000
23.868217	0.640	62,598.000000
23.878883	0.640	60,244.000000
23.889550	0.640	58,818.000000
23.900217	0.640	59,355.000000
23.910883	0.640	60,619.000000
23.921550	0.640	62,145.000000
23.932217	0.640	64,368.000000
23.942883	0.640	66,084.000000
23.953550	0.640	66,263.000000
23.964217	0.640	66,099.000000
23.974883	0.640	66,344.000000
23.985550	0.640	66,501.000000
23.996217	0.640	66,483.000000
24.006883	0.640	67,428.000000
24.017550	0.640	70,357.000000
24.028217	0.640	72,698.000000
24.038883	0.640	70,889.000000
24.049550	0.640	66,841.000000
24.060217	0.640	64,760.000000
24.070883	0.640	64,510.000000
24.081550	0.640	63,493.000000
24.092217	0.640	61,500.000000
24.102883	0.640	61,029.000000
24.113550	0.640	63,343.000000
24.124217	0.640	66,122.000000
24.134883	0.640	67,017.000000
24.145550	0.640	67,251.000000
24.156217	0.640	68,289.000000
24.166883	0.640	68,383.000000
24.177550	0.640	66,647.000000
24.188217	0.640	65,452.000000
24.198883	0.640	66,290.000000
24.209550	0.640	68,632.000000
24.220217	0.640	71,854.000000
24.230883	0.640	74,368.000000
24.241550	0.640	74,844.000000
24.252217	0.640	75,309.000000
24.262883	0.640	77,996.000000
24.273550	0.640	81,589.000000
24.284217	0.640	84,256.000000
24.294883	0.640	87,600.000000
24.305550	0.640	94,241.000000
24.316217	0.640	103,206.000000
24.326883	0.640	111,334.000000
24.337550	0.640	116,882.000000
24.348217	0.640	120,976.000000
24.358883	0.640	127,844.000000
24.369550	0.640	142,891.000000
24.380217	0.640	172,884.000000
24.390883	0.640	228,859.000000
24.401550	0.640	326,529.000000
24.412217	0.640	487,989.000000
24.422883	0.640	747,013.000000
24.433550	0.640	1,154,288.000000
24.444217	0.640	1,787,772.000000
24.454883	0.640	2,777,072.000000
24.465550	0.640	4,344,717.000000
24.476217	0.640	6,861,187.000000
24.486883	0.640	10,885,240.000000
24.497550	0.640	17,066,654.000000
24.508217	0.640	25,727,372.000000
24.518883	0.640	36,178,167.000000
24.529550	0.640	46,300,560.000000
24.540217	0.640	53,062,384.000000
24.550883	0.640	53,980,017.000000
24.561550	0.640	48,570,719.000000
24.572217	0.640	38,677,876.000000
24.582883	0.640	27,418,534.000000
24.593550	0.640	17,545,944.000000
24.604217	0.640	10,396,094.000000
24.614883	0.640	5,931,466.000000
24.625550	0.640	3,418,132.000000
24.636217	0.640	2,061,496.000000
24.646883	0.640	1,309,156.000000
24.657550	0.640	866,697.000000
24.668217	0.640	597,893.000000
24.678883	0.640	432,275.000000
24.689550	0.640	326,529.000000
24.700217	0.640	259,608.000000
24.710883	0.640	221,896.000000
24.721550	0.640	204,048.000000
24.732217	0.640	198,456.000000
24.742883	0.640	201,852.000000
24.753550	0.640	210,989.000000
24.764217	0.640	222,196.000000
24.774883	0.640	237,281.000000
24.785550	0.640	260,972.000000
24.796217	0.640	292,768.000000
24.806883	0.640	328,470.000000
24.817550	0.640	366,853.000000
24.828217	0.640	410,001.000000
24.838883	0.640	460,648.000000
24.849550	0.640	521,668.000000
24.860217	0.640	592,915.000000
24.870883	0.640	668,976.000000
24.881550	0.640	748,594.000000
24.892217	0.640	843,358.000000
24.902883	0.640	965,121.000000
24.913550	0.640	1,114,754.000000
24.924217	0.640	1,306,239.000000
24.934883	0.640	1,585,941.000000
24.945550	0.640	2,022,815.000000
24.956217	0.640	2,761,397.000000
24.966883	0.640	4,162,389.000000
24.977550	0.640	6,853,930.000000
24.988217	0.640	11,382,410.000000
24.998883	0.640	17,352,625.000000
25.009550	0.640	22,799,590.000000
25.020217	0.640	25,014,949.000000
25.030883	0.640	22,661,425.000000
25.041550	0.640	17,043,589.000000
25.052217	0.640	10,979,456.000000
25.062883	0.640	6,554,334.000000
25.073550	0.640	4,113,030.000000
25.084217	0.640	2,929,929.000000
25.094883	0.640	2,258,212.000000
25.105550	0.640	1,754,911.000000
25.116217	0.640	1,349,763.000000
25.126883	0.640	1,036,307.000000
25.137550	0.640	797,760.000000
25.148217	0.640	615,860.000000
25.158883	0.640	479,794.000000
25.169550	0.640	378,591.000000
25.180217	0.640	299,766.000000
25.190883	0.640	235,922.000000
25.201550	0.640	187,051.000000
25.212217	0.640	156,000.000000
25.222883	0.640	140,646.000000
25.233550	0.640	131,470.000000
25.244217	0.640	120,146.000000
25.254883	0.640	107,609.000000
25.265550	0.640	99,168.000000
25.276217	0.640	95,187.000000
25.286883	0.640	91,893.000000
25.297550	0.640	87,956.000000
25.308217	0.640	84,745.000000
25.318883	0.640	83,672.000000
25.329550	0.640	84,748.000000
25.340217	0.640	85,266.000000
25.350883	0.640	83,633.000000
25.361550	0.640	81,876.000000
25.372217	0.640	81,439.000000
25.382883	0.640	82,319.000000
25.393550	0.640	83,671.000000
25.404217	0.640	82,864.000000
25.414883	0.640	79,905.000000
25.425550	0.640	79,517.000000
25.436217	0.640	83,157.000000
25.446883	0.640	85,906.000000
25.457550	0.640	85,309.000000
25.468217	0.640	84,732.000000
25.478883	0.640	85,297.000000
25.489550	0.640	84,486.000000
25.500217	0.640	83,402.000000
25.510883	0.640	84,988.000000
25.521550	0.640	88,483.000000
25.532217	0.640	92,035.000000
25.542883	0.640	94,815.000000
25.553550	0.640	96,932.000000
25.564217	0.640	99,904.000000
25.574883	0.640	103,313.000000
25.585550	0.640	103,888.000000
25.596217	0.640	100,797.000000
25.606883	0.640	96,874.000000
25.617550	0.640	93,345.000000
25.628217	0.640	88,479.000000
25.638883	0.640	83,133.000000
25.649550	0.640	80,780.000000
25.660217	0.640	80,965.000000
25.670883	0.640	81,120.000000
25.681550	0.640	81,556.000000
25.692217	0.640	82,597.000000
25.702883	0.640	82,863.000000
25.713550	0.640	81,909.000000
25.724217	0.640	80,648.000000
25.734883	0.640	80,198.000000
25.745550	0.640	81,001.000000
25.756217	0.640	82,148.000000
25.766883	0.640	82,712.000000
25.777550	0.640	83,203.000000
25.788217	0.640	83,828.000000
25.798883	0.640	84,080.000000
25.809550	0.640	85,068.000000
25.820217	0.640	87,928.000000
25.830883	0.640	91,552.000000
25.841550	0.640	95,079.000000
25.852217	0.640	98,504.000000
25.862883	0.640	101,412.000000
25.873550	0.640	104,882.000000
25.884217	0.640	111,555.000000
25.894883	0.640	121,703.000000
25.905550	0.640	133,049.000000
25.916217	0.640	145,599.000000
25.926883	0.640	159,604.000000
25.937550	0.640	169,814.000000
25.948217	0.640	171,069.000000
25.958883	0.640	165,440.000000
25.969550	0.640	159,125.000000
25.980217	0.640	158,768.000000
25.990883	0.640	170,738.000000
26.001550	0.640	200,981.000000
26.012217	0.640	259,000.000000
26.022883	0.640	367,736.000000
26.033550	0.640	586,331.000000
26.044217	0.640	1,057,303.000000
26.054883	0.640	2,054,158.000000
26.065550	0.640	3,900,430.000000
26.076217	0.640	6,609,336.000000
26.086883	0.640	9,420,012.000000
26.097550	0.640	10,883,250.000000
26.108217	0.640	9,917,031.000000
26.118883	0.640	6,954,396.000000
26.129550	0.640	3,680,869.000000
26.140217	0.640	1,506,389.000000
26.150883	0.640	602,285.000000
26.161550	0.640	361,951.000000
26.172217	0.640	273,274.000000
26.182883	0.640	191,536.000000
26.193550	0.640	136,239.000000
26.204217	0.640	114,138.000000
26.214883	0.640	106,678.000000
26.225550	0.640	102,986.000000
26.236217	0.640	101,657.000000
26.246883	0.640	100,802.000000
26.257550	0.640	99,527.000000
26.268217	0.640	99,564.000000
26.278883	0.640	99,869.000000
26.289550	0.640	96,421.000000
26.300217	0.640	89,694.000000
26.310883	0.640	85,151.000000
26.321550	0.640	85,397.000000
26.332217	0.640	87,492.000000
26.342883	0.640	88,529.000000
26.353550	0.640	89,894.000000
26.364217	0.640	92,879.000000
26.374883	0.640	94,723.000000
26.385550	0.640	94,300.000000
26.396217	0.640	94,744.000000
26.406883	0.640	96,939.000000
26.417550	0.640	98,758.000000
26.428217	0.640	102,184.000000
26.438883	0.640	112,665.000000
26.449550	0.640	131,327.000000
26.460217	0.640	157,192.000000
26.470883	0.640	192,685.000000
26.481550	0.640	237,550.000000
26.492217	0.640	281,181.000000
26.502883	0.640	302,459.000000
26.513550	0.640	280,339.000000
26.524217	0.640	217,672.000000
26.534883	0.640	149,449.000000
26.545550	0.640	108,659.000000
26.556217	0.640	94,878.000000
26.566883	0.640	90,522.000000
26.577550	0.640	86,537.000000
26.588217	0.640	83,801.000000
26.598883	0.640	85,493.000000
26.609550	0.640	90,402.000000
26.620217	0.640	92,832.000000
26.630883	0.640	91,528.000000
26.641550	0.640	91,928.000000
26.652217	0.640	96,104.000000
26.662883	0.640	98,983.000000
26.673550	0.640	98,143.000000
26.684217	0.640	98,066.000000
26.694883	0.640	101,659.000000
26.705550	0.640	106,235.000000
26.716217	0.640	110,381.000000
26.726883	0.640	116,865.000000
26.737550	0.640	125,170.000000
26.748217	0.640	130,241.000000
26.758883	0.640	131,996.000000
26.769550	0.640	137,712.000000
26.780217	0.640	152,023.000000
26.790883	0.640	169,472.000000
26.801550	0.640	181,295.000000
26.812217	0.640	189,546.000000
26.822883	0.640	212,916.000000
26.833550	0.640	274,333.000000
26.844217	0.640	379,595.000000
26.854883	0.640	501,784.000000
26.865550	0.640	581,577.000000
26.876217	0.640	569,283.000000
26.886883	0.640	484,683.000000
26.897550	0.640	407,745.000000
26.908217	0.640	393,780.000000
26.918883	0.640	414,679.000000
26.929550	0.640	403,152.000000
26.940217	0.640	342,424.000000
26.950883	0.640	275,427.000000
26.961550	0.640	237,745.000000
26.972217	0.640	228,215.000000
26.982883	0.640	235,503.000000
26.993550	0.640	253,725.000000
27.004217	0.640	277,754.000000
27.014883	0.640	313,577.000000
27.025550	0.640	387,901.000000
27.036217	0.640	500,584.000000
27.046883	0.640	575,004.000000
27.057550	0.640	542,527.000000
27.068217	0.640	458,753.000000
27.078883	0.640	428,046.000000
27.089550	0.640	455,042.000000
27.100217	0.640	473,799.000000
27.110883	0.640	470,730.000000
27.121550	0.640	487,580.000000
27.132217	0.640	540,616.000000
27.142883	0.640	608,326.000000
27.153550	0.640	672,699.000000
27.164217	0.640	730,682.000000
27.174883	0.640	796,299.000000
27.185550	0.640	893,430.000000
27.196217	0.640	1,004,398.000000
27.206883	0.640	1,071,735.000000
27.217550	0.640	1,104,987.000000
27.228217	0.640	1,233,681.000000
27.238883	0.640	1,701,824.000000
27.249550	0.640	3,029,293.000000
27.260217	0.640	5,666,244.000000
27.270883	0.640	8,464,570.000000
27.281550	0.640	8,776,760.000000
27.292217	0.640	5,907,466.000000
27.302883	0.640	2,442,106.000000
27.313550	0.640	734,090.000000
27.324217	0.640	534,693.000000
27.334883	0.640	596,072.000000
27.345550	0.640	451,567.000000
27.356217	0.640	288,838.000000
27.366883	0.640	250,471.000000
27.377550	0.640	274,624.000000
27.388217	0.640	279,209.000000
27.398883	0.640	261,099.000000
27.409550	0.640	258,115.000000
27.420217	0.640	281,180.000000
27.430883	0.640	293,146.000000
27.441550	0.640	264,316.000000
27.452217	0.640	223,700.000000
27.462883	0.640	211,309.000000
27.473550	0.640	219,406.000000
27.484217	0.640	222,284.000000
27.494883	0.640	223,061.000000
27.505550	0.640	248,637.000000
27.516217	0.640	312,574.000000
27.526883	0.640	378,614.000000
27.537550	0.640	382,272.000000
27.548217	0.640	317,823.000000
27.558883	0.640	255,332.000000
27.569550	0.640	244,925.000000
27.580217	0.640	269,948.000000
27.590883	0.640	296,822.000000
27.601550	0.640	311,026.000000
27.612217	0.640	315,892.000000
27.622883	0.640	327,097.000000
27.633550	0.640	359,208.000000
27.644217	0.640	412,126.000000
27.654883	0.640	479,466.000000
27.665550	0.640	564,243.000000
27.676217	0.640	659,150.000000
27.686883	0.640	717,056.000000
27.697550	0.640	678,041.000000
27.708217	0.640	530,066.000000
27.718883	0.640	335,871.000000
27.729550	0.640	190,994.000000
27.740217	0.640	152,311.000000
27.750883	0.640	242,652.000000
27.761550	0.640	476,492.000000
27.772217	0.640	753,852.000000
27.782883	0.640	833,657.000000
27.793550	0.640	617,219.000000
27.804217	0.640	307,859.000000
27.814883	0.640	130,416.000000
27.825550	0.640	94,399.000000
27.836217	0.640	102,894.000000
27.846883	0.640	105,204.000000
27.857550	0.640	102,671.000000
27.868217	0.640	102,930.000000
27.878883	0.640	103,597.000000
27.889550	0.640	101,593.000000
27.900217	0.640	99,348.000000
27.910883	0.640	98,714.000000
27.921550	0.640	98,822.000000
27.932217	0.640	100,249.000000
27.942883	0.640	104,420.000000
27.953550	0.640	111,104.000000
27.964217	0.640	120,232.000000
27.974883	0.640	132,916.000000
27.985550	0.640	147,127.000000
27.996217	0.640	156,537.000000
28.006883	0.640	156,798.000000
28.017550	0.640	150,230.000000
28.028217	0.640	144,265.000000
28.038883	0.640	146,764.000000
28.049550	0.640	161,017.000000
28.060217	0.640	182,963.000000
28.070883	0.640	203,818.000000
28.081550	0.640	215,622.000000
28.092217	0.640	213,960.000000
28.102883	0.640	199,439.000000
28.113550	0.640	178,097.000000
28.124217	0.640	156,528.000000
28.134883	0.640	137,795.000000
28.145550	0.640	124,148.000000
28.156217	0.640	117,654.000000
28.166883	0.640	115,253.000000
28.177550	0.640	111,555.000000
28.188217	0.640	108,828.000000
28.198883	0.640	115,030.000000
28.209550	0.640	133,435.000000
28.220217	0.640	159,669.000000
28.230883	0.640	181,960.000000
28.241550	0.640	186,074.000000
28.252217	0.640	168,483.000000
28.262883	0.640	140,597.000000
28.273550	0.640	117,157.000000
28.284217	0.640	105,019.000000
28.294883	0.640	103,044.000000
28.305550	0.640	106,588.000000
28.316217	0.640	109,915.000000
28.326883	0.640	108,817.000000
28.337550	0.640	104,295.000000
28.348217	0.640	103,689.000000
28.358883	0.640	113,319.000000
28.369550	0.640	128,628.000000
28.380217	0.640	137,415.000000
28.390883	0.640	132,082.000000
28.401550	0.640	116,236.000000
28.412217	0.640	100,907.000000
28.422883	0.640	93,876.000000
28.433550	0.640	94,001.000000
28.444217	0.640	96,953.000000
28.454883	0.640	101,274.000000
28.465550	0.640	106,124.000000
28.476217	0.640	109,520.000000
28.486883	0.640	111,911.000000
28.497550	0.640	115,007.000000
28.508217	0.640	117,828.000000
28.518883	0.640	119,590.000000
28.529550	0.640	121,921.000000
28.540217	0.640	125,756.000000
28.550883	0.640	130,820.000000
28.561550	0.640	138,046.000000
28.572217	0.640	149,910.000000
28.582883	0.640	169,515.000000
28.593550	0.640	203,786.000000
28.604217	0.640	261,155.000000
28.614883	0.640	323,762.000000
28.625550	0.640	338,353.000000
28.636217	0.640	278,100.000000
28.646883	0.640	185,506.000000
28.657550	0.640	116,545.000000
28.668217	0.640	82,495.000000
28.678883	0.640	65,844.000000
28.689550	0.640	53,994.000000
28.700217	0.640	44,265.000000
28.710883	0.640	39,755.000000
28.721550	0.640	49,531.000000
28.732217	0.640	71,827.000000
28.742883	0.640	79,405.000000
28.753550	0.640	55,968.000000
28.764217	0.640	26,399.000000
28.774883	0.640	16,293.000000
28.785550	0.640	19,024.000000
28.796217	0.640	20,106.000000
28.806883	0.640	17,499.000000
28.817550	0.640	14,513.000000
28.828217	0.640	12,734.000000
28.838883	0.640	11,537.000000
28.849550	0.640	10,086.000000
28.860217	0.640	9,147.000000
28.870883	0.640	8,955.000000
28.881550	0.640	8,315.000000
28.892217	0.640	7,450.000000
28.902883	0.640	7,716.000000
28.913550	0.640	8,325.000000
28.924217	0.640	7,371.000000
28.934883	0.640	5,671.000000
28.945550	0.640	4,912.000000
28.956217	0.640	4,605.000000
28.966883	0.640	4,423.000000
28.977550	0.640	4,589.000000
28.988217	0.640	4,485.000000
28.998883	0.640	4,510.000000
29.009550	0.640	5,587.000000
29.020217	0.640	6,563.000000
29.030883	0.640	5,915.000000
29.041550	0.640	4,255.000000
29.052217	0.640	2,887.000000
29.062883	0.640	2,593.000000
29.073550	0.640	3,501.000000
29.084217	0.640	3,982.000000
29.094883	0.640	2,789.000000
29.105550	0.640	1,450.000000
29.116217	0.640	1,227.000000
29.126883	0.640	1,404.000000
29.137550	0.640	1,431.000000
29.148217	0.640	1,901.000000
29.158883	0.640	3,431.000000
29.169550	0.640	4,737.000000
29.180217	0.640	3,863.000000
29.190883	0.640	1,435.000000
29.201550	0.640	-200.000000
29.212217	0.640	-237.000000
29.222883	0.640	339.000000
29.233550	0.640	968.000000
29.244217	0.640	1,756.000000
29.254883	0.640	2,411.000000
29.265550	0.640	2,582.000000
29.276217	0.640	2,300.000000
29.286883	0.640	2,093.000000
29.297550	0.640	2,307.000000
29.308217	0.640	2,405.000000
29.318883	0.640	1,971.000000
29.329550	0.640	1,031.000000
29.340217	0.640	-175.000000
29.350883	0.640	-840.000000
29.361550	0.640	-439.000000
29.372217	0.640	380.000000
29.382883	0.640	555.000000
29.393550	0.640	66.000000
29.404217	0.640	-139.000000
29.414883	0.640	-75.000000
29.425550	0.640	-832.000000
29.436217	0.640	-2,016.000000
29.446883	0.640	-2,107.000000
29.457550	0.640	-1,550.000000
29.468217	0.640	-1,668.000000
29.478883	0.640	-1,780.000000
29.489550	0.640	-1,157.000000
29.500217	0.640	-722.000000
29.510883	0.640	-626.000000
29.521550	0.640	-263.000000
29.532217	0.640	-304.000000
29.542883	0.640	-1,144.000000
29.553550	0.640	-1,631.000000
29.564217	0.640	-1,305.000000
29.574883	0.640	-1,067.000000
29.585550	0.640	-1,249.000000
29.596217	0.640	-1,320.000000
29.606883	0.640	-965.000000
29.617550	0.640	-564.000000
29.628217	0.640	-793.000000
29.638883	0.640	-1,411.000000
29.649550	0.640	-1,347.000000
29.660217	0.640	-610.000000
29.670883	0.640	233.000000
29.681550	0.640	1,585.000000
29.692217	0.640	3,119.000000
29.702883	0.640	3,340.000000
29.713550	0.640	1,870.000000
29.724217	0.640	186.000000
29.734883	0.640	21.000000
29.745550	0.640	1,117.000000
29.756217	0.640	1,861.000000
29.766883	0.640	1,690.000000
29.777550	0.640	1,197.000000
29.788217	0.640	851.000000
29.798883	0.640	330.000000
29.809550	0.640	-670.000000
29.820217	0.640	-1,153.000000
29.830883	0.640	-115.000000
29.841550	0.640	1,216.000000
29.852217	0.640	1,099.000000
29.862883	0.640	85.000000
29.873550	0.640	-517.000000
29.884217	0.640	-725.000000
29.894883	0.640	-830.000000
29.905550	0.640	-587.000000
29.916217	0.640	-116.000000
29.926883	0.640	23.000000
29.937550	0.640	-415.000000
29.948217	0.640	-1,239.000000
29.958883	0.640	-1,864.000000
29.969550	0.640	-1,576.000000
29.980217	0.640	-351.000000
29.990883	0.640	626.000000
30.001550	0.640	511.000000
