File Path	chrom://nnfcb-l0495/ChromeleonLocal/20180320_AA_Lars Nielsen samples Vienna_lbpet.seq/346.smp/Emission_1.channel/Emission_1.chm
Channel	Emission_1

Injection Information:
Data Vault	ChromeleonLocal
Injection	Blank_IS_1
Injection Number	1
Position	RB1
Comment	
Processing Method	20171024_Calculated with IS_lbpet
Instrument Method	20161104_AA_GeminiC18_FinalVer7
Type	Unknown
Status	Finished
Injection Date	20-03-2018
Injection Time	10:14:25
Injection Volume (µl)	56.500
Dilution Factor	1.0000
Weight	1.0000

Raw Data Information:
Time Min. (min)	0.003917
Time Max. (min)	30.001583
Data Points	2813
Detector	FLD
Exporting Data System	Chromeleon 7.1.2.1478
Operator	
Signal Quantity	
Signal Unit	counts
Signal Min.	-4,330.000000
Signal Max.	158,389,012.000000
Channel	Emission_1
Driver Name	FLD3000.dll
Channel Type	Evaluation
Min. Step (s)	0.636
Max. Step (s)	0.820
Average Step (s)	0.640

Signal Parameter Information:
Signal Info	340 nm /450 nm

Raw Data:
Time (min)	Step (s)	Value (counts)
0.003917	0.000	0.000000
0.017583	0.820	0.000000
0.028250	0.640	0.000000
0.038917	0.640	212.000000
0.049583	0.640	121.000000
0.060250	0.640	306.000000
0.070917	0.640	1,092.000000
0.081583	0.640	1,351.000000
0.092250	0.640	35.000000
0.102917	0.640	-2,071.000000
0.113583	0.640	-2,839.000000
0.124250	0.640	-1,720.000000
0.134917	0.640	-777.000000
0.145583	0.640	-1,383.000000
0.156250	0.640	-2,086.000000
0.166917	0.640	-1,523.000000
0.177583	0.640	-870.000000
0.188250	0.640	-1,331.000000
0.198917	0.640	-1,798.000000
0.209583	0.640	-906.000000
0.220250	0.640	635.000000
0.230917	0.640	1,245.000000
0.241583	0.640	603.000000
0.252250	0.640	-159.000000
0.262917	0.640	312.000000
0.273583	0.640	1,784.000000
0.284250	0.640	2,542.000000
0.294917	0.640	2,033.000000
0.305583	0.640	1,265.000000
0.316250	0.640	773.000000
0.326917	0.640	344.000000
0.337583	0.640	-241.000000
0.348250	0.640	-668.000000
0.358917	0.640	-70.000000
0.369583	0.640	1,481.000000
0.380250	0.640	2,424.000000
0.390917	0.640	1,638.000000
0.401583	0.640	-47.000000
0.412250	0.640	-1,063.000000
0.422917	0.640	-1,147.000000
0.433583	0.640	-1,050.000000
0.444250	0.640	-938.000000
0.454917	0.640	-337.000000
0.465583	0.640	515.000000
0.476250	0.640	461.000000
0.486917	0.640	-681.000000
0.497583	0.640	-1,695.000000
0.508250	0.640	-1,648.000000
0.518917	0.640	-301.000000
0.529583	0.640	1,699.000000
0.540250	0.640	2,657.000000
0.550917	0.640	1,827.000000
0.561583	0.640	538.000000
0.572250	0.640	-132.000000
0.582917	0.640	-669.000000
0.593583	0.640	-1,276.000000
0.604250	0.640	-1,198.000000
0.614917	0.640	33.000000
0.625583	0.640	1,270.000000
0.636250	0.640	487.000000
0.646917	0.640	-1,688.000000
0.657583	0.640	-2,386.000000
0.668250	0.640	-1,251.000000
0.678917	0.640	-253.000000
0.689583	0.640	-111.000000
0.700250	0.640	-564.000000
0.710917	0.640	-1,237.000000
0.721583	0.640	-1,192.000000
0.732250	0.640	-146.000000
0.742917	0.640	1,016.000000
0.753583	0.640	1,536.000000
0.764250	0.640	1,382.000000
0.774917	0.640	893.000000
0.785583	0.640	540.000000
0.796250	0.640	442.000000
0.806917	0.640	-5.000000
0.817583	0.640	-781.000000
0.828250	0.640	-754.000000
0.838917	0.640	2.000000
0.849583	0.640	-46.000000
0.860250	0.640	-799.000000
0.870917	0.640	-691.000000
0.881583	0.640	130.000000
0.892250	0.640	478.000000
0.902917	0.640	552.000000
0.913583	0.640	1,227.000000
0.924250	0.640	2,168.000000
0.934917	0.640	2,185.000000
0.945583	0.640	1,302.000000
0.956250	0.640	708.000000
0.966917	0.640	838.000000
0.977583	0.640	881.000000
0.988250	0.640	87.000000
0.998917	0.640	-856.000000
1.009583	0.640	-705.000000
1.020250	0.640	581.000000
1.030917	0.640	1,735.000000
1.041583	0.640	1,467.000000
1.052250	0.640	142.000000
1.062917	0.640	-728.000000
1.073583	0.640	-422.000000
1.084250	0.640	393.000000
1.094917	0.640	386.000000
1.105583	0.640	-662.000000
1.116250	0.640	-1,643.000000
1.126917	0.640	-1,592.000000
1.137583	0.640	-365.000000
1.148250	0.640	851.000000
1.158917	0.640	771.000000
1.169583	0.640	-42.000000
1.180250	0.640	-248.000000
1.190917	0.640	475.000000
1.201583	0.640	1,152.000000
1.212250	0.640	940.000000
1.222917	0.640	774.000000
1.233583	0.640	1,597.000000
1.244250	0.640	2,407.000000
1.254917	0.640	2,152.000000
1.265583	0.640	1,205.000000
1.276250	0.640	572.000000
1.286917	0.640	516.000000
1.297583	0.640	-36.000000
1.308250	0.640	-1,464.000000
1.318917	0.640	-2,395.000000
1.329583	0.640	-1,839.000000
1.340250	0.640	-282.000000
1.350917	0.640	1,342.000000
1.361583	0.640	2,045.000000
1.372250	0.640	1,101.000000
1.382917	0.640	-467.000000
1.393583	0.640	-654.000000
1.404250	0.640	471.000000
1.414917	0.640	1,017.000000
1.425583	0.640	590.000000
1.436250	0.640	465.000000
1.446917	0.640	798.000000
1.457583	0.640	1,132.000000
1.468250	0.640	1,852.000000
1.478917	0.640	2,427.000000
1.489583	0.640	1,637.000000
1.500250	0.640	316.000000
1.510917	0.640	151.000000
1.521583	0.640	638.000000
1.532250	0.640	613.000000
1.542917	0.640	255.000000
1.553583	0.640	-384.000000
1.564250	0.640	-1,303.000000
1.574917	0.640	-1,174.000000
1.585583	0.640	575.000000
1.596250	0.640	1,993.000000
1.606917	0.640	1,804.000000
1.617583	0.640	1,339.000000
1.628250	0.640	1,432.000000
1.638917	0.640	1,229.000000
1.649583	0.640	399.000000
1.660250	0.640	-261.000000
1.670917	0.640	-221.000000
1.681583	0.640	27.000000
1.692250	0.640	194.000000
1.702917	0.640	870.000000
1.713583	0.640	1,617.000000
1.724250	0.640	1,134.000000
1.734917	0.640	186.000000
1.745583	0.640	810.000000
1.756250	0.640	2,639.000000
1.766917	0.640	3,546.000000
1.777583	0.640	3,249.000000
1.788250	0.640	2,639.000000
1.798917	0.640	1,901.000000
1.809583	0.640	1,597.000000
1.820250	0.640	1,996.000000
1.830917	0.640	1,571.000000
1.841583	0.640	74.000000
1.852250	0.640	5,693.000000
1.862917	0.640	51,639.000000
1.873583	0.640	189,151.000000
1.884250	0.640	401,182.000000
1.894917	0.640	561,395.000000
1.905583	0.640	574,379.000000
1.916250	0.640	488,732.000000
1.926917	0.640	402,799.000000
1.937583	0.640	349,340.000000
1.948250	0.640	310,215.000000
1.958917	0.640	272,126.000000
1.969583	0.640	239,155.000000
1.980250	0.640	216,134.000000
1.990917	0.640	199,534.000000
2.001583	0.640	184,796.000000
2.012250	0.640	169,666.000000
2.022917	0.640	152,339.000000
2.033583	0.640	133,777.000000
2.044250	0.640	116,009.000000
2.054917	0.640	100,373.000000
2.065583	0.640	88,179.000000
2.076250	0.640	77,353.000000
2.086917	0.640	65,319.000000
2.097583	0.640	55,362.000000
2.108250	0.640	50,893.000000
2.118917	0.640	49,241.000000
2.129583	0.640	46,547.000000
2.140250	0.640	41,817.000000
2.150917	0.640	36,150.000000
2.161583	0.640	31,489.000000
2.172250	0.640	28,492.000000
2.182917	0.640	26,160.000000
2.193583	0.640	23,587.000000
2.204250	0.640	20,834.000000
2.214917	0.640	18,315.000000
2.225583	0.640	15,993.000000
2.236250	0.640	14,036.000000
2.246917	0.640	13,210.000000
2.257583	0.640	13,789.000000
2.268250	0.640	14,675.000000
2.278917	0.640	14,645.000000
2.289583	0.640	14,274.000000
2.300250	0.640	14,843.000000
2.310917	0.640	16,244.000000
2.321583	0.640	16,942.000000
2.332250	0.640	15,795.000000
2.342917	0.640	13,851.000000
2.353583	0.640	12,685.000000
2.364250	0.640	12,201.000000
2.374917	0.640	12,044.000000
2.385583	0.640	11,846.000000
2.396250	0.640	10,919.000000
2.406917	0.640	10,238.000000
2.417583	0.640	10,567.000000
2.428250	0.640	10,527.000000
2.438917	0.640	10,060.000000
2.449583	0.640	10,441.000000
2.460250	0.640	11,383.000000
2.470917	0.640	12,938.000000
2.481583	0.640	16,911.000000
2.492250	0.640	23,648.000000
2.502917	0.640	30,681.000000
2.513583	0.640	35,312.000000
2.524250	0.640	36,178.000000
2.534917	0.640	33,658.000000
2.545583	0.640	30,191.000000
2.556250	0.640	27,744.000000
2.566917	0.640	25,593.000000
2.577583	0.640	22,617.000000
2.588250	0.640	19,675.000000
2.598917	0.640	17,851.000000
2.609583	0.640	16,233.000000
2.620250	0.640	14,041.000000
2.630917	0.640	12,374.000000
2.641583	0.640	12,011.000000
2.652250	0.640	12,634.000000
2.662917	0.640	13,177.000000
2.673583	0.640	12,184.000000
2.684250	0.640	9,812.000000
2.694917	0.640	7,807.000000
2.705583	0.640	7,313.000000
2.716250	0.640	7,691.000000
2.726917	0.640	7,897.000000
2.737583	0.640	8,342.000000
2.748250	0.640	8,988.000000
2.758917	0.640	8,257.000000
2.769583	0.640	6,268.000000
2.780250	0.640	5,183.000000
2.790917	0.640	5,312.000000
2.801583	0.640	4,386.000000
2.812250	0.640	1,901.000000
2.822917	0.640	755.000000
2.833583	0.640	2,291.000000
2.844250	0.640	4,486.000000
2.854917	0.640	5,701.000000
2.865583	0.640	5,549.000000
2.876250	0.640	4,283.000000
2.886917	0.640	3,149.000000
2.897583	0.640	3,109.000000
2.908250	0.640	3,353.000000
2.918917	0.640	2,444.000000
2.929583	0.640	1,117.000000
2.940250	0.640	1,247.000000
2.950917	0.640	2,296.000000
2.961583	0.640	2,732.000000
2.972250	0.640	3,094.000000
2.982917	0.640	3,887.000000
2.993583	0.640	3,648.000000
3.004250	0.640	2,260.000000
3.014917	0.640	1,592.000000
3.025583	0.640	2,125.000000
3.036250	0.640	3,038.000000
3.046917	0.640	3,570.000000
3.057583	0.640	3,508.000000
3.068250	0.640	3,236.000000
3.078917	0.640	2,576.000000
3.089583	0.640	1,249.000000
3.100250	0.640	164.000000
3.110917	0.640	691.000000
3.121583	0.640	2,814.000000
3.132250	0.640	4,771.000000
3.142917	0.640	5,381.000000
3.153583	0.640	4,932.000000
3.164250	0.640	3,613.000000
3.174917	0.640	1,849.000000
3.185583	0.640	1,191.000000
3.196250	0.640	2,086.000000
3.206917	0.640	2,795.000000
3.217583	0.640	2,482.000000
3.228250	0.640	2,289.000000
3.238917	0.640	2,973.000000
3.249583	0.640	4,144.000000
3.260250	0.640	4,759.000000
3.270917	0.640	3,826.000000
3.281583	0.640	2,058.000000
3.292250	0.640	1,298.000000
3.302917	0.640	1,831.000000
3.313583	0.640	2,546.000000
3.324250	0.640	2,842.000000
3.334917	0.640	2,867.000000
3.345583	0.640	3,107.000000
3.356250	0.640	3,569.000000
3.366917	0.640	3,762.000000
3.377583	0.640	3,819.000000
3.388250	0.640	3,635.000000
3.398917	0.640	2,696.000000
3.409583	0.640	1,551.000000
3.420250	0.640	1,247.000000
3.430917	0.640	2,560.000000
3.441583	0.640	4,828.000000
3.452250	0.640	5,615.000000
3.462917	0.640	4,399.000000
3.473583	0.640	3,433.000000
3.484250	0.640	3,763.000000
3.494917	0.640	4,317.000000
3.505583	0.640	4,035.000000
3.516250	0.640	2,638.000000
3.526917	0.640	1,373.000000
3.537583	0.640	2,063.000000
3.548250	0.640	3,629.000000
3.558917	0.640	4,028.000000
3.569583	0.640	4,184.000000
3.580250	0.640	4,612.000000
3.590917	0.640	3,807.000000
3.601583	0.640	2,396.000000
3.612250	0.640	2,037.000000
3.622917	0.640	2,521.000000
3.633583	0.640	3,386.000000
3.644250	0.640	4,058.000000
3.654917	0.640	3,715.000000
3.665583	0.640	3,200.000000
3.676250	0.640	3,937.000000
3.686917	0.640	5,071.000000
3.697583	0.640	4,715.000000
3.708250	0.640	3,316.000000
3.718917	0.640	2,665.000000
3.729583	0.640	2,554.000000
3.740250	0.640	2,270.000000
3.750917	0.640	3,074.000000
3.761583	0.640	5,158.000000
3.772250	0.640	6,354.000000
3.782917	0.640	6,094.000000
3.793583	0.640	5,736.000000
3.804250	0.640	5,550.000000
3.814917	0.640	5,048.000000
3.825583	0.640	4,697.000000
3.836250	0.640	5,332.000000
3.846917	0.640	6,343.000000
3.857583	0.640	6,129.000000
3.868250	0.640	4,798.000000
3.878917	0.640	3,522.000000
3.889583	0.640	2,616.000000
3.900250	0.640	2,811.000000
3.910917	0.640	4,618.000000
3.921583	0.640	6,391.000000
3.932250	0.640	6,528.000000
3.942917	0.640	5,727.000000
3.953583	0.640	5,306.000000
3.964250	0.640	5,091.000000
3.974917	0.640	4,184.000000
3.985583	0.640	3,424.000000
3.996250	0.640	4,731.000000
4.006917	0.640	7,200.000000
4.017583	0.640	7,673.000000
4.028250	0.640	5,600.000000
4.038917	0.640	3,683.000000
4.049583	0.640	3,715.000000
4.060250	0.640	4,854.000000
4.070917	0.640	6,119.000000
4.081583	0.640	7,156.000000
4.092250	0.640	7,397.000000
4.102917	0.640	6,874.000000
4.113583	0.640	6,094.000000
4.124250	0.640	5,283.000000
4.134917	0.640	5,296.000000
4.145583	0.640	6,582.000000
4.156250	0.640	7,326.000000
4.166917	0.640	6,514.000000
4.177583	0.640	5,507.000000
4.188250	0.640	4,930.000000
4.198917	0.640	4,835.000000
4.209583	0.640	5,507.000000
4.220250	0.640	6,153.000000
4.230917	0.640	6,019.000000
4.241583	0.640	5,661.000000
4.252250	0.640	5,935.000000
4.262917	0.640	6,580.000000
4.273583	0.640	6,539.000000
4.284250	0.640	5,787.000000
4.294917	0.640	5,174.000000
4.305583	0.640	5,464.000000
4.316250	0.640	7,091.000000
4.326917	0.640	8,783.000000
4.337583	0.640	8,293.000000
4.348250	0.640	5,732.000000
4.358917	0.640	3,695.000000
4.369583	0.640	4,262.000000
4.380250	0.640	6,904.000000
4.390917	0.640	8,751.000000
4.401583	0.640	7,662.000000
4.412250	0.640	5,284.000000
4.422917	0.640	4,823.000000
4.433583	0.640	6,637.000000
4.444250	0.640	8,796.000000
4.454917	0.640	9,801.000000
4.465583	0.640	9,355.000000
4.476250	0.640	7,890.000000
4.486917	0.640	5,785.000000
4.497583	0.640	4,224.000000
4.508250	0.640	5,177.000000
4.518917	0.640	7,790.000000
4.529583	0.640	8,464.000000
4.540250	0.640	6,234.000000
4.550917	0.640	3,894.000000
4.561583	0.640	3,793.000000
4.572250	0.640	5,707.000000
4.582917	0.640	8,010.000000
4.593583	0.640	8,733.000000
4.604250	0.640	7,264.000000
4.614917	0.640	5,826.000000
4.625583	0.640	6,659.000000
4.636250	0.640	8,665.000000
4.646917	0.640	9,191.000000
4.657583	0.640	7,948.000000
4.668250	0.640	7,196.000000
4.678917	0.640	8,147.000000
4.689583	0.640	9,100.000000
4.700250	0.640	8,198.000000
4.710917	0.640	6,470.000000
4.721583	0.640	5,942.000000
4.732250	0.640	6,287.000000
4.742917	0.640	6,409.000000
4.753583	0.640	6,689.000000
4.764250	0.640	7,326.000000
4.774917	0.640	7,976.000000
4.785583	0.640	8,816.000000
4.796250	0.640	9,158.000000
4.806917	0.640	7,953.000000
4.817583	0.640	6,577.000000
4.828250	0.640	7,222.000000
4.838917	0.640	9,156.000000
4.849583	0.640	10,047.000000
4.860250	0.640	9,621.000000
4.870917	0.640	9,223.000000
4.881583	0.640	9,374.000000
4.892250	0.640	9,615.000000
4.902917	0.640	9,542.000000
4.913583	0.640	9,396.000000
4.924250	0.640	9,597.000000
4.934917	0.640	9,625.000000
4.945583	0.640	8,721.000000
4.956250	0.640	7,654.000000
4.966917	0.640	7,958.000000
4.977583	0.640	9,842.000000
4.988250	0.640	11,814.000000
4.998917	0.640	12,460.000000
5.009583	0.640	12,294.000000
5.020250	0.640	12,194.000000
5.030917	0.640	11,294.000000
5.041583	0.640	9,039.000000
5.052250	0.640	7,152.000000
5.062917	0.640	6,950.000000
5.073583	0.640	7,591.000000
5.084250	0.640	8,534.000000
5.094917	0.640	10,050.000000
5.105583	0.640	11,781.000000
5.116250	0.640	12,736.000000
5.126917	0.640	11,966.000000
5.137583	0.640	10,164.000000
5.148250	0.640	9,042.000000
5.158917	0.640	8,599.000000
5.169583	0.640	8,247.000000
5.180250	0.640	8,476.000000
5.190917	0.640	9,373.000000
5.201583	0.640	10,277.000000
5.212250	0.640	10,806.000000
5.222917	0.640	10,486.000000
5.233583	0.640	9,025.000000
5.244250	0.640	8,006.000000
5.254917	0.640	9,102.000000
5.265583	0.640	11,029.000000
5.276250	0.640	11,693.000000
5.286917	0.640	11,223.000000
5.297583	0.640	11,163.000000
5.308250	0.640	12,290.000000
5.318917	0.640	13,226.000000
5.329583	0.640	11,898.000000
5.340250	0.640	9,419.000000
5.350917	0.640	9,398.000000
5.361583	0.640	12,203.000000
5.372250	0.640	14,573.000000
5.382917	0.640	14,542.000000
5.393583	0.640	12,879.000000
5.404250	0.640	11,450.000000
5.414917	0.640	11,249.000000
5.425583	0.640	11,363.000000
5.436250	0.640	11,260.000000
5.446917	0.640	12,030.000000
5.457583	0.640	13,254.000000
5.468250	0.640	13,032.000000
5.478917	0.640	11,890.000000
5.489583	0.640	11,862.000000
5.500250	0.640	12,944.000000
5.510917	0.640	13,518.000000
5.521583	0.640	12,992.000000
5.532250	0.640	12,479.000000
5.542917	0.640	12,898.000000
5.553583	0.640	13,599.000000
5.564250	0.640	13,499.000000
5.574917	0.640	12,908.000000
5.585583	0.640	12,848.000000
5.596250	0.640	13,071.000000
5.606917	0.640	12,910.000000
5.617583	0.640	12,711.000000
5.628250	0.640	12,708.000000
5.638917	0.640	12,800.000000
5.649583	0.640	13,120.000000
5.660250	0.640	13,026.000000
5.670917	0.640	12,078.000000
5.681583	0.640	11,961.000000
5.692250	0.640	13,748.000000
5.702917	0.640	15,198.000000
5.713583	0.640	14,572.000000
5.724250	0.640	13,530.000000
5.734917	0.640	13,693.000000
5.745583	0.640	14,632.000000
5.756250	0.640	15,754.000000
5.766917	0.640	16,743.000000
5.777583	0.640	16,832.000000
5.788250	0.640	15,811.000000
5.798917	0.640	14,670.000000
5.809583	0.640	14,023.000000
5.820250	0.640	13,373.000000
5.830917	0.640	12,443.000000
5.841583	0.640	12,190.000000
5.852250	0.640	13,281.000000
5.862917	0.640	14,180.000000
5.873583	0.640	13,545.000000
5.884250	0.640	12,521.000000
5.894917	0.640	12,370.000000
5.905583	0.640	12,868.000000
5.916250	0.640	13,235.000000
5.926917	0.640	13,257.000000
5.937583	0.640	13,527.000000
5.948250	0.640	14,022.000000
5.958917	0.640	14,048.000000
5.969583	0.640	13,890.000000
5.980250	0.640	14,243.000000
5.990917	0.640	15,252.000000
6.001583	0.640	16,679.000000
6.012250	0.640	17,538.000000
6.022917	0.640	17,063.000000
6.033583	0.640	16,160.000000
6.044250	0.640	15,829.000000
6.054917	0.640	15,398.000000
6.065583	0.640	14,476.000000
6.076250	0.640	14,045.000000
6.086917	0.640	14,223.000000
6.097583	0.640	14,022.000000
6.108250	0.640	13,403.000000
6.118917	0.640	12,939.000000
6.129583	0.640	12,391.000000
6.140250	0.640	11,858.000000
6.150917	0.640	12,360.000000
6.161583	0.640	13,934.000000
6.172250	0.640	15,626.000000
6.182917	0.640	16,931.000000
6.193583	0.640	17,708.000000
6.204250	0.640	17,554.000000
6.214917	0.640	16,187.000000
6.225583	0.640	14,680.000000
6.236250	0.640	14,714.000000
6.246917	0.640	16,083.000000
6.257583	0.640	16,856.000000
6.268250	0.640	16,636.000000
6.278917	0.640	17,066.000000
6.289583	0.640	18,277.000000
6.300250	0.640	18,714.000000
6.310917	0.640	17,989.000000
6.321583	0.640	16,958.000000
6.332250	0.640	16,471.000000
6.342917	0.640	16,690.000000
6.353583	0.640	17,027.000000
6.364250	0.640	16,845.000000
6.374917	0.640	16,593.000000
6.385583	0.640	17,688.000000
6.396250	0.640	19,680.000000
6.406917	0.640	19,998.000000
6.417583	0.640	17,942.000000
6.428250	0.640	15,607.000000
6.438917	0.640	15,017.000000
6.449583	0.640	16,189.000000
6.460250	0.640	17,591.000000
6.470917	0.640	18,094.000000
6.481583	0.640	17,982.000000
6.492250	0.640	18,006.000000
6.502917	0.640	18,348.000000
6.513583	0.640	18,689.000000
6.524250	0.640	19,075.000000
6.534917	0.640	19,712.000000
6.545583	0.640	19,757.000000
6.556250	0.640	18,871.000000
6.566917	0.640	18,398.000000
6.577583	0.640	18,473.000000
6.588250	0.640	17,662.000000
6.598917	0.640	16,134.000000
6.609583	0.640	15,490.000000
6.620250	0.640	15,784.000000
6.630917	0.640	15,826.000000
6.641583	0.640	16,142.000000
6.652250	0.640	17,740.000000
6.662917	0.640	19,186.000000
6.673583	0.640	19,406.000000
6.684250	0.640	19,833.000000
6.694917	0.640	20,169.000000
6.705583	0.640	18,092.000000
6.716250	0.640	15,159.000000
6.726917	0.640	15,327.000000
6.737583	0.640	17,722.000000
6.748250	0.640	18,857.000000
6.758917	0.640	18,652.000000
6.769583	0.640	18,403.000000
6.780250	0.640	18,781.000000
6.790917	0.640	20,848.000000
6.801583	0.640	23,663.000000
6.812250	0.640	24,307.000000
6.822917	0.640	22,245.000000
6.833583	0.640	19,565.000000
6.844250	0.640	18,340.000000
6.854917	0.640	19,341.000000
6.865583	0.640	21,356.000000
6.876250	0.640	22,087.000000
6.886917	0.640	21,170.000000
6.897583	0.640	20,871.000000
6.908250	0.640	21,786.000000
6.918917	0.640	21,771.000000
6.929583	0.640	20,605.000000
6.940250	0.640	20,243.000000
6.950917	0.640	20,869.000000
6.961583	0.640	20,885.000000
6.972250	0.640	19,749.000000
6.982917	0.640	18,631.000000
6.993583	0.640	18,968.000000
7.004250	0.640	20,910.000000
7.014917	0.640	22,594.000000
7.025583	0.640	22,456.000000
7.036250	0.640	21,892.000000
7.046917	0.640	22,561.000000
7.057583	0.640	23,428.000000
7.068250	0.640	23,224.000000
7.078917	0.640	22,590.000000
7.089583	0.640	23,202.000000
7.100250	0.640	25,723.000000
7.110917	0.640	27,795.000000
7.121583	0.640	27,176.000000
7.132250	0.640	25,683.000000
7.142917	0.640	25,277.000000
7.153583	0.640	24,594.000000
7.164250	0.640	22,787.000000
7.174917	0.640	21,507.000000
7.185583	0.640	21,592.000000
7.196250	0.640	21,719.000000
7.206917	0.640	21,038.000000
7.217583	0.640	20,752.000000
7.228250	0.640	21,904.000000
7.238917	0.640	23,676.000000
7.249583	0.640	24,920.000000
7.260250	0.640	25,428.000000
7.270917	0.640	25,358.000000
7.281583	0.640	24,895.000000
7.292250	0.640	24,602.000000
7.302917	0.640	24,950.000000
7.313583	0.640	25,711.000000
7.324250	0.640	25,990.000000
7.334917	0.640	25,356.000000
7.345583	0.640	24,979.000000
7.356250	0.640	25,698.000000
7.366917	0.640	26,505.000000
7.377583	0.640	26,292.000000
7.388250	0.640	25,440.000000
7.398917	0.640	25,416.000000
7.409583	0.640	26,364.000000
7.420250	0.640	26,772.000000
7.430917	0.640	26,803.000000
7.441583	0.640	27,629.000000
7.452250	0.640	28,327.000000
7.462917	0.640	27,911.000000
7.473583	0.640	26,817.000000
7.484250	0.640	26,023.000000
7.494917	0.640	26,834.000000
7.505583	0.640	28,311.000000
7.516250	0.640	28,138.000000
7.526917	0.640	26,868.000000
7.537583	0.640	26,401.000000
7.548250	0.640	27,186.000000
7.558917	0.640	28,830.000000
7.569583	0.640	30,758.000000
7.580250	0.640	32,001.000000
7.590917	0.640	31,823.000000
7.601583	0.640	30,302.000000
7.612250	0.640	28,071.000000
7.622917	0.640	26,243.000000
7.633583	0.640	25,593.000000
7.644250	0.640	25,622.000000
7.654917	0.640	25,753.000000
7.665583	0.640	26,258.000000
7.676250	0.640	26,856.000000
7.686917	0.640	26,938.000000
7.697583	0.640	26,881.000000
7.708250	0.640	27,143.000000
7.718917	0.640	27,754.000000
7.729583	0.640	28,142.000000
7.740250	0.640	27,317.000000
7.750917	0.640	25,936.000000
7.761583	0.640	25,740.000000
7.772250	0.640	26,598.000000
7.782917	0.640	27,741.000000
7.793583	0.640	29,061.000000
7.804250	0.640	28,986.000000
7.814917	0.640	26,970.000000
7.825583	0.640	25,734.000000
7.836250	0.640	26,927.000000
7.846917	0.640	29,477.000000
7.857583	0.640	31,224.000000
7.868250	0.640	30,550.000000
7.878917	0.640	28,767.000000
7.889583	0.640	28,536.000000
7.900250	0.640	29,796.000000
7.910917	0.640	30,876.000000
7.921583	0.640	31,764.000000
7.932250	0.640	32,429.000000
7.942917	0.640	32,193.000000
7.953583	0.640	32,277.000000
7.964250	0.640	33,565.000000
7.974917	0.640	34,321.000000
7.985583	0.640	32,725.000000
7.996250	0.640	29,396.000000
8.006917	0.640	27,366.000000
8.017583	0.640	28,447.000000
8.028250	0.640	30,733.000000
8.038917	0.640	31,754.000000
8.049583	0.640	31,499.000000
8.060250	0.640	31,429.000000
8.070917	0.640	32,066.000000
8.081583	0.640	31,967.000000
8.092250	0.640	30,446.000000
8.102917	0.640	29,858.000000
8.113583	0.640	31,447.000000
8.124250	0.640	32,410.000000
8.134917	0.640	30,504.000000
8.145583	0.640	27,149.000000
8.156250	0.640	24,694.000000
8.166917	0.640	24,214.000000
8.177583	0.640	25,424.000000
8.188250	0.640	27,309.000000
8.198917	0.640	29,161.000000
8.209583	0.640	30,367.000000
8.220250	0.640	30,613.000000
8.230917	0.640	30,288.000000
8.241583	0.640	29,351.000000
8.252250	0.640	28,332.000000
8.262917	0.640	29,003.000000
8.273583	0.640	30,718.000000
8.284250	0.640	30,095.000000
8.294917	0.640	26,686.000000
8.305583	0.640	23,834.000000
8.316250	0.640	23,780.000000
8.326917	0.640	26,046.000000
8.337583	0.640	28,531.000000
8.348250	0.640	29,143.000000
8.358917	0.640	28,042.000000
8.369583	0.640	27,292.000000
8.380250	0.640	28,646.000000
8.390917	0.640	31,794.000000
8.401583	0.640	33,772.000000
8.412250	0.640	32,388.000000
8.422917	0.640	29,682.000000
8.433583	0.640	28,565.000000
8.444250	0.640	29,200.000000
8.454917	0.640	30,146.000000
8.465583	0.640	30,120.000000
8.476250	0.640	29,788.000000
8.486917	0.640	30,300.000000
8.497583	0.640	30,253.000000
8.508250	0.640	29,230.000000
8.518917	0.640	29,319.000000
8.529583	0.640	30,373.000000
8.540250	0.640	30,675.000000
8.550917	0.640	30,215.000000
8.561583	0.640	29,914.000000
8.572250	0.640	30,260.000000
8.582917	0.640	30,535.000000
8.593583	0.640	29,953.000000
8.604250	0.640	29,263.000000
8.614917	0.640	28,987.000000
8.625583	0.640	28,863.000000
8.636250	0.640	29,389.000000
8.646917	0.640	31,054.000000
8.657583	0.640	33,009.000000
8.668250	0.640	33,443.000000
8.678917	0.640	31,966.000000
8.689583	0.640	30,679.000000
8.700250	0.640	30,278.000000
8.710917	0.640	28,892.000000
8.721583	0.640	26,888.000000
8.732250	0.640	26,689.000000
8.742917	0.640	28,164.000000
8.753583	0.640	29,583.000000
8.764250	0.640	30,460.000000
8.774917	0.640	30,765.000000
8.785583	0.640	30,468.000000
8.796250	0.640	30,026.000000
8.806917	0.640	30,195.000000
8.817583	0.640	31,444.000000
8.828250	0.640	32,385.000000
8.838917	0.640	31,302.000000
8.849583	0.640	29,389.000000
8.860250	0.640	28,455.000000
8.870917	0.640	28,396.000000
8.881583	0.640	28,622.000000
8.892250	0.640	28,807.000000
8.902917	0.640	28,983.000000
8.913583	0.640	29,053.000000
8.924250	0.640	28,408.000000
8.934917	0.640	27,586.000000
8.945583	0.640	27,853.000000
8.956250	0.640	29,097.000000
8.966917	0.640	29,880.000000
8.977583	0.640	29,300.000000
8.988250	0.640	28,641.000000
8.998917	0.640	28,675.000000
9.009583	0.640	28,022.000000
9.020250	0.640	27,279.000000
9.030917	0.640	28,261.000000
9.041583	0.640	29,815.000000
9.052250	0.640	30,085.000000
9.062917	0.640	29,482.000000
9.073583	0.640	29,062.000000
9.084250	0.640	29,008.000000
9.094917	0.640	29,240.000000
9.105583	0.640	29,534.000000
9.116250	0.640	29,337.000000
9.126917	0.640	28,460.000000
9.137583	0.640	27,303.000000
9.148250	0.640	26,911.000000
9.158917	0.640	28,349.000000
9.169583	0.640	30,622.000000
9.180250	0.640	31,576.000000
9.190917	0.640	31,098.000000
9.201583	0.640	29,796.000000
9.212250	0.640	27,277.000000
9.222917	0.640	24,953.000000
9.233583	0.640	25,324.000000
9.244250	0.640	27,893.000000
9.254917	0.640	29,862.000000
9.265583	0.640	29,258.000000
9.276250	0.640	27,225.000000
9.286917	0.640	27,117.000000
9.297583	0.640	29,722.000000
9.308250	0.640	32,624.000000
9.318917	0.640	33,604.000000
9.329583	0.640	32,125.000000
9.340250	0.640	30,455.000000
9.350917	0.640	31,031.000000
9.361583	0.640	32,009.000000
9.372250	0.640	31,384.000000
9.382917	0.640	31,070.000000
9.393583	0.640	32,500.000000
9.404250	0.640	34,437.000000
9.414917	0.640	35,469.000000
9.425583	0.640	35,130.000000
9.436250	0.640	34,012.000000
9.446917	0.640	33,360.000000
9.457583	0.640	33,209.000000
9.468250	0.640	32,451.000000
9.478917	0.640	31,434.000000
9.489583	0.640	31,585.000000
9.500250	0.640	32,579.000000
9.510917	0.640	32,582.000000
9.521583	0.640	31,618.000000
9.532250	0.640	31,805.000000
9.542917	0.640	33,273.000000
9.553583	0.640	34,015.000000
9.564250	0.640	33,718.000000
9.574917	0.640	33,849.000000
9.585583	0.640	34,699.000000
9.596250	0.640	35,290.000000
9.606917	0.640	35,788.000000
9.617583	0.640	36,842.000000
9.628250	0.640	37,307.000000
9.638917	0.640	36,289.000000
9.649583	0.640	35,162.000000
9.660250	0.640	34,866.000000
9.670917	0.640	34,629.000000
9.681583	0.640	33,676.000000
9.692250	0.640	32,599.000000
9.702917	0.640	33,366.000000
9.713583	0.640	35,366.000000
9.724250	0.640	35,142.000000
9.734917	0.640	32,817.000000
9.745583	0.640	31,065.000000
9.756250	0.640	30,254.000000
9.766917	0.640	30,039.000000
9.777583	0.640	30,722.000000
9.788250	0.640	32,167.000000
9.798917	0.640	33,371.000000
9.809583	0.640	33,430.000000
9.820250	0.640	32,986.000000
9.830917	0.640	32,896.000000
9.841583	0.640	33,144.000000
9.852250	0.640	34,081.000000
9.862917	0.640	35,576.000000
9.873583	0.640	36,373.000000
9.884250	0.640	36,114.000000
9.894917	0.640	35,671.000000
9.905583	0.640	35,037.000000
9.916250	0.640	33,542.000000
9.926917	0.640	32,165.000000
9.937583	0.640	32,098.000000
9.948250	0.640	32,792.000000
9.958917	0.640	33,972.000000
9.969583	0.640	35,591.000000
9.980250	0.640	36,436.000000
9.990917	0.640	36,184.000000
10.001583	0.640	35,704.000000
10.012250	0.640	35,010.000000
10.022917	0.640	34,172.000000
10.033583	0.640	33,666.000000
10.044250	0.640	32,935.000000
10.054917	0.640	31,974.000000
10.065583	0.640	31,453.000000
10.076250	0.640	30,600.000000
10.086917	0.640	29,556.000000
10.097583	0.640	29,655.000000
10.108250	0.640	29,662.000000
10.118917	0.640	28,410.000000
10.129583	0.640	27,488.000000
10.140250	0.640	27,138.000000
10.150917	0.640	26,304.000000
10.161583	0.640	26,105.000000
10.172250	0.640	27,443.000000
10.182917	0.640	28,535.000000
10.193583	0.640	28,021.000000
10.204250	0.640	27,395.000000
10.214917	0.640	28,222.000000
10.225583	0.640	29,391.000000
10.236250	0.640	29,508.000000
10.246917	0.640	29,199.000000
10.257583	0.640	29,232.000000
10.268250	0.640	29,230.000000
10.278917	0.640	28,562.000000
10.289583	0.640	26,795.000000
10.300250	0.640	24,424.000000
10.310917	0.640	23,340.000000
10.321583	0.640	24,568.000000
10.332250	0.640	26,014.000000
10.342917	0.640	25,387.000000
10.353583	0.640	24,322.000000
10.364250	0.640	25,120.000000
10.374917	0.640	26,605.000000
10.385583	0.640	27,535.000000
10.396250	0.640	28,533.000000
10.406917	0.640	28,815.000000
10.417583	0.640	27,566.000000
10.428250	0.640	27,058.000000
10.438917	0.640	28,491.000000
10.449583	0.640	29,948.000000
10.460250	0.640	30,860.000000
10.470917	0.640	32,088.000000
10.481583	0.640	33,306.000000
10.492250	0.640	33,795.000000
10.502917	0.640	33,793.000000
10.513583	0.640	33,960.000000
10.524250	0.640	34,123.000000
10.534917	0.640	33,556.000000
10.545583	0.640	32,156.000000
10.556250	0.640	30,761.000000
10.566917	0.640	30,351.000000
10.577583	0.640	30,819.000000
10.588250	0.640	31,392.000000
10.598917	0.640	32,052.000000
10.609583	0.640	32,978.000000
10.620250	0.640	33,670.000000
10.630917	0.640	33,786.000000
10.641583	0.640	33,798.000000
10.652250	0.640	34,423.000000
10.662917	0.640	35,733.000000
10.673583	0.640	37,175.000000
10.684250	0.640	38,118.000000
10.694917	0.640	37,729.000000
10.705583	0.640	35,645.000000
10.716250	0.640	33,086.000000
10.726917	0.640	31,967.000000
10.737583	0.640	32,853.000000
10.748250	0.640	34,064.000000
10.758917	0.640	34,144.000000
10.769583	0.640	34,020.000000
10.780250	0.640	34,197.000000
10.790917	0.640	33,739.000000
10.801583	0.640	33,203.000000
10.812250	0.640	33,710.000000
10.822917	0.640	34,832.000000
10.833583	0.640	36,009.000000
10.844250	0.640	36,929.000000
10.854917	0.640	37,245.000000
10.865583	0.640	37,025.000000
10.876250	0.640	36,120.000000
10.886917	0.640	34,821.000000
10.897583	0.640	34,760.000000
10.908250	0.640	36,530.000000
10.918917	0.640	38,071.000000
10.929583	0.640	37,841.000000
10.940250	0.640	37,749.000000
10.950917	0.640	39,809.000000
10.961583	0.640	42,030.000000
10.972250	0.640	41,515.000000
10.982917	0.640	39,035.000000
10.993583	0.640	37,843.000000
11.004250	0.640	39,360.000000
11.014917	0.640	41,443.000000
11.025583	0.640	42,019.000000
11.036250	0.640	41,949.000000
11.046917	0.640	42,744.000000
11.057583	0.640	44,334.000000
11.068250	0.640	45,344.000000
11.078917	0.640	44,985.000000
11.089583	0.640	44,740.000000
11.100250	0.640	46,478.000000
11.110917	0.640	49,736.000000
11.121583	0.640	52,617.000000
11.132250	0.640	53,740.000000
11.142917	0.640	53,172.000000
11.153583	0.640	52,430.000000
11.164250	0.640	51,774.000000
11.174917	0.640	49,757.000000
11.185583	0.640	47,087.000000
11.196250	0.640	46,255.000000
11.206917	0.640	47,203.000000
11.217583	0.640	47,366.000000
11.228250	0.640	46,269.000000
11.238917	0.640	46,272.000000
11.249583	0.640	48,730.000000
11.260250	0.640	52,642.000000
11.270917	0.640	56,159.000000
11.281583	0.640	58,259.000000
11.292250	0.640	58,773.000000
11.302917	0.640	57,456.000000
11.313583	0.640	54,577.000000
11.324250	0.640	52,038.000000
11.334917	0.640	52,149.000000
11.345583	0.640	53,955.000000
11.356250	0.640	53,791.000000
11.366917	0.640	50,975.000000
11.377583	0.640	47,529.000000
11.388250	0.640	43,884.000000
11.398917	0.640	40,879.000000
11.409583	0.640	40,857.000000
11.420250	0.640	43,398.000000
11.430917	0.640	45,860.000000
11.441583	0.640	47,252.000000
11.452250	0.640	47,183.000000
11.462917	0.640	45,565.000000
11.473583	0.640	44,504.000000
11.484250	0.640	45,068.000000
11.494917	0.640	45,934.000000
11.505583	0.640	46,997.000000
11.516250	0.640	48,154.000000
11.526917	0.640	48,220.000000
11.537583	0.640	48,038.000000
11.548250	0.640	48,577.000000
11.558917	0.640	48,899.000000
11.569583	0.640	49,268.000000
11.580250	0.640	50,326.000000
11.590917	0.640	51,278.000000
11.601583	0.640	52,117.000000
11.612250	0.640	53,157.000000
11.622917	0.640	53,722.000000
11.633583	0.640	53,631.000000
11.644250	0.640	53,103.000000
11.654917	0.640	52,110.000000
11.665583	0.640	51,453.000000
11.676250	0.640	51,643.000000
11.686917	0.640	51,689.000000
11.697583	0.640	51,873.000000
11.708250	0.640	53,499.000000
11.718917	0.640	55,597.000000
11.729583	0.640	57,104.000000
11.740250	0.640	58,696.000000
11.750917	0.640	59,948.000000
11.761583	0.640	59,494.000000
11.772250	0.640	57,550.000000
11.782917	0.640	55,893.000000
11.793583	0.640	56,093.000000
11.804250	0.640	57,497.000000
11.814917	0.640	58,514.000000
11.825583	0.640	59,580.000000
11.836250	0.640	61,347.000000
11.846917	0.640	63,120.000000
11.857583	0.640	64,214.000000
11.868250	0.640	63,813.000000
11.878917	0.640	62,598.000000
11.889583	0.640	62,666.000000
11.900250	0.640	63,341.000000
11.910917	0.640	63,125.000000
11.921583	0.640	63,359.000000
11.932250	0.640	64,860.000000
11.942917	0.640	66,667.000000
11.953583	0.640	68,237.000000
11.964250	0.640	68,606.000000
11.974917	0.640	67,365.000000
11.985583	0.640	66,651.000000
11.996250	0.640	67,921.000000
12.006917	0.640	69,574.000000
12.017583	0.640	69,981.000000
12.028250	0.640	69,429.000000
12.038917	0.640	69,516.000000
12.049583	0.640	71,494.000000
12.060250	0.640	74,482.000000
12.070917	0.640	77,220.000000
12.081583	0.640	78,331.000000
12.092250	0.640	76,132.000000
12.102917	0.640	72,539.000000
12.113583	0.640	71,299.000000
12.124250	0.640	73,029.000000
12.134917	0.640	76,003.000000
12.145583	0.640	77,837.000000
12.156250	0.640	77,110.000000
12.166917	0.640	75,576.000000
12.177583	0.640	75,666.000000
12.188250	0.640	77,426.000000
12.198917	0.640	80,037.000000
12.209583	0.640	82,407.000000
12.220250	0.640	83,437.000000
12.230917	0.640	83,946.000000
12.241583	0.640	85,634.000000
12.252250	0.640	88,260.000000
12.262917	0.640	89,320.000000
12.273583	0.640	87,735.000000
12.284250	0.640	86,651.000000
12.294917	0.640	88,918.000000
12.305583	0.640	92,846.000000
12.316250	0.640	94,974.000000
12.326917	0.640	94,867.000000
12.337583	0.640	95,041.000000
12.348250	0.640	95,980.000000
12.358917	0.640	96,677.000000
12.369583	0.640	97,256.000000
12.380250	0.640	97,267.000000
12.390917	0.640	97,416.000000
12.401583	0.640	99,925.000000
12.412250	0.640	104,181.000000
12.422917	0.640	107,066.000000
12.433583	0.640	107,163.000000
12.444250	0.640	105,989.000000
12.454917	0.640	104,949.000000
12.465583	0.640	103,868.000000
12.476250	0.640	104,137.000000
12.486917	0.640	107,531.000000
12.497583	0.640	111,246.000000
12.508250	0.640	111,722.000000
12.518917	0.640	110,358.000000
12.529583	0.640	109,589.000000
12.540250	0.640	109,233.000000
12.550917	0.640	109,666.000000
12.561583	0.640	112,008.000000
12.572250	0.640	113,916.000000
12.582917	0.640	112,795.000000
12.593583	0.640	111,503.000000
12.604250	0.640	113,251.000000
12.614917	0.640	115,703.000000
12.625583	0.640	115,515.000000
12.636250	0.640	114,167.000000
12.646917	0.640	114,852.000000
12.657583	0.640	117,145.000000
12.668250	0.640	118,859.000000
12.678917	0.640	119,453.000000
12.689583	0.640	119,576.000000
12.700250	0.640	119,455.000000
12.710917	0.640	119,355.000000
12.721583	0.640	120,809.000000
12.732250	0.640	123,813.000000
12.742917	0.640	126,189.000000
12.753583	0.640	128,194.000000
12.764250	0.640	130,533.000000
12.774917	0.640	130,326.000000
12.785583	0.640	126,606.000000
12.796250	0.640	124,476.000000
12.806917	0.640	128,066.000000
12.817583	0.640	133,941.000000
12.828250	0.640	136,435.000000
12.838917	0.640	135,378.000000
12.849583	0.640	133,638.000000
12.860250	0.640	132,268.000000
12.870917	0.640	131,985.000000
12.881583	0.640	133,184.000000
12.892250	0.640	134,846.000000
12.902917	0.640	136,934.000000
12.913583	0.640	138,901.000000
12.924250	0.640	138,624.000000
12.934917	0.640	136,932.000000
12.945583	0.640	137,553.000000
12.956250	0.640	140,665.000000
12.966917	0.640	141,839.000000
12.977583	0.640	139,999.000000
12.988250	0.640	139,086.000000
12.998917	0.640	140,148.000000
13.009583	0.640	139,967.000000
13.020250	0.640	138,194.000000
13.030917	0.640	138,303.000000
13.041583	0.640	139,847.000000
13.052250	0.640	139,668.000000
13.062917	0.640	138,984.000000
13.073583	0.640	139,918.000000
13.084250	0.640	142,844.000000
13.094917	0.640	147,479.000000
13.105583	0.640	151,006.000000
13.116250	0.640	151,563.000000
13.126917	0.640	150,375.000000
13.137583	0.640	148,965.000000
13.148250	0.640	149,412.000000
13.158917	0.640	151,323.000000
13.169583	0.640	150,934.000000
13.180250	0.640	148,286.000000
13.190917	0.640	147,244.000000
13.201583	0.640	149,246.000000
13.212250	0.640	151,824.000000
13.222917	0.640	151,845.000000
13.233583	0.640	150,200.000000
13.244250	0.640	150,839.000000
13.254917	0.640	154,689.000000
13.265583	0.640	157,859.000000
13.276250	0.640	157,456.000000
13.286917	0.640	155,545.000000
13.297583	0.640	154,754.000000
13.308250	0.640	155,904.000000
13.318917	0.640	158,962.000000
13.329583	0.640	161,579.000000
13.340250	0.640	162,143.000000
13.350917	0.640	163,084.000000
13.361583	0.640	165,439.000000
13.372250	0.640	166,268.000000
13.382917	0.640	164,483.000000
13.393583	0.640	163,159.000000
13.404250	0.640	165,203.000000
13.414917	0.640	169,374.000000
13.425583	0.640	171,943.000000
13.436250	0.640	171,354.000000
13.446917	0.640	168,596.000000
13.457583	0.640	165,998.000000
13.468250	0.640	167,090.000000
13.478917	0.640	172,133.000000
13.489583	0.640	176,543.000000
13.500250	0.640	177,990.000000
13.510917	0.640	177,895.000000
13.521583	0.640	176,317.000000
13.532250	0.640	173,814.000000
13.542917	0.640	173,006.000000
13.553583	0.640	174,023.000000
13.564250	0.640	175,518.000000
13.574917	0.640	177,415.000000
13.585583	0.640	178,864.000000
13.596250	0.640	179,400.000000
13.606917	0.640	180,264.000000
13.617583	0.640	182,190.000000
13.628250	0.640	185,236.000000
13.638917	0.640	187,736.000000
13.649583	0.640	186,798.000000
13.660250	0.640	184,244.000000
13.670917	0.640	185,616.000000
13.681583	0.640	190,941.000000
13.692250	0.640	194,890.000000
13.702917	0.640	195,971.000000
13.713583	0.640	196,558.000000
13.724250	0.640	196,849.000000
13.734917	0.640	196,940.000000
13.745583	0.640	199,184.000000
13.756250	0.640	203,682.000000
13.766917	0.640	207,055.000000
13.777583	0.640	207,736.000000
13.788250	0.640	208,272.000000
13.798917	0.640	210,784.000000
13.809583	0.640	213,813.000000
13.820250	0.640	215,222.000000
13.830917	0.640	215,379.000000
13.841583	0.640	215,116.000000
13.852250	0.640	214,546.000000
13.862917	0.640	216,721.000000
13.873583	0.640	224,256.000000
13.884250	0.640	233,131.000000
13.894917	0.640	238,606.000000
13.905583	0.640	241,553.000000
13.916250	0.640	245,104.000000
13.926917	0.640	250,313.000000
13.937583	0.640	255,076.000000
13.948250	0.640	257,747.000000
13.958917	0.640	261,223.000000
13.969583	0.640	268,478.000000
13.980250	0.640	278,115.000000
13.990917	0.640	286,664.000000
14.001583	0.640	291,479.000000
14.012250	0.640	295,490.000000
14.022917	0.640	304,748.000000
14.033583	0.640	317,582.000000
14.044250	0.640	327,387.000000
14.054917	0.640	334,268.000000
14.065583	0.640	344,517.000000
14.076250	0.640	359,446.000000
14.086917	0.640	373,151.000000
14.097583	0.640	384,157.000000
14.108250	0.640	397,257.000000
14.118917	0.640	413,382.000000
14.129583	0.640	428,866.000000
14.140250	0.640	441,789.000000
14.150917	0.640	454,855.000000
14.161583	0.640	472,603.000000
14.172250	0.640	494,200.000000
14.182917	0.640	514,105.000000
14.193583	0.640	531,630.000000
14.204250	0.640	552,420.000000
14.214917	0.640	578,114.000000
14.225583	0.640	602,303.000000
14.236250	0.640	621,450.000000
14.246917	0.640	639,417.000000
14.257583	0.640	659,799.000000
14.268250	0.640	684,250.000000
14.278917	0.640	713,998.000000
14.289583	0.640	745,403.000000
14.300250	0.640	771,713.000000
14.310917	0.640	792,634.000000
14.321583	0.640	813,002.000000
14.332250	0.640	835,026.000000
14.342917	0.640	860,083.000000
14.353583	0.640	890,241.000000
14.364250	0.640	922,023.000000
14.374917	0.640	951,328.000000
14.385583	0.640	981,676.000000
14.396250	0.640	1,012,526.000000
14.406917	0.640	1,036,294.000000
14.417583	0.640	1,054,910.000000
14.428250	0.640	1,080,711.000000
14.438917	0.640	1,118,842.000000
14.449583	0.640	1,160,869.000000
14.460250	0.640	1,200,697.000000
14.470917	0.640	1,240,011.000000
14.481583	0.640	1,277,038.000000
14.492250	0.640	1,312,216.000000
14.502917	0.640	1,352,039.000000
14.513583	0.640	1,395,149.000000
14.524250	0.640	1,436,181.000000
14.534917	0.640	1,478,051.000000
14.545583	0.640	1,522,102.000000
14.556250	0.640	1,564,471.000000
14.566917	0.640	1,608,251.000000
14.577583	0.640	1,657,893.000000
14.588250	0.640	1,705,814.000000
14.598917	0.640	1,743,874.000000
14.609583	0.640	1,781,236.000000
14.620250	0.640	1,828,180.000000
14.630917	0.640	1,877,381.000000
14.641583	0.640	1,923,813.000000
14.652250	0.640	1,973,072.000000
14.662917	0.640	2,024,438.000000
14.673583	0.640	2,075,844.000000
14.684250	0.640	2,129,640.000000
14.694917	0.640	2,183,195.000000
14.705583	0.640	2,231,316.000000
14.716250	0.640	2,274,395.000000
14.726917	0.640	2,319,980.000000
14.737583	0.640	2,375,753.000000
14.748250	0.640	2,438,140.000000
14.758917	0.640	2,496,038.000000
14.769583	0.640	2,549,195.000000
14.780250	0.640	2,609,085.000000
14.790917	0.640	2,677,241.000000
14.801583	0.640	2,739,272.000000
14.812250	0.640	2,790,281.000000
14.822917	0.640	2,846,725.000000
14.833583	0.640	2,915,642.000000
14.844250	0.640	2,982,608.000000
14.854917	0.640	3,041,226.000000
14.865583	0.640	3,103,057.000000
14.876250	0.640	3,177,428.000000
14.886917	0.640	3,256,240.000000
14.897583	0.640	3,329,060.000000
14.908250	0.640	3,405,022.000000
14.918917	0.640	3,497,100.000000
14.929583	0.640	3,597,775.000000
14.940250	0.640	3,691,580.000000
14.950917	0.640	3,778,755.000000
14.961583	0.640	3,868,561.000000
14.972250	0.640	3,962,978.000000
14.982917	0.640	4,061,576.000000
14.993583	0.640	4,168,302.000000
15.004250	0.640	4,284,995.000000
15.014917	0.640	4,404,398.000000
15.025583	0.640	4,521,138.000000
15.036250	0.640	4,643,270.000000
15.046917	0.640	4,773,910.000000
15.057583	0.640	4,908,876.000000
15.068250	0.640	5,058,463.000000
15.078917	0.640	5,228,266.000000
15.089583	0.640	5,402,740.000000
15.100250	0.640	5,573,234.000000
15.110917	0.640	5,738,610.000000
15.121583	0.640	5,893,314.000000
15.132250	0.640	6,050,534.000000
15.142917	0.640	6,230,897.000000
15.153583	0.640	6,423,924.000000
15.164250	0.640	6,610,897.000000
15.174917	0.640	6,794,660.000000
15.185583	0.640	6,977,808.000000
15.196250	0.640	7,160,046.000000
15.206917	0.640	7,353,617.000000
15.217583	0.640	7,561,874.000000
15.228250	0.640	7,770,461.000000
15.238917	0.640	7,975,506.000000
15.249583	0.640	8,178,389.000000
15.260250	0.640	8,367,403.000000
15.270917	0.640	8,548,488.000000
15.281583	0.640	8,748,006.000000
15.292250	0.640	8,961,864.000000
15.302917	0.640	9,158,720.000000
15.313583	0.640	9,335,157.000000
15.324250	0.640	9,518,745.000000
15.334917	0.640	9,724,771.000000
15.345583	0.640	9,942,998.000000
15.356250	0.640	10,155,825.000000
15.366917	0.640	10,358,502.000000
15.377583	0.640	10,554,245.000000
15.388250	0.640	10,736,821.000000
15.398917	0.640	10,909,078.000000
15.409583	0.640	11,096,157.000000
15.420250	0.640	11,315,701.000000
15.430917	0.640	11,554,155.000000
15.441583	0.640	11,778,817.000000
15.452250	0.640	11,978,146.000000
15.462917	0.640	12,179,148.000000
15.473583	0.640	12,404,786.000000
15.484250	0.640	12,640,669.000000
15.494917	0.640	12,866,094.000000
15.505583	0.640	13,089,983.000000
15.516250	0.640	13,333,345.000000
15.526917	0.640	13,597,724.000000
15.537583	0.640	13,866,995.000000
15.548250	0.640	14,123,211.000000
15.558917	0.640	14,368,193.000000
15.569583	0.640	14,632,745.000000
15.580250	0.640	14,932,300.000000
15.590917	0.640	15,243,425.000000
15.601583	0.640	15,545,308.000000
15.612250	0.640	15,828,010.000000
15.622917	0.640	16,081,234.000000
15.633583	0.640	16,326,424.000000
15.644250	0.640	16,607,322.000000
15.654917	0.640	16,921,442.000000
15.665583	0.640	17,224,479.000000
15.676250	0.640	17,504,090.000000
15.686917	0.640	17,782,622.000000
15.697583	0.640	18,068,820.000000
15.708250	0.640	18,365,367.000000
15.718917	0.640	18,682,748.000000
15.729583	0.640	19,019,385.000000
15.740250	0.640	19,369,905.000000
15.750917	0.640	19,734,716.000000
15.761583	0.640	20,107,826.000000
15.772250	0.640	20,491,840.000000
15.782917	0.640	20,906,539.000000
15.793583	0.640	21,358,131.000000
15.804250	0.640	21,823,360.000000
15.814917	0.640	22,278,667.000000
15.825583	0.640	22,732,451.000000
15.836250	0.640	23,210,889.000000
15.846917	0.640	23,728,157.000000
15.857583	0.640	24,266,279.000000
15.868250	0.640	24,783,045.000000
15.878917	0.640	25,283,644.000000
15.889583	0.640	25,821,383.000000
15.900250	0.640	26,408,318.000000
15.910917	0.640	27,013,184.000000
15.921583	0.640	27,599,473.000000
15.932250	0.640	28,129,369.000000
15.942917	0.640	28,603,300.000000
15.953583	0.640	29,094,739.000000
15.964250	0.640	29,654,951.000000
15.974917	0.640	30,216,285.000000
15.985583	0.640	30,711,735.000000
15.996250	0.640	31,180,377.000000
16.006917	0.640	31,677,005.000000
16.017583	0.640	32,205,707.000000
16.028250	0.640	32,705,051.000000
16.038917	0.640	33,092,855.000000
16.049583	0.640	33,399,785.000000
16.060250	0.640	33,719,289.000000
16.070917	0.640	34,055,312.000000
16.081583	0.640	34,379,520.000000
16.092250	0.640	34,707,130.000000
16.102917	0.640	35,044,092.000000
16.113583	0.640	35,394,264.000000
16.124250	0.640	35,808,702.000000
16.134917	0.640	36,328,232.000000
16.145583	0.640	36,928,031.000000
16.156250	0.640	37,569,643.000000
16.166917	0.640	38,230,885.000000
16.177583	0.640	38,904,760.000000
16.188250	0.640	39,643,890.000000
16.198917	0.640	40,512,186.000000
16.209583	0.640	41,468,361.000000
16.220250	0.640	42,440,869.000000
16.230917	0.640	43,450,165.000000
16.241583	0.640	44,542,759.000000
16.252250	0.640	45,730,082.000000
16.262917	0.640	46,997,086.000000
16.273583	0.640	48,289,213.000000
16.284250	0.640	49,555,607.000000
16.294917	0.640	50,807,453.000000
16.305583	0.640	52,072,883.000000
16.316250	0.640	53,344,769.000000
16.326917	0.640	54,626,801.000000
16.337583	0.640	55,935,755.000000
16.348250	0.640	57,236,356.000000
16.358917	0.640	58,461,872.000000
16.369583	0.640	59,578,404.000000
16.380250	0.640	60,627,376.000000
16.390917	0.640	61,695,537.000000
16.401583	0.640	62,783,596.000000
16.412250	0.640	63,807,397.000000
16.422917	0.640	64,757,577.000000
16.433583	0.640	65,695,897.000000
16.444250	0.640	66,633,032.000000
16.454917	0.640	67,514,321.000000
16.465583	0.640	68,311,641.000000
16.476250	0.640	69,097,204.000000
16.486917	0.640	69,917,430.000000
16.497583	0.640	70,690,937.000000
16.508250	0.640	71,403,896.000000
16.518917	0.640	72,185,215.000000
16.529583	0.640	73,079,329.000000
16.540250	0.640	74,014,097.000000
16.550917	0.640	74,998,746.000000
16.561583	0.640	76,131,429.000000
16.572250	0.640	77,461,008.000000
16.582917	0.640	78,954,312.000000
16.593583	0.640	80,512,701.000000
16.604250	0.640	82,033,254.000000
16.614917	0.640	83,548,568.000000
16.625583	0.640	85,130,391.000000
16.636250	0.640	86,674,781.000000
16.646917	0.640	88,089,448.000000
16.657583	0.640	89,517,345.000000
16.668250	0.640	91,153,515.000000
16.678917	0.640	93,052,828.000000
16.689583	0.640	95,138,634.000000
16.700250	0.640	97,261,172.000000
16.710917	0.640	99,300,803.000000
16.721583	0.640	101,233,057.000000
16.732250	0.640	103,091,262.000000
16.742917	0.640	104,976,958.000000
16.753583	0.640	106,988,727.000000
16.764250	0.640	109,057,651.000000
16.774917	0.640	111,059,608.000000
16.785583	0.640	113,000,601.000000
16.796250	0.640	114,939,504.000000
16.806917	0.640	116,893,276.000000
16.817583	0.640	118,907,671.000000
16.828250	0.640	121,018,298.000000
16.838917	0.640	123,081,178.000000
16.849583	0.640	124,987,631.000000
16.860250	0.640	126,930,407.000000
16.870917	0.640	129,000,579.000000
16.881583	0.640	130,852,640.000000
16.892250	0.640	132,178,513.000000
16.902917	0.640	133,166,841.000000
16.913583	0.640	134,140,722.000000
16.924250	0.640	135,044,331.000000
16.934917	0.640	135,653,000.000000
16.945583	0.640	135,935,302.000000
16.956250	0.640	136,020,984.000000
16.966917	0.640	136,080,552.000000
16.977583	0.640	136,143,588.000000
16.988250	0.640	136,104,867.000000
16.998917	0.640	135,949,009.000000
17.009583	0.640	135,686,471.000000
17.020250	0.640	135,282,449.000000
17.030917	0.640	134,786,932.000000
17.041583	0.640	134,236,928.000000
17.052250	0.640	133,523,314.000000
17.062917	0.640	132,576,051.000000
17.073583	0.640	131,527,658.000000
17.084250	0.640	130,507,776.000000
17.094917	0.640	129,400,434.000000
17.105583	0.640	128,053,079.000000
17.116250	0.640	126,502,548.000000
17.126917	0.640	124,827,406.000000
17.137583	0.640	123,070,959.000000
17.148250	0.640	121,233,427.000000
17.158917	0.640	119,307,384.000000
17.169583	0.640	117,412,871.000000
17.180250	0.640	115,638,429.000000
17.190917	0.640	113,909,340.000000
17.201583	0.640	112,220,998.000000
17.212250	0.640	110,656,391.000000
17.222917	0.640	109,164,207.000000
17.233583	0.640	107,655,843.000000
17.244250	0.640	106,202,213.000000
17.254917	0.640	104,907,610.000000
17.265583	0.640	103,768,898.000000
17.276250	0.640	102,765,983.000000
17.286917	0.640	101,923,441.000000
17.297583	0.640	101,259,866.000000
17.308250	0.640	100,792,754.000000
17.318917	0.640	100,538,259.000000
17.329583	0.640	100,400,085.000000
17.340250	0.640	100,203,236.000000
17.350917	0.640	99,925,927.000000
17.361583	0.640	99,676,927.000000
17.372250	0.640	99,440,527.000000
17.382917	0.640	99,115,756.000000
17.393583	0.640	98,707,857.000000
17.404250	0.640	98,215,902.000000
17.414917	0.640	97,500,226.000000
17.425583	0.640	96,430,901.000000
17.436250	0.640	95,013,390.000000
17.446917	0.640	93,299,837.000000
17.457583	0.640	91,226,248.000000
17.468250	0.640	88,640,619.000000
17.478917	0.640	85,490,624.000000
17.489583	0.640	81,836,545.000000
17.500250	0.640	77,776,978.000000
17.510917	0.640	73,450,836.000000
17.521583	0.640	68,960,900.000000
17.532250	0.640	64,307,045.000000
17.542917	0.640	59,541,950.000000
17.553583	0.640	54,876,620.000000
17.564250	0.640	50,500,005.000000
17.574917	0.640	46,487,979.000000
17.585583	0.640	42,943,538.000000
17.596250	0.640	39,978,173.000000
17.606917	0.640	37,554,623.000000
17.617583	0.640	35,558,868.000000
17.628250	0.640	33,954,596.000000
17.638917	0.640	32,749,155.000000
17.649583	0.640	31,897,399.000000
17.660250	0.640	31,290,949.000000
17.670917	0.640	30,847,407.000000
17.681583	0.640	30,567,274.000000
17.692250	0.640	30,460,617.000000
17.702917	0.640	30,495,702.000000
17.713583	0.640	30,643,553.000000
17.724250	0.640	30,897,284.000000
17.734917	0.640	31,239,010.000000
17.745583	0.640	31,642,528.000000
17.756250	0.640	32,083,548.000000
17.766917	0.640	32,521,406.000000
17.777583	0.640	32,940,543.000000
17.788250	0.640	33,383,400.000000
17.798917	0.640	33,869,561.000000
17.809583	0.640	34,353,040.000000
17.820250	0.640	34,800,951.000000
17.830917	0.640	35,239,302.000000
17.841583	0.640	35,712,579.000000
17.852250	0.640	36,237,196.000000
17.862917	0.640	36,789,650.000000
17.873583	0.640	37,343,429.000000
17.884250	0.640	37,909,710.000000
17.894917	0.640	38,517,136.000000
17.905583	0.640	39,161,560.000000
17.916250	0.640	39,815,530.000000
17.926917	0.640	40,494,238.000000
17.937583	0.640	41,243,688.000000
17.948250	0.640	42,060,392.000000
17.958917	0.640	42,889,544.000000
17.969583	0.640	43,693,727.000000
17.980250	0.640	44,515,690.000000
17.990917	0.640	45,434,923.000000
18.001583	0.640	46,428,202.000000
18.012250	0.640	47,405,091.000000
18.022917	0.640	48,385,014.000000
18.033583	0.640	49,463,270.000000
18.044250	0.640	50,657,357.000000
18.054917	0.640	51,932,288.000000
18.065583	0.640	53,295,490.000000
18.076250	0.640	54,748,264.000000
18.086917	0.640	56,226,513.000000
18.097583	0.640	57,707,401.000000
18.108250	0.640	59,282,891.000000
18.118917	0.640	61,027,212.000000
18.129583	0.640	62,910,653.000000
18.140250	0.640	64,900,397.000000
18.150917	0.640	67,003,056.000000
18.161583	0.640	69,216,189.000000
18.172250	0.640	71,511,777.000000
18.182917	0.640	73,868,385.000000
18.193583	0.640	76,391,611.000000
18.204250	0.640	79,239,390.000000
18.214917	0.640	82,390,849.000000
18.225583	0.640	85,808,762.000000
18.236250	0.640	89,656,759.000000
18.246917	0.640	94,123,231.000000
18.257583	0.640	99,339,122.000000
18.268250	0.640	105,500,493.000000
18.278917	0.640	112,774,360.000000
18.289583	0.640	121,177,415.000000
18.300250	0.640	130,592,124.000000
18.310917	0.640	140,511,825.000000
18.321583	0.640	149,736,121.000000
18.332250	0.640	156,417,897.000000
18.342917	0.640	158,389,012.000000
18.353583	0.640	153,921,764.000000
18.364250	0.640	142,522,561.000000
18.374917	0.640	125,079,482.000000
18.385583	0.640	103,640,964.000000
18.396250	0.640	80,969,936.000000
18.406917	0.640	59,715,478.000000
18.417583	0.640	41,706,131.000000
18.428250	0.640	27,755,101.000000
18.438917	0.640	17,796,451.000000
18.449583	0.640	11,177,450.000000
18.460250	0.640	7,014,808.000000
18.470917	0.640	4,485,806.000000
18.481583	0.640	2,967,884.000000
18.492250	0.640	2,056,535.000000
18.502917	0.640	1,509,467.000000
18.513583	0.640	1,172,438.000000
18.524250	0.640	953,674.000000
18.534917	0.640	810,525.000000
18.545583	0.640	717,539.000000
18.556250	0.640	654,887.000000
18.566917	0.640	610,980.000000
18.577583	0.640	577,537.000000
18.588250	0.640	548,473.000000
18.598917	0.640	523,132.000000
18.609583	0.640	503,360.000000
18.620250	0.640	487,840.000000
18.630917	0.640	472,207.000000
18.641583	0.640	455,292.000000
18.652250	0.640	440,729.000000
18.662917	0.640	429,892.000000
18.673583	0.640	419,819.000000
18.684250	0.640	409,170.000000
18.694917	0.640	399,768.000000
18.705583	0.640	392,394.000000
18.716250	0.640	384,714.000000
18.726917	0.640	373,544.000000
18.737583	0.640	359,537.000000
18.748250	0.640	347,980.000000
18.758917	0.640	341,151.000000
18.769583	0.640	335,477.000000
18.780250	0.640	329,922.000000
18.790917	0.640	326,941.000000
18.801583	0.640	325,083.000000
18.812250	0.640	321,563.000000
18.822917	0.640	317,997.000000
18.833583	0.640	315,359.000000
18.844250	0.640	312,004.000000
18.854917	0.640	309,629.000000
18.865583	0.640	310,511.000000
18.876250	0.640	311,362.000000
18.886917	0.640	307,901.000000
18.897583	0.640	302,896.000000
18.908250	0.640	302,071.000000
18.918917	0.640	303,973.000000
18.929583	0.640	304,683.000000
18.940250	0.640	305,264.000000
18.950917	0.640	306,055.000000
18.961583	0.640	306,310.000000
18.972250	0.640	307,665.000000
18.982917	0.640	309,174.000000
18.993583	0.640	309,179.000000
19.004250	0.640	309,161.000000
19.014917	0.640	309,367.000000
19.025583	0.640	309,773.000000
19.036250	0.640	310,217.000000
19.046917	0.640	308,364.000000
19.057583	0.640	307,225.000000
19.068250	0.640	312,068.000000
19.078917	0.640	317,802.000000
19.089583	0.640	317,058.000000
19.100250	0.640	312,818.000000
19.110917	0.640	311,239.000000
19.121583	0.640	312,225.000000
19.132250	0.640	312,802.000000
19.142917	0.640	312,053.000000
19.153583	0.640	308,634.000000
19.164250	0.640	302,954.000000
19.174917	0.640	300,904.000000
19.185583	0.640	303,857.000000
19.196250	0.640	305,520.000000
19.206917	0.640	305,048.000000
19.217583	0.640	307,305.000000
19.228250	0.640	310,837.000000
19.238917	0.640	309,821.000000
19.249583	0.640	304,532.000000
19.260250	0.640	300,574.000000
19.270917	0.640	301,289.000000
19.281583	0.640	303,594.000000
19.292250	0.640	300,965.000000
19.302917	0.640	294,113.000000
19.313583	0.640	291,223.000000
19.324250	0.640	293,390.000000
19.334917	0.640	294,033.000000
19.345583	0.640	293,353.000000
19.356250	0.640	296,532.000000
19.366917	0.640	299,822.000000
19.377583	0.640	296,161.000000
19.388250	0.640	289,496.000000
19.398917	0.640	287,867.000000
19.409583	0.640	291,230.000000
19.420250	0.640	294,714.000000
19.430917	0.640	294,827.000000
19.441583	0.640	292,255.000000
19.452250	0.640	291,756.000000
19.462917	0.640	295,651.000000
19.473583	0.640	301,080.000000
19.484250	0.640	305,113.000000
19.494917	0.640	307,109.000000
19.505583	0.640	307,487.000000
19.516250	0.640	307,460.000000
19.526917	0.640	308,539.000000
19.537583	0.640	310,226.000000
19.548250	0.640	310,672.000000
19.558917	0.640	310,547.000000
19.569583	0.640	311,128.000000
19.580250	0.640	311,466.000000
19.590917	0.640	312,365.000000
19.601583	0.640	316,461.000000
19.612250	0.640	321,592.000000
19.622917	0.640	322,660.000000
19.633583	0.640	319,611.000000
19.644250	0.640	316,157.000000
19.654917	0.640	315,705.000000
19.665583	0.640	319,882.000000
19.676250	0.640	325,779.000000
19.686917	0.640	329,569.000000
19.697583	0.640	332,450.000000
19.708250	0.640	336,710.000000
19.718917	0.640	341,021.000000
19.729583	0.640	344,588.000000
19.740250	0.640	349,264.000000
19.750917	0.640	354,455.000000
19.761583	0.640	358,363.000000
19.772250	0.640	363,700.000000
19.782917	0.640	371,913.000000
19.793583	0.640	379,619.000000
19.804317	0.644	387,803.000000
19.814917	0.636	398,827.000000
19.825583	0.640	408,526.000000
19.836250	0.640	416,401.000000
19.846917	0.640	429,064.000000
19.857583	0.640	446,936.000000
19.868250	0.640	461,669.000000
19.878917	0.640	468,591.000000
19.889583	0.640	471,166.000000
19.900250	0.640	470,980.000000
19.910917	0.640	464,519.000000
19.921583	0.640	451,065.000000
19.932250	0.640	432,112.000000
19.942917	0.640	405,498.000000
19.953583	0.640	370,647.000000
19.964250	0.640	332,298.000000
19.974917	0.640	293,899.000000
19.985583	0.640	256,899.000000
19.996250	0.640	223,391.000000
20.006917	0.640	194,670.000000
20.017583	0.640	172,049.000000
20.028250	0.640	155,230.000000
20.038917	0.640	140,814.000000
20.049583	0.640	128,671.000000
20.060250	0.640	121,435.000000
20.070917	0.640	117,691.000000
20.081583	0.640	114,935.000000
20.092250	0.640	112,108.000000
20.102917	0.640	107,736.000000
20.113583	0.640	102,625.000000
20.124250	0.640	100,003.000000
20.134917	0.640	100,245.000000
20.145583	0.640	98,772.000000
20.156250	0.640	93,572.000000
20.166917	0.640	90,321.000000
20.177583	0.640	91,877.000000
20.188250	0.640	93,259.000000
20.198917	0.640	91,894.000000
20.209583	0.640	90,184.000000
20.220250	0.640	89,337.000000
20.230917	0.640	88,922.000000
20.241583	0.640	88,152.000000
20.252250	0.640	85,758.000000
20.262917	0.640	83,418.000000
20.273583	0.640	84,893.000000
20.284250	0.640	89,064.000000
20.294917	0.640	90,495.000000
20.305583	0.640	87,000.000000
20.316250	0.640	82,591.000000
20.326917	0.640	82,154.000000
20.337583	0.640	84,365.000000
20.348250	0.640	84,098.000000
20.358917	0.640	81,374.000000
20.369583	0.640	79,796.000000
20.380250	0.640	79,494.000000
20.390917	0.640	80,141.000000
20.401583	0.640	82,226.000000
20.412250	0.640	83,249.000000
20.422917	0.640	82,040.000000
20.433583	0.640	81,449.000000
20.444250	0.640	82,275.000000
20.454917	0.640	82,054.000000
20.465583	0.640	80,244.000000
20.476250	0.640	78,977.000000
20.486917	0.640	79,625.000000
20.497583	0.640	80,934.000000
20.508250	0.640	80,901.000000
20.518917	0.640	80,143.000000
20.529583	0.640	80,466.000000
20.540250	0.640	81,768.000000
20.550917	0.640	82,946.000000
20.561583	0.640	83,211.000000
20.572250	0.640	82,914.000000
20.582917	0.640	83,183.000000
20.593583	0.640	83,427.000000
20.604250	0.640	82,637.000000
20.614917	0.640	82,297.000000
20.625583	0.640	83,498.000000
20.636250	0.640	84,209.000000
20.646917	0.640	83,190.000000
20.657583	0.640	82,561.000000
20.668250	0.640	82,981.000000
20.678917	0.640	82,070.000000
20.689583	0.640	80,088.000000
20.700250	0.640	80,613.000000
20.710917	0.640	84,114.000000
20.721583	0.640	86,165.000000
20.732250	0.640	84,415.000000
20.742917	0.640	81,975.000000
20.753583	0.640	81,505.000000
20.764250	0.640	81,332.000000
20.774917	0.640	79,807.000000
20.785583	0.640	79,095.000000
20.796250	0.640	80,228.000000
20.806917	0.640	81,152.000000
20.817583	0.640	83,214.000000
20.828250	0.640	87,965.000000
20.838917	0.640	89,938.000000
20.849583	0.640	85,559.000000
20.860250	0.640	80,867.000000
20.870917	0.640	81,579.000000
20.881583	0.640	85,145.000000
20.892250	0.640	87,188.000000
20.902917	0.640	87,936.000000
20.913583	0.640	88,867.000000
20.924250	0.640	89,230.000000
20.934917	0.640	88,971.000000
20.945583	0.640	89,799.000000
20.956250	0.640	91,310.000000
20.966917	0.640	91,037.000000
20.977583	0.640	88,996.000000
20.988250	0.640	88,233.000000
20.998917	0.640	90,876.000000
21.009583	0.640	95,076.000000
21.020250	0.640	97,172.000000
21.030917	0.640	96,320.000000
21.041583	0.640	94,556.000000
21.052250	0.640	93,167.000000
21.062917	0.640	92,000.000000
21.073583	0.640	92,248.000000
21.084250	0.640	95,092.000000
21.094917	0.640	98,763.000000
21.105583	0.640	101,054.000000
21.116250	0.640	101,565.000000
21.126917	0.640	101,602.000000
21.137583	0.640	103,043.000000
21.148250	0.640	105,247.000000
21.158917	0.640	105,577.000000
21.169583	0.640	103,128.000000
21.180250	0.640	99,607.000000
21.190917	0.640	97,713.000000
21.201583	0.640	98,110.000000
21.212250	0.640	98,889.000000
21.222917	0.640	99,489.000000
21.233583	0.640	100,691.000000
21.244250	0.640	100,908.000000
21.254917	0.640	98,242.000000
21.265583	0.640	94,153.000000
21.276250	0.640	91,005.000000
21.286917	0.640	88,764.000000
21.297583	0.640	86,357.000000
21.308250	0.640	84,370.000000
21.318917	0.640	84,214.000000
21.329583	0.640	84,994.000000
21.340250	0.640	84,617.000000
21.350917	0.640	83,352.000000
21.361583	0.640	82,199.000000
21.372250	0.640	80,891.000000
21.382917	0.640	79,635.000000
21.393583	0.640	78,291.000000
21.404250	0.640	76,284.000000
21.414917	0.640	75,153.000000
21.425583	0.640	74,935.000000
21.436250	0.640	72,841.000000
21.446917	0.640	70,045.000000
21.457583	0.640	69,746.000000
21.468250	0.640	70,973.000000
21.478917	0.640	72,326.000000
21.489583	0.640	73,469.000000
21.500250	0.640	72,852.000000
21.510917	0.640	71,460.000000
21.521583	0.640	72,011.000000
21.532250	0.640	73,078.000000
21.542917	0.640	72,172.000000
21.553583	0.640	70,692.000000
21.564250	0.640	70,199.000000
21.574917	0.640	69,661.000000
21.585583	0.640	68,317.000000
21.596250	0.640	66,355.000000
21.606917	0.640	64,529.000000
21.617583	0.640	64,091.000000
21.628250	0.640	65,416.000000
21.638917	0.640	68,094.000000
21.649583	0.640	69,765.000000
21.660250	0.640	68,211.000000
21.670917	0.640	66,500.000000
21.681583	0.640	67,275.000000
21.692250	0.640	68,027.000000
21.702917	0.640	67,397.000000
21.713583	0.640	66,540.000000
21.724250	0.640	66,730.000000
21.734917	0.640	69,043.000000
21.745583	0.640	71,774.000000
21.756250	0.640	71,618.000000
21.766917	0.640	68,615.000000
21.777583	0.640	65,956.000000
21.788250	0.640	65,920.000000
21.798917	0.640	67,613.000000
21.809583	0.640	68,847.000000
21.820250	0.640	69,203.000000
21.830917	0.640	69,608.000000
21.841583	0.640	70,084.000000
21.852250	0.640	69,515.000000
21.862917	0.640	67,927.000000
21.873583	0.640	67,662.000000
21.884250	0.640	70,150.000000
21.894917	0.640	73,336.000000
21.905583	0.640	74,718.000000
21.916250	0.640	73,836.000000
21.926917	0.640	71,918.000000
21.937583	0.640	71,542.000000
21.948250	0.640	73,555.000000
21.958917	0.640	74,895.000000
21.969583	0.640	72,715.000000
21.980250	0.640	69,120.000000
21.990917	0.640	68,520.000000
22.001583	0.640	71,239.000000
22.012250	0.640	74,421.000000
22.022917	0.640	76,607.000000
22.033583	0.640	76,956.000000
22.044250	0.640	75,276.000000
22.054917	0.640	74,235.000000
22.065583	0.640	75,459.000000
22.076250	0.640	76,424.000000
22.086917	0.640	75,821.000000
22.097583	0.640	75,449.000000
22.108250	0.640	75,490.000000
22.118917	0.640	75,110.000000
22.129583	0.640	74,785.000000
22.140250	0.640	74,338.000000
22.150917	0.640	73,668.000000
22.161583	0.640	74,379.000000
22.172250	0.640	76,791.000000
22.182917	0.640	78,093.000000
22.193583	0.640	76,195.000000
22.204250	0.640	72,791.000000
22.214917	0.640	71,858.000000
22.225583	0.640	75,967.000000
22.236250	0.640	81,551.000000
22.246917	0.640	81,930.000000
22.257583	0.640	78,303.000000
22.268250	0.640	78,292.000000
22.278917	0.640	82,169.000000
22.289583	0.640	83,281.000000
22.300250	0.640	81,212.000000
22.310917	0.640	81,352.000000
22.321583	0.640	84,215.000000
22.332250	0.640	85,825.000000
22.342917	0.640	84,989.000000
22.353583	0.640	83,718.000000
22.364250	0.640	83,682.000000
22.374917	0.640	84,532.000000
22.385583	0.640	84,504.000000
22.396250	0.640	82,796.000000
22.406917	0.640	80,933.000000
22.417583	0.640	81,251.000000
22.428250	0.640	84,164.000000
22.438917	0.640	87,477.000000
22.449583	0.640	88,937.000000
22.460250	0.640	88,844.000000
22.470917	0.640	88,361.000000
22.481583	0.640	87,619.000000
22.492250	0.640	87,430.000000
22.502917	0.640	88,449.000000
22.513583	0.640	90,237.000000
22.524250	0.640	92,387.000000
22.534917	0.640	93,227.000000
22.545583	0.640	91,461.000000
22.556250	0.640	89,257.000000
22.566917	0.640	89,905.000000
22.577583	0.640	92,985.000000
22.588250	0.640	94,331.000000
22.598917	0.640	92,985.000000
22.609583	0.640	92,289.000000
22.620250	0.640	92,666.000000
22.630917	0.640	91,783.000000
22.641583	0.640	90,703.000000
22.652250	0.640	92,159.000000
22.662917	0.640	94,808.000000
22.673583	0.640	95,740.000000
22.684250	0.640	94,827.000000
22.694917	0.640	93,015.000000
22.705583	0.640	91,255.000000
22.716250	0.640	91,423.000000
22.726917	0.640	94,180.000000
22.737583	0.640	96,813.000000
22.748250	0.640	97,100.000000
22.758917	0.640	97,266.000000
22.769583	0.640	100,230.000000
22.780250	0.640	104,789.000000
22.790917	0.640	107,854.000000
22.801583	0.640	108,596.000000
22.812250	0.640	108,655.000000
22.822917	0.640	110,281.000000
22.833583	0.640	112,822.000000
22.844250	0.640	112,979.000000
22.854917	0.640	110,358.000000
22.865583	0.640	108,607.000000
22.876250	0.640	111,091.000000
22.886917	0.640	116,145.000000
22.897583	0.640	118,719.000000
22.908250	0.640	118,166.000000
22.918917	0.640	117,863.000000
22.929583	0.640	119,059.000000
22.940250	0.640	121,613.000000
22.950917	0.640	124,974.000000
22.961583	0.640	126,742.000000
22.972250	0.640	126,349.000000
22.982917	0.640	127,026.000000
22.993583	0.640	130,399.000000
23.004250	0.640	134,278.000000
23.014917	0.640	137,107.000000
23.025583	0.640	139,682.000000
23.036250	0.640	142,277.000000
23.046917	0.640	144,629.000000
23.057583	0.640	147,701.000000
23.068250	0.640	151,217.000000
23.078917	0.640	152,908.000000
23.089583	0.640	153,792.000000
23.100250	0.640	157,285.000000
23.110917	0.640	161,327.000000
23.121583	0.640	161,869.000000
23.132250	0.640	161,164.000000
23.142917	0.640	163,622.000000
23.153583	0.640	169,163.000000
23.164250	0.640	173,252.000000
23.174917	0.640	172,246.000000
23.185583	0.640	168,222.000000
23.196250	0.640	165,520.000000
23.206917	0.640	165,600.000000
23.217583	0.640	167,284.000000
23.228250	0.640	168,575.000000
23.238917	0.640	168,379.000000
23.249583	0.640	167,269.000000
23.260250	0.640	165,434.000000
23.270917	0.640	162,949.000000
23.281583	0.640	162,405.000000
23.292250	0.640	165,595.000000
23.302917	0.640	169,700.000000
23.313583	0.640	171,915.000000
23.324250	0.640	173,197.000000
23.334917	0.640	174,516.000000
23.345583	0.640	175,824.000000
23.356250	0.640	178,003.000000
23.366917	0.640	180,769.000000
23.377583	0.640	183,029.000000
23.388250	0.640	185,498.000000
23.398917	0.640	188,668.000000
23.409583	0.640	191,487.000000
23.420250	0.640	193,289.000000
23.430917	0.640	194,489.000000
23.441583	0.640	195,793.000000
23.452250	0.640	198,728.000000
23.462917	0.640	204,758.000000
23.473583	0.640	211,162.000000
23.484250	0.640	214,193.000000
23.494917	0.640	216,113.000000
23.505583	0.640	220,617.000000
23.516250	0.640	226,006.000000
23.526917	0.640	229,528.000000
23.537583	0.640	232,445.000000
23.548250	0.640	236,517.000000
23.558917	0.640	240,357.000000
23.569583	0.640	242,109.000000
23.580250	0.640	243,546.000000
23.590917	0.640	247,811.000000
23.601583	0.640	253,392.000000
23.612250	0.640	257,289.000000
23.622917	0.640	260,266.000000
23.633583	0.640	262,656.000000
23.644250	0.640	264,658.000000
23.654917	0.640	269,325.000000
23.665583	0.640	276,716.000000
23.676250	0.640	281,729.000000
23.686917	0.640	280,849.000000
23.697583	0.640	277,928.000000
23.708250	0.640	280,482.000000
23.718917	0.640	289,071.000000
23.729583	0.640	296,812.000000
23.740250	0.640	301,107.000000
23.750917	0.640	306,083.000000
23.761583	0.640	313,637.000000
23.772250	0.640	322,353.000000
23.782917	0.640	330,872.000000
23.793583	0.640	336,752.000000
23.804250	0.640	339,371.000000
23.814917	0.640	342,674.000000
23.825583	0.640	348,354.000000
23.836250	0.640	354,298.000000
23.846917	0.640	360,845.000000
23.857583	0.640	367,359.000000
23.868250	0.640	371,426.000000
23.878917	0.640	375,298.000000
23.889583	0.640	381,855.000000
23.900250	0.640	389,873.000000
23.910917	0.640	395,638.000000
23.921583	0.640	396,364.000000
23.932250	0.640	394,329.000000
23.942917	0.640	392,813.000000
23.953583	0.640	392,894.000000
23.964250	0.640	396,182.000000
23.974917	0.640	400,975.000000
23.985583	0.640	403,521.000000
23.996250	0.640	404,081.000000
24.006917	0.640	401,930.000000
24.017583	0.640	395,292.000000
24.028250	0.640	387,988.000000
24.038917	0.640	384,236.000000
24.049583	0.640	382,783.000000
24.060250	0.640	381,228.000000
24.070917	0.640	379,500.000000
24.081583	0.640	377,769.000000
24.092250	0.640	375,368.000000
24.102917	0.640	372,324.000000
24.113583	0.640	367,982.000000
24.124250	0.640	361,444.000000
24.134917	0.640	354,314.000000
24.145583	0.640	348,029.000000
24.156250	0.640	342,466.000000
24.166917	0.640	337,398.000000
24.177583	0.640	332,723.000000
24.188250	0.640	330,169.000000
24.198917	0.640	331,730.000000
24.209583	0.640	335,106.000000
24.220250	0.640	335,455.000000
24.230917	0.640	332,012.000000
24.241583	0.640	328,016.000000
24.252250	0.640	325,262.000000
24.262917	0.640	323,789.000000
24.273583	0.640	323,423.000000
24.284250	0.640	322,104.000000
24.294917	0.640	316,555.000000
24.305583	0.640	309,232.000000
24.316250	0.640	307,159.000000
24.326917	0.640	309,667.000000
24.337583	0.640	310,607.000000
24.348250	0.640	308,503.000000
24.358917	0.640	303,394.000000
24.369583	0.640	295,283.000000
24.380250	0.640	287,997.000000
24.390917	0.640	284,167.000000
24.401583	0.640	280,966.000000
24.412250	0.640	275,342.000000
24.422917	0.640	267,267.000000
24.433583	0.640	257,930.000000
24.444250	0.640	247,657.000000
24.454917	0.640	236,101.000000
24.465583	0.640	225,825.000000
24.476250	0.640	218,912.000000
24.486917	0.640	210,802.000000
24.497583	0.640	198,503.000000
24.508250	0.640	186,540.000000
24.518917	0.640	178,347.000000
24.529583	0.640	173,079.000000
24.540250	0.640	170,057.000000
24.550917	0.640	168,198.000000
24.561583	0.640	164,920.000000
24.572250	0.640	159,528.000000
24.582917	0.640	153,185.000000
24.593583	0.640	146,105.000000
24.604250	0.640	139,834.000000
24.614917	0.640	137,800.000000
24.625583	0.640	139,858.000000
24.636250	0.640	142,563.000000
24.646917	0.640	143,811.000000
24.657583	0.640	142,088.000000
24.668250	0.640	137,254.000000
24.678917	0.640	133,108.000000
24.689583	0.640	132,568.000000
24.700250	0.640	133,389.000000
24.710917	0.640	132,719.000000
24.721583	0.640	131,767.000000
24.732250	0.640	132,278.000000
24.742917	0.640	133,073.000000
24.753583	0.640	133,729.000000
24.764250	0.640	134,121.000000
24.774917	0.640	131,528.000000
24.785583	0.640	127,418.000000
24.796250	0.640	128,302.000000
24.806917	0.640	134,122.000000
24.817583	0.640	137,851.000000
24.828250	0.640	136,168.000000
24.838917	0.640	131,910.000000
24.849583	0.640	129,998.000000
24.860250	0.640	133,231.000000
24.870917	0.640	138,423.000000
24.881583	0.640	140,235.000000
24.892250	0.640	139,754.000000
24.902917	0.640	141,758.000000
24.913583	0.640	145,310.000000
24.924250	0.640	145,629.000000
24.934917	0.640	142,428.000000
24.945583	0.640	140,505.000000
24.956250	0.640	144,393.000000
24.966917	0.640	153,318.000000
24.977583	0.640	160,974.000000
24.988250	0.640	162,798.000000
24.998917	0.640	161,636.000000
25.009583	0.640	163,508.000000
25.020250	0.640	170,262.000000
25.030917	0.640	178,265.000000
25.041583	0.640	182,915.000000
25.052250	0.640	184,721.000000
25.062917	0.640	188,452.000000
25.073583	0.640	195,334.000000
25.084250	0.640	201,483.000000
25.094917	0.640	202,061.000000
25.105583	0.640	195,266.000000
25.116250	0.640	184,155.000000
25.126917	0.640	173,119.000000
25.137583	0.640	163,718.000000
25.148250	0.640	153,950.000000
25.158917	0.640	142,251.000000
25.169583	0.640	131,108.000000
25.180250	0.640	122,562.000000
25.190917	0.640	116,285.000000
25.201583	0.640	113,633.000000
25.212250	0.640	115,789.000000
25.222917	0.640	119,696.000000
25.233583	0.640	121,072.000000
25.244250	0.640	120,064.000000
25.254917	0.640	118,648.000000
25.265583	0.640	116,244.000000
25.276250	0.640	113,930.000000
25.286917	0.640	113,867.000000
25.297583	0.640	114,265.000000
25.308250	0.640	114,830.000000
25.318917	0.640	118,452.000000
25.329583	0.640	122,622.000000
25.340250	0.640	122,362.000000
25.350917	0.640	119,526.000000
25.361583	0.640	119,049.000000
25.372250	0.640	121,468.000000
25.382917	0.640	123,545.000000
25.393583	0.640	123,389.000000
25.404250	0.640	122,109.000000
25.414917	0.640	121,017.000000
25.425583	0.640	120,853.000000
25.436250	0.640	122,468.000000
25.446917	0.640	125,451.000000
25.457583	0.640	127,071.000000
25.468250	0.640	125,814.000000
25.478917	0.640	124,899.000000
25.489583	0.640	126,867.000000
25.500250	0.640	129,380.000000
25.510917	0.640	130,756.000000
25.521583	0.640	132,931.000000
25.532250	0.640	137,714.000000
25.542917	0.640	143,616.000000
25.553583	0.640	146,732.000000
25.564250	0.640	145,602.000000
25.574917	0.640	143,953.000000
25.585583	0.640	145,183.000000
25.596250	0.640	147,862.000000
25.606917	0.640	150,868.000000
25.617583	0.640	156,530.000000
25.628250	0.640	165,167.000000
25.638917	0.640	173,170.000000
25.649583	0.640	178,578.000000
25.660250	0.640	181,418.000000
25.670917	0.640	180,607.000000
25.681583	0.640	177,736.000000
25.692250	0.640	176,399.000000
25.702917	0.640	176,451.000000
25.713583	0.640	176,373.000000
25.724250	0.640	175,446.000000
25.734917	0.640	171,695.000000
25.745583	0.640	164,607.000000
25.756250	0.640	157,495.000000
25.766917	0.640	153,673.000000
25.777583	0.640	153,112.000000
25.788250	0.640	153,706.000000
25.798917	0.640	153,669.000000
25.809583	0.640	151,957.000000
25.820250	0.640	149,156.000000
25.830917	0.640	148,507.000000
25.841583	0.640	151,386.000000
25.852250	0.640	153,630.000000
25.862917	0.640	152,133.000000
25.873583	0.640	149,986.000000
25.884250	0.640	149,934.000000
25.894917	0.640	150,616.000000
25.905583	0.640	151,618.000000
25.916250	0.640	153,773.000000
25.926917	0.640	156,587.000000
25.937583	0.640	159,197.000000
25.948250	0.640	160,670.000000
25.958917	0.640	160,233.000000
25.969583	0.640	157,724.000000
25.980250	0.640	154,647.000000
25.990917	0.640	154,185.000000
26.001583	0.640	157,436.000000
26.012250	0.640	161,359.000000
26.022917	0.640	161,853.000000
26.033583	0.640	158,843.000000
26.044250	0.640	156,360.000000
26.054917	0.640	156,473.000000
26.065583	0.640	157,048.000000
26.076250	0.640	155,733.000000
26.086917	0.640	153,157.000000
26.097583	0.640	152,337.000000
26.108250	0.640	154,040.000000
26.118917	0.640	155,297.000000
26.129583	0.640	155,314.000000
26.140250	0.640	156,099.000000
26.150917	0.640	157,638.000000
26.161583	0.640	158,513.000000
26.172250	0.640	158,394.000000
26.182917	0.640	158,242.000000
26.193583	0.640	159,530.000000
26.204250	0.640	162,393.000000
26.214917	0.640	165,123.000000
26.225583	0.640	167,050.000000
26.236250	0.640	169,039.000000
26.246917	0.640	170,541.000000
26.257583	0.640	170,715.000000
26.268250	0.640	171,269.000000
26.278917	0.640	173,159.000000
26.289583	0.640	174,404.000000
26.300250	0.640	175,568.000000
26.310917	0.640	178,112.000000
26.321583	0.640	179,064.000000
26.332250	0.640	178,079.000000
26.342917	0.640	178,767.000000
26.353583	0.640	180,804.000000
26.364250	0.640	182,746.000000
26.374917	0.640	185,447.000000
26.385583	0.640	187,693.000000
26.396250	0.640	186,814.000000
26.406917	0.640	184,135.000000
26.417583	0.640	184,496.000000
26.428250	0.640	189,053.000000
26.438917	0.640	192,989.000000
26.449583	0.640	193,317.000000
26.460250	0.640	192,666.000000
26.470917	0.640	193,210.000000
26.481583	0.640	194,545.000000
26.492250	0.640	196,714.000000
26.502917	0.640	200,040.000000
26.513583	0.640	203,378.000000
26.524250	0.640	204,411.000000
26.534917	0.640	203,037.000000
26.545583	0.640	202,695.000000
26.556250	0.640	205,840.000000
26.566917	0.640	212,024.000000
26.577583	0.640	220,633.000000
26.588250	0.640	230,190.000000
26.598917	0.640	237,685.000000
26.609583	0.640	242,880.000000
26.620250	0.640	248,043.000000
26.630917	0.640	253,207.000000
26.641583	0.640	259,177.000000
26.652250	0.640	270,100.000000
26.662917	0.640	287,596.000000
26.673583	0.640	307,391.000000
26.684250	0.640	323,742.000000
26.694917	0.640	337,813.000000
26.705583	0.640	355,917.000000
26.716250	0.640	378,625.000000
26.726917	0.640	402,948.000000
26.737583	0.640	429,003.000000
26.748250	0.640	456,169.000000
26.758917	0.640	481,474.000000
26.769583	0.640	506,689.000000
26.780250	0.640	543,540.000000
26.790917	0.640	603,555.000000
26.801583	0.640	684,458.000000
26.812250	0.640	774,625.000000
26.822917	0.640	861,250.000000
26.833583	0.640	927,128.000000
26.844250	0.640	954,523.000000
26.854917	0.640	943,214.000000
26.865583	0.640	914,699.000000
26.876250	0.640	891,372.000000
26.886917	0.640	881,711.000000
26.897583	0.640	885,259.000000
26.908250	0.640	898,211.000000
26.918917	0.640	914,166.000000
26.929583	0.640	925,139.000000
26.940250	0.640	929,500.000000
26.950917	0.640	939,357.000000
26.961583	0.640	962,520.000000
26.972250	0.640	986,669.000000
26.982917	0.640	998,962.000000
26.993583	0.640	1,002,839.000000
27.004250	0.640	1,008,569.000000
27.014917	0.640	1,017,755.000000
27.025583	0.640	1,020,867.000000
27.036250	0.640	1,011,473.000000
27.046917	0.640	993,434.000000
27.057583	0.640	973,183.000000
27.068250	0.640	954,485.000000
27.078917	0.640	936,947.000000
27.089583	0.640	917,228.000000
27.100250	0.640	892,311.000000
27.110917	0.640	858,985.000000
27.121583	0.640	816,555.000000
27.132250	0.640	770,509.000000
27.142917	0.640	725,986.000000
27.153583	0.640	685,470.000000
27.164250	0.640	654,574.000000
27.174917	0.640	638,449.000000
27.185583	0.640	638,704.000000
27.196250	0.640	663,983.000000
27.206917	0.640	758,373.000000
27.217583	0.640	1,022,696.000000
27.228250	0.640	1,488,155.000000
27.238917	0.640	1,910,189.000000
27.249583	0.640	1,941,568.000000
27.260250	0.640	1,577,471.000000
27.270917	0.640	1,122,931.000000
27.281583	0.640	781,523.000000
27.292250	0.640	565,590.000000
27.302917	0.640	460,018.000000
27.313583	0.640	459,848.000000
27.324250	0.640	529,097.000000
27.334917	0.640	609,530.000000
27.345583	0.640	672,109.000000
27.356250	0.640	737,726.000000
27.366917	0.640	808,911.000000
27.377583	0.640	818,426.000000
27.388250	0.640	711,442.000000
27.398917	0.640	537,290.000000
27.409583	0.640	392,465.000000
27.420250	0.640	313,539.000000
27.430917	0.640	277,767.000000
27.441583	0.640	260,825.000000
27.452250	0.640	253,155.000000
27.462917	0.640	249,585.000000
27.473583	0.640	251,147.000000
27.484250	0.640	271,473.000000
27.494917	0.640	318,458.000000
27.505583	0.640	372,340.000000
27.516250	0.640	400,634.000000
27.526917	0.640	382,412.000000
27.537583	0.640	323,212.000000
27.548250	0.640	261,312.000000
27.558917	0.640	232,970.000000
27.569583	0.640	235,177.000000
27.580250	0.640	242,726.000000
27.590917	0.640	240,414.000000
27.601583	0.640	231,789.000000
27.612250	0.640	228,242.000000
27.622917	0.640	233,706.000000
27.633583	0.640	251,731.000000
27.644250	0.640	302,522.000000
27.654917	0.640	402,124.000000
27.665583	0.640	519,015.000000
27.676250	0.640	576,048.000000
27.686917	0.640	517,119.000000
27.697583	0.640	373,806.000000
27.708250	0.640	242,964.000000
27.718917	0.640	202,408.000000
27.729583	0.640	284,480.000000
27.740250	0.640	484,553.000000
27.750917	0.640	704,986.000000
27.761583	0.640	766,442.000000
27.772250	0.640	599,454.000000
27.782917	0.640	341,329.000000
27.793583	0.640	162,807.000000
27.804250	0.640	100,720.000000
27.814917	0.640	94,813.000000
27.825583	0.640	93,903.000000
27.836250	0.640	90,005.000000
27.846917	0.640	91,316.000000
27.857583	0.640	98,556.000000
27.868250	0.640	108,327.000000
27.878917	0.640	122,276.000000
27.889583	0.640	142,114.000000
27.900250	0.640	157,976.000000
27.910917	0.640	155,544.000000
27.921583	0.640	136,289.000000
27.932250	0.640	115,527.000000
27.942917	0.640	104,429.000000
27.953583	0.640	104,663.000000
27.964250	0.640	111,902.000000
27.974917	0.640	118,320.000000
27.985583	0.640	117,324.000000
27.996250	0.640	108,706.000000
28.006917	0.640	97,556.000000
28.017583	0.640	89,324.000000
28.028250	0.640	86,770.000000
28.038917	0.640	88,213.000000
28.049583	0.640	89,879.000000
28.060250	0.640	91,065.000000
28.070917	0.640	92,346.000000
28.081583	0.640	91,781.000000
28.092250	0.640	87,143.000000
28.102917	0.640	79,310.000000
28.113583	0.640	73,112.000000
28.124250	0.640	72,807.000000
28.134917	0.640	76,417.000000
28.145583	0.640	79,367.000000
28.156250	0.640	80,597.000000
28.166917	0.640	81,533.000000
28.177583	0.640	84,259.000000
28.188250	0.640	93,392.000000
28.198917	0.640	114,761.000000
28.209583	0.640	144,398.000000
28.220250	0.640	163,295.000000
28.230917	0.640	155,534.000000
28.241583	0.640	126,952.000000
28.252250	0.640	96,525.000000
28.262917	0.640	76,652.000000
28.273583	0.640	69,333.000000
28.284250	0.640	72,334.000000
28.294917	0.640	80,619.000000
28.305583	0.640	89,489.000000
28.316250	0.640	104,728.000000
28.326917	0.640	149,727.000000
28.337583	0.640	259,542.000000
28.348250	0.640	445,388.000000
28.358917	0.640	634,714.000000
28.369583	0.640	688,195.000000
28.380250	0.640	546,506.000000
28.390917	0.640	315,612.000000
28.401583	0.640	144,442.000000
28.412250	0.640	78,215.000000
28.422917	0.640	71,429.000000
28.433583	0.640	76,620.000000
28.444250	0.640	79,767.000000
28.454917	0.640	83,199.000000
28.465583	0.640	87,127.000000
28.476250	0.640	88,951.000000
28.486917	0.640	88,448.000000
28.497583	0.640	88,039.000000
28.508250	0.640	89,133.000000
28.518917	0.640	90,526.000000
28.529583	0.640	92,423.000000
28.540250	0.640	96,970.000000
28.550917	0.640	103,941.000000
28.561583	0.640	112,419.000000
28.572250	0.640	123,366.000000
28.582917	0.640	139,166.000000
28.593583	0.640	167,320.000000
28.604250	0.640	220,392.000000
28.614917	0.640	294,163.000000
28.625583	0.640	344,750.000000
28.636250	0.640	324,545.000000
28.646917	0.640	247,497.000000
28.657583	0.640	171,631.000000
28.668250	0.640	125,416.000000
28.678917	0.640	97,788.000000
28.689583	0.640	76,155.000000
28.700250	0.640	60,039.000000
28.710917	0.640	66,940.000000
28.721583	0.640	118,617.000000
28.732250	0.640	173,605.000000
28.742917	0.640	152,964.000000
28.753583	0.640	73,307.000000
28.764250	0.640	20,078.000000
28.774917	0.640	14,365.000000
28.785583	0.640	20,774.000000
28.796250	0.640	20,002.000000
28.806917	0.640	15,781.000000
28.817583	0.640	13,534.000000
28.828250	0.640	13,893.000000
28.838917	0.640	14,659.000000
28.849583	0.640	13,109.000000
28.860250	0.640	9,706.000000
28.870917	0.640	7,583.000000
28.881583	0.640	7,370.000000
28.892250	0.640	7,195.000000
28.902917	0.640	6,438.000000
28.913583	0.640	5,673.000000
28.924250	0.640	5,461.000000
28.934917	0.640	6,332.000000
28.945583	0.640	7,514.000000
28.956250	0.640	7,163.000000
28.966917	0.640	5,413.000000
28.977583	0.640	3,921.000000
28.988250	0.640	3,100.000000
28.998917	0.640	2,709.000000
29.009583	0.640	2,863.000000
29.020250	0.640	3,361.000000
29.030917	0.640	3,212.000000
29.041583	0.640	1,770.000000
29.052250	0.640	266.000000
29.062917	0.640	224.000000
29.073583	0.640	1,483.000000
29.084250	0.640	2,837.000000
29.094917	0.640	3,141.000000
29.105583	0.640	2,453.000000
29.116250	0.640	1,534.000000
29.126917	0.640	427.000000
29.137583	0.640	-283.000000
29.148250	0.640	445.000000
29.158917	0.640	1,431.000000
29.169583	0.640	656.000000
29.180250	0.640	-1,036.000000
29.190917	0.640	-1,306.000000
29.201583	0.640	-580.000000
29.212250	0.640	-932.000000
29.222917	0.640	-1,800.000000
29.233583	0.640	-1,465.000000
29.244250	0.640	-620.000000
29.254917	0.640	-931.000000
29.265583	0.640	-2,299.000000
29.276250	0.640	-2,739.000000
29.286917	0.640	-1,268.000000
29.297583	0.640	31.000000
29.308250	0.640	-554.000000
29.318917	0.640	-1,431.000000
29.329583	0.640	-819.000000
29.340250	0.640	269.000000
29.350917	0.640	41.000000
29.361583	0.640	-942.000000
29.372250	0.640	-978.000000
29.382917	0.640	-524.000000
29.393583	0.640	-716.000000
29.404250	0.640	-1,032.000000
29.414917	0.640	-1,321.000000
29.425583	0.640	-2,080.000000
29.436250	0.640	-2,831.000000
29.446917	0.640	-2,956.000000
29.457583	0.640	-2,364.000000
29.468250	0.640	-1,082.000000
29.478917	0.640	163.000000
29.489583	0.640	-59.000000
29.500250	0.640	-1,593.000000
29.510917	0.640	-2,454.000000
29.521583	0.640	-2,120.000000
29.532250	0.640	-2,014.000000
29.542917	0.640	-2,624.000000
29.553583	0.640	-3,043.000000
29.564250	0.640	-3,012.000000
29.574917	0.640	-3,112.000000
29.585583	0.640	-3,074.000000
29.596250	0.640	-2,150.000000
29.606917	0.640	-830.000000
29.617583	0.640	-227.000000
29.628250	0.640	-526.000000
29.638917	0.640	-1,284.000000
29.649583	0.640	-2,297.000000
29.660250	0.640	-2,850.000000
29.670917	0.640	-1,985.000000
29.681583	0.640	-1,024.000000
29.692250	0.640	-1,813.000000
29.702917	0.640	-2,772.000000
29.713583	0.640	-1,752.000000
29.724250	0.640	-151.000000
29.734917	0.640	-70.000000
29.745583	0.640	-1,053.000000
29.756250	0.640	-1,853.000000
29.766917	0.640	-1,825.000000
29.777583	0.640	-970.000000
29.788250	0.640	-408.000000
29.798917	0.640	-1,265.000000
29.809583	0.640	-3,153.000000
29.820250	0.640	-4,330.000000
29.830917	0.640	-3,775.000000
29.841583	0.640	-2,809.000000
29.852250	0.640	-2,850.000000
29.862917	0.640	-2,853.000000
29.873583	0.640	-1,983.000000
29.884250	0.640	-1,773.000000
29.894917	0.640	-2,489.000000
29.905583	0.640	-2,260.000000
29.916250	0.640	-1,010.000000
29.926917	0.640	-625.000000
29.937583	0.640	-1,515.000000
29.948250	0.640	-2,203.000000
29.958917	0.640	-2,339.000000
29.969583	0.640	-2,817.000000
29.980250	0.640	-3,092.000000
29.990917	0.640	-2,052.000000
30.001583	0.640	-843.000000
